209.9609
234.3750
234.3750
263.6719
263.6719
297.8516
297.8516
312.5000
312.5000
312.5000
312.5000
288.0859
288.0859
253.9062
253.9062
219.7266
219.7266
205.0781
205.0781
214.8437
214.8437
234.3750
234.3750
253.9062
253.9062
258.7891
258.7891
249.0234
249.0234
224.6094
224.6094
195.3125
195.3125
170.8984
170.8984
166.0156
166.0156
175.7812
175.7812
200.1953
200.1953
214.8437
214.8437
214.8437
214.8437
190.4297
190.4297
146.4844
146.4844
102.5391
102.5391
68.3594
68.3594
63.4766
63.4766
78.1250
78.1250
107.4219
107.4219
136.7187
136.7187
151.3672
151.3672
151.3672
151.3672
126.9531
126.9531
102.5391
102.5391
78.1250
78.1250
73.2422
73.2422
78.1250
78.1250
87.8906
87.8906
97.6562
97.6562
92.7734
92.7734
73.2422
73.2422
43.9453
43.9453
9.7656
9.7656
0.0000
0.0000
0.0000
0.0000
0.0000
0.0000
24.4141
24.4141
48.8281
48.8281
58.5937
58.5937
48.8281
48.8281
29.2969
29.2969
4.8828
4.8828
0.0000
0.0000
0.0000
0.0000
24.4141
24.4141
53.7109
53.7109
78.1250
78.1250
87.8906
87.8906
78.1250
78.1250
53.7109
53.7109
29.2969
29.2969
14.6484
14.6484
14.6484
14.6484
39.0625
39.0625
68.3594
68.3594
92.7734
92.7734
107.4219
107.4219
97.6562
97.6562
68.3594
68.3594
29.2969
29.2969
4.8828
4.8828
0.0000
0.0000
9.7656
9.7656
39.0625
39.0625
73.2422
73.2422
97.6562
97.6562
107.4219
107.4219
97.6562
97.6562
73.2422
73.2422
53.7109
53.7109
43.9453
43.9453
48.8281
48.8281
68.3594
68.3594
92.7734
92.7734
112.3047
112.3047
112.3047
112.3047
97.6562
97.6562
73.2422
73.2422
48.8281
48.8281
43.9453
43.9453
53.7109
53.7109
78.1250
78.1250
107.4219
107.4219
122.0703
122.0703
117.1875
117.1875
92.7734
92.7734
53.7109
53.7109
14.6484
14.6484
0.0000
0.0000
0.0000
0.0000
24.4141
24.4141
53.7109
53.7109
78.1250
78.1250
87.8906
87.8906
73.2422
73.2422
53.7109
53.7109
29.2969
29.2969
24.4141
24.4141
34.1797
34.1797
58.5937
58.5937
78.1250
78.1250
83.0078
83.0078
63.4766
63.4766
29.2969
29.2969
0.0000
0.0000
0.0000
0.0000
0.0000
0.0000
0.0000
0.0000
0.0000
0.0000
9.7656
9.7656
29.2969
29.2969
24.4141
24.4141
4.8828
4.8828
0.0000
0.0000
0.0000
0.0000
0.0000
0.0000
0.0000
0.0000
0.0000
0.0000
29.2969
29.2969
53.7109
53.7109
48.8281
48.8281
29.2969
29.2969
0.0000
0.0000
0.0000
0.0000
0.0000
0.0000
0.0000
0.0000
4.8828
4.8828
39.0625
39.0625
68.3594
68.3594
78.1250
78.1250
63.4766
63.4766
29.2969
29.2969
0.0000
0.0000
0.0000
0.0000
0.0000
0.0000
0.0000
0.0000
24.4141
24.4141
43.9453
43.9453
58.5937
58.5937
48.8281
48.8281
34.1797
34.1797
19.5312
19.5312
14.6484
14.6484
29.2969
29.2969
48.8281
48.8281
73.2422
73.2422
87.8906
87.8906
92.7734
92.7734
73.2422
73.2422
48.8281
48.8281
19.5312
19.5312
9.7656
9.7656
19.5312
19.5312
39.0625
39.0625
63.4766
63.4766
83.0078
83.0078
87.8906
87.8906
63.4766
63.4766
34.1797
34.1797
0.0000
0.0000
0.0000
0.0000
0.0000
0.0000
0.0000
0.0000
4.8828
4.8828
24.4141
24.4141
29.2969
29.2969
19.5312
19.5312
0.0000
0.0000
0.0000
0.0000
0.0000
0.0000
0.0000
0.0000
0.0000
0.0000
14.6484
14.6484
29.2969
29.2969
24.4141
24.4141
0.0000
0.0000
0.0000
0.0000
0.0000
0.0000
0.0000
0.0000
0.0000
0.0000
0.0000
0.0000
0.0000
0.0000
0.0000
0.0000
0.0000
0.0000
0.0000
0.0000
0.0000
0.0000
0.0000
0.0000
0.0000
0.0000
0.0000
0.0000
0.0000
0.0000
0.0000
0.0000
0.0000
0.0000
4.8828
4.8828
0.0000
0.0000
0.0000
0.0000
0.0000
0.0000
0.0000
0.0000
0.0000
0.0000
0.0000
0.0000
0.0000
0.0000
29.2969
29.2969
48.8281
48.8281
43.9453
43.9453
24.4141
24.4141
0.0000
0.0000
0.0000
0.0000
0.0000
0.0000
0.0000
0.0000
0.0000
0.0000
14.6484
14.6484
19.5312
19.5312
9.7656
9.7656
0.0000
0.0000
0.0000
0.0000
0.0000
0.0000
9.7656
9.7656
39.0625
39.0625
68.3594
68.3594
92.7734
92.7734
92.7734
92.7734
73.2422
73.2422
43.9453
43.9453
19.5312
19.5312
9.7656
9.7656
19.5312
19.5312
43.9453
43.9453
68.3594
68.3594
83.0078
83.0078
87.8906
87.8906
78.1250
78.1250
58.5937
58.5937
34.1797
34.1797
19.5312
19.5312
19.5312
19.5312
34.1797
34.1797
48.8281
48.8281
58.5937
58.5937
53.7109
53.7109
39.0625
39.0625
19.5312
19.5312
0.0000
0.0000
0.0000
0.0000
0.0000
0.0000
24.4141
24.4141
48.8281
48.8281
73.2422
73.2422
78.1250
78.1250
63.4766
63.4766
34.1797
34.1797
0.0000
0.0000
0.0000
0.0000
0.0000
0.0000
0.0000
0.0000
0.0000
0.0000
14.6484
14.6484
14.6484
14.6484
4.8828
4.8828
0.0000
0.0000
0.0000
0.0000
0.0000
0.0000
0.0000
0.0000
0.0000
0.0000
0.0000
0.0000
0.0000
0.0000
0.0000
0.0000
0.0000
0.0000
0.0000
0.0000
0.0000
0.0000
0.0000
0.0000
0.0000
0.0000
0.0000
0.0000
0.0000
0.0000
9.7656
9.7656
24.4141
24.4141
19.5312
19.5312
9.7656
9.7656
0.0000
0.0000
0.0000
0.0000
0.0000
0.0000
0.0000
0.0000
0.0000
0.0000
4.8828
4.8828
0.0000
0.0000
0.0000
0.0000
0.0000
0.0000
0.0000
0.0000
0.0000
0.0000
0.0000
0.0000
0.0000
0.0000
34.1797
34.1797
63.4766
63.4766
78.1250
78.1250
63.4766
63.4766
39.0625
39.0625
9.7656
9.7656
0.0000
0.0000
0.0000
0.0000
4.8828
4.8828
29.2969
29.2969
48.8281
48.8281
58.5937
58.5937
43.9453
43.9453
19.5312
19.5312
0.0000
0.0000
0.0000
0.0000
0.0000
0.0000
0.0000
0.0000
19.5312
19.5312
34.1797
34.1797
29.2969
29.2969
9.7656
9.7656
0.0000
0.0000
0.0000
0.0000
0.0000
0.0000
0.0000
0.0000
0.0000
0.0000
0.0000
0.0000
29.2969
29.2969
34.1797
34.1797
29.2969
29.2969
4.8828
4.8828
0.0000
0.0000
0.0000
0.0000
0.0000
0.0000
0.0000
0.0000
0.0000
0.0000
0.0000
0.0000
0.0000
0.0000
0.0000
0.0000
0.0000
0.0000
0.0000
0.0000
0.0000
0.0000
0.0000
0.0000
0.0000
0.0000
0.0000
0.0000
0.0000
0.0000
0.0000
0.0000
0.0000
0.0000
0.0000
0.0000
0.0000
0.0000
0.0000
0.0000
0.0000
0.0000
0.0000
0.0000
0.0000
0.0000
14.6484
24.4141
24.4141
19.5312
19.5312
0.0000
0.0000
0.0000
0.0000
0.0000
0.0000
0.0000
0.0000
0.0000
4.8828
4.8828
29.2969
29.2969
43.9453
43.9453
48.8281
29.2969
29.2969
4.8828
4.8828
0.0000
0.0000
0.0000
0.0000
0.0000
0.0000
0.0000
4.8828
4.8828
43.9453
78.1250
78.1250
102.5391
102.5391
102.5391
102.5391
83.0078
83.0078
53.7109
53.7109
29.2969
29.2969
19.5312
19.5312
29.2969
29.2969
53.7109
53.7109
78.1250
78.1250
92.7734
92.7734
87.8906
87.8906
63.4766
63.4766
39.0625
39.0625
19.5312
19.5312
19.5312
19.5312
39.0625
39.0625
63.4766
63.4766
92.7734
92.7734
97.6562
97.6562
78.1250
78.1250
43.9453
43.9453
0.0000
0.0000
0.0000
0.0000
0.0000
0.0000
0.0000
0.0000
19.5312
19.5312
48.8281
48.8281
63.4766
63.4766
63.4766
63.4766
39.0625
39.0625
14.6484
14.6484
0.0000
0.0000
0.0000
0.0000
0.0000
0.0000
19.5312
19.5312
29.2969
29.2969
24.4141
24.4141
9.7656
9.7656
0.0000
0.0000
0.0000
0.0000
0.0000
0.0000
0.0000
0.0000
0.0000
0.0000
0.0000
0.0000
0.0000
0.0000
0.0000
0.0000
0.0000
0.0000
0.0000
0.0000
0.0000
0.0000
0.0000
0.0000
0.0000
0.0000
0.0000
0.0000
0.0000
0.0000
14.6484
14.6484
24.4141
24.4141
14.6484
14.6484
0.0000
0.0000
0.0000
0.0000
0.0000
0.0000
0.0000
0.0000
0.0000
0.0000
9.7656
9.7656
39.0625
39.0625
53.7109
53.7109
43.9453
43.9453
19.5312
19.5312
0.0000
0.0000
0.0000
0.0000
0.0000
0.0000
0.0000
0.0000
0.0000
0.0000
29.2969
29.2969
53.7109
53.7109
58.5937
58.5937
43.9453
43.9453
14.6484
14.6484
0.0000
0.0000
0.0000
0.0000
0.0000
0.0000
19.5312
19.5312
39.0625
39.0625
53.7109
53.7109
53.7109
53.7109
34.1797
34.1797
9.7656
9.7656
0.0000
0.0000
0.0000
0.0000
4.8828
4.8828
29.2969
29.2969
58.5937
58.5937
73.2422
73.2422
63.4766
63.4766
29.2969
29.2969
0.0000
0.0000
0.0000
0.0000
0.0000
0.0000
0.0000
0.0000
0.0000
0.0000
0.0000
0.0000
4.8828
4.8828
9.7656
9.7656
0.0000
0.0000
0.0000
0.0000
0.0000
0.0000
0.0000
0.0000
0.0000
0.0000
0.0000
0.0000
0.0000
0.0000
4.8828
4.8828
0.0000
0.0000
0.0000
0.0000
0.0000
0.0000
0.0000
0.0000
0.0000
0.0000
0.0000
0.0000
0.0000
0.0000
0.0000
0.0000
0.0000
0.0000
0.0000
0.0000
0.0000
0.0000
0.0000
0.0000
0.0000
0.0000
0.0000
0.0000
0.0000
0.0000
0.0000
0.0000
0.0000
0.0000
14.6484
14.6484
9.7656
9.7656
0.0000
0.0000
0.0000
0.0000
0.0000
0.0000
0.0000
0.0000
0.0000
0.0000
0.0000
0.0000
19.5312
19.5312
48.8281
48.8281
53.7109
53.7109
39.0625
39.0625
9.7656
9.7656
0.0000
0.0000
0.0000
0.0000
0.0000
0.0000
0.0000
0.0000
19.5312
19.5312
43.9453
43.9453
53.7109
53.7109
48.8281
48.8281
29.2969
29.2969
14.6484
14.6484
9.7656
9.7656
24.4141
24.4141
48.8281
48.8281
73.2422
73.2422
87.8906
87.8906
87.8906
87.8906
68.3594
68.3594
43.9453
43.9453
24.4141
24.4141
19.5312
19.5312
29.2969
29.2969
48.8281
48.8281
73.2422
73.2422
87.8906
87.8906
92.7734
92.7734
78.1250
78.1250
48.8281
48.8281
19.5312
19.5312
0.0000
0.0000
0.0000
0.0000
14.6484
14.6484
34.1797
34.1797
48.8281
48.8281
53.7109
53.7109
43.9453
43.9453
24.4141
24.4141
4.8828
4.8828
0.0000
0.0000
14.6484
14.6484
39.0625
39.0625
63.4766
63.4766
78.1250
78.1250
73.2422
73.2422
43.9453
43.9453
4.8828
4.8828
0.0000
0.0000
0.0000
0.0000
0.0000
0.0000
0.0000
0.0000
0.0000
0.0000
19.5312
19.5312
19.5312
19.5312
0.0000
0.0000
0.0000
0.0000
0.0000
0.0000
0.0000
0.0000
0.0000
0.0000
0.0000
0.0000
0.0000
0.0000
19.5312
19.5312
29.2969
29.2969
14.6484
14.6484
0.0000
0.0000
0.0000
0.0000
0.0000
0.0000
0.0000
0.0000
0.0000
0.0000
0.0000
0.0000
24.4141
24.4141
34.1797
34.1797
24.4141
24.4141
0.0000
0.0000
0.0000
0.0000
0.0000
0.0000
0.0000
0.0000
0.0000
0.0000
0.0000
0.0000
9.7656
9.7656
14.6484
14.6484
4.8828
4.8828
0.0000
0.0000
0.0000
0.0000
0.0000
0.0000
9.7656
9.7656
39.0625
39.0625
73.2422
73.2422
83.0078
83.0078
78.1250
78.1250
53.7109
53.7109
24.4141
24.4141
0.0000
0.0000
0.0000
0.0000
0.0000
0.0000
19.5312
19.5312
43.9453
43.9453
58.5937
58.5937
58.5937
58.5937
34.1797
34.1797
14.6484
14.6484
0.0000
0.0000
0.0000
0.0000
0.0000
0.0000
0.0000
0.0000
9.7656
9.7656
19.5312
19.5312
14.6484
14.6484
0.0000
0.0000
0.0000
0.0000
0.0000
0.0000
0.0000
0.0000
0.0000
0.0000
0.0000
0.0000
4.8828
4.8828
24.4141
24.4141
24.4141
24.4141
9.7656
9.7656
0.0000
0.0000
0.0000
0.0000
0.0000
0.0000
0.0000
0.0000
0.0000
0.0000
0.0000
0.0000
0.0000
0.0000
0.0000
0.0000
0.0000
0.0000
0.0000
0.0000
0.0000
0.0000
0.0000
0.0000
0.0000
0.0000
0.0000
0.0000
0.0000
0.0000
0.0000
0.0000
0.0000
0.0000
0.0000
0.0000
0.0000
0.0000
0.0000
0.0000
0.0000
0.0000
0.0000
0.0000
0.0000
0.0000
0.0000
0.0000
0.0000
0.0000
4.8828
4.8828
4.8828
4.8828
0.0000
0.0000
0.0000
0.0000
0.0000
0.0000
0.0000
0.0000
0.0000
0.0000
4.8828
4.8828
14.6484
14.6484
9.7656
9.7656
0.0000
0.0000
0.0000
0.0000
0.0000
0.0000
0.0000
0.0000
0.0000
0.0000
4.8828
4.8828
43.9453
43.9453
73.2422
73.2422
83.0078
83.0078
68.3594
68.3594
39.0625
39.0625
14.6484
14.6484
4.8828
4.8828
9.7656
9.7656
29.2969
29.2969
58.5937
58.5937
78.1250
78.1250
83.0078
83.0078
68.3594
68.3594
43.9453
43.9453
24.4141
24.4141
19.5312
19.5312
24.4141
24.4141
48.8281
48.8281
68.3594
68.3594
83.0078
83.0078
73.2422
73.2422
48.8281
48.8281
19.5312
19.5312
0.0000
0.0000
0.0000
0.0000
0.0000
0.0000
14.6484
14.6484
39.0625
39.0625
68.3594
68.3594
78.1250
78.1250
68.3594
68.3594
48.8281
48.8281
24.4141
24.4141
9.7656
9.7656
4.8828
4.8828
14.6484
14.6484
24.4141
24.4141
34.1797
34.1797
29.2969
29.2969
14.6484
14.6484
0.0000
0.0000
0.0000
0.0000
0.0000
0.0000
0.0000
0.0000
0.0000
0.0000
0.0000
0.0000
0.0000
0.0000
0.0000
0.0000
0.0000
0.0000
0.0000
0.0000
0.0000
0.0000
0.0000
0.0000
0.0000
0.0000
0.0000
0.0000
4.8828
4.8828
24.4141
24.4141
24.4141
24.4141
14.6484
14.6484
0.0000
0.0000
0.0000
0.0000
0.0000
0.0000
0.0000
0.0000
0.0000
0.0000
24.4141
24.4141
43.9453
43.9453
43.9453
43.9453
24.4141
24.4141
0.0000
0.0000
0.0000
0.0000
0.0000
0.0000
0.0000
0.0000
0.0000
0.0000
29.2969
29.2969
63.4766
63.4766
83.0078
83.0078
73.2422
73.2422
53.7109
53.7109
19.5312
19.5312
0.0000
0.0000
0.0000
0.0000
4.8828
4.8828
34.1797
34.1797
53.7109
53.7109
68.3594
68.3594
58.5937
58.5937
34.1797
34.1797
9.7656
9.7656
0.0000
0.0000
0.0000
0.0000
14.6484
14.6484
43.9453
43.9453
63.4766
63.4766
68.3594
68.3594
43.9453
43.9453
4.8828
4.8828
0.0000
0.0000
0.0000
0.0000
0.0000
0.0000
0.0000
0.0000
0.0000
0.0000
4.8828
4.8828
19.5312
19.5312
14.6484
14.6484
0.0000
0.0000
0.0000
0.0000
0.0000
0.0000
0.0000
0.0000
0.0000
0.0000
0.0000
0.0000
0.0000
0.0000
0.0000
0.0000
0.0000
0.0000
0.0000
0.0000
0.0000
0.0000
0.0000
0.0000
0.0000
0.0000
0.0000
0.0000
0.0000
0.0000
0.0000
0.0000
0.0000
0.0000
0.0000
0.0000
0.0000
0.0000
0.0000
0.0000
0.0000
0.0000
0.0000
0.0000
0.0000
0.0000
0.0000
0.0000
19.5312
19.5312
24.4141
24.4141
9.7656
9.7656
0.0000
0.0000
0.0000
0.0000
0.0000
0.0000
0.0000
0.0000
0.0000
0.0000
9.7656
9.7656
39.0625
39.0625
53.7109
53.7109
43.9453
43.9453
14.6484
14.6484
0.0000
0.0000
0.0000
0.0000
0.0000
0.0000
0.0000
0.0000
0.0000
0.0000
29.2969
53.7109
53.7109
53.7109
53.7109
39.0625
39.0625
39.0625
14.6484
14.6484
0.0000
0.0000
0.0000
0.0000
4.8828
4.8828
24.4141
24.4141
48.8281
48.8281
68.3594
63.4766
63.4766
48.8281
48.8281
24.4141
24.4141
24.4141
4.8828
4.8828
4.8828
4.8828
19.5312
19.5312
48.8281
48.8281
78.1250
78.1250
92.7734
87.8906
87.8906
58.5937
58.5937
19.5312
19.5312
0.0000
0.0000
0.0000
0.0000
0.0000
0.0000
0.0000
0.0000
24.4141
24.4141
24.4141
43.9453
43.9453
43.9453
29.2969
29.2969
4.8828
4.8828
0.0000
0.0000
0.0000
0.0000
4.8828
4.8828
29.2969
29.2969
53.7109
53.7109
53.7109
53.7109
34.1797
34.1797
0.0000
0.0000
0.0000
0.0000
0.0000
0.0000
0.0000
0.0000
0.0000
0.0000
0.0000
0.0000
0.0000
0.0000
9.7656
9.7656
0.0000
0.0000
0.0000
0.0000
0.0000
0.0000
0.0000
0.0000
0.0000
0.0000
0.0000
0.0000
0.0000
0.0000
14.6484
14.6484
29.2969
29.2969
24.4141
24.4141
0.0000
0.0000
0.0000
0.0000
0.0000
0.0000
0.0000
0.0000
0.0000
0.0000
0.0000
0.0000
24.4141
24.4141
48.8281
48.8281
53.7109
53.7109
34.1797
34.1797
0.0000
0.0000
0.0000
0.0000
0.0000
0.0000
0.0000
0.0000
0.0000
0.0000
4.8828
4.8828
24.4141
24.4141
24.4141
24.4141
14.6484
14.6484
0.0000
0.0000
0.0000
0.0000
0.0000
0.0000
14.6484
14.6484
43.9453
43.9453
68.3594
68.3594
78.1250
78.1250
73.2422
73.2422
53.7109
53.7109
29.2969
29.2969
9.7656
9.7656
4.8828
4.8828
19.5312
19.5312
39.0625
39.0625
58.5937
58.5937
68.3594
68.3594
63.4766
63.4766
43.9453
43.9453
14.6484
14.6484
0.0000
0.0000
0.0000
0.0000
0.0000
0.0000
0.0000
0.0000
9.7656
9.7656
24.4141
24.4141
24.4141
24.4141
9.7656
9.7656
0.0000
0.0000
0.0000
0.0000
0.0000
0.0000
0.0000
0.0000
9.7656
9.7656
34.1797
34.1797
43.9453
43.9453
34.1797
34.1797
0.0000
0.0000
0.0000
0.0000
0.0000
0.0000
0.0000
0.0000
0.0000
0.0000
0.0000
0.0000
0.0000
0.0000
0.0000
0.0000
0.0000
0.0000
0.0000
0.0000
0.0000
0.0000
0.0000
0.0000
0.0000
0.0000
0.0000
0.0000
0.0000
0.0000
0.0000
0.0000
0.0000
0.0000
0.0000
0.0000
0.0000
0.0000
0.0000
0.0000
0.0000
0.0000
0.0000
0.0000
0.0000
0.0000
0.0000
0.0000
0.0000
0.0000
24.4141
24.4141
34.1797
34.1797
34.1797
34.1797
14.6484
14.6484
0.0000
0.0000
0.0000
0.0000
0.0000
0.0000
0.0000
0.0000
4.8828
4.8828
14.6484
14.6484
14.6484
14.6484
4.8828
4.8828
0.0000
0.0000
0.0000
0.0000
0.0000
0.0000
14.6484
14.6484
43.9453
43.9453
78.1250
78.1250
92.7734
92.7734
87.8906
87.8906
63.4766
63.4766
34.1797
34.1797
14.6484
14.6484
9.7656
9.7656
19.5312
19.5312
43.9453
43.9453
68.3594
68.3594
83.0078
83.0078
78.1250
78.1250
58.5937
58.5937
34.1797
34.1797
14.6484
14.6484
9.7656
9.7656
19.5312
19.5312
34.1797
34.1797
48.8281
48.8281
48.8281
48.8281
39.0625
39.0625
14.6484
14.6484
0.0000
0.0000
0.0000
0.0000
0.0000
0.0000
0.0000
0.0000
14.6484
14.6484
43.9453
43.9453
58.5937
58.5937
58.5937
58.5937
43.9453
43.9453
14.6484
14.6484
0.0000
0.0000
0.0000
0.0000
0.0000
0.0000
0.0000
0.0000
0.0000
0.0000
0.0000
0.0000
0.0000
0.0000
0.0000
0.0000
0.0000
0.0000
0.0000
0.0000
0.0000
0.0000
0.0000
0.0000
0.0000
0.0000
0.0000
0.0000
0.0000
0.0000
0.0000
0.0000
0.0000
0.0000
0.0000
0.0000
0.0000
0.0000
0.0000
0.0000
0.0000
0.0000
0.0000
0.0000
0.0000
0.0000
14.6484
14.6484
9.7656
9.7656
0.0000
0.0000
0.0000
0.0000
0.0000
0.0000
0.0000
0.0000
0.0000
0.0000
0.0000
0.0000
4.8828
4.8828
14.6484
14.6484
4.8828
4.8828
0.0000
0.0000
0.0000
0.0000
0.0000
0.0000
0.0000
0.0000
0.0000
0.0000
0.0000
0.0000
29.2969
29.2969
58.5937
58.5937
63.4766
63.4766
48.8281
48.8281
19.5312
19.5312
0.0000
0.0000
0.0000
0.0000
0.0000
0.0000
4.8828
4.8828
34.1797
34.1797
53.7109
53.7109
58.5937
58.5937
43.9453
43.9453
19.5312
19.5312
0.0000
0.0000
0.0000
0.0000
0.0000
0.0000
19.5312
19.5312
43.9453
43.9453
53.7109
53.7109
39.0625
39.0625
9.7656
9.7656
0.0000
0.0000
0.0000
0.0000
0.0000
0.0000
0.0000
0.0000
0.0000
0.0000
0.0000
0.0000
24.4141
24.4141
29.2969
29.2969
14.6484
14.6484
0.0000
0.0000
0.0000
0.0000
0.0000
0.0000
0.0000
0.0000
0.0000
0.0000
0.0000
0.0000
0.0000
0.0000
0.0000
0.0000
0.0000
0.0000
0.0000
0.0000
0.0000
0.0000
0.0000
0.0000
0.0000
0.0000
0.0000
0.0000
0.0000
0.0000
0.0000
0.0000
0.0000
0.0000
0.0000
0.0000
0.0000
0.0000
0.0000
0.0000
0.0000
0.0000
0.0000
0.0000
0.0000
0.0000
14.6484
14.6484
29.2969
29.2969
29.2969
29.2969
14.6484
14.6484
0.0000
0.0000
0.0000
0.0000
0.0000
0.0000
0.0000
0.0000
9.7656
9.7656
39.0625
39.0625
53.7109
53.7109
53.7109
53.7109
34.1797
34.1797
0.0000
0.0000
0.0000
0.0000
0.0000
0.0000
0.0000
0.0000
4.8828
4.8828
48.8281
48.8281
83.0078
83.0078
102.5391
102.5391
92.7734
92.7734
68.3594
68.3594
39.0625
39.0625
19.5312
19.5312
19.5312
19.5312
34.1797
34.1797
63.4766
63.4766
87.8906
87.8906
102.5391
102.5391
92.7734
92.7734
68.3594
68.3594
39.0625
39.0625
24.4141
24.4141
29.2969
29.2969
48.8281
48.8281
83.0078
83.0078
102.5391
102.5391
107.4219
107.4219
78.1250
78.1250
39.0625
39.0625
0.0000
0.0000
0.0000
0.0000
0.0000
0.0000
0.0000
0.0000
19.5312
19.5312
48.8281
48.8281
63.4766
63.4766
53.7109
53.7109
34.1797
34.1797
4.8828
4.8828
0.0000
0.0000
0.0000
0.0000
9.7656
9.7656
29.2969
29.2969
39.0625
39.0625
29.2969
29.2969
0.0000
0.0000
0.0000
0.0000
0.0000
0.0000
0.0000
0.0000
0.0000
0.0000
0.0000
0.0000
0.0000
0.0000
0.0000
0.0000
0.0000
0.0000
0.0000
0.0000
0.0000
0.0000
0.0000
0.0000
0.0000
0.0000
0.0000
0.0000
0.0000
0.0000
0.0000
0.0000
19.5312
19.5312
24.4141
24.4141
9.7656
9.7656
0.0000
0.0000
0.0000
0.0000
0.0000
0.0000
0.0000
0.0000
0.0000
0.0000
9.7656
9.7656
43.9453
43.9453
48.8281
48.8281
39.0625
39.0625
4.8828
4.8828
0.0000
0.0000
0.0000
0.0000
0.0000
0.0000
0.0000
0.0000
0.0000
0.0000
14.6484
14.6484
34.1797
34.1797
34.1797
34.1797
19.5312
19.5312
0.0000
0.0000
0.0000
0.0000
0.0000
0.0000
0.0000
0.0000
24.4141
24.4141
43.9453
43.9453
58.5937
58.5937
48.8281
48.8281
29.2969
29.2969
4.8828
4.8828
0.0000
0.0000
0.0000
0.0000
0.0000
0.0000
24.4141
24.4141
48.8281
48.8281
63.4766
63.4766
53.7109
53.7109
19.5312
19.5312
0.0000
0.0000
0.0000
0.0000
0.0000
0.0000
0.0000
0.0000
0.0000
0.0000
0.0000
0.0000
4.8828
4.8828
4.8828
4.8828
0.0000
0.0000
0.0000
0.0000
0.0000
0.0000
0.0000
0.0000
0.0000
0.0000
0.0000
0.0000
9.7656
9.7656
14.6484
14.6484
0.0000
0.0000
0.0000
0.0000
0.0000
0.0000
0.0000
0.0000
0.0000
0.0000
0.0000
0.0000
0.0000
0.0000
0.0000
0.0000
0.0000
0.0000
0.0000
0.0000
0.0000
0.0000
0.0000
0.0000
0.0000
0.0000
0.0000
0.0000
0.0000
0.0000
0.0000
0.0000
0.0000
0.0000
4.8828
4.8828
4.8828
4.8828
0.0000
0.0000
0.0000
0.0000
0.0000
0.0000
0.0000
0.0000
0.0000
0.0000
0.0000
0.0000
29.2969
29.2969
53.7109
53.7109
58.5937
58.5937
43.9453
43.9453
9.7656
9.7656
0.0000
0.0000
0.0000
0.0000
0.0000
0.0000
4.8828
4.8828
24.4141
24.4141
39.0625
39.0625
43.9453
43.9453
29.2969
29.2969
14.6484
14.6484
4.8828
4.8828
14.6484
14.6484
34.1797
34.1797
63.4766
63.4766
83.0078
83.0078
97.6562
97.6562
87.8906
87.8906
73.2422
73.2422
48.8281
48.8281
34.1797
34.1797
34.1797
34.1797
48.8281
48.8281
73.2422
73.2422
92.7734
92.7734
102.5391
102.5391
97.6562
97.6562
78.1250
78.1250
48.8281
48.8281
24.4141
24.4141
14.6484
14.6484
19.5312
19.5312
34.1797
34.1797
48.8281
58.5937
58.5937
58.5937
53.7109
53.7109
39.0625
39.0625
19.5312
19.5312
4.8828
4.8828
4.8828
4.8828
19.5312
19.5312
43.9453
43.9453
68.3594
68.3594
73.2422
73.2422
58.5937
58.5937
29.2969
29.2969
0.0000
0.0000
0.0000
0.0000
0.0000
0.0000
0.0000
0.0000
0.0000
0.0000
0.0000
0.0000
4.8828
0.0000
0.0000
0.0000
0.0000
0.0000
0.0000
0.0000
0.0000
0.0000
0.0000
0.0000
0.0000
0.0000
0.0000
0.0000
0.0000
0.0000
0.0000
4.8828
4.8828
0.0000
0.0000
0.0000
0.0000
0.0000
0.0000
0.0000
0.0000
0.0000
0.0000
0.0000
0.0000
0.0000
0.0000
14.6484
14.6484
19.5312
19.5312
9.7656
9.7656
0.0000
0.0000
0.0000
0.0000
0.0000
0.0000
0.0000
0.0000
0.0000
0.0000
0.0000
0.0000
0.0000
0.0000
0.0000
0.0000
0.0000
0.0000
0.0000
0.0000
0.0000
0.0000
0.0000
0.0000
0.0000
0.0000
0.0000
0.0000
0.0000
0.0000
0.0000
0.0000
0.0000
0.0000
0.0000
0.0000
0.0000
0.0000
0.0000
0.0000
0.0000
0.0000
0.0000
0.0000
0.0000
0.0000
0.0000
0.0000
0.0000
0.0000
0.0000
0.0000
0.0000
0.0000
0.0000
0.0000
0.0000
0.0000
0.0000
0.0000
0.0000
0.0000
0.0000
0.0000
0.0000
0.0000
0.0000
0.0000
0.0000
0.0000
0.0000
0.0000
68.3594
68.3594
302.7344
302.7344
566.4062
566.4062
839.8437
839.8437
1074.2187
1074.2187
1206.0547
1206.0547
1171.8750
1171.8750
957.0312
957.0312
595.7031
595.7031
146.4844
146.4844
0.0000
0.0000
0.0000
0.0000
0.0000
0.0000
0.0000
0.0000
0.0000
0.0000
0.0000
0.0000
0.0000
0.0000
0.0000
0.0000
0.0000
0.0000
0.0000
0.0000
0.0000
0.0000
0.0000
0.0000
0.0000
0.0000
0.0000
0.0000
0.0000
0.0000
0.0000
0.0000
0.0000
0.0000
0.0000
0.0000
0.0000
0.0000
0.0000
0.0000
0.0000
0.0000
0.0000
0.0000
0.0000
0.0000
0.0000
0.0000
0.0000
0.0000
87.8906
87.8906
317.3828
317.3828
532.2266
532.2266
722.6562
722.6562
913.0859
913.0859
1083.9844
1083.9844
1225.5859
1225.5859
1308.5937
1308.5937
1303.7109
1303.7109
1210.9375
1210.9375
1025.3906
1025.3906
751.9531
751.9531
385.7422
385.7422
0.0000
0.0000
0.0000
0.0000
0.0000
0.0000
0.0000
0.0000
0.0000
0.0000
0.0000
0.0000
0.0000
0.0000
0.0000
0.0000
0.0000
0.0000
0.0000
0.0000
0.0000
0.0000
0.0000
0.0000
0.0000
0.0000
0.0000
0.0000
0.0000
0.0000
0.0000
0.0000
0.0000
0.0000
0.0000
0.0000
0.0000
0.0000
0.0000
0.0000
0.0000
0.0000
0.0000
0.0000
0.0000
0.0000
0.0000
0.0000
0.0000
0.0000
0.0000
0.0000
0.0000
0.0000
0.0000
0.0000
14.6484
14.6484
297.8516
297.8516
556.6406
556.6406
771.4844
771.4844
937.5000
937.5000
1059.5703
1059.5703
1142.5781
1142.5781
1181.6406
1181.6406
1210.9375
1210.9375
1245.1172
1245.1172
1279.2969
1279.2969
1264.6484
1264.6484
1142.5781
1142.5781
869.1406
869.1406
454.1016
454.1016
0.0000
0.0000
0.0000
0.0000
0.0000
0.0000
0.0000
0.0000
0.0000
0.0000
0.0000
0.0000
0.0000
0.0000
0.0000
0.0000
0.0000
0.0000
0.0000
0.0000
0.0000
0.0000
0.0000
0.0000
0.0000
0.0000
0.0000
0.0000
0.0000
0.0000
0.0000
0.0000
0.0000
0.0000
0.0000
0.0000
0.0000
0.0000
297.8516
297.8516
600.5859
600.5859
898.4375
898.4375
1176.7578
1176.7578
1420.8984
1420.8984
1630.8594
1630.8594
1791.9922
1791.9922
1923.8281
1923.8281
2021.4844
2021.4844
2109.3750
2109.3750
2192.3828
2192.3828
2275.3906
2275.3906
2353.5156
2353.5156
2397.4609
2397.4609
2382.8125
2382.8125
2294.9219
2294.9219
2128.9062
2128.9062
1870.1172
1870.1172
1513.6719
1513.6719
1044.9219
1044.9219
483.3984
483.3984
0.0000
0.0000
0.0000
0.0000
0.0000
0.0000
0.0000
0.0000
0.0000
0.0000
0.0000
0.0000
0.0000
0.0000
0.0000
0.0000
0.0000
0.0000
0.0000
0.0000
0.0000
0.0000
