366.2109
366.2109
410.1562
410.1562
454.1016
454.1016
498.0469
498.0469
546.8750
546.8750
585.9375
585.9375
615.2344
615.2344
620.1172
620.1172
600.5859
600.5859
541.9922
541.9922
444.3359
444.3359
312.5000
312.5000
161.1328
161.1328
9.7656
9.7656
0.0000
0.0000
0.0000
0.0000
0.0000
0.0000
0.0000
0.0000
0.0000
0.0000
0.0000
0.0000
0.0000
0.0000
0.0000
0.0000
0.0000
0.0000
0.0000
0.0000
0.0000
0.0000
0.0000
0.0000
0.0000
0.0000
0.0000
0.0000
0.0000
0.0000
0.0000
0.0000
0.0000
0.0000
0.0000
0.0000
0.0000
0.0000
9.7656
9.7656
34.1797
34.1797
58.5937
58.5937
83.0078
83.0078
117.1875
117.1875
151.3672
151.3672
195.3125
195.3125
239.2578
239.2578
283.2031
283.2031
327.1484
327.1484
371.0937
371.0937
400.3906
400.3906
415.0391
415.0391
385.7422
385.7422
317.3828
317.3828
219.7266
219.7266
92.7734
92.7734
0.0000
0.0000
0.0000
0.0000
0.0000
0.0000
0.0000
0.0000
0.0000
0.0000
0.0000
0.0000
0.0000
0.0000
0.0000
0.0000
0.0000
0.0000
0.0000
0.0000
0.0000
0.0000
0.0000
0.0000
0.0000
0.0000
0.0000
0.0000
0.0000
0.0000
0.0000
0.0000
0.0000
0.0000
0.0000
0.0000
0.0000
0.0000
0.0000
0.0000
0.0000
0.0000
0.0000
0.0000
0.0000
0.0000
0.0000
0.0000
24.4141
24.4141
58.5937
58.5937
92.7734
92.7734
131.8359
131.8359
170.8984
170.8984
219.7266
219.7266
263.6719
263.6719
312.5000
312.5000
346.6797
346.6797
371.0937
371.0937
375.9766
375.9766
341.7969
341.7969
268.5547
268.5547
166.0156
166.0156
39.0625
39.0625
0.0000
0.0000
0.0000
0.0000
0.0000
0.0000
0.0000
0.0000
0.0000
0.0000
0.0000
0.0000
0.0000
0.0000
0.0000
0.0000
0.0000
0.0000
0.0000
0.0000
0.0000
0.0000
0.0000
0.0000
0.0000
0.0000
0.0000
0.0000
0.0000
0.0000
0.0000
0.0000
0.0000
0.0000
0.0000
0.0000
0.0000
0.0000
0.0000
0.0000
4.8828
4.8828
29.2969
29.2969
53.7109
53.7109
78.1250
78.1250
107.4219
107.4219
141.6016
141.6016
180.6641
180.6641
219.7266
219.7266
263.6719
263.6719
302.7344
302.7344
341.7969
341.7969
371.0937
371.0937
385.7422
385.7422
366.2109
366.2109
312.5000
312.5000
234.3750
234.3750
131.8359
131.8359
19.5312
19.5312
0.0000
0.0000
0.0000
0.0000
0.0000
0.0000
0.0000
0.0000
0.0000
0.0000
0.0000
0.0000
0.0000
0.0000
0.0000
0.0000
0.0000
0.0000
0.0000
0.0000
0.0000
0.0000
0.0000
0.0000
0.0000
0.0000
0.0000
0.0000
0.0000
0.0000
53.7109
53.7109
112.3047
112.3047
156.2500
156.2500
190.4297
190.4297
209.9609
209.9609
234.3750
234.3750
253.9062
253.9062
278.3203
278.3203
312.5000
312.5000
341.7969
341.7969
380.8594
380.8594
424.8047
424.8047
463.8672
463.8672
512.6953
512.6953
556.6406
556.6406
585.9375
585.9375
600.5859
600.5859
585.9375
585.9375
541.9922
541.9922
463.8672
463.8672
351.5625
351.5625
219.7266
219.7266
78.1250
78.1250
0.0000
0.0000
0.0000
0.0000
0.0000
0.0000
0.0000
0.0000
0.0000
0.0000
0.0000
0.0000
0.0000
0.0000
0.0000
0.0000
0.0000
0.0000
0.0000
0.0000
0.0000
0.0000
0.0000
0.0000
0.0000
0.0000
0.0000
0.0000
0.0000
0.0000
0.0000
0.0000
39.0625
39.0625
78.1250
78.1250
112.3047
112.3047
136.7187
136.7187
161.1328
161.1328
185.5469
185.5469
214.8437
214.8437
244.1406
244.1406
278.3203
278.3203
322.2656
322.2656
361.3281
361.3281
405.2734
405.2734
449.2187
449.2187
488.2812
488.2812
512.6953
512.6953
502.9297
502.9297
458.9844
458.9844
380.8594
380.8594
273.4375
273.4375
141.6016
141.6016
4.8828
4.8828
0.0000
0.0000
0.0000
0.0000
0.0000
0.0000
0.0000
0.0000
0.0000
0.0000
0.0000
0.0000
0.0000
0.0000
0.0000
0.0000
0.0000
0.0000
0.0000
0.0000
0.0000
0.0000
0.0000
0.0000
0.0000
0.0000
0.0000
0.0000
0.0000
0.0000
0.0000
0.0000
0.0000
0.0000
0.0000
0.0000
0.0000
0.0000
0.0000
0.0000
4.8828
4.8828
24.4141
24.4141
48.8281
48.8281
78.1250
78.1250
112.3047
112.3047
151.3672
185.5469
185.5469
185.5469
229.4922
229.4922
268.5547
268.5547
317.3828
317.3828
361.3281
361.3281
395.5078
395.5078
419.9219
419.9219
419.9219
385.7422
385.7422
385.7422
312.5000
209.9609
209.9609
83.0078
83.0078
0.0000
0.0000
0.0000
0.0000
0.0000
0.0000
0.0000
0.0000
0.0000
0.0000
0.0000
0.0000
0.0000
0.0000
0.0000
0.0000
0.0000
0.0000
0.0000
0.0000
0.0000
0.0000
0.0000
0.0000
0.0000
0.0000
0.0000
0.0000
0.0000
0.0000
0.0000
0.0000
0.0000
0.0000
19.5312
19.5312
53.7109
53.7109
78.1250
78.1250
102.5391
102.5391
122.0703
122.0703
151.3672
151.3672
175.7812
175.7812
209.9609
209.9609
244.1406
244.1406
278.3203
278.3203
317.3828
317.3828
356.4453
356.4453
400.3906
400.3906
439.4531
439.4531
468.7500
468.7500
473.6328
473.6328
444.3359
444.3359
375.9766
375.9766
278.3203
278.3203
161.1328
161.1328
29.2969
29.2969
0.0000
0.0000
0.0000
0.0000
0.0000
0.0000
0.0000
0.0000
0.0000
0.0000
0.0000
0.0000
0.0000
0.0000
0.0000
0.0000
0.0000
0.0000
0.0000
0.0000
0.0000
0.0000
0.0000
0.0000
0.0000
0.0000
0.0000
0.0000
0.0000
0.0000
0.0000
0.0000
0.0000
0.0000
29.2969
29.2969
58.5937
58.5937
78.1250
78.1250
92.7734
92.7734
112.3047
112.3047
131.8359
131.8359
161.1328
161.1328
195.3125
195.3125
229.4922
229.4922
273.4375
273.4375
312.5000
312.5000
356.4453
356.4453
390.6250
390.6250
429.6875
429.6875
454.1016
454.1016
458.9844
458.9844
444.3359
444.3359
390.6250
390.6250
297.8516
297.8516
175.7812
175.7812
43.9453
43.9453
0.0000
0.0000
0.0000
0.0000
0.0000
0.0000
0.0000
0.0000
0.0000
0.0000
0.0000
0.0000
0.0000
0.0000
0.0000
0.0000
0.0000
0.0000
0.0000
0.0000
0.0000
0.0000
0.0000
0.0000
0.0000
0.0000
0.0000
0.0000
0.0000
0.0000
0.0000
0.0000
0.0000
0.0000
24.4141
24.4141
58.5937
58.5937
83.0078
83.0078
107.4219
107.4219
126.9531
126.9531
146.4844
146.4844
170.8984
170.8984
205.0781
205.0781
239.2578
239.2578
278.3203
278.3203
322.2656
322.2656
366.2109
366.2109
410.1562
410.1562
444.3359
444.3359
458.9844
458.9844
449.2187
449.2187
400.3906
400.3906
317.3828
317.3828
205.0781
205.0781
78.1250
78.1250
0.0000
0.0000
0.0000
0.0000
0.0000
0.0000
0.0000
0.0000
0.0000
0.0000
0.0000
0.0000
0.0000
0.0000
0.0000
0.0000
0.0000
0.0000
0.0000
0.0000
0.0000
0.0000
0.0000
0.0000
0.0000
0.0000
0.0000
0.0000
0.0000
0.0000
0.0000
0.0000
0.0000
0.0000
0.0000
0.0000
24.4141
24.4141
48.8281
48.8281
73.2422
73.2422
92.7734
92.7734
117.1875
117.1875
151.3672
151.3672
185.5469
185.5469
219.7266
219.7266
258.7891
258.7891
297.8516
297.8516
336.9141
336.9141
380.8594
380.8594
424.8047
424.8047
463.8672
463.8672
483.3984
483.3984
473.6328
473.6328
434.5703
434.5703
351.5625
351.5625
244.1406
244.1406
112.3047
112.3047
0.0000
0.0000
0.0000
0.0000
0.0000
0.0000
0.0000
0.0000
0.0000
0.0000
0.0000
0.0000
0.0000
0.0000
0.0000
0.0000
0.0000
0.0000
0.0000
0.0000
0.0000
0.0000
0.0000
0.0000
0.0000
0.0000
0.0000
0.0000
0.0000
0.0000
0.0000
0.0000
0.0000
0.0000
0.0000
0.0000
24.4141
24.4141
58.5937
58.5937
87.8906
87.8906
112.3047
112.3047
136.7187
136.7187
166.0156
166.0156
200.1953
200.1953
234.3750
234.3750
273.4375
273.4375
312.5000
312.5000
356.4453
356.4453
400.3906
400.3906
439.4531
439.4531
458.9844
458.9844
458.9844
458.9844
424.8047
424.8047
361.3281
361.3281
273.4375
273.4375
161.1328
161.1328
34.1797
34.1797
0.0000
0.0000
0.0000
0.0000
0.0000
0.0000
0.0000
0.0000
0.0000
0.0000
0.0000
0.0000
0.0000
0.0000
0.0000
0.0000
0.0000
0.0000
0.0000
0.0000
0.0000
0.0000
0.0000
0.0000
0.0000
0.0000
0.0000
0.0000
0.0000
0.0000
87.8906
87.8906
166.0156
166.0156
219.7266
219.7266
253.9062
253.9062
278.3203
278.3203
297.8516
297.8516
322.2656
322.2656
346.6797
346.6797
375.9766
375.9766
410.1562
410.1562
444.3359
444.3359
483.3984
483.3984
527.3437
527.3437
571.2891
571.2891
610.3516
610.3516
644.5312
644.5312
654.2969
654.2969
629.8828
629.8828
576.1719
576.1719
483.3984
483.3984
356.4453
356.4453
205.0781
205.0781
53.7109
53.7109
0.0000
0.0000
0.0000
0.0000
0.0000
0.0000
0.0000
0.0000
0.0000
0.0000
0.0000
0.0000
0.0000
0.0000
0.0000
0.0000
0.0000
0.0000
0.0000
0.0000
0.0000
0.0000
0.0000
0.0000
0.0000
0.0000
0.0000
0.0000
0.0000
0.0000
0.0000
0.0000
0.0000
0.0000
9.7656
9.7656
39.0625
39.0625
63.4766
63.4766
83.0078
83.0078
107.4219
107.4219
136.7187
136.7187
170.8984
170.8984
209.9609
209.9609
244.1406
244.1406
283.2031
283.2031
322.2656
322.2656
366.2109
366.2109
410.1562
410.1562
444.3359
444.3359
458.9844
458.9844
444.3359
444.3359
390.6250
390.6250
297.8516
297.8516
180.6641
180.6641
48.8281
48.8281
0.0000
0.0000
0.0000
0.0000
0.0000
0.0000
0.0000
0.0000
0.0000
0.0000
0.0000
0.0000
0.0000
0.0000
0.0000
0.0000
0.0000
0.0000
0.0000
0.0000
0.0000
0.0000
0.0000
0.0000
0.0000
0.0000
0.0000
0.0000
0.0000
0.0000
0.0000
0.0000
9.7656
9.7656
68.3594
68.3594
102.5391
102.5391
131.8359
131.8359
151.3672
151.3672
175.7812
175.7812
205.0781
205.0781
234.3750
234.3750
273.4375
273.4375
307.6172
307.6172
346.6797
346.6797
390.6250
390.6250
434.5703
434.5703
473.6328
473.6328
517.5781
517.5781
546.8750
546.8750
556.6406
556.6406
532.2266
532.2266
468.7500
468.7500
366.2109
366.2109
234.3750
234.3750
83.0078
83.0078
0.0000
0.0000
0.0000
0.0000
0.0000
0.0000
0.0000
0.0000
0.0000
0.0000
0.0000
0.0000
0.0000
0.0000
0.0000
0.0000
0.0000
0.0000
0.0000
0.0000
0.0000
0.0000
0.0000
0.0000
0.0000
0.0000
0.0000
0.0000
0.0000
0.0000
0.0000
0.0000
0.0000
0.0000
0.0000
0.0000
4.8828
4.8828
34.1797
34.1797
58.5937
58.5937
83.0078
83.0078
112.3047
112.3047
146.4844
146.4844
185.5469
185.5469
219.7266
219.7266
263.6719
263.6719
302.7344
302.7344
346.6797
346.6797
390.6250
390.6250
429.6875
429.6875
454.1016
454.1016
454.1016
454.1016
410.1562
410.1562
332.0312
332.0312
224.6094
224.6094
87.8906
87.8906
0.0000
0.0000
0.0000
0.0000
0.0000
0.0000
0.0000
0.0000
0.0000
0.0000
0.0000
0.0000
0.0000
0.0000
0.0000
0.0000
0.0000
0.0000
0.0000
0.0000
0.0000
0.0000
0.0000
0.0000
0.0000
0.0000
0.0000
0.0000
0.0000
0.0000
0.0000
0.0000
0.0000
0.0000
0.0000
0.0000
0.0000
0.0000
0.0000
0.0000
0.0000
0.0000
0.0000
0.0000
0.0000
0.0000
9.7656
9.7656
39.0625
39.0625
73.2422
73.2422
112.3047
112.3047
156.2500
156.2500
200.1953
200.1953
244.1406
244.1406
283.2031
283.2031
317.3828
317.3828
332.0312
332.0312
322.2656
322.2656
283.2031
283.2031
214.8437
214.8437
112.3047
112.3047
0.0000
0.0000
0.0000
0.0000
0.0000
0.0000
0.0000
0.0000
0.0000
0.0000
0.0000
0.0000
0.0000
0.0000
0.0000
0.0000
0.0000
0.0000
0.0000
0.0000
0.0000
0.0000
0.0000
0.0000
0.0000
0.0000
0.0000
0.0000
0.0000
0.0000
0.0000
0.0000
0.0000
0.0000
0.0000
0.0000
0.0000
0.0000
24.4141
24.4141
53.7109
53.7109
73.2422
73.2422
92.7734
92.7734
112.3047
112.3047
141.6016
141.6016
170.8984
170.8984
205.0781
205.0781
244.1406
244.1406
288.0859
288.0859
332.0312
332.0312
375.9766
375.9766
415.0391
415.0391
444.3359
444.3359
444.3359
444.3359
410.1562
410.1562
336.9141
336.9141
234.3750
234.3750
117.1875
117.1875
0.0000
0.0000
0.0000
0.0000
0.0000
0.0000
0.0000
0.0000
0.0000
0.0000
0.0000
0.0000
0.0000
0.0000
0.0000
0.0000
0.0000
0.0000
0.0000
0.0000
0.0000
0.0000
0.0000
0.0000
0.0000
0.0000
0.0000
0.0000
0.0000
0.0000
0.0000
0.0000
0.0000
0.0000
0.0000
0.0000
34.1797
34.1797
63.4766
63.4766
87.8906
87.8906
107.4219
107.4219
131.8359
151.3672
151.3672
151.3672
180.6641
180.6641
209.9609
209.9609
244.1406
244.1406
283.2031
283.2031
322.2656
322.2656
366.2109
366.2109
410.1562
410.1562
458.9844
458.9844
498.0469
527.3437
527.3437
527.3437
532.2266
532.2266
507.8125
507.8125
439.4531
439.4531
332.0312
332.0312
195.3125
195.3125
58.5937
58.5937
0.0000
0.0000
0.0000
0.0000
0.0000
0.0000
0.0000
0.0000
0.0000
0.0000
0.0000
0.0000
0.0000
0.0000
0.0000
0.0000
0.0000
0.0000
0.0000
0.0000
0.0000
0.0000
0.0000
0.0000
0.0000
0.0000
0.0000
0.0000
0.0000
0.0000
0.0000
39.0625
39.0625
83.0078
83.0078
117.1875
117.1875
141.6016
141.6016
170.8984
170.8984
200.1953
200.1953
229.4922
229.4922
253.9062
253.9062
288.0859
288.0859
322.2656
322.2656
366.2109
366.2109
405.2734
405.2734
449.2187
449.2187
488.2812
488.2812
517.5781
517.5781
512.6953
512.6953
478.5156
478.5156
400.3906
400.3906
297.8516
297.8516
175.7812
175.7812
43.9453
43.9453
0.0000
0.0000
0.0000
0.0000
0.0000
0.0000
0.0000
0.0000
0.0000
0.0000
0.0000
0.0000
0.0000
0.0000
0.0000
0.0000
0.0000
0.0000
0.0000
0.0000
0.0000
0.0000
0.0000
0.0000
0.0000
0.0000
0.0000
0.0000
0.0000
0.0000
0.0000
0.0000
58.5937
58.5937
107.4219
107.4219
136.7187
136.7187
156.2500
156.2500
180.6641
180.6641
200.1953
200.1953
224.6094
224.6094
258.7891
258.7891
297.8516
297.8516
332.0312
332.0312
371.0937
371.0937
410.1562
410.1562
454.1016
454.1016
498.0469
498.0469
537.1094
537.1094
561.5234
561.5234
576.1719
576.1719
571.2891
571.2891
527.3437
527.3437
444.3359
444.3359
317.3828
317.3828
170.8984
170.8984
24.4141
24.4141
0.0000
0.0000
0.0000
0.0000
0.0000
0.0000
0.0000
0.0000
0.0000
0.0000
0.0000
0.0000
0.0000
0.0000
0.0000
0.0000
0.0000
0.0000
0.0000
0.0000
0.0000
0.0000
0.0000
0.0000
0.0000
0.0000
0.0000
0.0000
0.0000
0.0000
14.6484
14.6484
68.3594
68.3594
107.4219
107.4219
136.7187
136.7187
161.1328
161.1328
180.6641
180.6641
209.9609
209.9609
234.3750
234.3750
273.4375
273.4375
312.5000
312.5000
351.5625
351.5625
395.5078
395.5078
439.4531
439.4531
478.5156
478.5156
517.5781
517.5781
537.1094
537.1094
527.3437
527.3437
478.5156
478.5156
395.5078
395.5078
283.2031
283.2031
151.3672
151.3672
9.7656
9.7656
0.0000
0.0000
0.0000
0.0000
0.0000
0.0000
0.0000
0.0000
0.0000
0.0000
0.0000
0.0000
0.0000
0.0000
0.0000
0.0000
0.0000
0.0000
0.0000
0.0000
0.0000
0.0000
0.0000
0.0000
0.0000
0.0000
0.0000
0.0000
0.0000
0.0000
0.0000
0.0000
24.4141
24.4141
73.2422
73.2422
107.4219
107.4219
131.8359
131.8359
151.3672
151.3672
175.7812
175.7812
205.0781
205.0781
234.3750
234.3750
268.5547
268.5547
297.8516
297.8516
332.0312
332.0312
371.0937
371.0937
415.0391
415.0391
454.1016
454.1016
478.5156
478.5156
488.2812
488.2812
468.7500
468.7500
419.9219
419.9219
336.9141
336.9141
224.6094
224.6094
87.8906
87.8906
0.0000
0.0000
0.0000
0.0000
0.0000
0.0000
0.0000
0.0000
0.0000
0.0000
0.0000
0.0000
0.0000
0.0000
0.0000
0.0000
0.0000
0.0000
0.0000
0.0000
0.0000
0.0000
0.0000
0.0000
0.0000
0.0000
0.0000
0.0000
0.0000
0.0000
0.0000
0.0000
0.0000
0.0000
48.8281
48.8281
92.7734
92.7734
122.0703
122.0703
151.3672
151.3672
180.6641
180.6641
209.9609
209.9609
239.2578
239.2578
278.3203
278.3203
322.2656
322.2656
366.2109
366.2109
410.1562
410.1562
449.2187
449.2187
483.3984
483.3984
517.5781
517.5781
527.3437
527.3437
507.8125
507.8125
449.2187
449.2187
356.4453
356.4453
229.4922
229.4922
87.8906
87.8906
0.0000
0.0000
0.0000
0.0000
0.0000
0.0000
0.0000
0.0000
0.0000
0.0000
0.0000
0.0000
0.0000
0.0000
0.0000
0.0000
0.0000
0.0000
0.0000
0.0000
0.0000
0.0000
0.0000
0.0000
0.0000
0.0000
0.0000
0.0000
0.0000
0.0000
4.8828
4.8828
68.3594
68.3594
117.1875
117.1875
151.3672
151.3672
180.6641
180.6641
200.1953
200.1953
219.7266
219.7266
249.0234
249.0234
283.2031
283.2031
322.2656
322.2656
361.3281
361.3281
405.2734
405.2734
449.2187
449.2187
502.9297
502.9297
546.8750
546.8750
581.0547
581.0547
590.8203
590.8203
571.2891
571.2891
512.6953
512.6953
415.0391
415.0391
278.3203
278.3203
117.1875
117.1875
0.0000
0.0000
0.0000
0.0000
0.0000
0.0000
0.0000
0.0000
0.0000
0.0000
0.0000
0.0000
0.0000
0.0000
0.0000
0.0000
0.0000
0.0000
0.0000
0.0000
0.0000
0.0000
0.0000
0.0000
0.0000
0.0000
0.0000
0.0000
0.0000
0.0000
0.0000
0.0000
0.0000
0.0000
0.0000
0.0000
0.0000
0.0000
0.0000
0.0000
14.6484
14.6484
39.0625
39.0625
63.4766
63.4766
87.8906
87.8906
117.1875
117.1875
151.3672
151.3672
195.3125
195.3125
234.3750
234.3750
278.3203
278.3203
317.3828
317.3828
341.7969
341.7969
332.0312
332.0312
283.2031
283.2031
195.3125
195.3125
83.0078
83.0078
0.0000
0.0000
0.0000
0.0000
0.0000
0.0000
0.0000
0.0000
0.0000
0.0000
0.0000
0.0000
0.0000
0.0000
0.0000
0.0000
0.0000
0.0000
0.0000
0.0000
0.0000
0.0000
0.0000
0.0000
0.0000
0.0000
0.0000
0.0000
0.0000
0.0000
0.0000
0.0000
0.0000
0.0000
0.0000
0.0000
0.0000
0.0000
0.0000
0.0000
0.0000
0.0000
0.0000
0.0000
0.0000
0.0000
9.7656
9.7656
39.0625
39.0625
68.3594
68.3594
102.5391
102.5391
141.6016
141.6016
175.7812
175.7812
219.7266
219.7266
258.7891
258.7891
302.7344
302.7344
336.9141
336.9141
356.4453
356.4453
351.5625
351.5625
317.3828
317.3828
249.0234
249.0234
141.6016
141.6016
19.5312
19.5312
0.0000
0.0000
0.0000
0.0000
0.0000
0.0000
0.0000
0.0000
0.0000
0.0000
0.0000
0.0000
0.0000
0.0000
0.0000
0.0000
0.0000
0.0000
0.0000
0.0000
0.0000
0.0000
0.0000
0.0000
0.0000
0.0000
0.0000
0.0000
0.0000
0.0000
0.0000
0.0000
14.6484
14.6484
68.3594
68.3594
112.3047
112.3047
141.6016
141.6016
166.0156
166.0156
190.4297
190.4297
219.7266
219.7266
249.0234
249.0234
288.0859
288.0859
327.1484
327.1484
366.2109
366.2109
410.1562
410.1562
449.2187
449.2187
483.3984
483.3984
502.9297
502.9297
493.1641
493.1641
444.3359
444.3359
356.4453
356.4453
239.2578
239.2578
102.5391
102.5391
0.0000
0.0000
0.0000
0.0000
0.0000
0.0000
0.0000
0.0000
0.0000
0.0000
0.0000
0.0000
0.0000
0.0000
0.0000
0.0000
0.0000
0.0000
0.0000
0.0000
0.0000
0.0000
0.0000
0.0000
0.0000
0.0000
0.0000
0.0000
0.0000
0.0000
0.0000
0.0000
0.0000
0.0000
0.0000
0.0000
0.0000
0.0000
0.0000
0.0000
0.0000
0.0000
0.0000
0.0000
0.0000
0.0000
0.0000
0.0000
24.4141
24.4141
53.7109
53.7109
92.7734
92.7734
131.8359
131.8359
170.8984
170.8984
214.8437
214.8437
258.7891
258.7891
297.8516
297.8516
332.0312
332.0312
341.7969
341.7969
327.1484
327.1484
278.3203
278.3203
190.4297
190.4297
78.1250
78.1250
0.0000
0.0000
0.0000
0.0000
0.0000
0.0000
0.0000
0.0000
0.0000
0.0000
0.0000
0.0000
0.0000
0.0000
0.0000
0.0000
0.0000
0.0000
0.0000
0.0000
0.0000
0.0000
0.0000
0.0000
0.0000
0.0000
0.0000
0.0000
0.0000
0.0000
0.0000
0.0000
0.0000
0.0000
0.0000
0.0000
0.0000
0.0000
0.0000
0.0000
0.0000
0.0000
0.0000
0.0000
9.7656
9.7656
29.2969
29.2969
53.7109
53.7109
83.0078
83.0078
117.1875
117.1875
156.2500
156.2500
195.3125
195.3125
239.2578
239.2578
283.2031
283.2031
322.2656
322.2656
356.4453
356.4453
361.3281
361.3281
336.9141
336.9141
278.3203
278.3203
190.4297
190.4297
87.8906
87.8906
0.0000
0.0000
0.0000
0.0000
0.0000
0.0000
0.0000
0.0000
0.0000
0.0000
0.0000
0.0000
0.0000
0.0000
0.0000
0.0000
0.0000
0.0000
0.0000
0.0000
0.0000
0.0000
0.0000
0.0000
0.0000
0.0000
0.0000
0.0000
0.0000
0.0000
0.0000
0.0000
0.0000
0.0000
0.0000
0.0000
14.6484
14.6484
48.8281
48.8281
73.2422
73.2422
92.7734
92.7734
112.3047
112.3047
131.8359
131.8359
161.1328
161.1328
195.3125
195.3125
229.4922
229.4922
268.5547
268.5547
312.5000
312.5000
356.4453
356.4453
405.2734
405.2734
449.2187
449.2187
483.3984
483.3984
502.9297
502.9297
493.1641
493.1641
444.3359
444.3359
361.3281
361.3281
249.0234
249.0234
117.1875
117.1875
0.0000
0.0000
0.0000
0.0000
0.0000
0.0000
0.0000
0.0000
0.0000
0.0000
0.0000
0.0000
0.0000
0.0000
0.0000
0.0000
0.0000
0.0000
0.0000
0.0000
0.0000
0.0000
0.0000
0.0000
0.0000
0.0000
0.0000
0.0000
0.0000
0.0000
43.9453
43.9453
102.5391
102.5391
151.3672
151.3672
185.5469
185.5469
209.9609
209.9609
234.3750
234.3750
258.7891
288.0859
288.0859
288.0859
317.3828
317.3828
346.6797
346.6797
380.8594
380.8594
419.9219
419.9219
458.9844
458.9844
498.0469
498.0469
527.3437
527.3437
541.9922
541.9922
522.4609
468.7500
468.7500
468.7500
385.7422
385.7422
283.2031
283.2031
161.1328
161.1328
34.1797
34.1797
0.0000
0.0000
0.0000
0.0000
0.0000
0.0000
0.0000
0.0000
0.0000
0.0000
0.0000
0.0000
0.0000
0.0000
0.0000
0.0000
0.0000
0.0000
0.0000
0.0000
0.0000
0.0000
0.0000
0.0000
0.0000
0.0000
0.0000
53.7109
53.7109
131.8359
131.8359
195.3125
195.3125
239.2578
239.2578
268.5547
268.5547
297.8516
297.8516
317.3828
317.3828
341.7969
341.7969
366.2109
366.2109
400.3906
400.3906
439.4531
439.4531
478.5156
478.5156
522.4609
522.4609
566.4062
566.4062
610.3516
610.3516
649.4141
649.4141
673.8281
673.8281
683.5937
683.5937
659.1797
659.1797
600.5859
600.5859
498.0469
498.0469
356.4453
356.4453
195.3125
195.3125
34.1797
34.1797
0.0000
0.0000
0.0000
0.0000
0.0000
0.0000
0.0000
0.0000
0.0000
0.0000
0.0000
0.0000
0.0000
0.0000
0.0000
0.0000
0.0000
0.0000
0.0000
0.0000
0.0000
0.0000
0.0000
0.0000
0.0000
0.0000
0.0000
0.0000
0.0000
0.0000
0.0000
0.0000
0.0000
0.0000
0.0000
0.0000
0.0000
0.0000
24.4141
24.4141
48.8281
48.8281
73.2422
73.2422
107.4219
107.4219
136.7187
136.7187
170.8984
170.8984
209.9609
209.9609
249.0234
249.0234
292.9687
292.9687
336.9141
336.9141
375.9766
375.9766
410.1562
410.1562
424.8047
424.8047
410.1562
410.1562
351.5625
351.5625
263.6719
263.6719
151.3672
151.3672
29.2969
29.2969
0.0000
0.0000
0.0000
0.0000
0.0000
0.0000
0.0000
0.0000
0.0000
0.0000
0.0000
0.0000
0.0000
0.0000
0.0000
0.0000
0.0000
0.0000
0.0000
0.0000
0.0000
0.0000
0.0000
0.0000
0.0000
0.0000
0.0000
0.0000
0.0000
0.0000
0.0000
0.0000
58.5937
58.5937
112.3047
112.3047
151.3672
151.3672
180.6641
180.6641
205.0781
205.0781
229.4922
229.4922
258.7891
258.7891
292.9687
292.9687
332.0312
332.0312
375.9766
375.9766
415.0391
415.0391
458.9844
458.9844
502.9297
502.9297
541.9922
541.9922
585.9375
585.9375
610.3516
610.3516
610.3516
610.3516
581.0547
581.0547
507.8125
507.8125
390.6250
390.6250
244.1406
244.1406
87.8906
87.8906
0.0000
0.0000
0.0000
0.0000
0.0000
0.0000
0.0000
0.0000
0.0000
0.0000
0.0000
0.0000
0.0000
0.0000
0.0000
0.0000
0.0000
0.0000
0.0000
0.0000
0.0000
0.0000
0.0000
0.0000
0.0000
0.0000
0.0000
0.0000
0.0000
0.0000
0.0000
0.0000
0.0000
0.0000
39.0625
39.0625
78.1250
78.1250
107.4219
107.4219
131.8359
131.8359
151.3672
151.3672
180.6641
180.6641
209.9609
209.9609
244.1406
244.1406
283.2031
283.2031
322.2656
322.2656
366.2109
366.2109
410.1562
410.1562
449.2187
449.2187
488.2812
488.2812
507.8125
507.8125
498.0469
498.0469
454.1016
454.1016
371.0937
371.0937
253.9062
253.9062
117.1875
117.1875
0.0000
0.0000
0.0000
0.0000
0.0000
0.0000
0.0000
0.0000
0.0000
0.0000
0.0000
0.0000
0.0000
0.0000
0.0000
0.0000
0.0000
0.0000
0.0000
0.0000
0.0000
0.0000
0.0000
0.0000
0.0000
0.0000
0.0000
0.0000
0.0000
0.0000
0.0000
0.0000
0.0000
0.0000
0.0000
0.0000
0.0000
0.0000
0.0000
0.0000
0.0000
0.0000
4.8828
4.8828
29.2969
29.2969
53.7109
53.7109
87.8906
87.8906
122.0703
122.0703
161.1328
161.1328
200.1953
200.1953
239.2578
239.2578
283.2031
283.2031
327.1484
327.1484
366.2109
366.2109
395.5078
395.5078
410.1562
410.1562
400.3906
400.3906
356.4453
356.4453
283.2031
283.2031
180.6641
180.6641
53.7109
53.7109
0.0000
0.0000
0.0000
0.0000
0.0000
0.0000
0.0000
0.0000
0.0000
0.0000
0.0000
0.0000
0.0000
0.0000
0.0000
0.0000
0.0000
0.0000
0.0000
0.0000
0.0000
0.0000
0.0000
0.0000
0.0000
0.0000
0.0000
0.0000
0.0000
0.0000
0.0000
0.0000
39.0625
39.0625
97.6562
97.6562
141.6016
141.6016
175.7812
175.7812
205.0781
205.0781
229.4922
229.4922
253.9062
253.9062
288.0859
288.0859
322.2656
322.2656
366.2109
366.2109
410.1562
410.1562
454.1016
454.1016
498.0469
498.0469
541.9922
541.9922
581.0547
581.0547
600.5859
600.5859
590.8203
590.8203
537.1094
537.1094
439.4531
439.4531
302.7344
302.7344
151.3672
151.3672
0.0000
0.0000
0.0000
0.0000
0.0000
0.0000
0.0000
0.0000
0.0000
0.0000
0.0000
0.0000
0.0000
0.0000
0.0000
0.0000
0.0000
0.0000
0.0000
0.0000
0.0000
0.0000
0.0000
0.0000
0.0000
0.0000
0.0000
0.0000
0.0000
0.0000
0.0000
0.0000
0.0000
0.0000
0.0000
0.0000
0.0000
0.0000
0.0000
0.0000
24.4141
24.4141
43.9453
43.9453
73.2422
73.2422
102.5391
102.5391
131.8359
131.8359
170.8984
170.8984
209.9609
209.9609
253.9062
253.9062
297.8516
297.8516
346.6797
346.6797
390.6250
390.6250
424.8047
424.8047
449.2187
449.2187
444.3359
444.3359
410.1562
410.1562
341.7969
341.7969
239.2578
239.2578
107.4219
107.4219
0.0000
0.0000
0.0000
0.0000
0.0000
0.0000
0.0000
0.0000
0.0000
0.0000
0.0000
0.0000
0.0000
0.0000
0.0000
0.0000
0.0000
0.0000
0.0000
0.0000
0.0000
0.0000
0.0000
0.0000
0.0000
0.0000
0.0000
0.0000
0.0000
0.0000
0.0000
0.0000
0.0000
0.0000
0.0000
0.0000
39.0625
39.0625
68.3594
68.3594
92.7734
92.7734
122.0703
122.0703
146.4844
146.4844
175.7812
175.7812
209.9609
209.9609
249.0234
249.0234
288.0859
288.0859
327.1484
327.1484
371.0937
371.0937
415.0391
415.0391
458.9844
458.9844
488.2812
488.2812
488.2812
488.2812
454.1016
454.1016
385.7422
385.7422
283.2031
283.2031
156.2500
156.2500
14.6484
14.6484
0.0000
0.0000
0.0000
0.0000
0.0000
0.0000
0.0000
0.0000
0.0000
0.0000
0.0000
0.0000
0.0000
0.0000
0.0000
0.0000
0.0000
0.0000
0.0000
0.0000
0.0000
0.0000
0.0000
0.0000
0.0000
0.0000
0.0000
0.0000
0.0000
0.0000
0.0000
0.0000
0.0000
0.0000
0.0000
0.0000
24.4141
24.4141
48.8281
48.8281
68.3594
68.3594
92.7734
92.7734
122.0703
122.0703
151.3672
151.3672
180.6641
180.6641
214.8437
214.8437
253.9062
253.9062
292.9687
292.9687
336.9141
336.9141
380.8594
380.8594
419.9219
419.9219
449.2187
449.2187
463.8672
463.8672
449.2187
449.2187
400.3906
400.3906
302.7344
302.7344
180.6641
180.6641
43.9453
43.9453
0.0000
0.0000
0.0000
0.0000
0.0000
0.0000
0.0000
0.0000
0.0000
0.0000
0.0000
0.0000
0.0000
0.0000
0.0000
0.0000
0.0000
0.0000
0.0000
0.0000
0.0000
0.0000
0.0000
0.0000
0.0000
0.0000
0.0000
0.0000
0.0000
0.0000
0.0000
0.0000
9.7656
9.7656
58.5937
58.5937
92.7734
92.7734
122.0703
122.0703
146.4844
146.4844
175.7812
175.7812
200.1953
200.1953
234.3750
234.3750
268.5547
268.5547
307.6172
307.6172
346.6797
346.6797
385.7422
385.7422
429.6875
429.6875
473.6328
473.6328
507.8125
507.8125
522.4609
522.4609
498.0469
498.0469
434.5703
434.5703
327.1484
327.1484
200.1953
200.1953
58.5937
58.5937
0.0000
0.0000
0.0000
0.0000
0.0000
0.0000
0.0000
0.0000
0.0000
0.0000
0.0000
0.0000
0.0000
0.0000
0.0000
0.0000
0.0000
0.0000
0.0000
0.0000
0.0000
0.0000
0.0000
0.0000
0.0000
0.0000
0.0000
0.0000
0.0000
0.0000
0.0000
0.0000
0.0000
0.0000
0.0000
0.0000
0.0000
0.0000
0.0000
0.0000
0.0000
0.0000
24.4141
24.4141
53.7109
53.7109
87.8906
87.8906
122.0703
122.0703
156.2500
156.2500
190.4297
190.4297
234.3750
234.3750
278.3203
278.3203
322.2656
322.2656
361.3281
361.3281
395.5078
395.5078
410.1562
410.1562
405.2734
405.2734
366.2109
366.2109
288.0859
288.0859
175.7812
175.7812
48.8281
48.8281
0.0000
0.0000
0.0000
0.0000
0.0000
0.0000
0.0000
0.0000
0.0000
0.0000
0.0000
0.0000
0.0000
0.0000
0.0000
0.0000
0.0000
0.0000
0.0000
0.0000
0.0000
0.0000
0.0000
0.0000
0.0000
0.0000
0.0000
0.0000
4.8828
4.8828
92.7734
92.7734
161.1328
161.1328
214.8437
214.8437
249.0234
249.0234
278.3203
278.3203
302.7344
302.7344
327.1484
327.1484
356.4453
356.4453
385.7422
385.7422
424.8047
424.8047
463.8672
463.8672
502.9297
502.9297
541.9922
541.9922
581.0547
581.0547
615.2344
615.2344
625.0000
625.0000
600.5859
600.5859
541.9922
541.9922
449.2187
449.2187
332.0312
332.0312
195.3125
195.3125
53.7109
53.7109
0.0000
0.0000
0.0000
0.0000
0.0000
0.0000
0.0000
0.0000
0.0000
0.0000
0.0000
0.0000
0.0000
0.0000
0.0000
0.0000
0.0000
0.0000
0.0000
0.0000
0.0000
0.0000
0.0000
0.0000
0.0000
0.0000
0.0000
0.0000
0.0000
0.0000
24.4141
24.4141
97.6562
97.6562
146.4844
146.4844
185.5469
185.5469
205.0781
205.0781
224.6094
244.1406
244.1406
273.4375
273.4375
302.7344
302.7344
341.7969
341.7969
380.8594
380.8594
424.8047
424.8047
468.7500
468.7500
507.8125
507.8125
537.1094
537.1094
551.7578
551.7578
546.8750
546.8750
512.6953
512.6953
439.4531
439.4531
332.0312
332.0312
195.3125
195.3125
48.8281
48.8281
0.0000
0.0000
0.0000
0.0000
0.0000
0.0000
0.0000
0.0000
0.0000
0.0000
0.0000
0.0000
0.0000
0.0000
0.0000
0.0000
0.0000
0.0000
0.0000
0.0000
0.0000
0.0000
0.0000
0.0000
0.0000
0.0000
0.0000
0.0000
0.0000
0.0000
0.0000
0.0000
0.0000
0.0000
9.7656
9.7656
48.8281
48.8281
78.1250
78.1250
112.3047
112.3047
141.6016
141.6016
175.7812
175.7812
205.0781
205.0781
239.2578
239.2578
278.3203
278.3203
327.1484
327.1484
371.0937
371.0937
419.9219
419.9219
463.8672
463.8672
498.0469
498.0469
493.1641
493.1641
449.2187
449.2187
361.3281
361.3281
239.2578
239.2578
97.6562
97.6562
0.0000
0.0000
0.0000
0.0000
0.0000
0.0000
0.0000
0.0000
0.0000
0.0000
0.0000
0.0000
0.0000
0.0000
0.0000
0.0000
0.0000
0.0000
0.0000
0.0000
0.0000
0.0000
0.0000
0.0000
0.0000
0.0000
0.0000
0.0000
0.0000
0.0000
0.0000
0.0000
0.0000
0.0000
0.0000
0.0000
0.0000
0.0000
0.0000
0.0000
0.0000
0.0000
0.0000
0.0000
0.0000
0.0000
0.0000
0.0000
4.8828
4.8828
39.0625
39.0625
73.2422
73.2422
112.3047
112.3047
151.3672
151.3672
200.1953
200.1953
244.1406
244.1406
283.2031
283.2031
317.3828
317.3828
346.6797
346.6797
346.6797
346.6797
312.5000
312.5000
229.4922
229.4922
117.1875
117.1875
0.0000
0.0000
0.0000
0.0000
0.0000
0.0000
0.0000
0.0000
0.0000
0.0000
0.0000
0.0000
0.0000
0.0000
0.0000
0.0000
0.0000
0.0000
0.0000
0.0000
0.0000
0.0000
0.0000
0.0000
0.0000
0.0000
0.0000
0.0000
0.0000
0.0000
0.0000
0.0000
0.0000
0.0000
0.0000
0.0000
0.0000
0.0000
34.1797
34.1797
68.3594
68.3594
92.7734
92.7734
117.1875
117.1875
141.6016
141.6016
170.8984
170.8984
205.0781
205.0781
244.1406
244.1406
283.2031
283.2031
327.1484
327.1484
366.2109
366.2109
410.1562
410.1562
444.3359
444.3359
454.1016
454.1016
429.6875
429.6875
375.9766
375.9766
288.0859
288.0859
180.6641
180.6641
58.5937
58.5937
0.0000
0.0000
0.0000
0.0000
0.0000
0.0000
0.0000
0.0000
0.0000
0.0000
0.0000
0.0000
0.0000
0.0000
0.0000
0.0000
0.0000
0.0000
0.0000
0.0000
0.0000
0.0000
0.0000
0.0000
0.0000
0.0000
0.0000
0.0000
0.0000
0.0000
0.0000
0.0000
0.0000
0.0000
58.5937
58.5937
97.6562
97.6562
126.9531
126.9531
146.4844
146.4844
170.8984
170.8984
195.3125
195.3125
229.4922
229.4922
263.6719
263.6719
302.7344
302.7344
336.9141
336.9141
380.8594
380.8594
419.9219
419.9219
463.8672
463.8672
502.9297
502.9297
527.3437
527.3437
537.1094
537.1094
517.5781
517.5781
458.9844
458.9844
366.2109
366.2109
244.1406
244.1406
107.4219
107.4219
0.0000
0.0000
0.0000
0.0000
0.0000
0.0000
0.0000
0.0000
0.0000
0.0000
0.0000
0.0000
0.0000
0.0000
0.0000
0.0000
0.0000
0.0000
0.0000
0.0000
0.0000
0.0000
0.0000
0.0000
0.0000
0.0000
0.0000
0.0000
0.0000
0.0000
0.0000
0.0000
0.0000
0.0000
19.5312
19.5312
58.5937
58.5937
87.8906
87.8906
112.3047
112.3047
131.8359
131.8359
161.1328
161.1328
190.4297
190.4297
229.4922
229.4922
273.4375
273.4375
317.3828
317.3828
356.4453
356.4453
400.3906
400.3906
439.4531
439.4531
473.6328
473.6328
488.2812
488.2812
468.7500
468.7500
405.2734
405.2734
307.6172
307.6172
185.5469
185.5469
53.7109
53.7109
0.0000
0.0000
0.0000
0.0000
0.0000
0.0000
0.0000
0.0000
0.0000
0.0000
0.0000
0.0000
0.0000
0.0000
0.0000
0.0000
0.0000
0.0000
0.0000
0.0000
0.0000
0.0000
0.0000
0.0000
0.0000
0.0000
0.0000
0.0000
0.0000
0.0000
0.0000
0.0000
0.0000
0.0000
19.5312
19.5312
53.7109
53.7109
78.1250
78.1250
102.5391
102.5391
126.9531
126.9531
156.2500
156.2500
190.4297
190.4297
229.4922
229.4922
268.5547
268.5547
307.6172
307.6172
351.5625
351.5625
400.3906
400.3906
449.2187
449.2187
488.2812
488.2812
522.4609
522.4609
532.2266
532.2266
517.5781
517.5781
463.8672
463.8672
366.2109
366.2109
244.1406
244.1406
102.5391
102.5391
0.0000
0.0000
0.0000
0.0000
0.0000
0.0000
0.0000
0.0000
0.0000
0.0000
0.0000
0.0000
0.0000
0.0000
0.0000
0.0000
0.0000
0.0000
0.0000
0.0000
0.0000
0.0000
0.0000
0.0000
0.0000
0.0000
0.0000
0.0000
0.0000
0.0000
0.0000
0.0000
24.4141
24.4141
68.3594
68.3594
102.5391
102.5391
126.9531
126.9531
151.3672
151.3672
170.8984
170.8984
200.1953
200.1953
229.4922
229.4922
268.5547
268.5547
312.5000
312.5000
356.4453
356.4453
400.3906
400.3906
439.4531
439.4531
478.5156
478.5156
507.8125
507.8125
507.8125
507.8125
473.6328
473.6328
395.5078
395.5078
278.3203
278.3203
146.4844
146.4844
4.8828
4.8828
0.0000
0.0000
0.0000
0.0000
0.0000
0.0000
0.0000
0.0000
0.0000
0.0000
0.0000
0.0000
0.0000
0.0000
0.0000
0.0000
0.0000
0.0000
0.0000
0.0000
0.0000
0.0000
0.0000
0.0000
0.0000
0.0000
0.0000
0.0000
0.0000
0.0000
0.0000
0.0000
4.8828
4.8828
43.9453
43.9453
78.1250
78.1250
97.6562
97.6562
117.1875
117.1875
136.7187
136.7187
166.0156
166.0156
200.1953
200.1953
234.3750
234.3750
273.4375
273.4375
312.5000
312.5000
356.4453
356.4453
405.2734
405.2734
449.2187
449.2187
488.2812
488.2812
522.4609
522.4609
532.2266
532.2266
507.8125
507.8125
444.3359
444.3359
336.9141
336.9141
200.1953
200.1953
53.7109
53.7109
0.0000
0.0000
0.0000
0.0000
0.0000
0.0000
0.0000
0.0000
0.0000
0.0000
0.0000
0.0000
0.0000
0.0000
0.0000
0.0000
0.0000
0.0000
0.0000
0.0000
0.0000
0.0000
0.0000
0.0000
0.0000
0.0000
0.0000
0.0000
0.0000
0.0000
0.0000
0.0000
0.0000
0.0000
0.0000
0.0000
4.8828
4.8828
34.1797
34.1797
58.5937
58.5937
83.0078
83.0078
107.4219
107.4219
136.7187
136.7187
170.8984
170.8984
209.9609
209.9609
249.0234
249.0234
288.0859
288.0859
327.1484
327.1484
366.2109
366.2109
380.8594
380.8594
366.2109
366.2109
312.5000
312.5000
229.4922
229.4922
122.0703
122.0703
0.0000
0.0000
0.0000
0.0000
0.0000
0.0000
0.0000
0.0000
0.0000
0.0000
0.0000
0.0000
0.0000
0.0000
0.0000
0.0000
0.0000
0.0000
0.0000
0.0000
0.0000
0.0000
0.0000
0.0000
0.0000
0.0000
0.0000
0.0000
0.0000
0.0000
0.0000
0.0000
0.0000
0.0000
0.0000
0.0000
0.0000
0.0000
0.0000
0.0000
0.0000
0.0000
9.7656
9.7656
29.2969
29.2969
58.5937
58.5937
87.8906
87.8906
117.1875
117.1875
151.3672
151.3672
190.4297
190.4297
224.6094
224.6094
268.5547
268.5547
312.5000
312.5000
351.5625
351.5625
385.7422
385.7422
410.1562
410.1562
410.1562
410.1562
380.8594
380.8594
312.5000
312.5000
209.9609
209.9609
83.0078
83.0078
0.0000
0.0000
0.0000
0.0000
0.0000
0.0000
0.0000
0.0000
0.0000
0.0000
0.0000
0.0000
0.0000
0.0000
0.0000
0.0000
0.0000
0.0000
0.0000
0.0000
0.0000
0.0000
0.0000
0.0000
0.0000
0.0000
0.0000
0.0000
0.0000
0.0000
0.0000
0.0000
0.0000
0.0000
4.8828
4.8828
43.9453
43.9453
73.2422
73.2422
92.7734
92.7734
112.3047
112.3047
136.7187
136.7187
161.1328
161.1328
190.4297
190.4297
224.6094
224.6094
263.6719
263.6719
302.7344
302.7344
341.7969
341.7969
385.7422
385.7422
424.8047
424.8047
449.2187
449.2187
454.1016
454.1016
424.8047
424.8047
366.2109
366.2109
273.4375
273.4375
166.0156
166.0156
39.0625
39.0625
0.0000
0.0000
0.0000
0.0000
0.0000
0.0000
0.0000
0.0000
0.0000
0.0000
0.0000
0.0000
0.0000
0.0000
0.0000
0.0000
0.0000
0.0000
0.0000
0.0000
0.0000
0.0000
0.0000
0.0000
0.0000
0.0000
0.0000
0.0000
0.0000
0.0000
63.4766
63.4766
146.4844
146.4844
209.9609
209.9609
253.9062
253.9062
283.2031
283.2031
302.7344
302.7344
322.2656
346.6797
346.6797
346.6797
371.0937
371.0937
405.2734
405.2734
444.3359
444.3359
488.2812
488.2812
532.2266
532.2266
576.1719
576.1719
615.2344
615.2344
649.4141
649.4141
678.7109
698.2422
698.2422
698.2422
688.4766
688.4766
644.5312
644.5312
556.6406
556.6406
434.5703
434.5703
278.3203
278.3203
117.1875
117.1875
0.0000
0.0000
0.0000
0.0000
0.0000
0.0000
0.0000
0.0000
0.0000
0.0000
0.0000
0.0000
0.0000
0.0000
0.0000
0.0000
0.0000
0.0000
0.0000
0.0000
0.0000
0.0000
0.0000
0.0000
0.0000
0.0000
0.0000
0.0000
0.0000
19.5312
19.5312
78.1250
78.1250
126.9531
126.9531
161.1328
161.1328
190.4297
190.4297
214.8437
214.8437
244.1406
244.1406
273.4375
273.4375
307.6172
307.6172
346.6797
346.6797
385.7422
385.7422
424.8047
424.8047
468.7500
468.7500
512.6953
512.6953
551.7578
551.7578
571.2891
571.2891
551.7578
551.7578
493.1641
493.1641
395.5078
395.5078
268.5547
268.5547
122.0703
122.0703
0.0000
0.0000
0.0000
0.0000
0.0000
0.0000
0.0000
0.0000
0.0000
0.0000
0.0000
0.0000
0.0000
0.0000
0.0000
0.0000
0.0000
0.0000
0.0000
0.0000
0.0000
0.0000
0.0000
0.0000
0.0000
0.0000
0.0000
0.0000
0.0000
0.0000
0.0000
0.0000
0.0000
0.0000
0.0000
0.0000
0.0000
0.0000
0.0000
0.0000
0.0000
0.0000
0.0000
0.0000
4.8828
4.8828
34.1797
34.1797
68.3594
68.3594
107.4219
107.4219
146.4844
146.4844
190.4297
190.4297
234.3750
234.3750
278.3203
278.3203
322.2656
322.2656
366.2109
366.2109
400.3906
400.3906
419.9219
419.9219
415.0391
415.0391
375.9766
375.9766
297.8516
297.8516
180.6641
180.6641
43.9453
43.9453
0.0000
0.0000
0.0000
0.0000
0.0000
0.0000
0.0000
0.0000
0.0000
0.0000
0.0000
0.0000
0.0000
0.0000
0.0000
0.0000
0.0000
0.0000
0.0000
0.0000
0.0000
0.0000
0.0000
0.0000
0.0000
0.0000
0.0000
0.0000
0.0000
0.0000
0.0000
0.0000
0.0000
0.0000
0.0000
0.0000
43.9453
43.9453
78.1250
78.1250
107.4219
107.4219
131.8359
131.8359
156.2500
156.2500
190.4297
190.4297
219.7266
219.7266
258.7891
258.7891
297.8516
297.8516
346.6797
346.6797
395.5078
395.5078
439.4531
439.4531
478.5156
478.5156
502.9297
502.9297
498.0469
498.0469
463.8672
463.8672
385.7422
385.7422
278.3203
278.3203
146.4844
146.4844
4.8828
4.8828
0.0000
0.0000
0.0000
0.0000
0.0000
0.0000
0.0000
0.0000
0.0000
0.0000
0.0000
0.0000
0.0000
0.0000
0.0000
0.0000
0.0000
0.0000
0.0000
0.0000
0.0000
0.0000
0.0000
0.0000
0.0000
0.0000
0.0000
0.0000
0.0000
0.0000
0.0000
0.0000
0.0000
0.0000
0.0000
0.0000
0.0000
0.0000
4.8828
4.8828
24.4141
24.4141
43.9453
43.9453
68.3594
68.3594
97.6562
97.6562
131.8359
131.8359
166.0156
166.0156
205.0781
205.0781
249.0234
249.0234
292.9687
292.9687
341.7969
341.7969
385.7422
385.7422
419.9219
419.9219
429.6875
429.6875
410.1562
410.1562
356.4453
356.4453
263.6719
263.6719
146.4844
146.4844
9.7656
9.7656
0.0000
0.0000
0.0000
0.0000
0.0000
0.0000
0.0000
0.0000
0.0000
0.0000
0.0000
0.0000
0.0000
0.0000
0.0000
0.0000
0.0000
0.0000
0.0000
0.0000
0.0000
0.0000
0.0000
0.0000
0.0000
0.0000
0.0000
0.0000
0.0000
0.0000
0.0000
0.0000
0.0000
0.0000
0.0000
0.0000
29.2969
29.2969
58.5937
58.5937
83.0078
83.0078
102.5391
102.5391
131.8359
131.8359
161.1328
161.1328
190.4297
190.4297
229.4922
229.4922
268.5547
268.5547
307.6172
307.6172
351.5625
351.5625
395.5078
395.5078
439.4531
439.4531
463.8672
463.8672
468.7500
468.7500
424.8047
424.8047
346.6797
346.6797
239.2578
239.2578
112.3047
112.3047
0.0000
0.0000
0.0000
0.0000
0.0000
0.0000
0.0000
0.0000
0.0000
0.0000
0.0000
0.0000
0.0000
0.0000
0.0000
0.0000
0.0000
0.0000
0.0000
0.0000
0.0000
0.0000
0.0000
0.0000
0.0000
0.0000
0.0000
0.0000
0.0000
0.0000
0.0000
0.0000
0.0000
0.0000
19.5312
19.5312
63.4766
63.4766
97.6562
97.6562
122.0703
122.0703
146.4844
146.4844
170.8984
170.8984
195.3125
195.3125
224.6094
224.6094
253.9062
253.9062
292.9687
292.9687
332.0312
332.0312
375.9766
375.9766
419.9219
419.9219
463.8672
463.8672
502.9297
502.9297
537.1094
537.1094
551.7578
551.7578
546.8750
546.8750
502.9297
502.9297
415.0391
415.0391
297.8516
297.8516
151.3672
151.3672
9.7656
9.7656
0.0000
0.0000
0.0000
0.0000
0.0000
0.0000
0.0000
0.0000
0.0000
0.0000
0.0000
0.0000
0.0000
0.0000
0.0000
0.0000
0.0000
0.0000
0.0000
0.0000
0.0000
0.0000
0.0000
0.0000
0.0000
0.0000
0.0000
0.0000
0.0000
0.0000
0.0000
0.0000
24.4141
24.4141
63.4766
63.4766
97.6562
97.6562
122.0703
122.0703
146.4844
146.4844
175.7812
175.7812
209.9609
209.9609
244.1406
244.1406
283.2031
283.2031
322.2656
322.2656
366.2109
366.2109
410.1562
410.1562
454.1016
454.1016
493.1641
493.1641
517.5781
517.5781
512.6953
512.6953
468.7500
468.7500
390.6250
390.6250
278.3203
278.3203
146.4844
146.4844
4.8828
4.8828
0.0000
0.0000
0.0000
0.0000
0.0000
0.0000
0.0000
0.0000
0.0000
0.0000
0.0000
0.0000
0.0000
0.0000
0.0000
0.0000
0.0000
0.0000
0.0000
0.0000
0.0000
0.0000
0.0000
0.0000
0.0000
0.0000
0.0000
0.0000
0.0000
0.0000
0.0000
0.0000
0.0000
0.0000
0.0000
0.0000
24.4141
24.4141
48.8281
48.8281
68.3594
68.3594
87.8906
87.8906
112.3047
112.3047
141.6016
141.6016
180.6641
180.6641
219.7266
219.7266
258.7891
258.7891
302.7344
302.7344
346.6797
346.6797
390.6250
390.6250
434.5703
434.5703
468.7500
468.7500
488.2812
488.2812
488.2812
488.2812
449.2187
449.2187
371.0937
371.0937
258.7891
258.7891
122.0703
122.0703
0.0000
0.0000
0.0000
0.0000
0.0000
0.0000
0.0000
0.0000
0.0000
0.0000
0.0000
0.0000
0.0000
0.0000
0.0000
0.0000
0.0000
0.0000
0.0000
0.0000
0.0000
0.0000
0.0000
0.0000
0.0000
0.0000
0.0000
0.0000
0.0000
0.0000
0.0000
0.0000
0.0000
0.0000
0.0000
0.0000
24.4141
24.4141
53.7109
53.7109
78.1250
78.1250
97.6562
97.6562
122.0703
122.0703
146.4844
146.4844
180.6641
180.6641
219.7266
219.7266
258.7891
258.7891
302.7344
302.7344
341.7969
341.7969
385.7422
385.7422
419.9219
419.9219
439.4531
439.4531
429.6875
429.6875
385.7422
385.7422
307.6172
307.6172
205.0781
205.0781
83.0078
83.0078
0.0000
0.0000
0.0000
0.0000
0.0000
0.0000
0.0000
0.0000
0.0000
0.0000
0.0000
0.0000
0.0000
0.0000
0.0000
0.0000
0.0000
0.0000
0.0000
0.0000
0.0000
0.0000
0.0000
0.0000
0.0000
0.0000
0.0000
0.0000
0.0000
0.0000
0.0000
0.0000
0.0000
0.0000
0.0000
0.0000
0.0000
0.0000
0.0000
0.0000
9.7656
9.7656
29.2969
29.2969
43.9453
43.9453
63.4766
63.4766
92.7734
92.7734
117.1875
117.1875
151.3672
151.3672
190.4297
190.4297
229.4922
229.4922
268.5547
268.5547
312.5000
312.5000
351.5625
351.5625
380.8594
380.8594
395.5078
395.5078
385.7422
385.7422
341.7969
341.7969
263.6719
263.6719
151.3672
151.3672
24.4141
24.4141
0.0000
0.0000
0.0000
0.0000
0.0000
0.0000
0.0000
0.0000
0.0000
0.0000
0.0000
0.0000
0.0000
0.0000
0.0000
0.0000
0.0000
0.0000
0.0000
0.0000
0.0000
0.0000
0.0000
0.0000
0.0000
0.0000
0.0000
0.0000
0.0000
0.0000
0.0000
0.0000
0.0000
0.0000
29.2969
29.2969
68.3594
68.3594
102.5391
102.5391
131.8359
131.8359
156.2500
156.2500
180.6641
180.6641
205.0781
205.0781
239.2578
239.2578
273.4375
273.4375
312.5000
312.5000
351.5625
351.5625
395.5078
395.5078
434.5703
434.5703
468.7500
468.7500
488.2812
488.2812
473.6328
473.6328
419.9219
419.9219
332.0312
332.0312
219.7266
219.7266
92.7734
92.7734
0.0000
0.0000
0.0000
0.0000
0.0000
0.0000
0.0000
0.0000
0.0000
0.0000
0.0000
0.0000
0.0000
0.0000
0.0000
0.0000
0.0000
0.0000
0.0000
0.0000
0.0000
0.0000
0.0000
0.0000
0.0000
0.0000
0.0000
0.0000
0.0000
0.0000
0.0000
0.0000
0.0000
0.0000
0.0000
0.0000
19.5312
19.5312
48.8281
48.8281
73.2422
73.2422
97.6562
97.6562
122.0703
122.0703
151.3672
185.5469
185.5469
219.7266
219.7266
253.9062
253.9062
253.9062
292.9687
292.9687
332.0312
332.0312
371.0937
371.0937
410.1562
410.1562
439.4531
439.4531
458.9844
458.9844
463.8672
463.8672
434.5703
434.5703
371.0937
273.4375
273.4375
273.4375
146.4844
146.4844
14.6484
14.6484
0.0000
0.0000
0.0000
0.0000
0.0000
0.0000
0.0000
0.0000
0.0000
0.0000
0.0000
0.0000
0.0000
0.0000
0.0000
0.0000
0.0000
0.0000
0.0000
0.0000
0.0000
0.0000
0.0000
0.0000
0.0000
0.0000
0.0000
0.0000
0.0000
0.0000
19.5312
83.0078
83.0078
83.0078
131.8359
131.8359
166.0156
195.3125
195.3125
219.7266
219.7266
244.1406
244.1406
273.4375
273.4375
302.7344
302.7344
341.7969
341.7969
385.7422
385.7422
429.6875
429.6875
473.6328
473.6328
517.5781
517.5781
556.6406
556.6406
581.0547
581.0547
581.0547
581.0547
546.8750
546.8750
473.6328
473.6328
366.2109
366.2109
239.2578
239.2578
102.5391
102.5391
0.0000
0.0000
0.0000
0.0000
0.0000
0.0000
0.0000
0.0000
0.0000
0.0000
0.0000
0.0000
0.0000
0.0000
0.0000
0.0000
0.0000
0.0000
0.0000
0.0000
0.0000
0.0000
0.0000
0.0000
0.0000
0.0000
0.0000
0.0000
0.0000
0.0000
0.0000
0.0000
34.1797
34.1797
87.8906
87.8906
126.9531
126.9531
156.2500
156.2500
175.7812
175.7812
200.1953
200.1953
224.6094
224.6094
253.9062
253.9062
283.2031
283.2031
317.3828
317.3828
356.4453
356.4453
395.5078
395.5078
439.4531
439.4531
483.3984
483.3984
527.3437
527.3437
561.5234
561.5234
576.1719
576.1719
561.5234
561.5234
507.8125
507.8125
410.1562
410.1562
273.4375
273.4375
122.0703
122.0703
0.0000
0.0000
0.0000
0.0000
0.0000
0.0000
0.0000
0.0000
0.0000
0.0000
0.0000
0.0000
0.0000
0.0000
0.0000
0.0000
0.0000
0.0000
0.0000
0.0000
0.0000
0.0000
0.0000
0.0000
0.0000
0.0000
0.0000
0.0000
0.0000
0.0000
0.0000
0.0000
0.0000
0.0000
0.0000
0.0000
24.4141
24.4141
53.7109
53.7109
78.1250
78.1250
102.5391
102.5391
131.8359
131.8359
161.1328
161.1328
200.1953
200.1953
239.2578
239.2578
273.4375
273.4375
307.6172
307.6172
351.5625
351.5625
390.6250
390.6250
434.5703
434.5703
463.8672
463.8672
463.8672
463.8672
434.5703
434.5703
361.3281
361.3281
253.9062
253.9062
122.0703
122.0703
0.0000
0.0000
0.0000
0.0000
0.0000
0.0000
0.0000
0.0000
0.0000
0.0000
0.0000
0.0000
0.0000
0.0000
0.0000
0.0000
0.0000
0.0000
0.0000
0.0000
0.0000
0.0000
0.0000
0.0000
0.0000
0.0000
0.0000
0.0000
0.0000
0.0000
0.0000
0.0000
0.0000
0.0000
0.0000
0.0000
4.8828
4.8828
34.1797
34.1797
58.5937
58.5937
83.0078
83.0078
107.4219
107.4219
136.7187
136.7187
175.7812
175.7812
214.8437
214.8437
253.9062
253.9062
297.8516
297.8516
341.7969
341.7969
380.8594
380.8594
419.9219
419.9219
458.9844
458.9844
483.3984
483.3984
493.1641
493.1641
468.7500
468.7500
410.1562
410.1562
322.2656
322.2656
195.3125
195.3125
58.5937
58.5937
0.0000
0.0000
0.0000
0.0000
0.0000
0.0000
0.0000
0.0000
0.0000
0.0000
0.0000
0.0000
0.0000
0.0000
0.0000
0.0000
0.0000
0.0000
0.0000
0.0000
0.0000
0.0000
0.0000
0.0000
0.0000
0.0000
0.0000
0.0000
0.0000
0.0000
0.0000
0.0000
0.0000
0.0000
39.0625
39.0625
73.2422
73.2422
107.4219
107.4219
131.8359
131.8359
156.2500
156.2500
185.5469
185.5469
219.7266
219.7266
263.6719
263.6719
302.7344
302.7344
346.6797
346.6797
390.6250
390.6250
434.5703
434.5703
478.5156
478.5156
502.9297
502.9297
502.9297
502.9297
468.7500
468.7500
395.5078
395.5078
288.0859
288.0859
161.1328
161.1328
24.4141
24.4141
0.0000
0.0000
0.0000
0.0000
0.0000
0.0000
0.0000
0.0000
0.0000
0.0000
0.0000
0.0000
0.0000
0.0000
0.0000
0.0000
0.0000
0.0000
0.0000
0.0000
0.0000
0.0000
0.0000
0.0000
0.0000
0.0000
0.0000
0.0000
0.0000
0.0000
0.0000
0.0000
48.8281
48.8281
102.5391
102.5391
136.7187
136.7187
161.1328
161.1328
180.6641
180.6641
205.0781
205.0781
224.6094
224.6094
253.9062
253.9062
292.9687
292.9687
336.9141
336.9141
380.8594
380.8594
424.8047
424.8047
468.7500
468.7500
512.6953
512.6953
551.7578
551.7578
581.0547
581.0547
581.0547
581.0547
556.6406
556.6406
488.2812
488.2812
380.8594
380.8594
239.2578
239.2578
78.1250
78.1250
0.0000
0.0000
0.0000
0.0000
0.0000
0.0000
0.0000
0.0000
0.0000
0.0000
0.0000
0.0000
0.0000
0.0000
0.0000
0.0000
0.0000
0.0000
0.0000
0.0000
0.0000
0.0000
0.0000
0.0000
0.0000
0.0000
0.0000
0.0000
0.0000
0.0000
0.0000
0.0000
0.0000
0.0000
0.0000
0.0000
0.0000
0.0000
9.7656
9.7656
34.1797
34.1797
58.5937
58.5937
83.0078
83.0078
117.1875
117.1875
151.3672
151.3672
190.4297
190.4297
229.4922
229.4922
273.4375
273.4375
317.3828
317.3828
356.4453
356.4453
390.6250
390.6250
419.9219
419.9219
429.6875
429.6875
400.3906
400.3906
336.9141
336.9141
234.3750
234.3750
112.3047
112.3047
0.0000
0.0000
0.0000
0.0000
0.0000
0.0000
0.0000
0.0000
0.0000
0.0000
0.0000
0.0000
0.0000
0.0000
0.0000
0.0000
0.0000
0.0000
0.0000
0.0000
0.0000
0.0000
0.0000
0.0000
0.0000
0.0000
0.0000
0.0000
0.0000
0.0000
0.0000
0.0000
68.3594
68.3594
126.9531
126.9531
170.8984
170.8984
205.0781
205.0781
234.3750
234.3750
258.7891
258.7891
288.0859
288.0859
322.2656
322.2656
356.4453
356.4453
400.3906
400.3906
444.3359
444.3359
488.2812
488.2812
532.2266
532.2266
576.1719
576.1719
615.2344
615.2344
644.5312
644.5312
639.6484
639.6484
605.4687
605.4687
532.2266
532.2266
415.0391
415.0391
268.5547
268.5547
102.5391
102.5391
0.0000
0.0000
0.0000
0.0000
0.0000
0.0000
0.0000
0.0000
0.0000
0.0000
0.0000
0.0000
0.0000
0.0000
0.0000
0.0000
0.0000
0.0000
0.0000
0.0000
0.0000
0.0000
0.0000
0.0000
0.0000
0.0000
0.0000
0.0000
0.0000
0.0000
0.0000
0.0000
0.0000
0.0000
0.0000
0.0000
0.0000
0.0000
0.0000
0.0000
0.0000
0.0000
0.0000
0.0000
29.2969
29.2969
58.5937
58.5937
92.7734
92.7734
126.9531
126.9531
170.8984
170.8984
214.8437
214.8437
263.6719
263.6719
312.5000
312.5000
351.5625
351.5625
375.9766
375.9766
375.9766
375.9766
341.7969
341.7969
268.5547
268.5547
161.1328
161.1328
39.0625
39.0625
0.0000
0.0000
0.0000
0.0000
0.0000
0.0000
0.0000
0.0000
0.0000
0.0000
0.0000
0.0000
0.0000
0.0000
0.0000
0.0000
0.0000
0.0000
0.0000
0.0000
0.0000
0.0000
0.0000
0.0000
0.0000
0.0000
0.0000
0.0000
0.0000
0.0000
0.0000
0.0000
0.0000
0.0000
48.8281
48.8281
83.0078
83.0078
112.3047
112.3047
136.7187
136.7187
156.2500
156.2500
180.6641
180.6641
205.0781
205.0781
234.3750
234.3750
268.5547
268.5547
307.6172
307.6172
346.6797
346.6797
385.7422
385.7422
429.6875
429.6875
473.6328
473.6328
512.6953
512.6953
527.3437
527.3437
522.4609
522.4609
478.5156
478.5156
390.6250
390.6250
268.5547
268.5547
122.0703
122.0703
0.0000
0.0000
0.0000
0.0000
0.0000
0.0000
0.0000
0.0000
0.0000
0.0000
0.0000
0.0000
0.0000
0.0000
0.0000
0.0000
0.0000
0.0000
0.0000
0.0000
0.0000
0.0000
0.0000
0.0000
0.0000
0.0000
0.0000
0.0000
0.0000
0.0000
0.0000
0.0000
68.3594
68.3594
122.0703
122.0703
161.1328
161.1328
195.3125
195.3125
214.8437
214.8437
244.1406
244.1406
273.4375
273.4375
307.6172
307.6172
341.7969
341.7969
375.9766
375.9766
415.0391
415.0391
458.9844
458.9844
502.9297
502.9297
541.9922
541.9922
571.2891
571.2891
576.1719
576.1719
551.7578
551.7578
488.2812
488.2812
385.7422
385.7422
258.7891
258.7891
112.3047
112.3047
0.0000
0.0000
0.0000
0.0000
0.0000
0.0000
0.0000
0.0000
0.0000
0.0000
0.0000
0.0000
0.0000
0.0000
0.0000
0.0000
0.0000
0.0000
0.0000
0.0000
0.0000
0.0000
0.0000
0.0000
0.0000
0.0000
0.0000
0.0000
0.0000
0.0000
