0.0000
0.0000
0.0000
0.0000
0.0000
0.0000
0.0000
0.0000
0.0000
0.0000
0.0000
0.0000
0.0000
0.0000
0.0000
0.0000
0.0000
0.0000
0.0000
0.0000
141.6016
141.6016
341.7969
341.7969
537.1094
537.1094
664.0625
664.0625
742.1875
742.1875
751.9531
751.9531
737.3047
737.3047
737.3047
737.3047
756.8359
756.8359
820.3125
820.3125
869.1406
869.1406
908.2031
908.2031
878.9062
878.9062
825.1953
825.1953
766.6016
766.6016
786.1328
786.1328
781.2500
781.2500
717.7734
717.7734
463.8672
463.8672
126.9531
126.9531
0.0000
0.0000
0.0000
0.0000
0.0000
0.0000
0.0000
0.0000
0.0000
0.0000
0.0000
0.0000
0.0000
0.0000
0.0000
0.0000
0.0000
0.0000
0.0000
0.0000
0.0000
0.0000
0.0000
0.0000
0.0000
0.0000
0.0000
0.0000
0.0000
0.0000
0.0000
0.0000
0.0000
0.0000
83.0078
83.0078
268.5547
268.5547
473.6328
473.6328
615.2344
615.2344
742.1875
742.1875
820.3125
820.3125
893.5547
893.5547
957.0312
957.0312
991.2109
991.2109
1020.5078
1020.5078
1040.0391
1040.0391
1059.5703
1059.5703
1049.8047
1049.8047
1025.3906
947.2656
947.2656
854.4922
854.4922
776.3672
776.3672
815.4297
815.4297
815.4297
825.1953
825.1953
712.8906
712.8906
454.1016
454.1016
122.0703
122.0703
0.0000
0.0000
0.0000
0.0000
0.0000
0.0000
0.0000
0.0000
0.0000
0.0000
0.0000
0.0000
0.0000
0.0000
0.0000
0.0000
0.0000
0.0000
0.0000
0.0000
0.0000
0.0000
0.0000
0.0000
0.0000
0.0000
0.0000
0.0000
0.0000
0.0000
0.0000
0.0000
0.0000
0.0000
14.6484
14.6484
166.0156
166.0156
288.0859
380.8594
380.8594
517.5781
517.5781
629.8828
629.8828
791.0156
791.0156
913.0859
913.0859
991.2109
991.2109
1015.6250
1015.6250
991.2109
991.2109
937.5000
937.5000
839.8437
839.8437
795.8984
795.8984
756.8359
756.8359
776.3672
776.3672
795.8984
795.8984
854.4922
854.4922
913.0859
913.0859
903.3203
903.3203
703.1250
703.1250
292.9687
292.9687
0.0000
0.0000
0.0000
0.0000
0.0000
0.0000
0.0000
0.0000
0.0000
0.0000
0.0000
0.0000
0.0000
0.0000
0.0000
0.0000
0.0000
0.0000
0.0000
0.0000
0.0000
0.0000
0.0000
0.0000
0.0000
0.0000
0.0000
0.0000
0.0000
0.0000
0.0000
0.0000
0.0000
0.0000
0.0000
0.0000
4.8828
4.8828
205.0781
205.0781
439.4531
439.4531
654.2969
654.2969
815.4297
815.4297
957.0312
957.0312
1025.3906
1025.3906
1054.6875
1054.6875
1035.1562
1035.1562
1000.9766
1000.9766
1005.8594
1005.8594
1005.8594
1005.8594
1030.2734
1030.2734
1015.6250
1015.6250
981.4453
981.4453
893.5547
893.5547
795.8984
795.8984
742.1875
742.1875
722.6562
722.6562
600.5859
600.5859
341.7969
341.7969
83.0078
83.0078
0.0000
0.0000
0.0000
0.0000
0.0000
0.0000
0.0000
0.0000
0.0000
0.0000
0.0000
0.0000
0.0000
0.0000
0.0000
0.0000
0.0000
0.0000
0.0000
0.0000
0.0000
0.0000
0.0000
0.0000
0.0000
0.0000
0.0000
0.0000
0.0000
0.0000
0.0000
0.0000
0.0000
0.0000
0.0000
0.0000
0.0000
0.0000
161.1328
161.1328
336.9141
336.9141
473.6328
473.6328
566.4062
566.4062
654.2969
654.2969
742.1875
742.1875
820.3125
820.3125
903.3203
903.3203
981.4453
981.4453
1030.2734
1030.2734
1083.9844
1083.9844
1069.3359
1069.3359
1005.8594
1005.8594
903.3203
903.3203
800.7812
800.7812
722.6562
722.6562
727.5391
727.5391
751.9531
751.9531
668.9453
668.9453
390.6250
390.6250
0.0000
0.0000
0.0000
0.0000
0.0000
0.0000
0.0000
0.0000
0.0000
0.0000
0.0000
0.0000
0.0000
0.0000
0.0000
0.0000
0.0000
0.0000
0.0000
0.0000
0.0000
0.0000
0.0000
0.0000
0.0000
0.0000
0.0000
0.0000
0.0000
0.0000
0.0000
0.0000
0.0000
0.0000
0.0000
0.0000
83.0078
83.0078
146.4844
146.4844
278.3203
278.3203
400.3906
400.3906
566.4062
566.4062
756.8359
756.8359
932.6172
932.6172
1079.1016
1079.1016
1166.9922
1166.9922
1191.4062
1191.4062
1127.9297
1127.9297
1054.6875
1054.6875
961.9141
961.9141
937.5000
937.5000
952.1484
952.1484
996.0937
996.0937
991.2109
991.2109
966.7969
966.7969
834.9609
834.9609
498.0469
498.0469
0.0000
0.0000
0.0000
0.0000
0.0000
0.0000
0.0000
0.0000
0.0000
0.0000
0.0000
0.0000
0.0000
0.0000
0.0000
0.0000
0.0000
0.0000
0.0000
0.0000
0.0000
0.0000
0.0000
0.0000
0.0000
0.0000
0.0000
0.0000
0.0000
0.0000
0.0000
0.0000
0.0000
0.0000
0.0000
0.0000
0.0000
0.0000
0.0000
0.0000
0.0000
0.0000
0.0000
0.0000
34.1797
34.1797
219.7266
219.7266
322.2656
322.2656
380.8594
380.8594
424.8047
424.8047
449.2187
449.2187
532.2266
532.2266
595.7031
595.7031
717.7734
717.7734
864.2578
864.2578
1015.6250
1015.6250
1137.6953
1137.6953
1264.6484
1264.6484
1323.2422
1323.2422
1391.6016
1391.6016
1416.0156
1416.0156
1425.7812
1425.7812
1298.8281
1298.8281
917.9687
917.9687
288.0859
288.0859
0.0000
0.0000
0.0000
0.0000
0.0000
0.0000
0.0000
0.0000
0.0000
0.0000
0.0000
0.0000
0.0000
0.0000
0.0000
0.0000
0.0000
0.0000
0.0000
0.0000
0.0000
0.0000
0.0000
0.0000
0.0000
0.0000
0.0000
0.0000
0.0000
0.0000
0.0000
0.0000
0.0000
0.0000
68.3594
68.3594
229.4922
229.4922
332.0312
332.0312
385.7422
385.7422
322.2656
322.2656
283.2031
283.2031
229.4922
229.4922
253.9062
253.9062
346.6797
346.6797
454.1016
454.1016
610.3516
610.3516
693.3594
693.3594
766.6016
766.6016
776.3672
776.3672
810.5469
810.5469
834.9609
834.9609
913.0859
913.0859
1044.9219
1044.9219
1215.8203
1215.8203
1396.4844
1396.4844
1552.7344
1552.7344
1679.6875
1679.6875
1733.3984
1733.3984
1728.5156
1728.5156
1616.2109
1616.2109
1372.0703
1372.0703
844.7266
844.7266
136.7187
136.7187
0.0000
0.0000
0.0000
0.0000
0.0000
0.0000
0.0000
0.0000
0.0000
0.0000
0.0000
0.0000
0.0000
0.0000
0.0000
0.0000
0.0000
0.0000
0.0000
0.0000
0.0000
0.0000
0.0000
0.0000
0.0000
0.0000
0.0000
0.0000
0.0000
0.0000
0.0000
0.0000
0.0000
0.0000
0.0000
0.0000
0.0000
0.0000
0.0000
0.0000
9.7656
9.7656
0.0000
0.0000
0.0000
0.0000
0.0000
0.0000
0.0000
0.0000
87.8906
87.8906
107.4219
107.4219
249.0234
249.0234
341.7969
341.7969
424.8047
424.8047
512.6953
512.6953
541.9922
541.9922
600.5859
600.5859
659.1797
659.1797
771.4844
771.4844
917.9687
917.9687
1093.7500
1093.7500
1264.6484
1264.6484
1420.8984
1420.8984
1513.6719
1513.6719
1572.2656
1572.2656
1528.3203
1528.3203
1264.6484
1264.6484
703.1250
703.1250
14.6484
14.6484
0.0000
0.0000
0.0000
0.0000
0.0000
0.0000
0.0000
0.0000
0.0000
0.0000
0.0000
0.0000
0.0000
0.0000
0.0000
0.0000
0.0000
0.0000
0.0000
0.0000
0.0000
0.0000
0.0000
0.0000
0.0000
0.0000
0.0000
0.0000
0.0000
0.0000
0.0000
0.0000
0.0000
0.0000
0.0000
0.0000
4.8828
4.8828
117.1875
117.1875
200.1953
200.1953
239.2578
239.2578
214.8437
214.8437
239.2578
239.2578
229.4922
229.4922
244.1406
244.1406
351.5625
351.5625
439.4531
439.4531
585.9375
585.9375
673.8281
673.8281
727.5391
727.5391
747.0703
747.0703
761.7187
761.7187
800.7812
800.7812
888.6719
888.6719
1030.2734
1030.2734
1196.2891
1196.2891
1367.1875
1367.1875
1508.7891
1508.7891
1611.3281
1611.3281
1630.8594
1630.8594
1499.0234
1499.0234
1035.1562
1035.1562
258.7891
258.7891
0.0000
0.0000
0.0000
0.0000
0.0000
0.0000
0.0000
0.0000
0.0000
0.0000
0.0000
0.0000
0.0000
0.0000
0.0000
0.0000
0.0000
0.0000
0.0000
0.0000
0.0000
0.0000
0.0000
0.0000
0.0000
0.0000
0.0000
0.0000
0.0000
0.0000
0.0000
0.0000
0.0000
0.0000
0.0000
0.0000
0.0000
0.0000
0.0000
0.0000
0.0000
0.0000
48.8281
48.8281
122.0703
122.0703
175.7812
175.7812
166.0156
166.0156
195.3125
195.3125
205.0781
205.0781
258.7891
258.7891
312.5000
312.5000
400.3906
400.3906
502.9297
502.9297
590.8203
590.8203
668.9453
668.9453
747.0703
747.0703
830.0781
830.0781
927.7344
927.7344
1040.0391
1040.0391
1157.2266
1157.2266
1289.0625
1289.0625
1420.8984
1420.8984
1557.6172
1557.6172
1655.2734
1655.2734
1635.7422
1635.7422
1318.3594
1318.3594
625.0000
625.0000
0.0000
0.0000
0.0000
0.0000
0.0000
0.0000
0.0000
0.0000
0.0000
0.0000
0.0000
0.0000
0.0000
0.0000
0.0000
0.0000
0.0000
0.0000
0.0000
0.0000
0.0000
0.0000
0.0000
0.0000
0.0000
0.0000
0.0000
0.0000
0.0000
0.0000
0.0000
0.0000
0.0000
0.0000
0.0000
0.0000
0.0000
0.0000
0.0000
0.0000
43.9453
43.9453
126.9531
126.9531
185.5469
185.5469
249.0234
249.0234
224.6094
224.6094
224.6094
224.6094
180.6641
180.6641
219.7266
219.7266
302.7344
302.7344
375.9766
375.9766
498.0469
498.0469
595.7031
595.7031
722.6562
722.6562
805.6641
805.6641
893.5547
893.5547
952.1484
952.1484
1020.5078
1020.5078
1108.3984
1108.3984
1240.2344
1240.2344
1372.0703
1372.0703
1484.3750
1484.3750
1518.5547
1518.5547
1333.0078
1333.0078
766.6016
766.6016
0.0000
0.0000
0.0000
0.0000
0.0000
0.0000
0.0000
0.0000
0.0000
0.0000
0.0000
0.0000
0.0000
0.0000
0.0000
0.0000
0.0000
0.0000
0.0000
0.0000
0.0000
0.0000
0.0000
0.0000
0.0000
0.0000
0.0000
0.0000
0.0000
0.0000
0.0000
0.0000
0.0000
0.0000
0.0000
0.0000
0.0000
0.0000
0.0000
0.0000
0.0000
0.0000
0.0000
0.0000
112.3047
112.3047
146.4844
146.4844
180.6641
180.6641
209.9609
209.9609
151.3672
151.3672
209.9609
209.9609
214.8437
214.8437
327.1484
327.1484
424.8047
424.8047
522.4609
522.4609
659.1797
659.1797
761.7187
761.7187
869.1406
869.1406
961.9141
961.9141
1064.4531
1064.4531
1152.3437
1152.3437
1259.7656
1259.7656
1347.6562
1347.6562
1455.0781
1455.0781
1508.7891
1508.7891
1406.2500
1406.2500
957.0312
957.0312
190.4297
190.4297
0.0000
0.0000
0.0000
0.0000
0.0000
0.0000
0.0000
0.0000
0.0000
0.0000
0.0000
0.0000
0.0000
0.0000
0.0000
0.0000
0.0000
0.0000
0.0000
0.0000
0.0000
0.0000
0.0000
0.0000
0.0000
0.0000
0.0000
0.0000
0.0000
0.0000
0.0000
0.0000
0.0000
0.0000
0.0000
4.8828
4.8828
4.8828
9.7656
9.7656
43.9453
43.9453
102.5391
102.5391
136.7187
258.7891
258.7891
278.3203
278.3203
351.5625
351.5625
375.9766
375.9766
395.5078
395.5078
395.5078
415.0391
415.0391
454.1016
454.1016
551.7578
551.7578
659.1797
800.7812
800.7812
937.5000
937.5000
1054.6875
1054.6875
1127.9297
1127.9297
1191.4062
1191.4062
1191.4062
1240.2344
1298.8281
1298.8281
1362.3047
1362.3047
1411.1328
1411.1328
1313.4766
1313.4766
888.6719
888.6719
195.3125
195.3125
0.0000
0.0000
0.0000
0.0000
0.0000
0.0000
0.0000
0.0000
0.0000
0.0000
0.0000
0.0000
0.0000
0.0000
0.0000
0.0000
0.0000
0.0000
0.0000
0.0000
0.0000
0.0000
0.0000
0.0000
0.0000
0.0000
0.0000
0.0000
0.0000
0.0000
0.0000
0.0000
0.0000
0.0000
0.0000
0.0000
9.7656
9.7656
4.8828
4.8828
19.5312
19.5312
0.0000
0.0000
39.0625
39.0625
107.4219
107.4219
219.7266
219.7266
346.6797
346.6797
434.5703
434.5703
493.1641
493.1641
488.2812
488.2812
478.5156
478.5156
468.7500
468.7500
551.7578
551.7578
664.0625
664.0625
815.4297
815.4297
986.3281
986.3281
1147.4609
1147.4609
1279.2969
1279.2969
1376.9531
1376.9531
1445.3125
1445.3125
1499.0234
1499.0234
1572.2656
1572.2656
1582.0312
1582.0312
1459.9609
1459.9609
1093.7500
1093.7500
532.2266
532.2266
0.0000
0.0000
0.0000
0.0000
0.0000
0.0000
0.0000
0.0000
0.0000
0.0000
0.0000
0.0000
0.0000
0.0000
0.0000
0.0000
0.0000
0.0000
0.0000
0.0000
0.0000
0.0000
0.0000
0.0000
0.0000
0.0000
0.0000
0.0000
0.0000
0.0000
0.0000
0.0000
0.0000
0.0000
0.0000
0.0000
0.0000
0.0000
0.0000
0.0000
0.0000
0.0000
0.0000
0.0000
0.0000
0.0000
78.1250
78.1250
244.1406
244.1406
463.8672
463.8672
649.4141
649.4141
820.3125
820.3125
937.5000
937.5000
1005.8594
1005.8594
1030.2734
1030.2734
1015.6250
1015.6250
1010.7422
1010.7422
1025.3906
1025.3906
1079.1016
1079.1016
1113.2812
1113.2812
1113.2812
1113.2812
1030.2734
1030.2734
908.2031
908.2031
649.4141
649.4141
317.3828
317.3828
43.9453
43.9453
0.0000
0.0000
0.0000
0.0000
0.0000
0.0000
0.0000
0.0000
0.0000
0.0000
0.0000
0.0000
0.0000
0.0000
0.0000
0.0000
0.0000
0.0000
0.0000
0.0000
0.0000
0.0000
0.0000
0.0000
0.0000
0.0000
0.0000
0.0000
0.0000
0.0000
0.0000
0.0000
0.0000
0.0000
0.0000
0.0000
0.0000
0.0000
53.7109
53.7109
288.0859
288.0859
463.8672
463.8672
615.2344
615.2344
693.3594
693.3594
737.3047
737.3047
742.1875
742.1875
766.6016
766.6016
815.4297
815.4297
869.1406
869.1406
937.5000
937.5000
961.9141
961.9141
952.1484
952.1484
883.7891
883.7891
800.7812
800.7812
693.3594
693.3594
629.8828
629.8828
644.5312
644.5312
664.0625
664.0625
581.0547
581.0547
346.6797
346.6797
39.0625
39.0625
0.0000
0.0000
0.0000
0.0000
0.0000
0.0000
0.0000
0.0000
0.0000
0.0000
0.0000
0.0000
0.0000
0.0000
0.0000
0.0000
0.0000
0.0000
0.0000
0.0000
0.0000
0.0000
0.0000
0.0000
0.0000
0.0000
0.0000
0.0000
0.0000
0.0000
19.5312
19.5312
253.9062
253.9062
468.7500
468.7500
649.4141
649.4141
766.6016
766.6016
854.4922
854.4922
883.7891
883.7891
917.9687
917.9687
927.7344
927.7344
957.0312
957.0312
996.0937
996.0937
1035.1562
1035.1562
1040.0391
1040.0391
1010.7422
1010.7422
952.1484
952.1484
864.2578
864.2578
800.7812
800.7812
742.1875
742.1875
761.7187
761.7187
810.5469
810.5469
781.2500
781.2500
551.7578
551.7578
161.1328
161.1328
0.0000
0.0000
0.0000
0.0000
0.0000
0.0000
0.0000
0.0000
0.0000
0.0000
0.0000
0.0000
0.0000
0.0000
0.0000
0.0000
0.0000
0.0000
0.0000
0.0000
0.0000
0.0000
0.0000
0.0000
0.0000
0.0000
0.0000
0.0000
0.0000
0.0000
0.0000
0.0000
0.0000
0.0000
126.9531
126.9531
229.4922
229.4922
375.9766
375.9766
493.1641
493.1641
634.7656
634.7656
766.6016
766.6016
888.6719
888.6719
961.9141
961.9141
991.2109
991.2109
971.6797
971.6797
917.9687
917.9687
830.0781
830.0781
791.0156
791.0156
781.2500
781.2500
805.6641
805.6641
869.1406
869.1406
898.4375
898.4375
947.2656
947.2656
937.5000
937.5000
786.1328
786.1328
410.1562
410.1562
39.0625
39.0625
0.0000
0.0000
0.0000
0.0000
0.0000
0.0000
0.0000
0.0000
0.0000
0.0000
0.0000
0.0000
0.0000
0.0000
0.0000
0.0000
0.0000
0.0000
0.0000
0.0000
0.0000
0.0000
0.0000
0.0000
0.0000
0.0000
0.0000
0.0000
0.0000
0.0000
0.0000
0.0000
156.2500
156.2500
327.1484
327.1484
493.1641
493.1641
673.8281
673.8281
839.8437
839.8437
996.0937
996.0937
1079.1016
1079.1016
1123.0469
1123.0469
1098.6328
1098.6328
1035.1562
1035.1562
976.5625
976.5625
937.5000
937.5000
927.7344
927.7344
913.0859
913.0859
908.2031
908.2031
864.2578
864.2578
820.3125
820.3125
800.7812
800.7812
742.1875
742.1875
537.1094
537.1094
244.1406
244.1406
0.0000
0.0000
0.0000
0.0000
0.0000
0.0000
0.0000
0.0000
0.0000
0.0000
0.0000
0.0000
0.0000
0.0000
0.0000
0.0000
0.0000
0.0000
0.0000
0.0000
0.0000
0.0000
0.0000
0.0000
0.0000
0.0000
0.0000
0.0000
0.0000
0.0000
0.0000
0.0000
0.0000
0.0000
0.0000
0.0000
0.0000
0.0000
92.7734
92.7734
351.5625
351.5625
556.6406
556.6406
693.3594
693.3594
805.6641
805.6641
834.9609
834.9609
839.8437
839.8437
830.0781
830.0781
878.9062
878.9062
937.5000
937.5000
976.5625
976.5625
1005.8594
1005.8594
1010.7422
1010.7422
996.0937
996.0937
922.8516
922.8516
854.4922
854.4922
795.8984
795.8984
800.7812
800.7812
727.5391
727.5391
512.6953
512.6953
200.1953
200.1953
0.0000
0.0000
0.0000
0.0000
0.0000
0.0000
0.0000
0.0000
0.0000
0.0000
0.0000
0.0000
0.0000
0.0000
0.0000
0.0000
0.0000
0.0000
0.0000
0.0000
0.0000
0.0000
0.0000
0.0000
0.0000
0.0000
0.0000
0.0000
0.0000
0.0000
0.0000
0.0000
161.1328
161.1328
371.0937
371.0937
546.8750
546.8750
688.4766
688.4766
786.1328
786.1328
839.8437
839.8437
903.3203
903.3203
952.1484
952.1484
1005.8594
1005.8594
1044.9219
1044.9219
1079.1016
1079.1016
1074.2187
1074.2187
1030.2734
1030.2734
966.7969
966.7969
878.9062
878.9062
825.1953
825.1953
800.7812
800.7812
893.5547
893.5547
991.2109
991.2109
957.0312
957.0312
693.3594
693.3594
278.3203
278.3203
0.0000
0.0000
0.0000
0.0000
0.0000
0.0000
0.0000
0.0000
0.0000
0.0000
0.0000
0.0000
0.0000
0.0000
0.0000
0.0000
0.0000
0.0000
0.0000
0.0000
0.0000
0.0000
0.0000
0.0000
0.0000
0.0000
0.0000
0.0000
0.0000
0.0000
0.0000
0.0000
0.0000
0.0000
136.7187
136.7187
288.0859
288.0859
439.4531
439.4531
537.1094
537.1094
644.5312
644.5312
737.3047
737.3047
849.6094
849.6094
922.8516
922.8516
1000.9766
1000.9766
1035.1562
1035.1562
1020.5078
1020.5078
971.6797
971.6797
913.0859
913.0859
849.6094
849.6094
839.8437
839.8437
859.3750
859.3750
893.5547
893.5547
986.3281
986.3281
996.0937
996.0937
825.1953
825.1953
444.3359
444.3359
39.0625
39.0625
0.0000
0.0000
0.0000
0.0000
0.0000
0.0000
0.0000
0.0000
0.0000
0.0000
0.0000
0.0000
0.0000
0.0000
0.0000
0.0000
0.0000
0.0000
0.0000
0.0000
0.0000
0.0000
0.0000
0.0000
0.0000
0.0000
0.0000
0.0000
180.6641
180.6641
332.0312
332.0312
473.6328
473.6328
585.9375
585.9375
698.2422
698.2422
844.7266
844.7266
981.4453
981.4453
1123.0469
1123.0469
1220.7031
1220.7031
1250.0000
1250.0000
1196.2891
1196.2891
1093.7500
1093.7500
947.2656
947.2656
844.7266
844.7266
800.7812
800.7812
815.4297
815.4297
883.7891
883.7891
913.0859
913.0859
932.6172
932.6172
913.0859
913.0859
859.3750
859.3750
644.5312
644.5312
288.0859
288.0859
0.0000
0.0000
0.0000
0.0000
0.0000
0.0000
0.0000
0.0000
0.0000
0.0000
0.0000
0.0000
0.0000
0.0000
0.0000
0.0000
0.0000
0.0000
0.0000
0.0000
0.0000
0.0000
0.0000
0.0000
0.0000
0.0000
0.0000
0.0000
0.0000
0.0000
0.0000
0.0000
0.0000
0.0000
0.0000
0.0000
9.7656
9.7656
239.2578
239.2578
468.7500
468.7500
659.1797
659.1797
815.4297
815.4297
917.9687
917.9687
947.2656
947.2656
937.5000
937.5000
883.7891
883.7891
864.2578
864.2578
864.2578
864.2578
908.2031
908.2031
932.6172
932.6172
957.0312
957.0312
957.0312
957.0312
888.6719
888.6719
820.3125
820.3125
761.7187
761.7187
751.9531
751.9531
625.0000
625.0000
371.0937
371.0937
43.9453
43.9453
0.0000
0.0000
0.0000
0.0000
0.0000
0.0000
0.0000
0.0000
0.0000
0.0000
0.0000
0.0000
0.0000
0.0000
0.0000
0.0000
0.0000
0.0000
0.0000
0.0000
0.0000
0.0000
0.0000
0.0000
0.0000
0.0000
0.0000
0.0000
0.0000
0.0000
0.0000
170.8984
170.8984
170.8984
405.2734
405.2734
644.5312
644.5312
839.8437
839.8437
966.7969
966.7969
1015.6250
981.4453
981.4453
893.5547
893.5547
815.4297
815.4297
810.5469
810.5469
849.6094
849.6094
903.3203
903.3203
971.6797
971.6797
966.7969
966.7969
927.7344
927.7344
825.1953
825.1953
732.4219
732.4219
732.4219
732.4219
732.4219
732.4219
639.6484
639.6484
361.3281
361.3281
9.7656
9.7656
0.0000
0.0000
0.0000
0.0000
0.0000
0.0000
0.0000
0.0000
0.0000
0.0000
0.0000
0.0000
0.0000
0.0000
0.0000
0.0000
0.0000
0.0000
0.0000
0.0000
0.0000
0.0000
0.0000
0.0000
0.0000
0.0000
0.0000
0.0000
0.0000
0.0000
0.0000
0.0000
0.0000
0.0000
175.7812
175.7812
366.2109
366.2109
498.0469
498.0469
585.9375
585.9375
664.0625
664.0625
722.6562
722.6562
805.6641
805.6641
874.0234
874.0234
961.9141
961.9141
1035.1562
1035.1562
1064.4531
1064.4531
1025.3906
1025.3906
942.3828
942.3828
825.1953
825.1953
722.6562
722.6562
693.3594
693.3594
800.7812
800.7812
854.4922
854.4922
766.6016
766.6016
502.9297
502.9297
102.5391
102.5391
0.0000
0.0000
0.0000
0.0000
0.0000
0.0000
0.0000
0.0000
0.0000
0.0000
0.0000
0.0000
0.0000
0.0000
0.0000
0.0000
0.0000
0.0000
0.0000
0.0000
0.0000
0.0000
0.0000
0.0000
0.0000
0.0000
0.0000
0.0000
122.0703
122.0703
366.2109
366.2109
556.6406
556.6406
732.4219
732.4219
849.6094
849.6094
937.5000
937.5000
971.6797
971.6797
971.6797
971.6797
961.9141
961.9141
947.2656
947.2656
957.0312
957.0312
981.4453
981.4453
1000.9766
1000.9766
971.6797
971.6797
942.3828
942.3828
859.3750
859.3750
805.6641
805.6641
766.6016
766.6016
795.8984
795.8984
878.9062
878.9062
893.5547
893.5547
717.7734
717.7734
351.5625
351.5625
0.0000
0.0000
0.0000
0.0000
0.0000
0.0000
0.0000
0.0000
0.0000
0.0000
0.0000
0.0000
0.0000
0.0000
0.0000
0.0000
0.0000
0.0000
0.0000
0.0000
0.0000
0.0000
0.0000
0.0000
0.0000
0.0000
0.0000
0.0000
0.0000
0.0000
0.0000
0.0000
0.0000
0.0000
53.7109
53.7109
229.4922
229.4922
346.6797
346.6797
473.6328
473.6328
629.8828
629.8828
751.9531
751.9531
888.6719
888.6719
981.4453
981.4453
1020.5078
1020.5078
1035.1562
1035.1562
971.6797
971.6797
917.9687
917.9687
834.9609
834.9609
800.7812
800.7812
805.6641
805.6641
834.9609
834.9609
849.6094
849.6094
878.9062
878.9062
893.5547
893.5547
786.1328
786.1328
478.5156
478.5156
68.3594
68.3594
0.0000
0.0000
0.0000
0.0000
0.0000
0.0000
0.0000
0.0000
0.0000
0.0000
0.0000
0.0000
0.0000
0.0000
0.0000
0.0000
0.0000
0.0000
0.0000
0.0000
0.0000
0.0000
0.0000
0.0000
0.0000
0.0000
0.0000
0.0000
0.0000
0.0000
0.0000
0.0000
107.4219
107.4219
312.5000
312.5000
493.1641
493.1641
668.9453
668.9453
830.0781
830.0781
947.2656
947.2656
1015.6250
1015.6250
1025.3906
1025.3906
986.3281
986.3281
922.8516
922.8516
874.0234
874.0234
839.8437
839.8437
864.2578
864.2578
888.6719
888.6719
932.6172
932.6172
947.2656
947.2656
932.6172
932.6172
859.3750
859.3750
810.5469
810.5469
766.6016
766.6016
585.9375
585.9375
297.8516
297.8516
0.0000
0.0000
0.0000
0.0000
0.0000
0.0000
0.0000
0.0000
0.0000
0.0000
0.0000
0.0000
0.0000
0.0000
0.0000
0.0000
0.0000
0.0000
0.0000
0.0000
0.0000
0.0000
0.0000
0.0000
0.0000
0.0000
0.0000
0.0000
0.0000
0.0000
0.0000
0.0000
0.0000
0.0000
0.0000
0.0000
214.8437
214.8437
415.0391
415.0391
634.7656
634.7656
776.3672
776.3672
883.7891
883.7891
927.7344
927.7344
917.9687
917.9687
878.9062
878.9062
859.3750
859.3750
878.9062
878.9062
917.9687
917.9687
957.0312
957.0312
966.7969
966.7969
927.7344
927.7344
825.1953
825.1953
761.7187
761.7187
751.9531
751.9531
781.2500
781.2500
717.7734
717.7734
517.5781
517.5781
214.8437
214.8437
0.0000
0.0000
0.0000
0.0000
0.0000
0.0000
0.0000
0.0000
0.0000
0.0000
0.0000
0.0000
0.0000
0.0000
0.0000
0.0000
0.0000
0.0000
0.0000
0.0000
0.0000
0.0000
0.0000
0.0000
0.0000
0.0000
0.0000
0.0000
0.0000
0.0000
166.0156
166.0156
405.2734
405.2734
605.4687
605.4687
776.3672
776.3672
859.3750
859.3750
917.9687
917.9687
913.0859
913.0859
913.0859
913.0859
893.5547
893.5547
888.6719
888.6719
922.8516
922.8516
957.0312
957.0312
986.3281
986.3281
952.1484
952.1484
917.9687
917.9687
820.3125
820.3125
737.3047
737.3047
683.5937
683.5937
722.6562
722.6562
766.6016
766.6016
668.9453
668.9453
385.7422
385.7422
0.0000
0.0000
0.0000
0.0000
0.0000
0.0000
0.0000
0.0000
0.0000
0.0000
0.0000
0.0000
0.0000
0.0000
0.0000
0.0000
0.0000
0.0000
0.0000
0.0000
0.0000
0.0000
0.0000
0.0000
0.0000
0.0000
0.0000
0.0000
0.0000
0.0000
0.0000
0.0000
0.0000
0.0000
0.0000
0.0000
92.7734
92.7734
297.8516
297.8516
419.9219
419.9219
522.4609
522.4609
610.3516
610.3516
698.2422
698.2422
810.5469
810.5469
869.1406
869.1406
937.5000
937.5000
966.7969
966.7969
957.0312
957.0312
908.2031
908.2031
825.1953
825.1953
786.1328
786.1328
756.8359
756.8359
795.8984
795.8984
839.8437
839.8437
937.5000
937.5000
996.0937
996.0937
874.0234
874.0234
502.9297
502.9297
14.6484
14.6484
0.0000
0.0000
0.0000
0.0000
0.0000
0.0000
0.0000
0.0000
0.0000
0.0000
0.0000
0.0000
0.0000
0.0000
0.0000
0.0000
0.0000
0.0000
0.0000
0.0000
0.0000
0.0000
0.0000
0.0000
0.0000
0.0000
0.0000
0.0000
0.0000
0.0000
166.0156
166.0156
253.9062
253.9062
380.8594
380.8594
473.6328
473.6328
615.2344
615.2344
766.6016
766.6016
922.8516
922.8516
1035.1562
1035.1562
1113.2812
1113.2812
1093.7500
1093.7500
1030.2734
1030.2734
927.7344
927.7344
844.7266
844.7266
800.7812
800.7812
825.1953
825.1953
883.7891
883.7891
942.3828
942.3828
1000.9766
1000.9766
1025.3906
1025.3906
1064.4531
1064.4531
981.4453
981.4453
698.2422
698.2422
292.9687
292.9687
0.0000
0.0000
0.0000
0.0000
0.0000
0.0000
0.0000
0.0000
0.0000
0.0000
0.0000
0.0000
0.0000
0.0000
0.0000
0.0000
0.0000
0.0000
0.0000
0.0000
0.0000
0.0000
0.0000
0.0000
0.0000
0.0000
0.0000
0.0000
0.0000
0.0000
0.0000
0.0000
0.0000
0.0000
107.4219
107.4219
336.9141
336.9141
517.5781
517.5781
722.6562
722.6562
874.0234
874.0234
986.3281
986.3281
1010.7422
1010.7422
996.0937
996.0937
952.1484
952.1484
893.5547
893.5547
869.1406
869.1406
878.9062
878.9062
903.3203
903.3203
937.5000
937.5000
952.1484
952.1484
917.9687
917.9687
859.3750
859.3750
781.2500
781.2500
761.7187
761.7187
649.4141
649.4141
405.2734
405.2734
63.4766
63.4766
0.0000
0.0000
0.0000
0.0000
0.0000
0.0000
0.0000
0.0000
0.0000
0.0000
0.0000
0.0000
0.0000
0.0000
0.0000
0.0000
0.0000
0.0000
0.0000
0.0000
0.0000
0.0000
0.0000
0.0000
0.0000
0.0000
0.0000
0.0000
0.0000
0.0000
0.0000
0.0000
0.0000
0.0000
258.7891
258.7891
502.9297
502.9297
698.2422
698.2422
854.4922
854.4922
913.0859
913.0859
917.9687
917.9687
864.2578
864.2578
825.1953
825.1953
815.4297
815.4297
859.3750
859.3750
922.8516
922.8516
966.7969
966.7969
976.5625
976.5625
932.6172
932.6172
864.2578
864.2578
756.8359
756.8359
742.1875
742.1875
781.2500
781.2500
800.7812
800.7812
668.9453
668.9453
366.2109
366.2109
0.0000
0.0000
0.0000
0.0000
0.0000
0.0000
0.0000
0.0000
0.0000
0.0000
0.0000
0.0000
0.0000
0.0000
0.0000
0.0000
0.0000
0.0000
0.0000
0.0000
0.0000
0.0000
0.0000
0.0000
0.0000
0.0000
0.0000
0.0000
0.0000
0.0000
0.0000
0.0000
58.5937
58.5937
302.7344
302.7344
488.2812
488.2812
654.2969
654.2969
737.3047
737.3047
805.6641
805.6641
839.8437
839.8437
903.3203
903.3203
952.1484
952.1484
1020.5078
1020.5078
1049.8047
1049.8047
1059.5703
1059.5703
1020.5078
1020.5078
932.6172
932.6172
854.4922
854.4922
786.1328
786.1328
776.3672
776.3672
766.6016
766.6016
825.1953
825.1953
883.7891
883.7891
898.4375
898.4375
703.1250
703.1250
346.6797
346.6797
0.0000
0.0000
0.0000
0.0000
0.0000
0.0000
0.0000
0.0000
0.0000
0.0000
0.0000
0.0000
0.0000
0.0000
0.0000
0.0000
0.0000
0.0000
0.0000
0.0000
0.0000
0.0000
0.0000
0.0000
0.0000
0.0000
0.0000
0.0000
0.0000
0.0000
0.0000
166.0156
166.0156
166.0156
361.3281
361.3281
498.0469
498.0469
625.0000
625.0000
722.6562
722.6562
825.1953
903.3203
903.3203
976.5625
976.5625
1005.8594
1005.8594
1000.9766
1000.9766
947.2656
947.2656
