0.0000
0.0000
0.0000
0.0000
0.0000
0.0000
0.0000
0.0000
0.0000
0.0000
0.0000
0.0000
0.0000
0.0000
0.0000
0.0000
0.0000
0.0000
0.0000
0.0000
0.0000
0.0000
0.0000
0.0000
0.0000
0.0000
0.0000
0.0000
0.0000
0.0000
0.0000
0.0000
0.0000
0.0000
0.0000
0.0000
0.0000
0.0000
0.0000
0.0000
0.0000
0.0000
0.0000
0.0000
0.0000
0.0000
0.0000
0.0000
0.0000
0.0000
0.0000
0.0000
0.0000
0.0000
0.0000
0.0000
0.0000
0.0000
0.0000
0.0000
0.0000
0.0000
0.0000
0.0000
0.0000
0.0000
0.0000
0.0000
0.0000
0.0000
0.0000
0.0000
0.0000
0.0000
0.0000
0.0000
0.0000
0.0000
0.0000
0.0000
0.0000
0.0000
0.0000
0.0000
0.0000
0.0000
0.0000
0.0000
0.0000
0.0000
0.0000
0.0000
0.0000
0.0000
0.0000
0.0000
0.0000
0.0000
0.0000
0.0000
0.0000
0.0000
0.0000
0.0000
0.0000
0.0000
0.0000
0.0000
0.0000
0.0000
0.0000
0.0000
0.0000
0.0000
0.0000
0.0000
0.0000
0.0000
0.0000
0.0000
0.0000
0.0000
0.0000
0.0000
0.0000
0.0000
0.0000
0.0000
0.0000
0.0000
0.0000
0.0000
0.0000
0.0000
0.0000
0.0000
0.0000
0.0000
0.0000
0.0000
0.0000
0.0000
0.0000
0.0000
0.0000
0.0000
0.0000
0.0000
0.0000
0.0000
0.0000
0.0000
0.0000
0.0000
0.0000
0.0000
0.0000
0.0000
0.0000
0.0000
0.0000
0.0000
19.5312
19.5312
0.0000
0.0000
0.0000
0.0000
0.0000
0.0000
0.0000
0.0000
0.0000
0.0000
0.0000
0.0000
0.0000
34.1797
34.1797
48.8281
48.8281
4.8828
4.8828
0.0000
0.0000
0.0000
0.0000
0.0000
0.0000
0.0000
0.0000
0.0000
0.0000
14.6484
14.6484
73.2422
73.2422
43.9453
43.9453
4.8828
4.8828
0.0000
0.0000
0.0000
0.0000
0.0000
0.0000
0.0000
0.0000
0.0000
0.0000
19.5312
19.5312
78.1250
78.1250
83.0078
83.0078
58.5937
58.5937
0.0000
0.0000
0.0000
0.0000
0.0000
0.0000
0.0000
0.0000
0.0000
0.0000
0.0000
0.0000
78.1250
78.1250
97.6562
97.6562
78.1250
78.1250
0.0000
0.0000
0.0000
0.0000
0.0000
0.0000
0.0000
0.0000
0.0000
0.0000
0.0000
0.0000
29.2969
29.2969
63.4766
63.4766
24.4141
24.4141
0.0000
0.0000
0.0000
0.0000
0.0000
0.0000
0.0000
0.0000
0.0000
0.0000
0.0000
0.0000
48.8281
48.8281
92.7734
92.7734
78.1250
78.1250
29.2969
29.2969
0.0000
0.0000
0.0000
0.0000
0.0000
0.0000
0.0000
0.0000
0.0000
0.0000
9.7656
9.7656
29.2969
29.2969
34.1797
34.1797
4.8828
4.8828
0.0000
0.0000
0.0000
0.0000
0.0000
0.0000
0.0000
0.0000
0.0000
0.0000
4.8828
4.8828
24.4141
24.4141
39.0625
39.0625
0.0000
0.0000
0.0000
0.0000
0.0000
0.0000
0.0000
0.0000
0.0000
0.0000
0.0000
0.0000
39.0625
39.0625
63.4766
63.4766
78.1250
78.1250
34.1797
34.1797
0.0000
0.0000
0.0000
0.0000
0.0000
0.0000
0.0000
0.0000
0.0000
0.0000
48.8281
48.8281
102.5391
102.5391
112.3047
112.3047
63.4766
63.4766
0.0000
0.0000
0.0000
0.0000
0.0000
0.0000
0.0000
0.0000
0.0000
0.0000
29.2969
29.2969
107.4219
107.4219
126.9531
126.9531
117.1875
117.1875
29.2969
29.2969
0.0000
0.0000
0.0000
0.0000
0.0000
0.0000
0.0000
0.0000
14.6484
14.6484
83.0078
83.0078
102.5391
102.5391
92.7734
92.7734
24.4141
24.4141
0.0000
0.0000
0.0000
0.0000
0.0000
0.0000
0.0000
0.0000
9.7656
9.7656
53.7109
53.7109
83.0078
83.0078
63.4766
63.4766
19.5312
19.5312
0.0000
0.0000
0.0000
0.0000
0.0000
0.0000
0.0000
0.0000
4.8828
4.8828
68.3594
68.3594
112.3047
112.3047
87.8906
87.8906
39.0625
39.0625
0.0000
0.0000
0.0000
0.0000
0.0000
0.0000
0.0000
0.0000
0.0000
0.0000
53.7109
53.7109
83.0078
83.0078
58.5937
58.5937
14.6484
14.6484
0.0000
0.0000
0.0000
0.0000
0.0000
0.0000
0.0000
0.0000
0.0000
0.0000
39.0625
39.0625
78.1250
78.1250
68.3594
68.3594
9.7656
9.7656
0.0000
0.0000
0.0000
0.0000
0.0000
0.0000
0.0000
0.0000
0.0000
0.0000
73.2422
73.2422
97.6562
97.6562
102.5391
102.5391
43.9453
43.9453
0.0000
0.0000
0.0000
0.0000
0.0000
0.0000
0.0000
0.0000
0.0000
0.0000
48.8281
48.8281
102.5391
102.5391
107.4219
107.4219
73.2422
73.2422
14.6484
14.6484
0.0000
0.0000
0.0000
0.0000
0.0000
0.0000
0.0000
0.0000
0.0000
0.0000
73.2422
73.2422
102.5391
102.5391
102.5391
102.5391
39.0625
39.0625
0.0000
0.0000
0.0000
0.0000
0.0000
0.0000
0.0000
0.0000
14.6484
14.6484
73.2422
73.2422
78.1250
78.1250
68.3594
68.3594
0.0000
0.0000
0.0000
0.0000
0.0000
0.0000
0.0000
0.0000
0.0000
0.0000
24.4141
24.4141
63.4766
63.4766
92.7734
92.7734
68.3594
68.3594
4.8828
4.8828
0.0000
0.0000
0.0000
0.0000
0.0000
0.0000
0.0000
0.0000
9.7656
9.7656
48.8281
48.8281
87.8906
87.8906
63.4766
63.4766
24.4141
24.4141
0.0000
0.0000
0.0000
0.0000
0.0000
0.0000
0.0000
0.0000
19.5312
19.5312
73.2422
73.2422
107.4219
107.4219
68.3594
68.3594
14.6484
14.6484
0.0000
0.0000
0.0000
0.0000
0.0000
0.0000
0.0000
0.0000
0.0000
0.0000
63.4766
63.4766
78.1250
78.1250
58.5937
58.5937
4.8828
4.8828
0.0000
0.0000
0.0000
0.0000
0.0000
0.0000
0.0000
0.0000
0.0000
0.0000
78.1250
78.1250
112.3047
112.3047
126.9531
126.9531
73.2422
73.2422
0.0000
0.0000
0.0000
0.0000
0.0000
0.0000
0.0000
0.0000
0.0000
0.0000
68.3594
68.3594
97.6562
97.6562
102.5391
102.5391
58.5937
58.5937
4.8828
4.8828
0.0000
0.0000
0.0000
0.0000
0.0000
0.0000
0.0000
0.0000
24.4141
24.4141
68.3594
68.3594
78.1250
78.1250
63.4766
63.4766
19.5312
19.5312
0.0000
0.0000
0.0000
0.0000
0.0000
0.0000
4.8828
4.8828
48.8281
48.8281
87.8906
87.8906
73.2422
73.2422
53.7109
53.7109
0.0000
0.0000
0.0000
0.0000
0.0000
0.0000
0.0000
0.0000
9.7656
9.7656
58.5937
58.5937
102.5391
102.5391
87.8906
87.8906
63.4766
63.4766
0.0000
0.0000
0.0000
0.0000
0.0000
0.0000
0.0000
0.0000
0.0000
0.0000
19.5312
19.5312
53.7109
53.7109
83.0078
83.0078
63.4766
63.4766
19.5312
19.5312
0.0000
0.0000
0.0000
0.0000
0.0000
0.0000
0.0000
0.0000
29.2969
29.2969
78.1250
78.1250
117.1875
117.1875
97.6562
97.6562
29.2969
29.2969
0.0000
0.0000
0.0000
0.0000
0.0000
0.0000
0.0000
0.0000
0.0000
0.0000
48.8281
48.8281
83.0078
83.0078
68.3594
68.3594
4.8828
4.8828
0.0000
0.0000
0.0000
0.0000
0.0000
0.0000
0.0000
0.0000
0.0000
0.0000
48.8281
48.8281
92.7734
92.7734
107.4219
107.4219
58.5937
58.5937
0.0000
0.0000
0.0000
0.0000
0.0000
0.0000
0.0000
0.0000
0.0000
0.0000
39.0625
39.0625
78.1250
78.1250
92.7734
92.7734
43.9453
43.9453
0.0000
0.0000
0.0000
0.0000
0.0000
0.0000
0.0000
0.0000
19.5312
19.5312
63.4766
63.4766
87.8906
87.8906
73.2422
73.2422
0.0000
0.0000
0.0000
0.0000
0.0000
0.0000
0.0000
0.0000
0.0000
0.0000
14.6484
14.6484
63.4766
63.4766
107.4219
107.4219
87.8906
87.8906
48.8281
48.8281
0.0000
0.0000
0.0000
0.0000
0.0000
0.0000
0.0000
0.0000
0.0000
0.0000
63.4766
63.4766
117.1875
117.1875
117.1875
117.1875
83.0078
83.0078
0.0000
0.0000
0.0000
0.0000
0.0000
0.0000
0.0000
0.0000
0.0000
0.0000
14.6484
14.6484
63.4766
63.4766
73.2422
73.2422
48.8281
48.8281
0.0000
0.0000
0.0000
0.0000
0.0000
0.0000
0.0000
0.0000
0.0000
0.0000
48.8281
48.8281
83.0078
83.0078
112.3047
112.3047
73.2422
73.2422
19.5312
19.5312
0.0000
0.0000
0.0000
0.0000
0.0000
0.0000
0.0000
0.0000
0.0000
0.0000
34.1797
34.1797
68.3594
68.3594
53.7109
53.7109
14.6484
14.6484
0.0000
0.0000
0.0000
0.0000
0.0000
0.0000
0.0000
0.0000
0.0000
0.0000
34.1797
34.1797
53.7109
53.7109
68.3594
68.3594
24.4141
24.4141
0.0000
0.0000
0.0000
0.0000
0.0000
0.0000
0.0000
0.0000
0.0000
0.0000
58.5937
58.5937
78.1250
78.1250
83.0078
83.0078
39.0625
39.0625
0.0000
0.0000
0.0000
0.0000
0.0000
0.0000
0.0000
0.0000
19.5312
19.5312
87.8906
87.8906
112.3047
112.3047
102.5391
102.5391
34.1797
34.1797
0.0000
0.0000
0.0000
0.0000
0.0000
0.0000
0.0000
0.0000
4.8828
4.8828
78.1250
78.1250
126.9531
126.9531
131.8359
131.8359
83.0078
83.0078
0.0000
0.0000
0.0000
0.0000
0.0000
0.0000
0.0000
0.0000
0.0000
0.0000
58.5937
58.5937
122.0703
122.0703
122.0703
122.0703
97.6562
97.6562
9.7656
9.7656
0.0000
0.0000
0.0000
0.0000
0.0000
0.0000
0.0000
0.0000
19.5312
19.5312
73.2422
73.2422
83.0078
83.0078
58.5937
58.5937
0.0000
0.0000
0.0000
0.0000
0.0000
0.0000
0.0000
0.0000
0.0000
0.0000
58.5937
58.5937
97.6562
97.6562
117.1875
117.1875
83.0078
83.0078
19.5312
19.5312
0.0000
0.0000
0.0000
0.0000
0.0000
0.0000
0.0000
0.0000
9.7656
9.7656
34.1797
34.1797
58.5937
58.5937
24.4141
24.4141
0.0000
0.0000
0.0000
0.0000
0.0000
0.0000
0.0000
0.0000
0.0000
0.0000
0.0000
0.0000
34.1797
34.1797
63.4766
63.4766
39.0625
39.0625
0.0000
0.0000
0.0000
0.0000
0.0000
0.0000
0.0000
0.0000
0.0000
0.0000
14.6484
14.6484
83.0078
83.0078
92.7734
92.7734
87.8906
34.1797
34.1797
34.1797
0.0000
0.0000
0.0000
0.0000
0.0000
0.0000
0.0000
0.0000
0.0000
0.0000
78.1250
78.1250
117.1875
117.1875
126.9531
126.9531
43.9453
0.0000
0.0000
0.0000
0.0000
0.0000
0.0000
0.0000
0.0000
0.0000
0.0000
0.0000
63.4766
63.4766
122.0703
122.0703
136.7187
136.7187
78.1250
78.1250
19.5312
19.5312
0.0000
0.0000
0.0000
0.0000
0.0000
0.0000
0.0000
0.0000
29.2969
29.2969
92.7734
92.7734
102.5391
73.2422
73.2422
0.0000
0.0000
0.0000
0.0000
0.0000
0.0000
0.0000
0.0000
0.0000
0.0000
19.5312
19.5312
78.1250
78.1250
73.2422
73.2422
68.3594
68.3594
0.0000
0.0000
0.0000
0.0000
0.0000
0.0000
0.0000
0.0000
0.0000
0.0000
39.0625
39.0625
92.7734
92.7734
117.1875
117.1875
83.0078
83.0078
0.0000
0.0000
0.0000
0.0000
0.0000
0.0000
0.0000
0.0000
0.0000
0.0000
29.2969
29.2969
73.2422
73.2422
92.7734
92.7734
43.9453
43.9453
0.0000
0.0000
0.0000
0.0000
0.0000
0.0000
0.0000
0.0000
0.0000
0.0000
9.7656
9.7656
53.7109
53.7109
68.3594
68.3594
29.2969
29.2969
0.0000
0.0000
0.0000
0.0000
0.0000
0.0000
0.0000
0.0000
0.0000
0.0000
19.5312
19.5312
97.6562
97.6562
107.4219
107.4219
92.7734
92.7734
24.4141
24.4141
0.0000
0.0000
0.0000
0.0000
0.0000
0.0000
0.0000
0.0000
0.0000
0.0000
83.0078
83.0078
112.3047
112.3047
117.1875
117.1875
68.3594
68.3594
0.0000
0.0000
0.0000
0.0000
0.0000
0.0000
0.0000
0.0000
0.0000
0.0000
39.0625
39.0625
97.6562
97.6562
122.0703
122.0703
92.7734
92.7734
34.1797
34.1797
0.0000
0.0000
0.0000
0.0000
0.0000
0.0000
0.0000
0.0000
48.8281
48.8281
83.0078
83.0078
87.8906
87.8906
48.8281
48.8281
0.0000
0.0000
0.0000
0.0000
0.0000
0.0000
0.0000
0.0000
0.0000
0.0000
48.8281
48.8281
102.5391
102.5391
97.6562
97.6562
73.2422
73.2422
0.0000
0.0000
0.0000
0.0000
0.0000
0.0000
0.0000
0.0000
0.0000
0.0000
43.9453
43.9453
92.7734
92.7734
107.4219
107.4219
78.1250
78.1250
9.7656
9.7656
0.0000
0.0000
0.0000
0.0000
0.0000
0.0000
0.0000
0.0000
48.8281
48.8281
92.7734
92.7734
117.1875
117.1875
78.1250
78.1250
0.0000
0.0000
0.0000
0.0000
0.0000
0.0000
0.0000
0.0000
0.0000
0.0000
14.6484
14.6484
63.4766
63.4766
87.8906
87.8906
39.0625
39.0625
0.0000
0.0000
0.0000
0.0000
0.0000
0.0000
0.0000
0.0000
0.0000
0.0000
4.8828
4.8828
73.2422
73.2422
122.0703
122.0703
107.4219
107.4219
48.8281
48.8281
0.0000
0.0000
0.0000
0.0000
0.0000
0.0000
0.0000
0.0000
4.8828
4.8828
68.3594
68.3594
92.7734
92.7734
83.0078
83.0078
24.4141
24.4141
0.0000
0.0000
0.0000
0.0000
0.0000
0.0000
0.0000
0.0000
0.0000
0.0000
53.7109
53.7109
63.4766
63.4766
63.4766
63.4766
19.5312
19.5312
0.0000
0.0000
0.0000
0.0000
0.0000
0.0000
0.0000
0.0000
24.4141
24.4141
68.3594
68.3594
83.0078
83.0078
68.3594
68.3594
14.6484
14.6484
0.0000
0.0000
0.0000
0.0000
0.0000
0.0000
0.0000
0.0000
14.6484
14.6484
63.4766
63.4766
107.4219
107.4219
83.0078
83.0078
39.0625
39.0625
0.0000
0.0000
0.0000
0.0000
0.0000
0.0000
0.0000
0.0000
0.0000
0.0000
34.1797
34.1797
73.2422
73.2422
73.2422
73.2422
53.7109
53.7109
0.0000
0.0000
0.0000
0.0000
0.0000
0.0000
0.0000
0.0000
0.0000
0.0000
53.7109
53.7109
92.7734
92.7734
117.1875
117.1875
73.2422
73.2422
0.0000
0.0000
0.0000
0.0000
0.0000
0.0000
0.0000
0.0000
0.0000
0.0000
4.8828
4.8828
48.8281
48.8281
87.8906
87.8906
53.7109
53.7109
0.0000
0.0000
0.0000
0.0000
0.0000
0.0000
0.0000
0.0000
0.0000
0.0000
0.0000
0.0000
43.9453
43.9453
87.8906
87.8906
73.2422
73.2422
39.0625
39.0625
0.0000
0.0000
0.0000
0.0000
0.0000
0.0000
0.0000
0.0000
0.0000
0.0000
73.2422
73.2422
92.7734
92.7734
83.0078
83.0078
29.2969
29.2969
0.0000
0.0000
0.0000
0.0000
0.0000
0.0000
0.0000
0.0000
39.0625
39.0625
97.6562
97.6562
97.6562
97.6562
78.1250
78.1250
0.0000
0.0000
0.0000
0.0000
0.0000
0.0000
0.0000
0.0000
0.0000
0.0000
43.9453
43.9453
92.7734
92.7734
112.3047
112.3047
92.7734
92.7734
24.4141
24.4141
0.0000
0.0000
0.0000
0.0000
0.0000
0.0000
0.0000
0.0000
34.1797
34.1797
92.7734
92.7734
131.8359
131.8359
112.3047
112.3047
63.4766
63.4766
0.0000
0.0000
0.0000
0.0000
0.0000
0.0000
0.0000
0.0000
0.0000
0.0000
34.1797
34.1797
92.7734
92.7734
78.1250
78.1250
43.9453
43.9453
0.0000
0.0000
0.0000
0.0000
0.0000
0.0000
0.0000
0.0000
0.0000
0.0000
68.3594
68.3594
112.3047
112.3047
112.3047
112.3047
83.0078
83.0078
9.7656
9.7656
0.0000
0.0000
0.0000
0.0000
0.0000
0.0000
0.0000
0.0000
4.8828
4.8828
43.9453
43.9453
73.2422
73.2422
53.7109
53.7109
0.0000
0.0000
0.0000
0.0000
0.0000
0.0000
0.0000
0.0000
0.0000
0.0000
4.8828
4.8828
43.9453
43.9453
68.3594
68.3594
39.0625
39.0625
4.8828
4.8828
0.0000
0.0000
0.0000
0.0000
0.0000
0.0000
0.0000
0.0000
24.4141
24.4141
68.3594
68.3594
87.8906
87.8906
58.5937
58.5937
14.6484
14.6484
0.0000
0.0000
0.0000
0.0000
0.0000
0.0000
0.0000
0.0000
34.1797
34.1797
107.4219
107.4219
117.1875
117.1875
92.7734
92.7734
9.7656
9.7656
0.0000
0.0000
0.0000
0.0000
0.0000
0.0000
0.0000
0.0000
29.2969
29.2969
107.4219
107.4219
131.8359
131.8359
122.0703
122.0703
43.9453
43.9453
0.0000
0.0000
0.0000
0.0000
0.0000
0.0000
0.0000
0.0000
0.0000
0.0000
63.4766
63.4766
112.3047
112.3047
102.5391
102.5391
58.5937
58.5937
0.0000
0.0000
0.0000
0.0000
0.0000
0.0000
0.0000
0.0000
0.0000
0.0000
39.0625
39.0625
87.8906
87.8906
73.2422
73.2422
24.4141
24.4141
0.0000
0.0000
0.0000
0.0000
0.0000
0.0000
0.0000
0.0000
0.0000
0.0000
53.7109
53.7109
107.4219
107.4219
92.7734
92.7734
63.4766
63.4766
0.0000
0.0000
0.0000
0.0000
0.0000
0.0000
0.0000
0.0000
0.0000
0.0000
29.2969
29.2969
58.5937
58.5937
63.4766
63.4766
19.5312
19.5312
0.0000
0.0000
0.0000
0.0000
0.0000
0.0000
0.0000
0.0000
0.0000
0.0000
14.6484
14.6484
48.8281
48.8281
53.7109
53.7109
9.7656
9.7656
0.0000
0.0000
0.0000
0.0000
0.0000
0.0000
0.0000
0.0000
0.0000
0.0000
43.9453
43.9453
83.0078
83.0078
92.7734
92.7734
63.4766
63.4766
19.5312
19.5312
0.0000
0.0000
0.0000
0.0000
0.0000
0.0000
0.0000
0.0000
29.2969
29.2969
97.6562
97.6562
126.9531
126.9531
112.3047
112.3047
48.8281
48.8281
0.0000
0.0000
0.0000
0.0000
0.0000
0.0000
0.0000
0.0000
0.0000
0.0000
83.0078
83.0078
122.0703
122.0703
136.7187
136.7187
78.1250
78.1250
19.5312
19.5312
0.0000
0.0000
0.0000
0.0000
0.0000
0.0000
9.7656
9.7656
53.7109
53.7109
97.6562
97.6562
102.5391
102.5391
58.5937
58.5937
0.0000
0.0000
0.0000
0.0000
0.0000
0.0000
0.0000
0.0000
0.0000
0.0000
58.5937
58.5937
97.6562
97.6562
92.7734
92.7734
58.5937
58.5937
0.0000
0.0000
0.0000
0.0000
0.0000
0.0000
0.0000
0.0000
0.0000
0.0000
43.9453
43.9453
97.6562
97.6562
92.7734
92.7734
63.4766
63.4766
0.0000
0.0000
0.0000
0.0000
0.0000
0.0000
0.0000
0.0000
0.0000
0.0000
48.8281
48.8281
87.8906
87.8906
83.0078
83.0078
34.1797
34.1797
0.0000
0.0000
0.0000
0.0000
0.0000
0.0000
0.0000
0.0000
0.0000
0.0000
29.2969
29.2969
68.3594
68.3594
63.4766
63.4766
19.5312
19.5312
0.0000
0.0000
0.0000
0.0000
0.0000
0.0000
0.0000
0.0000
0.0000
0.0000
48.8281
48.8281
97.6562
97.6562
117.1875
117.1875
73.2422
73.2422
14.6484
14.6484
0.0000
0.0000
0.0000
0.0000
0.0000
0.0000
0.0000
0.0000
29.2969
29.2969
83.0078
83.0078
107.4219
107.4219
87.8906
87.8906
34.1797
34.1797
0.0000
0.0000
0.0000
0.0000
0.0000
0.0000
0.0000
0.0000
0.0000
0.0000
43.9453
43.9453
78.1250
78.1250
102.5391
102.5391
63.4766
63.4766
4.8828
4.8828
0.0000
0.0000
0.0000
0.0000
0.0000
0.0000
24.4141
24.4141
68.3594
68.3594
83.0078
83.0078
68.3594
68.3594
14.6484
14.6484
0.0000
0.0000
0.0000
0.0000
0.0000
0.0000
0.0000
19.5312
19.5312
19.5312
68.3594
68.3594
97.6562
97.6562
78.1250
78.1250
24.4141
24.4141
0.0000
0.0000
0.0000
0.0000
0.0000
0.0000
0.0000
0.0000
0.0000
0.0000
34.1797
34.1797
87.8906
87.8906
78.1250
78.1250
48.8281
48.8281
0.0000
0.0000
0.0000
0.0000
0.0000
0.0000
0.0000
0.0000
0.0000
58.5937
58.5937
58.5937
112.3047
112.3047
102.5391
102.5391
58.5937
58.5937
0.0000
0.0000
0.0000
0.0000
0.0000
0.0000
0.0000
0.0000
0.0000
29.2969
29.2969
73.2422
73.2422
73.2422
73.2422
24.4141
24.4141
0.0000
0.0000
0.0000
0.0000
0.0000
0.0000
0.0000
0.0000
0.0000
0.0000
29.2969
29.2969
83.0078
83.0078
112.3047
112.3047
78.1250
78.1250
29.2969
29.2969
0.0000
0.0000
0.0000
0.0000
0.0000
0.0000
0.0000
0.0000
29.2969
29.2969
78.1250
78.1250
92.7734
92.7734
68.3594
68.3594
24.4141
24.4141
0.0000
0.0000
0.0000
0.0000
0.0000
0.0000
0.0000
0.0000
24.4141
24.4141
68.3594
68.3594
63.4766
63.4766
48.8281
48.8281
0.0000
0.0000
0.0000
0.0000
0.0000
0.0000
0.0000
0.0000
4.8828
4.8828
43.9453
43.9453
92.7734
92.7734
102.5391
102.5391
73.2422
73.2422
4.8828
4.8828
0.0000
0.0000
0.0000
0.0000
0.0000
0.0000
0.0000
0.0000
39.0625
39.0625
87.8906
87.8906
112.3047
112.3047
63.4766
63.4766
0.0000
0.0000
0.0000
0.0000
0.0000
0.0000
0.0000
0.0000
0.0000
0.0000
0.0000
0.0000
0.0000
0.0000
0.0000
0.0000
0.0000
0.0000
0.0000
0.0000
0.0000
0.0000
0.0000
0.0000
0.0000
0.0000
0.0000
0.0000
0.0000
0.0000
0.0000
0.0000
0.0000
0.0000
0.0000
0.0000
0.0000
0.0000
0.0000
0.0000
0.0000
0.0000
0.0000
0.0000
0.0000
0.0000
0.0000
0.0000
0.0000
0.0000
0.0000
0.0000
0.0000
0.0000
0.0000
0.0000
0.0000
0.0000
0.0000
0.0000
4.8828
4.8828
78.1250
78.1250
170.8984
170.8984
327.1484
327.1484
415.0391
415.0391
502.9297
502.9297
507.8125
507.8125
517.5781
517.5781
488.2812
488.2812
468.7500
468.7500
483.3984
483.3984
512.6953
512.6953
566.4062
566.4062
576.1719
576.1719
551.7578
551.7578
468.7500
468.7500
405.2734
405.2734
273.4375
273.4375
0.0000
0.0000
0.0000
0.0000
0.0000
0.0000
0.0000
0.0000
0.0000
0.0000
0.0000
0.0000
0.0000
0.0000
0.0000
0.0000
0.0000
0.0000
0.0000
0.0000
0.0000
0.0000
0.0000
0.0000
0.0000
0.0000
0.0000
0.0000
0.0000
0.0000
0.0000
0.0000
0.0000
0.0000
0.0000
0.0000
0.0000
0.0000
0.0000
0.0000
0.0000
0.0000
0.0000
0.0000
0.0000
0.0000
9.7656
9.7656
161.1328
161.1328
229.4922
229.4922
312.5000
312.5000
356.4453
356.4453
463.8672
463.8672
551.7578
551.7578
678.7109
678.7109
805.6641
805.6641
878.9062
878.9062
903.3203
903.3203
878.9062
878.9062
830.0781
830.0781
747.0703
747.0703
717.7734
717.7734
703.1250
703.1250
708.0078
708.0078
786.1328
786.1328
859.3750
859.3750
791.0156
791.0156
498.0469
498.0469
0.0000
0.0000
0.0000
0.0000
0.0000
0.0000
0.0000
0.0000
0.0000
0.0000
0.0000
0.0000
0.0000
0.0000
0.0000
0.0000
0.0000
0.0000
0.0000
0.0000
0.0000
0.0000
0.0000
0.0000
0.0000
0.0000
0.0000
0.0000
0.0000
0.0000
0.0000
0.0000
0.0000
0.0000
0.0000
0.0000
0.0000
0.0000
0.0000
0.0000
0.0000
0.0000
29.2969
29.2969
292.9687
292.9687
551.7578
551.7578
703.1250
703.1250
834.9609
834.9609
859.3750
859.3750
869.1406
869.1406
810.5469
810.5469
781.2500
781.2500
786.1328
786.1328
742.1875
742.1875
751.9531
751.9531
678.7109
678.7109
732.4219
732.4219
786.1328
786.1328
722.6562
722.6562
444.3359
444.3359
0.0000
0.0000
0.0000
0.0000
0.0000
0.0000
0.0000
0.0000
0.0000
0.0000
0.0000
0.0000
0.0000
0.0000
0.0000
0.0000
0.0000
0.0000
0.0000
0.0000
0.0000
0.0000
0.0000
0.0000
0.0000
0.0000
0.0000
0.0000
0.0000
0.0000
0.0000
0.0000
0.0000
0.0000
0.0000
0.0000
0.0000
0.0000
0.0000
0.0000
141.6016
141.6016
473.6328
473.6328
727.5391
727.5391
952.1484
952.1484
1069.3359
1069.3359
1137.6953
1137.6953
1147.4609
1147.4609
1123.0469
1123.0469
1152.3437
1152.3437
1137.6953
1137.6953
1206.0547
1206.0547
1225.5859
1225.5859
1240.2344
1240.2344
1215.8203
1215.8203
1127.9297
1127.9297
996.0937
996.0937
830.0781
830.0781
878.9062
878.9062
834.9609
834.9609
708.0078
708.0078
302.7344
302.7344
0.0000
0.0000
0.0000
0.0000
0.0000
0.0000
0.0000
0.0000
0.0000
0.0000
0.0000
0.0000
0.0000
0.0000
0.0000
0.0000
0.0000
0.0000
0.0000
0.0000
0.0000
0.0000
0.0000
0.0000
0.0000
0.0000
0.0000
0.0000
0.0000
0.0000
0.0000
0.0000
0.0000
0.0000
0.0000
0.0000
58.5937
58.5937
292.9687
292.9687
537.1094
537.1094
678.7109
678.7109
825.1953
825.1953
942.3828
942.3828
1015.6250
1015.6250
1137.6953
1137.6953
1210.9375
1210.9375
1303.7109
1303.7109
1328.1250
1328.1250
1337.8906
1337.8906
1264.6484
1264.6484
1176.7578
1176.7578
1118.1641
1118.1641
1079.1016
1079.1016
1113.2812
1113.2812
1142.5781
1142.5781
1235.3516
1235.3516
1357.4219
1357.4219
1347.6562
1347.6562
1079.1016
1079.1016
493.1641
493.1641
0.0000
0.0000
0.0000
0.0000
0.0000
0.0000
0.0000
0.0000
0.0000
0.0000
0.0000
0.0000
0.0000
0.0000
0.0000
0.0000
0.0000
0.0000
0.0000
0.0000
0.0000
0.0000
0.0000
0.0000
0.0000
0.0000
0.0000
0.0000
0.0000
0.0000
0.0000
0.0000
0.0000
0.0000
302.7344
302.7344
581.0547
581.0547
825.1953
825.1953
1054.6875
1054.6875
1235.3516
1235.3516
1386.7187
1386.7187
1474.6094
1474.6094
1518.5547
1518.5547
1479.4922
1479.4922
1406.2500
1406.2500
1333.0078
1333.0078
1250.0000
1250.0000
1259.7656
1259.7656
1269.5312
1269.5312
1357.4219
1357.4219
1396.4844
1396.4844
1425.7812
1425.7812
1372.0703
1372.0703
1245.1172
1245.1172
1103.5156
1103.5156
961.9141
961.9141
1000.9766
1000.9766
917.9687
917.9687
600.5859
600.5859
14.6484
14.6484
0.0000
0.0000
0.0000
0.0000
0.0000
0.0000
0.0000
0.0000
0.0000
0.0000
0.0000
0.0000
0.0000
0.0000
0.0000
0.0000
0.0000
0.0000
0.0000
0.0000
0.0000
0.0000
0.0000
0.0000
0.0000
0.0000
0.0000
0.0000
0.0000
0.0000
0.0000
0.0000
205.0781
205.0781
512.6953
512.6953
791.0156
791.0156
937.5000
937.5000
1054.6875
1054.6875
1093.7500
1093.7500
1118.1641
1118.1641
1137.6953
1137.6953
1152.3437
1152.3437
1230.4687
1230.4687
1279.2969
1279.2969
1333.0078
1333.0078
1318.3594
1318.3594
1274.4141
1274.4141
1191.4062
1191.4062
1093.7500
1093.7500
1030.2734
1030.2734
981.4453
981.4453
1079.1016
1079.1016
1186.5234
1186.5234
1127.9297
1127.9297
805.6641
805.6641
253.9062
253.9062
0.0000
0.0000
0.0000
0.0000
0.0000
0.0000
0.0000
0.0000
0.0000
0.0000
0.0000
0.0000
0.0000
0.0000
0.0000
0.0000
0.0000
0.0000
0.0000
0.0000
0.0000
0.0000
0.0000
0.0000
0.0000
0.0000
0.0000
0.0000
0.0000
0.0000
0.0000
0.0000
97.6562
97.6562
415.0391
415.0391
639.6484
639.6484
825.1953
825.1953
1000.9766
1000.9766
1137.6953
1137.6953
1298.8281
1298.8281
1381.8359
1381.8359
1484.3750
1484.3750
1469.7266
1469.7266
1445.3125
1445.3125
1347.6562
1347.6562
1230.4687
1230.4687
1171.8750
1171.8750
1118.1641
1118.1641
1191.4062
1191.4062
1220.7031
1220.7031
1318.3594
1318.3594
1284.1797
1284.1797
1201.1719
1201.1719
1030.2734
1030.2734
874.0234
874.0234
839.8437
839.8437
590.8203
590.8203
117.1875
117.1875
0.0000
0.0000
0.0000
0.0000
0.0000
0.0000
0.0000
0.0000
0.0000
0.0000
0.0000
0.0000
0.0000
0.0000
0.0000
0.0000
0.0000
0.0000
0.0000
0.0000
0.0000
0.0000
0.0000
0.0000
0.0000
0.0000
0.0000
0.0000
0.0000
0.0000
0.0000
0.0000
0.0000
0.0000
0.0000
0.0000
317.3828
317.3828
654.2969
654.2969
854.4922
854.4922
981.4453
981.4453
1020.5078
1020.5078
1020.5078
1020.5078
1079.1016
1079.1016
1098.6328
1098.6328
1181.6406
1181.6406
1235.3516
1235.3516
1293.9453
1293.9453
1298.8281
1298.8281
1250.0000
1250.0000
1225.5859
1225.5859
1137.6953
1137.6953
1118.1641
1118.1641
1044.9219
1044.9219
1083.9844
1083.9844
1206.0547
1206.0547
1279.2969
1279.2969
1108.3984
1108.3984
576.1719
576.1719
0.0000
0.0000
0.0000
0.0000
0.0000
0.0000
0.0000
0.0000
0.0000
0.0000
0.0000
0.0000
0.0000
0.0000
0.0000
0.0000
0.0000
0.0000
0.0000
0.0000
0.0000
0.0000
0.0000
0.0000
0.0000
0.0000
0.0000
0.0000
0.0000
0.0000
0.0000
0.0000
83.0078
83.0078
429.6875
429.6875
654.2969
654.2969
869.1406
869.1406
1005.8594
1005.8594
1108.3984
1108.3984
1225.5859
1225.5859
1308.5937
1308.5937
1420.8984
1420.8984
1464.8437
1464.8437
1523.4375
1484.3750
1484.3750
1484.3750
1420.8984
1420.8984
1323.2422
1323.2422
1240.2344
1240.2344
1220.7031
1220.7031
1206.0547
1206.0547
1279.2969
