0.0000
0.0000
0.0000
0.0000
0.0000
0.0000
0.0000
0.0000
0.0000
0.0000
151.3672
151.3672
400.3906
400.3906
566.4062
566.4062
756.8359
756.8359
913.0859
913.0859
1030.2734
1030.2734
1132.8125
1132.8125
1210.9375
1210.9375
1269.5312
1269.5312
1289.0625
1289.0625
1264.6484
1264.6484
1220.7031
1220.7031
1137.6953
1137.6953
1079.1016
1079.1016
991.2109
991.2109
1005.8594
1005.8594
966.7969
966.7969
937.5000
937.5000
878.9062
878.9062
844.7266
844.7266
771.4844
771.4844
390.6250
390.6250
0.0000
0.0000
0.0000
0.0000
0.0000
0.0000
0.0000
0.0000
0.0000
0.0000
0.0000
0.0000
0.0000
0.0000
0.0000
0.0000
0.0000
0.0000
0.0000
0.0000
0.0000
0.0000
0.0000
0.0000
0.0000
0.0000
0.0000
0.0000
0.0000
0.0000
0.0000
0.0000
0.0000
0.0000
0.0000
0.0000
0.0000
0.0000
0.0000
0.0000
273.4375
273.4375
537.1094
537.1094
766.6016
766.6016
922.8516
922.8516
1005.8594
1005.8594
1083.9844
1083.9844
1064.4531
1064.4531
1103.5156
1103.5156
1103.5156
1103.5156
1152.3437
1152.3437
1230.4687
1230.4687
1259.7656
1259.7656
1303.7109
1303.7109
1210.9375
1210.9375
1079.1016
1079.1016
844.7266
844.7266
766.6016
766.6016
703.1250
703.1250
424.8047
424.8047
0.0000
0.0000
0.0000
0.0000
0.0000
0.0000
0.0000
0.0000
0.0000
0.0000
0.0000
0.0000
0.0000
0.0000
0.0000
0.0000
0.0000
0.0000
0.0000
0.0000
0.0000
0.0000
0.0000
0.0000
0.0000
0.0000
0.0000
0.0000
0.0000
0.0000
0.0000
0.0000
0.0000
0.0000
0.0000
0.0000
0.0000
0.0000
214.8437
214.8437
512.6953
512.6953
791.0156
791.0156
961.9141
961.9141
1035.1562
1035.1562
1127.9297
1127.9297
1162.1094
1162.1094
1259.7656
1259.7656
1342.7734
1342.7734
1440.4297
1440.4297
1489.2578
1489.2578
1494.1406
1494.1406
1450.1953
1450.1953
1337.8906
1337.8906
1230.4687
1230.4687
1118.1641
1118.1641
1152.3437
1152.3437
1289.0625
1289.0625
1376.9531
1376.9531
1181.6406
1181.6406
620.1172
620.1172
0.0000
0.0000
0.0000
0.0000
0.0000
0.0000
0.0000
0.0000
0.0000
0.0000
0.0000
0.0000
0.0000
0.0000
0.0000
0.0000
0.0000
0.0000
0.0000
0.0000
0.0000
0.0000
0.0000
0.0000
0.0000
0.0000
0.0000
0.0000
0.0000
0.0000
0.0000
0.0000
0.0000
0.0000
239.2578
239.2578
517.5781
517.5781
756.8359
756.8359
898.4375
898.4375
991.2109
991.2109
1108.3984
1108.3984
1176.7578
1176.7578
1298.8281
1298.8281
1391.6016
1391.6016
1469.7266
1469.7266
1499.0234
1499.0234
1464.8437
1464.8437
1455.0781
1455.0781
1376.9531
1376.9531
1328.1250
1328.1250
1215.8203
1215.8203
1157.2266
1157.2266
1162.1094
1162.1094
1235.3516
1235.3516
1240.2344
1240.2344
893.5547
893.5547
297.8516
297.8516
0.0000
0.0000
0.0000
0.0000
0.0000
0.0000
0.0000
0.0000
0.0000
0.0000
0.0000
0.0000
0.0000
0.0000
0.0000
0.0000
0.0000
0.0000
0.0000
0.0000
0.0000
0.0000
0.0000
0.0000
0.0000
0.0000
0.0000
0.0000
0.0000
0.0000
0.0000
0.0000
0.0000
0.0000
0.0000
0.0000
200.1953
200.1953
439.4531
439.4531
683.5937
683.5937
957.0312
957.0312
1118.1641
1118.1641
1269.5312
1269.5312
1323.2422
1323.2422
1386.7187
1386.7187
1362.3047
1362.3047
1347.6562
1347.6562
1337.8906
1337.8906
1323.2422
1323.2422
1367.1875
1367.1875
1376.9531
1376.9531
1425.7812
1425.7812
1372.0703
1372.0703
1269.5312
1269.5312
1235.3516
1235.3516
1250.0000
1250.0000
1201.1719
1201.1719
888.6719
888.6719
444.3359
444.3359
0.0000
0.0000
0.0000
0.0000
0.0000
0.0000
0.0000
0.0000
0.0000
0.0000
0.0000
0.0000
0.0000
0.0000
0.0000
0.0000
0.0000
0.0000
0.0000
0.0000
0.0000
0.0000
0.0000
0.0000
0.0000
0.0000
0.0000
0.0000
0.0000
0.0000
0.0000
0.0000
273.4375
273.4375
546.8750
546.8750
820.3125
820.3125
1040.0391
1040.0391
1196.2891
1196.2891
1284.1797
1284.1797
1318.3594
1318.3594
1328.1250
1328.1250
1328.1250
1328.1250
1328.1250
1328.1250
1352.5391
1352.5391
1362.3047
1362.3047
1396.4844
1396.4844
1401.3672
1401.3672
1372.0703
1372.0703
1284.1797
1284.1797
1142.5781
1142.5781
971.6797
971.6797
839.8437
839.8437
952.1484
952.1484
1020.5078
1020.5078
927.7344
927.7344
488.2812
488.2812
0.0000
0.0000
0.0000
0.0000
0.0000
0.0000
0.0000
0.0000
0.0000
0.0000
0.0000
0.0000
0.0000
0.0000
0.0000
0.0000
0.0000
0.0000
0.0000
0.0000
0.0000
0.0000
0.0000
0.0000
0.0000
0.0000
0.0000
0.0000
0.0000
0.0000
0.0000
0.0000
0.0000
0.0000
0.0000
0.0000
166.0156
166.0156
361.3281
361.3281
561.5234
561.5234
673.8281
673.8281
791.0156
791.0156
908.2031
908.2031
1020.5078
1020.5078
1166.9922
1166.9922
1264.6484
1264.6484
1342.7734
1342.7734
1333.0078
1333.0078
1293.9453
1293.9453
1220.7031
1220.7031
1103.5156
1103.5156
1040.0391
1040.0391
976.5625
976.5625
1035.1562
1035.1562
1171.8750
1171.8750
1206.0547
1206.0547
947.2656
947.2656
361.3281
361.3281
0.0000
0.0000
0.0000
0.0000
0.0000
0.0000
0.0000
0.0000
0.0000
0.0000
0.0000
0.0000
0.0000
0.0000
0.0000
0.0000
0.0000
0.0000
0.0000
0.0000
0.0000
0.0000
0.0000
0.0000
0.0000
0.0000
0.0000
0.0000
0.0000
0.0000
0.0000
0.0000
0.0000
0.0000
117.1875
117.1875
336.9141
336.9141
571.2891
571.2891
776.3672
776.3672
947.2656
947.2656
1137.6953
1137.6953
1230.4687
1230.4687
1347.6562
1347.6562
1352.5391
1352.5391
1357.4219
1357.4219
1323.2422
1323.2422
1269.5312
1269.5312
1274.4141
1274.4141
1240.2344
1240.2344
1274.4141
1274.4141
1230.4687
1230.4687
1201.1719
1201.1719
1108.3984
1108.3984
1103.5156
1103.5156
1123.0469
1123.0469
888.6719
888.6719
395.5078
395.5078
0.0000
0.0000
0.0000
0.0000
0.0000
0.0000
0.0000
0.0000
0.0000
0.0000
0.0000
0.0000
0.0000
0.0000
0.0000
0.0000
0.0000
0.0000
0.0000
0.0000
0.0000
0.0000
0.0000
0.0000
0.0000
0.0000
0.0000
0.0000
0.0000
0.0000
0.0000
0.0000
0.0000
0.0000
0.0000
0.0000
151.3672
151.3672
434.5703
434.5703
678.7109
678.7109
917.9687
917.9687
1049.8047
1049.8047
1152.3437
1152.3437
1196.2891
1196.2891
1220.7031
1220.7031
1250.0000
1250.0000
1235.3516
1235.3516
1274.4141
1274.4141
1269.5312
1269.5312
1313.4766
1313.4766
1293.9453
1293.9453
1235.3516
1235.3516
1137.6953
1137.6953
1005.8594
1005.8594
1064.4531
1064.4531
1123.0469
1123.0469
1088.8672
1088.8672
732.4219
732.4219
229.4922
229.4922
0.0000
0.0000
0.0000
0.0000
0.0000
0.0000
0.0000
0.0000
0.0000
0.0000
0.0000
0.0000
0.0000
0.0000
0.0000
0.0000
0.0000
0.0000
0.0000
0.0000
0.0000
0.0000
0.0000
0.0000
0.0000
0.0000
0.0000
0.0000
0.0000
0.0000
48.8281
48.8281
375.9766
375.9766
703.1250
703.1250
927.7344
927.7344
1127.9297
1127.9297
1201.1719
1201.1719
1245.1172
1245.1172
1235.3516
1235.3516
1235.3516
1235.3516
1254.8828
1254.8828
1303.7109
1303.7109
1347.6562
1347.6562
1367.1875
1367.1875
1376.9531
1376.9531
1313.4766
1313.4766
1250.0000
1250.0000
1132.8125
1132.8125
1025.3906
1025.3906
961.9141
961.9141
937.5000
937.5000
1049.8047
1049.8047
1059.5703
1059.5703
776.3672
776.3672
156.2500
156.2500
0.0000
0.0000
0.0000
0.0000
0.0000
0.0000
0.0000
0.0000
0.0000
0.0000
0.0000
0.0000
0.0000
0.0000
0.0000
0.0000
0.0000
0.0000
0.0000
0.0000
0.0000
0.0000
0.0000
0.0000
0.0000
0.0000
0.0000
0.0000
0.0000
0.0000
0.0000
0.0000
0.0000
0.0000
0.0000
0.0000
126.9531
346.6797
346.6797
346.6797
537.1094
537.1094
756.8359
756.8359
878.9062
878.9062
1015.6250
1015.6250
1069.3359
1069.3359
1157.2266
1157.2266
1176.7578
1176.7578
1152.3437
1152.3437
1142.5781
1040.0391
1040.0391
1040.0391
1040.0391
1005.8594
1005.8594
1005.8594
1069.3359
1069.3359
1079.1016
1079.1016
1113.2812
1113.2812
1166.9922
1142.5781
1142.5781
917.9687
917.9687
312.5000
312.5000
0.0000
0.0000
0.0000
0.0000
0.0000
0.0000
0.0000
0.0000
0.0000
0.0000
0.0000
0.0000
0.0000
0.0000
0.0000
0.0000
0.0000
0.0000
0.0000
0.0000
0.0000
0.0000
0.0000
0.0000
0.0000
0.0000
0.0000
0.0000
0.0000
0.0000
0.0000
0.0000
0.0000
0.0000
0.0000
0.0000
43.9453
43.9453
297.8516
297.8516
625.0000
625.0000
844.7266
844.7266
1054.6875
1054.6875
1162.1094
1162.1094
1210.9375
1210.9375
1230.4687
1230.4687
1206.0547
1206.0547
1225.5859
1225.5859
1240.2344
1240.2344
1303.7109
1303.7109
1357.4219
1357.4219
1386.7187
1386.7187
1362.3047
1362.3047
1235.3516
1235.3516
1103.5156
1103.5156
961.9141
961.9141
1030.2734
1030.2734
1098.6328
1098.6328
1000.9766
1000.9766
571.2891
571.2891
0.0000
0.0000
0.0000
0.0000
0.0000
0.0000
0.0000
0.0000
0.0000
0.0000
0.0000
0.0000
0.0000
0.0000
0.0000
0.0000
0.0000
0.0000
0.0000
0.0000
0.0000
0.0000
0.0000
0.0000
0.0000
0.0000
0.0000
0.0000
0.0000
0.0000
0.0000
0.0000
0.0000
0.0000
83.0078
83.0078
458.9844
458.9844
688.4766
688.4766
893.5547
893.5547
1005.8594
1005.8594
1069.3359
1069.3359
1123.0469
1123.0469
1162.1094
1162.1094
1240.2344
1240.2344
1289.0625
1289.0625
1367.1875
1367.1875
1391.6016
1391.6016
1376.9531
1376.9531
1313.4766
1313.4766
1201.1719
1201.1719
1118.1641
1118.1641
1020.5078
1020.5078
1000.9766
1000.9766
1044.9219
1044.9219
1186.5234
1186.5234
1259.7656
1259.7656
1074.2187
1074.2187
541.9922
541.9922
0.0000
0.0000
0.0000
0.0000
0.0000
0.0000
0.0000
0.0000
0.0000
0.0000
0.0000
0.0000
0.0000
0.0000
0.0000
0.0000
0.0000
0.0000
0.0000
0.0000
0.0000
0.0000
0.0000
0.0000
0.0000
0.0000
0.0000
0.0000
0.0000
0.0000
0.0000
0.0000
0.0000
0.0000
0.0000
0.0000
224.6094
224.6094
429.6875
429.6875
605.4687
605.4687
815.4297
815.4297
966.7969
966.7969
1123.0469
1123.0469
1220.7031
1220.7031
1259.7656
1259.7656
1308.5937
1308.5937
1269.5312
1269.5312
1259.7656
1259.7656
1201.1719
1201.1719
1220.7031
1220.7031
1166.9922
1166.9922
1206.0547
1206.0547
1181.6406
1181.6406
1079.1016
1079.1016
1025.3906
1025.3906
996.0937
996.0937
1000.9766
1000.9766
659.1797
659.1797
170.8984
170.8984
0.0000
0.0000
0.0000
0.0000
0.0000
0.0000
0.0000
0.0000
0.0000
0.0000
0.0000
0.0000
0.0000
0.0000
0.0000
0.0000
0.0000
0.0000
0.0000
0.0000
0.0000
0.0000
0.0000
0.0000
0.0000
0.0000
0.0000
0.0000
0.0000
0.0000
0.0000
0.0000
0.0000
0.0000
161.1328
161.1328
410.1562
410.1562
727.5391
727.5391
908.2031
908.2031
1083.9844
1083.9844
1157.2266
1157.2266
1181.6406
1181.6406
1191.4062
1191.4062
1166.9922
1166.9922
1181.6406
1181.6406
1166.9922
1166.9922
1196.2891
1196.2891
1220.7031
1220.7031
1215.8203
1215.8203
1220.7031
1220.7031
1157.2266
1157.2266
1098.6328
1098.6328
1083.9844
1083.9844
1162.1094
1162.1094
1127.9297
1127.9297
820.3125
820.3125
263.6719
263.6719
0.0000
0.0000
0.0000
0.0000
0.0000
0.0000
0.0000
0.0000
0.0000
0.0000
0.0000
0.0000
0.0000
0.0000
0.0000
0.0000
0.0000
0.0000
0.0000
0.0000
0.0000
0.0000
0.0000
0.0000
0.0000
0.0000
0.0000
0.0000
0.0000
0.0000
0.0000
0.0000
9.7656
9.7656
317.3828
317.3828
639.6484
639.6484
839.8437
839.8437
996.0937
996.0937
1079.1016
1079.1016
1108.3984
1108.3984
1162.1094
1162.1094
1171.8750
1171.8750
1279.2969
1279.2969
1333.0078
1333.0078
1401.3672
1401.3672
1425.7812
1425.7812
1396.4844
1396.4844
1342.7734
1342.7734
1196.2891
1196.2891
1093.7500
1093.7500
952.1484
952.1484
971.6797
971.6797
1083.9844
1083.9844
1176.7578
1176.7578
1005.8594
1005.8594
522.4609
522.4609
0.0000
0.0000
0.0000
0.0000
0.0000
0.0000
0.0000
0.0000
0.0000
0.0000
0.0000
0.0000
0.0000
0.0000
0.0000
0.0000
0.0000
0.0000
0.0000
0.0000
0.0000
0.0000
0.0000
0.0000
0.0000
0.0000
0.0000
0.0000
0.0000
0.0000
0.0000
0.0000
136.7187
136.7187
434.5703
434.5703
605.4687
605.4687
791.0156
791.0156
913.0859
913.0859
1015.6250
1015.6250
1132.8125
1132.8125
1215.8203
1215.8203
1269.5312
1269.5312
1279.2969
1279.2969
1259.7656
1259.7656
1206.0547
1206.0547
1132.8125
1132.8125
1093.7500
1093.7500
1054.6875
1054.6875
1093.7500
1093.7500
1098.6328
1098.6328
1093.7500
1093.7500
1118.1641
1118.1641
1118.1641
1118.1641
1020.5078
1020.5078
585.9375
585.9375
9.7656
9.7656
0.0000
0.0000
0.0000
0.0000
0.0000
0.0000
0.0000
0.0000
0.0000
0.0000
0.0000
0.0000
0.0000
0.0000
0.0000
0.0000
0.0000
0.0000
0.0000
0.0000
0.0000
0.0000
0.0000
0.0000
0.0000
0.0000
0.0000
0.0000
0.0000
0.0000
0.0000
0.0000
0.0000
0.0000
205.0781
205.0781
449.2187
449.2187
732.4219
732.4219
893.5547
893.5547
1069.3359
1069.3359
1157.2266
1157.2266
1235.3516
1235.3516
1245.1172
1245.1172
1245.1172
1245.1172
1230.4687
1230.4687
1171.8750
1171.8750
1171.8750
1171.8750
1147.4609
1147.4609
1171.8750
1171.8750
1162.1094
1162.1094
1113.2812
1113.2812
1040.0391
1040.0391
898.4375
898.4375
883.7891
883.7891
874.0234
874.0234
683.5937
683.5937
229.4922
229.4922
0.0000
0.0000
0.0000
0.0000
0.0000
0.0000
0.0000
0.0000
0.0000
0.0000
0.0000
0.0000
0.0000
0.0000
0.0000
0.0000
0.0000
0.0000
0.0000
0.0000
0.0000
0.0000
0.0000
0.0000
0.0000
0.0000
0.0000
0.0000
0.0000
0.0000
0.0000
0.0000
0.0000
0.0000
166.0156
166.0156
512.6953
512.6953
781.2500
781.2500
986.3281
986.3281
1079.1016
1079.1016
1103.5156
1103.5156
1118.1641
1118.1641
1064.4531
1064.4531
1113.2812
1113.2812
1127.9297
1127.9297
1206.0547
1206.0547
1254.8828
1254.8828
1259.7656
1259.7656
1250.0000
1250.0000
1166.9922
1166.9922
1074.2187
1074.2187
893.5547
893.5547
878.9062
878.9062
898.4375
898.4375
854.4922
854.4922
546.8750
546.8750
53.7109
53.7109
0.0000
0.0000
0.0000
0.0000
0.0000
0.0000
0.0000
0.0000
0.0000
0.0000
0.0000
0.0000
0.0000
0.0000
0.0000
0.0000
0.0000
0.0000
0.0000
0.0000
0.0000
0.0000
0.0000
0.0000
0.0000
0.0000
0.0000
0.0000
0.0000
0.0000
0.0000
0.0000
0.0000
0.0000
102.5391
102.5391
366.2109
366.2109
625.0000
625.0000
786.1328
786.1328
903.3203
903.3203
1020.5078
1020.5078
1079.1016
1079.1016
1206.0547
1206.0547
1303.7109
1303.7109
1367.1875
1367.1875
1425.7812
1425.7812
1406.2500
1406.2500
1372.0703
1372.0703
1298.8281
1298.8281
1235.3516
1235.3516
1127.9297
1127.9297
1074.2187
1074.2187
1176.7578
1176.7578
1279.2969
1279.2969
1284.1797
1284.1797
883.7891
883.7891
278.3203
278.3203
0.0000
0.0000
0.0000
0.0000
0.0000
0.0000
0.0000
0.0000
0.0000
0.0000
0.0000
0.0000
0.0000
0.0000
0.0000
0.0000
0.0000
0.0000
0.0000
0.0000
0.0000
0.0000
0.0000
0.0000
0.0000
0.0000
0.0000
0.0000
0.0000
0.0000
0.0000
0.0000
161.1328
161.1328
385.7422
385.7422
561.5234
561.5234
717.7734
717.7734
815.4297
815.4297
1010.7422
1010.7422
1108.3984
1108.3984
1264.6484
1264.6484
1347.6562
1347.6562
1411.1328
1411.1328
1406.2500
1406.2500
1337.8906
1337.8906
1274.4141
1274.4141
1147.4609
1147.4609
1137.6953
1137.6953
1123.0469
1123.0469
1157.2266
1157.2266
1181.6406
1181.6406
1293.9453
1293.9453
1342.7734
1342.7734
1108.3984
1108.3984
585.9375
585.9375
0.0000
0.0000
0.0000
0.0000
0.0000
0.0000
0.0000
0.0000
0.0000
0.0000
0.0000
0.0000
0.0000
0.0000
0.0000
0.0000
0.0000
0.0000
0.0000
0.0000
0.0000
0.0000
0.0000
0.0000
0.0000
0.0000
0.0000
0.0000
0.0000
0.0000
0.0000
0.0000
0.0000
0.0000
112.3047
112.3047
371.0937
371.0937
581.0547
581.0547
781.2500
781.2500
996.0937
996.0937
1123.0469
1123.0469
1240.2344
1240.2344
1269.5312
1269.5312
1269.5312
1269.5312
1235.3516
1235.3516
1196.2891
1196.2891
1201.1719
1201.1719
1210.9375
1210.9375
1259.7656
1259.7656
1245.1172
1245.1172
1215.8203
1215.8203
1103.5156
1103.5156
971.6797
971.6797
1000.9766
1000.9766
991.2109
991.2109
815.4297
815.4297
322.2656
322.2656
0.0000
0.0000
0.0000
0.0000
0.0000
0.0000
0.0000
0.0000
0.0000
0.0000
0.0000
0.0000
0.0000
0.0000
0.0000
0.0000
0.0000
0.0000
0.0000
0.0000
0.0000
0.0000
0.0000
0.0000
0.0000
0.0000
0.0000
0.0000
0.0000
0.0000
0.0000
0.0000
0.0000
0.0000
0.0000
219.7266
219.7266
219.7266
473.6328
473.6328
800.7812
800.7812
961.9141
961.9141
1088.8672
1088.8672
1137.6953
1137.6953
1132.8125
1132.8125
1162.1094
1162.1094
1181.6406
1181.6406
1245.1172
1254.8828
1254.8828
1254.8828
1293.9453
1293.9453
1279.2969
1279.2969
1240.2344
1240.2344
1196.2891
1196.2891
1108.3984
1108.3984
1074.2187
1074.2187
1118.1641
1118.1641
1186.5234
1186.5234
1069.3359
595.7031
595.7031
595.7031
0.0000
0.0000
0.0000
0.0000
0.0000
0.0000
0.0000
0.0000
0.0000
0.0000
0.0000
0.0000
0.0000
0.0000
0.0000
0.0000
0.0000
0.0000
0.0000
0.0000
0.0000
0.0000
0.0000
0.0000
0.0000
0.0000
0.0000
0.0000
0.0000
0.0000
0.0000
0.0000
0.0000
239.2578
239.2578
537.1094
537.1094
786.1328
786.1328
927.7344
927.7344
1005.8594
1005.8594
1088.8672
1088.8672
1142.5781
1142.5781
1254.8828
1254.8828
1342.7734
1342.7734
1420.8984
1420.8984
1459.9609
1459.9609
1464.8437
1464.8437
1445.3125
1445.3125
1352.5391
1352.5391
1318.3594
1318.3594
1210.9375
1210.9375
1191.4062
1191.4062
1123.0469
1123.0469
1166.9922
1166.9922
1284.1797
1284.1797
1318.3594
1318.3594
1098.6328
1098.6328
532.2266
532.2266
0.0000
0.0000
0.0000
0.0000
0.0000
0.0000
0.0000
0.0000
0.0000
0.0000
0.0000
0.0000
0.0000
0.0000
0.0000
0.0000
0.0000
0.0000
0.0000
0.0000
0.0000
0.0000
0.0000
0.0000
0.0000
0.0000
0.0000
0.0000
0.0000
0.0000
0.0000
0.0000
0.0000
0.0000
214.8437
214.8437
405.2734
405.2734
644.5312
644.5312
834.9609
834.9609
1000.9766
1000.9766
1147.4609
1147.4609
1240.2344
1240.2344
1323.2422
1323.2422
1333.0078
1333.0078
1362.3047
1362.3047
1313.4766
1313.4766
1298.8281
1298.8281
1313.4766
1313.4766
1318.3594
1318.3594
1357.4219
1357.4219
1318.3594
1318.3594
1245.1172
1245.1172
1157.2266
1157.2266
1157.2266
1157.2266
1157.2266
1157.2266
981.4453
981.4453
541.9922
541.9922
0.0000
0.0000
0.0000
0.0000
0.0000
0.0000
0.0000
0.0000
0.0000
0.0000
0.0000
0.0000
0.0000
0.0000
0.0000
0.0000
0.0000
0.0000
0.0000
0.0000
0.0000
0.0000
0.0000
0.0000
0.0000
0.0000
0.0000
0.0000
0.0000
0.0000
0.0000
0.0000
0.0000
0.0000
48.8281
48.8281
361.3281
361.3281
629.8828
629.8828
844.7266
844.7266
1020.5078
1020.5078
1108.3984
1108.3984
1162.1094
1162.1094
1162.1094
1162.1094
1166.9922
1166.9922
1196.2891
1196.2891
1206.0547
1206.0547
1284.1797
1284.1797
1313.4766
1313.4766
1367.1875
1367.1875
1347.6562
1347.6562
1254.8828
1254.8828
1113.2812
1113.2812
976.5625
976.5625
1005.8594
1005.8594
976.5625
976.5625
795.8984
795.8984
317.3828
317.3828
0.0000
0.0000
0.0000
0.0000
0.0000
0.0000
0.0000
0.0000
0.0000
0.0000
0.0000
0.0000
0.0000
0.0000
0.0000
0.0000
0.0000
0.0000
0.0000
0.0000
0.0000
0.0000
0.0000
0.0000
0.0000
0.0000
0.0000
0.0000
0.0000
0.0000
0.0000
0.0000
0.0000
0.0000
0.0000
0.0000
244.1406
244.1406
458.9844
458.9844
659.1797
659.1797
761.7187
761.7187
854.4922
854.4922
937.5000
937.5000
1020.5078
1020.5078
1147.4609
1147.4609
1250.0000
1250.0000
1342.7734
1342.7734
1386.7187
1386.7187
1381.8359
1381.8359
1337.8906
1337.8906
1245.1172
1245.1172
1152.3437
1152.3437
1030.2734
1030.2734
957.0312
957.0312
957.0312
957.0312
1040.0391
1040.0391
1044.9219
1044.9219
727.5391
727.5391
117.1875
117.1875
0.0000
0.0000
0.0000
0.0000
0.0000
0.0000
0.0000
0.0000
0.0000
0.0000
0.0000
0.0000
0.0000
0.0000
0.0000
0.0000
0.0000
0.0000
0.0000
0.0000
0.0000
0.0000
0.0000
0.0000
0.0000
0.0000
0.0000
0.0000
0.0000
0.0000
0.0000
0.0000
0.0000
0.0000
0.0000
0.0000
0.0000
0.0000
4.8828
4.8828
224.6094
224.6094
498.0469
498.0469
693.3594
693.3594
922.8516
922.8516
1054.6875
1054.6875
1162.1094
1162.1094
1230.4687
1230.4687
1245.1172
1245.1172
1279.2969
1279.2969
1279.2969
1279.2969
1313.4766
1313.4766
1342.7734
1342.7734
1362.3047
1362.3047
1347.6562
1347.6562
1269.5312
1269.5312
1230.4687
1230.4687
1245.1172
1245.1172
1245.1172
1245.1172
1040.0391
1040.0391
664.0625
664.0625
253.9062
253.9062
0.0000
0.0000
0.0000
0.0000
0.0000
0.0000
0.0000
0.0000
0.0000
0.0000
0.0000
0.0000
0.0000
0.0000
0.0000
0.0000
0.0000
0.0000
0.0000
0.0000
0.0000
0.0000
0.0000
0.0000
0.0000
0.0000
0.0000
0.0000
0.0000
0.0000
0.0000
0.0000
0.0000
0.0000
273.4375
273.4375
615.2344
615.2344
874.0234
874.0234
1103.5156
1103.5156
1225.5859
1225.5859
1289.0625
1289.0625
1284.1797
1284.1797
1269.5312
1269.5312
1289.0625
1289.0625
1308.5937
1308.5937
1376.9531
1376.9531
1406.2500
1406.2500
1420.8984
1420.8984
1376.9531
1376.9531
1293.9453
1293.9453
1181.6406
1181.6406
1020.5078
1020.5078
957.0312
957.0312
957.0312
957.0312
1098.6328
1098.6328
1098.6328
1098.6328
869.1406
869.1406
341.7969
341.7969
0.0000
0.0000
0.0000
0.0000
0.0000
0.0000
0.0000
0.0000
0.0000
0.0000
0.0000
0.0000
0.0000
0.0000
0.0000
0.0000
0.0000
0.0000
0.0000
0.0000
0.0000
0.0000
0.0000
0.0000
0.0000
0.0000
0.0000
0.0000
0.0000
0.0000
0.0000
0.0000
0.0000
0.0000
63.4766
63.4766
336.9141
336.9141
522.4609
522.4609
722.6562
722.6562
898.4375
898.4375
1040.0391
1040.0391
1171.8750
1171.8750
1264.6484
1264.6484
1347.6562
1347.6562
1376.9531
1376.9531
1376.9531
1376.9531
1333.0078
1333.0078
1274.4141
1274.4141
1230.4687
1230.4687
1186.5234
1186.5234
1196.2891
1196.2891
1201.1719
1201.1719
1166.9922
1166.9922
1079.1016
1079.1016
942.3828
942.3828
874.0234
874.0234
634.7656
634.7656
205.0781
205.0781
0.0000
0.0000
0.0000
0.0000
0.0000
0.0000
0.0000
0.0000
0.0000
0.0000
0.0000
0.0000
0.0000
0.0000
0.0000
0.0000
0.0000
0.0000
0.0000
0.0000
0.0000
0.0000
0.0000
0.0000
0.0000
0.0000
0.0000
0.0000
0.0000
0.0000
0.0000
0.0000
0.0000
0.0000
0.0000
0.0000
0.0000
0.0000
258.7891
258.7891
527.3437
527.3437
810.5469
810.5469
981.4453
981.4453
1093.7500
1093.7500
1147.4609
1147.4609
1123.0469
1123.0469
1147.4609
1147.4609
1118.1641
1118.1641
1176.7578
1176.7578
1225.5859
1225.5859
1279.2969
1279.2969
1293.9453
1293.9453
1259.7656
1259.7656
1191.4062
1191.4062
1069.3359
1069.3359
1088.8672
1088.8672
1166.9922
1166.9922
1245.1172
1245.1172
1118.1641
1118.1641
703.1250
703.1250
180.6641
180.6641
0.0000
0.0000
0.0000
0.0000
0.0000
0.0000
0.0000
0.0000
0.0000
0.0000
0.0000
0.0000
0.0000
0.0000
0.0000
0.0000
0.0000
0.0000
0.0000
0.0000
0.0000
0.0000
0.0000
0.0000
0.0000
0.0000
0.0000
0.0000
0.0000
0.0000
0.0000
0.0000
336.9141
336.9141
620.1172
620.1172
878.9062
878.9062
1005.8594
1005.8594
1108.3984
1108.3984
1162.1094
1162.1094
1210.9375
1210.9375
1274.4141
1274.4141
1342.7734
1342.7734
1430.6641
1430.6641
1464.8437
1464.8437
1479.4922
1479.4922
1450.1953
1450.1953
1376.9531
1376.9531
1289.0625
1289.0625
1127.9297
1127.9297
1025.3906
1025.3906
927.7344
927.7344
971.6797
971.6797
1093.7500
1093.7500
1118.1641
1118.1641
874.0234
874.0234
288.0859
288.0859
0.0000
0.0000
0.0000
0.0000
0.0000
0.0000
0.0000
0.0000
0.0000
0.0000
0.0000
0.0000
0.0000
0.0000
0.0000
0.0000
0.0000
0.0000
0.0000
0.0000
0.0000
0.0000
0.0000
0.0000
0.0000
0.0000
0.0000
0.0000
0.0000
0.0000
0.0000
0.0000
0.0000
0.0000
234.3750
234.3750
400.3906
400.3906
605.4687
605.4687
766.6016
766.6016
898.4375
898.4375
1035.1562
1035.1562
1108.3984
1108.3984
1210.9375
1210.9375
1220.7031
1220.7031
1225.5859
1225.5859
1186.5234
1186.5234
1108.3984
1108.3984
1064.4531
1064.4531
1035.1562
1035.1562
1079.1016
1079.1016
1074.2187
1074.2187
1098.6328
1098.6328
1162.1094
1162.1094
1157.2266
1157.2266
893.5547
893.5547
327.1484
327.1484
0.0000
0.0000
0.0000
0.0000
0.0000
0.0000
0.0000
0.0000
0.0000
0.0000
0.0000
0.0000
0.0000
0.0000
0.0000
0.0000
0.0000
0.0000
0.0000
0.0000
0.0000
0.0000
0.0000
0.0000
0.0000
0.0000
0.0000
0.0000
0.0000
0.0000
0.0000
0.0000
0.0000
0.0000
0.0000
0.0000
102.5391
102.5391
346.6797
346.6797
629.8828
629.8828
830.0781
830.0781
1005.8594
1005.8594
1093.7500
1093.7500
1132.8125
1132.8125
1186.5234
1186.5234
1152.3437
1152.3437
1196.2891
1196.2891
1215.8203
1215.8203
1274.4141
1274.4141
1298.8281
1298.8281
1303.7109
1303.7109
1269.5312
1269.5312
1166.9922
1166.9922
1118.1641
1118.1641
1118.1641
1118.1641
1215.8203
1215.8203
1118.1641
1118.1641
708.0078
708.0078
9.7656
9.7656
0.0000
0.0000
0.0000
0.0000
0.0000
0.0000
0.0000
0.0000
0.0000
0.0000
0.0000
0.0000
0.0000
0.0000
0.0000
0.0000
0.0000
0.0000
0.0000
0.0000
0.0000
0.0000
0.0000
0.0000
0.0000
0.0000
0.0000
0.0000
0.0000
0.0000
0.0000
0.0000
0.0000
0.0000
0.0000
0.0000
341.7969
341.7969
600.5859
600.5859
810.5469
932.6172
932.6172
932.6172
996.0937
996.0937
1069.3359
1069.3359
1103.5156
1103.5156
1186.5234
1186.5234
1259.7656
1259.7656
1347.6562
1347.6562
1396.4844
1396.4844
1376.9531
1376.9531
1337.8906
1337.8906
1230.4687
1230.4687
1166.9922
1166.9922
1093.7500
1093.7500
1152.3437
1152.3437
1323.2422
1323.2422
1440.4297
1440.4297
1357.4219
1357.4219
908.2031
908.2031
292.9687
0.0000
0.0000
0.0000
0.0000
0.0000
0.0000
0.0000
0.0000
0.0000
0.0000
0.0000
0.0000
0.0000
0.0000
0.0000
0.0000
0.0000
0.0000
0.0000
0.0000
0.0000
0.0000
0.0000
0.0000
0.0000
0.0000
0.0000
0.0000
0.0000
0.0000
126.9531
126.9531
424.8047
424.8047
615.2344
615.2344
800.7812
800.7812
908.2031
908.2031
1015.6250
1015.6250
1142.5781
1142.5781
1215.8203
1215.8203
1328.1250
1328.1250
1367.1875
1367.1875
1381.8359
1381.8359
1342.7734
1342.7734
1293.9453
1293.9453
1225.5859
1225.5859
1166.9922
1166.9922
1171.8750
1171.8750
1152.3437
1152.3437
1176.7578
1176.7578
1152.3437
1152.3437
1196.2891
1196.2891
1250.0000
1250.0000
1171.8750
1171.8750
771.4844
771.4844
131.8359
131.8359
0.0000
0.0000
0.0000
0.0000
0.0000
0.0000
0.0000
0.0000
0.0000
0.0000
0.0000
0.0000
0.0000
0.0000
0.0000
0.0000
0.0000
0.0000
0.0000
0.0000
0.0000
0.0000
0.0000
0.0000
0.0000
0.0000
0.0000
0.0000
0.0000
0.0000
0.0000
0.0000
0.0000
0.0000
14.6484
14.6484
268.5547
268.5547
532.2266
532.2266
781.2500
781.2500
966.7969
966.7969
1108.3984
1108.3984
1186.5234
1186.5234
1230.4687
1230.4687
1230.4687
1230.4687
1206.0547
1206.0547
1210.9375
1210.9375
1171.8750
1171.8750
1196.2891
1196.2891
1191.4062
1191.4062
1181.6406
1181.6406
1166.9922
1166.9922
1113.2812
1113.2812
1201.1719
1201.1719
1303.7109
1303.7109
1337.8906
1337.8906
1088.8672
1088.8672
585.9375
585.9375
0.0000
0.0000
0.0000
0.0000
0.0000
0.0000
0.0000
0.0000
0.0000
0.0000
0.0000
0.0000
0.0000
0.0000
0.0000
0.0000
0.0000
0.0000
0.0000
0.0000
0.0000
0.0000
0.0000
0.0000
0.0000
0.0000
0.0000
0.0000
0.0000
0.0000
0.0000
0.0000
48.8281
48.8281
375.9766
375.9766
639.6484
639.6484
883.7891
883.7891
1025.3906
1025.3906
1127.9297
1127.9297
1113.2812
1113.2812
1103.5156
1103.5156
1079.1016
1079.1016
1074.2187
1074.2187
1152.3437
1152.3437
1191.4062
1191.4062
1264.6484
1264.6484
1250.0000
1250.0000
1201.1719
1201.1719
1108.3984
1108.3984
981.4453
981.4453
903.3203
903.3203
927.7344
927.7344
1049.8047
1049.8047
1069.3359
1069.3359
854.4922
854.4922
346.6797
346.6797
0.0000
0.0000
0.0000
0.0000
0.0000
0.0000
0.0000
0.0000
0.0000
0.0000
0.0000
0.0000
0.0000
0.0000
0.0000
0.0000
0.0000
0.0000
0.0000
0.0000
0.0000
0.0000
0.0000
0.0000
0.0000
0.0000
0.0000
0.0000
0.0000
0.0000
0.0000
0.0000
0.0000
0.0000
0.0000
