493.1641
493.1641
502.9297
502.9297
478.5156
478.5156
429.6875
429.6875
400.3906
400.3906
395.5078
395.5078
410.1562
410.1562
415.0391
415.0391
449.2187
449.2187
473.6328
473.6328
473.6328
473.6328
488.2812
488.2812
507.8125
507.8125
537.1094
537.1094
541.9922
541.9922
493.1641
493.1641
405.2734
405.2734
288.0859
288.0859
0.0000
0.0000
0.0000
0.0000
0.0000
0.0000
0.0000
0.0000
0.0000
0.0000
0.0000
0.0000
0.0000
0.0000
0.0000
0.0000
0.0000
0.0000
0.0000
0.0000
0.0000
0.0000
0.0000
0.0000
43.9453
43.9453
258.7891
258.7891
454.1016
454.1016
566.4062
566.4062
590.8203
590.8203
551.7578
551.7578
493.1641
493.1641
468.7500
468.7500
444.3359
444.3359
429.6875
429.6875
439.4531
439.4531
449.2187
449.2187
468.7500
468.7500
483.3984
483.3984
512.6953
512.6953
541.9922
541.9922
541.9922
541.9922
561.5234
561.5234
571.2891
571.2891
581.0547
581.0547
532.2266
532.2266
415.0391
415.0391
288.0859
288.0859
48.8281
48.8281
0.0000
0.0000
0.0000
0.0000
0.0000
0.0000
0.0000
0.0000
0.0000
0.0000
0.0000
0.0000
0.0000
0.0000
0.0000
0.0000
0.0000
0.0000
0.0000
0.0000
0.0000
0.0000
0.0000
0.0000
0.0000
0.0000
136.7187
136.7187
327.1484
327.1484
458.9844
458.9844
493.1641
493.1641
483.3984
483.3984
429.6875
429.6875
400.3906
400.3906
366.2109
366.2109
356.4453
356.4453
371.0937
371.0937
390.6250
390.6250
429.6875
429.6875
444.3359
444.3359
454.1016
454.1016
483.3984
483.3984
498.0469
498.0469
498.0469
498.0469
463.8672
463.8672
410.1562
410.1562
307.6172
307.6172
19.5312
19.5312
0.0000
0.0000
0.0000
0.0000
0.0000
0.0000
0.0000
0.0000
0.0000
0.0000
0.0000
0.0000
0.0000
0.0000
0.0000
0.0000
0.0000
0.0000
0.0000
0.0000
0.0000
0.0000
0.0000
0.0000
78.1250
78.1250
288.0859
288.0859
424.8047
424.8047
507.8125
507.8125
517.5781
517.5781
463.8672
463.8672
415.0391
415.0391
390.6250
390.6250
380.8594
380.8594
400.3906
400.3906
405.2734
405.2734
410.1562
410.1562
444.3359
444.3359
473.6328
473.6328
493.1641
493.1641
502.9297
502.9297
517.5781
517.5781
537.1094
537.1094
546.8750
546.8750
532.2266
532.2266
468.7500
468.7500
371.0937
371.0937
239.2578
239.2578
0.0000
0.0000
0.0000
0.0000
0.0000
0.0000
0.0000
0.0000
0.0000
0.0000
0.0000
0.0000
0.0000
0.0000
0.0000
0.0000
0.0000
0.0000
0.0000
0.0000
0.0000
0.0000
0.0000
0.0000
0.0000
0.0000
48.8281
48.8281
249.0234
249.0234
385.7422
385.7422
468.7500
468.7500
473.6328
473.6328
434.5703
434.5703
395.5078
395.5078
375.9766
375.9766
371.0937
371.0937
380.8594
380.8594
385.7422
385.7422
400.3906
400.3906
454.1016
454.1016
463.8672
463.8672
463.8672
463.8672
463.8672
463.8672
488.2812
488.2812
507.8125
507.8125
468.7500
468.7500
405.2734
405.2734
278.3203
278.3203
0.0000
0.0000
0.0000
0.0000
0.0000
0.0000
0.0000
0.0000
0.0000
0.0000
0.0000
0.0000
0.0000
0.0000
0.0000
0.0000
0.0000
0.0000
0.0000
0.0000
0.0000
0.0000
0.0000
0.0000
0.0000
0.0000
161.1328
161.1328
351.5625
351.5625
488.2812
488.2812
566.4062
566.4062
556.6406
556.6406
498.0469
498.0469
454.1016
454.1016
415.0391
415.0391
419.9219
419.9219
415.0391
415.0391
434.5703
434.5703
449.2187
449.2187
439.4531
439.4531
463.8672
463.8672
507.8125
507.8125
527.3437
527.3437
541.9922
541.9922
537.1094
537.1094
541.9922
541.9922
498.0469
498.0469
380.8594
380.8594
224.6094
224.6094
0.0000
0.0000
0.0000
0.0000
0.0000
0.0000
0.0000
0.0000
0.0000
0.0000
0.0000
0.0000
0.0000
0.0000
0.0000
0.0000
0.0000
0.0000
0.0000
0.0000
0.0000
0.0000
0.0000
0.0000
0.0000
0.0000
34.1797
34.1797
229.4922
229.4922
380.8594
380.8594
488.2812
488.2812
507.8125
507.8125
488.2812
488.2812
439.4531
439.4531
395.5078
395.5078
371.0937
371.0937
380.8594
380.8594
395.5078
395.5078
410.1562
410.1562
439.4531
439.4531
444.3359
444.3359
478.5156
478.5156
498.0469
498.0469
512.6953
512.6953
517.5781
517.5781
488.2812
488.2812
439.4531
439.4531
351.5625
351.5625
131.8359
131.8359
0.0000
0.0000
0.0000
0.0000
0.0000
0.0000
0.0000
0.0000
0.0000
0.0000
0.0000
0.0000
0.0000
0.0000
0.0000
0.0000
0.0000
0.0000
0.0000
0.0000
0.0000
0.0000
0.0000
0.0000
107.4219
107.4219
341.7969
341.7969
512.6953
512.6953
590.8203
590.8203
600.5859
600.5859
556.6406
556.6406
498.0469
498.0469
434.5703
434.5703
415.0391
415.0391
415.0391
415.0391
424.8047
424.8047
434.5703
434.5703
468.7500
468.7500
498.0469
498.0469
507.8125
507.8125
522.4609
522.4609
546.8750
546.8750
576.1719
576.1719
561.5234
561.5234
522.4609
522.4609
429.6875
429.6875
322.2656
322.2656
146.4844
146.4844
0.0000
0.0000
0.0000
0.0000
0.0000
0.0000
0.0000
0.0000
0.0000
0.0000
0.0000
0.0000
0.0000
0.0000
0.0000
0.0000
0.0000
0.0000
0.0000
0.0000
0.0000
0.0000
0.0000
0.0000
63.4766
63.4766
292.9687
292.9687
458.9844
458.9844
537.1094
537.1094
561.5234
561.5234
551.7578
551.7578
488.2812
488.2812
429.6875
429.6875
400.3906
400.3906
400.3906
400.3906
444.3359
444.3359
444.3359
444.3359
458.9844
458.9844
493.1641
493.1641
512.6953
512.6953
517.5781
517.5781
522.4609
522.4609
507.8125
507.8125
458.9844
458.9844
346.6797
346.6797
224.6094
224.6094
0.0000
0.0000
0.0000
0.0000
0.0000
0.0000
0.0000
0.0000
0.0000
0.0000
0.0000
0.0000
0.0000
0.0000
0.0000
0.0000
0.0000
0.0000
0.0000
0.0000
0.0000
0.0000
0.0000
0.0000
0.0000
92.7734
92.7734
292.9687
292.9687
292.9687
429.6875
429.6875
488.2812
488.2812
483.3984
483.3984
424.8047
424.8047
380.8594
356.4453
356.4453
346.6797
346.6797
351.5625
351.5625
375.9766
375.9766
410.1562
410.1562
410.1562
444.3359
444.3359
444.3359
444.3359
454.1016
454.1016
468.7500
498.0469
498.0469
512.6953
512.6953
507.8125
507.8125
439.4531
439.4531
332.0312
332.0312
332.0312
161.1328
0.0000
0.0000
0.0000
0.0000
0.0000
0.0000
0.0000
0.0000
0.0000
0.0000
0.0000
0.0000
0.0000
0.0000
0.0000
0.0000
0.0000
0.0000
0.0000
0.0000
0.0000
0.0000
0.0000
0.0000
0.0000
0.0000
48.8281
48.8281
244.1406
244.1406
366.2109
366.2109
439.4531
439.4531
429.6875
429.6875
415.0391
415.0391
371.0937
371.0937
361.3281
361.3281
380.8594
380.8594
371.0937
371.0937
380.8594
380.8594
395.5078
395.5078
424.8047
424.8047
458.9844
458.9844
458.9844
458.9844
463.8672
463.8672
498.0469
498.0469
483.3984
483.3984
415.0391
415.0391
307.6172
307.6172
122.0703
122.0703
0.0000
0.0000
0.0000
0.0000
0.0000
0.0000
0.0000
0.0000
0.0000
0.0000
0.0000
0.0000
0.0000
0.0000
0.0000
0.0000
0.0000
0.0000
0.0000
0.0000
0.0000
0.0000
0.0000
0.0000
14.6484
14.6484
200.1953
200.1953
341.7969
341.7969
454.1016
454.1016
473.6328
473.6328
449.2187
449.2187
410.1562
410.1562
366.2109
366.2109
356.4453
356.4453
346.6797
346.6797
385.7422
385.7422
424.8047
424.8047
429.6875
429.6875
449.2187
449.2187
468.7500
468.7500
498.0469
498.0469
522.4609
522.4609
517.5781
517.5781
541.9922
541.9922
561.5234
561.5234
517.5781
517.5781
415.0391
415.0391
224.6094
224.6094
0.0000
0.0000
0.0000
0.0000
0.0000
0.0000
0.0000
0.0000
0.0000
0.0000
0.0000
0.0000
0.0000
0.0000
0.0000
0.0000
0.0000
0.0000
0.0000
0.0000
0.0000
0.0000
0.0000
0.0000
0.0000
0.0000
0.0000
0.0000
166.0156
166.0156
307.6172
307.6172
415.0391
415.0391
434.5703
434.5703
410.1562
410.1562
371.0937
371.0937
346.6797
346.6797
346.6797
346.6797
361.3281
361.3281
366.2109
366.2109
385.7422
385.7422
410.1562
410.1562
439.4531
439.4531
473.6328
473.6328
498.0469
498.0469
512.6953
512.6953
488.2812
488.2812
449.2187
449.2187
380.8594
380.8594
249.0234
249.0234
0.0000
0.0000
0.0000
0.0000
0.0000
0.0000
0.0000
0.0000
0.0000
0.0000
0.0000
0.0000
0.0000
0.0000
0.0000
0.0000
0.0000
0.0000
0.0000
0.0000
0.0000
0.0000
0.0000
0.0000
0.0000
0.0000
185.5469
185.5469
395.5078
395.5078
532.2266
532.2266
605.4687
605.4687
590.8203
590.8203
566.4062
566.4062
493.1641
493.1641
454.1016
454.1016
434.5703
434.5703
444.3359
444.3359
468.7500
468.7500
483.3984
483.3984
507.8125
507.8125
527.3437
527.3437
541.9922
541.9922
566.4062
566.4062
571.2891
571.2891
581.0547
581.0547
576.1719
576.1719
502.9297
502.9297
415.0391
415.0391
268.5547
268.5547
0.0000
0.0000
0.0000
0.0000
0.0000
0.0000
0.0000
0.0000
0.0000
0.0000
0.0000
0.0000
0.0000
0.0000
0.0000
0.0000
0.0000
0.0000
0.0000
0.0000
0.0000
0.0000
0.0000
0.0000
0.0000
0.0000
102.5391
102.5391
297.8516
297.8516
419.9219
419.9219
483.3984
483.3984
478.5156
478.5156
444.3359
444.3359
444.3359
444.3359
410.1562
410.1562
395.5078
395.5078
415.0391
415.0391
429.6875
429.6875
449.2187
449.2187
449.2187
449.2187
488.2812
488.2812
507.8125
507.8125
517.5781
517.5781
541.9922
541.9922
532.2266
532.2266
468.7500
468.7500
371.0937
371.0937
224.6094
224.6094
0.0000
0.0000
0.0000
0.0000
0.0000
0.0000
0.0000
0.0000
0.0000
0.0000
0.0000
0.0000
0.0000
0.0000
0.0000
0.0000
0.0000
0.0000
0.0000
0.0000
0.0000
0.0000
0.0000
0.0000
0.0000
0.0000
214.8437
214.8437
390.6250
390.6250
527.3437
527.3437
585.9375
585.9375
566.4062
566.4062
532.2266
532.2266
468.7500
468.7500
429.6875
429.6875
419.9219
419.9219
419.9219
419.9219
439.4531
439.4531
468.7500
468.7500
498.0469
498.0469
512.6953
512.6953
522.4609
522.4609
546.8750
546.8750
571.2891
571.2891
546.8750
546.8750
498.0469
498.0469
439.4531
439.4531
341.7969
341.7969
87.8906
87.8906
0.0000
0.0000
0.0000
0.0000
0.0000
0.0000
0.0000
0.0000
0.0000
0.0000
0.0000
0.0000
0.0000
0.0000
0.0000
0.0000
0.0000
0.0000
0.0000
0.0000
0.0000
0.0000
0.0000
0.0000
200.1953
200.1953
400.3906
400.3906
546.8750
546.8750
615.2344
615.2344
590.8203
590.8203
546.8750
546.8750
488.2812
488.2812
454.1016
454.1016
439.4531
439.4531
444.3359
444.3359
468.7500
468.7500
473.6328
473.6328
483.3984
483.3984
507.8125
507.8125
517.5781
517.5781
541.9922
541.9922
551.7578
551.7578
537.1094
537.1094
483.3984
483.3984
380.8594
380.8594
209.9609
209.9609
0.0000
0.0000
0.0000
0.0000
0.0000
0.0000
0.0000
0.0000
0.0000
0.0000
0.0000
0.0000
0.0000
0.0000
0.0000
0.0000
0.0000
0.0000
0.0000
0.0000
0.0000
0.0000
0.0000
0.0000
0.0000
0.0000
190.4297
190.4297
351.5625
351.5625
458.9844
458.9844
512.6953
512.6953
493.1641
493.1641
439.4531
439.4531
385.7422
385.7422
375.9766
375.9766
385.7422
385.7422
390.6250
390.6250
410.1562
410.1562
419.9219
419.9219
449.2187
449.2187
463.8672
463.8672
493.1641
493.1641
507.8125
507.8125
512.6953
512.6953
517.5781
517.5781
512.6953
512.6953
410.1562
410.1562
292.9687
292.9687
73.2422
73.2422
0.0000
0.0000
0.0000
0.0000
0.0000
0.0000
0.0000
0.0000
0.0000
0.0000
0.0000
0.0000
0.0000
0.0000
0.0000
0.0000
0.0000
0.0000
0.0000
0.0000
0.0000
0.0000
0.0000
0.0000
0.0000
0.0000
0.0000
0.0000
161.1328
161.1328
278.3203
278.3203
390.6250
390.6250
405.2734
405.2734
395.5078
395.5078
341.7969
341.7969
297.8516
297.8516
307.6172
307.6172
332.0312
332.0312
351.5625
351.5625
371.0937
371.0937
385.7422
385.7422
415.0391
415.0391
424.8047
424.8047
454.1016
454.1016
473.6328
473.6328
449.2187
449.2187
410.1562
410.1562
336.9141
336.9141
180.6641
180.6641
0.0000
0.0000
0.0000
0.0000
0.0000
0.0000
0.0000
0.0000
0.0000
0.0000
0.0000
0.0000
0.0000
0.0000
0.0000
0.0000
0.0000
0.0000
0.0000
0.0000
0.0000
0.0000
0.0000
0.0000
0.0000
0.0000
24.4141
24.4141
224.6094
224.6094
371.0937
371.0937
424.8047
424.8047
415.0391
415.0391
395.5078
395.5078
366.2109
366.2109
361.3281
361.3281
356.4453
356.4453
366.2109
366.2109
390.6250
390.6250
415.0391
415.0391
429.6875
429.6875
434.5703
434.5703
473.6328
473.6328
507.8125
507.8125
522.4609
522.4609
537.1094
537.1094
537.1094
537.1094
483.3984
483.3984
405.2734
405.2734
263.6719
263.6719
0.0000
0.0000
0.0000
0.0000
0.0000
0.0000
0.0000
0.0000
0.0000
0.0000
0.0000
0.0000
0.0000
0.0000
0.0000
0.0000
0.0000
0.0000
0.0000
0.0000
0.0000
0.0000
0.0000
0.0000
0.0000
0.0000
4.8828
4.8828
219.7266
219.7266
371.0937
371.0937
483.3984
483.3984
502.9297
502.9297
473.6328
473.6328
439.4531
439.4531
405.2734
405.2734
405.2734
405.2734
395.5078
395.5078
415.0391
415.0391
458.9844
458.9844
478.5156
478.5156
493.1641
493.1641
507.8125
507.8125
527.3437
527.3437
541.9922
541.9922
527.3437
527.3437
502.9297
502.9297
434.5703
434.5703
322.2656
322.2656
58.5937
58.5937
0.0000
0.0000
0.0000
0.0000
0.0000
0.0000
0.0000
0.0000
0.0000
0.0000
0.0000
0.0000
0.0000
0.0000
0.0000
0.0000
0.0000
0.0000
0.0000
0.0000
0.0000
0.0000
0.0000
0.0000
156.2500
156.2500
366.2109
366.2109
532.2266
532.2266
610.3516
610.3516
585.9375
585.9375
566.4062
566.4062
507.8125
507.8125
468.7500
468.7500
458.9844
458.9844
463.8672
463.8672
493.1641
493.1641
493.1641
493.1641
522.4609
522.4609
546.8750
546.8750
537.1094
537.1094
566.4062
566.4062
585.9375
585.9375
605.4687
605.4687
595.7031
595.7031
527.3437
527.3437
463.8672
463.8672
361.3281
361.3281
141.6016
141.6016
0.0000
0.0000
0.0000
0.0000
0.0000
0.0000
0.0000
0.0000
0.0000
0.0000
0.0000
0.0000
0.0000
0.0000
0.0000
0.0000
0.0000
0.0000
0.0000
0.0000
0.0000
0.0000
0.0000
0.0000
92.7734
92.7734
297.8516
297.8516
458.9844
458.9844
556.6406
556.6406
595.7031
595.7031
556.6406
556.6406
517.5781
517.5781
463.8672
463.8672
444.3359
444.3359
449.2187
449.2187
458.9844
458.9844
483.3984
483.3984
488.2812
488.2812
512.6953
512.6953
537.1094
537.1094
537.1094
537.1094
537.1094
537.1094
556.6406
556.6406
561.5234
561.5234
522.4609
522.4609
429.6875
429.6875
239.2578
239.2578
0.0000
0.0000
0.0000
0.0000
0.0000
0.0000
0.0000
0.0000
0.0000
0.0000
0.0000
0.0000
0.0000
0.0000
0.0000
0.0000
0.0000
0.0000
0.0000
0.0000
0.0000
0.0000
0.0000
0.0000
112.3047
112.3047
302.7344
302.7344
429.6875
429.6875
527.3437
541.9922
541.9922
502.9297
502.9297
449.2187
449.2187
415.0391
415.0391
415.0391
415.0391
415.0391
410.1562
410.1562
424.8047
424.8047
439.4531
439.4531
444.3359
458.9844
458.9844
473.6328
473.6328
498.0469
498.0469
527.3437
527.3437
541.9922
541.9922
551.7578
551.7578
512.6953
512.6953
410.1562
410.1562
283.2031
283.2031
34.1797
34.1797
0.0000
0.0000
0.0000
0.0000
0.0000
0.0000
0.0000
0.0000
0.0000
0.0000
0.0000
0.0000
0.0000
0.0000
0.0000
0.0000
0.0000
0.0000
0.0000
0.0000
0.0000
0.0000
0.0000
0.0000
63.4766
63.4766
263.6719
263.6719
419.9219
419.9219
493.1641
493.1641
537.1094
537.1094
512.6953
512.6953
444.3359
444.3359
405.2734
405.2734
390.6250
390.6250
385.7422
385.7422
385.7422
385.7422
395.5078
395.5078
424.8047
424.8047
444.3359
444.3359
483.3984
483.3984
493.1641
493.1641
478.5156
478.5156
439.4531
439.4531
336.9141
336.9141
253.9062
253.9062
73.2422
73.2422
0.0000
0.0000
0.0000
0.0000
0.0000
0.0000
0.0000
0.0000
0.0000
0.0000
0.0000
0.0000
0.0000
0.0000
0.0000
0.0000
0.0000
0.0000
0.0000
0.0000
0.0000
0.0000
0.0000
0.0000
229.4922
229.4922
439.4531
439.4531
605.4687
605.4687
683.5937
683.5937
678.7109
678.7109
625.0000
625.0000
541.9922
541.9922
478.5156
478.5156
434.5703
434.5703
419.9219
419.9219
444.3359
444.3359
473.6328
473.6328
498.0469
498.0469
493.1641
493.1641
507.8125
507.8125
541.9922
541.9922
561.5234
561.5234
566.4062
566.4062
546.8750
546.8750
493.1641
493.1641
390.6250
390.6250
224.6094
224.6094
0.0000
0.0000
0.0000
0.0000
0.0000
0.0000
0.0000
0.0000
0.0000
0.0000
0.0000
0.0000
0.0000
0.0000
0.0000
0.0000
0.0000
0.0000
0.0000
0.0000
0.0000
0.0000
0.0000
0.0000
0.0000
0.0000
63.4766
63.4766
258.7891
258.7891
385.7422
385.7422
463.8672
463.8672
454.1016
454.1016
419.9219
419.9219
371.0937
371.0937
356.4453
356.4453
356.4453
356.4453
346.6797
346.6797
346.6797
346.6797
380.8594
380.8594
400.3906
400.3906
424.8047
424.8047
429.6875
429.6875
449.2187
449.2187
488.2812
488.2812
488.2812
488.2812
434.5703
434.5703
356.4453
356.4453
244.1406
244.1406
0.0000
0.0000
0.0000
0.0000
0.0000
0.0000
0.0000
0.0000
0.0000
0.0000
0.0000
0.0000
0.0000
0.0000
0.0000
0.0000
0.0000
0.0000
0.0000
0.0000
0.0000
0.0000
0.0000
0.0000
0.0000
0.0000
112.3047
112.3047
302.7344
302.7344
454.1016
454.1016
541.9922
541.9922
507.8125
507.8125
463.8672
463.8672
410.1562
410.1562
366.2109
366.2109
346.6797
346.6797
346.6797
346.6797
375.9766
375.9766
380.8594
380.8594
415.0391
415.0391
444.3359
444.3359
473.6328
473.6328
473.6328
473.6328
473.6328
473.6328
493.1641
493.1641
522.4609
522.4609
483.3984
483.3984
380.8594
380.8594
224.6094
224.6094
0.0000
0.0000
0.0000
0.0000
0.0000
0.0000
0.0000
0.0000
0.0000
0.0000
0.0000
0.0000
0.0000
0.0000
0.0000
0.0000
0.0000
0.0000
0.0000
0.0000
0.0000
0.0000
0.0000
0.0000
0.0000
0.0000
68.3594
68.3594
258.7891
258.7891
380.8594
380.8594
458.9844
458.9844
458.9844
458.9844
405.2734
405.2734
361.3281
361.3281
341.7969
341.7969
336.9141
336.9141
351.5625
351.5625
361.3281
361.3281
385.7422
385.7422
390.6250
390.6250
419.9219
419.9219
454.1016
454.1016
483.3984
483.3984
473.6328
473.6328
434.5703
434.5703
356.4453
356.4453
258.7891
258.7891
0.0000
0.0000
0.0000
0.0000
0.0000
0.0000
0.0000
0.0000
0.0000
0.0000
0.0000
0.0000
0.0000
0.0000
0.0000
0.0000
0.0000
0.0000
0.0000
0.0000
0.0000
0.0000
0.0000
0.0000
0.0000
0.0000
122.0703
122.0703
336.9141
336.9141
458.9844
458.9844
502.9297
502.9297
502.9297
502.9297
454.1016
454.1016
410.1562
410.1562
371.0937
371.0937
356.4453
356.4453
375.9766
375.9766
400.3906
400.3906
410.1562
410.1562
429.6875
429.6875
454.1016
454.1016
498.0469
498.0469
512.6953
512.6953
517.5781
517.5781
537.1094
537.1094
537.1094
537.1094
498.0469
498.0469
400.3906
400.3906
258.7891
258.7891
0.0000
0.0000
0.0000
0.0000
0.0000
0.0000
0.0000
0.0000
0.0000
0.0000
0.0000
0.0000
0.0000
0.0000
0.0000
0.0000
0.0000
0.0000
0.0000
0.0000
0.0000
0.0000
0.0000
0.0000
0.0000
0.0000
0.0000
0.0000
112.3047
112.3047
283.2031
283.2031
380.8594
380.8594
385.7422
385.7422
356.4453
356.4453
341.7969
341.7969
322.2656
322.2656
317.3828
317.3828
322.2656
322.2656
380.8594
380.8594
400.3906
400.3906
410.1562
410.1562
415.0391
415.0391
439.4531
439.4531
473.6328
473.6328
493.1641
493.1641
512.6953
512.6953
507.8125
507.8125
454.1016
454.1016
375.9766
375.9766
180.6641
180.6641
0.0000
0.0000
0.0000
0.0000
0.0000
0.0000
0.0000
0.0000
0.0000
0.0000
0.0000
0.0000
0.0000
0.0000
0.0000
0.0000
0.0000
0.0000
0.0000
0.0000
0.0000
0.0000
0.0000
0.0000
39.0625
39.0625
278.3203
278.3203
434.5703
434.5703
512.6953
512.6953
522.4609
522.4609
498.0469
498.0469
463.8672
463.8672
434.5703
434.5703
415.0391
415.0391
410.1562
410.1562
415.0391
415.0391
434.5703
434.5703
473.6328
473.6328
488.2812
488.2812
507.8125
507.8125
517.5781
517.5781
551.7578
551.7578
571.2891
571.2891
566.4062
566.4062
546.8750
546.8750
483.3984
483.3984
375.9766
375.9766
185.5469
185.5469
0.0000
0.0000
0.0000
0.0000
0.0000
0.0000
0.0000
0.0000
0.0000
0.0000
0.0000
0.0000
0.0000
0.0000
0.0000
0.0000
0.0000
0.0000
0.0000
0.0000
0.0000
0.0000
0.0000
0.0000
0.0000
0.0000
0.0000
0.0000
205.0781
205.0781
356.4453
356.4453
419.9219
419.9219
449.2187
449.2187
424.8047
424.8047
395.5078
395.5078
375.9766
375.9766
356.4453
356.4453
361.3281
361.3281
380.8594
380.8594
419.9219
419.9219
454.1016
454.1016
458.9844
458.9844
463.8672
463.8672
488.2812
488.2812
527.3437
527.3437
537.1094
537.1094
463.8672
463.8672
385.7422
385.7422
268.5547
268.5547
0.0000
0.0000
0.0000
0.0000
0.0000
0.0000
0.0000
0.0000
0.0000
0.0000
0.0000
0.0000
0.0000
0.0000
0.0000
0.0000
0.0000
0.0000
0.0000
0.0000
0.0000
0.0000
0.0000
0.0000
0.0000
0.0000
214.8437
214.8437
415.0391
415.0391
561.5234
561.5234
629.8828
629.8828
610.3516
610.3516
546.8750
546.8750
502.9297
502.9297
473.6328
473.6328
449.2187
449.2187
454.1016
454.1016
454.1016
454.1016
478.5156
478.5156
502.9297
502.9297
527.3437
527.3437
561.5234
561.5234
561.5234
561.5234
585.9375
585.9375
595.7031
595.7031
561.5234
561.5234
439.4531
439.4531
297.8516
297.8516
107.4219
107.4219
0.0000
0.0000
0.0000
0.0000
0.0000
0.0000
0.0000
0.0000
0.0000
0.0000
0.0000
0.0000
0.0000
0.0000
0.0000
0.0000
0.0000
0.0000
0.0000
0.0000
0.0000
0.0000
0.0000
0.0000
0.0000
0.0000
83.0078
83.0078
239.2578
239.2578
346.6797
346.6797
415.0391
415.0391
415.0391
415.0391
356.4453
356.4453
322.2656
322.2656
332.0312
332.0312
356.4453
356.4453
366.2109
366.2109
400.3906
400.3906
415.0391
415.0391
454.1016
454.1016
468.7500
468.7500
478.5156
478.5156
498.0469
498.0469
488.2812
488.2812
483.3984
483.3984
419.9219
419.9219
312.5000
312.5000
122.0703
122.0703
0.0000
0.0000
0.0000
0.0000
0.0000
0.0000
0.0000
0.0000
0.0000
0.0000
0.0000
0.0000
0.0000
0.0000
0.0000
0.0000
0.0000
0.0000
0.0000
0.0000
0.0000
0.0000
0.0000
0.0000
0.0000
0.0000
161.1328
161.1328
351.5625
351.5625
483.3984
483.3984
532.2266
532.2266
512.6953
512.6953
473.6328
473.6328
439.4531
439.4531
415.0391
415.0391
400.3906
400.3906
434.5703
434.5703
439.4531
439.4531
449.2187
449.2187
473.6328
473.6328
493.1641
493.1641
507.8125
507.8125
527.3437
527.3437
551.7578
551.7578
571.2891
571.2891
551.7578
551.7578
498.0469
498.0469
410.1562
410.1562
268.5547
268.5547
0.0000
0.0000
0.0000
0.0000
0.0000
0.0000
0.0000
0.0000
0.0000
0.0000
0.0000
0.0000
0.0000
0.0000
0.0000
0.0000
0.0000
0.0000
0.0000
0.0000
0.0000
0.0000
0.0000
0.0000
0.0000
0.0000
175.7812
175.7812
361.3281
361.3281
478.5156
478.5156
561.5234
561.5234
561.5234
561.5234
541.9922
541.9922
493.1641
493.1641
449.2187
449.2187
439.4531
439.4531
444.3359
444.3359
478.5156
478.5156
483.3984
483.3984
502.9297
502.9297
527.3437
527.3437
546.8750
546.8750
561.5234
546.8750
546.8750
512.6953
512.6953
444.3359
444.3359
346.6797
346.6797
346.6797
131.8359
131.8359
0.0000
0.0000
0.0000
0.0000
0.0000
0.0000
0.0000
0.0000
0.0000
0.0000
0.0000
0.0000
0.0000
0.0000
0.0000
0.0000
0.0000
0.0000
0.0000
0.0000
0.0000
0.0000
0.0000
0.0000
107.4219
107.4219
332.0312
478.5156
478.5156
566.4062
566.4062
576.1719
576.1719
551.7578
551.7578
551.7578
498.0469
498.0469
434.5703
434.5703
429.6875
429.6875
429.6875
439.4531
439.4531
463.8672
463.8672
473.6328
473.6328
502.9297
502.9297
512.6953
512.6953
527.3437
527.3437
556.6406
556.6406
576.1719
576.1719
585.9375
585.9375
541.9922
541.9922
434.5703
434.5703
312.5000
312.5000
92.7734
92.7734
0.0000
0.0000
0.0000
0.0000
0.0000
0.0000
0.0000
0.0000
0.0000
0.0000
0.0000
0.0000
0.0000
0.0000
0.0000
0.0000
0.0000
0.0000
0.0000
0.0000
0.0000
0.0000
0.0000
0.0000
0.0000
0.0000
141.6016
141.6016
336.9141
336.9141
424.8047
424.8047
483.3984
483.3984
468.7500
468.7500
449.2187
449.2187
400.3906
400.3906
375.9766
375.9766
375.9766
375.9766
385.7422
385.7422
400.3906
400.3906
434.5703
434.5703
458.9844
458.9844
488.2812
488.2812
498.0469
498.0469
502.9297
502.9297
517.5781
517.5781
478.5156
478.5156
415.0391
415.0391
317.3828
317.3828
102.5391
102.5391
0.0000
0.0000
0.0000
0.0000
0.0000
0.0000
0.0000
0.0000
0.0000
0.0000
0.0000
0.0000
0.0000
0.0000
0.0000
0.0000
0.0000
0.0000
0.0000
0.0000
0.0000
0.0000
0.0000
0.0000
112.3047
112.3047
307.6172
307.6172
463.8672
463.8672
556.6406
556.6406
551.7578
551.7578
502.9297
502.9297
458.9844
458.9844
429.6875
429.6875
419.9219
419.9219
410.1562
410.1562
410.1562
410.1562
444.3359
444.3359
478.5156
478.5156
488.2812
488.2812
502.9297
502.9297
507.8125
507.8125
522.4609
522.4609
541.9922
541.9922
537.1094
537.1094
512.6953
512.6953
424.8047
424.8047
317.3828
317.3828
78.1250
78.1250
0.0000
0.0000
0.0000
0.0000
0.0000
0.0000
0.0000
0.0000
0.0000
0.0000
0.0000
0.0000
0.0000
0.0000
0.0000
0.0000
0.0000
0.0000
0.0000
0.0000
0.0000
0.0000
0.0000
0.0000
9.7656
9.7656
205.0781
205.0781
361.3281
361.3281
473.6328
473.6328
502.9297
502.9297
468.7500
468.7500
419.9219
419.9219
390.6250
390.6250
390.6250
390.6250
385.7422
385.7422
385.7422
385.7422
390.6250
390.6250
434.5703
434.5703
463.8672
463.8672
473.6328
473.6328
473.6328
473.6328
478.5156
478.5156
493.1641
493.1641
444.3359
444.3359
356.4453
356.4453
249.0234
249.0234
0.0000
0.0000
0.0000
0.0000
0.0000
0.0000
0.0000
0.0000
0.0000
0.0000
0.0000
0.0000
0.0000
0.0000
0.0000
0.0000
0.0000
0.0000
0.0000
0.0000
0.0000
0.0000
0.0000
0.0000
97.6562
97.6562
332.0312
332.0312
493.1641
493.1641
600.5859
600.5859
629.8828
629.8828
595.7031
595.7031
541.9922
541.9922
478.5156
478.5156
419.9219
419.9219
395.5078
395.5078
429.6875
429.6875
468.7500
468.7500
483.3984
483.3984
483.3984
483.3984
502.9297
502.9297
527.3437
527.3437
546.8750
546.8750
532.2266
532.2266
541.9922
541.9922
541.9922
541.9922
512.6953
512.6953
400.3906
400.3906
234.3750
234.3750
0.0000
0.0000
0.0000
0.0000
0.0000
0.0000
0.0000
0.0000
0.0000
0.0000
0.0000
0.0000
0.0000
0.0000
0.0000
0.0000
0.0000
0.0000
0.0000
0.0000
0.0000
0.0000
0.0000
0.0000
0.0000
0.0000
209.9609
209.9609
385.7422
385.7422
498.0469
498.0469
556.6406
556.6406
532.2266
532.2266
488.2812
488.2812
444.3359
444.3359
410.1562
410.1562
390.6250
390.6250
380.8594
380.8594
424.8047
424.8047
449.2187
449.2187
439.4531
439.4531
454.1016
454.1016
478.5156
478.5156
512.6953
512.6953
517.5781
517.5781
493.1641
493.1641
454.1016
454.1016
366.2109
366.2109
209.9609
209.9609
0.0000
0.0000
0.0000
0.0000
0.0000
0.0000
0.0000
0.0000
0.0000
0.0000
0.0000
0.0000
0.0000
0.0000
0.0000
0.0000
0.0000
0.0000
0.0000
0.0000
0.0000
0.0000
0.0000
0.0000
0.0000
0.0000
205.0781
205.0781
366.2109
366.2109
463.8672
463.8672
468.7500
468.7500
449.2187
449.2187
415.0391
415.0391
371.0937
371.0937
361.3281
361.3281
361.3281
361.3281
356.4453
356.4453
375.9766
375.9766
390.6250
390.6250
429.6875
429.6875
439.4531
439.4531
444.3359
444.3359
463.8672
463.8672
483.3984
483.3984
483.3984
483.3984
419.9219
419.9219
297.8516
297.8516
161.1328
161.1328
0.0000
0.0000
0.0000
0.0000
0.0000
0.0000
0.0000
0.0000
0.0000
0.0000
0.0000
0.0000
0.0000
0.0000
0.0000
0.0000
0.0000
0.0000
0.0000
0.0000
0.0000
0.0000
0.0000
0.0000
0.0000
0.0000
0.0000
0.0000
195.3125
195.3125
371.0937
371.0937
473.6328
473.6328
502.9297
502.9297
458.9844
458.9844
424.8047
424.8047
395.5078
395.5078
361.3281
361.3281
356.4453
356.4453
371.0937
371.0937
390.6250
390.6250
410.1562
410.1562
410.1562
410.1562
449.2187
449.2187
454.1016
454.1016
478.5156
478.5156
493.1641
493.1641
449.2187
449.2187
375.9766
375.9766
249.0234
249.0234
0.0000
0.0000
0.0000
0.0000
0.0000
0.0000
0.0000
0.0000
0.0000
0.0000
0.0000
0.0000
0.0000
0.0000
0.0000
0.0000
0.0000
0.0000
0.0000
0.0000
0.0000
0.0000
0.0000
0.0000
0.0000
0.0000
117.1875
117.1875
307.6172
307.6172
434.5703
434.5703
522.4609
522.4609
522.4609
522.4609
463.8672
463.8672
410.1562
410.1562
375.9766
375.9766
366.2109
366.2109
380.8594
380.8594
366.2109
366.2109
390.6250
390.6250
419.9219
419.9219
458.9844
458.9844
478.5156
478.5156
488.2812
488.2812
512.6953
512.6953
517.5781
517.5781
541.9922
541.9922
537.1094
537.1094
458.9844
458.9844
312.5000
312.5000
78.1250
78.1250
0.0000
0.0000
0.0000
0.0000
0.0000
0.0000
0.0000
0.0000
0.0000
0.0000
0.0000
0.0000
0.0000
0.0000
0.0000
0.0000
0.0000
0.0000
0.0000
0.0000
0.0000
0.0000
0.0000
0.0000
0.0000
0.0000
0.0000
0.0000
161.1328
161.1328
292.9687
292.9687
390.6250
390.6250
400.3906
400.3906
356.4453
356.4453
322.2656
322.2656
283.2031
283.2031
307.6172
307.6172
327.1484
327.1484
332.0312
332.0312
356.4453
356.4453
395.5078
395.5078
419.9219
419.9219
439.4531
439.4531
444.3359
444.3359
478.5156
478.5156
483.3984
483.3984
439.4531
439.4531
346.6797
346.6797
161.1328
161.1328
0.0000
0.0000
0.0000
0.0000
0.0000
0.0000
0.0000
0.0000
0.0000
0.0000
0.0000
0.0000
0.0000
0.0000
0.0000
0.0000
0.0000
0.0000
0.0000
0.0000
0.0000
0.0000
0.0000
0.0000
0.0000
0.0000
78.1250
78.1250
244.1406
244.1406
351.5625
351.5625
405.2734
405.2734
400.3906
400.3906
371.0937
371.0937
346.6797
346.6797
317.3828
317.3828
332.0312
332.0312
346.6797
346.6797
395.5078
395.5078
410.1562
410.1562
424.8047
424.8047
458.9844
458.9844
488.2812
488.2812
517.5781
517.5781
517.5781
517.5781
527.3437
527.3437
561.5234
561.5234
522.4609
522.4609
434.5703
434.5703
297.8516
297.8516
19.5312
19.5312
0.0000
0.0000
0.0000
0.0000
0.0000
0.0000
0.0000
0.0000
0.0000
0.0000
0.0000
0.0000
0.0000
0.0000
0.0000
0.0000
0.0000
0.0000
0.0000
0.0000
0.0000
0.0000
0.0000
0.0000
0.0000
0.0000
122.0703
122.0703
273.4375
273.4375
400.3906
400.3906
449.2187
449.2187
444.3359
444.3359
415.0391
415.0391
390.6250
390.6250
380.8594
380.8594
400.3906
400.3906
410.1562
410.1562
449.2187
449.2187
458.9844
458.9844
473.6328
473.6328
498.0469
498.0469
512.6953
512.6953
546.8750
546.8750
541.9922
541.9922
517.5781
517.5781
478.5156
478.5156
405.2734
405.2734
161.1328
161.1328
0.0000
0.0000
0.0000
0.0000
0.0000
0.0000
0.0000
0.0000
0.0000
0.0000
0.0000
0.0000
0.0000
0.0000
0.0000
0.0000
0.0000
0.0000
0.0000
0.0000
0.0000
0.0000
0.0000
0.0000
234.3750
234.3750
458.9844
458.9844
590.8203
590.8203
659.1797
659.1797
664.0625
664.0625
639.6484
639.6484
585.9375
585.9375
512.6953
512.6953
502.9297
502.9297
507.8125
507.8125
522.4609
522.4609
546.8750
546.8750
546.8750
546.8750
576.1719
576.1719
590.8203
590.8203
605.4687
605.4687
644.5312
644.5312
654.2969
654.2969
620.1172
620.1172
522.4609
522.4609
390.6250
390.6250
234.3750
234.3750
0.0000
0.0000
0.0000
0.0000
0.0000
0.0000
0.0000
0.0000
0.0000
0.0000
0.0000
0.0000
0.0000
0.0000
0.0000
0.0000
0.0000
0.0000
0.0000
0.0000
0.0000
0.0000
0.0000
0.0000
0.0000
0.0000
92.7734
92.7734
292.9687
292.9687
454.1016
454.1016
532.2266
532.2266
551.7578
551.7578
522.4609
522.4609
488.2812
488.2812
458.9844
458.9844
419.9219
419.9219
419.9219
419.9219
444.3359
444.3359
473.6328
473.6328
498.0469
507.8125
507.8125
527.3437
527.3437
537.1094
537.1094
546.8750
546.8750
546.8750
551.7578
551.7578
478.5156
478.5156
371.0937
371.0937
205.0781
205.0781
0.0000
0.0000
0.0000
0.0000
0.0000
0.0000
0.0000
0.0000
0.0000
0.0000
0.0000
0.0000
0.0000
0.0000
0.0000
0.0000
0.0000
0.0000
0.0000
0.0000
0.0000
0.0000
0.0000
63.4766
63.4766
278.3203
278.3203
454.1016
454.1016
454.1016
566.4062
566.4062
625.0000
625.0000
590.8203
590.8203
522.4609
468.7500
468.7500
454.1016
454.1016
444.3359
444.3359
444.3359
444.3359
454.1016
454.1016
493.1641
493.1641
517.5781
517.5781
527.3437
527.3437
527.3437
527.3437
561.5234
561.5234
585.9375
585.9375
590.8203
590.8203
546.8750
546.8750
468.7500
468.7500
341.7969
341.7969
112.3047
112.3047
0.0000
0.0000
0.0000
0.0000
0.0000
0.0000
0.0000
0.0000
0.0000
0.0000
0.0000
0.0000
0.0000
0.0000
0.0000
0.0000
0.0000
0.0000
0.0000
0.0000
0.0000
0.0000
0.0000
0.0000
0.0000
0.0000
195.3125
195.3125
327.1484
327.1484
419.9219
419.9219
458.9844
458.9844
454.1016
454.1016
434.5703
434.5703
380.8594
380.8594
366.2109
366.2109
366.2109
366.2109
375.9766
375.9766
395.5078
395.5078
424.8047
424.8047
454.1016
454.1016
483.3984
483.3984
478.5156
478.5156
498.0469
498.0469
493.1641
493.1641
473.6328
473.6328
405.2734
405.2734
302.7344
302.7344
39.0625
39.0625
0.0000
0.0000
0.0000
0.0000
0.0000
0.0000
0.0000
0.0000
0.0000
0.0000
0.0000
0.0000
0.0000
0.0000
0.0000
0.0000
0.0000
0.0000
0.0000
0.0000
0.0000
0.0000
0.0000
0.0000
112.3047
112.3047
288.0859
288.0859
415.0391
415.0391
498.0469
498.0469
507.8125
507.8125
468.7500
468.7500
390.6250
390.6250
356.4453
356.4453
361.3281
361.3281
371.0937
371.0937
400.3906
400.3906
415.0391
415.0391
434.5703
434.5703
449.2187
449.2187
478.5156
478.5156
507.8125
507.8125
512.6953
512.6953
517.5781
517.5781
527.3437
527.3437
493.1641
493.1641
415.0391
415.0391
273.4375
273.4375
0.0000
0.0000
0.0000
0.0000
0.0000
0.0000
0.0000
0.0000
0.0000
0.0000
0.0000
0.0000
0.0000
0.0000
0.0000
0.0000
0.0000
0.0000
0.0000
0.0000
0.0000
0.0000
0.0000
0.0000
0.0000
0.0000
0.0000
0.0000
209.9609
209.9609
341.7969
341.7969
449.2187
449.2187
488.2812
488.2812
473.6328
473.6328
429.6875
429.6875
380.8594
380.8594
371.0937
371.0937
375.9766
375.9766
380.8594
380.8594
405.2734
405.2734
410.1562
410.1562
429.6875
429.6875
473.6328
473.6328
493.1641
493.1641
517.5781
517.5781
502.9297
502.9297
473.6328
473.6328
458.9844
458.9844
395.5078
395.5078
107.4219
107.4219
0.0000
0.0000
0.0000
0.0000
0.0000
0.0000
0.0000
0.0000
0.0000
0.0000
0.0000
0.0000
0.0000
0.0000
0.0000
0.0000
0.0000
0.0000
0.0000
0.0000
0.0000
0.0000
214.8437
214.8437
424.8047
424.8047
581.0547
581.0547
654.2969
654.2969
639.6484
639.6484
571.2891
571.2891
527.3437
527.3437
507.8125
507.8125
468.7500
468.7500
449.2187
449.2187
449.2187
449.2187
493.1641
493.1641
527.3437
527.3437
537.1094
537.1094
541.9922
541.9922
556.6406
556.6406
561.5234
561.5234
581.0547
581.0547
561.5234
561.5234
498.0469
498.0469
375.9766
375.9766
185.5469
185.5469
0.0000
0.0000
0.0000
0.0000
0.0000
0.0000
0.0000
0.0000
0.0000
0.0000
0.0000
0.0000
0.0000
0.0000
0.0000
0.0000
0.0000
0.0000
0.0000
0.0000
0.0000
0.0000
0.0000
0.0000
0.0000
0.0000
175.7812
175.7812
317.3828
317.3828
410.1562
410.1562
463.8672
463.8672
444.3359
444.3359
385.7422
385.7422
351.5625
351.5625
332.0312
332.0312
366.2109
366.2109
366.2109
366.2109
371.0937
371.0937
390.6250
390.6250
424.8047
424.8047
444.3359
444.3359
449.2187
449.2187
478.5156
478.5156
493.1641
493.1641
463.8672
463.8672
405.2734
405.2734
283.2031
283.2031
0.0000
0.0000
0.0000
0.0000
0.0000
0.0000
0.0000
0.0000
0.0000
0.0000
0.0000
0.0000
0.0000
0.0000
0.0000
0.0000
0.0000
0.0000
0.0000
0.0000
0.0000
0.0000
0.0000
0.0000
0.0000
0.0000
14.6484
14.6484
205.0781
205.0781
327.1484
327.1484
424.8047
424.8047
410.1562
410.1562
395.5078
395.5078
361.3281
361.3281
327.1484
327.1484
332.0312
332.0312
327.1484
327.1484
346.6797
346.6797
375.9766
375.9766
390.6250
390.6250
419.9219
419.9219
434.5703
434.5703
468.7500
468.7500
483.3984
483.3984
478.5156
478.5156
498.0469
498.0469
493.1641
493.1641
429.6875
429.6875
341.7969
341.7969
126.9531
126.9531
0.0000
0.0000
0.0000
0.0000
0.0000
0.0000
0.0000
0.0000
0.0000
0.0000
0.0000
0.0000
0.0000
0.0000
0.0000
0.0000
0.0000
0.0000
0.0000
0.0000
0.0000
0.0000
0.0000
0.0000
0.0000
0.0000
185.5469
185.5469
341.7969
341.7969
439.4531
439.4531
483.3984
483.3984
454.1016
454.1016
410.1562
410.1562
371.0937
371.0937
361.3281
361.3281
380.8594
380.8594
390.6250
390.6250
415.0391
415.0391
429.6875
429.6875
429.6875
429.6875
454.1016
454.1016
478.5156
478.5156
498.0469
498.0469
488.2812
488.2812
424.8047
424.8047
351.5625
351.5625
200.1953
200.1953
0.0000
0.0000
0.0000
0.0000
0.0000
0.0000
0.0000
0.0000
0.0000
0.0000
0.0000
0.0000
0.0000
0.0000
0.0000
0.0000
0.0000
0.0000
0.0000
0.0000
0.0000
0.0000
0.0000
0.0000
0.0000
0.0000
34.1797
34.1797
229.4922
229.4922
356.4453
356.4453
415.0391
415.0391
410.1562
410.1562
400.3906
400.3906
395.5078
395.5078
366.2109
366.2109
351.5625
351.5625
351.5625
351.5625
375.9766
375.9766
410.1562
410.1562
429.6875
429.6875
449.2187
449.2187
478.5156
478.5156
478.5156
478.5156
517.5781
517.5781
522.4609
522.4609
517.5781
517.5781
468.7500
468.7500
380.8594
380.8594
253.9062
253.9062
0.0000
0.0000
0.0000
0.0000
0.0000
0.0000
0.0000
0.0000
0.0000
0.0000
0.0000
0.0000
0.0000
0.0000
0.0000
0.0000
0.0000
0.0000
0.0000
0.0000
0.0000
0.0000
0.0000
0.0000
0.0000
0.0000
0.0000
0.0000
185.5469
185.5469
346.6797
346.6797
429.6875
429.6875
463.8672
463.8672
454.1016
454.1016
429.6875
429.6875
410.1562
410.1562
380.8594
380.8594
375.9766
375.9766
405.2734
405.2734
449.2187
449.2187
468.7500
468.7500
473.6328
473.6328
493.1641
493.1641
507.8125
507.8125
517.5781
517.5781
537.1094
537.1094
498.0469
498.0469
424.8047
424.8047
322.2656
322.2656
78.1250
78.1250
0.0000
0.0000
0.0000
0.0000
0.0000
0.0000
0.0000
0.0000
0.0000
0.0000
0.0000
0.0000
0.0000
0.0000
0.0000
0.0000
0.0000
0.0000
0.0000
0.0000
0.0000
0.0000
53.7109
53.7109
288.0859
288.0859
473.6328
473.6328
571.2891
571.2891
639.6484
639.6484
620.1172
620.1172
551.7578
551.7578
498.0469
498.0469
478.5156
478.5156
483.3984
483.3984
488.2812
488.2812
478.5156
478.5156
502.9297
502.9297
532.2266
532.2266
541.9922
541.9922
556.6406
556.6406
561.5234
561.5234
585.9375
585.9375
605.4687
605.4687
571.2891
571.2891
507.8125
507.8125
380.8594
380.8594
195.3125
195.3125
0.0000
0.0000
0.0000
0.0000
0.0000
0.0000
0.0000
0.0000
0.0000
0.0000
0.0000
0.0000
0.0000
0.0000
0.0000
0.0000
0.0000
0.0000
0.0000
0.0000
0.0000
0.0000
0.0000
0.0000
0.0000
0.0000
0.0000
0.0000
92.7734
92.7734
258.7891
258.7891
356.4453
356.4453
405.2734
405.2734
395.5078
395.5078
346.6797
346.6797
322.2656
322.2656
332.0312
332.0312
356.4453
356.4453
375.9766
375.9766
361.3281
361.3281
385.7422
385.7422
424.8047
424.8047
439.4531
439.4531
444.3359
444.3359
444.3359
444.3359
473.6328
473.6328
473.6328
473.6328
429.6875
429.6875
346.6797
346.6797
97.6562
97.6562
0.0000
0.0000
0.0000
0.0000
0.0000
0.0000
0.0000
0.0000
0.0000
0.0000
0.0000
0.0000
0.0000
0.0000
0.0000
0.0000
0.0000
0.0000
0.0000
0.0000
0.0000
0.0000
0.0000
0.0000
83.0078
83.0078
297.8516
297.8516
439.4531
439.4531
532.2266
532.2266
561.5234
561.5234
512.6953
512.6953
468.7500
468.7500
449.2187
449.2187
415.0391
415.0391
410.1562
410.1562
429.6875
429.6875
458.9844
458.9844
463.8672
463.8672
463.8672
463.8672
493.1641
493.1641
522.4609
522.4609
537.1094
537.1094
561.5234
561.5234
556.6406
556.6406
546.8750
546.8750
488.2812
488.2812
371.0937
371.0937
146.4844
146.4844
0.0000
0.0000
0.0000
0.0000
0.0000
0.0000
0.0000
0.0000
0.0000
0.0000
0.0000
0.0000
0.0000
0.0000
0.0000
0.0000
0.0000
0.0000
0.0000
0.0000
0.0000
0.0000
0.0000
0.0000
63.4766
63.4766
263.6719
263.6719
390.6250
390.6250
483.3984
483.3984
522.4609
522.4609
502.9297
502.9297
454.1016
454.1016
405.2734
405.2734
385.7422
385.7422
375.9766
375.9766
405.2734
424.8047
424.8047
439.4531
439.4531
468.7500
468.7500
488.2812
488.2812
522.4609
522.4609
522.4609
537.1094
537.1094
517.5781
517.5781
488.2812
488.2812
439.4531
439.4531
356.4453
68.3594
68.3594
0.0000
0.0000
0.0000
0.0000
0.0000
0.0000
0.0000
0.0000
0.0000
0.0000
0.0000
0.0000
0.0000
0.0000
0.0000
0.0000
0.0000
0.0000
0.0000
0.0000
0.0000
0.0000
0.0000
0.0000
185.5469
185.5469
185.5469
380.8594
380.8594
537.1094
537.1094
576.1719
576.1719
546.8750
498.0469
498.0469
444.3359
444.3359
415.0391
415.0391
405.2734
405.2734
419.9219
419.9219
444.3359
444.3359
458.9844
458.9844
463.8672
463.8672
488.2812
488.2812
507.8125
507.8125
532.2266
532.2266
541.9922
541.9922
566.4062
566.4062
566.4062
566.4062
493.1641
493.1641
380.8594
380.8594
244.1406
244.1406
0.0000
0.0000
0.0000
0.0000
0.0000
0.0000
0.0000
0.0000
0.0000
0.0000
0.0000
0.0000
0.0000
0.0000
0.0000
0.0000
0.0000
0.0000
0.0000
0.0000
0.0000
0.0000
0.0000
0.0000
0.0000
0.0000
73.2422
73.2422
273.4375
273.4375
405.2734
405.2734
483.3984
483.3984
478.5156
478.5156
454.1016
454.1016
429.6875
429.6875
395.5078
395.5078
371.0937
371.0937
371.0937
371.0937
400.3906
400.3906
419.9219
419.9219
424.8047
424.8047
454.1016
454.1016
488.2812
488.2812
498.0469
498.0469
512.6953
512.6953
502.9297
502.9297
473.6328
473.6328
419.9219
419.9219
297.8516
297.8516
9.7656
9.7656
0.0000
0.0000
0.0000
0.0000
0.0000
0.0000
0.0000
0.0000
0.0000
0.0000
0.0000
0.0000
0.0000
0.0000
0.0000
0.0000
0.0000
0.0000
0.0000
0.0000
0.0000
0.0000
39.0625
39.0625
288.0859
288.0859
458.9844
458.9844
571.2891
571.2891
605.4687
605.4687
561.5234
561.5234
502.9297
502.9297
444.3359
444.3359
410.1562
410.1562
419.9219
419.9219
410.1562
410.1562
429.6875
429.6875
454.1016
454.1016
488.2812
488.2812
507.8125
507.8125
502.9297
502.9297
512.6953
512.6953
541.9922
541.9922
561.5234
561.5234
561.5234
561.5234
507.8125
507.8125
390.6250
390.6250
239.2578
239.2578
0.0000
0.0000
0.0000
0.0000
0.0000
0.0000
0.0000
0.0000
0.0000
0.0000
0.0000
0.0000
0.0000
0.0000
0.0000
0.0000
0.0000
0.0000
0.0000
0.0000
0.0000
0.0000
0.0000
0.0000
0.0000
0.0000
14.6484
14.6484
224.6094
224.6094
361.3281
361.3281
439.4531
439.4531
458.9844
458.9844
424.8047
424.8047
385.7422
385.7422
371.0937
371.0937
361.3281
361.3281
356.4453
356.4453
346.6797
346.6797
366.2109
366.2109
415.0391
415.0391
434.5703
434.5703
454.1016
454.1016
449.2187
449.2187
478.5156
478.5156
507.8125
507.8125
473.6328
473.6328
395.5078
395.5078
283.2031
283.2031
43.9453
43.9453
0.0000
0.0000
0.0000
0.0000
0.0000
0.0000
0.0000
0.0000
0.0000
0.0000
0.0000
0.0000
0.0000
0.0000
0.0000
0.0000
0.0000
0.0000
0.0000
0.0000
0.0000
0.0000
0.0000
0.0000
0.0000
0.0000
122.0703
122.0703
263.6719
263.6719
385.7422
385.7422
419.9219
419.9219
400.3906
400.3906
375.9766
375.9766
327.1484
327.1484
322.2656
322.2656
312.5000
312.5000
361.3281
361.3281
390.6250
390.6250
385.7422
385.7422
405.2734
405.2734
429.6875
429.6875
463.8672
463.8672
478.5156
478.5156
483.3984
483.3984
498.0469
498.0469
473.6328
473.6328
366.2109
366.2109
229.4922
229.4922
0.0000
0.0000
0.0000
0.0000
0.0000
0.0000
0.0000
0.0000
0.0000
0.0000
0.0000
0.0000
0.0000
0.0000
0.0000
0.0000
0.0000
0.0000
0.0000
0.0000
0.0000
0.0000
0.0000
0.0000
0.0000
0.0000
0.0000
0.0000
0.0000
0.0000
156.2500
156.2500
288.0859
288.0859
385.7422
385.7422
410.1562
410.1562
390.6250
390.6250
366.2109
366.2109
366.2109
366.2109
366.2109
366.2109
356.4453
356.4453
361.3281
361.3281
400.3906
400.3906
410.1562
410.1562
439.4531
439.4531
458.9844
458.9844
493.1641
493.1641
512.6953
512.6953
493.1641
493.1641
444.3359
444.3359
351.5625
351.5625
234.3750
234.3750
0.0000
0.0000
0.0000
0.0000
0.0000
0.0000
0.0000
0.0000
0.0000
0.0000
0.0000
0.0000
0.0000
0.0000
0.0000
0.0000
0.0000
0.0000
0.0000
0.0000
0.0000
0.0000
0.0000
0.0000
0.0000
0.0000
249.0234
249.0234
434.5703
434.5703
566.4062
566.4062
654.2969
654.2969
673.8281
673.8281
639.6484
639.6484
556.6406
556.6406
502.9297
502.9297
478.5156
478.5156
483.3984
483.3984
502.9297
502.9297
517.5781
517.5781
537.1094
537.1094
566.4062
566.4062
561.5234
561.5234
581.0547
581.0547
595.7031
595.7031
610.3516
610.3516
615.2344
615.2344
571.2891
571.2891
488.2812
488.2812
361.3281
361.3281
87.8906
87.8906
0.0000
0.0000
0.0000
0.0000
0.0000
0.0000
0.0000
0.0000
0.0000
0.0000
0.0000
0.0000
0.0000
0.0000
0.0000
0.0000
0.0000
0.0000
0.0000
0.0000
0.0000
0.0000
0.0000
0.0000
0.0000
0.0000
219.7266
219.7266
380.8594
380.8594
468.7500
468.7500
507.8125
507.8125
483.3984
483.3984
454.1016
454.1016
410.1562
410.1562
410.1562
410.1562
410.1562
410.1562
415.0391
415.0391
424.8047
424.8047
444.3359
444.3359
473.6328
473.6328
502.9297
502.9297
512.6953
512.6953
537.1094
537.1094
541.9922
541.9922
498.0469
498.0469
415.0391
415.0391
292.9687
292.9687
97.6562
97.6562
0.0000
0.0000
0.0000
0.0000
0.0000
0.0000
0.0000
0.0000
0.0000
0.0000
0.0000
0.0000
0.0000
0.0000
0.0000
0.0000
0.0000
0.0000
0.0000
0.0000
0.0000
0.0000
0.0000
0.0000
0.0000
0.0000
161.1328
161.1328
322.2656
322.2656
449.2187
449.2187
493.1641
493.1641
478.5156
478.5156
444.3359
444.3359
400.3906
400.3906
366.2109
366.2109
356.4453
356.4453
385.7422
385.7422
429.6875
429.6875
434.5703
434.5703
439.4531
439.4531
463.8672
463.8672
507.8125
507.8125
507.8125
507.8125
512.6953
512.6953
517.5781
517.5781
502.9297
502.9297
415.0391
415.0391
297.8516
297.8516
58.5937
58.5937
0.0000
0.0000
0.0000
0.0000
0.0000
0.0000
0.0000
0.0000
0.0000
0.0000
0.0000
0.0000
0.0000
0.0000
0.0000
0.0000
0.0000
0.0000
0.0000
0.0000
0.0000
0.0000
0.0000
0.0000
0.0000
0.0000
166.0156
166.0156
327.1484
327.1484
415.0391
415.0391
488.2812
488.2812
478.5156
478.5156
449.2187
449.2187
415.0391
415.0391
390.6250
390.6250
390.6250
390.6250
390.6250
390.6250
419.9219
419.9219
458.9844
458.9844
449.2187
449.2187
468.7500
468.7500
488.2812
488.2812
537.1094
537.1094
537.1094
537.1094
502.9297
502.9297
449.2187
449.2187
371.0937
371.0937
214.8437
214.8437
0.0000
0.0000
0.0000
0.0000
0.0000
0.0000
0.0000
0.0000
0.0000
0.0000
0.0000
0.0000
0.0000
0.0000
0.0000
0.0000
0.0000
0.0000
0.0000
0.0000
0.0000
0.0000
0.0000
0.0000
117.1875
117.1875
341.7969
341.7969
532.2266
532.2266
654.2969
654.2969
678.7109
678.7109
629.8828
629.8828
590.8203
590.8203
517.5781
517.5781
483.3984
483.3984
454.1016
454.1016
444.3359
444.3359
463.8672
463.8672
498.0469
498.0469
527.3437
527.3437
546.8750
546.8750
541.9922
541.9922
551.7578
551.7578
585.9375
585.9375
595.7031
595.7031
537.1094
537.1094
419.9219
419.9219
317.3828
317.3828
92.7734
92.7734
0.0000
0.0000
0.0000
0.0000
0.0000
0.0000
0.0000
0.0000
0.0000
0.0000
0.0000
0.0000
0.0000
0.0000
0.0000
0.0000
0.0000
0.0000
0.0000
0.0000
0.0000
0.0000
0.0000
0.0000
78.1250
78.1250
278.3203
278.3203
458.9844
458.9844
551.7578
551.7578
551.7578
551.7578
507.8125
507.8125
444.3359
444.3359
434.5703
434.5703
405.2734
405.2734
395.5078
395.5078
410.1562
410.1562
419.9219
419.9219
454.1016
454.1016
463.8672
463.8672
493.1641
493.1641
502.9297
502.9297
512.6953
512.6953
522.4609
522.4609
507.8125
507.8125
424.8047
424.8047
292.9687
292.9687
4.8828
4.8828
0.0000
0.0000
0.0000
0.0000
0.0000
0.0000
0.0000
0.0000
0.0000
0.0000
0.0000
0.0000
0.0000
0.0000
0.0000
0.0000
0.0000
0.0000
0.0000
0.0000
0.0000
0.0000
0.0000
0.0000
19.5312
19.5312
214.8437
214.8437
341.7969
341.7969
419.9219
419.9219
454.1016
454.1016
439.4531
439.4531
395.5078
395.5078
336.9141
336.9141
322.2656
322.2656
341.7969
341.7969
356.4453
356.4453
371.0937
371.0937
405.2734
405.2734
424.8047
424.8047
454.1016
454.1016
468.7500
468.7500
478.5156
478.5156
493.1641
493.1641
483.3984
483.3984
444.3359
444.3359
346.6797
346.6797
219.7266
219.7266
0.0000
0.0000
0.0000
0.0000
0.0000
0.0000
0.0000
0.0000
0.0000
0.0000
0.0000
0.0000
0.0000
0.0000
0.0000
0.0000
0.0000
0.0000
0.0000
0.0000
0.0000
0.0000
0.0000
0.0000
0.0000
0.0000
0.0000
0.0000
43.9453
43.9453
229.4922
229.4922
341.7969
341.7969
395.5078
395.5078
390.6250
351.5625
351.5625
312.5000
312.5000
302.7344
302.7344
302.7344
317.3828
317.3828
346.6797
346.6797
351.5625
351.5625
375.9766
375.9766
390.6250
390.6250
419.9219
419.9219
424.8047
439.4531
439.4531
458.9844
458.9844
449.2187
449.2187
385.7422
385.7422
385.7422
292.9687
292.9687
24.4141
24.4141
0.0000
0.0000
0.0000
0.0000
0.0000
0.0000
0.0000
0.0000
0.0000
0.0000
0.0000
0.0000
0.0000
0.0000
0.0000
0.0000
0.0000
0.0000
0.0000
0.0000
0.0000
0.0000
0.0000
29.2969
29.2969
229.4922
229.4922
361.3281
361.3281
444.3359
444.3359
483.3984
483.3984
449.2187
449.2187
424.8047
424.8047
400.3906
400.3906
375.9766
375.9766
380.8594
380.8594
400.3906
400.3906
429.6875
429.6875
449.2187
449.2187
439.4531
439.4531
473.6328
473.6328
502.9297
502.9297
527.3437
527.3437
522.4609
522.4609
517.5781
517.5781
498.0469
498.0469
410.1562
410.1562
283.2031
283.2031
43.9453
43.9453
0.0000
0.0000
0.0000
0.0000
0.0000
0.0000
0.0000
0.0000
0.0000
0.0000
0.0000
0.0000
0.0000
0.0000
0.0000
0.0000
0.0000
0.0000
0.0000
0.0000
0.0000
0.0000
0.0000
0.0000
0.0000
0.0000
234.3750
234.3750
380.8594
380.8594
468.7500
468.7500
522.4609
522.4609
537.1094
537.1094
488.2812
488.2812
434.5703
434.5703
419.9219
419.9219
405.2734
405.2734
424.8047
424.8047
449.2187
449.2187
473.6328
473.6328
483.3984
483.3984
488.2812
488.2812
522.4609
522.4609
556.6406
556.6406
551.7578
551.7578
517.5781
517.5781
439.4531
439.4531
356.4453
356.4453
78.1250
78.1250
0.0000
0.0000
0.0000
0.0000
0.0000
0.0000
0.0000
0.0000
0.0000
0.0000
0.0000
0.0000
0.0000
0.0000
0.0000
0.0000
0.0000
0.0000
0.0000
0.0000
0.0000
0.0000
0.0000
0.0000
180.6641
180.6641
380.8594
380.8594
527.3437
527.3437
595.7031
595.7031
595.7031
595.7031
546.8750
546.8750
517.5781
517.5781
498.0469
498.0469
463.8672
463.8672
434.5703
434.5703
463.8672
463.8672
483.3984
483.3984
502.9297
502.9297
507.8125
507.8125
532.2266
532.2266
556.6406
556.6406
585.9375
585.9375
605.4687
605.4687
585.9375
585.9375
483.3984
483.3984
361.3281
361.3281
219.7266
219.7266
0.0000
0.0000
0.0000
0.0000
0.0000
0.0000
0.0000
0.0000
0.0000
0.0000
0.0000
0.0000
0.0000
0.0000
0.0000
0.0000
0.0000
0.0000
0.0000
0.0000
0.0000
0.0000
0.0000
0.0000
0.0000
0.0000
58.5937
58.5937
234.3750
234.3750
375.9766
375.9766
483.3984
483.3984
473.6328
473.6328
449.2187
449.2187
415.0391
415.0391
395.5078
395.5078
395.5078
395.5078
380.8594
380.8594
390.6250
390.6250
429.6875
429.6875
449.2187
449.2187
483.3984
483.3984
493.1641
493.1641
507.8125
507.8125
498.0469
498.0469
468.7500
468.7500
415.0391
415.0391
332.0312
332.0312
78.1250
78.1250
0.0000
0.0000
0.0000
0.0000
0.0000
0.0000
0.0000
0.0000
0.0000
0.0000
0.0000
0.0000
0.0000
0.0000
0.0000
0.0000
0.0000
0.0000
0.0000
0.0000
0.0000
0.0000
0.0000
0.0000
214.8437
214.8437
410.1562
410.1562
541.9922
541.9922
625.0000
625.0000
639.6484
639.6484
595.7031
595.7031
541.9922
541.9922
468.7500
468.7500
449.2187
449.2187
454.1016
454.1016
478.5156
478.5156
488.2812
488.2812
493.1641
493.1641
512.6953
512.6953
541.9922
541.9922
561.5234
561.5234
571.2891
571.2891
537.1094
537.1094
463.8672
463.8672
366.2109
366.2109
214.8437
214.8437
0.0000
0.0000
0.0000
0.0000
0.0000
0.0000
0.0000
0.0000
0.0000
0.0000
0.0000
0.0000
0.0000
0.0000
0.0000
0.0000
0.0000
0.0000
0.0000
0.0000
0.0000
0.0000
0.0000
0.0000
0.0000
0.0000
107.4219
107.4219
292.9687
292.9687
405.2734
405.2734
463.8672
463.8672
463.8672
463.8672
424.8047
424.8047
395.5078
395.5078
380.8594
380.8594
385.7422
385.7422
361.3281
361.3281
375.9766
375.9766
410.1562
410.1562
429.6875
429.6875
454.1016
454.1016
458.9844
458.9844
488.2812
488.2812
522.4609
522.4609
488.2812
488.2812
419.9219
419.9219
307.6172
307.6172
122.0703
122.0703
0.0000
0.0000
0.0000
0.0000
0.0000
0.0000
0.0000
0.0000
0.0000
0.0000
0.0000
0.0000
0.0000
0.0000
0.0000
0.0000
0.0000
0.0000
0.0000
0.0000
0.0000
0.0000
0.0000
0.0000
14.6484
14.6484
214.8437
214.8437
361.3281
361.3281
478.5156
478.5156
507.8125
507.8125
473.6328
473.6328
434.5703
434.5703
390.6250
390.6250
371.0937
371.0937
366.2109
366.2109
371.0937
371.0937
400.3906
400.3906
429.6875
429.6875
449.2187
449.2187
468.7500
468.7500
478.5156
478.5156
493.1641
493.1641
512.6953
512.6953
522.4609
522.4609
478.5156
478.5156
356.4453
356.4453
234.3750
234.3750
0.0000
0.0000
0.0000
0.0000
0.0000
0.0000
0.0000
0.0000
0.0000
0.0000
0.0000
0.0000
0.0000
0.0000
0.0000
0.0000
0.0000
0.0000
0.0000
0.0000
0.0000
0.0000
0.0000
0.0000
0.0000
0.0000
53.7109
53.7109
224.6094
224.6094
351.5625
351.5625
434.5703
434.5703
449.2187
449.2187
410.1562
410.1562
356.4453
356.4453
356.4453
356.4453
356.4453
356.4453
361.3281
361.3281
375.9766
375.9766
400.3906
400.3906
434.5703
434.5703
449.2187
449.2187
463.8672
463.8672
488.2812
488.2812
498.0469
498.0469
498.0469
498.0469
458.9844
458.9844
366.2109
366.2109
200.1953
200.1953
0.0000
0.0000
0.0000
0.0000
0.0000
0.0000
0.0000
0.0000
0.0000
0.0000
0.0000
0.0000
0.0000
0.0000
0.0000
0.0000
0.0000
0.0000
0.0000
0.0000
0.0000
0.0000
0.0000
0.0000
0.0000
0.0000
78.1250
78.1250
249.0234
249.0234
351.5625
351.5625
395.5078
395.5078
400.3906
400.3906
390.6250
390.6250
366.2109
366.2109
317.3828
317.3828
322.2656
322.2656
356.4453
356.4453
385.7422
385.7422
385.7422
385.7422
