415.0391
415.0391
429.6875
429.6875
439.4531
439.4531
458.9844
458.9844
493.1641
493.1641
493.1641
493.1641
444.3359
444.3359
361.3281
361.3281
268.5547
268.5547
34.1797
34.1797
0.0000
0.0000
0.0000
0.0000
0.0000
0.0000
0.0000
0.0000
0.0000
0.0000
0.0000
0.0000
0.0000
0.0000
0.0000
0.0000
0.0000
0.0000
0.0000
0.0000
0.0000
0.0000
0.0000
0.0000
63.4766
63.4766
239.2578
239.2578
366.2109
366.2109
419.9219
419.9219
434.5703
434.5703
400.3906
400.3906
375.9766
375.9766
366.2109
366.2109
375.9766
375.9766
375.9766
375.9766
385.7422
395.5078
395.5078
429.6875
429.6875
463.8672
463.8672
473.6328
473.6328
468.7500
468.7500
512.6953
512.6953
512.6953
522.4609
522.4609
512.6953
512.6953
439.4531
439.4531
332.0312
185.5469
185.5469
0.0000
0.0000
0.0000
0.0000
0.0000
0.0000
0.0000
0.0000
0.0000
0.0000
0.0000
0.0000
0.0000
0.0000
0.0000
0.0000
0.0000
0.0000
0.0000
0.0000
0.0000
0.0000
0.0000
0.0000
0.0000
0.0000
0.0000
200.1953
200.1953
351.5625
444.3359
444.3359
493.1641
493.1641
488.2812
488.2812
444.3359
444.3359
410.1562
410.1562
385.7422
385.7422
415.0391
415.0391
434.5703
434.5703
434.5703
434.5703
444.3359
444.3359
483.3984
483.3984
498.0469
498.0469
493.1641
493.1641
502.9297
502.9297
522.4609
522.4609
483.3984
483.3984
405.2734
405.2734
283.2031
283.2031
78.1250
78.1250
0.0000
0.0000
0.0000
0.0000
0.0000
0.0000
0.0000
0.0000
0.0000
0.0000
0.0000
0.0000
0.0000
0.0000
0.0000
0.0000
0.0000
0.0000
0.0000
0.0000
0.0000
0.0000
0.0000
0.0000
190.4297
190.4297
371.0937
371.0937
483.3984
483.3984
537.1094
537.1094
522.4609
522.4609
498.0469
498.0469
449.2187
449.2187
424.8047
424.8047
405.2734
405.2734
400.3906
400.3906
434.5703
434.5703
444.3359
444.3359
439.4531
439.4531
468.7500
468.7500
507.8125
507.8125
527.3437
527.3437
532.2266
532.2266
537.1094
537.1094
512.6953
512.6953
444.3359
444.3359
322.2656
322.2656
166.0156
166.0156
0.0000
0.0000
0.0000
0.0000
0.0000
0.0000
0.0000
0.0000
0.0000
0.0000
0.0000
0.0000
0.0000
0.0000
0.0000
0.0000
0.0000
0.0000
0.0000
0.0000
0.0000
0.0000
0.0000
0.0000
0.0000
0.0000
83.0078
83.0078
253.9062
253.9062
356.4453
356.4453
385.7422
385.7422
356.4453
356.4453
341.7969
341.7969
332.0312
332.0312
322.2656
322.2656
307.6172
307.6172
336.9141
336.9141
385.7422
385.7422
380.8594
380.8594
385.7422
385.7422
415.0391
415.0391
424.8047
424.8047
458.9844
458.9844
454.1016
454.1016
395.5078
395.5078
302.7344
302.7344
170.8984
170.8984
0.0000
0.0000
0.0000
0.0000
0.0000
0.0000
0.0000
0.0000
0.0000
0.0000
0.0000
0.0000
0.0000
0.0000
0.0000
0.0000
0.0000
0.0000
0.0000
0.0000
0.0000
0.0000
0.0000
0.0000
0.0000
0.0000
190.4297
190.4297
341.7969
341.7969
454.1016
454.1016
473.6328
473.6328
449.2187
449.2187
405.2734
405.2734
375.9766
375.9766
380.8594
380.8594
380.8594
380.8594
375.9766
375.9766
380.8594
380.8594
410.1562
410.1562
449.2187
449.2187
463.8672
463.8672
473.6328
473.6328
478.5156
478.5156
483.3984
483.3984
454.1016
454.1016
371.0937
371.0937
258.7891
258.7891
117.1875
117.1875
0.0000
0.0000
0.0000
0.0000
0.0000
0.0000
0.0000
0.0000
0.0000
0.0000
0.0000
0.0000
0.0000
0.0000
0.0000
0.0000
0.0000
0.0000
0.0000
0.0000
0.0000
0.0000
0.0000
0.0000
19.5312
19.5312
219.7266
219.7266
380.8594
380.8594
478.5156
478.5156
517.5781
517.5781
483.3984
483.3984
449.2187
449.2187
405.2734
405.2734
380.8594
380.8594
410.1562
410.1562
424.8047
424.8047
424.8047
424.8047
434.5703
434.5703
444.3359
444.3359
473.6328
473.6328
473.6328
473.6328
478.5156
478.5156
439.4531
439.4531
361.3281
361.3281
229.4922
229.4922
34.1797
34.1797
0.0000
0.0000
0.0000
0.0000
0.0000
0.0000
0.0000
0.0000
0.0000
0.0000
0.0000
0.0000
0.0000
0.0000
0.0000
0.0000
0.0000
0.0000
0.0000
0.0000
0.0000
0.0000
0.0000
0.0000
29.2969
29.2969
214.8437
214.8437
341.7969
341.7969
395.5078
395.5078
385.7422
385.7422
356.4453
356.4453
336.9141
336.9141
336.9141
336.9141
346.6797
346.6797
327.1484
327.1484
341.7969
341.7969
385.7422
385.7422
405.2734
405.2734
405.2734
405.2734
429.6875
429.6875
449.2187
449.2187
473.6328
473.6328
468.7500
468.7500
444.3359
444.3359
375.9766
375.9766
253.9062
253.9062
78.1250
78.1250
0.0000
0.0000
0.0000
0.0000
0.0000
0.0000
0.0000
0.0000
0.0000
0.0000
0.0000
0.0000
0.0000
0.0000
0.0000
0.0000
0.0000
0.0000
0.0000
0.0000
0.0000
0.0000
0.0000
0.0000
0.0000
0.0000
0.0000
0.0000
151.3672
151.3672
258.7891
258.7891
336.9141
336.9141
336.9141
336.9141
312.5000
312.5000
292.9687
292.9687
307.6172
307.6172
307.6172
307.6172
302.7344
302.7344
317.3828
317.3828
371.0937
371.0937
375.9766
375.9766
375.9766
375.9766
405.2734
405.2734
424.8047
424.8047
424.8047
424.8047
371.0937
371.0937
263.6719
263.6719
136.7187
136.7187
0.0000
0.0000
0.0000
0.0000
0.0000
0.0000
0.0000
0.0000
0.0000
0.0000
0.0000
0.0000
0.0000
0.0000
0.0000
0.0000
0.0000
0.0000
0.0000
0.0000
0.0000
0.0000
0.0000
0.0000
58.5937
58.5937
263.6719
263.6719
395.5078
395.5078
493.1641
493.1641
507.8125
507.8125
478.5156
478.5156
439.4531
439.4531
410.1562
410.1562
380.8594
380.8594
405.2734
405.2734
434.5703
434.5703
434.5703
434.5703
434.5703
434.5703
449.2187
449.2187
488.2812
488.2812
507.8125
507.8125
512.6953
512.6953
517.5781
517.5781
507.8125
507.8125
439.4531
439.4531
292.9687
292.9687
141.6016
141.6016
0.0000
0.0000
0.0000
0.0000
0.0000
0.0000
0.0000
0.0000
0.0000
0.0000
0.0000
0.0000
0.0000
0.0000
0.0000
0.0000
0.0000
0.0000
0.0000
0.0000
0.0000
0.0000
0.0000
0.0000
0.0000
0.0000
78.1250
78.1250
263.6719
263.6719
385.7422
385.7422
463.8672
463.8672
468.7500
468.7500
439.4531
439.4531
424.8047
424.8047
380.8594
380.8594
356.4453
356.4453
375.9766
375.9766
415.0391
415.0391
434.5703
434.5703
449.2187
449.2187
454.1016
454.1016
488.2812
488.2812
512.6953
512.6953
488.2812
488.2812
424.8047
424.8047
307.6172
307.6172
136.7187
136.7187
0.0000
0.0000
0.0000
0.0000
0.0000
0.0000
0.0000
0.0000
0.0000
0.0000
0.0000
0.0000
0.0000
0.0000
0.0000
0.0000
0.0000
0.0000
0.0000
0.0000
0.0000
0.0000
0.0000
0.0000
0.0000
0.0000
0.0000
0.0000
87.8906
87.8906
195.3125
195.3125
234.3750
234.3750
253.9062
253.9062
229.4922
229.4922
224.6094
224.6094
249.0234
249.0234
278.3203
278.3203
273.4375
273.4375
302.7344
302.7344
332.0312
332.0312
366.2109
366.2109
405.2734
405.2734
405.2734
405.2734
415.0391
415.0391
463.8672
463.8672
478.5156
478.5156
468.7500
468.7500
434.5703
434.5703
336.9141
336.9141
161.1328
161.1328
0.0000
0.0000
0.0000
0.0000
0.0000
0.0000
0.0000
0.0000
0.0000
0.0000
0.0000
0.0000
0.0000
0.0000
0.0000
0.0000
0.0000
0.0000
0.0000
0.0000
0.0000
0.0000
0.0000
0.0000
0.0000
0.0000
24.4141
24.4141
161.1328
161.1328
297.8516
297.8516
380.8594
380.8594
395.5078
395.5078
371.0937
371.0937
351.5625
351.5625
356.4453
356.4453
371.0937
371.0937
380.8594
380.8594
395.5078
395.5078
419.9219
419.9219
478.5156
478.5156
483.3984
483.3984
478.5156
478.5156
488.2812
488.2812
502.9297
502.9297
444.3359
444.3359
366.2109
366.2109
209.9609
209.9609
0.0000
0.0000
0.0000
0.0000
0.0000
0.0000
0.0000
0.0000
0.0000
0.0000
0.0000
0.0000
0.0000
0.0000
0.0000
0.0000
0.0000
0.0000
0.0000
0.0000
0.0000
0.0000
0.0000
0.0000
0.0000
0.0000
166.0156
166.0156
302.7344
302.7344
405.2734
405.2734
429.6875
429.6875
410.1562
410.1562
415.0391
415.0391
390.6250
390.6250
380.8594
380.8594
405.2734
405.2734
429.6875
429.6875
458.9844
458.9844
463.8672
463.8672
454.1016
454.1016
488.2812
488.2812
532.2266
532.2266
551.7578
551.7578
561.5234
561.5234
571.2891
571.2891
537.1094
537.1094
424.8047
424.8047
297.8516
297.8516
92.7734
92.7734
0.0000
0.0000
0.0000
0.0000
0.0000
0.0000
0.0000
0.0000
0.0000
0.0000
0.0000
0.0000
0.0000
0.0000
0.0000
0.0000
0.0000
0.0000
0.0000
0.0000
0.0000
0.0000
0.0000
0.0000
53.7109
53.7109
249.0234
249.0234
400.3906
400.3906
502.9297
502.9297
541.9922
541.9922
522.4609
522.4609
512.6953
512.6953
478.5156
478.5156
454.1016
454.1016
449.2187
449.2187
478.5156
478.5156
507.8125
507.8125
507.8125
507.8125
522.4609
522.4609
556.6406
556.6406
561.5234
561.5234
571.2891
571.2891
537.1094
537.1094
493.1641
493.1641
410.1562
410.1562
268.5547
268.5547
0.0000
0.0000
0.0000
0.0000
0.0000
0.0000
0.0000
0.0000
0.0000
0.0000
0.0000
0.0000
0.0000
0.0000
0.0000
0.0000
0.0000
0.0000
0.0000
0.0000
0.0000
0.0000
0.0000
0.0000
180.6641
180.6641
395.5078
395.5078
546.8750
546.8750
620.1172
620.1172
600.5859
600.5859
561.5234
561.5234
507.8125
507.8125
478.5156
478.5156
488.2812
488.2812
463.8672
463.8672
478.5156
478.5156
512.6953
512.6953
532.2266
532.2266
551.7578
551.7578
556.6406
556.6406
566.4062
566.4062
590.8203
590.8203
600.5859
600.5859
581.0547
507.8125
507.8125
390.6250
390.6250
200.1953
200.1953
0.0000
0.0000
0.0000
0.0000
0.0000
0.0000
0.0000
0.0000
0.0000
0.0000
0.0000
0.0000
0.0000
0.0000
0.0000
0.0000
0.0000
0.0000
0.0000
0.0000
0.0000
0.0000
0.0000
0.0000
0.0000
0.0000
0.0000
92.7734
92.7734
258.7891
351.5625
351.5625
444.3359
444.3359
454.1016
454.1016
415.0391
415.0391
375.9766
375.9766
371.0937
371.0937
375.9766
375.9766
380.8594
380.8594
380.8594
380.8594
400.3906
400.3906
434.5703
434.5703
468.7500
468.7500
463.8672
463.8672
478.5156
478.5156
488.2812
488.2812
473.6328
473.6328
410.1562
410.1562
351.5625
351.5625
175.7812
175.7812
0.0000
0.0000
0.0000
0.0000
0.0000
0.0000
0.0000
0.0000
0.0000
0.0000
0.0000
0.0000
0.0000
0.0000
0.0000
0.0000
0.0000
0.0000
0.0000
0.0000
0.0000
0.0000
0.0000
0.0000
195.3125
195.3125
375.9766
375.9766
522.4609
522.4609
581.0547
581.0547
566.4062
566.4062
532.2266
532.2266
488.2812
488.2812
434.5703
434.5703
429.6875
429.6875
434.5703
434.5703
458.9844
458.9844
468.7500
468.7500
458.9844
458.9844
478.5156
478.5156
502.9297
502.9297
517.5781
517.5781
527.3437
527.3437
527.3437
527.3437
502.9297
502.9297
419.9219
419.9219
317.3828
317.3828
92.7734
92.7734
0.0000
0.0000
0.0000
0.0000
0.0000
0.0000
0.0000
0.0000
0.0000
0.0000
0.0000
0.0000
0.0000
0.0000
0.0000
0.0000
0.0000
0.0000
0.0000
0.0000
0.0000
0.0000
0.0000
0.0000
34.1797
34.1797
224.6094
224.6094
351.5625
351.5625
400.3906
400.3906
400.3906
400.3906
375.9766
375.9766
366.2109
366.2109
346.6797
346.6797
327.1484
327.1484
336.9141
336.9141
351.5625
351.5625
395.5078
395.5078
405.2734
405.2734
405.2734
405.2734
429.6875
429.6875
458.9844
458.9844
449.2187
449.2187
410.1562
410.1562
332.0312
332.0312
205.0781
205.0781
0.0000
0.0000
0.0000
0.0000
0.0000
0.0000
0.0000
0.0000
0.0000
0.0000
0.0000
0.0000
0.0000
0.0000
0.0000
0.0000
0.0000
0.0000
0.0000
0.0000
0.0000
0.0000
0.0000
0.0000
0.0000
0.0000
107.4219
107.4219
268.5547
268.5547
371.0937
371.0937
419.9219
419.9219
405.2734
405.2734
351.5625
351.5625
312.5000
312.5000
302.7344
302.7344
336.9141
336.9141
351.5625
351.5625
356.4453
356.4453
375.9766
375.9766
390.6250
390.6250
419.9219
419.9219
424.8047
424.8047
429.6875
429.6875
463.8672
463.8672
493.1641
493.1641
478.5156
478.5156
434.5703
434.5703
322.2656
322.2656
117.1875
117.1875
0.0000
0.0000
0.0000
0.0000
0.0000
0.0000
0.0000
0.0000
0.0000
0.0000
0.0000
0.0000
0.0000
0.0000
0.0000
0.0000
0.0000
0.0000
0.0000
0.0000
0.0000
0.0000
0.0000
0.0000
0.0000
0.0000
4.8828
4.8828
156.2500
156.2500
229.4922
229.4922
302.7344
302.7344
336.9141
336.9141
302.7344
302.7344
278.3203
278.3203
263.6719
263.6719
288.0859
288.0859
302.7344
302.7344
327.1484
327.1484
346.6797
346.6797
371.0937
371.0937
395.5078
395.5078
410.1562
410.1562
400.3906
400.3906
400.3906
400.3906
366.2109
366.2109
278.3203
278.3203
166.0156
166.0156
0.0000
0.0000
0.0000
0.0000
0.0000
0.0000
0.0000
0.0000
0.0000
0.0000
0.0000
0.0000
0.0000
0.0000
0.0000
0.0000
0.0000
0.0000
0.0000
0.0000
0.0000
0.0000
0.0000
0.0000
0.0000
0.0000
87.8906
87.8906
263.6719
263.6719
385.7422
385.7422
434.5703
434.5703
405.2734
405.2734
395.5078
395.5078
380.8594
380.8594
361.3281
361.3281
341.7969
341.7969
371.0937
371.0937
405.2734
405.2734
424.8047
424.8047
415.0391
415.0391
424.8047
424.8047
454.1016
454.1016
483.3984
483.3984
498.0469
498.0469
502.9297
502.9297
478.5156
478.5156
371.0937
371.0937
244.1406
244.1406
48.8281
48.8281
0.0000
0.0000
0.0000
0.0000
0.0000
0.0000
0.0000
0.0000
0.0000
0.0000
0.0000
0.0000
0.0000
0.0000
0.0000
0.0000
0.0000
0.0000
0.0000
0.0000
0.0000
0.0000
0.0000
0.0000
24.4141
24.4141
200.1953
200.1953
336.9141
336.9141
419.9219
419.9219
434.5703
434.5703
410.1562
410.1562
415.0391
415.0391
390.6250
390.6250
371.0937
371.0937
371.0937
371.0937
395.5078
395.5078
424.8047
424.8047
454.1016
454.1016
439.4531
439.4531
463.8672
463.8672
488.2812
488.2812
493.1641
493.1641
493.1641
493.1641
463.8672
463.8672
366.2109
366.2109
239.2578
239.2578
0.0000
0.0000
0.0000
0.0000
0.0000
0.0000
0.0000
0.0000
0.0000
0.0000
0.0000
0.0000
0.0000
0.0000
0.0000
0.0000
0.0000
0.0000
0.0000
0.0000
0.0000
0.0000
0.0000
0.0000
0.0000
0.0000
161.1328
161.1328
292.9687
292.9687
405.2734
405.2734
449.2187
449.2187
424.8047
424.8047
390.6250
390.6250
366.2109
366.2109
361.3281
361.3281
390.6250
390.6250
395.5078
395.5078
400.3906
400.3906
424.8047
424.8047
458.9844
458.9844
468.7500
468.7500
468.7500
468.7500
498.0469
498.0469
522.4609
522.4609
527.3437
527.3437
493.1641
493.1641
390.6250
390.6250
258.7891
258.7891
0.0000
0.0000
0.0000
0.0000
0.0000
0.0000
0.0000
0.0000
0.0000
0.0000
0.0000
0.0000
0.0000
0.0000
0.0000
0.0000
0.0000
0.0000
0.0000
0.0000
0.0000
0.0000
0.0000
0.0000
0.0000
0.0000
0.0000
0.0000
166.0156
166.0156
273.4375
273.4375
361.3281
361.3281
395.5078
395.5078
390.6250
390.6250
361.3281
361.3281
336.9141
336.9141
351.5625
351.5625
375.9766
375.9766
371.0937
371.0937
380.8594
380.8594
400.3906
400.3906
434.5703
434.5703
454.1016
454.1016
473.6328
473.6328
449.2187
449.2187
405.2734
405.2734
317.3828
317.3828
205.0781
205.0781
0.0000
0.0000
0.0000
0.0000
0.0000
0.0000
0.0000
0.0000
0.0000
0.0000
0.0000
0.0000
0.0000
0.0000
0.0000
0.0000
0.0000
0.0000
0.0000
0.0000
0.0000
0.0000
0.0000
0.0000
0.0000
0.0000
161.1328
161.1328
346.6797
346.6797
473.6328
473.6328
507.8125
507.8125
493.1641
493.1641
468.7500
468.7500
434.5703
434.5703
410.1562
410.1562
385.7422
385.7422
395.5078
395.5078
444.3359
444.3359
468.7500
468.7500
473.6328
473.6328
483.3984
483.3984
498.0469
498.0469
522.4609
522.4609
541.9922
541.9922
541.9922
541.9922
502.9297
502.9297
424.8047
424.8047
312.5000
312.5000
131.8359
131.8359
0.0000
0.0000
0.0000
0.0000
0.0000
0.0000
0.0000
0.0000
0.0000
0.0000
0.0000
0.0000
0.0000
0.0000
0.0000
0.0000
0.0000
0.0000
0.0000
0.0000
0.0000
0.0000
0.0000
0.0000
161.1328
161.1328
346.6797
346.6797
478.5156
478.5156
561.5234
561.5234
571.2891
571.2891
517.5781
517.5781
483.3984
483.3984
478.5156
478.5156
449.2187
449.2187
424.8047
424.8047
434.5703
434.5703
463.8672
463.8672
488.2812
488.2812
512.6953
512.6953
532.2266
532.2266
537.1094
537.1094
527.3437
527.3437
468.7500
468.7500
380.8594
380.8594
278.3203
278.3203
0.0000
0.0000
0.0000
0.0000
0.0000
0.0000
0.0000
0.0000
0.0000
0.0000
0.0000
0.0000
0.0000
0.0000
0.0000
0.0000
0.0000
0.0000
0.0000
0.0000
0.0000
0.0000
0.0000
0.0000
63.4766
63.4766
283.2031
283.2031
449.2187
449.2187
546.8750
546.8750
556.6406
556.6406
541.9922
541.9922
483.3984
483.3984
429.6875
429.6875
385.7422
385.7422
405.2734
405.2734
439.4531
439.4531
449.2187
449.2187
454.1016
454.1016
463.8672
463.8672
488.2812
488.2812
502.9297
502.9297
512.6953
512.6953
527.3437
527.3437
541.9922
541.9922
507.8125
507.8125
429.6875
429.6875
302.7344
302.7344
63.4766
63.4766
0.0000
0.0000
0.0000
0.0000
0.0000
0.0000
0.0000
0.0000
0.0000
0.0000
0.0000
0.0000
0.0000
0.0000
0.0000
0.0000
0.0000
0.0000
0.0000
0.0000
0.0000
0.0000
0.0000
0.0000
0.0000
0.0000
195.3125
195.3125
322.2656
322.2656
361.3281
361.3281
361.3281
361.3281
356.4453
356.4453
332.0312
332.0312
307.6172
307.6172
297.8516
297.8516
307.6172
307.6172
332.0312
332.0312
361.3281
361.3281
366.2109
366.2109
400.3906
400.3906
415.0391
415.0391
439.4531
439.4531
434.5703
434.5703
395.5078
395.5078
258.7891
258.7891
151.3672
151.3672
0.0000
0.0000
0.0000
0.0000
0.0000
0.0000
0.0000
0.0000
0.0000
0.0000
0.0000
0.0000
0.0000
0.0000
0.0000
0.0000
0.0000
0.0000
0.0000
0.0000
0.0000
0.0000
0.0000
0.0000
0.0000
0.0000
122.0703
122.0703
292.9687
292.9687
410.1562
410.1562
468.7500
468.7500
449.2187
449.2187
380.8594
380.8594
336.9141
336.9141
351.5625
351.5625
356.4453
356.4453
356.4453
356.4453
371.0937
371.0937
390.6250
390.6250
415.0391
415.0391
429.6875
429.6875
434.5703
434.5703
468.7500
488.2812
488.2812
468.7500
468.7500
424.8047
424.8047
341.7969
341.7969
219.7266
219.7266
219.7266
0.0000
0.0000
0.0000
0.0000
0.0000
0.0000
0.0000
0.0000
0.0000
0.0000
0.0000
0.0000
0.0000
0.0000
0.0000
0.0000
0.0000
0.0000
0.0000
0.0000
0.0000
0.0000
0.0000
0.0000
0.0000
0.0000
136.7187
297.8516
297.8516
405.2734
405.2734
463.8672
463.8672
458.9844
458.9844
415.0391
415.0391
415.0391
366.2109
366.2109
351.5625
351.5625
375.9766
375.9766
385.7422
380.8594
380.8594
400.3906
400.3906
419.9219
419.9219
454.1016
454.1016
468.7500
468.7500
468.7500
488.2812
488.2812
488.2812
488.2812
439.4531
341.7969
341.7969
229.4922
229.4922
0.0000
0.0000
0.0000
0.0000
0.0000
0.0000
0.0000
0.0000
0.0000
0.0000
0.0000
0.0000
0.0000
0.0000
0.0000
0.0000
0.0000
0.0000
0.0000
0.0000
0.0000
0.0000
0.0000
0.0000
0.0000
0.0000
87.8906
87.8906
239.2578
239.2578
366.2109
366.2109
390.6250
390.6250
366.2109
366.2109
351.5625
351.5625
351.5625
351.5625
322.2656
322.2656
317.3828
317.3828
332.0312
332.0312
366.2109
366.2109
390.6250
390.6250
405.2734
405.2734
410.1562
410.1562
439.4531
439.4531
463.8672
463.8672
463.8672
463.8672
463.8672
463.8672
395.5078
395.5078
253.9062
253.9062
87.8906
87.8906
0.0000
0.0000
0.0000
0.0000
0.0000
0.0000
0.0000
0.0000
0.0000
0.0000
0.0000
0.0000
0.0000
0.0000
0.0000
0.0000
0.0000
0.0000
0.0000
0.0000
0.0000
0.0000
0.0000
0.0000
0.0000
0.0000
0.0000
0.0000
92.7734
92.7734
205.0781
205.0781
292.9687
292.9687
297.8516
297.8516
273.4375
273.4375
268.5547
268.5547
278.3203
278.3203
292.9687
292.9687
297.8516
297.8516
327.1484
327.1484
361.3281
361.3281
380.8594
380.8594
390.6250
390.6250
405.2734
405.2734
434.5703
434.5703
439.4531
439.4531
429.6875
429.6875
375.9766
375.9766
263.6719
263.6719
24.4141
24.4141
0.0000
0.0000
0.0000
0.0000
0.0000
0.0000
0.0000
0.0000
0.0000
0.0000
0.0000
0.0000
0.0000
0.0000
0.0000
0.0000
0.0000
0.0000
0.0000
0.0000
0.0000
0.0000
0.0000
0.0000
151.3672
151.3672
302.7344
302.7344
405.2734
405.2734
444.3359
444.3359
454.1016
454.1016
449.2187
449.2187
400.3906
400.3906
366.2109
366.2109
400.3906
400.3906
410.1562
410.1562
419.9219
419.9219
429.6875
429.6875
458.9844
458.9844
488.2812
488.2812
507.8125
507.8125
517.5781
517.5781
541.9922
541.9922
541.9922
541.9922
507.8125
507.8125
444.3359
444.3359
302.7344
302.7344
107.4219
107.4219
0.0000
0.0000
0.0000
0.0000
0.0000
0.0000
0.0000
0.0000
0.0000
0.0000
0.0000
0.0000
0.0000
0.0000
0.0000
0.0000
0.0000
0.0000
0.0000
0.0000
0.0000
0.0000
0.0000
0.0000
0.0000
0.0000
136.7187
136.7187
273.4375
273.4375
356.4453
356.4453
390.6250
390.6250
400.3906
400.3906
395.5078
395.5078
361.3281
361.3281
351.5625
351.5625
366.2109
366.2109
395.5078
395.5078
415.0391
415.0391
410.1562
410.1562
424.8047
424.8047
449.2187
449.2187
458.9844
458.9844
468.7500
468.7500
424.8047
424.8047
317.3828
317.3828
200.1953
200.1953
0.0000
0.0000
0.0000
0.0000
0.0000
0.0000
0.0000
0.0000
0.0000
0.0000
0.0000
0.0000
0.0000
0.0000
0.0000
0.0000
0.0000
0.0000
0.0000
0.0000
0.0000
0.0000
0.0000
0.0000
0.0000
0.0000
24.4141
24.4141
175.7812
175.7812
322.2656
322.2656
415.0391
415.0391
419.9219
419.9219
390.6250
390.6250
371.0937
371.0937
356.4453
356.4453
375.9766
375.9766
371.0937
371.0937
371.0937
371.0937
395.5078
395.5078
439.4531
439.4531
458.9844
458.9844
463.8672
463.8672
498.0469
498.0469
512.6953
512.6953
502.9297
502.9297
468.7500
468.7500
371.0937
371.0937
244.1406
244.1406
0.0000
0.0000
0.0000
0.0000
0.0000
0.0000
0.0000
0.0000
0.0000
0.0000
0.0000
0.0000
0.0000
0.0000
0.0000
0.0000
0.0000
0.0000
0.0000
0.0000
0.0000
0.0000
0.0000
0.0000
0.0000
0.0000
4.8828
4.8828
175.7812
175.7812
278.3203
278.3203
346.6797
346.6797
371.0937
371.0937
375.9766
375.9766
361.3281
361.3281
351.5625
351.5625
356.4453
356.4453
400.3906
400.3906
390.6250
390.6250
415.0391
415.0391
444.3359
444.3359
463.8672
463.8672
478.5156
478.5156
502.9297
502.9297
507.8125
507.8125
517.5781
517.5781
463.8672
463.8672
375.9766
375.9766
200.1953
200.1953
0.0000
0.0000
0.0000
0.0000
0.0000
0.0000
0.0000
0.0000
0.0000
0.0000
0.0000
0.0000
0.0000
0.0000
0.0000
0.0000
0.0000
0.0000
0.0000
0.0000
0.0000
0.0000
0.0000
0.0000
0.0000
0.0000
141.6016
141.6016
292.9687
292.9687
395.5078
395.5078
434.5703
434.5703
419.9219
419.9219
419.9219
419.9219
395.5078
395.5078
375.9766
375.9766
375.9766
375.9766
410.1562
410.1562
439.4531
439.4531
444.3359
444.3359
458.9844
458.9844
493.1641
493.1641
522.4609
522.4609
522.4609
522.4609
537.1094
537.1094
532.2266
532.2266
507.8125
507.8125
434.5703
434.5703
332.0312
332.0312
122.0703
122.0703
0.0000
0.0000
0.0000
0.0000
0.0000
0.0000
0.0000
0.0000
0.0000
0.0000
0.0000
0.0000
0.0000
0.0000
0.0000
0.0000
0.0000
0.0000
0.0000
0.0000
0.0000
0.0000
0.0000
0.0000
9.7656
9.7656
175.7812
175.7812
332.0312
332.0312
410.1562
410.1562
439.4531
439.4531
434.5703
434.5703
434.5703
434.5703
395.5078
395.5078
375.9766
375.9766
390.6250
390.6250
429.6875
429.6875
444.3359
444.3359
468.7500
468.7500
463.8672
463.8672
493.1641
493.1641
507.8125
507.8125
522.4609
522.4609
498.0469
498.0469
434.5703
434.5703
327.1484
327.1484
146.4844
146.4844
0.0000
0.0000
0.0000
0.0000
0.0000
0.0000
0.0000
0.0000
0.0000
0.0000
0.0000
0.0000
0.0000
0.0000
0.0000
0.0000
0.0000
0.0000
0.0000
0.0000
0.0000
0.0000
0.0000
0.0000
63.4766
63.4766
239.2578
239.2578
371.0937
371.0937
463.8672
463.8672
488.2812
488.2812
463.8672
463.8672
419.9219
419.9219
419.9219
419.9219
424.8047
424.8047
419.9219
419.9219
419.9219
419.9219
444.3359
444.3359
458.9844
458.9844
478.5156
478.5156
493.1641
493.1641
507.8125
507.8125
532.2266
532.2266
537.1094
537.1094
532.2266
532.2266
473.6328
473.6328
390.6250
390.6250
268.5547
268.5547
4.8828
4.8828
0.0000
0.0000
0.0000
0.0000
0.0000
0.0000
0.0000
0.0000
0.0000
0.0000
0.0000
0.0000
0.0000
0.0000
0.0000
0.0000
0.0000
0.0000
0.0000
0.0000
0.0000
0.0000
58.5937
58.5937
258.7891
258.7891
390.6250
390.6250
473.6328
473.6328
546.8750
546.8750
527.3437
527.3437
478.5156
478.5156
434.5703
434.5703
424.8047
424.8047
434.5703
434.5703
449.2187
449.2187
449.2187
449.2187
478.5156
478.5156
483.3984
483.3984
498.0469
498.0469
507.8125
507.8125
527.3437
527.3437
502.9297
502.9297
478.5156
478.5156
400.3906
400.3906
258.7891
258.7891
0.0000
0.0000
0.0000
0.0000
0.0000
0.0000
0.0000
0.0000
0.0000
0.0000
0.0000
0.0000
0.0000
0.0000
0.0000
0.0000
0.0000
0.0000
0.0000
0.0000
0.0000
0.0000
0.0000
0.0000
126.9531
126.9531
322.2656
322.2656
468.7500
468.7500
537.1094
537.1094
512.6953
512.6953
488.2812
488.2812
463.8672
463.8672
439.4531
439.4531
415.0391
415.0391
395.5078
395.5078
410.1562
410.1562
434.5703
434.5703
434.5703
434.5703
449.2187
449.2187
483.3984
483.3984
502.9297
502.9297
522.4609
522.4609
541.9922
541.9922
507.8125
507.8125
415.0391
415.0391
307.6172
307.6172
146.4844
146.4844
0.0000
0.0000
0.0000
0.0000
0.0000
0.0000
0.0000
0.0000
0.0000
0.0000
0.0000
0.0000
0.0000
0.0000
0.0000
0.0000
0.0000
0.0000
0.0000
0.0000
0.0000
0.0000
0.0000
0.0000
0.0000
0.0000
73.2422
73.2422
258.7891
258.7891
375.9766
375.9766
424.8047
424.8047
400.3906
400.3906
361.3281
361.3281
336.9141
336.9141
341.7969
341.7969
317.3828
317.3828
332.0312
332.0312
361.3281
361.3281
380.8594
380.8594
400.3906
400.3906
415.0391
415.0391
424.8047
424.8047
439.4531
439.4531
449.2187
449.2187
419.9219
419.9219
336.9141
336.9141
200.1953
200.1953
0.0000
0.0000
0.0000
0.0000
0.0000
0.0000
0.0000
0.0000
0.0000
0.0000
0.0000
0.0000
0.0000
0.0000
0.0000
0.0000
0.0000
0.0000
0.0000
0.0000
0.0000
0.0000
0.0000
0.0000
0.0000
0.0000
170.8984
170.8984
327.1484
327.1484
429.6875
429.6875
463.8672
463.8672
444.3359
444.3359
405.2734
405.2734
356.4453
356.4453
336.9141
336.9141
346.6797
346.6797
366.2109
366.2109
351.5625
351.5625
375.9766
375.9766
419.9219
419.9219
429.6875
429.6875
454.1016
454.1016
473.6328
473.6328
498.0469
498.0469
493.1641
493.1641
468.7500
468.7500
400.3906
400.3906
268.5547
268.5547
48.8281
48.8281
0.0000
0.0000
0.0000
0.0000
0.0000
0.0000
0.0000
0.0000
0.0000
0.0000
0.0000
0.0000
0.0000
0.0000
0.0000
0.0000
0.0000
0.0000
0.0000
0.0000
0.0000
0.0000
0.0000
0.0000
0.0000
117.1875
117.1875
249.0234
249.0234
327.1484
327.1484
327.1484
351.5625
351.5625
351.5625
351.5625
317.3828
317.3828
278.3203
278.3203
278.3203
312.5000
312.5000
332.0312
332.0312
341.7969
341.7969
366.2109
366.2109
390.6250
390.6250
390.6250
390.6250
390.6250
419.9219
419.9219
449.2187
449.2187
439.4531
419.9219
419.9219
351.5625
351.5625
209.9609
209.9609
0.0000
0.0000
0.0000
0.0000
0.0000
0.0000
0.0000
0.0000
0.0000
0.0000
0.0000
0.0000
0.0000
0.0000
0.0000
0.0000
0.0000
0.0000
0.0000
0.0000
0.0000
0.0000
0.0000
0.0000
14.6484
14.6484
205.0781
205.0781
351.5625
351.5625
415.0391
415.0391
400.3906
400.3906
366.2109
366.2109
351.5625
351.5625
351.5625
351.5625
341.7969
341.7969
327.1484
327.1484
361.3281
361.3281
390.6250
390.6250
410.1562
410.1562
419.9219
419.9219
444.3359
444.3359
468.7500
468.7500
478.5156
478.5156
512.6953
512.6953
493.1641
493.1641
424.8047
424.8047
312.5000
312.5000
180.6641
180.6641
0.0000
0.0000
0.0000
0.0000
0.0000
0.0000
0.0000
0.0000
0.0000
0.0000
0.0000
0.0000
0.0000
0.0000
0.0000
0.0000
0.0000
0.0000
0.0000
0.0000
0.0000
0.0000
0.0000
0.0000
0.0000
0.0000
58.5937
58.5937
219.7266
219.7266
361.3281
361.3281
429.6875
429.6875
424.8047
424.8047
375.9766
375.9766
361.3281
361.3281
366.2109
366.2109
351.5625
351.5625
351.5625
351.5625
375.9766
375.9766
390.6250
390.6250
434.5703
434.5703
458.9844
458.9844
473.6328
473.6328
473.6328
473.6328
444.3359
444.3359
385.7422
385.7422
317.3828
317.3828
112.3047
112.3047
0.0000
0.0000
0.0000
0.0000
0.0000
0.0000
0.0000
0.0000
0.0000
0.0000
0.0000
0.0000
0.0000
0.0000
0.0000
0.0000
0.0000
0.0000
0.0000
0.0000
0.0000
0.0000
0.0000
0.0000
200.1953
200.1953
385.7422
385.7422
507.8125
507.8125
541.9922
541.9922
527.3437
527.3437
498.0469
498.0469
458.9844
458.9844
410.1562
410.1562
405.2734
405.2734
434.5703
434.5703
458.9844
458.9844
458.9844
458.9844
478.5156
478.5156
483.3984
483.3984
498.0469
498.0469
527.3437
527.3437
532.2266
532.2266
556.6406
556.6406
537.1094
537.1094
439.4531
439.4531
327.1484
327.1484
166.0156
166.0156
0.0000
0.0000
0.0000
0.0000
0.0000
0.0000
0.0000
0.0000
0.0000
0.0000
0.0000
0.0000
0.0000
0.0000
0.0000
0.0000
0.0000
0.0000
0.0000
0.0000
0.0000
0.0000
0.0000
0.0000
0.0000
0.0000
78.1250
78.1250
258.7891
258.7891
346.6797
346.6797
351.5625
351.5625
371.0937
371.0937
361.3281
361.3281
336.9141
336.9141
307.6172
307.6172
312.5000
312.5000
327.1484
327.1484
366.2109
366.2109
380.8594
380.8594
400.3906
400.3906
424.8047
424.8047
444.3359
444.3359
454.1016
454.1016
454.1016
454.1016
405.2734
405.2734
297.8516
297.8516
170.8984
170.8984
0.0000
0.0000
0.0000
0.0000
0.0000
0.0000
0.0000
0.0000
0.0000
0.0000
0.0000
0.0000
0.0000
0.0000
0.0000
0.0000
0.0000
0.0000
0.0000
0.0000
0.0000
0.0000
0.0000
0.0000
0.0000
0.0000
205.0781
205.0781
361.3281
361.3281
478.5156
478.5156
532.2266
532.2266
488.2812
488.2812
419.9219
419.9219
380.8594
380.8594
395.5078
395.5078
395.5078
395.5078
400.3906
400.3906
419.9219
419.9219
429.6875
429.6875
449.2187
449.2187
458.9844
458.9844
488.2812
488.2812
507.8125
507.8125
507.8125
507.8125
512.6953
512.6953
468.7500
468.7500
332.0312
332.0312
151.3672
151.3672
0.0000
0.0000
0.0000
0.0000
0.0000
0.0000
0.0000
0.0000
0.0000
0.0000
0.0000
0.0000
0.0000
0.0000
0.0000
0.0000
0.0000
0.0000
0.0000
0.0000
0.0000
0.0000
0.0000
0.0000
0.0000
0.0000
0.0000
0.0000
92.7734
92.7734
214.8437
214.8437
302.7344
302.7344
346.6797
346.6797
327.1484
327.1484
302.7344
302.7344
283.2031
283.2031
297.8516
297.8516
307.6172
307.6172
332.0312
332.0312
356.4453
356.4453
371.0937
371.0937
400.3906
400.3906
419.9219
419.9219
434.5703
434.5703
434.5703
434.5703
375.9766
375.9766
332.0312
332.0312
263.6719
263.6719
19.5312
19.5312
0.0000
0.0000
0.0000
0.0000
0.0000
0.0000
0.0000
0.0000
0.0000
0.0000
0.0000
0.0000
0.0000
0.0000
0.0000
0.0000
0.0000
0.0000
0.0000
0.0000
0.0000
0.0000
0.0000
0.0000
0.0000
0.0000
156.2500
156.2500
302.7344
302.7344
361.3281
361.3281
361.3281
361.3281
371.0937
371.0937
356.4453
356.4453
332.0312
332.0312
322.2656
322.2656
351.5625
351.5625
375.9766
375.9766
390.6250
390.6250
410.1562
410.1562
419.9219
419.9219
415.0391
415.0391
458.9844
458.9844
493.1641
493.1641
507.8125
507.8125
463.8672
463.8672
366.2109
366.2109
263.6719
263.6719
43.9453
43.9453
0.0000
0.0000
0.0000
0.0000
0.0000
0.0000
0.0000
0.0000
0.0000
0.0000
0.0000
0.0000
0.0000
0.0000
0.0000
0.0000
0.0000
0.0000
0.0000
0.0000
0.0000
0.0000
0.0000
0.0000
73.2422
73.2422
253.9062
253.9062
410.1562
410.1562
498.0469
498.0469
493.1641
493.1641
463.8672
463.8672
454.1016
454.1016
444.3359
444.3359
429.6875
429.6875
410.1562
410.1562
429.6875
429.6875
463.8672
463.8672
478.5156
478.5156
488.2812
488.2812
512.6953
512.6953
522.4609
522.4609
517.5781
517.5781
498.0469
498.0469
405.2734
405.2734
278.3203
278.3203
19.5312
19.5312
0.0000
0.0000
0.0000
0.0000
0.0000
0.0000
0.0000
0.0000
0.0000
0.0000
0.0000
0.0000
0.0000
0.0000
0.0000
0.0000
0.0000
0.0000
0.0000
0.0000
0.0000
0.0000
0.0000
0.0000
117.1875
117.1875
263.6719
263.6719
385.7422
385.7422
458.9844
458.9844
458.9844
458.9844
434.5703
434.5703
390.6250
390.6250
361.3281
361.3281
380.8594
380.8594
390.6250
390.6250
400.3906
400.3906
429.6875
429.6875
454.1016
454.1016
478.5156
478.5156
483.3984
483.3984
512.6953
512.6953
532.2266
532.2266
522.4609
522.4609
517.5781
517.5781
473.6328
473.6328
351.5625
351.5625
166.0156
166.0156
0.0000
0.0000
0.0000
0.0000
0.0000
0.0000
0.0000
0.0000
0.0000
0.0000
0.0000
0.0000
0.0000
0.0000
0.0000
0.0000
0.0000
0.0000
0.0000
0.0000
0.0000
0.0000
0.0000
0.0000
0.0000
0.0000
117.1875
117.1875
268.5547
268.5547
361.3281
361.3281
429.6875
429.6875
439.4531
439.4531
439.4531
439.4531
385.7422
385.7422
371.0937
371.0937
390.6250
390.6250
385.7422
385.7422
410.1562
410.1562
429.6875
429.6875
434.5703
434.5703
458.9844
458.9844
483.3984
483.3984
502.9297
502.9297
473.6328
473.6328
419.9219
419.9219
302.7344
302.7344
166.0156
166.0156
0.0000
0.0000
0.0000
0.0000
0.0000
0.0000
0.0000
0.0000
0.0000
0.0000
0.0000
0.0000
0.0000
0.0000
0.0000
0.0000
0.0000
0.0000
0.0000
0.0000
0.0000
0.0000
0.0000
0.0000
0.0000
0.0000
161.1328
161.1328
322.2656
322.2656
439.4531
439.4531
449.2187
449.2187
424.8047
424.8047
380.8594
380.8594
366.2109
366.2109
366.2109
366.2109
361.3281
361.3281
375.9766
375.9766
419.9219
419.9219
444.3359
444.3359
444.3359
444.3359
458.9844
458.9844
473.6328
473.6328
478.5156
478.5156
493.1641
493.1641
507.8125
507.8125
468.7500
468.7500
361.3281
361.3281
175.7812
175.7812
0.0000
0.0000
0.0000
0.0000
0.0000
0.0000
0.0000
0.0000
0.0000
0.0000
0.0000
0.0000
0.0000
0.0000
0.0000
0.0000
0.0000
0.0000
0.0000
0.0000
0.0000
0.0000
0.0000
0.0000
0.0000
0.0000
0.0000
0.0000
122.0703
122.0703
214.8437
214.8437
312.5000
312.5000
327.1484
327.1484
297.8516
297.8516
307.6172
307.6172
322.2656
322.2656
332.0312
332.0312
327.1484
327.1484
336.9141
336.9141
356.4453
356.4453
371.0937
371.0937
410.1562
410.1562
429.6875
429.6875
444.3359
444.3359
444.3359
444.3359
424.8047
424.8047
351.5625
351.5625
219.7266
219.7266
0.0000
0.0000
0.0000
0.0000
0.0000
0.0000
0.0000
0.0000
0.0000
0.0000
0.0000
0.0000
0.0000
0.0000
0.0000
0.0000
0.0000
0.0000
0.0000
0.0000
0.0000
0.0000
0.0000
0.0000
0.0000
0.0000
0.0000
0.0000
97.6562
97.6562
209.9609
209.9609
273.4375
273.4375
307.6172
307.6172
322.2656
322.2656
302.7344
302.7344
273.4375
273.4375
292.9687
292.9687
322.2656
322.2656
346.6797
346.6797
371.0937
371.0937
385.7422
385.7422
400.3906
400.3906
410.1562
410.1562
439.4531
439.4531
463.8672
463.8672
478.5156
478.5156
488.2812
488.2812
463.8672
463.8672
410.1562
410.1562
292.9687
292.9687
39.0625
39.0625
0.0000
0.0000
0.0000
0.0000
0.0000
0.0000
0.0000
0.0000
0.0000
0.0000
0.0000
0.0000
0.0000
0.0000
0.0000
0.0000
0.0000
0.0000
0.0000
0.0000
0.0000
0.0000
0.0000
68.3594
68.3594
253.9062
253.9062
253.9062
375.9766
375.9766
444.3359
444.3359
498.0469
498.0469
498.0469
449.2187
449.2187
415.0391
415.0391
419.9219
419.9219
419.9219
419.9219
444.3359
444.3359
444.3359
449.2187
449.2187
483.3984
483.3984
493.1641
493.1641
507.8125
546.8750
546.8750
556.6406
556.6406
517.5781
517.5781
454.1016
454.1016
385.7422
385.7422
385.7422
209.9609
209.9609
0.0000
0.0000
0.0000
0.0000
0.0000
0.0000
0.0000
0.0000
0.0000
0.0000
0.0000
0.0000
0.0000
0.0000
0.0000
0.0000
0.0000
0.0000
0.0000
0.0000
0.0000
63.4766
63.4766
239.2578
239.2578
415.0391
415.0391
581.0547
581.0547
639.6484
639.6484
620.1172
620.1172
571.2891
571.2891
537.1094
537.1094
493.1641
493.1641
478.5156
478.5156
458.9844
458.9844
493.1641
493.1641
517.5781
517.5781
537.1094
537.1094
556.6406
556.6406
566.4062
566.4062
566.4062
566.4062
590.8203
590.8203
605.4687
605.4687
590.8203
590.8203
502.9297
502.9297
395.5078
395.5078
219.7266
219.7266
0.0000
0.0000
0.0000
0.0000
0.0000
0.0000
0.0000
0.0000
0.0000
0.0000
0.0000
0.0000
0.0000
0.0000
0.0000
0.0000
0.0000
0.0000
0.0000
0.0000
0.0000
0.0000
0.0000
0.0000
126.9531
126.9531
283.2031
283.2031
390.6250
390.6250
488.2812
488.2812
498.0469
498.0469
449.2187
449.2187
429.6875
429.6875
415.0391
415.0391
410.1562
410.1562
419.9219
419.9219
434.5703
434.5703
439.4531
439.4531
429.6875
429.6875
463.8672
463.8672
493.1641
493.1641
498.0469
498.0469
502.9297
502.9297
498.0469
498.0469
458.9844
458.9844
351.5625
351.5625
151.3672
151.3672
0.0000
0.0000
0.0000
0.0000
0.0000
0.0000
0.0000
0.0000
0.0000
0.0000
0.0000
0.0000
0.0000
0.0000
0.0000
0.0000
0.0000
0.0000
0.0000
0.0000
0.0000
0.0000
0.0000
0.0000
0.0000
0.0000
141.6016
141.6016
278.3203
278.3203
327.1484
327.1484
346.6797
346.6797
356.4453
356.4453
336.9141
336.9141
297.8516
297.8516
297.8516
297.8516
297.8516
297.8516
327.1484
327.1484
356.4453
356.4453
385.7422
385.7422
390.6250
390.6250
405.2734
405.2734
415.0391
415.0391
454.1016
454.1016
463.8672
463.8672
434.5703
434.5703
346.6797
346.6797
283.2031
283.2031
92.7734
92.7734
0.0000
0.0000
0.0000
0.0000
0.0000
0.0000
0.0000
0.0000
0.0000
0.0000
0.0000
0.0000
0.0000
0.0000
0.0000
0.0000
0.0000
0.0000
0.0000
0.0000
0.0000
0.0000
0.0000
0.0000
0.0000
0.0000
87.8906
87.8906
244.1406
244.1406
341.7969
341.7969
380.8594
380.8594
371.0937
371.0937
375.9766
375.9766
361.3281
361.3281
332.0312
332.0312
336.9141
336.9141
361.3281
361.3281
366.2109
366.2109
380.8594
380.8594
400.3906
400.3906
424.8047
424.8047
444.3359
444.3359
449.2187
449.2187
424.8047
424.8047
332.0312
332.0312
209.9609
209.9609
0.0000
0.0000
0.0000
0.0000
0.0000
0.0000
0.0000
0.0000
0.0000
0.0000
0.0000
0.0000
0.0000
0.0000
0.0000
0.0000
0.0000
0.0000
0.0000
0.0000
0.0000
0.0000
0.0000
0.0000
9.7656
9.7656
224.6094
224.6094
351.5625
351.5625
429.6875
429.6875
473.6328
473.6328
478.5156
478.5156
429.6875
429.6875
385.7422
385.7422
375.9766
375.9766
400.3906
400.3906
390.6250
390.6250
415.0391
415.0391
439.4531
439.4531
458.9844
458.9844
468.7500
468.7500
512.6953
512.6953
517.5781
517.5781
522.4609
522.4609
522.4609
522.4609
502.9297
502.9297
463.8672
463.8672
356.4453
356.4453
151.3672
151.3672
0.0000
0.0000
0.0000
0.0000
0.0000
0.0000
0.0000
0.0000
0.0000
0.0000
0.0000
0.0000
0.0000
0.0000
0.0000
0.0000
0.0000
0.0000
0.0000
0.0000
0.0000
0.0000
0.0000
0.0000
102.5391
102.5391
302.7344
302.7344
419.9219
419.9219
463.8672
463.8672
502.9297
502.9297
478.5156
478.5156
424.8047
424.8047
405.2734
405.2734
405.2734
405.2734
405.2734
405.2734
410.1562
410.1562
429.6875
429.6875
444.3359
444.3359
463.8672
463.8672
478.5156
478.5156
507.8125
507.8125
502.9297
502.9297
429.6875
429.6875
302.7344
302.7344
166.0156
166.0156
0.0000
0.0000
0.0000
0.0000
0.0000
0.0000
0.0000
0.0000
0.0000
0.0000
0.0000
0.0000
0.0000
0.0000
0.0000
0.0000
0.0000
0.0000
0.0000
0.0000
0.0000
0.0000
0.0000
0.0000
131.8359
131.8359
297.8516
297.8516
415.0391
415.0391
493.1641
493.1641
478.5156
478.5156
429.6875
429.6875
390.6250
390.6250
390.6250
390.6250
375.9766
375.9766
366.2109
366.2109
395.5078
395.5078
424.8047
424.8047
434.5703
434.5703
454.1016
454.1016
473.6328
473.6328
498.0469
498.0469
483.3984
483.3984
493.1641
493.1641
498.0469
498.0469
434.5703
434.5703
288.0859
288.0859
107.4219
107.4219
0.0000
0.0000
0.0000
0.0000
0.0000
0.0000
0.0000
0.0000
0.0000
0.0000
0.0000
0.0000
0.0000
0.0000
0.0000
0.0000
0.0000
0.0000
0.0000
0.0000
0.0000
0.0000
0.0000
0.0000
0.0000
0.0000
39.0625
39.0625
146.4844
146.4844
268.5547
268.5547
346.6797
346.6797
322.2656
322.2656
283.2031
283.2031
268.5547
268.5547
263.6719
263.6719
288.0859
288.0859
307.6172
307.6172
332.0312
332.0312
341.7969
341.7969
366.2109
366.2109
395.5078
395.5078
410.1562
410.1562
424.8047
424.8047
385.7422
385.7422
297.8516
297.8516
219.7266
219.7266
39.0625
39.0625
0.0000
0.0000
0.0000
0.0000
0.0000
0.0000
0.0000
0.0000
0.0000
0.0000
0.0000
0.0000
0.0000
0.0000
0.0000
0.0000
0.0000
0.0000
0.0000
0.0000
0.0000
0.0000
0.0000
0.0000
68.3594
68.3594
263.6719
263.6719
410.1562
410.1562
483.3984
483.3984
458.9844
458.9844
429.6875
429.6875
410.1562
410.1562
380.8594
380.8594
361.3281
361.3281
366.2109
366.2109
390.6250
390.6250
410.1562
410.1562
429.6875
429.6875
449.2187
449.2187
458.9844
458.9844
468.7500
468.7500
493.1641
493.1641
507.8125
507.8125
439.4531
439.4531
297.8516
297.8516
180.6641
180.6641
0.0000
0.0000
0.0000
0.0000
0.0000
0.0000
0.0000
0.0000
0.0000
0.0000
0.0000
0.0000
0.0000
0.0000
0.0000
0.0000
0.0000
0.0000
0.0000
0.0000
0.0000
0.0000
0.0000
0.0000
0.0000
0.0000
0.0000
0.0000
112.3047
112.3047
244.1406
244.1406
336.9141
336.9141
346.6797
346.6797
322.2656
322.2656
312.5000
312.5000
312.5000
312.5000
302.7344
302.7344
322.2656
322.2656
336.9141
336.9141
356.4453
356.4453
390.6250
390.6250
410.1562
410.1562
439.4531
439.4531
444.3359
444.3359
434.5703
434.5703
434.5703
434.5703
410.1562
410.1562
312.5000
312.5000
83.0078
83.0078
0.0000
0.0000
0.0000
0.0000
0.0000
0.0000
0.0000
0.0000
0.0000
0.0000
0.0000
0.0000
0.0000
0.0000
0.0000
0.0000
0.0000
0.0000
0.0000
0.0000
0.0000
0.0000
0.0000
0.0000
131.8359
131.8359
322.2656
322.2656
405.2734
405.2734
454.1016
454.1016
449.2187
449.2187
424.8047
424.8047
395.5078
395.5078
371.0937
371.0937
380.8594
380.8594
400.3906
400.3906
419.9219
419.9219
429.6875
429.6875
439.4531
439.4531
463.8672
463.8672
458.9844
458.9844
507.8125
507.8125
532.2266
532.2266
527.3437
527.3437
483.3984
483.3984
419.9219
419.9219
322.2656
322.2656
68.3594
68.3594
0.0000
0.0000
0.0000
0.0000
0.0000
0.0000
0.0000
0.0000
0.0000
0.0000
0.0000
0.0000
0.0000
0.0000
0.0000
0.0000
0.0000
0.0000
0.0000
0.0000
0.0000
0.0000
0.0000
0.0000
117.1875
117.1875
297.8516
297.8516
415.0391
415.0391
434.5703
434.5703
444.3359
444.3359
439.4531
439.4531
419.9219
419.9219
385.7422
385.7422
375.9766
375.9766
385.7422
385.7422
415.0391
415.0391
429.6875
429.6875
468.7500
468.7500
483.3984
483.3984
478.5156
478.5156
493.1641
493.1641
517.5781
517.5781
458.9844
458.9844
366.2109
366.2109
234.3750
234.3750
0.0000
0.0000
0.0000
0.0000
0.0000
0.0000
0.0000
0.0000
0.0000
0.0000
0.0000
0.0000
0.0000
0.0000
0.0000
0.0000
0.0000
0.0000
0.0000
0.0000
0.0000
0.0000
0.0000
0.0000
0.0000
0.0000
136.7187
136.7187
263.6719
263.6719
351.5625
351.5625
395.5078
395.5078
385.7422
385.7422
346.6797
346.6797
312.5000
312.5000
327.1484
327.1484
336.9141
336.9141
361.3281
361.3281
375.9766
375.9766
400.3906
400.3906
400.3906
400.3906
424.8047
424.8047
463.8672
463.8672
473.6328
473.6328
468.7500
468.7500
473.6328
473.6328
454.1016
454.1016
346.6797
346.6797
170.8984
170.8984
0.0000
0.0000
0.0000
0.0000
0.0000
0.0000
0.0000
0.0000
0.0000
0.0000
0.0000
0.0000
0.0000
0.0000
0.0000
0.0000
0.0000
0.0000
0.0000
0.0000
0.0000
0.0000
0.0000
0.0000
0.0000
0.0000
0.0000
0.0000
68.3594
68.3594
195.3125
195.3125
283.2031
283.2031
336.9141
336.9141
332.0312
332.0312
307.6172
307.6172
288.0859
297.8516
297.8516
312.5000
312.5000
327.1484
327.1484
351.5625
351.5625
351.5625
380.8594
380.8594
390.6250
390.6250
410.1562
410.1562
439.4531
439.4531
444.3359
424.8047
424.8047
390.6250
390.6250
317.3828
317.3828
170.8984
170.8984
0.0000
0.0000
0.0000
0.0000
0.0000
0.0000
0.0000
0.0000
0.0000
0.0000
0.0000
0.0000
0.0000
0.0000
0.0000
0.0000
0.0000
0.0000
0.0000
0.0000
0.0000
0.0000
0.0000
0.0000
0.0000
0.0000
122.0703
122.0703
283.2031
283.2031
375.9766
375.9766
415.0391
415.0391
400.3906
400.3906
390.6250
390.6250
375.9766
375.9766
346.6797
346.6797
356.4453
356.4453
380.8594
380.8594
405.2734
405.2734
419.9219
419.9219
449.2187
449.2187
454.1016
454.1016
468.7500
468.7500
498.0469
498.0469
522.4609
522.4609
517.5781
517.5781
458.9844
458.9844
356.4453
356.4453
268.5547
268.5547
0.0000
0.0000
0.0000
0.0000
0.0000
0.0000
0.0000
0.0000
0.0000
0.0000
0.0000
0.0000
0.0000
0.0000
0.0000
0.0000
0.0000
0.0000
0.0000
0.0000
0.0000
0.0000
0.0000
0.0000
0.0000
0.0000
161.1328
161.1328
327.1484
327.1484
429.6875
429.6875
463.8672
463.8672
449.2187
449.2187
434.5703
434.5703
429.6875
429.6875
429.6875
429.6875
419.9219
419.9219
415.0391
415.0391
429.6875
429.6875
454.1016
454.1016
473.6328
473.6328
493.1641
493.1641
512.6953
512.6953
522.4609
522.4609
522.4609
522.4609
493.1641
493.1641
405.2734
405.2734
249.0234
249.0234
0.0000
0.0000
0.0000
0.0000
0.0000
0.0000
0.0000
0.0000
0.0000
0.0000
0.0000
0.0000
0.0000
0.0000
0.0000
0.0000
0.0000
0.0000
0.0000
0.0000
0.0000
0.0000
0.0000
0.0000
0.0000
0.0000
131.8359
131.8359
283.2031
283.2031
390.6250
390.6250
454.1016
454.1016
473.6328
473.6328
410.1562
410.1562
380.8594
380.8594
366.2109
366.2109
371.0937
371.0937
395.5078
395.5078
415.0391
415.0391
424.8047
424.8047
444.3359
444.3359
449.2187
449.2187
478.5156
478.5156
502.9297
502.9297
522.4609
522.4609
498.0469
498.0469
502.9297
502.9297
444.3359
444.3359
332.0312
332.0312
87.8906
87.8906
0.0000
0.0000
0.0000
0.0000
0.0000
0.0000
0.0000
0.0000
0.0000
0.0000
0.0000
0.0000
0.0000
0.0000
0.0000
0.0000
0.0000
0.0000
0.0000
0.0000
0.0000
0.0000
0.0000
0.0000
63.4766
63.4766
234.3750
234.3750
336.9141
336.9141
395.5078
395.5078
429.6875
429.6875
439.4531
439.4531
400.3906
400.3906
380.8594
380.8594
380.8594
380.8594
385.7422
385.7422
390.6250
390.6250
419.9219
419.9219
444.3359
444.3359
463.8672
463.8672
468.7500
468.7500
512.6953
512.6953
522.4609
522.4609
473.6328
473.6328
380.8594
380.8594
312.5000
312.5000
97.6562
97.6562
0.0000
0.0000
0.0000
0.0000
0.0000
0.0000
0.0000
0.0000
0.0000
0.0000
0.0000
0.0000
0.0000
0.0000
0.0000
0.0000
0.0000
0.0000
0.0000
0.0000
0.0000
0.0000
9.7656
9.7656
190.4297
190.4297
346.6797
346.6797
488.2812
488.2812
522.4609
522.4609
483.3984
483.3984
444.3359
444.3359
415.0391
415.0391
400.3906
400.3906
405.2734
405.2734
405.2734
405.2734
419.9219
419.9219
439.4531
439.4531
473.6328
473.6328
483.3984
483.3984
493.1641
493.1641
478.5156
478.5156
517.5781
517.5781
551.7578
551.7578
537.1094
537.1094
483.3984
483.3984
385.7422
385.7422
214.8437
214.8437
0.0000
0.0000
0.0000
0.0000
0.0000
0.0000
0.0000
0.0000
0.0000
0.0000
0.0000
0.0000
0.0000
0.0000
0.0000
0.0000
0.0000
0.0000
0.0000
0.0000
0.0000
0.0000
0.0000
0.0000
0.0000
0.0000
112.3047
112.3047
239.2578
239.2578
341.7969
341.7969
380.8594
380.8594
371.0937
371.0937
351.5625
351.5625
332.0312
332.0312
341.7969
341.7969
336.9141
336.9141
346.6797
346.6797
371.0937
371.0937
380.8594
380.8594
410.1562
410.1562
444.3359
444.3359
449.2187
449.2187
434.5703
434.5703
415.0391
415.0391
346.6797
346.6797
244.1406
244.1406
0.0000
0.0000
0.0000
0.0000
0.0000
0.0000
0.0000
0.0000
0.0000
0.0000
0.0000
0.0000
0.0000
0.0000
0.0000
0.0000
0.0000
0.0000
0.0000
0.0000
0.0000
0.0000
0.0000
0.0000
0.0000
0.0000
0.0000
0.0000
156.2500
156.2500
273.4375
273.4375
332.0312
332.0312
322.2656
322.2656
312.5000
312.5000
312.5000
312.5000
288.0859
288.0859
288.0859
288.0859
312.5000
312.5000
346.6797
346.6797
356.4453
356.4453
385.7422
385.7422
400.3906
400.3906
395.5078
395.5078
419.9219
419.9219
468.7500
468.7500
478.5156
478.5156
478.5156
478.5156
473.6328
473.6328
400.3906
400.3906
273.4375
273.4375
0.0000
0.0000
0.0000
0.0000
0.0000
0.0000
0.0000
0.0000
0.0000
0.0000
0.0000
0.0000
0.0000
0.0000
0.0000
0.0000
0.0000
0.0000
0.0000
0.0000
0.0000
0.0000
0.0000
0.0000
0.0000
0.0000
0.0000
0.0000
9.7656
9.7656
131.8359
131.8359
190.4297
190.4297
239.2578
239.2578
253.9062
253.9062
258.7891
258.7891
249.0234
249.0234
253.9062
253.9062
283.2031
283.2031
302.7344
302.7344
327.1484
327.1484
356.4453
356.4453
371.0937
371.0937
390.6250
390.6250
410.1562
410.1562
454.1016
454.1016
429.6875
429.6875
375.9766
375.9766
283.2031
283.2031
117.1875
117.1875
0.0000
0.0000
0.0000
0.0000
0.0000
0.0000
0.0000
0.0000
0.0000
0.0000
0.0000
0.0000
0.0000
0.0000
0.0000
0.0000
0.0000
0.0000
0.0000
0.0000
0.0000
0.0000
0.0000
0.0000
0.0000
0.0000
136.7187
136.7187
263.6719
263.6719
380.8594
380.8594
395.5078
395.5078
371.0937
371.0937
346.6797
346.6797
371.0937
371.0937
361.3281
361.3281
356.4453
356.4453
380.8594
380.8594
405.2734
405.2734
424.8047
424.8047
468.7500
468.7500
488.2812
488.2812
493.1641
493.1641
498.0469
498.0469
527.3437
527.3437
551.7578
551.7578
527.3437
527.3437
444.3359
444.3359
341.7969
341.7969
156.2500
156.2500
0.0000
0.0000
0.0000
0.0000
0.0000
0.0000
0.0000
0.0000
0.0000
0.0000
0.0000
0.0000
0.0000
0.0000
0.0000
0.0000
0.0000
0.0000
0.0000
0.0000
0.0000
0.0000
0.0000
0.0000
58.5937
58.5937
205.0781
205.0781
346.6797
346.6797
454.1016
454.1016
478.5156
478.5156
468.7500
468.7500
454.1016
454.1016
429.6875
429.6875
429.6875
429.6875
449.2187
449.2187
449.2187
449.2187
449.2187
449.2187
468.7500
468.7500
517.5781
517.5781
537.1094
537.1094
541.9922
541.9922
522.4609
522.4609
517.5781
517.5781
458.9844
458.9844
361.3281
361.3281
166.0156
166.0156
0.0000
0.0000
0.0000
0.0000
0.0000
0.0000
0.0000
0.0000
0.0000
0.0000
0.0000
0.0000
0.0000
0.0000
0.0000
0.0000
0.0000
0.0000
0.0000
0.0000
0.0000
0.0000
195.3125
195.3125
434.5703
434.5703
595.7031
595.7031
678.7109
678.7109
698.2422
698.2422
683.5937
683.5937
620.1172
620.1172
566.4062
566.4062
522.4609
522.4609
507.8125
507.8125
522.4609
522.4609
541.9922
541.9922
561.5234
561.5234
590.8203
590.8203
581.0547
581.0547
581.0547
581.0547
615.2344
615.2344
615.2344
615.2344
610.3516
610.3516
571.2891
571.2891
478.5156
478.5156
361.3281
361.3281
126.9531
126.9531
0.0000
0.0000
0.0000
0.0000
0.0000
0.0000
0.0000
0.0000
0.0000
0.0000
0.0000
0.0000
0.0000
0.0000
0.0000
0.0000
0.0000
0.0000
0.0000
0.0000
0.0000
0.0000
0.0000
0.0000
102.5391
102.5391
317.3828
317.3828
439.4531
439.4531
478.5156
478.5156
468.7500
468.7500
444.3359
444.3359
410.1562
410.1562
375.9766
375.9766
380.8594
380.8594
390.6250
390.6250
380.8594
380.8594
405.2734
405.2734
444.3359
444.3359
439.4531
439.4531
449.2187
449.2187
478.5156
478.5156
488.2812
488.2812
458.9844
458.9844
375.9766
375.9766
263.6719
263.6719
63.4766
63.4766
0.0000
0.0000
0.0000
0.0000
0.0000
0.0000
0.0000
0.0000
0.0000
0.0000
0.0000
0.0000
0.0000
0.0000
0.0000
0.0000
0.0000
0.0000
0.0000
0.0000
0.0000
0.0000
102.5391
102.5391
307.6172
307.6172
449.2187
449.2187
527.3437
527.3437
541.9922
541.9922
498.0469
498.0469
449.2187
449.2187
405.2734
405.2734
380.8594
380.8594
385.7422
385.7422
385.7422
385.7422
415.0391
415.0391
419.9219
419.9219
419.9219
419.9219
454.1016
454.1016
473.6328
473.6328
483.3984
483.3984
478.5156
478.5156
498.0469
498.0469
483.3984
483.3984
424.8047
424.8047
263.6719
263.6719
53.7109
53.7109
0.0000
0.0000
0.0000
0.0000
0.0000
0.0000
0.0000
0.0000
0.0000
0.0000
0.0000
0.0000
0.0000
0.0000
0.0000
0.0000
0.0000
0.0000
0.0000
0.0000
0.0000
0.0000
0.0000
0.0000
0.0000
0.0000
43.9453
43.9453
166.0156
166.0156
244.1406
244.1406
278.3203
268.5547
268.5547
249.0234
249.0234
239.2578
239.2578
224.6094
224.6094
234.3750
234.3750
234.3750
253.9062
253.9062
288.0859
288.0859
292.9687
292.9687
302.7344
341.7969
341.7969
380.8594
380.8594
380.8594
380.8594
366.2109
366.2109
322.2656
322.2656
322.2656
214.8437
214.8437
63.4766
63.4766
0.0000
0.0000
0.0000
0.0000
0.0000
0.0000
0.0000
0.0000
0.0000
0.0000
0.0000
0.0000
0.0000
0.0000
0.0000
0.0000
0.0000
0.0000
0.0000
0.0000
0.0000
0.0000
0.0000
0.0000
0.0000
68.3594
68.3594
200.1953
200.1953
263.6719
263.6719
288.0859
288.0859
278.3203
278.3203
278.3203
263.6719
253.9062
253.9062
263.6719
263.6719
258.7891
258.7891
273.4375
273.4375
302.7344
302.7344
332.0312
332.0312
361.3281
361.3281
375.9766
375.9766
366.2109
366.2109
410.1562
410.1562
439.4531
439.4531
444.3359
444.3359
424.8047
424.8047
366.2109
366.2109
205.0781
205.0781
0.0000
0.0000
0.0000
0.0000
0.0000
0.0000
0.0000
0.0000
0.0000
0.0000
0.0000
0.0000
0.0000
0.0000
0.0000
0.0000
0.0000
0.0000
0.0000
0.0000
0.0000
0.0000
0.0000
0.0000
0.0000
0.0000
0.0000
0.0000
0.0000
0.0000
0.0000
0.0000
58.5937
58.5937
141.6016
141.6016
161.1328
161.1328
161.1328
161.1328
166.0156
166.0156
185.5469
185.5469
214.8437
214.8437
219.7266
219.7266
249.0234
249.0234
268.5547
268.5547
297.8516
297.8516
312.5000
312.5000
322.2656
322.2656
375.9766
375.9766
395.5078
395.5078
371.0937
371.0937
322.2656
322.2656
219.7266
219.7266
0.0000
0.0000
0.0000
0.0000
0.0000
0.0000
0.0000
0.0000
0.0000
0.0000
0.0000
0.0000
0.0000
0.0000
0.0000
0.0000
0.0000
0.0000
0.0000
0.0000
0.0000
0.0000
0.0000
0.0000
0.0000
0.0000
29.2969
29.2969
170.8984
170.8984
297.8516
297.8516
341.7969
341.7969
366.2109
366.2109
341.7969
341.7969
332.0312
332.0312
332.0312
332.0312
341.7969
341.7969
361.3281
361.3281
390.6250
390.6250
400.3906
400.3906
424.8047
424.8047
458.9844
458.9844
498.0469
498.0469
488.2812
488.2812
502.9297
502.9297
537.1094
537.1094
561.5234
