756.8359
810.5469
810.5469
849.6094
849.6094
878.9062
878.9062
942.3828
942.3828
1030.2734
1030.2734
1074.2187
1074.2187
1118.1641
1118.1641
1108.3984
1108.3984
1064.4531
1064.4531
952.1484
952.1484
830.0781
830.0781
708.0078
708.0078
693.3594
693.3594
800.7812
800.7812
698.2422
698.2422
385.7422
385.7422
0.0000
0.0000
0.0000
0.0000
0.0000
0.0000
0.0000
0.0000
0.0000
0.0000
0.0000
0.0000
0.0000
0.0000
0.0000
0.0000
0.0000
0.0000
0.0000
0.0000
0.0000
0.0000
0.0000
0.0000
0.0000
0.0000
0.0000
0.0000
0.0000
0.0000
0.0000
0.0000
200.1953
200.1953
502.9297
502.9297
791.0156
791.0156
986.3281
986.3281
1113.2812
1113.2812
1181.6406
1181.6406
1191.4062
1191.4062
1206.0547
1206.0547
1235.3516
1235.3516
1303.7109
1303.7109
1352.5391
1352.5391
1401.3672
1401.3672
1381.8359
1381.8359
1303.7109
1303.7109
1196.2891
1196.2891
1088.8672
1088.8672
1040.0391
1040.0391
991.2109
991.2109
966.7969
966.7969
893.5547
893.5547
854.4922
854.4922
771.4844
771.4844
375.9766
375.9766
0.0000
0.0000
0.0000
0.0000
0.0000
0.0000
0.0000
0.0000
0.0000
0.0000
0.0000
0.0000
0.0000
0.0000
0.0000
0.0000
0.0000
0.0000
0.0000
0.0000
0.0000
0.0000
0.0000
0.0000
0.0000
0.0000
0.0000
0.0000
0.0000
0.0000
0.0000
0.0000
0.0000
0.0000
0.0000
0.0000
14.6484
14.6484
234.3750
234.3750
498.0469
498.0469
678.7109
678.7109
864.2578
864.2578
986.3281
986.3281
1074.2187
1074.2187
1137.6953
1137.6953
1132.8125
1132.8125
1137.6953
1137.6953
1069.3359
1069.3359
1054.6875
1054.6875
1049.8047
1049.8047
1074.2187
1074.2187
1147.4609
1147.4609
1171.8750
1171.8750
1162.1094
1049.8047
1049.8047
1005.8594
1005.8594
937.5000
937.5000
737.3047
737.3047
205.0781
205.0781
205.0781
0.0000
0.0000
0.0000
0.0000
0.0000
0.0000
0.0000
0.0000
0.0000
0.0000
0.0000
0.0000
0.0000
0.0000
0.0000
0.0000
0.0000
0.0000
0.0000
0.0000
0.0000
0.0000
0.0000
0.0000
0.0000
0.0000
0.0000
0.0000
0.0000
0.0000
0.0000
29.2969
29.2969
292.9687
292.9687
620.1172
620.1172
839.8437
839.8437
1069.3359
1069.3359
1210.9375
1210.9375
1303.7109
1303.7109
1318.3594
1318.3594
1298.8281
1298.8281
1274.4141
1274.4141
1259.7656
1259.7656
1269.5312
1269.5312
1308.5937
1308.5937
1342.7734
1342.7734
1381.8359
1381.8359
1328.1250
1328.1250
1225.5859
1225.5859
1025.3906
1025.3906
849.6094
849.6094
844.7266
844.7266
805.6641
805.6641
527.3437
527.3437
53.7109
53.7109
0.0000
0.0000
0.0000
0.0000
0.0000
0.0000
0.0000
0.0000
0.0000
0.0000
0.0000
0.0000
0.0000
0.0000
0.0000
0.0000
0.0000
0.0000
0.0000
0.0000
0.0000
0.0000
0.0000
0.0000
0.0000
0.0000
0.0000
0.0000
0.0000
0.0000
0.0000
0.0000
151.3672
151.3672
527.3437
527.3437
810.5469
810.5469
1015.6250
1015.6250
1137.6953
1137.6953
1171.8750
1171.8750
1181.6406
1181.6406
1157.2266
1157.2266
1225.5859
1225.5859
1269.5312
1269.5312
1357.4219
1357.4219
1386.7187
1386.7187
1372.0703
1372.0703
1323.2422
1323.2422
1230.4687
1230.4687
1166.9922
1166.9922
1064.4531
1064.4531
1000.9766
1000.9766
952.1484
952.1484
986.3281
986.3281
957.0312
957.0312
561.5234
561.5234
0.0000
0.0000
0.0000
0.0000
0.0000
0.0000
0.0000
0.0000
0.0000
0.0000
0.0000
0.0000
0.0000
0.0000
0.0000
0.0000
0.0000
0.0000
0.0000
0.0000
0.0000
0.0000
0.0000
0.0000
0.0000
0.0000
0.0000
0.0000
0.0000
0.0000
0.0000
0.0000
0.0000
0.0000
9.7656
9.7656
332.0312
332.0312
576.1719
576.1719
776.3672
776.3672
893.5547
893.5547
1015.6250
1015.6250
1132.8125
1132.8125
1245.1172
1245.1172
1342.7734
1342.7734
1411.1328
1411.1328
1430.6641
1430.6641
1396.4844
1396.4844
1347.6562
1347.6562
1259.7656
1259.7656
1201.1719
1201.1719
1215.8203
1215.8203
1186.5234
1186.5234
1215.8203
1215.8203
1123.0469
1123.0469
1108.3984
1108.3984
1000.9766
1000.9766
673.8281
673.8281
48.8281
48.8281
0.0000
0.0000
0.0000
0.0000
0.0000
0.0000
0.0000
0.0000
0.0000
0.0000
0.0000
0.0000
0.0000
0.0000
0.0000
0.0000
0.0000
0.0000
0.0000
0.0000
0.0000
0.0000
0.0000
0.0000
0.0000
0.0000
0.0000
0.0000
0.0000
0.0000
0.0000
0.0000
0.0000
0.0000
19.5312
19.5312
312.5000
312.5000
541.9922
541.9922
834.9609
834.9609
1035.1562
1035.1562
1215.8203
1215.8203
1337.8906
1337.8906
1376.9531
1376.9531
1401.3672
1401.3672
1318.3594
1318.3594
1303.7109
1303.7109
1274.4141
1274.4141
1293.9453
1293.9453
1333.0078
1333.0078
1391.6016
1391.6016
1425.7812
1425.7812
1376.9531
1376.9531
1313.4766
1313.4766
1191.4062
1191.4062
1181.6406
1181.6406
1206.0547
1206.0547
1035.1562
1035.1562
532.2266
532.2266
0.0000
0.0000
0.0000
0.0000
0.0000
0.0000
0.0000
0.0000
0.0000
0.0000
0.0000
0.0000
0.0000
0.0000
0.0000
0.0000
0.0000
0.0000
0.0000
0.0000
0.0000
0.0000
0.0000
0.0000
0.0000
0.0000
0.0000
0.0000
0.0000
0.0000
0.0000
0.0000
0.0000
0.0000
4.8828
4.8828
395.5078
395.5078
717.7734
717.7734
932.6172
932.6172
1074.2187
1074.2187
1113.2812
1113.2812
1166.9922
1166.9922
1201.1719
1201.1719
1279.2969
1279.2969
1357.4219
1357.4219
1416.0156
1416.0156
1474.6094
1474.6094
1459.9609
1459.9609
1430.6641
1430.6641
1318.3594
1318.3594
1206.0547
1206.0547
1083.9844
1083.9844
1005.8594
1005.8594
996.0937
996.0937
1074.2187
1074.2187
1049.8047
1049.8047
654.2969
654.2969
112.3047
112.3047
0.0000
0.0000
0.0000
0.0000
0.0000
0.0000
0.0000
0.0000
0.0000
0.0000
0.0000
0.0000
0.0000
0.0000
0.0000
0.0000
0.0000
0.0000
0.0000
0.0000
0.0000
0.0000
0.0000
0.0000
0.0000
0.0000
0.0000
0.0000
0.0000
0.0000
92.7734
92.7734
468.7500
468.7500
698.2422
698.2422
913.0859
913.0859
1030.2734
1030.2734
1093.7500
1093.7500
1206.0547
1206.0547
1264.6484
1264.6484
1381.8359
1381.8359
1450.1953
1450.1953
1503.9062
1503.9062
1474.6094
1474.6094
1420.8984
1420.8984
1333.0078
1333.0078
1235.3516
1235.3516
1230.4687
1230.4687
1245.1172
1245.1172
1293.9453
1293.9453
1289.0625
1289.0625
1279.2969
1279.2969
1298.8281
1298.8281
1245.1172
1245.1172
927.7344
927.7344
375.9766
375.9766
0.0000
0.0000
0.0000
0.0000
0.0000
0.0000
0.0000
0.0000
0.0000
0.0000
0.0000
0.0000
0.0000
0.0000
0.0000
0.0000
0.0000
0.0000
0.0000
0.0000
0.0000
0.0000
0.0000
0.0000
0.0000
0.0000
0.0000
0.0000
0.0000
0.0000
0.0000
0.0000
68.3594
68.3594
283.2031
283.2031
527.3437
527.3437
761.7187
761.7187
996.0937
996.0937
1162.1094
1162.1094
1279.2969
1279.2969
1357.4219
1357.4219
1352.5391
1352.5391
1342.7734
1342.7734
1298.8281
1298.8281
1254.8828
1254.8828
1220.7031
1220.7031
1250.0000
1250.0000
1259.7656
1259.7656
1240.2344
1240.2344
1181.6406
1181.6406
1030.2734
1030.2734
917.9687
917.9687
815.4297
815.4297
634.7656
634.7656
292.9687
292.9687
0.0000
0.0000
0.0000
0.0000
0.0000
0.0000
0.0000
0.0000
0.0000
0.0000
0.0000
0.0000
0.0000
0.0000
0.0000
0.0000
0.0000
0.0000
0.0000
0.0000
0.0000
0.0000
0.0000
0.0000
0.0000
0.0000
0.0000
0.0000
0.0000
0.0000
0.0000
0.0000
97.6562
97.6562
366.2109
366.2109
634.7656
634.7656
859.3750
859.3750
1064.4531
1064.4531
1191.4062
1191.4062
1274.4141
1274.4141
1289.0625
1289.0625
1284.1797
1284.1797
1250.0000
1250.0000
1230.4687
1230.4687
1259.7656
1259.7656
1289.0625
1289.0625
1293.9453
1293.9453
1274.4141
1274.4141
1186.5234
1186.5234
991.2109
991.2109
742.1875
742.1875
639.6484
639.6484
629.8828
629.8828
561.5234
561.5234
312.5000
312.5000
0.0000
0.0000
0.0000
0.0000
0.0000
0.0000
0.0000
0.0000
0.0000
0.0000
0.0000
0.0000
0.0000
0.0000
0.0000
0.0000
0.0000
0.0000
0.0000
0.0000
0.0000
0.0000
0.0000
0.0000
0.0000
0.0000
0.0000
0.0000
0.0000
0.0000
0.0000
0.0000
0.0000
0.0000
180.6641
180.6641
532.2266
532.2266
791.0156
791.0156
971.6797
971.6797
1074.2187
1074.2187
1098.6328
1098.6328
1132.8125
1132.8125
1098.6328
1098.6328
1171.8750
1171.8750
1210.9375
1210.9375
1289.0625
1289.0625
1328.1250
1328.1250
1347.6562
1347.6562
1308.5937
1308.5937
1230.4687
1230.4687
1157.2266
1157.2266
1069.3359
1069.3359
1020.5078
1020.5078
966.7969
966.7969
1005.8594
1005.8594
1069.3359
1069.3359
927.7344
927.7344
361.3281
361.3281
0.0000
0.0000
0.0000
0.0000
0.0000
0.0000
0.0000
0.0000
0.0000
0.0000
0.0000
0.0000
0.0000
0.0000
0.0000
0.0000
0.0000
0.0000
0.0000
0.0000
0.0000
0.0000
0.0000
0.0000
0.0000
0.0000
0.0000
0.0000
0.0000
0.0000
0.0000
0.0000
0.0000
0.0000
0.0000
0.0000
48.8281
48.8281
292.9687
292.9687
478.5156
478.5156
717.7734
717.7734
888.6719
888.6719
1049.8047
1049.8047
1201.1719
1201.1719
1289.0625
1289.0625
1372.0703
1372.0703
1372.0703
1372.0703
1342.7734
1342.7734
1235.3516
1235.3516
1162.1094
1162.1094
1137.6953
1137.6953
1137.6953
1137.6953
1191.4062
1191.4062
1196.2891
1196.2891
1298.8281
1298.8281
1372.0703
1372.0703
1347.6562
1347.6562
1005.8594
1005.8594
444.3359
444.3359
0.0000
0.0000
0.0000
0.0000
0.0000
0.0000
0.0000
0.0000
0.0000
0.0000
0.0000
0.0000
0.0000
0.0000
0.0000
0.0000
0.0000
0.0000
0.0000
0.0000
0.0000
0.0000
0.0000
0.0000
0.0000
0.0000
0.0000
0.0000
0.0000
0.0000
0.0000
0.0000
48.8281
48.8281
322.2656
322.2656
541.9922
541.9922
825.1953
825.1953
1020.5078
1020.5078
1210.9375
1210.9375
1333.0078
1333.0078
1396.4844
1396.4844
1396.4844
1396.4844
1352.5391
1352.5391
1318.3594
1318.3594
1279.2969
1279.2969
1298.8281
1298.8281
1328.1250
1328.1250
1352.5391
1352.5391
1303.7109
1303.7109
1210.9375
1210.9375
1025.3906
1025.3906
878.9062
878.9062
878.9062
878.9062
893.5547
893.5547
649.4141
649.4141
229.4922
229.4922
0.0000
0.0000
0.0000
0.0000
0.0000
0.0000
0.0000
0.0000
0.0000
0.0000
0.0000
0.0000
0.0000
0.0000
0.0000
0.0000
0.0000
0.0000
0.0000
0.0000
0.0000
0.0000
0.0000
0.0000
0.0000
0.0000
0.0000
0.0000
0.0000
0.0000
0.0000
0.0000
0.0000
0.0000
0.0000
0.0000
292.9687
292.9687
566.4062
566.4062
737.3047
737.3047
864.2578
864.2578
903.3203
903.3203
952.1484
952.1484
966.7969
966.7969
1030.2734
1030.2734
1103.5156
1103.5156
1176.7578
1176.7578
1215.8203
1215.8203
1225.5859
1225.5859
1210.9375
1210.9375
1137.6953
1137.6953
1088.8672
1088.8672
1010.7422
1010.7422
996.0937
996.0937
1083.9844
1083.9844
1215.8203
1215.8203
1196.2891
1196.2891
830.0781
830.0781
229.4922
229.4922
0.0000
0.0000
0.0000
0.0000
0.0000
0.0000
0.0000
0.0000
0.0000
0.0000
0.0000
0.0000
0.0000
0.0000
0.0000
0.0000
0.0000
0.0000
0.0000
0.0000
0.0000
0.0000
0.0000
0.0000
0.0000
0.0000
0.0000
0.0000
0.0000
19.5312
19.5312
341.7969
341.7969
341.7969
546.8750
546.8750
703.1250
703.1250
844.7266
844.7266
927.7344
927.7344
1040.0391
1152.3437
1152.3437
1254.8828
1254.8828
1342.7734
1342.7734
1401.3672
1401.3672
1391.6016
1391.6016
1328.1250
1328.1250
1220.7031
1220.7031
1113.2812
1113.2812
1035.1562
1035.1562
991.2109
991.2109
908.2031
908.2031
917.9687
917.9687
966.7969
966.7969
991.2109
991.2109
742.1875
742.1875
249.0234
249.0234
0.0000
0.0000
0.0000
0.0000
0.0000
0.0000
0.0000
0.0000
0.0000
0.0000
0.0000
0.0000
0.0000
0.0000
0.0000
0.0000
0.0000
0.0000
0.0000
0.0000
0.0000
0.0000
0.0000
0.0000
0.0000
0.0000
0.0000
0.0000
0.0000
0.0000
0.0000
0.0000
0.0000
0.0000
68.3594
68.3594
249.0234
249.0234
517.5781
517.5781
708.0078
708.0078
908.2031
908.2031
1054.6875
1054.6875
1147.4609
1147.4609
1206.0547
1206.0547
1206.0547
1206.0547
1206.0547
1206.0547
1171.8750
1171.8750
1132.8125
1132.8125
1123.0469
1123.0469
1137.6953
1137.6953
1176.7578
1176.7578
1201.1719
1201.1719
1196.2891
1196.2891
1127.9297
1127.9297
1049.8047
1049.8047
1069.3359
1069.3359
1083.9844
1083.9844
932.6172
932.6172
512.6953
512.6953
19.5312
19.5312
0.0000
0.0000
0.0000
0.0000
0.0000
0.0000
0.0000
0.0000
0.0000
0.0000
0.0000
0.0000
0.0000
0.0000
0.0000
0.0000
0.0000
0.0000
0.0000
0.0000
0.0000
0.0000
0.0000
0.0000
0.0000
0.0000
0.0000
0.0000
0.0000
0.0000
0.0000
0.0000
327.1484
327.1484
654.2969
654.2969
903.3203
903.3203
1118.1641
1118.1641
1220.7031
1220.7031
1264.6484
1264.6484
1250.0000
1250.0000
1215.8203
1215.8203
1201.1719
1201.1719
1206.0547
1206.0547
1245.1172
1245.1172
1264.6484
1264.6484
1298.8281
1298.8281
1254.8828
1254.8828
1171.8750
1171.8750
1025.3906
1025.3906
864.2578
864.2578
756.8359
756.8359
693.3594
693.3594
815.4297
815.4297
810.5469
810.5469
517.5781
517.5781
0.0000
0.0000
0.0000
0.0000
0.0000
0.0000
0.0000
0.0000
0.0000
0.0000
0.0000
0.0000
0.0000
0.0000
0.0000
0.0000
0.0000
0.0000
0.0000
0.0000
0.0000
0.0000
0.0000
0.0000
0.0000
0.0000
0.0000
0.0000
0.0000
0.0000
0.0000
0.0000
0.0000
0.0000
0.0000
0.0000
0.0000
0.0000
224.6094
224.6094
410.1562
410.1562
546.8750
546.8750
732.4219
732.4219
849.6094
849.6094
1005.8594
1005.8594
1118.1641
1118.1641
1220.7031
1220.7031
1274.4141
1274.4141
1259.7656
1259.7656
1225.5859
1225.5859
1108.3984
1108.3984
1069.3359
1069.3359
1010.7422
1010.7422
1049.8047
1049.8047
1103.5156
1103.5156
1166.9922
1166.9922
1293.9453
1293.9453
1318.3594
1318.3594
1103.5156
1103.5156
488.2812
488.2812
0.0000
0.0000
0.0000
0.0000
0.0000
0.0000
0.0000
0.0000
0.0000
0.0000
0.0000
0.0000
0.0000
0.0000
0.0000
0.0000
0.0000
0.0000
0.0000
0.0000
0.0000
0.0000
0.0000
0.0000
0.0000
0.0000
0.0000
0.0000
0.0000
0.0000
0.0000
0.0000
0.0000
0.0000
146.4844
146.4844
361.3281
361.3281
581.0547
581.0547
791.0156
791.0156
947.2656
947.2656
1098.6328
1098.6328
1191.4062
1191.4062
1264.6484
1264.6484
1269.5312
1269.5312
1250.0000
1250.0000
1210.9375
1210.9375
1181.6406
1181.6406
1181.6406
1181.6406
1196.2891
1196.2891
1196.2891
1196.2891
1162.1094
1162.1094
1049.8047
1049.8047
991.2109
991.2109
1000.9766
1000.9766
1005.8594
1005.8594
722.6562
722.6562
288.0859
288.0859
0.0000
0.0000
0.0000
0.0000
0.0000
0.0000
0.0000
0.0000
0.0000
0.0000
0.0000
0.0000
0.0000
0.0000
0.0000
0.0000
0.0000
0.0000
0.0000
0.0000
0.0000
0.0000
0.0000
0.0000
0.0000
0.0000
0.0000
0.0000
0.0000
0.0000
0.0000
0.0000
0.0000
0.0000
141.6016
141.6016
424.8047
424.8047
742.1875
742.1875
942.3828
942.3828
1103.5156
1103.5156
1162.1094
1162.1094
1152.3437
1152.3437
1157.2266
1157.2266
1098.6328
1098.6328
1142.5781
1142.5781
1147.4609
1147.4609
1215.8203
1215.8203
1235.3516
1235.3516
1240.2344
1240.2344
1210.9375
1210.9375
1162.1094
1162.1094
1079.1016
1079.1016
942.3828
942.3828
957.0312
957.0312
1064.4531
1064.4531
1093.7500
1093.7500
810.5469
810.5469
317.3828
317.3828
0.0000
0.0000
0.0000
0.0000
0.0000
0.0000
0.0000
0.0000
0.0000
0.0000
0.0000
0.0000
0.0000
0.0000
0.0000
0.0000
0.0000
0.0000
0.0000
0.0000
0.0000
0.0000
0.0000
0.0000
0.0000
0.0000
0.0000
0.0000
0.0000
0.0000
146.4844
146.4844
419.9219
419.9219
664.0625
664.0625
830.0781
830.0781
932.6172
932.6172
986.3281
986.3281
1025.3906
1025.3906
1069.3359
1069.3359
1118.1641
1118.1641
1171.8750
1171.8750
1235.3516
1235.3516
1264.6484
1264.6484
1259.7656
1259.7656
1196.2891
1196.2891
1118.1641
1118.1641
1020.5078
1020.5078
976.5625
976.5625
932.6172
932.6172
908.2031
908.2031
893.5547
893.5547
913.0859
913.0859
932.6172
932.6172
590.8203
590.8203
0.0000
0.0000
0.0000
0.0000
0.0000
0.0000
0.0000
0.0000
0.0000
0.0000
0.0000
0.0000
0.0000
0.0000
0.0000
0.0000
0.0000
0.0000
0.0000
0.0000
0.0000
0.0000
0.0000
0.0000
0.0000
0.0000
0.0000
0.0000
0.0000
0.0000
0.0000
0.0000
0.0000
0.0000
0.0000
0.0000
0.0000
0.0000
83.0078
83.0078
332.0312
332.0312
498.0469
498.0469
708.0078
708.0078
864.2578
864.2578
996.0937
996.0937
1098.6328
1098.6328
1157.2266
1157.2266
1171.8750
1171.8750
1127.9297
1127.9297
1083.9844
1083.9844
1074.2187
1074.2187
1054.6875
1054.6875
1103.5156
1103.5156
1118.1641
1118.1641
1132.8125
1132.8125
1083.9844
1083.9844
1079.1016
1079.1016
1108.3984
1108.3984
913.0859
913.0859
517.5781
517.5781
14.6484
14.6484
0.0000
0.0000
0.0000
0.0000
0.0000
0.0000
0.0000
0.0000
0.0000
0.0000
0.0000
0.0000
0.0000
0.0000
0.0000
0.0000
0.0000
0.0000
0.0000
0.0000
0.0000
0.0000
0.0000
0.0000
0.0000
0.0000
0.0000
0.0000
0.0000
0.0000
87.8906
87.8906
297.8516
297.8516
595.7031
595.7031
844.7266
844.7266
1044.9219
1044.9219
1206.0547
1206.0547
1284.1797
1284.1797
1303.7109
1303.7109
1235.3516
1235.3516
1201.1719
1201.1719
1147.4609
1147.4609
1186.5234
1186.5234
1235.3516
1235.3516
1303.7109
1303.7109
1357.4219
1357.4219
1342.7734
1342.7734
1250.0000
1250.0000
1064.4531
1064.4531
854.4922
854.4922
747.0703
747.0703
810.5469
810.5469
751.9531
751.9531
375.9766
375.9766
0.0000
0.0000
0.0000
0.0000
0.0000
0.0000
0.0000
0.0000
0.0000
0.0000
0.0000
0.0000
0.0000
0.0000
0.0000
0.0000
0.0000
0.0000
0.0000
0.0000
0.0000
0.0000
0.0000
0.0000
0.0000
0.0000
0.0000
0.0000
0.0000
0.0000
0.0000
0.0000
0.0000
0.0000
0.0000
0.0000
83.0078
83.0078
341.7969
341.7969
556.6406
556.6406
678.7109
678.7109
761.7187
761.7187
830.0781
830.0781
908.2031
908.2031
1030.2734
1030.2734
1118.1641
1118.1641
1220.7031
1220.7031
1235.3516
1235.3516
1230.4687
1230.4687
1171.8750
1171.8750
1069.3359
1069.3359
1044.9219
1044.9219
1020.5078
1020.5078
1069.3359
1069.3359
1064.4531
1064.4531
1196.2891
1196.2891
1313.4766
1313.4766
1303.7109
1303.7109
927.7344
927.7344
292.9687
292.9687
0.0000
0.0000
0.0000
0.0000
0.0000
0.0000
0.0000
0.0000
0.0000
0.0000
0.0000
0.0000
0.0000
0.0000
0.0000
0.0000
0.0000
0.0000
0.0000
0.0000
0.0000
0.0000
0.0000
0.0000
0.0000
0.0000
0.0000
0.0000
0.0000
0.0000
73.2422
73.2422
268.5547
268.5547
488.2812
488.2812
625.0000
625.0000
815.4297
815.4297
947.2656
947.2656
1083.9844
1083.9844
1191.4062
1191.4062
1284.1797
1284.1797
1342.7734
1342.7734
1352.5391
1352.5391
1313.4766
1313.4766
1245.1172
1245.1172
1196.2891
1196.2891
1162.1094
1162.1094
1162.1094
1162.1094
1171.8750
1171.8750
1142.5781
1142.5781
1079.1016
1079.1016
1059.5703
1059.5703
1093.7500
1093.7500
1035.1562
1035.1562
683.5937
683.5937
156.2500
156.2500
0.0000
0.0000
0.0000
0.0000
0.0000
0.0000
0.0000
0.0000
0.0000
0.0000
0.0000
0.0000
0.0000
0.0000
0.0000
0.0000
0.0000
0.0000
0.0000
0.0000
0.0000
0.0000
0.0000
0.0000
0.0000
0.0000
0.0000
0.0000
0.0000
0.0000
0.0000
0.0000
0.0000
0.0000
0.0000
0.0000
268.5547
268.5547
576.1719
576.1719
781.2500
781.2500
961.9141
961.9141
1020.5078
1020.5078
1049.8047
1049.8047
1040.0391
1040.0391
1044.9219
1044.9219
1074.2187
1074.2187
1113.2812
1113.2812
1186.5234
1186.5234
1210.9375
1210.9375
1215.8203
1215.8203
1157.2266
1157.2266
1074.2187
1074.2187
957.0312
957.0312
893.5547
893.5547
991.2109
991.2109
1064.4531
1064.4531
952.1484
952.1484
532.2266
532.2266
0.0000
0.0000
0.0000
0.0000
0.0000
0.0000
0.0000
0.0000
0.0000
0.0000
0.0000
0.0000
0.0000
0.0000
0.0000
0.0000
0.0000
0.0000
0.0000
0.0000
0.0000
0.0000
0.0000
0.0000
0.0000
0.0000
0.0000
0.0000
0.0000
0.0000
0.0000
0.0000
0.0000
0.0000
39.0625
39.0625
371.0937
610.3516
610.3516
776.3672
776.3672
893.5547
893.5547
952.1484
952.1484
1030.2734
1030.2734
1030.2734
1093.7500
1093.7500
1191.4062
1191.4062
1254.8828
1254.8828
1313.4766
1313.4766
1342.7734
1318.3594
1318.3594
1264.6484
1264.6484
1147.4609
1147.4609
1054.6875
1054.6875
932.6172
932.6172
937.5000
937.5000
1030.2734
1030.2734
1162.1094
1162.1094
1083.9844
1083.9844
610.3516
610.3516
0.0000
0.0000
0.0000
0.0000
0.0000
0.0000
0.0000
0.0000
0.0000
0.0000
0.0000
0.0000
0.0000
0.0000
0.0000
0.0000
0.0000
0.0000
0.0000
0.0000
0.0000
0.0000
0.0000
0.0000
0.0000
0.0000
0.0000
0.0000
0.0000
0.0000
0.0000
0.0000
0.0000
0.0000
0.0000
0.0000
48.8281
48.8281
244.1406
244.1406
434.5703
434.5703
605.4687
605.4687
786.1328
786.1328
942.3828
942.3828
1069.3359
1069.3359
1181.6406
1181.6406
1245.1172
1245.1172
1250.0000
1250.0000
1230.4687
1230.4687
1171.8750
1171.8750
1127.9297
1127.9297
1123.0469
1123.0469
1127.9297
1127.9297
1118.1641
1118.1641
1147.4609
1147.4609
1245.1172
1245.1172
1269.5312
1269.5312
996.0937
996.0937
327.1484
327.1484
0.0000
0.0000
0.0000
0.0000
0.0000
0.0000
0.0000
0.0000
0.0000
0.0000
0.0000
0.0000
0.0000
0.0000
0.0000
0.0000
0.0000
0.0000
0.0000
0.0000
0.0000
0.0000
0.0000
0.0000
0.0000
0.0000
0.0000
0.0000
0.0000
0.0000
0.0000
0.0000
0.0000
0.0000
0.0000
0.0000
0.0000
0.0000
166.0156
166.0156
419.9219
419.9219
673.8281
673.8281
854.4922
854.4922
991.2109
991.2109
1074.2187
1074.2187
1098.6328
1098.6328
1132.8125
1132.8125
1132.8125
1132.8125
1181.6406
1181.6406
1225.5859
1225.5859
1289.0625
1289.0625
1342.7734
1342.7734
1333.0078
1333.0078
1264.6484
1264.6484
1210.9375
1210.9375
1264.6484
1264.6484
1264.6484
1264.6484
1123.0469
1123.0469
693.3594
693.3594
214.8437
214.8437
0.0000
0.0000
0.0000
0.0000
0.0000
0.0000
0.0000
0.0000
0.0000
0.0000
0.0000
0.0000
0.0000
0.0000
0.0000
0.0000
0.0000
0.0000
0.0000
0.0000
0.0000
0.0000
0.0000
0.0000
0.0000
0.0000
0.0000
0.0000
0.0000
0.0000
0.0000
0.0000
87.8906
87.8906
439.4531
439.4531
698.2422
698.2422
922.8516
922.8516
1069.3359
1069.3359
1142.5781
1142.5781
1166.9922
1166.9922
1147.4609
1147.4609
1162.1094
1162.1094
1196.2891
1196.2891
1245.1172
1245.1172
1313.4766
1313.4766
1318.3594
1318.3594
1303.7109
1303.7109
1225.5859
1225.5859
1152.3437
1152.3437
1049.8047
1049.8047
1015.6250
1015.6250
1093.7500
1093.7500
1230.4687
1230.4687
1215.8203
1215.8203
805.6641
805.6641
131.8359
131.8359
0.0000
0.0000
0.0000
0.0000
0.0000
0.0000
0.0000
0.0000
0.0000
0.0000
0.0000
0.0000
0.0000
0.0000
0.0000
0.0000
0.0000
0.0000
0.0000
0.0000
0.0000
0.0000
0.0000
0.0000
0.0000
0.0000
0.0000
0.0000
0.0000
0.0000
0.0000
0.0000
141.6016
141.6016
375.9766
375.9766
581.0547
581.0547
698.2422
698.2422
786.1328
786.1328
883.7891
883.7891
957.0312
957.0312
1064.4531
1064.4531
1157.2266
1157.2266
1245.1172
1245.1172
1293.9453
1293.9453
1313.4766
1313.4766
1264.6484
1264.6484
1186.5234
1186.5234
1108.3984
1108.3984
1025.3906
1025.3906
957.0312
957.0312
976.5625
976.5625
1083.9844
1083.9844
1181.6406
1181.6406
1025.3906
1025.3906
498.0469
498.0469
0.0000
0.0000
0.0000
0.0000
0.0000
0.0000
0.0000
0.0000
0.0000
0.0000
0.0000
0.0000
0.0000
0.0000
0.0000
0.0000
0.0000
0.0000
0.0000
0.0000
0.0000
0.0000
0.0000
0.0000
0.0000
0.0000
0.0000
0.0000
0.0000
0.0000
0.0000
0.0000
0.0000
0.0000
249.0234
249.0234
424.8047
424.8047
644.5312
644.5312
756.8359
756.8359
927.7344
927.7344
1040.0391
1040.0391
1147.4609
1147.4609
1245.1172
1245.1172
1284.1797
1284.1797
1289.0625
1289.0625
1215.8203
1215.8203
1162.1094
1162.1094
1079.1016
1079.1016
1059.5703
1059.5703
1069.3359
1069.3359
1088.8672
1088.8672
1103.5156
1103.5156
1059.5703
1059.5703
1054.6875
1054.6875
966.7969
966.7969
634.7656
634.7656
39.0625
39.0625
0.0000
0.0000
0.0000
0.0000
0.0000
0.0000
0.0000
0.0000
0.0000
0.0000
0.0000
0.0000
0.0000
0.0000
0.0000
0.0000
0.0000
0.0000
0.0000
0.0000
0.0000
0.0000
0.0000
0.0000
0.0000
0.0000
0.0000
0.0000
0.0000
0.0000
0.0000
0.0000
0.0000
0.0000
0.0000
0.0000
136.7187
136.7187
463.8672
463.8672
732.4219
732.4219
971.6797
971.6797
1103.5156
1103.5156
1176.7578
1176.7578
1186.5234
1186.5234
1181.6406
1181.6406
1186.5234
1186.5234
1196.2891
1196.2891
1264.6484
1264.6484
1284.1797
1284.1797
1333.0078
1333.0078
1318.3594
1318.3594
1279.2969
1279.2969
1162.1094
1162.1094
1015.6250
1015.6250
952.1484
952.1484
991.2109
991.2109
1020.5078
1020.5078
712.8906
712.8906
253.9062
253.9062
0.0000
0.0000
0.0000
0.0000
0.0000
0.0000
0.0000
0.0000
0.0000
0.0000
0.0000
0.0000
0.0000
0.0000
0.0000
0.0000
0.0000
0.0000
0.0000
0.0000
0.0000
0.0000
0.0000
0.0000
0.0000
0.0000
0.0000
0.0000
0.0000
0.0000
0.0000
0.0000
73.2422
73.2422
400.3906
400.3906
678.7109
678.7109
883.7891
883.7891
971.6797
971.6797
1049.8047
1049.8047
1040.0391
1040.0391
1064.4531
1064.4531
1103.5156
1103.5156
1166.9922
1166.9922
1269.5312
1269.5312
1298.8281
1298.8281
1323.2422
1323.2422
1284.1797
1284.1797
1240.2344
1240.2344
1162.1094
1162.1094
1108.3984
1108.3984
1093.7500
1093.7500
1137.6953
1137.6953
1284.1797
1284.1797
1396.4844
1396.4844
1240.2344
1240.2344
717.7734
717.7734
24.4141
24.4141
0.0000
0.0000
0.0000
0.0000
0.0000
0.0000
0.0000
0.0000
0.0000
0.0000
0.0000
0.0000
0.0000
0.0000
0.0000
0.0000
0.0000
0.0000
0.0000
0.0000
0.0000
0.0000
0.0000
0.0000
0.0000
0.0000
0.0000
0.0000
312.5000
312.5000
566.4062
566.4062
742.1875
742.1875
883.7891
883.7891
957.0312
957.0312
1044.9219
1044.9219
1118.1641
1118.1641
1191.4062
1191.4062
1279.2969
1279.2969
1347.6562
1347.6562
1391.6016
1391.6016
1362.3047
1362.3047
1318.3594
1318.3594
1206.0547
1206.0547
1137.6953
1137.6953
1088.8672
1088.8672
1079.1016
1079.1016
1108.3984
1108.3984
1079.1016
1079.1016
1103.5156
1103.5156
1166.9922
1166.9922
1157.2266
1157.2266
771.4844
771.4844
126.9531
126.9531
0.0000
0.0000
0.0000
0.0000
0.0000
0.0000
0.0000
0.0000
0.0000
0.0000
0.0000
0.0000
0.0000
0.0000
0.0000
0.0000
0.0000
0.0000
0.0000
0.0000
0.0000
0.0000
0.0000
0.0000
0.0000
0.0000
0.0000
0.0000
0.0000
0.0000
0.0000
0.0000
0.0000
0.0000
136.7187
136.7187
332.0312
332.0312
556.6406
556.6406
761.7187
761.7187
922.8516
922.8516
1049.8047
1049.8047
1118.1641
1118.1641
1142.5781
1142.5781
1127.9297
1127.9297
1069.3359
1069.3359
1015.6250
1015.6250
971.6797
971.6797
1005.8594
1005.8594
1015.6250
1015.6250
1079.1016
1079.1016
1064.4531
1064.4531
1010.7422
1010.7422
961.9141
961.9141
913.0859
913.0859
742.1875
742.1875
175.7812
175.7812
0.0000
0.0000
0.0000
0.0000
0.0000
0.0000
0.0000
0.0000
0.0000
0.0000
0.0000
0.0000
0.0000
0.0000
0.0000
0.0000
0.0000
0.0000
0.0000
0.0000
0.0000
0.0000
0.0000
0.0000
0.0000
0.0000
0.0000
0.0000
0.0000
0.0000
0.0000
0.0000
0.0000
0.0000
0.0000
0.0000
185.5469
185.5469
498.0469
498.0469
800.7812
800.7812
957.0312
957.0312
1074.2187
1074.2187
1088.8672
1088.8672
1074.2187
1074.2187
1098.6328
1098.6328
1137.6953
1137.6953
1210.9375
1210.9375
1274.4141
1274.4141
1362.3047
1362.3047
1416.0156
1416.0156
1411.1328
1411.1328
1298.8281
1298.8281
1118.1641
1118.1641
996.0937
996.0937
1000.9766
1000.9766
1059.5703
1059.5703
854.4922
854.4922
424.8047
424.8047
0.0000
0.0000
0.0000
0.0000
0.0000
0.0000
0.0000
0.0000
0.0000
0.0000
0.0000
0.0000
0.0000
0.0000
0.0000
0.0000
0.0000
0.0000
0.0000
0.0000
0.0000
0.0000
0.0000
0.0000
0.0000
0.0000
0.0000
0.0000
0.0000
0.0000
0.0000
0.0000
68.3594
68.3594
419.9219
419.9219
708.0078
708.0078
942.3828
942.3828
1074.2187
1074.2187
1142.5781
1142.5781
1157.2266
1157.2266
1176.7578
1176.7578
1220.7031
1220.7031
1254.8828
1254.8828
1342.7734
1342.7734
1372.0703
1372.0703
1401.3672
1401.3672
1347.6562
1347.6562
1269.5312
1269.5312
1166.9922
1166.9922
1098.6328
1098.6328
1064.4531
1064.4531
