48.8281
0.0000
0.0000
0.0000
0.0000
0.0000
0.0000
0.0000
0.0000
0.0000
0.0000
0.0000
0.0000
0.0000
0.0000
0.0000
0.0000
0.0000
0.0000
0.0000
0.0000
0.0000
0.0000
0.0000
0.0000
0.0000
0.0000
151.3672
151.3672
317.3828
317.3828
429.6875
429.6875
483.3984
483.3984
458.9844
458.9844
410.1562
410.1562
371.0937
371.0937
346.6797
346.6797
361.3281
361.3281
366.2109
366.2109
380.8594
380.8594
424.8047
424.8047
454.1016
454.1016
478.5156
478.5156
478.5156
478.5156
483.3984
483.3984
502.9297
502.9297
463.8672
463.8672
434.5703
434.5703
292.9687
292.9687
0.0000
0.0000
0.0000
0.0000
0.0000
0.0000
0.0000
0.0000
0.0000
0.0000
0.0000
0.0000
0.0000
0.0000
0.0000
0.0000
0.0000
0.0000
0.0000
0.0000
0.0000
0.0000
0.0000
0.0000
0.0000
0.0000
131.8359
131.8359
312.5000
312.5000
419.9219
419.9219
478.5156
478.5156
463.8672
463.8672
434.5703
434.5703
390.6250
390.6250
366.2109
366.2109
366.2109
366.2109
375.9766
375.9766
410.1562
410.1562
419.9219
419.9219
439.4531
439.4531
449.2187
449.2187
468.7500
468.7500
512.6953
512.6953
546.8750
546.8750
556.6406
556.6406
576.1719
576.1719
551.7578
551.7578
493.1641
493.1641
380.8594
380.8594
151.3672
151.3672
0.0000
0.0000
0.0000
0.0000
0.0000
0.0000
0.0000
0.0000
0.0000
0.0000
0.0000
0.0000
0.0000
0.0000
0.0000
0.0000
0.0000
0.0000
0.0000
0.0000
0.0000
0.0000
0.0000
0.0000
0.0000
0.0000
53.7109
53.7109
214.8437
214.8437
356.4453
356.4453
444.3359
444.3359
458.9844
458.9844
444.3359
444.3359
405.2734
405.2734
371.0937
371.0937
361.3281
361.3281
366.2109
366.2109
390.6250
390.6250
400.3906
400.3906
419.9219
419.9219
468.7500
468.7500
483.3984
483.3984
488.2812
488.2812
429.6875
429.6875
341.7969
341.7969
283.2031
283.2031
97.6562
97.6562
0.0000
0.0000
0.0000
0.0000
0.0000
0.0000
0.0000
0.0000
0.0000
0.0000
0.0000
0.0000
0.0000
0.0000
0.0000
0.0000
0.0000
0.0000
0.0000
0.0000
0.0000
0.0000
0.0000
0.0000
58.5937
58.5937
292.9687
292.9687
483.3984
483.3984
639.6484
639.6484
698.2422
698.2422
659.1797
659.1797
605.4687
605.4687
541.9922
541.9922
493.1641
493.1641
458.9844
458.9844
468.7500
468.7500
502.9297
502.9297
517.5781
517.5781
541.9922
541.9922
546.8750
546.8750
561.5234
561.5234
590.8203
590.8203
600.5859
600.5859
615.2344
615.2344
595.7031
595.7031
493.1641
493.1641
390.6250
390.6250
239.2578
239.2578
0.0000
0.0000
0.0000
0.0000
0.0000
0.0000
0.0000
0.0000
0.0000
0.0000
0.0000
0.0000
0.0000
0.0000
0.0000
0.0000
0.0000
0.0000
0.0000
0.0000
0.0000
0.0000
0.0000
0.0000
0.0000
0.0000
117.1875
117.1875
327.1484
327.1484
483.3984
483.3984
576.1719
576.1719
585.9375
585.9375
561.5234
561.5234
522.4609
522.4609
478.5156
478.5156
449.2187
449.2187
424.8047
424.8047
424.8047
424.8047
468.7500
468.7500
488.2812
488.2812
502.9297
502.9297
507.8125
507.8125
541.9922
541.9922
551.7578
551.7578
532.2266
532.2266
463.8672
463.8672
366.2109
366.2109
190.4297
190.4297
0.0000
0.0000
0.0000
0.0000
0.0000
0.0000
0.0000
0.0000
0.0000
0.0000
0.0000
0.0000
0.0000
0.0000
0.0000
0.0000
0.0000
0.0000
0.0000
0.0000
0.0000
0.0000
0.0000
0.0000
136.7187
136.7187
346.6797
346.6797
517.5781
517.5781
620.1172
620.1172
639.6484
639.6484
581.0547
581.0547
512.6953
512.6953
458.9844
458.9844
434.5703
434.5703
429.6875
429.6875
449.2187
449.2187
463.8672
463.8672
478.5156
478.5156
522.4609
522.4609
537.1094
537.1094
541.9922
541.9922
551.7578
551.7578
556.6406
556.6406
571.2891
571.2891
556.6406
556.6406
454.1016
454.1016
322.2656
322.2656
92.7734
92.7734
0.0000
0.0000
0.0000
0.0000
0.0000
0.0000
0.0000
0.0000
0.0000
0.0000
0.0000
0.0000
0.0000
0.0000
0.0000
0.0000
0.0000
0.0000
0.0000
0.0000
0.0000
0.0000
0.0000
0.0000
0.0000
0.0000
156.2500
156.2500
332.0312
332.0312
449.2187
449.2187
507.8125
507.8125
483.3984
483.3984
439.4531
439.4531
385.7422
385.7422
361.3281
361.3281
366.2109
366.2109
375.9766
375.9766
405.2734
405.2734
419.9219
419.9219
429.6875
429.6875
463.8672
463.8672
473.6328
473.6328
488.2812
488.2812
439.4531
439.4531
346.6797
346.6797
249.0234
249.0234
87.8906
87.8906
0.0000
0.0000
0.0000
0.0000
0.0000
0.0000
0.0000
0.0000
0.0000
0.0000
0.0000
0.0000
0.0000
0.0000
0.0000
0.0000
0.0000
0.0000
0.0000
0.0000
0.0000
0.0000
0.0000
0.0000
9.7656
9.7656
249.0234
249.0234
454.1016
454.1016
571.2891
571.2891
615.2344
615.2344
585.9375
585.9375
532.2266
532.2266
454.1016
454.1016
405.2734
405.2734
405.2734
405.2734
400.3906
400.3906
434.5703
434.5703
454.1016
454.1016
463.8672
463.8672
493.1641
493.1641
512.6953
512.6953
551.7578
551.7578
556.6406
556.6406
537.1094
537.1094
463.8672
463.8672
327.1484
327.1484
190.4297
190.4297
0.0000
0.0000
0.0000
0.0000
0.0000
0.0000
0.0000
0.0000
0.0000
0.0000
0.0000
0.0000
0.0000
0.0000
0.0000
0.0000
0.0000
0.0000
0.0000
0.0000
0.0000
0.0000
0.0000
0.0000
0.0000
0.0000
0.0000
43.9453
43.9453
224.6094
224.6094
327.1484
327.1484
375.9766
375.9766
351.5625
351.5625
327.1484
327.1484
317.3828
317.3828
288.0859
288.0859
292.9687
292.9687
317.3828
317.3828
346.6797
346.6797
380.8594
380.8594
390.6250
390.6250
415.0391
415.0391
429.6875
429.6875
449.2187
449.2187
454.1016
454.1016
424.8047
424.8047
371.0937
371.0937
253.9062
253.9062
0.0000
0.0000
0.0000
0.0000
0.0000
0.0000
0.0000
0.0000
0.0000
0.0000
0.0000
0.0000
0.0000
0.0000
0.0000
0.0000
0.0000
0.0000
0.0000
0.0000
0.0000
0.0000
0.0000
0.0000
0.0000
0.0000
19.5312
19.5312
200.1953
200.1953
351.5625
351.5625
434.5703
434.5703
434.5703
434.5703
410.1562
410.1562
385.7422
385.7422
366.2109
366.2109
380.8594
380.8594
375.9766
375.9766
400.3906
400.3906
424.8047
424.8047
434.5703
434.5703
483.3984
483.3984
483.3984
483.3984
493.1641
493.1641
522.4609
522.4609
541.9922
541.9922
546.8750
546.8750
478.5156
478.5156
366.2109
366.2109
224.6094
224.6094
0.0000
0.0000
0.0000
0.0000
0.0000
0.0000
0.0000
0.0000
0.0000
0.0000
0.0000
0.0000
0.0000
0.0000
0.0000
0.0000
0.0000
0.0000
0.0000
0.0000
0.0000
0.0000
0.0000
0.0000
0.0000
0.0000
53.7109
53.7109
234.3750
234.3750
380.8594
380.8594
468.7500
468.7500
483.3984
483.3984
449.2187
449.2187
424.8047
424.8047
415.0391
415.0391
415.0391
415.0391
424.8047
424.8047
424.8047
424.8047
454.1016
454.1016
473.6328
473.6328
498.0469
498.0469
532.2266
532.2266
537.1094
537.1094
537.1094
537.1094
512.6953
512.6953
454.1016
454.1016
366.2109
366.2109
136.7187
136.7187
0.0000
0.0000
0.0000
0.0000
0.0000
0.0000
0.0000
0.0000
0.0000
0.0000
0.0000
0.0000
0.0000
0.0000
0.0000
0.0000
0.0000
0.0000
0.0000
0.0000
0.0000
0.0000
0.0000
0.0000
136.7187
136.7187
351.5625
351.5625
502.9297
502.9297
605.4687
605.4687
625.0000
625.0000
585.9375
585.9375
537.1094
537.1094
468.7500
468.7500
439.4531
439.4531
454.1016
454.1016
483.3984
483.3984
507.8125
507.8125
517.5781
517.5781
532.2266
532.2266
561.5234
561.5234
576.1719
576.1719
595.7031
595.7031
600.5859
600.5859
610.3516
610.3516
561.5234
561.5234
463.8672
463.8672
336.9141
336.9141
63.4766
63.4766
0.0000
0.0000
0.0000
0.0000
0.0000
0.0000
0.0000
0.0000
0.0000
0.0000
0.0000
0.0000
0.0000
0.0000
0.0000
0.0000
0.0000
0.0000
0.0000
0.0000
0.0000
0.0000
0.0000
0.0000
63.4766
63.4766
283.2031
283.2031
444.3359
444.3359
537.1094
537.1094
581.0547
581.0547
561.5234
561.5234
537.1094
537.1094
493.1641
493.1641
449.2187
449.2187
444.3359
444.3359
458.9844
458.9844
473.6328
473.6328
483.3984
483.3984
498.0469
498.0469
537.1094
537.1094
561.5234
561.5234
561.5234
561.5234
527.3437
527.3437
434.5703
434.5703
336.9141
336.9141
136.7187
136.7187
0.0000
0.0000
0.0000
0.0000
0.0000
0.0000
0.0000
0.0000
0.0000
0.0000
0.0000
0.0000
0.0000
0.0000
0.0000
0.0000
0.0000
0.0000
0.0000
0.0000
0.0000
0.0000
0.0000
0.0000
97.6562
97.6562
317.3828
317.3828
493.1641
493.1641
590.8203
590.8203
625.0000
625.0000
585.9375
585.9375
541.9922
541.9922
493.1641
493.1641
449.2187
449.2187
444.3359
444.3359
429.6875
429.6875
463.8672
463.8672
488.2812
488.2812
507.8125
507.8125
537.1094
537.1094
546.8750
546.8750
561.5234
561.5234
581.0547
581.0547
566.4062
566.4062
517.5781
517.5781
424.8047
424.8047
317.3828
317.3828
117.1875
117.1875
0.0000
0.0000
0.0000
0.0000
0.0000
0.0000
0.0000
0.0000
0.0000
0.0000
0.0000
0.0000
0.0000
0.0000
0.0000
0.0000
0.0000
0.0000
0.0000
0.0000
0.0000
0.0000
0.0000
0.0000
19.5312
19.5312
224.6094
224.6094
410.1562
410.1562
517.5781
517.5781
541.9922
541.9922
512.6953
512.6953
454.1016
454.1016
424.8047
424.8047
400.3906
400.3906
390.6250
390.6250
405.2734
405.2734
429.6875
429.6875
449.2187
449.2187
473.6328
473.6328
473.6328
473.6328
493.1641
493.1641
493.1641
493.1641
512.6953
512.6953
498.0469
498.0469
395.5078
395.5078
273.4375
273.4375
24.4141
24.4141
0.0000
0.0000
0.0000
0.0000
0.0000
0.0000
0.0000
0.0000
0.0000
0.0000
0.0000
0.0000
0.0000
0.0000
0.0000
0.0000
0.0000
0.0000
0.0000
0.0000
0.0000
0.0000
0.0000
0.0000
117.1875
117.1875
351.5625
351.5625
512.6953
512.6953
600.5859
600.5859
615.2344
615.2344
556.6406
556.6406
488.2812
488.2812
434.5703
434.5703
415.0391
415.0391
419.9219
419.9219
419.9219
419.9219
439.4531
439.4531
454.1016
454.1016
478.5156
478.5156
512.6953
512.6953
522.4609
522.4609
527.3437
527.3437
537.1094
537.1094
537.1094
537.1094
517.5781
517.5781
419.9219
419.9219
312.5000
312.5000
131.8359
131.8359
0.0000
0.0000
0.0000
0.0000
0.0000
0.0000
0.0000
0.0000
0.0000
0.0000
0.0000
0.0000
0.0000
0.0000
0.0000
0.0000
0.0000
0.0000
0.0000
0.0000
0.0000
0.0000
0.0000
0.0000
0.0000
0.0000
156.2500
156.2500
361.3281
361.3281
483.3984
483.3984
541.9922
541.9922
527.3437
527.3437
458.9844
458.9844
400.3906
400.3906
366.2109
366.2109
371.0937
371.0937
390.6250
390.6250
400.3906
400.3906
434.5703
434.5703
444.3359
444.3359
454.1016
454.1016
468.7500
468.7500
463.8672
463.8672
478.5156
478.5156
454.1016
454.1016
405.2734
405.2734
307.6172
307.6172
63.4766
63.4766
0.0000
0.0000
0.0000
0.0000
0.0000
0.0000
0.0000
0.0000
0.0000
0.0000
0.0000
0.0000
0.0000
0.0000
0.0000
0.0000
0.0000
0.0000
0.0000
0.0000
0.0000
0.0000
0.0000
0.0000
73.2422
73.2422
302.7344
302.7344
429.6875
429.6875
512.6953
512.6953
512.6953
512.6953
468.7500
468.7500
415.0391
415.0391
366.2109
366.2109
371.0937
371.0937
385.7422
385.7422
395.5078
395.5078
429.6875
429.6875
429.6875
429.6875
434.5703
434.5703
463.8672
463.8672
483.3984
483.3984
512.6953
512.6953
517.5781
517.5781
522.4609
522.4609
507.8125
507.8125
439.4531
439.4531
341.7969
341.7969
136.7187
136.7187
0.0000
0.0000
0.0000
0.0000
0.0000
0.0000
0.0000
0.0000
0.0000
0.0000
0.0000
0.0000
0.0000
0.0000
0.0000
0.0000
0.0000
0.0000
0.0000
0.0000
0.0000
0.0000
0.0000
0.0000
0.0000
0.0000
170.8984
170.8984
332.0312
332.0312
434.5703
434.5703
498.0469
498.0469
502.9297
502.9297
463.8672
463.8672
410.1562
410.1562
361.3281
361.3281
366.2109
366.2109
385.7422
385.7422
405.2734
405.2734
424.8047
424.8047
434.5703
434.5703
458.9844
458.9844
463.8672
463.8672
488.2812
488.2812
483.3984
483.3984
405.2734
405.2734
332.0312
332.0312
195.3125
195.3125
0.0000
0.0000
0.0000
0.0000
0.0000
0.0000
0.0000
0.0000
0.0000
0.0000
0.0000
0.0000
0.0000
0.0000
0.0000
0.0000
0.0000
0.0000
0.0000
0.0000
0.0000
0.0000
0.0000
0.0000
0.0000
0.0000
185.5469
185.5469
385.7422
385.7422
532.2266
532.2266
600.5859
600.5859
581.0547
581.0547
522.4609
522.4609
458.9844
458.9844
424.8047
424.8047
415.0391
415.0391
405.2734
405.2734
424.8047
424.8047
454.1016
454.1016
458.9844
458.9844
478.5156
478.5156
488.2812
488.2812
507.8125
507.8125
537.1094
537.1094
551.7578
551.7578
546.8750
546.8750
483.3984
483.3984
380.8594
380.8594
209.9609
209.9609
0.0000
0.0000
0.0000
0.0000
0.0000
0.0000
0.0000
0.0000
0.0000
0.0000
0.0000
0.0000
0.0000
0.0000
0.0000
0.0000
0.0000
0.0000
0.0000
0.0000
0.0000
0.0000
0.0000
0.0000
0.0000
0.0000
48.8281
48.8281
234.3750
234.3750
356.4453
356.4453
410.1562
410.1562
419.9219
419.9219
390.6250
390.6250
366.2109
366.2109
341.7969
341.7969
332.0312
332.0312
346.6797
346.6797
346.6797
346.6797
380.8594
380.8594
405.2734
405.2734
434.5703
434.5703
458.9844
458.9844
463.8672
463.8672
498.0469
498.0469
493.1641
493.1641
424.8047
424.8047
332.0312
332.0312
126.9531
126.9531
0.0000
0.0000
0.0000
0.0000
0.0000
0.0000
0.0000
0.0000
0.0000
0.0000
0.0000
0.0000
0.0000
0.0000
0.0000
0.0000
0.0000
0.0000
0.0000
0.0000
0.0000
0.0000
0.0000
0.0000
0.0000
0.0000
214.8437
214.8437
366.2109
366.2109
483.3984
483.3984
517.5781
517.5781
483.3984
483.3984
424.8047
375.9766
375.9766
375.9766
361.3281
361.3281
375.9766
375.9766
395.5078
395.5078
410.1562
410.1562
424.8047
424.8047
449.2187
449.2187
478.5156
498.0469
498.0469
498.0469
522.4609
517.5781
517.5781
517.5781
527.3437
527.3437
507.8125
507.8125
424.8047
424.8047
307.6172
307.6172
73.2422
73.2422
0.0000
0.0000
0.0000
0.0000
0.0000
0.0000
0.0000
0.0000
0.0000
0.0000
0.0000
0.0000
0.0000
0.0000
0.0000
0.0000
0.0000
0.0000
0.0000
0.0000
0.0000
0.0000
0.0000
87.8906
87.8906
312.5000
312.5000
483.3984
483.3984
571.2891
571.2891
615.2344
615.2344
590.8203
590.8203
532.2266
532.2266
473.6328
473.6328
429.6875
429.6875
439.4531
439.4531
444.3359
444.3359
454.1016
454.1016
478.5156
478.5156
488.2812
488.2812
517.5781
517.5781
532.2266
532.2266
556.6406
556.6406
541.9922
541.9922
468.7500
468.7500
371.0937
371.0937
200.1953
200.1953
0.0000
0.0000
0.0000
0.0000
0.0000
0.0000
0.0000
0.0000
0.0000
0.0000
0.0000
0.0000
0.0000
0.0000
0.0000
0.0000
0.0000
0.0000
0.0000
0.0000
0.0000
0.0000
0.0000
0.0000
83.0078
83.0078
307.6172
307.6172
463.8672
463.8672
556.6406
556.6406
566.4062
566.4062
522.4609
522.4609
463.8672
463.8672
434.5703
434.5703
405.2734
405.2734
400.3906
400.3906
395.5078
395.5078
419.9219
419.9219
463.8672
463.8672
473.6328
473.6328
498.0469
498.0469
517.5781
517.5781
541.9922
541.9922
561.5234
561.5234
551.7578
551.7578
532.2266
532.2266
488.2812
488.2812
380.8594
380.8594
205.0781
205.0781
0.0000
0.0000
0.0000
0.0000
0.0000
0.0000
0.0000
0.0000
0.0000
0.0000
0.0000
0.0000
0.0000
0.0000
0.0000
0.0000
0.0000
0.0000
0.0000
0.0000
0.0000
0.0000
0.0000
0.0000
0.0000
0.0000
214.8437
214.8437
410.1562
410.1562
507.8125
507.8125
541.9922
541.9922
532.2266
532.2266
468.7500
468.7500
415.0391
415.0391
375.9766
375.9766
375.9766
375.9766
405.2734
405.2734
429.6875
429.6875
458.9844
458.9844
468.7500
468.7500
468.7500
468.7500
488.2812
488.2812
502.9297
502.9297
517.5781
517.5781
493.1641
493.1641
410.1562
410.1562
317.3828
317.3828
87.8906
87.8906
0.0000
0.0000
0.0000
0.0000
0.0000
0.0000
0.0000
0.0000
0.0000
0.0000
0.0000
0.0000
0.0000
0.0000
0.0000
0.0000
0.0000
0.0000
0.0000
0.0000
0.0000
0.0000
0.0000
0.0000
190.4297
190.4297
361.3281
361.3281
493.1641
493.1641
566.4062
566.4062
546.8750
546.8750
468.7500
468.7500
419.9219
419.9219
400.3906
400.3906
395.5078
395.5078
400.3906
400.3906
405.2734
405.2734
415.0391
415.0391
444.3359
444.3359
463.8672
463.8672
493.1641
493.1641
507.8125
507.8125
517.5781
517.5781
532.2266
532.2266
498.0469
498.0469
424.8047
424.8047
292.9687
292.9687
53.7109
53.7109
0.0000
0.0000
0.0000
0.0000
0.0000
0.0000
0.0000
0.0000
0.0000
0.0000
0.0000
0.0000
0.0000
0.0000
0.0000
0.0000
0.0000
0.0000
0.0000
0.0000
0.0000
0.0000
0.0000
0.0000
0.0000
0.0000
9.7656
9.7656
166.0156
166.0156
288.0859
288.0859
356.4453
356.4453
385.7422
385.7422
361.3281
361.3281
322.2656
322.2656
307.6172
307.6172
292.9687
292.9687
307.6172
307.6172
322.2656
322.2656
351.5625
351.5625
390.6250
390.6250
410.1562
410.1562
429.6875
429.6875
444.3359
444.3359
449.2187
449.2187
458.9844
458.9844
415.0391
415.0391
332.0312
332.0312
146.4844
146.4844
0.0000
0.0000
0.0000
0.0000
0.0000
0.0000
0.0000
0.0000
0.0000
0.0000
0.0000
0.0000
0.0000
0.0000
0.0000
0.0000
0.0000
0.0000
0.0000
0.0000
0.0000
0.0000
0.0000
0.0000
0.0000
0.0000
146.4844
146.4844
312.5000
312.5000
419.9219
419.9219
468.7500
468.7500
463.8672
463.8672
419.9219
419.9219
380.8594
380.8594
351.5625
351.5625
361.3281
361.3281
380.8594
380.8594
405.2734
405.2734
434.5703
434.5703
434.5703
434.5703
449.2187
449.2187
483.3984
483.3984
498.0469
498.0469
527.3437
527.3437
522.4609
522.4609
502.9297
502.9297
434.5703
434.5703
312.5000
312.5000
83.0078
83.0078
0.0000
0.0000
0.0000
0.0000
0.0000
0.0000
0.0000
0.0000
0.0000
0.0000
0.0000
0.0000
0.0000
0.0000
0.0000
0.0000
0.0000
0.0000
0.0000
0.0000
0.0000
0.0000
0.0000
0.0000
0.0000
0.0000
107.4219
107.4219
278.3203
278.3203
366.2109
366.2109
424.8047
424.8047
444.3359
444.3359
419.9219
419.9219
395.5078
395.5078
371.0937
371.0937
375.9766
375.9766
385.7422
385.7422
400.3906
400.3906
424.8047
424.8047
444.3359
444.3359
463.8672
463.8672
502.9297
502.9297
512.6953
512.6953
502.9297
502.9297
434.5703
434.5703
341.7969
341.7969
219.7266
219.7266
0.0000
0.0000
0.0000
0.0000
0.0000
0.0000
0.0000
0.0000
0.0000
0.0000
0.0000
0.0000
0.0000
0.0000
0.0000
0.0000
0.0000
0.0000
0.0000
0.0000
0.0000
0.0000
0.0000
0.0000
0.0000
0.0000
131.8359
131.8359
322.2656
322.2656
478.5156
478.5156
581.0547
581.0547
581.0547
581.0547
517.5781
517.5781
483.3984
483.3984
449.2187
449.2187
424.8047
424.8047
434.5703
434.5703
449.2187
449.2187
473.6328
473.6328
502.9297
502.9297
512.6953
512.6953
546.8750
546.8750
566.4062
566.4062
576.1719
576.1719
551.7578
551.7578
493.1641
493.1641
415.0391
415.0391
312.5000
312.5000
102.5391
102.5391
0.0000
0.0000
0.0000
0.0000
0.0000
0.0000
0.0000
0.0000
0.0000
0.0000
0.0000
0.0000
0.0000
0.0000
0.0000
0.0000
0.0000
0.0000
0.0000
0.0000
0.0000
0.0000
4.8828
4.8828
239.2578
239.2578
444.3359
444.3359
595.7031
595.7031
678.7109
678.7109
693.3594
693.3594
654.2969
654.2969
576.1719
576.1719
522.4609
522.4609
512.6953
512.6953
502.9297
502.9297
512.6953
512.6953
527.3437
527.3437
546.8750
546.8750
576.1719
576.1719
585.9375
585.9375
590.8203
590.8203
605.4687
605.4687
581.0547
581.0547
512.6953
512.6953
400.3906
400.3906
146.4844
146.4844
0.0000
0.0000
0.0000
0.0000
0.0000
0.0000
0.0000
0.0000
0.0000
0.0000
0.0000
0.0000
0.0000
0.0000
0.0000
0.0000
0.0000
0.0000
0.0000
0.0000
0.0000
0.0000
0.0000
0.0000
117.1875
117.1875
336.9141
336.9141
468.7500
468.7500
537.1094
537.1094
532.2266
532.2266
483.3984
483.3984
434.5703
434.5703
395.5078
395.5078
400.3906
400.3906
405.2734
405.2734
410.1562
410.1562
424.8047
424.8047
449.2187
449.2187
468.7500
468.7500
498.0469
498.0469
527.3437
527.3437
546.8750
546.8750
546.8750
546.8750
556.6406
556.6406
527.3437
527.3437
439.4531
439.4531
307.6172
307.6172
48.8281
48.8281
0.0000
0.0000
0.0000
0.0000
0.0000
0.0000
0.0000
0.0000
0.0000
0.0000
0.0000
0.0000
0.0000
0.0000
0.0000
0.0000
0.0000
0.0000
0.0000
0.0000
0.0000
0.0000
0.0000
0.0000
0.0000
0.0000
131.8359
131.8359
283.2031
283.2031
366.2109
366.2109
419.9219
419.9219
410.1562
410.1562
390.6250
390.6250
336.9141
336.9141
307.6172
307.6172
317.3828
317.3828
341.7969
341.7969
375.9766
375.9766
395.5078
395.5078
405.2734
405.2734
434.5703
434.5703
444.3359
444.3359
478.5156
478.5156
463.8672
463.8672
385.7422
385.7422
292.9687
292.9687
102.5391
102.5391
0.0000
0.0000
0.0000
0.0000
0.0000
0.0000
0.0000
0.0000
0.0000
0.0000
0.0000
0.0000
0.0000
0.0000
0.0000
0.0000
0.0000
0.0000
0.0000
0.0000
0.0000
0.0000
0.0000
0.0000
0.0000
0.0000
244.1406
244.1406
390.6250
390.6250
498.0469
498.0469
532.2266
532.2266
483.3984
483.3984
429.6875
429.6875
385.7422
385.7422
375.9766
375.9766
385.7422
385.7422
390.6250
390.6250
424.8047
424.8047
444.3359
444.3359
473.6328
473.6328
483.3984
483.3984
483.3984
483.3984
522.4609
522.4609
537.1094
537.1094
546.8750
546.8750
517.5781
517.5781
439.4531
439.4531
336.9141
336.9141
97.6562
97.6562
0.0000
0.0000
0.0000
0.0000
0.0000
0.0000
0.0000
0.0000
0.0000
0.0000
0.0000
0.0000
0.0000
0.0000
0.0000
0.0000
0.0000
0.0000
0.0000
0.0000
0.0000
0.0000
0.0000
0.0000
0.0000
0.0000
43.9453
43.9453
224.6094
224.6094
356.4453
356.4453
424.8047
424.8047
419.9219
419.9219
400.3906
400.3906
375.9766
375.9766
356.4453
356.4453
361.3281
361.3281
361.3281
361.3281
375.9766
375.9766
415.0391
415.0391
434.5703
434.5703
473.6328
473.6328
478.5156
478.5156
478.5156
478.5156
478.5156
478.5156
434.5703
434.5703
366.2109
366.2109
180.6641
180.6641
0.0000
0.0000
0.0000
0.0000
0.0000
0.0000
0.0000
0.0000
0.0000
0.0000
0.0000
0.0000
0.0000
0.0000
0.0000
0.0000
0.0000
0.0000
0.0000
0.0000
0.0000
0.0000
0.0000
0.0000
0.0000
0.0000
200.1953
200.1953
366.2109
366.2109
488.2812
488.2812
551.7578
551.7578
541.9922
541.9922
498.0469
498.0469
439.4531
439.4531
400.3906
405.2734
405.2734
405.2734
419.9219
419.9219
439.4531
439.4531
463.8672
463.8672
478.5156
478.5156
512.6953
512.6953
532.2266
532.2266
551.7578
551.7578
556.6406
546.8750
546.8750
527.3437
527.3437
454.1016
454.1016
454.1016
371.0937
146.4844
146.4844
146.4844
0.0000
0.0000
0.0000
0.0000
0.0000
0.0000
0.0000
0.0000
0.0000
0.0000
0.0000
0.0000
0.0000
0.0000
0.0000
0.0000
0.0000
0.0000
0.0000
0.0000
0.0000
0.0000
0.0000
117.1875
117.1875
317.3828
317.3828
483.3984
483.3984
566.4062
566.4062
590.8203
590.8203
566.4062
566.4062
522.4609
522.4609
488.2812
488.2812
449.2187
449.2187
444.3359
444.3359
488.2812
488.2812
493.1641
493.1641
512.6953
512.6953
512.6953
512.6953
537.1094
537.1094
556.6406
556.6406
566.4062
566.4062
566.4062
566.4062
512.6953
512.6953
424.8047
424.8047
278.3203
278.3203
0.0000
0.0000
0.0000
0.0000
0.0000
0.0000
0.0000
0.0000
0.0000
0.0000
0.0000
0.0000
0.0000
0.0000
0.0000
0.0000
0.0000
0.0000
0.0000
0.0000
0.0000
0.0000
0.0000
0.0000
39.0625
39.0625
268.5547
268.5547
444.3359
444.3359
537.1094
537.1094
576.1719
576.1719
546.8750
546.8750
498.0469
498.0469
463.8672
463.8672
439.4531
439.4531
434.5703
434.5703
444.3359
444.3359
424.8047
424.8047
454.1016
454.1016
478.5156
478.5156
493.1641
493.1641
517.5781
517.5781
541.9922
541.9922
571.2891
571.2891
571.2891
571.2891
541.9922
541.9922
473.6328
473.6328
380.8594
380.8594
229.4922
229.4922
0.0000
0.0000
0.0000
0.0000
0.0000
0.0000
0.0000
0.0000
0.0000
0.0000
0.0000
0.0000
0.0000
0.0000
0.0000
0.0000
0.0000
0.0000
0.0000
0.0000
0.0000
0.0000
0.0000
0.0000
0.0000
0.0000
97.6562
97.6562
327.1484
327.1484
483.3984
483.3984
551.7578
551.7578
571.2891
571.2891
527.3437
527.3437
454.1016
454.1016
415.0391
415.0391
390.6250
390.6250
405.2734
405.2734
415.0391
415.0391
429.6875
429.6875
454.1016
454.1016
468.7500
468.7500
488.2812
488.2812
493.1641
493.1641
512.6953
512.6953
498.0469
498.0469
400.3906
400.3906
258.7891
258.7891
0.0000
0.0000
0.0000
0.0000
0.0000
0.0000
0.0000
0.0000
0.0000
0.0000
0.0000
0.0000
0.0000
0.0000
0.0000
0.0000
0.0000
0.0000
0.0000
0.0000
0.0000
0.0000
0.0000
0.0000
0.0000
0.0000
73.2422
73.2422
268.5547
268.5547
410.1562
410.1562
478.5156
478.5156
493.1641
493.1641
439.4531
439.4531
375.9766
375.9766
361.3281
361.3281
356.4453
356.4453
375.9766
375.9766
400.3906
400.3906
395.5078
395.5078
410.1562
410.1562
429.6875
429.6875
458.9844
458.9844
483.3984
483.3984
493.1641
493.1641
522.4609
522.4609
527.3437
527.3437
522.4609
522.4609
463.8672
463.8672
332.0312
332.0312
141.6016
141.6016
0.0000
0.0000
0.0000
0.0000
0.0000
0.0000
0.0000
0.0000
0.0000
0.0000
0.0000
0.0000
0.0000
0.0000
0.0000
0.0000
0.0000
0.0000
0.0000
0.0000
0.0000
0.0000
0.0000
0.0000
0.0000
0.0000
102.5391
102.5391
268.5547
268.5547
385.7422
385.7422
454.1016
454.1016
488.2812
488.2812
439.4531
439.4531
390.6250
390.6250
366.2109
366.2109
366.2109
366.2109
375.9766
375.9766
375.9766
375.9766
410.1562
410.1562
439.4531
439.4531
458.9844
458.9844
488.2812
488.2812
502.9297
502.9297
502.9297
502.9297
478.5156
478.5156
405.2734
405.2734
312.5000
312.5000
97.6562
97.6562
0.0000
0.0000
0.0000
0.0000
0.0000
0.0000
0.0000
0.0000
0.0000
0.0000
0.0000
0.0000
0.0000
0.0000
0.0000
0.0000
0.0000
0.0000
0.0000
0.0000
0.0000
0.0000
0.0000
0.0000
0.0000
0.0000
224.6094
224.6094
385.7422
385.7422
473.6328
473.6328
527.3437
527.3437
493.1641
493.1641
454.1016
454.1016
410.1562
410.1562
385.7422
385.7422
400.3906
400.3906
410.1562
410.1562
439.4531
439.4531
449.2187
449.2187
468.7500
468.7500
498.0469
498.0469
517.5781
517.5781
532.2266
532.2266
532.2266
532.2266
493.1641
493.1641
429.6875
429.6875
327.1484
327.1484
161.1328
161.1328
0.0000
0.0000
0.0000
0.0000
0.0000
0.0000
0.0000
0.0000
0.0000
0.0000
0.0000
0.0000
0.0000
0.0000
0.0000
0.0000
0.0000
0.0000
0.0000
0.0000
0.0000
0.0000
0.0000
0.0000
0.0000
0.0000
68.3594
68.3594
273.4375
273.4375
424.8047
424.8047
498.0469
498.0469
532.2266
532.2266
502.9297
502.9297
463.8672
463.8672
429.6875
429.6875
390.6250
390.6250
405.2734
405.2734
424.8047
424.8047
444.3359
444.3359
473.6328
473.6328
478.5156
478.5156
498.0469
498.0469
522.4609
522.4609
541.9922
541.9922
532.2266
532.2266
449.2187
449.2187
375.9766
375.9766
209.9609
209.9609
0.0000
0.0000
0.0000
0.0000
0.0000
0.0000
0.0000
0.0000
0.0000
0.0000
0.0000
0.0000
0.0000
0.0000
0.0000
0.0000
0.0000
0.0000
0.0000
0.0000
0.0000
0.0000
0.0000
0.0000
205.0781
205.0781
385.7422
385.7422
532.2266
532.2266
615.2344
615.2344
634.7656
634.7656
581.0547
581.0547
527.3437
527.3437
493.1641
493.1641
468.7500
468.7500
454.1016
454.1016
458.9844
458.9844
463.8672
463.8672
512.6953
512.6953
527.3437
527.3437
551.7578
551.7578
556.6406
556.6406
556.6406
556.6406
576.1719
576.1719
571.2891
571.2891
541.9922
541.9922
458.9844
458.9844
322.2656
322.2656
73.2422
73.2422
0.0000
0.0000
0.0000
0.0000
0.0000
0.0000
0.0000
0.0000
0.0000
0.0000
0.0000
0.0000
0.0000
0.0000
0.0000
0.0000
0.0000
0.0000
0.0000
0.0000
0.0000
0.0000
0.0000
0.0000
0.0000
0.0000
136.7187
136.7187
317.3828
317.3828
419.9219
419.9219
463.8672
463.8672
454.1016
454.1016
405.2734
405.2734
366.2109
366.2109
361.3281
361.3281
366.2109
366.2109
385.7422
385.7422
385.7422
385.7422
395.5078
395.5078
424.8047
424.8047
444.3359
444.3359
463.8672
463.8672
483.3984
483.3984
493.1641
493.1641
468.7500
468.7500
380.8594
380.8594
273.4375
273.4375
14.6484
14.6484
0.0000
0.0000
0.0000
0.0000
0.0000
0.0000
0.0000
0.0000
0.0000
0.0000
0.0000
0.0000
0.0000
0.0000
0.0000
0.0000
0.0000
0.0000
0.0000
0.0000
0.0000
0.0000
0.0000
0.0000
205.0781
205.0781
385.7422
385.7422
507.8125
507.8125
561.5234
561.5234
566.4062
566.4062
522.4609
522.4609
483.3984
483.3984
444.3359
444.3359
429.6875
429.6875
429.6875
429.6875
434.5703
434.5703
449.2187
449.2187
473.6328
473.6328
473.6328
473.6328
517.5781
517.5781
532.2266
532.2266
532.2266
532.2266
537.1094
537.1094
541.9922
541.9922
502.9297
502.9297
380.8594
380.8594
209.9609
209.9609
0.0000
0.0000
0.0000
0.0000
0.0000
0.0000
0.0000
0.0000
0.0000
0.0000
0.0000
0.0000
0.0000
0.0000
0.0000
0.0000
0.0000
0.0000
0.0000
0.0000
0.0000
0.0000
0.0000
0.0000
0.0000
0.0000
0.0000
0.0000
73.2422
73.2422
244.1406
244.1406
361.3281
361.3281
424.8047
424.8047
419.9219
419.9219
371.0937
371.0937
336.9141
336.9141
327.1484
327.1484
336.9141
336.9141
356.4453
356.4453
361.3281
361.3281
390.6250
390.6250
395.5078
395.5078
415.0391
415.0391
439.4531
439.4531
468.7500
468.7500
478.5156
478.5156
439.4531
439.4531
385.7422
385.7422
302.7344
302.7344
43.9453
43.9453
0.0000
0.0000
0.0000
0.0000
0.0000
0.0000
0.0000
0.0000
0.0000
0.0000
0.0000
0.0000
0.0000
0.0000
0.0000
0.0000
0.0000
0.0000
0.0000
0.0000
0.0000
0.0000
0.0000
0.0000
146.4844
146.4844
366.2109
366.2109
512.6953
512.6953
590.8203
590.8203
585.9375
585.9375
546.8750
546.8750
512.6953
512.6953
454.1016
454.1016
444.3359
444.3359
434.5703
434.5703
449.2187
449.2187
478.5156
478.5156
478.5156
478.5156
493.1641
493.1641
512.6953
512.6953
532.2266
532.2266
561.5234
561.5234
566.4062
566.4062
581.0547
581.0547
527.3437
527.3437
415.0391
415.0391
292.9687
292.9687
34.1797
34.1797
0.0000
0.0000
0.0000
0.0000
0.0000
0.0000
0.0000
0.0000
0.0000
0.0000
0.0000
0.0000
0.0000
0.0000
0.0000
0.0000
0.0000
0.0000
0.0000
0.0000
0.0000
0.0000
0.0000
0.0000
92.7734
92.7734
292.9687
292.9687
458.9844
458.9844
546.8750
546.8750
571.2891
571.2891
541.9922
541.9922
488.2812
488.2812
458.9844
458.9844
424.8047
424.8047
410.1562
410.1562
424.8047
424.8047
444.3359
444.3359
478.5156
478.5156
488.2812
488.2812
517.5781
517.5781
532.2266
532.2266
532.2266
532.2266
512.6953
512.6953
444.3359
444.3359
346.6797
346.6797
200.1953
0.0000
0.0000
0.0000
0.0000
0.0000
0.0000
0.0000
0.0000
0.0000
0.0000
0.0000
0.0000
0.0000
0.0000
0.0000
0.0000
0.0000
0.0000
0.0000
0.0000
0.0000
0.0000
0.0000
0.0000
0.0000
39.0625
39.0625
253.9062
253.9062
429.6875
429.6875
541.9922
541.9922
585.9375
585.9375
537.1094
537.1094
478.5156
478.5156
424.8047
424.8047
395.5078
395.5078
390.6250
390.6250
395.5078
395.5078
405.2734
405.2734
444.3359
444.3359
468.7500
468.7500
493.1641
493.1641
493.1641
498.0469
498.0469
532.2266
532.2266
566.4062
566.4062
561.5234
561.5234
493.1641
493.1641
371.0937
371.0937
371.0937
219.7266
0.0000
0.0000
0.0000
0.0000
0.0000
0.0000
0.0000
0.0000
0.0000
0.0000
0.0000
0.0000
0.0000
0.0000
0.0000
0.0000
0.0000
0.0000
0.0000
0.0000
0.0000
0.0000
0.0000
0.0000
0.0000
0.0000
0.0000
0.0000
126.9531
126.9531
292.9687
292.9687
400.3906
400.3906
444.3359
444.3359
419.9219
419.9219
395.5078
395.5078
366.2109
366.2109
341.7969
341.7969
341.7969
341.7969
327.1484
327.1484
361.3281
361.3281
380.8594
380.8594
419.9219
419.9219
458.9844
458.9844
463.8672
463.8672
478.5156
478.5156
478.5156
478.5156
444.3359
444.3359
385.7422
385.7422
288.0859
288.0859
73.2422
73.2422
0.0000
0.0000
0.0000
0.0000
0.0000
0.0000
0.0000
0.0000
0.0000
0.0000
0.0000
0.0000
0.0000
0.0000
0.0000
0.0000
0.0000
0.0000
0.0000
0.0000
0.0000
0.0000
0.0000
0.0000
156.2500
156.2500
336.9141
336.9141
478.5156
478.5156
585.9375
585.9375
595.7031
595.7031
556.6406
556.6406
483.3984
483.3984
424.8047
424.8047
415.0391
415.0391
419.9219
419.9219
444.3359
444.3359
444.3359
444.3359
478.5156
478.5156
493.1641
493.1641
507.8125
507.8125
527.3437
527.3437
537.1094
537.1094
556.6406
556.6406
537.1094
537.1094
488.2812
488.2812
395.5078
395.5078
263.6719
263.6719
0.0000
0.0000
0.0000
0.0000
0.0000
0.0000
0.0000
0.0000
0.0000
0.0000
0.0000
0.0000
0.0000
0.0000
0.0000
0.0000
0.0000
0.0000
0.0000
0.0000
0.0000
0.0000
0.0000
0.0000
0.0000
0.0000
185.5469
185.5469
361.3281
361.3281
473.6328
473.6328
532.2266
532.2266
522.4609
522.4609
473.6328
473.6328
439.4531
439.4531
415.0391
415.0391
410.1562
410.1562
410.1562
410.1562
415.0391
415.0391
439.4531
439.4531
454.1016
454.1016
468.7500
468.7500
512.6953
512.6953
512.6953
512.6953
507.8125
507.8125
463.8672
463.8672
380.8594
380.8594
263.6719
263.6719
0.0000
0.0000
0.0000
0.0000
0.0000
0.0000
0.0000
0.0000
0.0000
0.0000
0.0000
0.0000
0.0000
0.0000
0.0000
0.0000
0.0000
0.0000
0.0000
0.0000
0.0000
0.0000
0.0000
0.0000
0.0000
0.0000
151.3672
151.3672
385.7422
385.7422
537.1094
537.1094
615.2344
615.2344
634.7656
634.7656
590.8203
590.8203
527.3437
527.3437
463.8672
463.8672
424.8047
424.8047
419.9219
419.9219
424.8047
424.8047
458.9844
458.9844
478.5156
478.5156
493.1641
493.1641
507.8125
507.8125
517.5781
517.5781
561.5234
561.5234
566.4062
566.4062
537.1094
537.1094
458.9844
458.9844
332.0312
332.0312
200.1953
200.1953
0.0000
0.0000
0.0000
0.0000
0.0000
0.0000
0.0000
0.0000
0.0000
0.0000
0.0000
0.0000
0.0000
0.0000
0.0000
0.0000
0.0000
0.0000
0.0000
0.0000
0.0000
0.0000
0.0000
0.0000
0.0000
0.0000
0.0000
0.0000
195.3125
195.3125
332.0312
332.0312
415.0391
415.0391
439.4531
439.4531
400.3906
400.3906
371.0937
371.0937
351.5625
351.5625
327.1484
327.1484
332.0312
332.0312
351.5625
351.5625
385.7422
385.7422
405.2734
405.2734
415.0391
415.0391
449.2187
449.2187
458.9844
458.9844
478.5156
478.5156
498.0469
498.0469
483.3984
483.3984
419.9219
419.9219
278.3203
278.3203
29.2969
29.2969
0.0000
0.0000
0.0000
0.0000
0.0000
0.0000
0.0000
0.0000
0.0000
0.0000
0.0000
0.0000
0.0000
0.0000
0.0000
0.0000
0.0000
0.0000
0.0000
0.0000
0.0000
0.0000
0.0000
0.0000
24.4141
24.4141
209.9609
209.9609
351.5625
351.5625
444.3359
444.3359
444.3359
444.3359
400.3906
400.3906
366.2109
366.2109
336.9141
336.9141
346.6797
346.6797
341.7969
341.7969
351.5625
351.5625
380.8594
380.8594
405.2734
405.2734
444.3359
444.3359
454.1016
454.1016
478.5156
478.5156
507.8125
507.8125
517.5781
517.5781
527.3437
527.3437
483.3984
483.3984
400.3906
400.3906
258.7891
258.7891
34.1797
34.1797
0.0000
0.0000
0.0000
0.0000
0.0000
0.0000
0.0000
0.0000
0.0000
0.0000
0.0000
0.0000
0.0000
0.0000
0.0000
0.0000
0.0000
0.0000
0.0000
0.0000
0.0000
0.0000
0.0000
0.0000
0.0000
0.0000
195.3125
195.3125
361.3281
361.3281
478.5156
478.5156
527.3437
527.3437
498.0469
498.0469
468.7500
468.7500
415.0391
415.0391
395.5078
395.5078
390.6250
390.6250
395.5078
395.5078
424.8047
424.8047
444.3359
444.3359
483.3984
483.3984
512.6953
512.6953
502.9297
502.9297
522.4609
522.4609
522.4609
522.4609
483.3984
483.3984
395.5078
395.5078
239.2578
239.2578
0.0000
0.0000
0.0000
0.0000
0.0000
0.0000
0.0000
0.0000
0.0000
0.0000
0.0000
0.0000
0.0000
0.0000
0.0000
0.0000
0.0000
0.0000
0.0000
0.0000
0.0000
0.0000
0.0000
0.0000
0.0000
0.0000
180.6641
180.6641
351.5625
351.5625
483.3984
483.3984
561.5234
561.5234
556.6406
556.6406
512.6953
512.6953
449.2187
449.2187
419.9219
419.9219
415.0391
415.0391
424.8047
424.8047
454.1016
454.1016
463.8672
463.8672
473.6328
473.6328
488.2812
488.2812
512.6953
512.6953
551.7578
551.7578
561.5234
561.5234
571.2891
571.2891
556.6406
556.6406
483.3984
483.3984
371.0937
371.0937
195.3125
195.3125
0.0000
0.0000
0.0000
0.0000
0.0000
0.0000
0.0000
0.0000
0.0000
0.0000
0.0000
0.0000
0.0000
0.0000
0.0000
0.0000
0.0000
0.0000
0.0000
0.0000
0.0000
0.0000
0.0000
0.0000
0.0000
0.0000
68.3594
68.3594
278.3203
278.3203
424.8047
424.8047
517.5781
517.5781
537.1094
537.1094
507.8125
507.8125
454.1016
454.1016
400.3906
400.3906
395.5078
395.5078
405.2734
405.2734
419.9219
419.9219
444.3359
444.3359
458.9844
458.9844
502.9297
502.9297
502.9297
502.9297
512.6953
512.6953
512.6953
512.6953
449.2187
449.2187
385.7422
385.7422
258.7891
258.7891
0.0000
0.0000
0.0000
0.0000
0.0000
0.0000
0.0000
0.0000
0.0000
0.0000
0.0000
0.0000
0.0000
0.0000
0.0000
0.0000
0.0000
0.0000
0.0000
0.0000
0.0000
0.0000
0.0000
0.0000
0.0000
0.0000
24.4141
24.4141
229.4922
229.4922
385.7422
385.7422
468.7500
468.7500
463.8672
463.8672
434.5703
434.5703
400.3906
400.3906
361.3281
361.3281
361.3281
361.3281
366.2109
366.2109
400.3906
400.3906
439.4531
439.4531
458.9844
458.9844
463.8672
463.8672
478.5156
478.5156
502.9297
502.9297
527.3437
527.3437
541.9922
541.9922
556.6406
556.6406
537.1094
537.1094
493.1641
493.1641
390.6250
390.6250
219.7266
219.7266
0.0000
0.0000
0.0000
0.0000
0.0000
0.0000
0.0000
0.0000
0.0000
0.0000
0.0000
0.0000
0.0000
0.0000
0.0000
0.0000
0.0000
0.0000
0.0000
0.0000
0.0000
0.0000
0.0000
0.0000
0.0000
0.0000
146.4844
146.4844
356.4453
356.4453
488.2812
488.2812
551.7578
551.7578
546.8750
546.8750
541.9922
541.9922
493.1641
493.1641
454.1016
454.1016
444.3359
444.3359
424.8047
424.8047
449.2187
449.2187
468.7500
468.7500
493.1641
493.1641
507.8125
507.8125
517.5781
517.5781
556.6406
556.6406
551.7578
551.7578
488.2812
488.2812
400.3906
400.3906
278.3203
278.3203
43.9453
43.9453
0.0000
0.0000
0.0000
0.0000
0.0000
0.0000
0.0000
0.0000
0.0000
0.0000
0.0000
0.0000
0.0000
0.0000
0.0000
0.0000
0.0000
0.0000
0.0000
0.0000
0.0000
0.0000
122.0703
122.0703
361.3281
361.3281
537.1094
537.1094
673.8281
673.8281
737.3047
737.3047
688.4766
688.4766
620.1172
620.1172
551.7578
551.7578
507.8125
507.8125
498.0469
498.0469
488.2812
488.2812
498.0469
498.0469
517.5781
517.5781
546.8750
546.8750
576.1719
576.1719
585.9375
585.9375
590.8203
590.8203
590.8203
590.8203
590.8203
590.8203
585.9375
585.9375
498.0469
498.0469
346.6797
346.6797
156.2500
156.2500
0.0000
0.0000
0.0000
0.0000
0.0000
0.0000
0.0000
0.0000
0.0000
0.0000
0.0000
0.0000
0.0000
0.0000
0.0000
0.0000
0.0000
0.0000
0.0000
0.0000
0.0000
0.0000
0.0000
0.0000
0.0000
0.0000
156.2500
156.2500
361.3281
361.3281
488.2812
488.2812
576.1719
576.1719
576.1719
576.1719
502.9297
502.9297
439.4531
439.4531
395.5078
395.5078
405.2734
405.2734
400.3906
400.3906
410.1562
410.1562
434.5703
434.5703
444.3359
444.3359
468.7500
468.7500
488.2812
488.2812
507.8125
507.8125
517.5781
517.5781
478.5156
478.5156
385.7422
385.7422
273.4375
273.4375
19.5312
19.5312
0.0000
0.0000
0.0000
0.0000
0.0000
0.0000
0.0000
0.0000
0.0000
0.0000
0.0000
0.0000
0.0000
0.0000
0.0000
0.0000
0.0000
0.0000
0.0000
0.0000
0.0000
0.0000
0.0000
0.0000
219.7266
219.7266
444.3359
444.3359
581.0547
581.0547
649.4141
649.4141
639.6484
571.2891
571.2891
571.2891
507.8125
507.8125
454.1016
454.1016
424.8047
424.8047
400.3906
400.3906
415.0391
415.0391
444.3359
444.3359
463.8672
463.8672
478.5156
502.9297
502.9297
532.2266
532.2266
556.6406
556.6406
546.8750
546.8750
527.3437
527.3437
458.9844
458.9844
322.2656
322.2656
151.3672
151.3672
0.0000
0.0000
0.0000
0.0000
0.0000
0.0000
0.0000
0.0000
0.0000
0.0000
0.0000
0.0000
0.0000
0.0000
0.0000
0.0000
0.0000
0.0000
0.0000
0.0000
0.0000
0.0000
0.0000
0.0000
0.0000
0.0000
0.0000
0.0000
200.1953
200.1953
351.5625
351.5625
415.0391
415.0391
424.8047
424.8047
385.7422
385.7422
336.9141
336.9141
288.0859
288.0859
283.2031
283.2031
302.7344
302.7344
327.1484
327.1484
356.4453
356.4453
400.3906
400.3906
400.3906
400.3906
415.0391
415.0391
434.5703
434.5703
458.9844
458.9844
439.4531
439.4531
346.6797
346.6797
219.7266
219.7266
0.0000
0.0000
0.0000
0.0000
0.0000
0.0000
0.0000
0.0000
0.0000
0.0000
0.0000
0.0000
0.0000
0.0000
0.0000
0.0000
0.0000
0.0000
0.0000
0.0000
0.0000
0.0000
0.0000
0.0000
0.0000
0.0000
0.0000
0.0000
122.0703
122.0703
297.8516
297.8516
400.3906
400.3906
429.6875
429.6875
375.9766
375.9766
332.0312
332.0312
307.6172
307.6172
312.5000
312.5000
322.2656
322.2656
336.9141
336.9141
371.0937
371.0937
395.5078
395.5078
410.1562
410.1562
434.5703
434.5703
444.3359
444.3359
473.6328
473.6328
498.0469
498.0469
488.2812
488.2812
454.1016
454.1016
327.1484
327.1484
146.4844
146.4844
0.0000
0.0000
0.0000
0.0000
0.0000
0.0000
0.0000
0.0000
0.0000
0.0000
0.0000
0.0000
0.0000
0.0000
0.0000
0.0000
0.0000
0.0000
0.0000
0.0000
0.0000
0.0000
0.0000
0.0000
0.0000
0.0000
0.0000
0.0000
92.7734
92.7734
292.9687
292.9687
415.0391
415.0391
507.8125
507.8125
498.0469
498.0469
449.2187
449.2187
424.8047
424.8047
410.1562
410.1562
400.3906
400.3906
390.6250
390.6250
405.2734
405.2734
449.2187
449.2187
483.3984
483.3984
512.6953
512.6953
512.6953
512.6953
507.8125
507.8125
527.3437
527.3437
498.0469
498.0469
439.4531
439.4531
346.6797
346.6797
122.0703
122.0703
0.0000
0.0000
0.0000
0.0000
0.0000
0.0000
0.0000
0.0000
0.0000
0.0000
0.0000
0.0000
0.0000
0.0000
0.0000
0.0000
0.0000
0.0000
0.0000
0.0000
0.0000
0.0000
0.0000
0.0000
146.4844
146.4844
371.0937
371.0937
541.9922
541.9922
683.5937
683.5937
703.1250
703.1250
644.5312
644.5312
590.8203
590.8203
517.5781
517.5781
493.1641
493.1641
483.3984
483.3984
507.8125
507.8125
537.1094
537.1094
532.2266
532.2266
556.6406
556.6406
576.1719
576.1719
590.8203
590.8203
595.7031
595.7031
600.5859
600.5859
620.1172
620.1172
600.5859
600.5859
512.6953
512.6953
380.8594
380.8594
151.3672
151.3672
0.0000
0.0000
0.0000
0.0000
0.0000
0.0000
0.0000
0.0000
0.0000
0.0000
0.0000
0.0000
0.0000
0.0000
0.0000
0.0000
0.0000
0.0000
0.0000
0.0000
0.0000
0.0000
0.0000
0.0000
43.9453
43.9453
273.4375
273.4375
454.1016
454.1016
566.4062
566.4062
625.0000
625.0000
600.5859
600.5859
537.1094
537.1094
488.2812
488.2812
458.9844
458.9844
468.7500
468.7500
473.6328
473.6328
483.3984
483.3984
498.0469
498.0469
493.1641
493.1641
527.3437
527.3437
551.7578
551.7578
566.4062
566.4062
561.5234
561.5234
517.5781
517.5781
458.9844
458.9844
346.6797
346.6797
146.4844
146.4844
0.0000
0.0000
0.0000
0.0000
0.0000
0.0000
0.0000
0.0000
0.0000
0.0000
0.0000
0.0000
0.0000
0.0000
0.0000
0.0000
0.0000
0.0000
0.0000
0.0000
0.0000
0.0000
0.0000
0.0000
180.6641
180.6641
410.1562
410.1562
581.0547
581.0547
673.8281
673.8281
664.0625
664.0625
610.3516
610.3516
551.7578
551.7578
483.3984
483.3984
434.5703
434.5703
415.0391
415.0391
444.3359
444.3359
483.3984
483.3984
498.0469
498.0469
522.4609
522.4609
527.3437
527.3437
537.1094
537.1094
551.7578
551.7578
566.4062
566.4062
585.9375
585.9375
527.3437
527.3437
400.3906
400.3906
244.1406
244.1406
0.0000
0.0000
0.0000
0.0000
0.0000
0.0000
0.0000
0.0000
0.0000
0.0000
0.0000
0.0000
0.0000
0.0000
0.0000
0.0000
0.0000
0.0000
0.0000
0.0000
0.0000
0.0000
0.0000
0.0000
0.0000
0.0000
0.0000
0.0000
39.0625
39.0625
244.1406
244.1406
385.7422
385.7422
454.1016
454.1016
444.3359
444.3359
415.0391
415.0391
375.9766
375.9766
351.5625
351.5625
341.7969
341.7969
336.9141
336.9141
366.2109
366.2109
380.8594
380.8594
390.6250
390.6250
410.1562
410.1562
439.4531
439.4531
478.5156
478.5156
483.3984
483.3984
458.9844
458.9844
405.2734
405.2734
297.8516
297.8516
102.5391
102.5391
0.0000
0.0000
0.0000
0.0000
0.0000
0.0000
0.0000
0.0000
0.0000
0.0000
0.0000
0.0000
0.0000
0.0000
0.0000
0.0000
0.0000
0.0000
0.0000
0.0000
0.0000
0.0000
0.0000
0.0000
9.7656
9.7656
200.1953
200.1953
371.0937
371.0937
463.8672
463.8672
473.6328
473.6328
463.8672
463.8672
429.6875
429.6875
395.5078
395.5078
375.9766
375.9766
361.3281
361.3281
375.9766
375.9766
380.8594
380.8594
415.0391
415.0391
449.2187
449.2187
468.7500
468.7500
488.2812
488.2812
493.1641
493.1641
532.2266
532.2266
556.6406
556.6406
551.7578
551.7578
522.4609
522.4609
444.3359
444.3359
297.8516
297.8516
14.6484
14.6484
0.0000
0.0000
0.0000
0.0000
0.0000
0.0000
0.0000
0.0000
0.0000
0.0000
0.0000
0.0000
0.0000
0.0000
0.0000
0.0000
0.0000
0.0000
0.0000
0.0000
0.0000
0.0000
0.0000
0.0000
0.0000
0.0000
205.0781
205.0781
395.5078
395.5078
493.1641
493.1641
517.5781
517.5781
493.1641
493.1641
444.3359
444.3359
419.9219
419.9219
395.5078
395.5078
390.6250
390.6250
405.2734
405.2734
410.1562
410.1562
449.2187
449.2187
458.9844
458.9844
483.3984
483.3984
502.9297
502.9297
517.5781
517.5781
527.3437
527.3437
493.1641
493.1641
405.2734
405.2734
258.7891
258.7891
0.0000
0.0000
0.0000
0.0000
0.0000
0.0000
0.0000
0.0000
0.0000
0.0000
0.0000
0.0000
0.0000
0.0000
0.0000
0.0000
0.0000
0.0000
0.0000
0.0000
0.0000
0.0000
0.0000
0.0000
0.0000
0.0000
9.7656
9.7656
209.9609
209.9609
366.2109
366.2109
473.6328
473.6328
502.9297
502.9297
468.7500
468.7500
424.8047
424.8047
385.7422
385.7422
385.7422
385.7422
380.8594
380.8594
390.6250
390.6250
424.8047
424.8047
439.4531
439.4531
473.6328
473.6328
493.1641
493.1641
512.6953
512.6953
546.8750
546.8750
561.5234
561.5234
561.5234
561.5234
522.4609
522.4609
429.6875
429.6875
312.5000
312.5000
78.1250
78.1250
0.0000
0.0000
0.0000
0.0000
0.0000
0.0000
0.0000
0.0000
0.0000
0.0000
0.0000
0.0000
0.0000
0.0000
0.0000
0.0000
0.0000
0.0000
0.0000
0.0000
0.0000
0.0000
0.0000
0.0000
0.0000
0.0000
43.9453
43.9453
224.6094
224.6094
346.6797
346.6797
429.6875
429.6875
434.5703
434.5703
410.1562
410.1562
380.8594
380.8594
371.0937
371.0937
380.8594
380.8594
375.9766
375.9766
395.5078
395.5078
429.6875
429.6875
468.7500
468.7500
483.3984
483.3984
488.2812
488.2812
502.9297
502.9297
537.1094
537.1094
541.9922
541.9922
522.4609
522.4609
439.4531
439.4531
312.5000
312.5000
0.0000
0.0000
0.0000
0.0000
0.0000
0.0000
0.0000
0.0000
0.0000
0.0000
0.0000
0.0000
0.0000
0.0000
0.0000
0.0000
0.0000
0.0000
0.0000
0.0000
0.0000
0.0000
0.0000
0.0000
0.0000
0.0000
170.8984
170.8984
356.4453
356.4453
502.9297
502.9297
571.2891
571.2891
581.0547
581.0547
532.2266
532.2266
483.3984
483.3984
483.3984
483.3984
463.8672
463.8672
473.6328
473.6328
478.5156
478.5156
478.5156
478.5156
502.9297
502.9297
522.4609
522.4609
566.4062
566.4062
581.0547
581.0547
581.0547
581.0547
605.4687
605.4687
610.3516
610.3516
581.0547
581.0547
488.2812
488.2812
356.4453
356.4453
117.1875
117.1875
0.0000
0.0000
0.0000
0.0000
0.0000
0.0000
0.0000
0.0000
0.0000
0.0000
0.0000
0.0000
0.0000
0.0000
0.0000
0.0000
0.0000
0.0000
0.0000
0.0000
0.0000
0.0000
0.0000
0.0000
63.4766
63.4766
263.6719
263.6719
424.8047
424.8047
556.6406
556.6406
615.2344
615.2344
595.7031
595.7031
532.2266
532.2266
493.1641
493.1641
473.6328
473.6328
473.6328
473.6328
483.3984
483.3984
493.1641
493.1641
507.8125
507.8125
527.3437
532.2266
532.2266
532.2266
566.4062
566.4062
576.1719
576.1719
561.5234
561.5234
527.3437
527.3437
449.2187
449.2187
336.9141
336.9141
53.7109
53.7109
0.0000
0.0000
0.0000
0.0000
0.0000
0.0000
0.0000
0.0000
0.0000
0.0000
0.0000
0.0000
0.0000
0.0000
0.0000
0.0000
0.0000
0.0000
0.0000
0.0000
0.0000
0.0000
0.0000
112.3047
112.3047
112.3047
341.7969
341.7969
498.0469
498.0469
581.0547
581.0547
634.7656
634.7656
610.3516
610.3516
561.5234
561.5234
493.1641
493.1641
444.3359
444.3359
444.3359
468.7500
468.7500
473.6328
473.6328
493.1641
493.1641
493.1641
502.9297
532.2266
532.2266
556.6406
556.6406
571.2891
571.2891
585.9375
585.9375
561.5234
561.5234
473.6328
473.6328
346.6797
346.6797
185.5469
185.5469
0.0000
0.0000
0.0000
0.0000
0.0000
0.0000
0.0000
0.0000
0.0000
0.0000
0.0000
0.0000
0.0000
0.0000
0.0000
0.0000
0.0000
0.0000
0.0000
0.0000
0.0000
0.0000
0.0000
0.0000
0.0000
0.0000
78.1250
78.1250
273.4375
273.4375
410.1562
410.1562
502.9297
502.9297
517.5781
517.5781
498.0469
498.0469
458.9844
458.9844
424.8047
424.8047
395.5078
395.5078
371.0937
371.0937
405.2734
405.2734
424.8047
424.8047
449.2187
449.2187
473.6328
473.6328
493.1641
493.1641
527.3437
527.3437
512.6953
512.6953
468.7500
468.7500
366.2109
366.2109
268.5547
268.5547
48.8281
48.8281
0.0000
0.0000
0.0000
0.0000
0.0000
0.0000
0.0000
0.0000
0.0000
0.0000
0.0000
0.0000
0.0000
0.0000
0.0000
0.0000
0.0000
0.0000
0.0000
0.0000
0.0000
0.0000
0.0000
0.0000
0.0000
0.0000
200.1953
200.1953
380.8594
380.8594
488.2812
488.2812
532.2266
532.2266
502.9297
502.9297
458.9844
458.9844
419.9219
419.9219
390.6250
390.6250
375.9766
375.9766
390.6250
390.6250
400.3906
400.3906
439.4531
439.4531
468.7500
468.7500
473.6328
473.6328
473.6328
473.6328
488.2812
488.2812
532.2266
532.2266
532.2266
532.2266
458.9844
458.9844
366.2109
366.2109
244.1406
244.1406
0.0000
0.0000
0.0000
0.0000
0.0000
0.0000
0.0000
0.0000
0.0000
0.0000
0.0000
0.0000
0.0000
0.0000
0.0000
0.0000
0.0000
0.0000
0.0000
0.0000
0.0000
0.0000
0.0000
0.0000
0.0000
0.0000
63.4766
63.4766
244.1406
244.1406
390.6250
390.6250
488.2812
488.2812
502.9297
502.9297
488.2812
488.2812
458.9844
458.9844
419.9219
419.9219
405.2734
405.2734
400.3906
400.3906
415.0391
415.0391
424.8047
424.8047
439.4531
439.4531
463.8672
463.8672
493.1641
493.1641
512.6953
512.6953
522.4609
522.4609
493.1641
493.1641
444.3359
444.3359
361.3281
361.3281
180.6641
180.6641
0.0000
0.0000
0.0000
0.0000
0.0000
0.0000
0.0000
0.0000
0.0000
0.0000
0.0000
0.0000
0.0000
0.0000
0.0000
0.0000
0.0000
0.0000
0.0000
0.0000
0.0000
0.0000
0.0000
0.0000
68.3594
68.3594
283.2031
283.2031
444.3359
444.3359
532.2266
532.2266
576.1719
576.1719
561.5234
561.5234
522.4609
522.4609
449.2187
449.2187
410.1562
410.1562
395.5078
395.5078
419.9219
419.9219
439.4531
439.4531
454.1016
454.1016
488.2812
488.2812
507.8125
507.8125
522.4609
522.4609
532.2266
532.2266
532.2266
532.2266
551.7578
551.7578
527.3437
527.3437
454.1016
454.1016
346.6797
346.6797
141.6016
141.6016
0.0000
0.0000
0.0000
0.0000
0.0000
0.0000
0.0000
0.0000
0.0000
0.0000
0.0000
0.0000
0.0000
0.0000
0.0000
0.0000
0.0000
0.0000
0.0000
0.0000
0.0000
0.0000
0.0000
0.0000
0.0000
0.0000
34.1797
34.1797
195.3125
195.3125
312.5000
312.5000
385.7422
385.7422
371.0937
371.0937
351.5625
351.5625
322.2656
322.2656
317.3828
317.3828
322.2656
322.2656
346.6797
346.6797
380.8594
380.8594
371.0937
371.0937
380.8594
380.8594
415.0391
415.0391
444.3359
444.3359
483.3984
483.3984
473.6328
473.6328
458.9844
458.9844
419.9219
419.9219
336.9141
336.9141
190.4297
190.4297
0.0000
0.0000
0.0000
0.0000
0.0000
0.0000
0.0000
0.0000
0.0000
0.0000
0.0000
0.0000
0.0000
0.0000
0.0000
0.0000
0.0000
0.0000
0.0000
0.0000
0.0000
0.0000
0.0000
0.0000
43.9453
43.9453
263.6719
263.6719
429.6875
429.6875
546.8750
546.8750
571.2891
571.2891
571.2891
571.2891
522.4609
522.4609
468.7500
468.7500
444.3359
444.3359
415.0391
415.0391
429.6875
429.6875
429.6875
429.6875
463.8672
463.8672
488.2812
488.2812
498.0469
498.0469
522.4609
522.4609
541.9922
541.9922
556.6406
556.6406
546.8750
546.8750
488.2812
488.2812
395.5078
395.5078
278.3203
278.3203
0.0000
0.0000
0.0000
0.0000
0.0000
0.0000
0.0000
0.0000
0.0000
0.0000
0.0000
0.0000
0.0000
0.0000
0.0000
0.0000
0.0000
0.0000
0.0000
0.0000
0.0000
0.0000
0.0000
0.0000
0.0000
0.0000
0.0000
0.0000
185.5469
185.5469
327.1484
327.1484
415.0391
415.0391
434.5703
434.5703
434.5703
434.5703
410.1562
410.1562
380.8594
380.8594
366.2109
366.2109
356.4453
356.4453
380.8594
380.8594
400.3906
400.3906
424.8047
424.8047
454.1016
454.1016
463.8672
463.8672
488.2812
488.2812
493.1641
493.1641
473.6328
473.6328
429.6875
429.6875
336.9141
336.9141
156.2500
156.2500
0.0000
0.0000
0.0000
0.0000
0.0000
0.0000
0.0000
0.0000
0.0000
0.0000
0.0000
0.0000
0.0000
0.0000
0.0000
0.0000
0.0000
0.0000
0.0000
0.0000
0.0000
0.0000
0.0000
0.0000
0.0000
0.0000
161.1328
161.1328
317.3828
317.3828
429.6875
429.6875
498.0469
498.0469
507.8125
507.8125
458.9844
458.9844
405.2734
405.2734
400.3906
400.3906
395.5078
395.5078
400.3906
400.3906
405.2734
405.2734
419.9219
419.9219
458.9844
458.9844
473.6328
473.6328
488.2812
488.2812
502.9297
502.9297
532.2266
532.2266
537.1094
537.1094
473.6328
473.6328
351.5625
351.5625
205.0781
205.0781
0.0000
0.0000
0.0000
0.0000
0.0000
0.0000
0.0000
0.0000
0.0000
0.0000
0.0000
0.0000
0.0000
0.0000
0.0000
0.0000
0.0000
0.0000
0.0000
0.0000
0.0000
0.0000
0.0000
0.0000
0.0000
0.0000
0.0000
0.0000
151.3672
151.3672
297.8516
297.8516
419.9219
419.9219
478.5156
478.5156
468.7500
468.7500
439.4531
439.4531
410.1562
410.1562
400.3906
400.3906
385.7422
385.7422
400.3906
400.3906
419.9219
419.9219
424.8047
424.8047
454.1016
454.1016
488.2812
488.2812
507.8125
507.8125
522.4609
522.4609
522.4609
522.4609
493.1641
493.1641
449.2187
449.2187
336.9141
336.9141
83.0078
83.0078
0.0000
0.0000
0.0000
0.0000
0.0000
0.0000
0.0000
0.0000
0.0000
0.0000
0.0000
0.0000
0.0000
0.0000
0.0000
0.0000
0.0000
0.0000
0.0000
0.0000
0.0000
0.0000
0.0000
0.0000
0.0000
0.0000
180.6641
180.6641
346.6797
346.6797
454.1016
454.1016
498.0469
498.0469
507.8125
507.8125
458.9844
458.9844
419.9219
