859.3750
1010.7422
1010.7422
1132.8125
1132.8125
1181.6406
1181.6406
1206.0547
1206.0547
1235.3516
1235.3516
1259.7656
1259.7656
1298.8281
1298.8281
1303.7109
1303.7109
1333.0078
1333.0078
1313.4766
1313.4766
1254.8828
1254.8828
1152.3437
1152.3437
986.3281
986.3281
834.9609
834.9609
732.4219
732.4219
834.9609
834.9609
820.3125
820.3125
600.5859
600.5859
166.0156
166.0156
0.0000
0.0000
0.0000
0.0000
0.0000
0.0000
0.0000
0.0000
0.0000
0.0000
0.0000
0.0000
0.0000
0.0000
0.0000
0.0000
0.0000
0.0000
0.0000
0.0000
0.0000
0.0000
0.0000
0.0000
0.0000
0.0000
0.0000
0.0000
0.0000
0.0000
0.0000
0.0000
0.0000
0.0000
0.0000
0.0000
273.4375
273.4375
439.4531
439.4531
625.0000
625.0000
712.8906
712.8906
834.9609
834.9609
947.2656
947.2656
1020.5078
1020.5078
1157.2266
1157.2266
1201.1719
1201.1719
1254.8828
1254.8828
1240.2344
1240.2344
1215.8203
1215.8203
1181.6406
1181.6406
1093.7500
1093.7500
1010.7422
1010.7422
922.8516
922.8516
947.2656
947.2656
986.3281
986.3281
766.6016
766.6016
268.5547
268.5547
0.0000
0.0000
0.0000
0.0000
0.0000
0.0000
0.0000
0.0000
0.0000
0.0000
0.0000
0.0000
0.0000
0.0000
0.0000
0.0000
0.0000
0.0000
0.0000
0.0000
0.0000
0.0000
0.0000
0.0000
0.0000
0.0000
0.0000
0.0000
0.0000
0.0000
0.0000
0.0000
0.0000
0.0000
0.0000
0.0000
0.0000
0.0000
219.7266
219.7266
463.8672
463.8672
717.7734
717.7734
883.7891
883.7891
1069.3359
1069.3359
1186.5234
1186.5234
1289.0625
1289.0625
1347.6562
1347.6562
1367.1875
1367.1875
1381.8359
1381.8359
1367.1875
1367.1875
1401.3672
1401.3672
1391.6016
1391.6016
1416.0156
1416.0156
1337.8906
1337.8906
1254.8828
1254.8828
1176.7578
1176.7578
1137.6953
1137.6953
1054.6875
1054.6875
698.2422
698.2422
209.9609
209.9609
0.0000
0.0000
0.0000
0.0000
0.0000
0.0000
0.0000
0.0000
0.0000
0.0000
0.0000
0.0000
0.0000
0.0000
0.0000
0.0000
0.0000
0.0000
0.0000
0.0000
0.0000
0.0000
0.0000
0.0000
0.0000
0.0000
0.0000
0.0000
0.0000
0.0000
0.0000
0.0000
0.0000
0.0000
0.0000
0.0000
0.0000
0.0000
185.5469
185.5469
483.3984
483.3984
766.6016
766.6016
927.7344
927.7344
1049.8047
1049.8047
1118.1641
1118.1641
1166.9922
1166.9922
1235.3516
1235.3516
1308.5937
1308.5937
1386.7187
1386.7187
1435.5469
1435.5469
1474.6094
1474.6094
1425.7812
1425.7812
1308.5937
1308.5937
1157.2266
1157.2266
991.2109
991.2109
1035.1562
1035.1562
1079.1016
1079.1016
981.4453
981.4453
532.2266
532.2266
0.0000
0.0000
0.0000
0.0000
0.0000
0.0000
0.0000
0.0000
0.0000
0.0000
0.0000
0.0000
0.0000
0.0000
0.0000
0.0000
0.0000
0.0000
0.0000
0.0000
0.0000
0.0000
0.0000
0.0000
0.0000
0.0000
0.0000
0.0000
0.0000
0.0000
0.0000
0.0000
0.0000
0.0000
0.0000
0.0000
161.1328
161.1328
400.3906
400.3906
668.9453
805.6641
805.6641
805.6641
981.4453
981.4453
1093.7500
1093.7500
1186.5234
1186.5234
1303.7109
1303.7109
1367.1875
1367.1875
1464.8437
1464.8437
1494.1406
1494.1406
1523.4375
1450.1953
1450.1953
1386.7187
1386.7187
1289.0625
1289.0625
1137.6953
1137.6953
1059.5703
1059.5703
1010.7422
1010.7422
1113.2812
1113.2812
1152.3437
1152.3437
1035.1562
1035.1562
639.6484
639.6484
112.3047
112.3047
0.0000
0.0000
0.0000
0.0000
0.0000
0.0000
0.0000
0.0000
0.0000
0.0000
0.0000
0.0000
0.0000
0.0000
0.0000
0.0000
0.0000
0.0000
0.0000
0.0000
0.0000
0.0000
0.0000
0.0000
0.0000
0.0000
0.0000
0.0000
0.0000
0.0000
0.0000
0.0000
0.0000
0.0000
224.6094
224.6094
405.2734
405.2734
639.6484
639.6484
810.5469
810.5469
996.0937
996.0937
1157.2266
1157.2266
1293.9453
1293.9453
1362.3047
1362.3047
1381.8359
1381.8359
1323.2422
1323.2422
1206.0547
1206.0547
1054.6875
1054.6875
991.2109
991.2109
1000.9766
1000.9766
908.2031
908.2031
488.2812
488.2812
0.0000
0.0000
0.0000
0.0000
0.0000
0.0000
0.0000
0.0000
0.0000
0.0000
0.0000
0.0000
0.0000
0.0000
0.0000
0.0000
0.0000
0.0000
0.0000
0.0000
0.0000
0.0000
0.0000
0.0000
0.0000
0.0000
0.0000
0.0000
0.0000
0.0000
0.0000
0.0000
0.0000
0.0000
0.0000
0.0000
0.0000
0.0000
107.4219
107.4219
249.0234
249.0234
332.0312
332.0312
454.1016
454.1016
571.2891
571.2891
722.6562
722.6562
878.9062
878.9062
981.4453
981.4453
1103.5156
1103.5156
1152.3437
1152.3437
1269.5312
1269.5312
1372.0703
1372.0703
1499.0234
1499.0234
1640.6250
1640.6250
1772.4609
1772.4609
1904.2969
1904.2969
2031.2500
2031.2500
2016.6016
2016.6016
1616.2109
1616.2109
737.3047
737.3047
0.0000
0.0000
0.0000
0.0000
0.0000
0.0000
0.0000
0.0000
0.0000
0.0000
0.0000
0.0000
0.0000
0.0000
0.0000
0.0000
0.0000
0.0000
0.0000
0.0000
0.0000
0.0000
0.0000
0.0000
0.0000
0.0000
0.0000
0.0000
0.0000
0.0000
0.0000
0.0000
0.0000
0.0000
0.0000
0.0000
48.8281
48.8281
200.1953
200.1953
288.0859
288.0859
444.3359
444.3359
581.0547
581.0547
698.2422
698.2422
830.0781
830.0781
869.1406
869.1406
903.3203
903.3203
888.6719
888.6719
869.1406
869.1406
854.4922
854.4922
883.7891
883.7891
971.6797
971.6797
1054.6875
1054.6875
1215.8203
1215.8203
1303.7109
1303.7109
1411.1328
1411.1328
1494.1406
1494.1406
1577.1484
1577.1484
1669.9219
1669.9219
1762.6953
1762.6953
1914.0625
1914.0625
2099.6094
2099.6094
2299.8047
2299.8047
2387.6953
2387.6953
2324.2187
2324.2187
2094.7266
2094.7266
1625.9766
1625.9766
1025.3906
1025.3906
439.4531
439.4531
0.0000
0.0000
0.0000
0.0000
0.0000
0.0000
0.0000
0.0000
0.0000
0.0000
0.0000
0.0000
0.0000
0.0000
0.0000
0.0000
0.0000
0.0000
0.0000
0.0000
0.0000
0.0000
0.0000
0.0000
0.0000
0.0000
0.0000
0.0000
0.0000
0.0000
0.0000
0.0000
0.0000
0.0000
0.0000
0.0000
0.0000
0.0000
0.0000
0.0000
146.4844
146.4844
449.2187
449.2187
678.7109
678.7109
805.6641
805.6641
976.5625
976.5625
1035.1562
1035.1562
1137.6953
1137.6953
1215.8203
1215.8203
1269.5312
1269.5312
1333.0078
1333.0078
1347.6562
1347.6562
1367.1875
1367.1875
1328.1250
1328.1250
1289.0625
1289.0625
1254.8828
1254.8828
1210.9375
1210.9375
1230.4687
1230.4687
1225.5859
1225.5859
1240.2344
1240.2344
1171.8750
1171.8750
1049.8047
1049.8047
952.1484
952.1484
766.6016
766.6016
371.0937
371.0937
0.0000
0.0000
0.0000
0.0000
0.0000
0.0000
0.0000
0.0000
0.0000
0.0000
0.0000
0.0000
0.0000
0.0000
0.0000
0.0000
0.0000
0.0000
0.0000
0.0000
0.0000
0.0000
0.0000
0.0000
0.0000
0.0000
0.0000
0.0000
0.0000
0.0000
0.0000
0.0000
0.0000
0.0000
0.0000
0.0000
92.7734
92.7734
380.8594
380.8594
639.6484
639.6484
898.4375
898.4375
1025.3906
1025.3906
1147.4609
1147.4609
1186.5234
1186.5234
1220.7031
1220.7031
1210.9375
1210.9375
1220.7031
1220.7031
1240.2344
1240.2344
1240.2344
1240.2344
1264.6484
1264.6484
1235.3516
1235.3516
1245.1172
1245.1172
1206.0547
1206.0547
1132.8125
1132.8125
1035.1562
1035.1562
1005.8594
1005.8594
1079.1016
1079.1016
1054.6875
1054.6875
859.3750
859.3750
444.3359
444.3359
0.0000
0.0000
0.0000
0.0000
0.0000
0.0000
0.0000
0.0000
0.0000
0.0000
0.0000
0.0000
0.0000
0.0000
0.0000
0.0000
0.0000
0.0000
0.0000
0.0000
0.0000
0.0000
0.0000
0.0000
0.0000
0.0000
0.0000
0.0000
0.0000
0.0000
43.9453
43.9453
341.7969
341.7969
668.9453
668.9453
927.7344
927.7344
1118.1641
1118.1641
1225.5859
1225.5859
1269.5312
1269.5312
1279.2969
1279.2969
1279.2969
1279.2969
1293.9453
1293.9453
1328.1250
1328.1250
1342.7734
1342.7734
1372.0703
1372.0703
1357.4219
1357.4219
1318.3594
1318.3594
1254.8828
1254.8828
1181.6406
1181.6406
1127.9297
1127.9297
1074.2187
1074.2187
1064.4531
1064.4531
991.2109
991.2109
1010.7422
1010.7422
1030.2734
1030.2734
917.9687
917.9687
449.2187
449.2187
0.0000
0.0000
0.0000
0.0000
0.0000
0.0000
0.0000
0.0000
0.0000
0.0000
0.0000
0.0000
0.0000
0.0000
0.0000
0.0000
0.0000
0.0000
0.0000
0.0000
0.0000
0.0000
0.0000
0.0000
0.0000
0.0000
0.0000
0.0000
0.0000
0.0000
0.0000
0.0000
0.0000
0.0000
0.0000
0.0000
14.6484
14.6484
288.0859
288.0859
556.6406
556.6406
795.8984
795.8984
947.2656
947.2656
1088.8672
1088.8672
1152.3437
1152.3437
1191.4062
1191.4062
1191.4062
1191.4062
1152.3437
1152.3437
1113.2812
1113.2812
1064.4531
1064.4531
1088.8672
1088.8672
1108.3984
1108.3984
1152.3437
1152.3437
1181.6406
1181.6406
1147.4609
1147.4609
1157.2266
1157.2266
1171.8750
1171.8750
1142.5781
1142.5781
830.0781
830.0781
219.7266
219.7266
0.0000
0.0000
0.0000
0.0000
0.0000
0.0000
0.0000
0.0000
0.0000
0.0000
0.0000
0.0000
0.0000
0.0000
0.0000
0.0000
0.0000
0.0000
0.0000
0.0000
0.0000
0.0000
0.0000
0.0000
0.0000
0.0000
0.0000
0.0000
0.0000
0.0000
0.0000
0.0000
0.0000
0.0000
0.0000
0.0000
58.5937
58.5937
439.4531
439.4531
688.4766
688.4766
937.5000
937.5000
1083.9844
1083.9844
1171.8750
1171.8750
1245.1172
1245.1172
1250.0000
1250.0000
1342.7734
1342.7734
1357.4219
1357.4219
1430.6641
1430.6641
1445.3125
1445.3125
1450.1953
1450.1953
1406.2500
1406.2500
1284.1797
1284.1797
1157.2266
1157.2266
1093.7500
1093.7500
1225.5859
1225.5859
1259.7656
1259.7656
1088.8672
1088.8672
600.5859
600.5859
43.9453
43.9453
0.0000
0.0000
0.0000
0.0000
0.0000
0.0000
0.0000
0.0000
0.0000
0.0000
0.0000
0.0000
0.0000
0.0000
0.0000
0.0000
0.0000
0.0000
0.0000
0.0000
0.0000
0.0000
0.0000
0.0000
0.0000
0.0000
0.0000
0.0000
0.0000
0.0000
43.9453
43.9453
327.1484
327.1484
615.2344
615.2344
791.0156
791.0156
952.1484
952.1484
1035.1562
1035.1562
1118.1641
1118.1641
1181.6406
1181.6406
1259.7656
1259.7656
1357.4219
1357.4219
1416.0156
1416.0156
1435.5469
1435.5469
1430.6641
1430.6641
1381.8359
1381.8359
1298.8281
1298.8281
1201.1719
1201.1719
1123.0469
1123.0469
1035.1562
1035.1562
1059.5703
1059.5703
1123.0469
1123.0469
1083.9844
1083.9844
727.5391
727.5391
146.4844
146.4844
0.0000
0.0000
0.0000
0.0000
0.0000
0.0000
0.0000
0.0000
0.0000
0.0000
0.0000
0.0000
0.0000
0.0000
0.0000
0.0000
0.0000
0.0000
0.0000
0.0000
0.0000
0.0000
0.0000
0.0000
0.0000
0.0000
0.0000
0.0000
0.0000
0.0000
0.0000
0.0000
0.0000
0.0000
0.0000
0.0000
14.6484
14.6484
292.9687
292.9687
522.4609
522.4609
766.6016
766.6016
991.2109
991.2109
1132.8125
1132.8125
1254.8828
1254.8828
1298.8281
1298.8281
1357.4219
1357.4219
1347.6562
1347.6562
1357.4219
1357.4219
1352.5391
1352.5391
1323.2422
1323.2422
1347.6562
1347.6562
1303.7109
1303.7109
1274.4141
1274.4141
1240.2344
1240.2344
1333.0078
1333.0078
1381.8359
1381.8359
1264.6484
1264.6484
834.9609
834.9609
263.6719
263.6719
0.0000
0.0000
0.0000
0.0000
0.0000
0.0000
0.0000
0.0000
0.0000
0.0000
0.0000
0.0000
0.0000
0.0000
0.0000
0.0000
0.0000
0.0000
0.0000
0.0000
0.0000
0.0000
0.0000
0.0000
0.0000
0.0000
0.0000
0.0000
0.0000
0.0000
0.0000
0.0000
97.6562
97.6562
390.6250
390.6250
615.2344
615.2344
849.6094
849.6094
1030.2734
1030.2734
1186.5234
1186.5234
1264.6484
1264.6484
1289.0625
1289.0625
1289.0625
1289.0625
1259.7656
1259.7656
1274.4141
1274.4141
1284.1797
1284.1797
1289.0625
1289.0625
1323.2422
1323.2422
1264.6484
1264.6484
1186.5234
1186.5234
1054.6875
1054.6875
961.9141
961.9141
961.9141
1005.8594
1005.8594
1005.8594
932.6172
932.6172
576.1719
576.1719
156.2500
156.2500
0.0000
0.0000
0.0000
0.0000
0.0000
0.0000
0.0000
0.0000
0.0000
0.0000
0.0000
0.0000
0.0000
0.0000
0.0000
0.0000
0.0000
0.0000
0.0000
0.0000
0.0000
0.0000
0.0000
0.0000
0.0000
0.0000
0.0000
0.0000
0.0000
0.0000
0.0000
126.9531
126.9531
126.9531
434.5703
434.5703
698.2422
698.2422
878.9062
878.9062
1000.9766
1000.9766
1103.5156
1103.5156
1113.2812
1113.2812
1181.6406
1181.6406
1201.1719
1254.8828
1254.8828
1308.5937
1308.5937
1328.1250
1328.1250
1342.7734
1342.7734
1289.0625
1289.0625
1210.9375
1210.9375
1059.5703
1059.5703
913.0859
913.0859
795.8984
795.8984
810.5469
810.5469
942.3828
942.3828
874.0234
874.0234
473.6328
473.6328
0.0000
0.0000
0.0000
0.0000
0.0000
0.0000
0.0000
0.0000
0.0000
0.0000
0.0000
0.0000
0.0000
0.0000
0.0000
0.0000
0.0000
0.0000
0.0000
0.0000
0.0000
0.0000
0.0000
0.0000
0.0000
0.0000
0.0000
0.0000
0.0000
0.0000
0.0000
0.0000
0.0000
0.0000
0.0000
0.0000
63.4766
63.4766
332.0312
332.0312
512.6953
512.6953
712.8906
712.8906
844.7266
844.7266
961.9141
961.9141
1108.3984
1108.3984
1176.7578
1176.7578
1293.9453
1293.9453
1308.5937
1308.5937
1303.7109
1303.7109
1245.1172
1245.1172
1186.5234
1186.5234
1137.6953
1137.6953
1083.9844
1083.9844
1123.0469
1123.0469
1201.1719
1201.1719
1357.4219
1357.4219
1303.7109
1303.7109
971.6797
971.6797
332.0312
332.0312
0.0000
0.0000
0.0000
0.0000
0.0000
0.0000
0.0000
0.0000
0.0000
0.0000
0.0000
0.0000
0.0000
0.0000
0.0000
0.0000
0.0000
0.0000
0.0000
0.0000
0.0000
0.0000
0.0000
0.0000
0.0000
0.0000
0.0000
0.0000
0.0000
0.0000
0.0000
0.0000
224.6094
224.6094
419.9219
419.9219
659.1797
659.1797
815.4297
815.4297
1015.6250
1015.6250
1142.5781
1142.5781
1259.7656
1259.7656
1337.8906
1337.8906
1396.4844
1396.4844
1420.8984
1420.8984
1391.6016
1391.6016
1357.4219
1357.4219
1284.1797
1284.1797
1245.1172
1245.1172
1176.7578
1176.7578
1103.5156
1103.5156
1005.8594
1005.8594
917.9687
917.9687
986.3281
986.3281
1035.1562
1035.1562
908.2031
908.2031
537.1094
537.1094
4.8828
4.8828
0.0000
0.0000
0.0000
0.0000
0.0000
0.0000
0.0000
0.0000
0.0000
0.0000
0.0000
0.0000
0.0000
0.0000
0.0000
0.0000
0.0000
0.0000
0.0000
0.0000
0.0000
0.0000
0.0000
0.0000
0.0000
0.0000
0.0000
0.0000
0.0000
0.0000
0.0000
0.0000
185.5469
185.5469
439.4531
439.4531
634.7656
634.7656
820.3125
820.3125
957.0312
957.0312
1064.4531
1064.4531
1147.4609
1147.4609
1162.1094
1162.1094
1210.9375
1210.9375
1176.7578
1176.7578
1191.4062
1191.4062
1186.5234
1186.5234
1196.2891
1196.2891
1225.5859
1225.5859
1191.4062
1191.4062
1157.2266
1157.2266
1010.7422
1010.7422
981.4453
981.4453
937.5000
937.5000
854.4922
854.4922
502.9297
502.9297
0.0000
0.0000
0.0000
0.0000
0.0000
0.0000
0.0000
0.0000
0.0000
0.0000
0.0000
0.0000
0.0000
0.0000
0.0000
0.0000
0.0000
0.0000
0.0000
0.0000
0.0000
0.0000
0.0000
0.0000
0.0000
0.0000
0.0000
0.0000
0.0000
0.0000
0.0000
0.0000
0.0000
0.0000
0.0000
0.0000
0.0000
0.0000
263.6719
263.6719
556.6406
556.6406
776.3672
776.3672
917.9687
917.9687
1030.2734
1030.2734
1083.9844
1083.9844
1157.2266
1157.2266
1235.3516
1235.3516
1269.5312
1269.5312
1342.7734
1342.7734
1342.7734
1342.7734
1352.5391
1352.5391
1293.9453
1293.9453
1279.2969
1279.2969
1201.1719
1201.1719
1103.5156
1103.5156
1064.4531
1064.4531
1030.2734
1030.2734
1176.7578
1176.7578
1162.1094
1162.1094
864.2578
864.2578
258.7891
258.7891
0.0000
0.0000
0.0000
0.0000
0.0000
0.0000
0.0000
0.0000
0.0000
0.0000
0.0000
0.0000
0.0000
0.0000
0.0000
0.0000
0.0000
0.0000
0.0000
0.0000
0.0000
0.0000
0.0000
0.0000
0.0000
0.0000
0.0000
0.0000
0.0000
0.0000
0.0000
0.0000
0.0000
0.0000
0.0000
0.0000
185.5469
185.5469
395.5078
395.5078
629.8828
629.8828
791.0156
791.0156
961.9141
961.9141
1074.2187
1074.2187
1196.2891
1196.2891
1298.8281
1298.8281
1333.0078
1333.0078
1372.0703
1372.0703
1323.2422
1323.2422
1293.9453
1293.9453
1235.3516
1235.3516
1196.2891
1196.2891
1206.0547
1206.0547
1206.0547
1206.0547
1225.5859
1225.5859
1235.3516
1235.3516
1333.0078
1333.0078
1362.3047
1362.3047
1162.1094
1162.1094
673.8281
673.8281
73.2422
73.2422
0.0000
0.0000
0.0000
0.0000
0.0000
0.0000
0.0000
0.0000
0.0000
0.0000
0.0000
0.0000
0.0000
0.0000
0.0000
0.0000
0.0000
0.0000
0.0000
0.0000
0.0000
0.0000
0.0000
0.0000
0.0000
0.0000
0.0000
0.0000
0.0000
0.0000
0.0000
0.0000
180.6641
180.6641
478.5156
478.5156
727.5391
727.5391
952.1484
952.1484
1127.9297
1127.9297
1230.4687
1230.4687
1279.2969
1279.2969
1274.4141
1274.4141
1264.6484
1264.6484
1240.2344
1240.2344
1245.1172
1245.1172
1269.5312
1269.5312
1289.0625
1289.0625
1323.2422
1323.2422
1259.7656
1259.7656
1186.5234
1186.5234
1015.6250
1015.6250
991.2109
991.2109
1044.9219
1044.9219
1074.2187
1074.2187
888.6719
888.6719
493.1641
493.1641
43.9453
43.9453
0.0000
0.0000
0.0000
0.0000
0.0000
0.0000
0.0000
0.0000
0.0000
0.0000
0.0000
0.0000
0.0000
0.0000
0.0000
0.0000
0.0000
0.0000
0.0000
0.0000
0.0000
0.0000
0.0000
0.0000
0.0000
0.0000
0.0000
0.0000
0.0000
0.0000
0.0000
0.0000
297.8516
297.8516
541.9922
541.9922
771.4844
771.4844
913.0859
913.0859
1000.9766
1000.9766
1054.6875
1054.6875
1069.3359
1069.3359
1137.6953
1137.6953
1142.5781
1142.5781
1196.2891
1196.2891
1196.2891
1196.2891
1201.1719
1201.1719
1186.5234
1186.5234
1113.2812
1113.2812
1083.9844
1083.9844
1035.1562
1035.1562
991.2109
991.2109
957.0312
957.0312
1040.0391
1040.0391
1147.4609
1147.4609
1083.9844
1083.9844
659.1797
659.1797
14.6484
14.6484
0.0000
0.0000
0.0000
0.0000
0.0000
0.0000
0.0000
0.0000
0.0000
0.0000
0.0000
0.0000
0.0000
0.0000
0.0000
0.0000
0.0000
0.0000
0.0000
0.0000
0.0000
0.0000
0.0000
0.0000
0.0000
0.0000
0.0000
0.0000
0.0000
0.0000
0.0000
0.0000
219.7266
219.7266
449.2187
449.2187
634.7656
634.7656
742.1875
742.1875
854.4922
854.4922
893.5547
893.5547
1005.8594
1005.8594
1113.2812
1113.2812
1206.0547
1206.0547
1293.9453
1293.9453
1298.8281
1298.8281
1303.7109
1303.7109
1225.5859
1225.5859
1166.9922
1166.9922
1098.6328
1098.6328
1020.5078
1020.5078
991.2109
991.2109
1020.5078
1020.5078
1176.7578
1176.7578
1269.5312
1269.5312
1210.9375
1210.9375
908.2031
908.2031
380.8594
380.8594
0.0000
0.0000
0.0000
0.0000
0.0000
0.0000
0.0000
0.0000
0.0000
0.0000
0.0000
0.0000
0.0000
0.0000
0.0000
0.0000
0.0000
0.0000
0.0000
0.0000
0.0000
0.0000
0.0000
0.0000
0.0000
0.0000
0.0000
0.0000
0.0000
0.0000
97.6562
97.6562
351.5625
351.5625
600.5859
600.5859
800.7812
800.7812
991.2109
991.2109
1162.1094
1162.1094
1279.2969
1279.2969
1357.4219
1357.4219
1376.9531
1376.9531
1357.4219
1357.4219
1298.8281
1298.8281
1215.8203
1215.8203
1157.2266
1157.2266
1103.5156
1103.5156
1083.9844
1083.9844
1059.5703
1059.5703
1025.3906
1025.3906
922.8516
922.8516
839.8437
839.8437
786.1328
786.1328
649.4141
649.4141
239.2578
239.2578
0.0000
0.0000
0.0000
0.0000
0.0000
0.0000
0.0000
0.0000
0.0000
0.0000
0.0000
0.0000
0.0000
0.0000
0.0000
0.0000
0.0000
0.0000
0.0000
0.0000
0.0000
0.0000
0.0000
0.0000
0.0000
0.0000
0.0000
0.0000
0.0000
0.0000
0.0000
0.0000
0.0000
0.0000
0.0000
0.0000
0.0000
0.0000
29.2969
29.2969
346.6797
346.6797
644.5312
644.5312
830.0781
830.0781
981.4453
981.4453
1049.8047
1049.8047
1113.2812
1113.2812
1142.5781
1142.5781
1152.3437
1152.3437
1206.0547
1206.0547
1215.8203
1215.8203
1235.3516
1235.3516
1230.4687
1230.4687
1201.1719
1201.1719
1152.3437
1152.3437
1035.1562
1035.1562
903.3203
903.3203
791.0156
791.0156
849.6094
849.6094
791.0156
791.0156
458.9844
458.9844
0.0000
0.0000
0.0000
0.0000
0.0000
0.0000
0.0000
0.0000
0.0000
0.0000
0.0000
0.0000
0.0000
0.0000
0.0000
0.0000
0.0000
0.0000
0.0000
0.0000
0.0000
0.0000
0.0000
0.0000
0.0000
0.0000
0.0000
0.0000
0.0000
0.0000
0.0000
0.0000
0.0000
0.0000
9.7656
9.7656
297.8516
297.8516
605.4687
605.4687
766.6016
766.6016
927.7344
927.7344
1000.9766
1000.9766
1054.6875
1054.6875
1142.5781
1142.5781
1181.6406
1181.6406
1284.1797
1284.1797
1298.8281
1298.8281
1357.4219
1357.4219
1289.0625
1289.0625
1240.2344
1240.2344
1181.6406
1181.6406
1113.2812
1113.2812
1127.9297
1127.9297
1083.9844
1083.9844
1098.6328
1098.6328
1093.7500
1093.7500
1127.9297
1127.9297
888.6719
888.6719
395.5078
395.5078
0.0000
0.0000
0.0000
0.0000
0.0000
0.0000
0.0000
0.0000
0.0000
0.0000
0.0000
0.0000
0.0000
0.0000
0.0000
0.0000
0.0000
0.0000
0.0000
0.0000
0.0000
0.0000
0.0000
0.0000
0.0000
0.0000
0.0000
0.0000
0.0000
0.0000
0.0000
0.0000
0.0000
0.0000
0.0000
0.0000
219.7266
219.7266
537.1094
537.1094
751.9531
751.9531
942.3828
942.3828
1093.7500
1093.7500
1196.2891
1196.2891
1298.8281
1337.8906
1337.8906
1337.8906
1357.4219
1357.4219
1347.6562
1347.6562
1342.7734
1342.7734
1362.3047
1362.3047
1367.1875
1367.1875
1411.1328
1411.1328
1411.1328
1411.1328
1411.1328
1411.1328
1357.4219
1279.2969
1279.2969
1206.0547
1206.0547
1230.4687
1230.4687
1269.5312
1269.5312
1074.2187
1074.2187
561.5234
561.5234
0.0000
0.0000
0.0000
0.0000
0.0000
0.0000
0.0000
0.0000
0.0000
0.0000
0.0000
0.0000
0.0000
0.0000
0.0000
0.0000
0.0000
0.0000
0.0000
0.0000
0.0000
0.0000
0.0000
0.0000
0.0000
0.0000
0.0000
0.0000
0.0000
0.0000
0.0000
0.0000
0.0000
0.0000
0.0000
0.0000
175.7812
175.7812
488.2812
488.2812
717.7734
717.7734
903.3203
903.3203
971.6797
971.6797
1083.9844
1083.9844
1113.2812
1113.2812
1147.4609
1147.4609
1250.0000
1250.0000
1293.9453
1293.9453
1372.0703
1372.0703
1372.0703
1372.0703
1381.8359
1381.8359
1318.3594
1318.3594
1274.4141
1274.4141
1181.6406
1181.6406
1123.0469
1123.0469
1157.2266
1157.2266
1279.2969
1279.2969
1357.4219
1357.4219
1157.2266
1157.2266
654.2969
654.2969
48.8281
48.8281
0.0000
0.0000
0.0000
0.0000
0.0000
0.0000
0.0000
0.0000
0.0000
0.0000
0.0000
0.0000
0.0000
0.0000
0.0000
0.0000
0.0000
0.0000
0.0000
0.0000
0.0000
0.0000
0.0000
0.0000
0.0000
0.0000
0.0000
0.0000
0.0000
0.0000
156.2500
156.2500
390.6250
390.6250
620.1172
620.1172
820.3125
820.3125
937.5000
937.5000
1079.1016
1079.1016
1166.9922
1166.9922
1264.6484
1264.6484
1352.5391
1352.5391
1411.1328
1411.1328
1425.7812
1425.7812
1386.7187
1386.7187
1347.6562
1347.6562
1274.4141
1274.4141
1245.1172
1245.1172
1225.5859
1225.5859
1225.5859
1225.5859
1230.4687
1230.4687
1171.8750
1171.8750
1108.3984
1108.3984
1049.8047
1049.8047
1093.7500
1093.7500
942.3828
942.3828
507.8125
507.8125
0.0000
0.0000
0.0000
0.0000
0.0000
0.0000
0.0000
0.0000
0.0000
0.0000
0.0000
0.0000
0.0000
0.0000
0.0000
0.0000
0.0000
0.0000
0.0000
0.0000
0.0000
0.0000
0.0000
0.0000
0.0000
0.0000
0.0000
0.0000
0.0000
0.0000
0.0000
0.0000
0.0000
0.0000
0.0000
0.0000
58.5937
58.5937
390.6250
390.6250
615.2344
615.2344
839.8437
839.8437
986.3281
986.3281
1040.0391
1040.0391
1108.3984
1108.3984
1079.1016
1079.1016
1127.9297
1127.9297
1132.8125
1132.8125
1157.2266
1157.2266
1152.3437
1152.3437
1147.4609
1147.4609
1171.8750
1171.8750
1132.8125
1132.8125
1098.6328
1098.6328
1025.3906
1025.3906
1040.0391
1040.0391
1127.9297
1127.9297
1079.1016
1079.1016
791.0156
791.0156
302.7344
302.7344
0.0000
0.0000
0.0000
0.0000
0.0000
0.0000
0.0000
0.0000
0.0000
0.0000
0.0000
0.0000
0.0000
0.0000
0.0000
0.0000
0.0000
0.0000
0.0000
0.0000
0.0000
0.0000
0.0000
0.0000
0.0000
0.0000
0.0000
0.0000
0.0000
0.0000
0.0000
0.0000
0.0000
0.0000
283.2031
283.2031
571.2891
571.2891
756.8359
756.8359
922.8516
922.8516
996.0937
996.0937
1074.2187
1074.2187
1118.1641
1118.1641
1191.4062
1191.4062
1245.1172
1245.1172
1289.0625
1289.0625
1362.3047
1362.3047
1347.6562
1347.6562
1337.8906
1337.8906
1240.2344
1240.2344
1142.5781
1142.5781
1020.5078
1020.5078
961.9141
961.9141
1093.7500
1093.7500
1220.7031
1220.7031
1259.7656
1259.7656
991.2109
991.2109
449.2187
449.2187
0.0000
0.0000
0.0000
0.0000
0.0000
0.0000
0.0000
0.0000
0.0000
0.0000
0.0000
0.0000
0.0000
0.0000
0.0000
0.0000
0.0000
0.0000
0.0000
0.0000
0.0000
0.0000
0.0000
0.0000
0.0000
0.0000
0.0000
0.0000
0.0000
0.0000
0.0000
0.0000
0.0000
0.0000
161.1328
161.1328
405.2734
405.2734
629.8828
629.8828
791.0156
791.0156
961.9141
961.9141
1079.1016
1079.1016
1201.1719
1201.1719
1259.7656
1259.7656
1308.5937
1308.5937
1308.5937
1308.5937
1254.8828
1254.8828
1206.0547
1206.0547
1147.4609
1147.4609
1074.2187
1074.2187
1079.1016
1079.1016
1088.8672
1088.8672
1123.0469
1123.0469
1108.3984
1108.3984
1152.3437
1152.3437
1181.6406
1181.6406
1064.4531
1064.4531
668.9453
668.9453
14.6484
14.6484
0.0000
0.0000
0.0000
0.0000
0.0000
0.0000
0.0000
0.0000
0.0000
0.0000
0.0000
0.0000
0.0000
0.0000
0.0000
0.0000
0.0000
0.0000
0.0000
0.0000
0.0000
0.0000
0.0000
0.0000
0.0000
0.0000
0.0000
0.0000
0.0000
0.0000
0.0000
0.0000
0.0000
0.0000
0.0000
0.0000
180.6641
180.6641
478.5156
478.5156
747.0703
747.0703
913.0859
913.0859
1054.6875
1054.6875
1079.1016
1079.1016
1137.6953
1137.6953
1132.8125
1132.8125
1142.5781
1142.5781
1181.6406
1181.6406
1191.4062
1191.4062
1250.0000
1250.0000
1254.8828
1254.8828
1279.2969
1279.2969
1220.7031
1220.7031
1157.2266
1157.2266
1049.8047
1049.8047
971.6797
971.6797
1059.5703
1059.5703
1108.3984
1108.3984
922.8516
922.8516
356.4453
356.4453
0.0000
0.0000
0.0000
0.0000
0.0000
0.0000
0.0000
0.0000
0.0000
0.0000
0.0000
0.0000
0.0000
0.0000
0.0000
0.0000
0.0000
0.0000
0.0000
0.0000
0.0000
0.0000
0.0000
0.0000
0.0000
0.0000
0.0000
0.0000
0.0000
0.0000
0.0000
0.0000
0.0000
0.0000
249.0234
249.0234
590.8203
590.8203
791.0156
791.0156
971.6797
971.6797
1069.3359
1069.3359
1152.3437
1152.3437
1201.1719
1201.1719
1245.1172
1245.1172
1308.5937
1308.5937
1323.2422
1323.2422
1372.0703
1372.0703
1328.1250
1328.1250
1318.3594
1318.3594
1250.0000
1250.0000
1191.4062
1191.4062
1166.9922
1166.9922
1113.2812
1113.2812
1132.8125
1132.8125
1137.6953
1137.6953
1269.5312
1269.5312
1279.2969
1279.2969
1074.2187
1074.2187
546.8750
546.8750
0.0000
0.0000
0.0000
0.0000
0.0000
0.0000
0.0000
0.0000
0.0000
0.0000
0.0000
0.0000
0.0000
0.0000
0.0000
0.0000
0.0000
0.0000
0.0000
0.0000
0.0000
0.0000
0.0000
0.0000
0.0000
0.0000
0.0000
0.0000
0.0000
0.0000
0.0000
0.0000
258.7891
258.7891
473.6328
473.6328
698.2422
698.2422
825.1953
825.1953
1005.8594
1005.8594
1113.2812
1113.2812
1230.4687
1230.4687
1313.4766
1313.4766
1362.3047
1362.3047
1362.3047
1362.3047
1328.1250
1328.1250
1293.9453
1293.9453
1230.4687
1230.4687
1210.9375
1210.9375
1186.5234
1186.5234
1157.2266
1157.2266
1113.2812
1113.2812
1020.5078
1020.5078
922.8516
922.8516
883.7891
883.7891
913.0859
913.0859
800.7812
800.7812
454.1016
454.1016
0.0000
0.0000
0.0000
0.0000
0.0000
0.0000
0.0000
0.0000
0.0000
0.0000
0.0000
0.0000
0.0000
0.0000
0.0000
0.0000
0.0000
0.0000
0.0000
0.0000
0.0000
0.0000
0.0000
0.0000
0.0000
0.0000
0.0000
0.0000
0.0000
0.0000
0.0000
0.0000
0.0000
0.0000
107.4219
107.4219
395.5078
395.5078
664.0625
664.0625
903.3203
903.3203
1030.2734
1030.2734
1127.9297
1127.9297
1137.6953
1137.6953
1171.8750
1171.8750
1162.1094
1162.1094
1176.7578
1176.7578
1171.8750
1171.8750
1162.1094
1162.1094
1171.8750
1171.8750
1113.2812
1113.2812
1108.3984
1108.3984
1074.2187
1074.2187
1044.9219
1044.9219
1010.7422
1010.7422
1064.4531
1064.4531
1098.6328
1098.6328
864.2578
864.2578
351.5625
351.5625
0.0000
0.0000
0.0000
0.0000
0.0000
0.0000
0.0000
0.0000
0.0000
0.0000
0.0000
0.0000
0.0000
0.0000
0.0000
0.0000
0.0000
0.0000
0.0000
0.0000
0.0000
0.0000
0.0000
0.0000
0.0000
0.0000
0.0000
0.0000
