0.0000
0.0000
224.6094
224.6094
488.2812
488.2812
742.1875
742.1875
971.6797
971.6797
1176.7578
1176.7578
1352.5391
1352.5391
1499.0234
1499.0234
1601.5625
1601.5625
1679.6875
1679.6875
1728.5156
1728.5156
1689.4531
1689.4531
1533.2031
1533.2031
1254.8828
1254.8828
908.2031
908.2031
522.4609
522.4609
131.8359
131.8359
0.0000
0.0000
0.0000
0.0000
0.0000
0.0000
0.0000
0.0000
0.0000
0.0000
0.0000
0.0000
0.0000
0.0000
0.0000
0.0000
0.0000
0.0000
0.0000
0.0000
0.0000
0.0000
0.0000
0.0000
0.0000
0.0000
0.0000
0.0000
0.0000
0.0000
0.0000
0.0000
0.0000
0.0000
0.0000
0.0000
0.0000
0.0000
117.1875
117.1875
361.3281
361.3281
595.7031
595.7031
834.9609
834.9609
1064.4531
1064.4531
1274.4141
1274.4141
1474.6094
1474.6094
1655.2734
1655.2734
1816.4062
1816.4062
1943.3594
1943.3594
2031.2500
2031.2500
2070.3125
2070.3125
2031.2500
2031.2500
1855.4687
1855.4687
1542.9687
1542.9687
1132.8125
1132.8125
678.7109
678.7109
229.4922
229.4922
0.0000
0.0000
0.0000
0.0000
0.0000
0.0000
0.0000
0.0000
0.0000
0.0000
0.0000
0.0000
0.0000
0.0000
0.0000
0.0000
0.0000
0.0000
0.0000
0.0000
0.0000
0.0000
0.0000
0.0000
0.0000
0.0000
0.0000
0.0000
0.0000
0.0000
0.0000
0.0000
0.0000
0.0000
0.0000
0.0000
0.0000
0.0000
0.0000
0.0000
0.0000
0.0000
136.7187
136.7187
405.2734
405.2734
654.2969
654.2969
888.6719
888.6719
1098.6328
1098.6328
1279.2969
1279.2969
1440.4297
1440.4297
1567.3828
1567.3828
1674.8047
1674.8047
1767.5781
1767.5781
1806.6406
1806.6406
1728.5156
1728.5156
1528.3203
1528.3203
1225.5859
1225.5859
854.4922
854.4922
449.2187
449.2187
29.2969
29.2969
0.0000
0.0000
0.0000
0.0000
0.0000
0.0000
0.0000
0.0000
0.0000
0.0000
0.0000
0.0000
0.0000
0.0000
0.0000
0.0000
0.0000
0.0000
0.0000
0.0000
0.0000
0.0000
0.0000
0.0000
0.0000
0.0000
0.0000
0.0000
0.0000
0.0000
0.0000
0.0000
0.0000
0.0000
83.0078
83.0078
351.5625
351.5625
610.3516
610.3516
854.4922
854.4922
1088.8672
1088.8672
1303.7109
1303.7109
1494.1406
1494.1406
1660.1562
1660.1562
1801.7578
1801.7578
1894.5312
1894.5312
1938.4766
1938.4766
1923.8281
1923.8281
1811.5234
1811.5234
1596.6797
1596.6797
1293.9453
1293.9453
947.2656
947.2656
561.5234
561.5234
156.2500
156.2500
0.0000
0.0000
0.0000
0.0000
0.0000
0.0000
0.0000
0.0000
0.0000
0.0000
0.0000
0.0000
0.0000
0.0000
0.0000
0.0000
0.0000
0.0000
0.0000
0.0000
0.0000
0.0000
0.0000
0.0000
0.0000
0.0000
0.0000
0.0000
0.0000
0.0000
0.0000
0.0000
0.0000
0.0000
0.0000
0.0000
0.0000
0.0000
4.8828
4.8828
288.0859
288.0859
556.6406
556.6406
795.8984
795.8984
1010.7422
1010.7422
1191.4062
1191.4062
1357.4219
1357.4219
1503.9062
1503.9062
1640.6250
1640.6250
1762.6953
1762.6953
1865.2344
1865.2344
1943.3594
1943.3594
1967.7734
1967.7734
1894.5312
1894.5312
1679.6875
1679.6875
1367.1875
1367.1875
976.5625
976.5625
551.7578
551.7578
102.5391
102.5391
0.0000
0.0000
0.0000
0.0000
0.0000
0.0000
0.0000
0.0000
0.0000
0.0000
0.0000
0.0000
0.0000
0.0000
0.0000
0.0000
0.0000
0.0000
0.0000
0.0000
0.0000
0.0000
0.0000
0.0000
0.0000
0.0000
0.0000
0.0000
0.0000
0.0000
0.0000
0.0000
0.0000
0.0000
0.0000
0.0000
0.0000
0.0000
0.0000
0.0000
249.0234
249.0234
502.9297
502.9297
737.3047
737.3047
952.1484
952.1484
1157.2266
1157.2266
1342.7734
1342.7734
1508.7891
1508.7891
1645.5078
1645.5078
1752.9297
1752.9297
1821.2891
1821.2891
1831.0547
1831.0547
1752.9297
1752.9297
1562.5000
1562.5000
1279.2969
1279.2969
932.6172
932.6172
556.6406
556.6406
151.3672
151.3672
0.0000
0.0000
0.0000
0.0000
0.0000
0.0000
0.0000
0.0000
0.0000
0.0000
0.0000
0.0000
0.0000
0.0000
0.0000
0.0000
0.0000
0.0000
0.0000
0.0000
0.0000
0.0000
0.0000
0.0000
0.0000
0.0000
0.0000
0.0000
0.0000
0.0000
0.0000
0.0000
0.0000
0.0000
0.0000
0.0000
146.4844
146.4844
415.0391
415.0391
659.1797
659.1797
883.7891
883.7891
1079.1016
1079.1016
1259.7656
1259.7656
1420.8984
1420.8984
1572.2656
1572.2656
1713.8672
1713.8672
1831.0547
1831.0547
1923.8281
1923.8281
1972.6562
1972.6562
1953.1250
1953.1250
1831.0547
1831.0547
1621.0937
1621.0937
1342.7734
1342.7734
1015.6250
1015.6250
629.8828
629.8828
205.0781
205.0781
0.0000
0.0000
0.0000
0.0000
0.0000
0.0000
0.0000
0.0000
0.0000
0.0000
0.0000
0.0000
0.0000
0.0000
0.0000
0.0000
0.0000
0.0000
0.0000
0.0000
0.0000
0.0000
0.0000
0.0000
0.0000
0.0000
0.0000
0.0000
0.0000
0.0000
0.0000
0.0000
0.0000
0.0000
0.0000
0.0000
278.3203
278.3203
537.1094
537.1094
776.3672
776.3672
996.0937
996.0937
1196.2891
1196.2891
1386.7187
1386.7187
1562.5000
1562.5000
1723.6328
1723.6328
1855.4687
1855.4687
1953.1250
1953.1250
2001.9531
2001.9531
1987.3047
1987.3047
1899.4141
1899.4141
1713.8672
1713.8672
1464.8437
1464.8437
1152.3437
1152.3437
800.7812
800.7812
400.3906
400.3906
0.0000
0.0000
0.0000
0.0000
0.0000
0.0000
0.0000
0.0000
0.0000
0.0000
0.0000
0.0000
0.0000
0.0000
0.0000
0.0000
0.0000
0.0000
0.0000
0.0000
0.0000
0.0000
0.0000
0.0000
0.0000
0.0000
0.0000
0.0000
0.0000
0.0000
0.0000
0.0000
0.0000
0.0000
0.0000
0.0000
48.8281
48.8281
317.3828
317.3828
561.5234
561.5234
786.1328
786.1328
991.2109
991.2109
1171.8750
1171.8750
1342.7734
1342.7734
1499.0234
1499.0234
1640.6250
1640.6250
1762.6953
1762.6953
1860.3516
1860.3516
1928.7109
1928.7109
1953.1250
1953.1250
1879.8828
1879.8828
1699.2187
1699.2187
1435.5469
1435.5469
1123.0469
1123.0469
766.6016
766.6016
366.2109
366.2109
0.0000
0.0000
0.0000
0.0000
0.0000
0.0000
0.0000
0.0000
0.0000
0.0000
0.0000
0.0000
0.0000
0.0000
0.0000
0.0000
0.0000
0.0000
0.0000
0.0000
0.0000
0.0000
0.0000
0.0000
0.0000
0.0000
0.0000
0.0000
0.0000
0.0000
0.0000
0.0000
0.0000
0.0000
0.0000
0.0000
0.0000
190.4297
190.4297
434.5703
434.5703
668.9453
668.9453
668.9453
888.6719
888.6719
1093.7500
1093.7500
1293.9453
1293.9453
1479.4922
1479.4922
1635.7422
1757.8125
1757.8125
1835.9375
1835.9375
1860.3516
1860.3516
1821.2891
1821.2891
1821.2891
1689.4531
1689.4531
1479.4922
1479.4922
1220.7031
1220.7031
917.9687
917.9687
556.6406
556.6406
151.3672
0.0000
0.0000
0.0000
0.0000
0.0000
0.0000
0.0000
0.0000
0.0000
0.0000
0.0000
0.0000
0.0000
0.0000
0.0000
0.0000
0.0000
0.0000
0.0000
0.0000
0.0000
0.0000
0.0000
0.0000
0.0000
0.0000
0.0000
0.0000
0.0000
0.0000
0.0000
0.0000
0.0000
0.0000
0.0000
0.0000
78.1250
78.1250
327.1484
327.1484
561.5234
561.5234
786.1328
786.1328
986.3281
986.3281
1176.7578
1176.7578
1352.5391
1352.5391
1503.9062
1503.9062
1635.7422
1635.7422
1748.0469
1748.0469
1835.9375
1835.9375
1889.6484
1889.6484
1904.2969
1904.2969
1821.2891
1821.2891
1645.5078
1645.5078
1386.7187
1386.7187
1074.2187
1074.2187
693.3594
693.3594
268.5547
268.5547
0.0000
0.0000
0.0000
0.0000
0.0000
0.0000
0.0000
0.0000
0.0000
0.0000
0.0000
0.0000
0.0000
0.0000
0.0000
0.0000
0.0000
0.0000
0.0000
0.0000
0.0000
0.0000
0.0000
0.0000
0.0000
0.0000
0.0000
0.0000
0.0000
0.0000
0.0000
0.0000
0.0000
0.0000
87.8906
87.8906
351.5625
351.5625
600.5859
600.5859
834.9609
834.9609
1054.6875
1054.6875
1254.8828
1254.8828
1450.1953
1450.1953
1625.9766
1625.9766
1782.2266
1782.2266
1904.2969
1904.2969
1992.1875
1992.1875
2031.2500
2031.2500
2016.6016
2016.6016
1933.5937
1933.5937
1743.1641
1743.1641
1474.6094
1474.6094
1152.3437
1152.3437
781.2500
781.2500
356.4453
356.4453
0.0000
0.0000
0.0000
0.0000
0.0000
0.0000
0.0000
0.0000
0.0000
0.0000
0.0000
0.0000
0.0000
0.0000
0.0000
0.0000
0.0000
0.0000
0.0000
0.0000
0.0000
0.0000
0.0000
0.0000
0.0000
0.0000
0.0000
0.0000
0.0000
0.0000
0.0000
0.0000
0.0000
0.0000
0.0000
0.0000
0.0000
0.0000
175.7812
175.7812
400.3906
400.3906
615.2344
615.2344
820.3125
820.3125
1020.5078
1020.5078
1201.1719
1201.1719
1357.4219
1357.4219
1489.2578
1489.2578
1596.6797
1596.6797
1689.4531
1689.4531
1757.8125
1757.8125
1782.2266
1782.2266
1718.7500
1718.7500
1542.9687
1542.9687
1293.9453
1293.9453
986.3281
986.3281
620.1172
620.1172
200.1953
200.1953
0.0000
0.0000
0.0000
0.0000
0.0000
0.0000
0.0000
0.0000
0.0000
0.0000
0.0000
0.0000
0.0000
0.0000
0.0000
0.0000
0.0000
0.0000
0.0000
0.0000
0.0000
0.0000
0.0000
0.0000
0.0000
0.0000
0.0000
0.0000
0.0000
0.0000
0.0000
0.0000
0.0000
0.0000
0.0000
0.0000
146.4844
146.4844
395.5078
395.5078
629.8828
629.8828
849.6094
849.6094
1059.5703
1059.5703
1259.7656
1259.7656
1440.4297
1440.4297
1596.6797
1596.6797
1723.6328
1723.6328
1816.4062
1816.4062
1875.0000
1875.0000
1894.5312
1894.5312
1860.3516
1860.3516
1733.3984
1733.3984
1503.9062
1503.9062
1196.2891
1196.2891
825.1953
825.1953
395.5078
395.5078
0.0000
0.0000
0.0000
0.0000
0.0000
0.0000
0.0000
0.0000
0.0000
0.0000
0.0000
0.0000
0.0000
0.0000
0.0000
0.0000
0.0000
0.0000
0.0000
0.0000
0.0000
0.0000
0.0000
0.0000
0.0000
0.0000
0.0000
0.0000
0.0000
0.0000
0.0000
0.0000
0.0000
0.0000
0.0000
0.0000
0.0000
0.0000
0.0000
0.0000
156.2500
156.2500
390.6250
390.6250
615.2344
615.2344
825.1953
825.1953
1030.2734
1030.2734
1210.9375
1210.9375
1367.1875
1367.1875
1499.0234
1499.0234
1606.4453
1606.4453
1694.3359
1694.3359
1762.6953
1762.6953
1772.4609
1772.4609
1665.0391
1665.0391
1469.7266
1469.7266
1186.5234
1186.5234
844.7266
844.7266
458.9844
458.9844
58.5937
58.5937
0.0000
0.0000
0.0000
0.0000
0.0000
0.0000
0.0000
0.0000
0.0000
0.0000
0.0000
0.0000
0.0000
0.0000
0.0000
0.0000
0.0000
0.0000
0.0000
0.0000
0.0000
0.0000
0.0000
0.0000
0.0000
0.0000
0.0000
0.0000
0.0000
0.0000
0.0000
0.0000
0.0000
0.0000
190.4297
190.4297
444.3359
444.3359
688.4766
688.4766
913.0859
913.0859
1123.0469
1123.0469
1313.4766
1313.4766
1494.1406
1494.1406
1645.5078
1645.5078
1772.4609
1772.4609
1865.2344
1865.2344
1918.9453
1918.9453
1923.8281
1923.8281
1884.7656
1884.7656
1772.4609
1772.4609
1586.9141
1586.9141
1342.7734
1342.7734
1025.3906
1025.3906
654.2969
654.2969
244.1406
244.1406
0.0000
0.0000
0.0000
0.0000
0.0000
0.0000
0.0000
0.0000
0.0000
0.0000
0.0000
0.0000
0.0000
0.0000
0.0000
0.0000
0.0000
0.0000
0.0000
0.0000
0.0000
0.0000
0.0000
0.0000
0.0000
0.0000
0.0000
0.0000
0.0000
0.0000
0.0000
0.0000
0.0000
0.0000
253.9062
253.9062
493.1641
493.1641
722.6562
722.6562
927.7344
927.7344
1118.1641
1118.1641
1293.9453
1293.9453
1459.9609
1459.9609
1606.4453
1606.4453
1723.6328
1723.6328
1811.5234
1811.5234
1865.2344
1865.2344
1875.0000
1875.0000
1796.8750
1796.8750
1601.5625
1601.5625
1313.4766
1313.4766
966.7969
966.7969
576.1719
576.1719
151.3672
151.3672
0.0000
0.0000
0.0000
0.0000
0.0000
0.0000
0.0000
0.0000
0.0000
0.0000
0.0000
0.0000
0.0000
0.0000
0.0000
0.0000
0.0000
0.0000
0.0000
0.0000
0.0000
0.0000
0.0000
0.0000
0.0000
0.0000
0.0000
0.0000
0.0000
0.0000
0.0000
0.0000
0.0000
0.0000
0.0000
0.0000
0.0000
0.0000
0.0000
0.0000
0.0000
0.0000
156.2500
156.2500
424.8047
424.8047
673.8281
673.8281
908.2031
908.2031
1113.2812
1113.2812
1298.8281
1298.8281
1455.0781
1455.0781
1596.6797
1596.6797
1704.1016
1704.1016
1772.4609
1772.4609
1767.5781
1767.5781
1655.2734
1655.2734
1435.5469
1435.5469
1137.6953
1137.6953
781.2500
781.2500
371.0937
371.0937
0.0000
0.0000
0.0000
0.0000
0.0000
0.0000
0.0000
0.0000
0.0000
0.0000
0.0000
0.0000
0.0000
0.0000
0.0000
0.0000
0.0000
0.0000
0.0000
0.0000
0.0000
0.0000
0.0000
0.0000
0.0000
0.0000
0.0000
0.0000
0.0000
0.0000
0.0000
0.0000
0.0000
0.0000
0.0000
0.0000
0.0000
0.0000
170.8984
170.8984
424.8047
424.8047
664.0625
664.0625
878.9062
878.9062
1083.9844
1083.9844
1269.5312
1269.5312
1440.4297
1440.4297
1591.7969
1591.7969
1733.3984
1733.3984
1855.4687
1855.4687
1953.1250
1953.1250
2031.2500
2031.2500
2065.4297
2065.4297
2026.3672
2026.3672
1860.3516
1860.3516
1591.7969
1591.7969
1230.4687
1230.4687
810.5469
810.5469
346.6797
346.6797
0.0000
0.0000
0.0000
0.0000
0.0000
0.0000
0.0000
0.0000
0.0000
0.0000
0.0000
0.0000
0.0000
0.0000
0.0000
0.0000
0.0000
0.0000
0.0000
0.0000
0.0000
0.0000
0.0000
0.0000
0.0000
0.0000
0.0000
0.0000
0.0000
0.0000
0.0000
0.0000
0.0000
0.0000
0.0000
0.0000
175.7812
175.7812
449.2187
449.2187
708.0078
708.0078
947.2656
947.2656
1166.9922
1166.9922
1352.5391
1352.5391
1518.5547
1518.5547
1655.2734
1655.2734
1787.1094
1787.1094
1909.1797
1909.1797
2006.8359
2006.8359
2070.3125
2070.3125
2041.0156
2041.0156
1879.8828
1879.8828
1601.5625
1601.5625
1259.7656
1259.7656
864.2578
864.2578
429.6875
429.6875
0.0000
0.0000
0.0000
0.0000
0.0000
0.0000
0.0000
0.0000
0.0000
0.0000
0.0000
0.0000
0.0000
0.0000
0.0000
0.0000
0.0000
0.0000
0.0000
0.0000
0.0000
0.0000
0.0000
0.0000
0.0000
0.0000
0.0000
0.0000
0.0000
0.0000
0.0000
0.0000
0.0000
0.0000
0.0000
0.0000
0.0000
0.0000
34.1797
34.1797
288.0859
288.0859
517.5781
517.5781
727.5391
727.5391
927.7344
927.7344
1108.3984
1108.3984
1284.1797
1284.1797
1445.3125
1445.3125
1596.6797
1596.6797
1723.6328
1723.6328
1826.1719
1826.1719
1875.0000
1875.0000
1831.0547
1831.0547
1674.8047
1674.8047
1445.3125
1445.3125
1162.1094
1162.1094
830.0781
830.0781
458.9844
458.9844
63.4766
63.4766
0.0000
0.0000
0.0000
0.0000
0.0000
0.0000
0.0000
0.0000
0.0000
0.0000
0.0000
0.0000
0.0000
0.0000
0.0000
0.0000
0.0000
0.0000
0.0000
0.0000
0.0000
0.0000
0.0000
0.0000
0.0000
0.0000
0.0000
0.0000
0.0000
0.0000
0.0000
0.0000
0.0000
0.0000
239.2578
239.2578
488.2812
488.2812
732.4219
732.4219
952.1484
952.1484
1157.2266
1157.2266
1337.8906
1337.8906
1503.9062
1503.9062
1655.2734
1655.2734
1791.9922
1791.9922
1914.0625
1914.0625
2001.9531
2001.9531
2060.5469
2060.5469
2045.8984
2045.8984
1938.4766
1938.4766
1733.3984
1733.3984
1455.0781
1455.0781
1118.1641
1118.1641
727.5391
727.5391
292.9687
292.9687
0.0000
0.0000
0.0000
0.0000
0.0000
0.0000
0.0000
0.0000
0.0000
0.0000
0.0000
0.0000
0.0000
0.0000
0.0000
0.0000
0.0000
0.0000
0.0000
0.0000
0.0000
0.0000
0.0000
0.0000
0.0000
0.0000
0.0000
0.0000
0.0000
0.0000
0.0000
0.0000
0.0000
0.0000
0.0000
97.6562
97.6562
346.6797
346.6797
571.2891
571.2891
766.6016
766.6016
947.2656
947.2656
947.2656
1113.2812
1113.2812
1279.2969
1279.2969
1430.6641
1430.6641
1577.1484
1577.1484
1708.9844
1708.9844
1806.6406
1870.1172
1870.1172
1850.5859
1850.5859
1733.3984
1733.3984
1518.5547
1518.5547
1518.5547
1245.1172
1245.1172
913.0859
913.0859
537.1094
537.1094
126.9531
126.9531
0.0000
0.0000
0.0000
0.0000
0.0000
0.0000
0.0000
0.0000
0.0000
0.0000
0.0000
0.0000
0.0000
0.0000
0.0000
0.0000
0.0000
0.0000
0.0000
0.0000
0.0000
0.0000
0.0000
0.0000
0.0000
0.0000
0.0000
0.0000
0.0000
0.0000
0.0000
0.0000
0.0000
0.0000
0.0000
0.0000
0.0000
219.7266
219.7266
478.5156
478.5156
712.8906
712.8906
932.6172
932.6172
1137.6953
1137.6953
1323.2422
1323.2422
1489.2578
1489.2578
1640.6250
1640.6250
1757.8125
1757.8125
1835.9375
1835.9375
1855.4687
1855.4687
1777.3437
1777.3437
1616.2109
1616.2109
1386.7187
1386.7187
1093.7500
1093.7500
732.4219
732.4219
322.2656
322.2656
0.0000
0.0000
0.0000
0.0000
0.0000
0.0000
0.0000
0.0000
0.0000
0.0000
0.0000
0.0000
0.0000
0.0000
0.0000
0.0000
0.0000
0.0000
0.0000
0.0000
0.0000
0.0000
0.0000
0.0000
0.0000
0.0000
0.0000
0.0000
0.0000
0.0000
0.0000
0.0000
0.0000
0.0000
29.2969
29.2969
283.2031
283.2031
512.6953
512.6953
722.6562
722.6562
908.2031
908.2031
1083.9844
1083.9844
1250.0000
1250.0000
1401.3672
1401.3672
1542.9687
1542.9687
1679.6875
1679.6875
1801.7578
1801.7578
1889.6484
1889.6484
1948.2422
1948.2422
1928.7109
1928.7109
1801.7578
1801.7578
1572.2656
1572.2656
1274.4141
1274.4141
932.6172
932.6172
541.9922
541.9922
131.8359
131.8359
0.0000
0.0000
0.0000
0.0000
0.0000
0.0000
0.0000
0.0000
0.0000
0.0000
0.0000
0.0000
0.0000
0.0000
0.0000
0.0000
0.0000
0.0000
0.0000
0.0000
0.0000
0.0000
0.0000
0.0000
0.0000
0.0000
0.0000
0.0000
0.0000
0.0000
0.0000
0.0000
0.0000
0.0000
0.0000
0.0000
209.9609
209.9609
444.3359
444.3359
673.8281
673.8281
888.6719
888.6719
1093.7500
1093.7500
1274.4141
1274.4141
1445.3125
1445.3125
1596.6797
1596.6797
1723.6328
1723.6328
1831.0547
1831.0547
1899.4141
1899.4141
1918.9453
1918.9453
1850.5859
1850.5859
1684.5703
1684.5703
1430.6641
1430.6641
1113.2812
1113.2812
732.4219
732.4219
297.8516
297.8516
0.0000
0.0000
0.0000
0.0000
0.0000
0.0000
0.0000
0.0000
0.0000
0.0000
0.0000
0.0000
0.0000
0.0000
0.0000
0.0000
0.0000
0.0000
0.0000
0.0000
0.0000
0.0000
0.0000
0.0000
0.0000
0.0000
0.0000
0.0000
0.0000
0.0000
0.0000
0.0000
0.0000
0.0000
0.0000
0.0000
68.3594
68.3594
317.3828
317.3828
541.9922
541.9922
742.1875
742.1875
917.9687
917.9687
1088.8672
1088.8672
1245.1172
1245.1172
1396.4844
1396.4844
1528.3203
1528.3203
1645.5078
1645.5078
1723.6328
1723.6328
1762.6953
1762.6953
1713.8672
1713.8672
1557.6172
1557.6172
1333.0078
1333.0078
1059.5703
1059.5703
737.3047
737.3047
366.2109
366.2109
0.0000
0.0000
0.0000
0.0000
0.0000
0.0000
0.0000
0.0000
0.0000
0.0000
0.0000
0.0000
0.0000
0.0000
0.0000
0.0000
0.0000
0.0000
0.0000
0.0000
0.0000
0.0000
0.0000
0.0000
0.0000
0.0000
0.0000
0.0000
0.0000
0.0000
0.0000
0.0000
0.0000
0.0000
0.0000
0.0000
78.1250
78.1250
332.0312
332.0312
566.4062
566.4062
791.0156
791.0156
1000.9766
1000.9766
1201.1719
1201.1719
1386.7187
1386.7187
1557.6172
1557.6172
1704.1016
1704.1016
1821.2891
1821.2891
1899.4141
1899.4141
1914.0625
1914.0625
1850.5859
1850.5859
1684.5703
1684.5703
1445.3125
1445.3125
1152.3437
1152.3437
800.7812
800.7812
400.3906
400.3906
0.0000
0.0000
0.0000
0.0000
0.0000
0.0000
0.0000
0.0000
0.0000
0.0000
0.0000
0.0000
0.0000
0.0000
0.0000
0.0000
0.0000
0.0000
0.0000
0.0000
0.0000
0.0000
0.0000
0.0000
0.0000
0.0000
0.0000
0.0000
0.0000
0.0000
0.0000
0.0000
0.0000
0.0000
0.0000
0.0000
229.4922
229.4922
473.6328
473.6328
703.1250
703.1250
903.3203
903.3203
1088.8672
1088.8672
1250.0000
1250.0000
1401.3672
1401.3672
1538.0859
1538.0859
1665.0391
1665.0391
1767.5781
1767.5781
1845.7031
1845.7031
1889.6484
1889.6484
1865.2344
1865.2344
1728.5156
1728.5156
1484.3750
1484.3750
1157.2266
1157.2266
756.8359
756.8359
307.6172
307.6172
0.0000
0.0000
0.0000
0.0000
0.0000
0.0000
0.0000
0.0000
0.0000
0.0000
0.0000
0.0000
0.0000
0.0000
0.0000
0.0000
0.0000
0.0000
0.0000
0.0000
0.0000
0.0000
0.0000
0.0000
0.0000
0.0000
0.0000
0.0000
0.0000
0.0000
0.0000
0.0000
0.0000
0.0000
0.0000
0.0000
0.0000
0.0000
0.0000
0.0000
68.3594
68.3594
317.3828
317.3828
551.7578
551.7578
781.2500
781.2500
996.0937
996.0937
1201.1719
1201.1719
1386.7187
1386.7187
1552.7344
1552.7344
1694.3359
1694.3359
1806.6406
1806.6406
1860.3516
1860.3516
1811.5234
1811.5234
1640.6250
1640.6250
1372.0703
1372.0703
1040.0391
1040.0391
654.2969
654.2969
229.4922
229.4922
0.0000
0.0000
0.0000
0.0000
0.0000
0.0000
0.0000
0.0000
0.0000
0.0000
0.0000
0.0000
0.0000
0.0000
0.0000
0.0000
0.0000
0.0000
0.0000
0.0000
0.0000
0.0000
0.0000
0.0000
0.0000
0.0000
0.0000
0.0000
0.0000
0.0000
0.0000
0.0000
0.0000
0.0000
0.0000
0.0000
43.9453
43.9453
283.2031
283.2031
512.6953
512.6953
727.5391
727.5391
927.7344
927.7344
1123.0469
1123.0469
1303.7109
1303.7109
1469.7266
1469.7266
1606.4453
1606.4453
1728.5156
1728.5156
1831.0547
1831.0547
1909.1797
1909.1797
1953.1250
1953.1250
1909.1797
1909.1797
1748.0469
1748.0469
1469.7266
1469.7266
1098.6328
1098.6328
664.0625
664.0625
205.0781
205.0781
0.0000
0.0000
0.0000
0.0000
0.0000
0.0000
0.0000
0.0000
0.0000
0.0000
0.0000
0.0000
0.0000
0.0000
0.0000
0.0000
0.0000
0.0000
0.0000
0.0000
0.0000
0.0000
0.0000
0.0000
0.0000
0.0000
0.0000
0.0000
0.0000
0.0000
0.0000
0.0000
0.0000
0.0000
0.0000
0.0000
161.1328
161.1328
419.9219
419.9219
659.1797
659.1797
883.7891
883.7891
1098.6328
1098.6328
1293.9453
1293.9453
1479.4922
1479.4922
1645.5078
1645.5078
1796.8750
1796.8750
1923.8281
1923.8281
2026.3672
2026.3672
2084.9609
2084.9609
2065.4297
2065.4297
1938.4766
1938.4766
1723.6328
1723.6328
1440.4297
1440.4297
1093.7500
1093.7500
703.1250
703.1250
278.3203
278.3203
0.0000
0.0000
0.0000
0.0000
0.0000
0.0000
0.0000
0.0000
0.0000
0.0000
0.0000
0.0000
0.0000
0.0000
0.0000
0.0000
0.0000
0.0000
0.0000
0.0000
0.0000
0.0000
0.0000
0.0000
0.0000
0.0000
0.0000
0.0000
0.0000
0.0000
0.0000
0.0000
136.7187
136.7187
390.6250
390.6250
620.1172
620.1172
839.8437
839.8437
1040.0391
1040.0391
1225.5859
1225.5859
1401.3672
1401.3672
1557.6172
1557.6172
1699.2187
1699.2187
1821.2891
1821.2891
1923.8281
1923.8281
2001.9531
2001.9531
2050.7812
2050.7812
2070.3125
2070.3125
2016.6016
2016.6016
1865.2344
1865.2344
1625.9766
1625.9766
1313.4766
1313.4766
922.8516
922.8516
483.3984
483.3984
19.5312
19.5312
0.0000
0.0000
0.0000
0.0000
0.0000
0.0000
0.0000
0.0000
0.0000
0.0000
0.0000
0.0000
0.0000
0.0000
0.0000
0.0000
0.0000
0.0000
0.0000
0.0000
0.0000
0.0000
0.0000
0.0000
0.0000
0.0000
0.0000
0.0000
0.0000
0.0000
0.0000
0.0000
0.0000
0.0000
107.4219
107.4219
351.5625
351.5625
576.1719
576.1719
786.1328
786.1328
986.3281
986.3281
1166.9922
1166.9922
1333.0078
1333.0078
1484.3750
1484.3750
1625.9766
1625.9766
1748.0469
1748.0469
1845.7031
1845.7031
1909.1797
1909.1797
1894.5312
1894.5312
1777.3437
1777.3437
1552.7344
1552.7344
1259.7656
1259.7656
898.4375
898.4375
488.2812
488.2812
48.8281
48.8281
0.0000
0.0000
0.0000
0.0000
0.0000
0.0000
0.0000
0.0000
0.0000
0.0000
0.0000
0.0000
0.0000
0.0000
0.0000
0.0000
0.0000
0.0000
0.0000
0.0000
0.0000
0.0000
0.0000
0.0000
0.0000
0.0000
0.0000
0.0000
0.0000
0.0000
0.0000
0.0000
0.0000
0.0000
0.0000
0.0000
205.0781
205.0781
424.8047
424.8047
629.8828
629.8828
825.1953
825.1953
1015.6250
1015.6250
1186.5234
1186.5234
1342.7734
1342.7734
1484.3750
1484.3750
1596.6797
1596.6797
1694.3359
1694.3359
1767.5781
1767.5781
1816.4062
1816.4062
1791.9922
1791.9922
1665.0391
1665.0391
1435.5469
1435.5469
1127.9297
1127.9297
747.0703
747.0703
322.2656
322.2656
0.0000
0.0000
0.0000
0.0000
0.0000
0.0000
0.0000
0.0000
0.0000
0.0000
0.0000
0.0000
0.0000
0.0000
0.0000
0.0000
0.0000
0.0000
0.0000
0.0000
0.0000
0.0000
0.0000
0.0000
0.0000
0.0000
0.0000
0.0000
0.0000
0.0000
0.0000
0.0000
0.0000
0.0000
0.0000
0.0000
0.0000
0.0000
131.8359
131.8359
385.7422
385.7422
634.7656
634.7656
859.3750
859.3750
1074.2187
1259.7656
1259.7656
1425.7812
1425.7812
1572.2656
1572.2656
1689.4531
1689.4531
1689.4531
1772.4609
1772.4609
1806.6406
1806.6406
1748.0469
1748.0469
1591.7969
1591.7969
1376.9531
1103.5156
1103.5156
771.4844
771.4844
380.8594
380.8594
0.0000
0.0000
0.0000
0.0000
0.0000
0.0000
0.0000
0.0000
0.0000
0.0000
0.0000
0.0000
0.0000
0.0000
0.0000
0.0000
0.0000
0.0000
0.0000
0.0000
0.0000
0.0000
0.0000
0.0000
0.0000
0.0000
0.0000
0.0000
0.0000
0.0000
0.0000
0.0000
4.8828
4.8828
268.5547
268.5547
517.5781
517.5781
747.0703
747.0703
952.1484
952.1484
1132.8125
1132.8125
1303.7109
1303.7109
1464.8437
1464.8437
1611.3281
1611.3281
1738.2812
1738.2812
1845.7031
1845.7031
1923.8281
1923.8281
1982.4219
1982.4219
1997.0703
1997.0703
1933.5937
1933.5937
1748.0469
1748.0469
1469.7266
1469.7266
1127.9297
1127.9297
732.4219
732.4219
302.7344
302.7344
0.0000
0.0000
0.0000
0.0000
0.0000
0.0000
0.0000
0.0000
0.0000
0.0000
0.0000
0.0000
0.0000
0.0000
0.0000
0.0000
0.0000
0.0000
0.0000
0.0000
0.0000
0.0000
0.0000
0.0000
0.0000
0.0000
0.0000
0.0000
0.0000
0.0000
0.0000
0.0000
0.0000
0.0000
0.0000
0.0000
78.1250
78.1250
327.1484
327.1484
566.4062
566.4062
795.8984
795.8984
1010.7422
1010.7422
1206.0547
1206.0547
1376.9531
1376.9531
1518.5547
1518.5547
1635.7422
1635.7422
1738.2812
1738.2812
1816.4062
1816.4062
1860.3516
1860.3516
1816.4062
1816.4062
1655.2734
1655.2734
1381.8359
1381.8359
1025.3906
1025.3906
605.4687
605.4687
146.4844
146.4844
0.0000
0.0000
0.0000
0.0000
0.0000
0.0000
0.0000
0.0000
0.0000
0.0000
0.0000
0.0000
0.0000
0.0000
0.0000
0.0000
0.0000
0.0000
0.0000
0.0000
0.0000
0.0000
0.0000
0.0000
0.0000
0.0000
0.0000
0.0000
0.0000
0.0000
0.0000
0.0000
0.0000
0.0000
0.0000
0.0000
0.0000
0.0000
0.0000
0.0000
239.2578
239.2578
473.6328
473.6328
693.3594
693.3594
893.5547
893.5547
1074.2187
1074.2187
1245.1172
1245.1172
1391.6016
1391.6016
1528.3203
1528.3203
1645.5078
1645.5078
1743.1641
1743.1641
1826.1719
1826.1719
1840.8203
1840.8203
1757.8125
1757.8125
1552.7344
1552.7344
1254.8828
1254.8828
883.7891
883.7891
468.7500
468.7500
39.0625
39.0625
0.0000
0.0000
0.0000
0.0000
0.0000
0.0000
0.0000
0.0000
0.0000
0.0000
0.0000
0.0000
0.0000
0.0000
0.0000
0.0000
0.0000
0.0000
0.0000
0.0000
0.0000
0.0000
0.0000
0.0000
0.0000
0.0000
0.0000
0.0000
0.0000
0.0000
0.0000
0.0000
102.5391
102.5391
351.5625
351.5625
590.8203
590.8203
825.1953
825.1953
1049.8047
1049.8047
1269.5312
1269.5312
1469.7266
1469.7266
1635.7422
1635.7422
1777.3437
1777.3437
1884.7656
1884.7656
1967.7734
1967.7734
2021.4844
2021.4844
2050.7812
2050.7812
2016.6016
2016.6016
1884.7656
1884.7656
1650.3906
1650.3906
1318.3594
1318.3594
903.3203
903.3203
434.5703
434.5703
0.0000
0.0000
0.0000
0.0000
0.0000
0.0000
0.0000
0.0000
0.0000
0.0000
0.0000
0.0000
0.0000
0.0000
0.0000
0.0000
0.0000
0.0000
0.0000
0.0000
0.0000
0.0000
0.0000
0.0000
0.0000
0.0000
0.0000
0.0000
0.0000
0.0000
0.0000
0.0000
0.0000
0.0000
0.0000
0.0000
0.0000
0.0000
151.3672
151.3672
385.7422
385.7422
610.3516
610.3516
820.3125
820.3125
1010.7422
1010.7422
1176.7578
1176.7578
1323.2422
1323.2422
1450.1953
1450.1953
1557.6172
1557.6172
1660.1562
1660.1562
1743.1641
1743.1641
1796.8750
1796.8750
1772.4609
1772.4609
1625.9766
1625.9766
1376.9531
1376.9531
1040.0391
1040.0391
639.6484
639.6484
209.9609
209.9609
0.0000
0.0000
0.0000
0.0000
0.0000
0.0000
0.0000
0.0000
0.0000
0.0000
0.0000
0.0000
0.0000
0.0000
0.0000
0.0000
0.0000
0.0000
0.0000
0.0000
0.0000
0.0000
0.0000
0.0000
0.0000
0.0000
0.0000
0.0000
0.0000
0.0000
0.0000
0.0000
0.0000
0.0000
0.0000
0.0000
112.3047
112.3047
351.5625
351.5625
581.0547
