0.0000
0.0000
0.0000
0.0000
0.0000
0.0000
0.0000
0.0000
0.0000
0.0000
0.0000
0.0000
0.0000
0.0000
0.0000
0.0000
0.0000
0.0000
0.0000
0.0000
0.0000
53.7109
53.7109
268.5547
268.5547
483.3984
483.3984
620.1172
620.1172
761.7187
761.7187
898.4375
898.4375
986.3281
986.3281
1093.7500
1093.7500
1132.8125
1132.8125
1147.4609
1147.4609
1083.9844
1083.9844
1049.8047
1049.8047
981.4453
981.4453
986.3281
986.3281
1000.9766
1000.9766
1035.1562
1035.1562
1079.1016
1079.1016
1054.6875
1054.6875
1025.3906
1025.3906
888.6719
888.6719
546.8750
546.8750
0.0000
0.0000
0.0000
0.0000
0.0000
0.0000
0.0000
0.0000
0.0000
0.0000
0.0000
0.0000
0.0000
0.0000
0.0000
0.0000
0.0000
0.0000
0.0000
0.0000
0.0000
0.0000
0.0000
0.0000
0.0000
0.0000
0.0000
0.0000
0.0000
0.0000
0.0000
0.0000
0.0000
0.0000
14.6484
14.6484
234.3750
234.3750
483.3984
483.3984
639.6484
639.6484
820.3125
820.3125
937.5000
937.5000
1040.0391
1040.0391
1069.3359
1069.3359
1098.6328
1098.6328
1093.7500
1093.7500
1093.7500
1093.7500
1103.5156
1103.5156
1123.0469
1123.0469
1123.0469
1123.0469
1157.2266
1157.2266
1162.1094
1162.1094
1113.2812
1113.2812
1025.3906
1025.3906
732.4219
732.4219
180.6641
180.6641
0.0000
0.0000
0.0000
0.0000
0.0000
0.0000
0.0000
0.0000
0.0000
0.0000
0.0000
0.0000
0.0000
0.0000
0.0000
0.0000
0.0000
0.0000
0.0000
0.0000
0.0000
0.0000
0.0000
0.0000
0.0000
0.0000
0.0000
0.0000
0.0000
0.0000
0.0000
0.0000
0.0000
0.0000
0.0000
0.0000
146.4844
146.4844
371.0937
371.0937
625.0000
625.0000
795.8984
795.8984
966.7969
966.7969
1074.2187
1074.2187
1083.9844
1083.9844
1093.7500
1093.7500
1025.3906
1025.3906
1015.6250
1015.6250
996.0937
996.0937
1049.8047
1049.8047
1093.7500
1093.7500
1147.4609
1147.4609
1186.5234
1186.5234
1162.1094
1162.1094
1132.8125
1132.8125
996.0937
996.0937
742.1875
742.1875
219.7266
219.7266
0.0000
0.0000
0.0000
0.0000
0.0000
0.0000
0.0000
0.0000
0.0000
0.0000
0.0000
0.0000
0.0000
0.0000
0.0000
0.0000
0.0000
0.0000
0.0000
0.0000
0.0000
0.0000
0.0000
0.0000
0.0000
0.0000
0.0000
0.0000
0.0000
0.0000
0.0000
0.0000
0.0000
0.0000
156.2500
156.2500
429.6875
429.6875
654.2969
654.2969
883.7891
883.7891
1010.7422
1010.7422
1098.6328
1098.6328
1118.1641
1118.1641
1118.1641
1118.1641
1098.6328
1098.6328
1113.2812
1113.2812
1166.9922
1166.9922
1230.4687
1230.4687
1279.2969
1279.2969
1293.9453
1293.9453
1245.1172
1245.1172
1127.9297
1127.9297
917.9687
917.9687
527.3437
527.3437
102.5391
102.5391
0.0000
0.0000
0.0000
0.0000
0.0000
0.0000
0.0000
0.0000
0.0000
0.0000
0.0000
0.0000
0.0000
0.0000
0.0000
0.0000
0.0000
0.0000
0.0000
0.0000
0.0000
0.0000
0.0000
0.0000
0.0000
0.0000
0.0000
0.0000
0.0000
0.0000
0.0000
0.0000
0.0000
0.0000
146.4844
146.4844
419.9219
419.9219
654.2969
654.2969
893.5547
893.5547
1054.6875
1054.6875
1171.8750
1171.8750
1215.8203
1215.8203
1201.1719
1201.1719
1147.4609
1147.4609
1098.6328
1098.6328
1127.9297
1127.9297
1123.0469
1123.0469
1206.0547
1206.0547
1220.7031
1220.7031
1235.3516
1235.3516
1201.1719
1201.1719
1132.8125
1132.8125
1054.6875
1054.6875
874.0234
874.0234
556.6406
556.6406
63.4766
63.4766
0.0000
0.0000
0.0000
0.0000
0.0000
0.0000
0.0000
0.0000
0.0000
0.0000
0.0000
0.0000
0.0000
0.0000
0.0000
0.0000
0.0000
0.0000
0.0000
0.0000
0.0000
0.0000
0.0000
0.0000
0.0000
0.0000
0.0000
0.0000
0.0000
0.0000
68.3594
68.3594
219.7266
219.7266
483.3984
483.3984
678.7109
678.7109
883.7891
883.7891
1035.1562
1035.1562
1123.0469
1123.0469
1162.1094
1162.1094
1132.8125
1132.8125
1103.5156
1103.5156
1079.1016
1079.1016
1127.9297
1127.9297
1186.5234
1186.5234
1269.5312
1269.5312
1293.9453
1293.9453
1264.6484
1264.6484
1157.2266
1157.2266
971.6797
971.6797
698.2422
698.2422
341.7969
341.7969
0.0000
0.0000
0.0000
0.0000
0.0000
0.0000
0.0000
0.0000
0.0000
0.0000
0.0000
0.0000
0.0000
0.0000
0.0000
0.0000
0.0000
0.0000
0.0000
0.0000
0.0000
0.0000
0.0000
0.0000
0.0000
0.0000
0.0000
0.0000
0.0000
0.0000
0.0000
0.0000
0.0000
0.0000
0.0000
0.0000
249.0234
249.0234
473.6328
473.6328
673.8281
673.8281
864.2578
864.2578
991.2109
991.2109
1103.5156
1103.5156
1127.9297
1127.9297
1113.2812
1113.2812
1074.2187
1074.2187
1054.6875
1054.6875
1093.7500
1093.7500
1108.3984
1108.3984
1171.8750
1171.8750
1162.1094
1162.1094
1166.9922
1166.9922
1069.3359
1069.3359
1005.8594
1005.8594
942.3828
942.3828
844.7266
844.7266
507.8125
507.8125
0.0000
0.0000
0.0000
0.0000
0.0000
0.0000
0.0000
0.0000
0.0000
0.0000
0.0000
0.0000
0.0000
0.0000
0.0000
0.0000
0.0000
0.0000
0.0000
0.0000
0.0000
0.0000
0.0000
0.0000
0.0000
0.0000
0.0000
0.0000
0.0000
0.0000
0.0000
0.0000
0.0000
0.0000
126.9531
126.9531
439.4531
439.4531
634.7656
634.7656
859.3750
859.3750
996.0937
996.0937
1088.8672
1088.8672
1113.2812
1113.2812
1103.5156
1103.5156
1123.0469
1123.0469
1123.0469
1123.0469
1191.4062
1191.4062
1245.1172
1245.1172
1313.4766
1313.4766
1323.2422
1323.2422
1298.8281
1298.8281
1196.2891
1196.2891
1074.2187
1074.2187
883.7891
883.7891
566.4062
566.4062
117.1875
117.1875
0.0000
0.0000
0.0000
0.0000
0.0000
0.0000
0.0000
0.0000
0.0000
0.0000
0.0000
0.0000
0.0000
0.0000
0.0000
0.0000
0.0000
0.0000
0.0000
0.0000
0.0000
0.0000
0.0000
0.0000
0.0000
0.0000
0.0000
0.0000
0.0000
0.0000
0.0000
0.0000
146.4844
146.4844
410.1562
410.1562
639.6484
639.6484
820.3125
820.3125
981.4453
981.4453
1064.4531
1064.4531
1132.8125
1132.8125
1118.1641
1118.1641
1113.2812
1113.2812
1083.9844
1083.9844
1108.3984
1108.3984
1147.4609
1147.4609
1181.6406
1181.6406
1230.4687
1230.4687
1206.0547
1206.0547
1162.1094
1162.1094
1025.3906
1025.3906
961.9141
961.9141
825.1953
825.1953
581.0547
581.0547
112.3047
112.3047
0.0000
0.0000
0.0000
0.0000
0.0000
0.0000
0.0000
0.0000
0.0000
0.0000
0.0000
0.0000
0.0000
0.0000
0.0000
0.0000
0.0000
0.0000
0.0000
0.0000
0.0000
0.0000
0.0000
0.0000
0.0000
0.0000
0.0000
0.0000
0.0000
0.0000
0.0000
0.0000
131.8359
131.8359
366.2109
366.2109
644.5312
644.5312
776.3672
776.3672
932.6172
932.6172
996.0937
996.0937
1069.3359
1069.3359
1088.8672
1088.8672
1079.1016
1093.7500
1093.7500
1093.7500
1098.6328
1098.6328
1176.7578
1176.7578
1201.1719
1201.1719
1259.7656
1259.7656
1240.2344
1240.2344
1206.0547
1118.1641
1118.1641
1000.9766
1000.9766
727.5391
727.5391
263.6719
263.6719
0.0000
0.0000
0.0000
0.0000
0.0000
0.0000
0.0000
0.0000
0.0000
0.0000
0.0000
0.0000
0.0000
0.0000
0.0000
0.0000
0.0000
0.0000
0.0000
0.0000
0.0000
0.0000
0.0000
0.0000
0.0000
0.0000
0.0000
0.0000
0.0000
0.0000
0.0000
0.0000
0.0000
0.0000
0.0000
0.0000
239.2578
239.2578
463.8672
463.8672
654.2969
654.2969
805.6641
805.6641
898.4375
898.4375
957.0312
957.0312
996.0937
996.0937
1035.1562
1035.1562
1035.1562
1035.1562
1098.6328
1098.6328
1113.2812
1113.2812
1171.8750
1171.8750
1196.2891
1196.2891
1157.2266
1157.2266
1147.4609
1147.4609
1064.4531
1064.4531
1059.5703
1059.5703
1025.3906
1025.3906
986.3281
986.3281
659.1797
659.1797
205.0781
205.0781
0.0000
0.0000
0.0000
0.0000
0.0000
0.0000
0.0000
0.0000
0.0000
0.0000
0.0000
0.0000
0.0000
0.0000
0.0000
0.0000
0.0000
0.0000
0.0000
0.0000
0.0000
0.0000
0.0000
0.0000
0.0000
0.0000
0.0000
0.0000
0.0000
0.0000
0.0000
0.0000
263.6719
263.6719
532.2266
532.2266
678.7109
678.7109
830.0781
830.0781
859.3750
859.3750
966.7969
966.7969
1000.9766
1000.9766
1059.5703
1059.5703
1123.0469
1123.0469
1176.7578
1176.7578
1220.7031
1220.7031
1240.2344
1240.2344
1240.2344
1240.2344
1206.0547
1206.0547
1215.8203
1215.8203
1142.5781
1142.5781
1108.3984
1108.3984
981.4453
981.4453
683.5937
683.5937
380.8594
380.8594
141.6016
141.6016
0.0000
0.0000
0.0000
0.0000
0.0000
0.0000
0.0000
0.0000
0.0000
0.0000
0.0000
0.0000
0.0000
0.0000
0.0000
0.0000
0.0000
0.0000
0.0000
0.0000
0.0000
0.0000
0.0000
0.0000
0.0000
0.0000
0.0000
0.0000
0.0000
0.0000
97.6562
97.6562
351.5625
351.5625
585.9375
585.9375
751.9531
751.9531
859.3750
859.3750
942.3828
942.3828
1030.2734
1030.2734
1088.8672
1088.8672
1147.4609
1147.4609
1171.8750
1171.8750
1191.4062
1191.4062
1191.4062
1191.4062
1176.7578
1176.7578
1142.5781
1142.5781
1103.5156
1103.5156
1059.5703
1059.5703
1005.8594
1005.8594
1000.9766
1000.9766
966.7969
966.7969
874.0234
874.0234
512.6953
512.6953
146.4844
146.4844
0.0000
0.0000
0.0000
0.0000
0.0000
0.0000
0.0000
0.0000
0.0000
0.0000
0.0000
0.0000
0.0000
0.0000
0.0000
0.0000
0.0000
0.0000
0.0000
0.0000
0.0000
0.0000
0.0000
0.0000
0.0000
0.0000
0.0000
0.0000
0.0000
0.0000
219.7266
219.7266
473.6328
473.6328
664.0625
664.0625
781.2500
781.2500
883.7891
883.7891
922.8516
922.8516
991.2109
991.2109
1025.3906
1025.3906
1093.7500
1093.7500
1152.3437
1152.3437
1196.2891
1196.2891
1201.1719
1201.1719
1171.8750
1171.8750
1127.9297
1127.9297
1079.1016
1079.1016
1069.3359
1069.3359
1044.9219
1044.9219
1054.6875
1054.6875
947.2656
947.2656
634.7656
634.7656
122.0703
122.0703
0.0000
0.0000
0.0000
0.0000
0.0000
0.0000
0.0000
0.0000
0.0000
0.0000
0.0000
0.0000
0.0000
0.0000
0.0000
0.0000
0.0000
0.0000
0.0000
0.0000
0.0000
0.0000
0.0000
0.0000
0.0000
0.0000
0.0000
0.0000
0.0000
0.0000
0.0000
0.0000
117.1875
117.1875
356.4453
356.4453
541.9922
541.9922
678.7109
678.7109
786.1328
786.1328
839.8437
839.8437
917.9687
917.9687
961.9141
961.9141
1020.5078
1020.5078
1054.6875
1054.6875
1093.7500
1093.7500
1088.8672
1088.8672
1108.3984
1108.3984
1054.6875
1054.6875
1030.2734
1030.2734
1020.5078
1020.5078
1035.1562
1035.1562
1069.3359
1069.3359
1040.0391
1040.0391
859.3750
859.3750
336.9141
336.9141
0.0000
0.0000
0.0000
0.0000
0.0000
0.0000
0.0000
0.0000
0.0000
0.0000
0.0000
0.0000
0.0000
0.0000
0.0000
0.0000
0.0000
0.0000
0.0000
0.0000
0.0000
0.0000
0.0000
0.0000
0.0000
0.0000
0.0000
0.0000
0.0000
0.0000
24.4141
24.4141
249.0234
249.0234
522.4609
522.4609
673.8281
673.8281
830.0781
830.0781
903.3203
903.3203
937.5000
937.5000
1010.7422
1010.7422
1010.7422
1010.7422
1113.2812
1113.2812
1142.5781
1142.5781
1196.2891
1196.2891
1171.8750
1171.8750
1162.1094
1162.1094
1103.5156
1103.5156
1054.6875
1054.6875
1093.7500
1093.7500
1088.8672
1088.8672
1083.9844
1083.9844
864.2578
864.2578
419.9219
419.9219
0.0000
0.0000
0.0000
0.0000
0.0000
0.0000
0.0000
0.0000
0.0000
0.0000
0.0000
0.0000
0.0000
0.0000
0.0000
0.0000
0.0000
0.0000
0.0000
0.0000
0.0000
0.0000
0.0000
0.0000
0.0000
0.0000
0.0000
0.0000
0.0000
0.0000
0.0000
0.0000
48.8281
48.8281
346.6797
346.6797
541.9922
541.9922
693.3594
693.3594
791.0156
791.0156
869.1406
869.1406
961.9141
961.9141
1025.3906
1025.3906
1064.4531
1064.4531
1123.0469
1123.0469
1123.0469
1123.0469
1162.1094
1162.1094
1123.0469
1123.0469
1108.3984
1108.3984
1069.3359
1069.3359
1079.1016
1079.1016
1093.7500
1093.7500
1132.8125
1132.8125
1147.4609
1147.4609
1049.8047
1049.8047
751.9531
751.9531
170.8984
170.8984
0.0000
0.0000
0.0000
0.0000
0.0000
0.0000
0.0000
0.0000
0.0000
0.0000
0.0000
0.0000
0.0000
0.0000
0.0000
0.0000
0.0000
0.0000
0.0000
0.0000
0.0000
0.0000
0.0000
0.0000
0.0000
0.0000
0.0000
0.0000
0.0000
0.0000
19.5312
19.5312
239.2578
239.2578
507.8125
507.8125
649.4141
649.4141
795.8984
795.8984
903.3203
903.3203
971.6797
971.6797
1020.5078
1020.5078
1044.9219
1044.9219
1103.5156
1103.5156
1113.2812
1113.2812
1157.2266
1157.2266
1127.9297
1127.9297
1118.1641
1118.1641
1079.1016
1079.1016
1054.6875
1054.6875
1059.5703
1059.5703
1049.8047
1049.8047
917.9687
917.9687
478.5156
478.5156
43.9453
43.9453
0.0000
0.0000
0.0000
0.0000
0.0000
0.0000
0.0000
0.0000
0.0000
0.0000
0.0000
0.0000
0.0000
0.0000
0.0000
0.0000
0.0000
0.0000
0.0000
0.0000
0.0000
0.0000
0.0000
0.0000
0.0000
0.0000
0.0000
0.0000
0.0000
0.0000
14.6484
14.6484
312.5000
312.5000
541.9922
541.9922
698.2422
698.2422
800.7812
800.7812
874.0234
874.0234
971.6797
971.6797
1030.2734
1030.2734
1088.8672
1088.8672
1113.2812
1113.2812
1118.1641
1118.1641
1132.8125
1132.8125
1137.6953
1137.6953
1118.1641
1118.1641
1132.8125
1132.8125
1093.7500
1093.7500
1108.3984
1108.3984
1108.3984
1108.3984
1127.9297
1127.9297
1064.4531
1064.4531
751.9531
751.9531
200.1953
200.1953
0.0000
0.0000
0.0000
0.0000
0.0000
0.0000
0.0000
0.0000
0.0000
0.0000
0.0000
0.0000
0.0000
0.0000
0.0000
0.0000
0.0000
0.0000
0.0000
0.0000
0.0000
0.0000
0.0000
0.0000
0.0000
0.0000
0.0000
0.0000
0.0000
0.0000
29.2969
29.2969
292.9687
292.9687
473.6328
473.6328
664.0625
664.0625
742.1875
742.1875
903.3203
903.3203
981.4453
981.4453
1088.8672
1088.8672
1142.5781
1142.5781
1166.9922
1166.9922
1196.2891
1196.2891
1181.6406
1181.6406
1191.4062
1191.4062
1152.3437
1152.3437
1142.5781
1142.5781
1103.5156
1103.5156
1088.8672
1088.8672
1015.6250
1015.6250
795.8984
795.8984
429.6875
429.6875
58.5937
58.5937
0.0000
0.0000
0.0000
0.0000
0.0000
0.0000
0.0000
0.0000
0.0000
0.0000
0.0000
0.0000
0.0000
0.0000
0.0000
0.0000
0.0000
0.0000
0.0000
0.0000
0.0000
0.0000
0.0000
0.0000
0.0000
0.0000
0.0000
0.0000
0.0000
0.0000
73.2422
73.2422
302.7344
302.7344
556.6406
556.6406
688.4766
688.4766
830.0781
830.0781
922.8516
922.8516
1005.8594
1005.8594
1083.9844
1083.9844
1142.5781
1142.5781
1166.9922
1166.9922
1191.4062
1191.4062
1191.4062
1191.4062
1166.9922
1166.9922
1132.8125
1132.8125
1123.0469
1123.0469
1137.6953
1137.6953
1127.9297
1127.9297
1142.5781
1142.5781
1113.2812
1113.2812
1044.9219
1044.9219
722.6562
722.6562
180.6641
180.6641
0.0000
0.0000
0.0000
0.0000
0.0000
0.0000
0.0000
0.0000
0.0000
0.0000
0.0000
0.0000
0.0000
0.0000
0.0000
0.0000
0.0000
0.0000
0.0000
0.0000
0.0000
0.0000
0.0000
0.0000
0.0000
0.0000
0.0000
0.0000
0.0000
0.0000
0.0000
0.0000
190.4297
190.4297
429.6875
429.6875
571.2891
571.2891
732.4219
732.4219
825.1953
825.1953
961.9141
961.9141
1030.2734
1030.2734
1137.6953
1137.6953
1171.8750
1171.8750
1196.2891
1196.2891
1186.5234
1186.5234
1142.5781
1142.5781
1137.6953
1137.6953
1093.7500
1093.7500
1127.9297
1127.9297
1132.8125
1152.3437
1152.3437
1152.3437
1005.8594
1005.8594
625.0000
625.0000
151.3672
151.3672
0.0000
0.0000
0.0000
0.0000
0.0000
0.0000
0.0000
0.0000
0.0000
0.0000
0.0000
0.0000
0.0000
0.0000
0.0000
0.0000
0.0000
0.0000
0.0000
0.0000
0.0000
0.0000
0.0000
0.0000
0.0000
0.0000
0.0000
0.0000
0.0000
0.0000
0.0000
0.0000
263.6719
263.6719
449.2187
449.2187
659.1797
659.1797
747.0703
893.5547
893.5547
893.5547
952.1484
952.1484
1044.9219
1103.5156
1103.5156
1142.5781
1142.5781
1176.7578
1176.7578
1181.6406
1181.6406
1162.1094
1162.1094
1132.8125
1132.8125
1113.2812
1113.2812
1127.9297
1127.9297
1162.1094
1162.1094
1176.7578
1176.7578
1181.6406
1181.6406
1069.3359
1069.3359
708.0078
708.0078
175.7812
175.7812
0.0000
0.0000
0.0000
0.0000
0.0000
0.0000
0.0000
0.0000
0.0000
0.0000
0.0000
0.0000
0.0000
0.0000
0.0000
0.0000
0.0000
0.0000
0.0000
0.0000
0.0000
0.0000
0.0000
0.0000
0.0000
0.0000
0.0000
0.0000
0.0000
0.0000
146.4844
146.4844
390.6250
390.6250
600.5859
600.5859
737.3047
737.3047
854.4922
854.4922
961.9141
961.9141
1030.2734
1030.2734
1123.0469
1123.0469
1176.7578
1176.7578
1254.8828
1254.8828
1264.6484
1264.6484
1259.7656
1259.7656
1210.9375
1210.9375
1157.2266
1157.2266
1127.9297
1127.9297
1103.5156
1103.5156
1142.5781
1142.5781
1098.6328
1098.6328
947.2656
947.2656
532.2266
532.2266
126.9531
126.9531
0.0000
0.0000
0.0000
0.0000
0.0000
0.0000
0.0000
0.0000
0.0000
0.0000
0.0000
0.0000
0.0000
0.0000
0.0000
0.0000
0.0000
0.0000
0.0000
0.0000
0.0000
0.0000
0.0000
0.0000
0.0000
0.0000
0.0000
0.0000
0.0000
0.0000
39.0625
39.0625
327.1484
327.1484
556.6406
556.6406
688.4766
688.4766
839.8437
839.8437
917.9687
917.9687
1049.8047
1049.8047
1113.2812
1113.2812
1201.1719
1201.1719
1215.8203
1215.8203
1235.3516
1235.3516
1215.8203
1215.8203
1186.5234
1186.5234
1157.2266
1157.2266
1118.1641
1118.1641
1118.1641
1118.1641
1147.4609
1147.4609
1191.4062
1191.4062
1181.6406
1181.6406
1118.1641
1118.1641
791.0156
791.0156
258.7891
258.7891
0.0000
0.0000
0.0000
0.0000
0.0000
0.0000
0.0000
0.0000
0.0000
0.0000
0.0000
0.0000
0.0000
0.0000
0.0000
0.0000
0.0000
0.0000
0.0000
0.0000
0.0000
0.0000
0.0000
0.0000
0.0000
0.0000
0.0000
0.0000
0.0000
0.0000
0.0000
0.0000
239.2578
239.2578
463.8672
463.8672
659.1797
659.1797
795.8984
795.8984
927.7344
927.7344
1025.3906
1025.3906
1083.9844
1083.9844
1147.4609
1147.4609
1162.1094
1162.1094
1210.9375
1210.9375
1201.1719
1201.1719
1206.0547
1206.0547
1157.2266
1157.2266
1132.8125
1132.8125
1108.3984
1108.3984
1093.7500
1093.7500
1147.4609
1147.4609
1147.4609
1147.4609
1093.7500
1093.7500
688.4766
688.4766
68.3594
68.3594
0.0000
0.0000
0.0000
0.0000
0.0000
0.0000
0.0000
0.0000
0.0000
0.0000
0.0000
0.0000
0.0000
0.0000
0.0000
0.0000
0.0000
0.0000
0.0000
0.0000
0.0000
0.0000
0.0000
0.0000
0.0000
0.0000
0.0000
0.0000
0.0000
0.0000
0.0000
0.0000
0.0000
0.0000
200.1953
200.1953
434.5703
434.5703
644.5312
644.5312
781.2500
781.2500
947.2656
947.2656
1040.0391
1040.0391
1132.8125
1132.8125
1137.6953
1137.6953
1162.1094
1162.1094
1147.4609
1147.4609
1123.0469
1123.0469
1123.0469
1123.0469
1137.6953
1137.6953
1166.9922
1166.9922
1206.0547
1206.0547
1250.0000
1250.0000
1279.2969
1279.2969
1293.9453
1293.9453
1225.5859
1225.5859
1069.3359
1069.3359
615.2344
615.2344
92.7734
92.7734
0.0000
0.0000
0.0000
0.0000
0.0000
0.0000
0.0000
0.0000
0.0000
0.0000
0.0000
0.0000
0.0000
0.0000
0.0000
0.0000
0.0000
0.0000
0.0000
0.0000
0.0000
0.0000
0.0000
0.0000
0.0000
0.0000
0.0000
0.0000
0.0000
0.0000
0.0000
0.0000
244.1406
244.1406
488.2812
488.2812
742.1875
742.1875
927.7344
927.7344
1088.8672
1088.8672
1157.2266
1157.2266
1181.6406
1181.6406
1176.7578
1176.7578
1152.3437
1152.3437
1181.6406
1181.6406
1166.9922
1166.9922
1210.9375
1210.9375
1201.1719
1201.1719
1220.7031
1220.7031
1215.8203
1215.8203
1186.5234
1186.5234
1113.2812
1113.2812
825.1953
825.1953
395.5078
395.5078
0.0000
0.0000
0.0000
0.0000
0.0000
0.0000
0.0000
0.0000
0.0000
0.0000
0.0000
0.0000
0.0000
0.0000
0.0000
0.0000
0.0000
0.0000
0.0000
0.0000
0.0000
0.0000
0.0000
0.0000
0.0000
0.0000
0.0000
0.0000
0.0000
0.0000
0.0000
0.0000
78.1250
78.1250
283.2031
283.2031
532.2266
532.2266
698.2422
698.2422
864.2578
864.2578
1005.8594
1005.8594
1103.5156
1103.5156
1176.7578
1176.7578
1147.4609
1147.4609
1147.4609
1147.4609
1079.1016
1079.1016
1098.6328
1098.6328
1108.3984
1108.3984
1157.2266
1157.2266
1191.4062
1191.4062
1235.3516
1235.3516
1254.8828
1254.8828
1254.8828
1254.8828
1235.3516
1235.3516
1108.3984
1108.3984
776.3672
776.3672
273.4375
273.4375
0.0000
0.0000
0.0000
0.0000
0.0000
0.0000
0.0000
0.0000
0.0000
0.0000
0.0000
0.0000
0.0000
0.0000
0.0000
0.0000
0.0000
0.0000
0.0000
0.0000
0.0000
0.0000
0.0000
0.0000
0.0000
0.0000
0.0000
0.0000
0.0000
0.0000
117.1875
117.1875
356.4453
356.4453
546.8750
546.8750
766.6016
766.6016
952.1484
952.1484
1098.6328
1098.6328
1176.7578
1176.7578
1210.9375
1210.9375
1181.6406
1181.6406
1176.7578
1176.7578
1152.3437
1152.3437
1176.7578
1176.7578
1181.6406
1181.6406
1225.5859
1225.5859
1220.7031
1220.7031
1225.5859
1225.5859
1206.0547
1206.0547
1142.5781
1142.5781
1015.6250
1015.6250
659.1797
659.1797
195.3125
195.3125
0.0000
0.0000
0.0000
0.0000
0.0000
0.0000
0.0000
0.0000
0.0000
0.0000
0.0000
0.0000
0.0000
0.0000
0.0000
0.0000
0.0000
0.0000
0.0000
0.0000
0.0000
0.0000
0.0000
0.0000
0.0000
0.0000
0.0000
0.0000
0.0000
0.0000
126.9531
126.9531
415.0391
415.0391
615.2344
615.2344
849.6094
849.6094
996.0937
996.0937
1147.4609
1147.4609
1254.8828
1254.8828
1298.8281
1298.8281
1308.5937
1308.5937
1240.2344
1240.2344
1196.2891
1196.2891
1123.0469
1123.0469
1142.5781
1142.5781
1137.6953
1137.6953
1186.5234
1186.5234
1210.9375
1210.9375
1230.4687
1230.4687
1181.6406
1181.6406
1083.9844
1083.9844
864.2578
864.2578
390.6250
390.6250
0.0000
0.0000
0.0000
0.0000
0.0000
0.0000
0.0000
0.0000
0.0000
0.0000
0.0000
0.0000
0.0000
0.0000
0.0000
0.0000
0.0000
0.0000
0.0000
0.0000
0.0000
0.0000
0.0000
0.0000
0.0000
0.0000
0.0000
0.0000
0.0000
0.0000
0.0000
0.0000
34.1797
34.1797
312.5000
312.5000
517.5781
517.5781
722.6562
722.6562
883.7891
883.7891
1035.1562
1035.1562
1113.2812
1113.2812
1137.6953
1137.6953
1137.6953
1137.6953
1113.2812
1113.2812
1083.9844
1083.9844
1088.8672
1088.8672
1127.9297
1127.9297
1147.4609
1147.4609
1225.5859
1225.5859
1210.9375
1210.9375
1181.6406
1181.6406
1049.8047
1049.8047
825.1953
825.1953
341.7969
341.7969
0.0000
0.0000
0.0000
0.0000
0.0000
0.0000
0.0000
0.0000
0.0000
0.0000
0.0000
0.0000
0.0000
0.0000
0.0000
0.0000
0.0000
0.0000
0.0000
0.0000
0.0000
0.0000
0.0000
0.0000
0.0000
0.0000
0.0000
0.0000
0.0000
0.0000
0.0000
0.0000
0.0000
0.0000
87.8906
87.8906
351.5625
351.5625
556.6406
556.6406
791.0156
791.0156
917.9687
917.9687
1049.8047
1049.8047
1079.1016
1079.1016
1098.6328
1098.6328
1079.1016
1079.1016
1040.0391
1040.0391
1079.1016
1079.1016
1079.1016
1079.1016
1137.6953
1137.6953
1166.9922
1166.9922
1235.3516
1235.3516
1250.0000
1250.0000
1230.4687
1230.4687
1157.2266
1157.2266
1059.5703
1059.5703
883.7891
883.7891
410.1562
410.1562
0.0000
0.0000
0.0000
0.0000
0.0000
0.0000
0.0000
0.0000
0.0000
0.0000
0.0000
0.0000
0.0000
0.0000
0.0000
0.0000
0.0000
0.0000
0.0000
0.0000
0.0000
0.0000
0.0000
0.0000
0.0000
0.0000
0.0000
0.0000
0.0000
0.0000
0.0000
0.0000
78.1250
78.1250
385.7422
385.7422
605.4687
605.4687
834.9609
834.9609
986.3281
986.3281
1103.5156
1103.5156
1166.9922
1166.9922
1186.5234
1186.5234
1181.6406
1181.6406
1171.8750
1171.8750
1186.5234
1186.5234
1225.5859
1225.5859
1254.8828
1254.8828
1284.1797
1284.1797
1318.3594
1318.3594
1298.8281
1298.8281
1264.6484
1264.6484
1108.3984
1108.3984
786.1328
786.1328
307.6172
307.6172
0.0000
0.0000
0.0000
0.0000
0.0000
0.0000
0.0000
0.0000
0.0000
0.0000
0.0000
0.0000
0.0000
0.0000
0.0000
0.0000
0.0000
0.0000
0.0000
0.0000
0.0000
0.0000
0.0000
0.0000
0.0000
0.0000
0.0000
0.0000
0.0000
0.0000
0.0000
0.0000
195.3125
195.3125
463.8672
463.8672
688.4766
688.4766
898.4375
898.4375
1079.1016
1079.1016
1181.6406
1181.6406
1250.0000
1250.0000
1220.7031
1220.7031
1191.4062
1191.4062
1118.1641
1118.1641
1098.6328
1098.6328
1113.2812
1113.2812
1152.3437
1152.3437
1230.4687
1230.4687
1245.1172
1245.1172
1259.7656
1259.7656
1201.1719
1201.1719
1137.6953
1137.6953
1025.3906
1025.3906
727.5391
727.5391
161.1328
161.1328
0.0000
0.0000
0.0000
0.0000
0.0000
0.0000
0.0000
0.0000
0.0000
0.0000
0.0000
0.0000
0.0000
0.0000
0.0000
0.0000
0.0000
0.0000
0.0000
0.0000
0.0000
0.0000
0.0000
0.0000
0.0000
0.0000
0.0000
0.0000
0.0000
0.0000
0.0000
87.8906
87.8906
87.8906
307.6172
307.6172
605.4687
605.4687
776.3672
776.3672
961.9141
961.9141
1040.0391
1040.0391
1098.6328
1098.6328
1098.6328
1103.5156
1103.5156
1132.8125
1132.8125
1152.3437
1152.3437
1206.0547
1206.0547
1240.2344
1240.2344
1274.4141
1274.4141
1259.7656
1259.7656
1245.1172
1245.1172
1142.5781
1142.5781
869.1406
869.1406
366.2109
366.2109
0.0000
0.0000
0.0000
0.0000
0.0000
0.0000
0.0000
0.0000
0.0000
0.0000
0.0000
0.0000
0.0000
0.0000
0.0000
0.0000
0.0000
0.0000
0.0000
0.0000
0.0000
0.0000
0.0000
0.0000
0.0000
0.0000
0.0000
0.0000
0.0000
0.0000
0.0000
0.0000
0.0000
0.0000
219.7266
219.7266
444.3359
444.3359
668.9453
668.9453
839.8437
839.8437
1010.7422
1010.7422
1132.8125
1132.8125
1181.6406
1181.6406
1196.2891
1196.2891
1152.3437
1152.3437
1127.9297
1127.9297
1093.7500
1093.7500
1176.7578
1176.7578
1201.1719
1201.1719
1250.0000
1250.0000
1289.0625
1289.0625
1279.2969
1279.2969
1274.4141
1274.4141
1206.0547
1206.0547
1166.9922
1166.9922
883.7891
883.7891
444.3359
444.3359
0.0000
0.0000
0.0000
0.0000
0.0000
0.0000
0.0000
0.0000
0.0000
0.0000
0.0000
0.0000
0.0000
0.0000
0.0000
0.0000
0.0000
0.0000
0.0000
0.0000
0.0000
0.0000
0.0000
0.0000
0.0000
0.0000
0.0000
0.0000
0.0000
0.0000
0.0000
0.0000
283.2031
283.2031
483.3984
483.3984
712.8906
712.8906
922.8516
922.8516
1035.1562
1035.1562
1142.5781
1142.5781
1137.6953
1137.6953
1152.3437
1152.3437
1108.3984
1108.3984
1127.9297
1127.9297
1162.1094
1162.1094
1206.0547
1206.0547
1240.2344
1240.2344
1245.1172
1245.1172
1225.5859
1225.5859
1157.2266
1157.2266
1054.6875
1054.6875
737.3047
737.3047
302.7344
302.7344
0.0000
0.0000
0.0000
0.0000
0.0000
0.0000
0.0000
0.0000
0.0000
0.0000
0.0000
0.0000
0.0000
0.0000
0.0000
0.0000
0.0000
0.0000
0.0000
0.0000
0.0000
0.0000
0.0000
0.0000
0.0000
0.0000
0.0000
0.0000
0.0000
0.0000
0.0000
0.0000
0.0000
0.0000
63.4766
63.4766
283.2031
283.2031
546.8750
546.8750
751.9531
751.9531
932.6172
932.6172
1069.3359
1069.3359
1147.4609
1147.4609
1142.5781
1142.5781
1147.4609
1147.4609
1103.5156
1103.5156
1127.9297
1127.9297
1118.1641
1118.1641
1171.8750
1171.8750
1196.2891
1196.2891
1245.1172
1245.1172
1240.2344
1240.2344
1220.7031
1220.7031
1230.4687
1230.4687
1245.1172
1245.1172
1098.6328
1098.6328
541.9922
541.9922
0.0000
0.0000
0.0000
0.0000
0.0000
0.0000
0.0000
0.0000
0.0000
0.0000
0.0000
0.0000
0.0000
0.0000
0.0000
0.0000
0.0000
0.0000
0.0000
0.0000
0.0000
0.0000
0.0000
0.0000
0.0000
0.0000
0.0000
0.0000
0.0000
0.0000
0.0000
0.0000
92.7734
92.7734
356.4453
356.4453
571.2891
571.2891
795.8984
795.8984
976.5625
976.5625
1098.6328
1098.6328
1152.3437
1152.3437
1132.8125
1132.8125
1142.5781
1142.5781
1098.6328
1098.6328
1147.4609
1147.4609
1166.9922
1166.9922
1230.4687
1230.4687
1264.6484
1264.6484
1264.6484
1264.6484
1235.3516
1235.3516
1152.3437
1152.3437
1025.3906
1025.3906
610.3516
610.3516
175.7812
175.7812
0.0000
0.0000
0.0000
0.0000
0.0000
0.0000
0.0000
0.0000
0.0000
0.0000
0.0000
0.0000
0.0000
0.0000
0.0000
0.0000
0.0000
0.0000
0.0000
0.0000
0.0000
0.0000
0.0000
0.0000
0.0000
0.0000
0.0000
0.0000
0.0000
0.0000
0.0000
0.0000
117.1875
117.1875
327.1484
327.1484
551.7578
551.7578
756.8359
756.8359
898.4375
898.4375
1025.3906
1025.3906
1083.9844
1083.9844
1108.3984
1108.3984
1079.1016
1079.1016
1059.5703
1059.5703
1079.1016
1079.1016
1113.2812
1113.2812
1142.5781
1142.5781
1196.2891
1196.2891
1210.9375
1210.9375
1220.7031
1220.7031
1176.7578
1176.7578
1142.5781
1142.5781
1123.0469
1123.0469
952.1484
952.1484
