322.2656
322.2656
341.7969
341.7969
424.8047
424.8047
468.7500
468.7500
473.6328
473.6328
512.6953
512.6953
512.6953
512.6953
502.9297
502.9297
571.2891
571.2891
683.5937
683.5937
722.6562
722.6562
756.8359
756.8359
805.6641
805.6641
815.4297
815.4297
859.3750
859.3750
996.0937
996.0937
1127.9297
1127.9297
1186.5234
1186.5234
1254.8828
1254.8828
1293.9453
1293.9453
1279.2969
1279.2969
1313.4766
1313.4766
1401.3672
1401.3672
1435.5469
1435.5469
1411.1328
1411.1328
1416.0156
1416.0156
1386.7187
1386.7187
1352.5391
1352.5391
1381.8359
1381.8359
1450.1953
1450.1953
1450.1953
1450.1953
1445.3125
1445.3125
1464.8437
1464.8437
1445.3125
1445.3125
1430.6641
1430.6641
1464.8437
1464.8437
1484.3750
1484.3750
1391.6016
1391.6016
1264.6484
1264.6484
1118.1641
1118.1641
922.8516
922.8516
781.2500
781.2500
727.5391
727.5391
659.1797
659.1797
546.8750
546.8750
468.7500
468.7500
341.7969
341.7969
185.5469
185.5469
83.0078
83.0078
48.8281
48.8281
0.0000
0.0000
0.0000
0.0000
0.0000
0.0000
0.0000
0.0000
0.0000
0.0000
0.0000
0.0000
0.0000
0.0000
0.0000
0.0000
0.0000
0.0000
0.0000
0.0000
0.0000
0.0000
0.0000
0.0000
0.0000
0.0000
0.0000
0.0000
0.0000
0.0000
0.0000
0.0000
0.0000
0.0000
0.0000
0.0000
0.0000
0.0000
0.0000
0.0000
0.0000
0.0000
0.0000
0.0000
0.0000
0.0000
0.0000
0.0000
0.0000
0.0000
0.0000
0.0000
0.0000
0.0000
0.0000
0.0000
0.0000
0.0000
0.0000
0.0000
0.0000
0.0000
0.0000
0.0000
0.0000
0.0000
0.0000
0.0000
0.0000
0.0000
0.0000
0.0000
0.0000
0.0000
0.0000
0.0000
0.0000
0.0000
0.0000
0.0000
0.0000
0.0000
0.0000
0.0000
0.0000
0.0000
0.0000
0.0000
0.0000
0.0000
0.0000
0.0000
0.0000
0.0000
0.0000
0.0000
0.0000
0.0000
0.0000
0.0000
0.0000
0.0000
0.0000
0.0000
0.0000
0.0000
0.0000
0.0000
0.0000
0.0000
0.0000
0.0000
0.0000
0.0000
0.0000
0.0000
0.0000
0.0000
0.0000
0.0000
14.6484
14.6484
73.2422
73.2422
68.3594
68.3594
78.1250
78.1250
166.0156
166.0156
283.2031
283.2031
327.1484
327.1484
375.9766
375.9766
415.0391
415.0391
400.3906
400.3906
429.6875
429.6875
532.2266
532.2266
581.0547
581.0547
576.1719
576.1719
605.4687
605.4687
595.7031
595.7031
585.9375
585.9375
659.1797
659.1797
761.7187
761.7187
791.0156
791.0156
795.8984
795.8984
800.7812
800.7812
756.8359
756.8359
751.9531
751.9531
834.9609
834.9609
898.4375
898.4375
893.5547
893.5547
917.9687
917.9687
927.7344
927.7344
913.0859
913.0859
952.1484
952.1484
1035.1562
1035.1562
1040.0391
1040.0391
991.2109
991.2109
952.1484
952.1484
854.4922
854.4922
766.6016
766.6016
756.8359
756.8359
742.1875
742.1875
639.6484
639.6484
541.9922
454.1016
454.1016
454.1016
346.6797
346.6797
317.3828
317.3828
395.5078
395.5078
454.1016
454.1016
444.3359
444.3359
439.4531
439.4531
380.8594
380.8594
268.5547
268.5547
200.1953
156.2500
156.2500
156.2500
39.0625
39.0625
0.0000
0.0000
0.0000
0.0000
0.0000
0.0000
0.0000
0.0000
0.0000
0.0000
0.0000
0.0000
0.0000
0.0000
0.0000
0.0000
0.0000
0.0000
0.0000
0.0000
0.0000
0.0000
0.0000
0.0000
0.0000
0.0000
0.0000
0.0000
0.0000
0.0000
0.0000
0.0000
0.0000
0.0000
0.0000
0.0000
0.0000
0.0000
0.0000
0.0000
0.0000
0.0000
0.0000
0.0000
0.0000
0.0000
0.0000
87.8906
87.8906
273.4375
273.4375
371.0937
371.0937
454.1016
454.1016
463.8672
463.8672
429.6875
429.6875
444.3359
444.3359
507.8125
507.8125
512.6953
512.6953
522.4609
522.4609
571.2891
571.2891
576.1719
576.1719
610.3516
610.3516
712.8906
712.8906
795.8984
795.8984
771.4844
771.4844
742.1875
742.1875
683.5937
683.5937
600.5859
600.5859
590.8203
590.8203
673.8281
673.8281
732.4219
732.4219
761.7187
761.7187
839.8437
839.8437
874.0234
874.0234
898.4375
898.4375
981.4453
981.4453
1093.7500
1093.7500
1118.1641
1118.1641
1108.3984
1108.3984
1123.0469
1123.0469
1093.7500
1093.7500
1113.2812
1113.2812
1220.7031
1220.7031
1337.8906
1337.8906
1367.1875
1367.1875
1401.3672
1401.3672
1411.1328
1411.1328
1372.0703
1372.0703
1372.0703
1372.0703
1435.5469
1435.5469
1445.3125
1445.3125
1391.6016
1391.6016
1357.4219
1357.4219
1298.8281
1298.8281
1250.0000
1250.0000
1289.0625
1289.0625
1391.6016
1391.6016
1430.6641
1430.6641
1420.8984
1420.8984
1391.6016
1391.6016
1264.6484
1264.6484
1103.5156
1103.5156
991.2109
991.2109
869.1406
869.1406
664.0625
664.0625
483.3984
483.3984
322.2656
322.2656
146.4844
146.4844
39.0625
39.0625
9.7656
9.7656
0.0000
0.0000
0.0000
0.0000
0.0000
0.0000
0.0000
0.0000
0.0000
0.0000
0.0000
0.0000
0.0000
0.0000
0.0000
0.0000
0.0000
0.0000
0.0000
0.0000
0.0000
0.0000
0.0000
0.0000
0.0000
0.0000
0.0000
0.0000
0.0000
0.0000
0.0000
0.0000
0.0000
0.0000
0.0000
0.0000
0.0000
0.0000
0.0000
0.0000
0.0000
0.0000
0.0000
0.0000
0.0000
0.0000
0.0000
0.0000
0.0000
0.0000
0.0000
0.0000
0.0000
0.0000
0.0000
0.0000
0.0000
0.0000
0.0000
0.0000
0.0000
0.0000
0.0000
0.0000
0.0000
0.0000
0.0000
0.0000
0.0000
0.0000
0.0000
0.0000
0.0000
0.0000
0.0000
0.0000
0.0000
0.0000
0.0000
0.0000
0.0000
0.0000
0.0000
0.0000
0.0000
0.0000
0.0000
0.0000
0.0000
0.0000
0.0000
0.0000
0.0000
0.0000
0.0000
0.0000
0.0000
0.0000
0.0000
0.0000
0.0000
0.0000
0.0000
0.0000
0.0000
0.0000
0.0000
0.0000
0.0000
0.0000
0.0000
0.0000
0.0000
0.0000
0.0000
0.0000
0.0000
0.0000
0.0000
0.0000
0.0000
0.0000
0.0000
0.0000
0.0000
0.0000
0.0000
0.0000
0.0000
0.0000
0.0000
0.0000
4.8828
4.8828
9.7656
9.7656
43.9453
43.9453
43.9453
43.9453
83.0078
83.0078
209.9609
209.9609
336.9141
336.9141
380.8594
380.8594
444.3359
444.3359
488.2812
488.2812
498.0469
498.0469
576.1719
576.1719
727.5391
727.5391
810.5469
810.5469
859.3750
859.3750
927.7344
927.7344
942.3828
942.3828
952.1484
952.1484
1044.9219
1044.9219
1166.9922
1166.9922
1225.5859
1225.5859
1298.8281
1298.8281
1376.9531
1376.9531
1381.8359
1381.8359
1396.4844
1396.4844
1440.4297
1440.4297
1411.1328
1411.1328
1323.2422
1323.2422
1259.7656
1259.7656
1171.8750
1171.8750
1103.5156
1103.5156
1132.8125
1132.8125
1215.8203
1215.8203
1206.0547
1206.0547
1157.2266
1157.2266
1093.7500
1093.7500
957.0312
957.0312
844.7266
844.7266
820.3125
820.3125
820.3125
820.3125
781.2500
781.2500
786.1328
786.1328
795.8984
795.8984
737.3047
737.3047
703.1250
703.1250
703.1250
703.1250
625.0000
625.0000
468.7500
468.7500
322.2656
322.2656
126.9531
126.9531
0.0000
0.0000
0.0000
0.0000
0.0000
0.0000
0.0000
0.0000
0.0000
0.0000
0.0000
0.0000
0.0000
0.0000
0.0000
0.0000
0.0000
0.0000
0.0000
0.0000
0.0000
0.0000
0.0000
0.0000
0.0000
0.0000
0.0000
0.0000
0.0000
0.0000
0.0000
0.0000
0.0000
0.0000
0.0000
0.0000
0.0000
0.0000
0.0000
0.0000
0.0000
0.0000
0.0000
0.0000
0.0000
0.0000
0.0000
0.0000
0.0000
0.0000
0.0000
0.0000
0.0000
0.0000
0.0000
0.0000
34.1797
34.1797
126.9531
126.9531
151.3672
151.3672
195.3125
195.3125
195.3125
195.3125
161.1328
161.1328
175.7812
175.7812
234.3750
234.3750
224.6094
224.6094
195.3125
195.3125
185.5469
185.5469
126.9531
126.9531
102.5391
102.5391
166.0156
166.0156
229.4922
229.4922
229.4922
229.4922
253.9062
253.9062
268.5547
268.5547
244.1406
244.1406
273.4375
273.4375
380.8594
380.8594
454.1016
454.1016
493.1641
493.1641
571.2891
571.2891
610.3516
610.3516
634.7656
634.7656
727.5391
727.5391
844.7266
844.7266
878.9062
878.9062
903.3203
903.3203
942.3828
942.3828
937.5000
937.5000
981.4453
981.4453
1108.3984
1108.3984
1220.7031
1220.7031
1264.6484
1264.6484
1308.5937
1308.5937
1323.2422
1323.2422
1289.0625
1289.0625
1303.7109
1303.7109
1376.9531
1376.9531
1411.1328
1411.1328
1411.1328
1411.1328
1450.1953
1450.1953
1479.4922
1479.4922
1523.4375
1523.4375
1655.2734
1655.2734
1801.7578
1801.7578
1835.9375
1835.9375
1791.9922
1791.9922
1699.2187
1699.2187
1503.9062
1503.9062
1293.9453
1293.9453
1137.6953
1137.6953
991.2109
991.2109
815.4297
815.4297
698.2422
698.2422
595.7031
595.7031
473.6328
473.6328
410.1562
410.1562
410.1562
410.1562
356.4453
356.4453
244.1406
244.1406
151.3672
151.3672
19.5312
19.5312
0.0000
0.0000
0.0000
0.0000
0.0000
0.0000
0.0000
0.0000
0.0000
0.0000
0.0000
0.0000
0.0000
0.0000
0.0000
0.0000
0.0000
0.0000
0.0000
0.0000
0.0000
0.0000
0.0000
0.0000
0.0000
0.0000
0.0000
0.0000
0.0000
0.0000
0.0000
0.0000
0.0000
0.0000
0.0000
0.0000
0.0000
0.0000
0.0000
0.0000
0.0000
0.0000
0.0000
0.0000
0.0000
0.0000
0.0000
0.0000
0.0000
0.0000
0.0000
0.0000
0.0000
0.0000
0.0000
0.0000
0.0000
0.0000
0.0000
0.0000
0.0000
0.0000
0.0000
0.0000
0.0000
0.0000
0.0000
0.0000
0.0000
0.0000
0.0000
0.0000
0.0000
0.0000
0.0000
0.0000
0.0000
0.0000
0.0000
0.0000
0.0000
0.0000
0.0000
0.0000
0.0000
0.0000
0.0000
0.0000
0.0000
0.0000
0.0000
0.0000
0.0000
0.0000
0.0000
0.0000
0.0000
0.0000
4.8828
4.8828
0.0000
0.0000
19.5312
19.5312
0.0000
0.0000
0.0000
0.0000
4.8828
4.8828
34.1797
34.1797
4.8828
4.8828
14.6484
14.6484
9.7656
9.7656
4.8828
4.8828
87.8906
87.8906
229.4922
229.4922
307.6172
307.6172
356.4453
356.4453
419.9219
419.9219
424.8047
424.8047
444.3359
444.3359
546.8750
546.8750
659.1797
659.1797
708.0078
708.0078
781.2500
781.2500
844.7266
844.7266
864.2578
864.2578
932.6172
932.6172
1054.6875
1054.6875
1108.3984
1108.3984
1118.1641
1118.1641
1162.1094
1162.1094
1171.8750
1171.8750
1191.4062
1191.4062
1269.5312
1269.5312
1352.5391
1352.5391
1333.0078
1333.0078
1284.1797
1284.1797
1210.9375
1210.9375
1074.2187
1074.2187
971.6797
971.6797
947.2656
947.2656
908.2031
908.2031
810.5469
810.5469
747.0703
747.0703
649.4141
649.4141
507.8125
507.8125
434.5703
434.5703
400.3906
400.3906
312.5000
312.5000
195.3125
195.3125
117.1875
117.1875
9.7656
9.7656
0.0000
0.0000
0.0000
0.0000
19.5312
19.5312
4.8828
4.8828
0.0000
0.0000
0.0000
0.0000
0.0000
0.0000
0.0000
0.0000
0.0000
0.0000
0.0000
0.0000
0.0000
0.0000
0.0000
0.0000
0.0000
0.0000
0.0000
0.0000
0.0000
0.0000
0.0000
0.0000
0.0000
0.0000
0.0000
0.0000
0.0000
0.0000
0.0000
0.0000
0.0000
0.0000
0.0000
0.0000
0.0000
0.0000
0.0000
0.0000
0.0000
0.0000
0.0000
0.0000
0.0000
0.0000
0.0000
0.0000
0.0000
0.0000
0.0000
0.0000
0.0000
0.0000
0.0000
0.0000
0.0000
0.0000
0.0000
0.0000
0.0000
0.0000
19.5312
19.5312
34.1797
34.1797
58.5937
58.5937
97.6562
97.6562
102.5391
102.5391
161.1328
161.1328
302.7344
302.7344
400.3906
400.3906
424.8047
424.8047
458.9844
458.9844
444.3359
444.3359
415.0391
415.0391
454.1016
454.1016
556.6406
556.6406
595.7031
595.7031
610.3516
610.3516
644.5312
644.5312
620.1172
620.1172
610.3516
610.3516
668.9453
668.9453
712.8906
712.8906
693.3594
693.3594
698.2422
698.2422
693.3594
693.3594
664.0625
664.0625
698.2422
698.2422
810.5469
810.5469
869.1406
869.1406
874.0234
898.4375
898.4375
898.4375
878.9062
878.9062
854.4922
854.4922
917.9687
917.9687
1020.5078
1020.5078
1069.3359
1069.3359
1098.6328
1098.6328
1152.3437
1152.3437
1152.3437
1152.3437
1171.8750
1264.6484
1264.6484
1264.6484
1376.9531
1376.9531
1425.7812
1425.7812
1508.7891
1508.7891
1591.7969
1591.7969
1601.5625
1601.5625
1616.2109
1616.2109
1640.6250
1640.6250
1557.6172
1557.6172
1367.1875
1367.1875
1162.1094
1162.1094
908.2031
908.2031
678.7109
678.7109
551.7578
551.7578
498.0469
498.0469
405.2734
405.2734
307.6172
307.6172
229.4922
78.1250
78.1250
0.0000
0.0000
0.0000
0.0000
0.0000
0.0000
0.0000
0.0000
0.0000
0.0000
0.0000
0.0000
0.0000
0.0000
0.0000
0.0000
0.0000
0.0000
0.0000
0.0000
0.0000
0.0000
0.0000
0.0000
0.0000
0.0000
0.0000
0.0000
0.0000
0.0000
0.0000
0.0000
0.0000
0.0000
0.0000
0.0000
0.0000
0.0000
0.0000
0.0000
0.0000
0.0000
0.0000
0.0000
0.0000
0.0000
0.0000
0.0000
0.0000
0.0000
0.0000
0.0000
0.0000
0.0000
0.0000
0.0000
0.0000
0.0000
0.0000
0.0000
0.0000
0.0000
0.0000
0.0000
0.0000
0.0000
0.0000
0.0000
0.0000
0.0000
0.0000
0.0000
0.0000
0.0000
0.0000
0.0000
0.0000
0.0000
0.0000
0.0000
0.0000
0.0000
0.0000
0.0000
0.0000
0.0000
0.0000
0.0000
0.0000
0.0000
0.0000
0.0000
0.0000
0.0000
0.0000
0.0000
0.0000
0.0000
0.0000
0.0000
0.0000
0.0000
0.0000
0.0000
0.0000
0.0000
0.0000
0.0000
29.2969
29.2969
92.7734
92.7734
112.3047
112.3047
141.6016
141.6016
122.0703
122.0703
126.9531
126.9531
219.7266
219.7266
312.5000
312.5000
317.3828
317.3828
346.6797
346.6797
332.0312
332.0312
283.2031
283.2031
292.9687
292.9687
371.0937
371.0937
385.7422
385.7422
390.6250
390.6250
429.6875
429.6875
424.8047
424.8047
439.4531
439.4531
537.1094
537.1094
644.5312
644.5312
688.4766
688.4766
751.9531
751.9531
830.0781
830.0781
883.7891
883.7891
1015.6250
1015.6250
1210.9375
1210.9375
1352.5391
1352.5391
1396.4844
1396.4844
1425.7812
1425.7812
1372.0703
1372.0703
1289.0625
1289.0625
1264.6484
1264.6484
1274.4141
1274.4141
1215.8203
1215.8203
1147.4609
1147.4609
1083.9844
1083.9844
961.9141
961.9141
874.0234
874.0234
849.6094
849.6094
800.7812
800.7812
688.4766
688.4766
600.5859
600.5859
478.5156
478.5156
332.0312
332.0312
253.9062
253.9062
244.1406
244.1406
166.0156
166.0156
53.7109
53.7109
0.0000
0.0000
0.0000
0.0000
0.0000
0.0000
0.0000
0.0000
0.0000
0.0000
0.0000
0.0000
0.0000
0.0000
0.0000
0.0000
0.0000
0.0000
0.0000
0.0000
0.0000
0.0000
0.0000
0.0000
0.0000
0.0000
0.0000
0.0000
0.0000
0.0000
0.0000
0.0000
0.0000
0.0000
0.0000
0.0000
0.0000
0.0000
0.0000
0.0000
0.0000
0.0000
0.0000
0.0000
0.0000
0.0000
0.0000
0.0000
0.0000
0.0000
0.0000
0.0000
0.0000
0.0000
0.0000
0.0000
0.0000
0.0000
0.0000
0.0000
68.3594
68.3594
92.7734
92.7734
83.0078
83.0078
97.6562
97.6562
58.5937
58.5937
48.8281
48.8281
126.9531
126.9531
219.7266
219.7266
244.1406
244.1406
273.4375
273.4375
297.8516
297.8516
283.2031
283.2031
332.0312
332.0312
458.9844
458.9844
546.8750
546.8750
581.0547
581.0547
644.5312
644.5312
668.9453
668.9453
683.5937
683.5937
771.4844
771.4844
898.4375
898.4375
922.8516
922.8516
942.3828
942.3828
966.7969
966.7969
937.5000
937.5000
942.3828
942.3828
1025.3906
1025.3906
1098.6328
1098.6328
1098.6328
1098.6328
1123.0469
1123.0469
1127.9297
1127.9297
1083.9844
1083.9844
1083.9844
1083.9844
1142.5781
1142.5781
1137.6953
1137.6953
1083.9844
1083.9844
1054.6875
1054.6875
1000.9766
1000.9766
961.9141
961.9141
1015.6250
1015.6250
1113.2812
1113.2812
1127.9297
1127.9297
1132.8125
1132.8125
1157.2266
1157.2266
1132.8125
1132.8125
1152.3437
1152.3437
1279.2969
1279.2969
1416.0156
1416.0156
1474.6094
1474.6094
1533.2031
1533.2031
1562.5000
1562.5000
1508.7891
1508.7891
1459.9609
1459.9609
1459.9609
1459.9609
1386.7187
1386.7187
1254.8828
1254.8828
1157.2266
1157.2266
1040.0391
1040.0391
913.0859
913.0859
859.3750
859.3750
849.6094
849.6094
751.9531
751.9531
610.3516
610.3516
468.7500
468.7500
263.6719
263.6719
58.5937
58.5937
0.0000
0.0000
0.0000
0.0000
0.0000
0.0000
0.0000
0.0000
0.0000
0.0000
0.0000
0.0000
0.0000
0.0000
0.0000
0.0000
0.0000
0.0000
0.0000
0.0000
0.0000
0.0000
0.0000
0.0000
0.0000
0.0000
0.0000
0.0000
0.0000
0.0000
0.0000
0.0000
0.0000
0.0000
0.0000
0.0000
0.0000
0.0000
0.0000
0.0000
0.0000
0.0000
0.0000
0.0000
0.0000
0.0000
0.0000
0.0000
0.0000
0.0000
0.0000
0.0000
0.0000
0.0000
0.0000
0.0000
0.0000
0.0000
0.0000
0.0000
0.0000
0.0000
0.0000
0.0000
0.0000
0.0000
0.0000
0.0000
0.0000
0.0000
0.0000
0.0000
0.0000
0.0000
0.0000
0.0000
0.0000
0.0000
0.0000
0.0000
0.0000
0.0000
0.0000
0.0000
0.0000
0.0000
0.0000
0.0000
0.0000
0.0000
0.0000
0.0000
0.0000
0.0000
0.0000
0.0000
0.0000
0.0000
0.0000
0.0000
0.0000
0.0000
0.0000
0.0000
0.0000
0.0000
0.0000
0.0000
39.0625
39.0625
102.5391
102.5391
166.0156
166.0156
170.8984
170.8984
180.6641
180.6641
253.9062
253.9062
317.3828
317.3828
312.5000
312.5000
322.2656
322.2656
317.3828
317.3828
278.3203
278.3203
302.7344
302.7344
405.2734
405.2734
449.2187
449.2187
444.3359
444.3359
449.2187
449.2187
405.2734
405.2734
361.3281
361.3281
405.2734
405.2734
478.5156
478.5156
493.1641
493.1641
527.3437
527.3437
571.2891
571.2891
566.4062
566.4062
600.5859
600.5859
703.1250
703.1250
761.7187
761.7187
771.4844
771.4844
820.3125
820.3125
878.9062
878.9062
947.2656
947.2656
1093.7500
1093.7500
1284.1797
1284.1797
1362.3047
1362.3047
1376.9531
1376.9531
1372.0703
1372.0703
1289.0625
1289.0625
1206.0547
1206.0547
1201.1719
1201.1719
1191.4062
1191.4062
1113.2812
1113.2812
1049.8047
1049.8047
961.9141
961.9141
815.4297
815.4297
712.8906
712.8906
668.9453
668.9453
571.2891
571.2891
444.3359
444.3359
361.3281
361.3281
249.0234
249.0234
146.4844
146.4844
126.9531
126.9531
141.6016
141.6016
78.1250
78.1250
0.0000
0.0000
0.0000
0.0000
0.0000
0.0000
0.0000
0.0000
0.0000
0.0000
0.0000
0.0000
0.0000
0.0000
0.0000
0.0000
0.0000
0.0000
0.0000
0.0000
0.0000
0.0000
0.0000
0.0000
0.0000
0.0000
0.0000
0.0000
0.0000
0.0000
0.0000
0.0000
0.0000
0.0000
0.0000
0.0000
0.0000
0.0000
0.0000
0.0000
0.0000
0.0000
0.0000
0.0000
0.0000
0.0000
0.0000
0.0000
0.0000
0.0000
0.0000
0.0000
0.0000
0.0000
29.2969
29.2969
14.6484
14.6484
0.0000
0.0000
0.0000
0.0000
19.5312
19.5312
0.0000
0.0000
0.0000
0.0000
0.0000
0.0000
0.0000
0.0000
0.0000
0.0000
68.3594
68.3594
180.6641
180.6641
219.7266
219.7266
273.4375
273.4375
288.0859
288.0859
263.6719
263.6719
297.8516
297.8516
400.3906
400.3906
468.7500
468.7500
512.6953
512.6953
600.5859
600.5859
649.4141
649.4141
703.1250
703.1250
830.0781
830.0781
957.0312
957.0312
996.0937
996.0937
1025.3906
1025.3906
1049.8047
1049.8047
1015.6250
1015.6250
1025.3906
1025.3906
1118.1641
1118.1641
1181.6406
1181.6406
1181.6406
1181.6406
1201.1719
1201.1719
1181.6406
1181.6406
1132.8125
1132.8125
1142.5781
1142.5781
1196.2891
1196.2891
1176.7578
1176.7578
1127.9297
1127.9297
1103.5156
1103.5156
1035.1562
1035.1562
991.2109
991.2109
1059.5703
1059.5703
1176.7578
1176.7578
1245.1172
1245.1172
1308.5937
1308.5937
1362.3047
1362.3047
1337.8906
1337.8906
1308.5937
1308.5937
1298.8281
1298.8281
1225.5859
1225.5859
1074.2187
1074.2187
942.3828
942.3828
800.7812
800.7812
664.0625
664.0625
615.2344
615.2344
634.7656
634.7656
576.1719
576.1719
458.9844
458.9844
346.6797
346.6797
170.8984
170.8984
0.0000
0.0000
0.0000
0.0000
0.0000
0.0000
0.0000
0.0000
0.0000
0.0000
0.0000
0.0000
0.0000
0.0000
0.0000
0.0000
0.0000
0.0000
0.0000
0.0000
0.0000
0.0000
0.0000
0.0000
0.0000
0.0000
0.0000
0.0000
0.0000
0.0000
0.0000
0.0000
0.0000
0.0000
0.0000
0.0000
0.0000
0.0000
0.0000
0.0000
0.0000
0.0000
0.0000
0.0000
0.0000
0.0000
0.0000
0.0000
0.0000
0.0000
0.0000
0.0000
0.0000
0.0000
0.0000
0.0000
0.0000
0.0000
0.0000
0.0000
0.0000
0.0000
0.0000
0.0000
0.0000
0.0000
0.0000
0.0000
0.0000
0.0000
0.0000
0.0000
0.0000
0.0000
0.0000
0.0000
0.0000
0.0000
0.0000
0.0000
0.0000
0.0000
0.0000
0.0000
0.0000
0.0000
0.0000
0.0000
0.0000
0.0000
0.0000
0.0000
0.0000
0.0000
0.0000
0.0000
0.0000
0.0000
0.0000
0.0000
0.0000
0.0000
0.0000
0.0000
0.0000
0.0000
0.0000
0.0000
0.0000
0.0000
0.0000
0.0000
29.2969
29.2969
107.4219
107.4219
141.6016
141.6016
166.0156
166.0156
278.3203
278.3203
400.3906
400.3906
439.4531
473.6328
473.6328
473.6328
493.1641
493.1641
458.9844
458.9844
478.5156
478.5156
576.1719
576.1719
634.7656
634.7656
644.5312
644.5312
673.8281
673.8281
659.1797
634.7656
634.7656
673.8281
673.8281
747.0703
747.0703
737.3047
737.3047
708.0078
708.0078
698.2422
698.2422
644.5312
644.5312
644.5312
644.5312
742.1875
742.1875
839.8437
839.8437
874.0234
874.0234
913.0859
913.0859
903.3203
903.3203
830.0781
830.0781
800.7812
800.7812
800.7812
800.7812
727.5391
727.5391
644.5312
644.5312
600.5859
600.5859
532.2266
532.2266
502.9297
502.9297
561.5234
561.5234
629.8828
629.8828
615.2344
615.2344
605.4687
605.4687
566.4062
566.4062
483.3984
483.3984
454.1016
454.1016
483.3984
483.3984
454.1016
454.1016
371.0937
371.0937
297.8516
297.8516
156.2500
156.2500
0.0000
0.0000
0.0000
0.0000
0.0000
0.0000
0.0000
0.0000
0.0000
0.0000
0.0000
0.0000
0.0000
0.0000
0.0000
0.0000
0.0000
0.0000
0.0000
0.0000
0.0000
0.0000
0.0000
0.0000
0.0000
0.0000
0.0000
0.0000
0.0000
0.0000
0.0000
0.0000
0.0000
0.0000
0.0000
0.0000
0.0000
0.0000
0.0000
0.0000
0.0000
0.0000
0.0000
0.0000
24.4141
24.4141
122.0703
122.0703
219.7266
219.7266
307.6172
307.6172
346.6797
346.6797
419.9219
419.9219
546.8750
546.8750
610.3516
610.3516
605.4687
605.4687
615.2344
615.2344
571.2891
571.2891
527.3437
527.3437
566.4062
566.4062
639.6484
639.6484
639.6484
639.6484
625.0000
625.0000
605.4687
605.4687
522.4609
522.4609
473.6328
473.6328
502.9297
502.9297
507.8125
507.8125
463.8672
463.8672
468.7500
468.7500
458.9844
458.9844
434.5703
434.5703
488.2812
488.2812
600.5859
600.5859
654.2969
654.2969
673.8281
673.8281
717.7734
717.7734
712.8906
712.8906
722.6562
722.6562
820.3125
820.3125
932.6172
932.6172
981.4453
981.4453
1035.1562
1035.1562
1088.8672
1088.8672
1093.7500
1093.7500
1142.5781
1142.5781
1254.8828
1254.8828
1328.1250
1328.1250
1323.2422
1323.2422
1337.8906
1337.8906
1318.3594
1318.3594
1284.1797
1284.1797
1318.3594
1318.3594
1401.3672
1401.3672
1420.8984
1420.8984
1406.2500
1406.2500
1406.2500
1406.2500
1337.8906
1337.8906
1269.5312
1269.5312
1274.4141
1274.4141
1303.7109
1303.7109
1274.4141
1274.4141
1289.0625
1289.0625
1347.6562
1347.6562
1386.7187
1386.7187
1479.4922
1479.4922
1625.9766
1625.9766
1733.3984
1733.3984
1704.1016
1704.1016
1621.0937
1621.0937
1474.6094
1474.6094
1264.6484
1264.6484
1113.2812
1113.2812
1044.9219
1044.9219
952.1484
952.1484
844.7266
844.7266
781.2500
781.2500
683.5937
683.5937
556.6406
556.6406
468.7500
468.7500
371.0937
371.0937
175.7812
175.7812
0.0000
0.0000
0.0000
0.0000
0.0000
0.0000
0.0000
0.0000
0.0000
0.0000
0.0000
0.0000
0.0000
0.0000
0.0000
0.0000
0.0000
0.0000
0.0000
0.0000
0.0000
0.0000
0.0000
0.0000
0.0000
0.0000
0.0000
0.0000
0.0000
0.0000
0.0000
0.0000
0.0000
0.0000
0.0000
0.0000
0.0000
0.0000
0.0000
0.0000
0.0000
0.0000
0.0000
0.0000
0.0000
0.0000
0.0000
0.0000
0.0000
0.0000
0.0000
0.0000
0.0000
0.0000
0.0000
0.0000
0.0000
0.0000
0.0000
0.0000
0.0000
0.0000
0.0000
0.0000
0.0000
0.0000
0.0000
0.0000
0.0000
0.0000
0.0000
0.0000
0.0000
0.0000
0.0000
0.0000
0.0000
0.0000
0.0000
0.0000
0.0000
0.0000
0.0000
0.0000
0.0000
0.0000
0.0000
0.0000
0.0000
0.0000
0.0000
0.0000
0.0000
0.0000
0.0000
0.0000
0.0000
0.0000
0.0000
0.0000
0.0000
0.0000
0.0000
0.0000
0.0000
0.0000
0.0000
0.0000
0.0000
0.0000
53.7109
53.7109
156.2500
156.2500
297.8516
297.8516
366.2109
366.2109
390.6250
390.6250
419.9219
419.9219
390.6250
390.6250
385.7422
385.7422
454.1016
454.1016
527.3437
527.3437
537.1094
537.1094
566.4062
566.4062
561.5234
561.5234
522.4609
522.4609
527.3437
527.3437
585.9375
585.9375
585.9375
585.9375
541.9922
541.9922
522.4609
522.4609
454.1016
454.1016
410.1562
410.1562
473.6328
473.6328
581.0547
581.0547
625.0000
625.0000
654.2969
654.2969
664.0625
664.0625
600.5859
600.5859
556.6406
556.6406
571.2891
571.2891
532.2266
532.2266
434.5703
434.5703
361.3281
361.3281
249.0234
249.0234
122.0703
122.0703
83.0078
83.0078
107.4219
107.4219
87.8906
87.8906
73.2422
73.2422
102.5391
102.5391
92.7734
92.7734
112.3047
112.3047
219.7266
219.7266
312.5000
312.5000
312.5000
312.5000
292.9687
292.9687
234.3750
234.3750
117.1875
117.1875
39.0625
39.0625
29.2969
29.2969
0.0000
0.0000
0.0000
0.0000
0.0000
0.0000
0.0000
0.0000
0.0000
0.0000
0.0000
0.0000
0.0000
0.0000
0.0000
0.0000
0.0000
0.0000
0.0000
0.0000
0.0000
0.0000
0.0000
0.0000
0.0000
0.0000
0.0000
0.0000
0.0000
0.0000
0.0000
0.0000
0.0000
0.0000
0.0000
0.0000
0.0000
0.0000
0.0000
0.0000
0.0000
0.0000
14.6484
14.6484
48.8281
48.8281
43.9453
43.9453
83.0078
83.0078
214.8437
214.8437
361.3281
361.3281
424.8047
424.8047
483.3984
483.3984
522.4609
522.4609
517.5781
517.5781
571.2891
571.2891
683.5937
683.5937
747.0703
747.0703
751.9531
751.9531
776.3672
776.3672
756.8359
756.8359
727.5391
727.5391
771.4844
771.4844
839.8437
839.8437
830.0781
830.0781
810.5469
810.5469
795.8984
795.8984
727.5391
727.5391
708.0078
708.0078
776.3672
776.3672
834.9609
834.9609
834.9609
834.9609
874.0234
874.0234
888.6719
888.6719
878.9062
878.9062
932.6172
932.6172
1044.9219
1044.9219
1088.8672
1088.8672
1083.9844
1083.9844
1103.5156
1103.5156
1093.7500
1093.7500
1098.6328
1098.6328
1201.1719
1201.1719
1342.7734
1342.7734
1411.1328
1411.1328
1459.9609
1459.9609
1508.7891
1508.7891
1499.0234
1499.0234
1499.0234
1499.0234
1552.7344
1552.7344
1591.7969
1591.7969
1552.7344
1552.7344
1533.2031
1533.2031
1528.3203
1528.3203
1508.7891
1508.7891
1562.5000
1562.5000
1694.3359
1694.3359
1772.4609
1772.4609
1738.2812
1738.2812
1660.1562
1660.1562
1479.4922
1479.4922
1225.5859
1225.5859
1015.6250
1015.6250
839.8437
839.8437
615.2344
615.2344
410.1562
410.1562
273.4375
273.4375
117.1875
117.1875
0.0000
0.0000
0.0000
0.0000
0.0000
0.0000
0.0000
0.0000
0.0000
0.0000
0.0000
0.0000
0.0000
0.0000
0.0000
0.0000
0.0000
0.0000
0.0000
0.0000
0.0000
0.0000
0.0000
0.0000
0.0000
0.0000
0.0000
0.0000
0.0000
0.0000
0.0000
0.0000
0.0000
0.0000
0.0000
0.0000
0.0000
0.0000
0.0000
0.0000
0.0000
0.0000
0.0000
0.0000
0.0000
0.0000
0.0000
0.0000
0.0000
0.0000
0.0000
0.0000
0.0000
0.0000
0.0000
0.0000
0.0000
0.0000
0.0000
0.0000
0.0000
0.0000
0.0000
0.0000
0.0000
0.0000
0.0000
0.0000
0.0000
0.0000
0.0000
0.0000
0.0000
0.0000
0.0000
0.0000
0.0000
0.0000
0.0000
0.0000
0.0000
0.0000
0.0000
0.0000
0.0000
0.0000
0.0000
0.0000
0.0000
0.0000
0.0000
0.0000
0.0000
0.0000
0.0000
0.0000
0.0000
0.0000
0.0000
0.0000
0.0000
0.0000
0.0000
0.0000
0.0000
0.0000
0.0000
0.0000
0.0000
0.0000
0.0000
0.0000
0.0000
0.0000
0.0000
0.0000
0.0000
0.0000
0.0000
0.0000
0.0000
0.0000
0.0000
0.0000
0.0000
0.0000
0.0000
0.0000
0.0000
0.0000
0.0000
0.0000
0.0000
0.0000
0.0000
0.0000
0.0000
0.0000
0.0000
0.0000
14.6484
14.6484
43.9453
43.9453
43.9453
43.9453
112.3047
112.3047
234.3750
234.3750
297.8516
297.8516
336.9141
336.9141
415.0391
415.0391
454.1016
454.1016
512.6953
512.6953
649.4141
649.4141
776.3672
776.3672
805.6641
805.6641
830.0781
830.0781
825.1953
825.1953
786.1328
786.1328
820.3125
820.3125
957.0312
957.0312
1069.3359
1069.3359
1152.3437
1152.3437
1250.0000
1250.0000
1284.1797
1284.1797
1259.7656
1259.7656
1269.5312
1269.5312
1264.6484
1264.6484
1157.2266
1157.2266
1044.9219
1044.9219
957.0312
957.0312
844.7266
844.7266
805.6641
805.6641
869.1406
869.1406
917.9687
917.9687
888.6719
888.6719
859.3750
859.3750
786.1328
786.1328
678.7109
678.7109
639.6484
639.6484
678.7109
678.7109
664.0625
664.0625
620.1172
620.1172
625.0000
625.0000
590.8203
590.8203
556.6406
556.6406
585.9375
585.9375
629.8828
629.8828
561.5234
561.5234
478.5156
478.5156
371.0937
371.0937
195.3125
195.3125
53.7109
53.7109
0.0000
0.0000
0.0000
0.0000
0.0000
0.0000
0.0000
0.0000
0.0000
0.0000
0.0000
0.0000
0.0000
0.0000
0.0000
0.0000
0.0000
0.0000
0.0000
0.0000
0.0000
0.0000
0.0000
0.0000
0.0000
0.0000
0.0000
0.0000
0.0000
0.0000
0.0000
0.0000
0.0000
0.0000
0.0000
0.0000
0.0000
0.0000
0.0000
0.0000
34.1797
34.1797
161.1328
219.7266
219.7266
219.7266
297.8516
297.8516
346.6797
346.6797
361.3281
361.3281
444.3359
444.3359
571.2891
571.2891
620.1172
620.1172
625.0000
625.0000
644.5312
605.4687
605.4687
581.0547
581.0547
620.1172
620.1172
654.2969
654.2969
605.4687
605.4687
561.5234
561.5234
512.6953
512.6953
439.4531
439.4531
434.5703
434.5703
512.6953
512.6953
551.7578
551.7578
522.4609
522.4609
517.5781
517.5781
473.6328
473.6328
424.8047
424.8047
458.9844
458.9844
546.8750
546.8750
576.1719
576.1719
600.5859
600.5859
659.1797
659.1797
673.8281
673.8281
712.8906
712.8906
825.1953
825.1953
922.8516
922.8516
937.5000
937.5000
947.2656
947.2656
942.3828
942.3828
903.3203
903.3203
927.7344
927.7344
1035.1562
1035.1562
1108.3984
1108.3984
1132.8125
1132.8125
1210.9375
1210.9375
1284.1797
1284.1797
1337.8906
1337.8906
1425.7812
1425.7812
1518.5547
1518.5547
1479.4922
1479.4922
1323.2422
1323.2422
1118.1641
1118.1641
834.9609
834.9609
571.2891
571.2891
410.1562
410.1562
297.8516
297.8516
151.3672
151.3672
48.8281
48.8281
0.0000
0.0000
0.0000
0.0000
0.0000
0.0000
0.0000
0.0000
0.0000
0.0000
0.0000
0.0000
0.0000
0.0000
0.0000
0.0000
0.0000
0.0000
0.0000
0.0000
0.0000
0.0000
0.0000
0.0000
0.0000
0.0000
0.0000
0.0000
0.0000
0.0000
0.0000
0.0000
0.0000
0.0000
0.0000
0.0000
0.0000
0.0000
0.0000
0.0000
0.0000
0.0000
0.0000
0.0000
0.0000
0.0000
0.0000
0.0000
0.0000
0.0000
0.0000
0.0000
0.0000
0.0000
0.0000
0.0000
0.0000
0.0000
0.0000
0.0000
0.0000
0.0000
0.0000
0.0000
0.0000
0.0000
0.0000
0.0000
0.0000
0.0000
0.0000
0.0000
0.0000
0.0000
0.0000
0.0000
0.0000
0.0000
0.0000
0.0000
0.0000
0.0000
0.0000
0.0000
0.0000
0.0000
0.0000
0.0000
0.0000
0.0000
0.0000
0.0000
0.0000
0.0000
0.0000
0.0000
0.0000
0.0000
0.0000
0.0000
0.0000
0.0000
0.0000
0.0000
0.0000
0.0000
9.7656
9.7656
43.9453
43.9453
146.4844
146.4844
292.9687
292.9687
380.8594
380.8594
449.2187
449.2187
507.8125
507.8125
507.8125
507.8125
522.4609
522.4609
600.5859
600.5859
639.6484
639.6484
615.2344
615.2344
615.2344
615.2344
590.8203
590.8203
537.1094
537.1094
551.7578
551.7578
620.1172
620.1172
625.0000
625.0000
615.2344
615.2344
634.7656
634.7656
600.5859
600.5859
600.5859
600.5859
688.4766
688.4766
776.3672
776.3672
815.4297
815.4297
908.2031
908.2031
1005.8594
1005.8594
1069.3359
1069.3359
1166.9922
1166.9922
1293.9453
1293.9453
1328.1250
1328.1250
1269.5312
1269.5312
1201.1719
1201.1719
1054.6875
1054.6875
913.0859
913.0859
864.2578
864.2578
869.1406
869.1406
810.5469
810.5469
756.8359
756.8359
698.2422
698.2422
576.1719
576.1719
483.3984
483.3984
458.9844
458.9844
410.1562
410.1562
302.7344
302.7344
234.3750
234.3750
131.8359
131.8359
9.7656
9.7656
0.0000
0.0000
0.0000
0.0000
0.0000
0.0000
0.0000
0.0000
0.0000
0.0000
0.0000
0.0000
0.0000
0.0000
0.0000
0.0000
0.0000
0.0000
0.0000
0.0000
0.0000
0.0000
0.0000
0.0000
0.0000
0.0000
0.0000
0.0000
0.0000
0.0000
0.0000
0.0000
0.0000
0.0000
0.0000
0.0000
0.0000
0.0000
0.0000
0.0000
0.0000
0.0000
0.0000
0.0000
0.0000
0.0000
0.0000
0.0000
0.0000
0.0000
0.0000
0.0000
0.0000
0.0000
0.0000
0.0000
58.5937
58.5937
73.2422
73.2422
131.8359
131.8359
166.0156
166.0156
175.7812
175.7812
229.4922
229.4922
317.3828
317.3828
336.9141
336.9141
317.3828
317.3828
317.3828
317.3828
268.5547
268.5547
244.1406
244.1406
317.3828
317.3828
395.5078
395.5078
410.1562
410.1562
444.3359
444.3359
458.9844
458.9844
429.6875
429.6875
463.8672
463.8672
576.1719
576.1719
649.4141
649.4141
683.5937
683.5937
751.9531
751.9531
786.1328
786.1328
830.0781
830.0781
947.2656
947.2656
1098.6328
1098.6328
1171.8750
1171.8750
1215.8203
1215.8203
1250.0000
1250.0000
1230.4687
1230.4687
1240.2344
1240.2344
1347.6562
1347.6562
1474.6094
1474.6094
1547.8516
1547.8516
1635.7422
1635.7422
1699.2187
1699.2187
1694.3359
1694.3359
1704.1016
1704.1016
1728.5156
1728.5156
1655.2734
1655.2734
1489.2578
1489.2578
1328.1250
1328.1250
1113.2812
1113.2812
903.3203
903.3203
771.4844
771.4844
678.7109
678.7109
517.5781
517.5781
346.6797
346.6797
170.8984
170.8984
0.0000
0.0000
0.0000
0.0000
0.0000
0.0000
0.0000
0.0000
0.0000
0.0000
0.0000
0.0000
0.0000
0.0000
0.0000
0.0000
0.0000
0.0000
0.0000
0.0000
0.0000
0.0000
0.0000
0.0000
0.0000
0.0000
0.0000
0.0000
0.0000
0.0000
0.0000
0.0000
0.0000
0.0000
0.0000
0.0000
0.0000
0.0000
0.0000
0.0000
0.0000
0.0000
0.0000
0.0000
0.0000
0.0000
0.0000
0.0000
0.0000
0.0000
0.0000
0.0000
0.0000
0.0000
0.0000
0.0000
0.0000
0.0000
0.0000
0.0000
0.0000
0.0000
0.0000
0.0000
0.0000
0.0000
0.0000
0.0000
0.0000
0.0000
0.0000
0.0000
0.0000
0.0000
0.0000
0.0000
0.0000
0.0000
0.0000
0.0000
0.0000
0.0000
0.0000
0.0000
0.0000
0.0000
0.0000
0.0000
0.0000
0.0000
0.0000
0.0000
0.0000
0.0000
29.2969
29.2969
141.6016
141.6016
214.8437
214.8437
224.6094
224.6094
268.5547
268.5547
278.3203
278.3203
268.5547
268.5547
336.9141
336.9141
444.3359
444.3359
473.6328
473.6328
454.1016
454.1016
424.8047
424.8047
327.1484
327.1484
249.0234
249.0234
258.7891
258.7891
273.4375
273.4375
229.4922
229.4922
229.4922
229.4922
214.8437
214.8437
190.4297
190.4297
224.6094
224.6094
302.7344
302.7344
332.0312
332.0312
336.9141
336.9141
375.9766
375.9766
366.2109
366.2109
405.2734
405.2734
537.1094
537.1094
683.5937
683.5937
771.4844
771.4844
854.4922
854.4922
917.9687
917.9687
917.9687
917.9687
957.0312
957.0312
1074.2187
1074.2187
1171.8750
1171.8750
1235.3516
1235.3516
1342.7734
1342.7734
1401.3672
1401.3672
1416.0156
1416.0156
1450.1953
1450.1953
1469.7266
1469.7266
1372.0703
1372.0703
1230.4687
1230.4687
1079.1016
1079.1016
878.9062
878.9062
727.5391
727.5391
683.5937
683.5937
629.8828
629.8828
527.3437
527.3437
454.1016
454.1016
351.5625
351.5625
229.4922
229.4922
185.5469
185.5469
219.7266
219.7266
209.9609
209.9609
185.5469
185.5469
205.0781
205.0781
185.5469
185.5469
170.8984
170.8984
234.3750
234.3750
307.6172
307.6172
288.0859
288.0859
244.1406
244.1406
185.5469
185.5469
63.4766
63.4766
0.0000
0.0000
0.0000
0.0000
0.0000
0.0000
0.0000
0.0000
0.0000
0.0000
0.0000
0.0000
0.0000
0.0000
0.0000
0.0000
0.0000
0.0000
0.0000
0.0000
0.0000
0.0000
0.0000
0.0000
0.0000
0.0000
0.0000
0.0000
0.0000
0.0000
0.0000
0.0000
0.0000
0.0000
0.0000
0.0000
0.0000
0.0000
0.0000
0.0000
0.0000
0.0000
0.0000
0.0000
0.0000
0.0000
0.0000
0.0000
0.0000
0.0000
0.0000
0.0000
0.0000
0.0000
0.0000
0.0000
4.8828
4.8828
43.9453
43.9453
92.7734
92.7734
166.0156
166.0156
200.1953
200.1953
268.5547
268.5547
419.9219
419.9219
532.2266
532.2266
561.5234
561.5234
595.7031
595.7031
585.9375
585.9375
541.9922
541.9922
576.1719
576.1719
673.8281
673.8281
717.7734
717.7734
737.3047
737.3047
776.3672
776.3672
756.8359
756.8359
727.5391
727.5391
766.6016
766.6016
800.7812
800.7812
761.7187
761.7187
732.4219
732.4219
708.0078
708.0078
659.1797
659.1797
683.5937
683.5937
795.8984
795.8984
883.7891
883.7891
903.3203
903.3203
937.5000
937.5000
927.7344
927.7344
893.5547
893.5547
927.7344
927.7344
1015.6250
1015.6250
1049.8047
1049.8047
1064.4531
1064.4531
1113.2812
1113.2812
1118.1641
1118.1641
1137.6953
1137.6953
1254.8828
1254.8828
1396.4844
1396.4844
1474.6094
1474.6094
1557.6172
1557.6172
1635.7422
1635.7422
1645.5078
1645.5078
1655.2734
1655.2734
1699.2187
1699.2187
1684.5703
1684.5703
1577.1484
1577.1484
1469.7266
1469.7266
1333.0078
1333.0078
1171.8750
1171.8750
1079.1016
1079.1016
1049.8047
1049.8047
961.9141
961.9141
834.9609
834.9609
717.7734
717.7734
541.9922
541.9922
356.4453
356.4453
258.7891
258.7891
205.0781
205.0781
92.7734
92.7734
0.0000
0.0000
0.0000
0.0000
0.0000
0.0000
0.0000
0.0000
0.0000
0.0000
0.0000
0.0000
0.0000
0.0000
0.0000
0.0000
0.0000
0.0000
0.0000
0.0000
0.0000
0.0000
0.0000
0.0000
0.0000
0.0000
0.0000
0.0000
0.0000
0.0000
0.0000
0.0000
0.0000
0.0000
0.0000
0.0000
0.0000
0.0000
0.0000
0.0000
0.0000
0.0000
0.0000
0.0000
0.0000
0.0000
0.0000
0.0000
0.0000
0.0000
0.0000
0.0000
0.0000
0.0000
0.0000
0.0000
0.0000
0.0000
0.0000
0.0000
0.0000
0.0000
0.0000
0.0000
0.0000
0.0000
0.0000
0.0000
0.0000
0.0000
0.0000
0.0000
0.0000
0.0000
0.0000
0.0000
0.0000
0.0000
0.0000
0.0000
0.0000
0.0000
0.0000
0.0000
0.0000
0.0000
0.0000
0.0000
0.0000
0.0000
0.0000
0.0000
0.0000
0.0000
0.0000
0.0000
0.0000
0.0000
0.0000
0.0000
0.0000
0.0000
0.0000
0.0000
0.0000
0.0000
0.0000
0.0000
0.0000
0.0000
0.0000
39.0625
39.0625
146.4844
146.4844
185.5469
185.5469
180.6641
180.6641
175.7812
175.7812
107.4219
107.4219
58.5937
58.5937
102.5391
102.5391
170.8984
170.8984
185.5469
185.5469
219.7266
219.7266
244.1406
244.1406
234.3750
234.3750
268.5547
268.5547
366.2109
366.2109
415.0391
415.0391
415.0391
415.0391
449.2187
449.2187
449.2187
449.2187
463.8672
463.8672
561.5234
561.5234
688.4766
688.4766
751.9531
751.9531
820.3125
820.3125
908.2031
908.2031
957.0312
957.0312
1025.3906
1025.3906
1142.5781
1142.5781
1201.1719
1201.1719
1171.8750
1171.8750
1127.9297
1127.9297
1020.5078
1020.5078
883.7891
883.7891
815.4297
815.4297
800.7812
800.7812
742.1875
742.1875
673.8281
673.8281
629.8828
629.8828
532.2266
532.2266
444.3359
444.3359
434.5703
434.5703
415.0391
415.0391
327.1484
327.1484
258.7891
258.7891
190.4297
190.4297
97.6562
97.6562
63.4766
63.4766
102.5391
102.5391
97.6562
97.6562
34.1797
34.1797
0.0000
0.0000
0.0000
0.0000
0.0000
0.0000
0.0000
0.0000
0.0000
0.0000
0.0000
0.0000
0.0000
0.0000
0.0000
0.0000
0.0000
0.0000
0.0000
0.0000
0.0000
0.0000
0.0000
0.0000
0.0000
0.0000
0.0000
0.0000
0.0000
0.0000
0.0000
0.0000
0.0000
0.0000
0.0000
0.0000
0.0000
0.0000
0.0000
0.0000
0.0000
0.0000
0.0000
0.0000
0.0000
0.0000
0.0000
0.0000
0.0000
0.0000
0.0000
0.0000
0.0000
0.0000
0.0000
0.0000
0.0000
0.0000
0.0000
0.0000
0.0000
0.0000
0.0000
0.0000
0.0000
0.0000
0.0000
0.0000
0.0000
0.0000
0.0000
0.0000
0.0000
0.0000
0.0000
0.0000
58.5937
58.5937
141.6016
141.6016
239.2578
239.2578
288.0859
288.0859
351.5625
351.5625
488.2812
488.2812
600.5859
600.5859
629.8828
629.8828
678.7109
678.7109
693.3594
693.3594
678.7109
678.7109
712.8906
712.8906
805.6641
805.6641
839.8437
839.8437
830.0781
830.0781
849.6094
849.6094
815.4297
815.4297
786.1328
786.1328
820.3125
820.3125
869.1406
869.1406
854.4922
854.4922
849.6094
849.6094
849.6094
849.6094
805.6641
805.6641
820.3125
820.3125
908.2031
908.2031
966.7969
966.7969
971.6797
971.6797
1010.7422
1010.7422
1010.7422
1010.7422
996.0937
996.0937
1054.6875
1054.6875
1191.4062
1191.4062
1289.0625
1289.0625
1391.6016
1391.6016
1533.2031
1533.2031
1625.9766
1625.9766
1699.2187
1699.2187
1801.7578
1801.7578
1865.2344
1865.2344
1787.1094
1787.1094
1674.8047
1674.8047
1542.9687
1542.9687
1376.9531
1376.9531
1264.6484
1264.6484
1235.3516
1235.3516
1181.6406
1181.6406
1059.5703
1059.5703
942.3828
942.3828
771.4844
771.4844
546.8750
546.8750
366.2109
366.2109
234.3750
234.3750
48.8281
48.8281
0.0000
0.0000
0.0000
0.0000
0.0000
0.0000
0.0000
0.0000
0.0000
0.0000
0.0000
0.0000
0.0000
0.0000
0.0000
0.0000
0.0000
0.0000
0.0000
0.0000
0.0000
0.0000
0.0000
0.0000
0.0000
0.0000
0.0000
0.0000
0.0000
0.0000
0.0000
0.0000
0.0000
0.0000
0.0000
0.0000
0.0000
0.0000
0.0000
0.0000
0.0000
0.0000
0.0000
0.0000
0.0000
0.0000
0.0000
0.0000
0.0000
0.0000
0.0000
0.0000
0.0000
0.0000
0.0000
0.0000
0.0000
0.0000
0.0000
0.0000
0.0000
0.0000
0.0000
0.0000
0.0000
0.0000
0.0000
0.0000
0.0000
0.0000
0.0000
0.0000
0.0000
0.0000
0.0000
0.0000
0.0000
0.0000
0.0000
0.0000
0.0000
0.0000
0.0000
0.0000
0.0000
0.0000
0.0000
0.0000
0.0000
0.0000
0.0000
0.0000
0.0000
0.0000
0.0000
0.0000
0.0000
0.0000
0.0000
0.0000
0.0000
0.0000
122.0703
122.0703
185.5469
185.5469
244.1406
244.1406
273.4375
273.4375
258.7891
258.7891
297.8516
297.8516
395.5078
395.5078
439.4531
439.4531
458.9844
458.9844
493.1641
493.1641
493.1641
493.1641
502.9297
502.9297
585.9375
585.9375
668.9453
668.9453
654.2969
654.2969
625.0000
625.0000
585.9375
585.9375
517.5781
517.5781
522.4609
522.4609
610.3516
610.3516
668.9453
668.9453
688.4766
688.4766
751.9531
751.9531
776.3672
776.3672
791.0156
791.0156
874.0234
874.0234
976.5625
976.5625
1010.7422
1010.7422
1035.1562
1035.1562
1074.2187
1074.2187
1079.1016
1079.1016
1147.4609
1147.4609
1328.1250
1328.1250
1489.2578
1489.2578
1562.5000
1562.5000
1621.0937
1621.0937
1611.3281
1611.3281
1528.3203
1528.3203
1474.6094
1474.6094
1450.1953
1450.1953
1376.9531
1376.9531
1279.2969
1279.2969
1225.5859
1225.5859
1118.1641
1118.1641
1005.8594
1005.8594
952.1484
952.1484
888.6719
888.6719
732.4219
732.4219
556.6406
556.6406
385.7422
385.7422
195.3125
195.3125
73.2422
73.2422
58.5937
58.5937
39.0625
39.0625
0.0000
0.0000
0.0000
0.0000
0.0000
0.0000
0.0000
0.0000
0.0000
0.0000
0.0000
0.0000
0.0000
0.0000
0.0000
0.0000
0.0000
0.0000
0.0000
0.0000
0.0000
0.0000
0.0000
0.0000
0.0000
0.0000
0.0000
0.0000
0.0000
0.0000
0.0000
0.0000
0.0000
0.0000
0.0000
0.0000
0.0000
0.0000
0.0000
0.0000
0.0000
0.0000
0.0000
0.0000
0.0000
0.0000
0.0000
0.0000
0.0000
0.0000
0.0000
0.0000
0.0000
0.0000
0.0000
0.0000
0.0000
0.0000
0.0000
0.0000
0.0000
0.0000
0.0000
0.0000
0.0000
0.0000
0.0000
0.0000
0.0000
0.0000
0.0000
0.0000
0.0000
0.0000
0.0000
0.0000
19.5312
19.5312
87.8906
87.8906
131.8359
131.8359
200.1953
200.1953
214.8437
214.8437
244.1406
244.1406
341.7969
341.7969
454.1016
454.1016
488.2812
488.2812
546.8750
546.8750
600.5859
600.5859
610.3516
610.3516
664.0625
664.0625
791.0156
791.0156
864.2578
864.2578
878.9062
878.9062
913.0859
913.0859
893.5547
893.5547
874.0234
874.0234
922.8516
922.8516
1000.9766
1000.9766
996.0937
996.0937
976.5625
976.5625
957.0312
957.0312
883.7891
883.7891
849.6094
849.6094
898.4375
898.4375
937.5000
937.5000
917.9687
917.9687
927.7344
927.7344
927.7344
927.7344
898.4375
898.4375
942.3828
942.3828
1059.5703
1059.5703
1118.1641
1118.1641
1137.6953
1137.6953
1181.6406
1181.6406
1201.1719
1201.1719
1225.5859
1225.5859
1337.8906
1337.8906
1494.1406
1494.1406
1572.2656
1572.2656
1611.3281
1611.3281
1635.7422
1635.7422
1562.5000
1562.5000
1464.8437
1464.8437
1401.3672
1401.3672
1313.4766
1313.4766
1142.5781
1142.5781
991.2109
991.2109
844.7266
844.7266
668.9453
668.9453
556.6406
556.6406
522.4609
522.4609
449.2187
449.2187
317.3828
317.3828
209.9609
209.9609
48.8281
48.8281
0.0000
0.0000
0.0000
0.0000
0.0000
0.0000
0.0000
0.0000
0.0000
0.0000
0.0000
0.0000
0.0000
0.0000
0.0000
0.0000
0.0000
0.0000
0.0000
0.0000
0.0000
0.0000
0.0000
0.0000
0.0000
0.0000
0.0000
0.0000
0.0000
0.0000
0.0000
0.0000
0.0000
0.0000
0.0000
0.0000
0.0000
0.0000
0.0000
0.0000
0.0000
0.0000
0.0000
0.0000
0.0000
0.0000
0.0000
0.0000
0.0000
0.0000
0.0000
0.0000
0.0000
0.0000
0.0000
0.0000
0.0000
0.0000
0.0000
0.0000
0.0000
0.0000
0.0000
0.0000
0.0000
0.0000
0.0000
0.0000
0.0000
0.0000
0.0000
0.0000
0.0000
0.0000
0.0000
0.0000
0.0000
0.0000
0.0000
0.0000
0.0000
0.0000
0.0000
0.0000
0.0000
0.0000
0.0000
0.0000
0.0000
0.0000
0.0000
0.0000
0.0000
0.0000
0.0000
0.0000
0.0000
0.0000
0.0000
0.0000
0.0000
0.0000
0.0000
0.0000
0.0000
0.0000
58.5937
58.5937
200.1953
200.1953
317.3828
317.3828
351.5625
351.5625
375.9766
375.9766
371.0937
371.0937
336.9141
336.9141
375.9766
375.9766
478.5156
478.5156
522.4609
522.4609
541.9922
541.9922
576.1719
576.1719
556.6406
556.6406
546.8750
546.8750
615.2344
615.2344
683.5937
683.5937
678.7109
678.7109
683.5937
683.5937
673.8281
673.8281
625.0000
625.0000
629.8828
629.8828
708.0078
708.0078
742.1875
742.1875
737.3047
737.3047
766.6016
766.6016
771.4844
771.4844
795.8984
795.8984
908.2031
908.2031
1049.8047
1108.3984
1108.3984
1108.3984
1127.9297
1127.9297
1127.9297
1127.9297
1059.5703
1059.5703
1005.8594
1005.8594
1000.9766
1000.9766
981.4453
981.4453
898.4375
898.4375
839.8437
839.8437
766.6016
659.1797
659.1797
659.1797
605.4687
605.4687
605.4687
605.4687
546.8750
546.8750
463.8672
463.8672
400.3906
400.3906
292.9687
292.9687
190.4297
190.4297
166.0156
166.0156
161.1328
78.1250
78.1250
78.1250
0.0000
0.0000
0.0000
0.0000
0.0000
0.0000
0.0000
0.0000
0.0000
0.0000
0.0000
0.0000
0.0000
0.0000
0.0000
0.0000
0.0000
0.0000
0.0000
0.0000
0.0000
0.0000
0.0000
0.0000
0.0000
0.0000
0.0000
0.0000
0.0000
0.0000
0.0000
0.0000
0.0000
0.0000
0.0000
0.0000
0.0000
0.0000
0.0000
0.0000
0.0000
0.0000
0.0000
0.0000
0.0000
0.0000
0.0000
0.0000
0.0000
0.0000
0.0000
0.0000
0.0000
29.2969
29.2969
39.0625
39.0625
39.0625
39.0625
102.5391
102.5391
190.4297
190.4297
190.4297
190.4297
175.7812
175.7812
161.1328
161.1328
92.7734
92.7734
73.2422
73.2422
141.6016
141.6016
185.5469
185.5469
180.6641
180.6641
205.0781
205.0781
214.8437
214.8437
205.0781
205.0781
258.7891
258.7891
366.2109
366.2109
395.5078
395.5078
410.1562
410.1562
439.4531
439.4531
429.6875
429.6875
463.8672
463.8672
595.7031
595.7031
737.3047
737.3047
795.8984
795.8984
864.2578
864.2578
903.3203
903.3203
883.7891
883.7891
908.2031
908.2031
1000.9766
1000.9766
1035.1562
1035.1562
1015.6250
1015.6250
1025.3906
1025.3906
1000.9766
1000.9766
981.4453
981.4453
1030.2734
1030.2734
1113.2812
1113.2812
1103.5156
1103.5156
1064.4531
1064.4531
1025.3906
1025.3906
932.6172
932.6172
869.1406
869.1406
893.5547
893.5547
922.8516
922.8516
893.5547
893.5547
883.7891
883.7891
878.9062
878.9062
839.8437
839.8437
883.7891
883.7891
1025.3906
1025.3906
1137.6953
1137.6953
1196.2891
1196.2891
1284.1797
1284.1797
1323.2422
1323.2422
1318.3594
1318.3594
1352.5391
1352.5391
1406.2500
1406.2500
1372.0703
1372.0703
1293.9453
1293.9453
1230.4687
1230.4687
1113.2812
1113.2812
1005.8594
1005.8594
976.5625
976.5625
957.0312
957.0312
849.6094
849.6094
727.5391
727.5391
600.5859
600.5859
419.9219
419.9219
273.4375
273.4375
209.9609
209.9609
117.1875
117.1875
0.0000
0.0000
0.0000
0.0000
0.0000
0.0000
0.0000
0.0000
0.0000
0.0000
0.0000
0.0000
0.0000
0.0000
0.0000
0.0000
0.0000
0.0000
0.0000
0.0000
0.0000
0.0000
0.0000
0.0000
0.0000
0.0000
0.0000
0.0000
0.0000
0.0000
0.0000
0.0000
0.0000
0.0000
0.0000
0.0000
0.0000
0.0000
0.0000
0.0000
0.0000
0.0000
0.0000
0.0000
0.0000
0.0000
0.0000
0.0000
0.0000
0.0000
0.0000
0.0000
0.0000
0.0000
0.0000
0.0000
0.0000
0.0000
0.0000
0.0000
0.0000
0.0000
0.0000
0.0000
0.0000
0.0000
0.0000
0.0000
0.0000
0.0000
0.0000
0.0000
0.0000
0.0000
0.0000
0.0000
0.0000
0.0000
0.0000
0.0000
0.0000
0.0000
0.0000
0.0000
0.0000
0.0000
0.0000
0.0000
0.0000
0.0000
0.0000
0.0000
0.0000
0.0000
0.0000
0.0000
0.0000
0.0000
0.0000
0.0000
0.0000
0.0000
117.1875
117.1875
219.7266
219.7266
297.8516
297.8516
415.0391
415.0391
473.6328
473.6328
532.2266
532.2266
659.1797
659.1797
776.3672
776.3672
810.5469
810.5469
830.0781
830.0781
825.1953
825.1953
781.2500
781.2500
800.7812
800.7812
898.4375
898.4375
942.3828
942.3828
942.3828
942.3828
952.1484
952.1484
913.0859
913.0859
839.8437
839.8437
830.0781
830.0781
830.0781
830.0781
751.9531
751.9531
673.8281
673.8281
620.1172
620.1172
551.7578
551.7578
561.5234
561.5234
688.4766
688.4766
810.5469
810.5469
844.7266
844.7266
864.2578
864.2578
815.4297
815.4297
688.4766
688.4766
600.5859
600.5859
566.4062
566.4062
488.2812
488.2812
410.1562
410.1562
395.5078
395.5078
366.2109
366.2109
351.5625
351.5625
405.2734
405.2734
463.8672
463.8672
429.6875
429.6875
366.2109
366.2109
297.8516
297.8516
190.4297
190.4297
141.6016
141.6016
200.1953
200.1953
244.1406
244.1406
229.4922
229.4922
219.7266
219.7266
166.0156
166.0156
48.8281
48.8281
0.0000
0.0000
0.0000
0.0000
0.0000
0.0000
0.0000
0.0000
0.0000
0.0000
0.0000
0.0000
0.0000
0.0000
0.0000
0.0000
0.0000
0.0000
0.0000
0.0000
0.0000
0.0000
0.0000
0.0000
0.0000
0.0000
0.0000
0.0000
0.0000
0.0000
0.0000
0.0000
0.0000
0.0000
0.0000
0.0000
0.0000
0.0000
0.0000
0.0000
0.0000
0.0000
0.0000
0.0000
0.0000
0.0000
0.0000
0.0000
0.0000
0.0000
0.0000
0.0000
0.0000
0.0000
0.0000
0.0000
0.0000
0.0000
4.8828
4.8828
34.1797
34.1797
29.2969
29.2969
0.0000
0.0000
14.6484
14.6484
97.6562
97.6562
102.5391
102.5391
83.0078
83.0078
83.0078
83.0078
34.1797
34.1797
14.6484
14.6484
87.8906
87.8906
170.8984
170.8984
190.4297
190.4297
224.6094
224.6094
249.0234
249.0234
229.4922
229.4922
273.4375
273.4375
375.9766
375.9766
434.5703
434.5703
454.1016
454.1016
507.8125
507.8125
517.5781
517.5781
537.1094
537.1094
639.6484
639.6484
781.2500
781.2500
844.7266
844.7266
888.6719
888.6719
932.6172
932.6172
913.0859
913.0859
922.8516
922.8516
1015.6250
1015.6250
1083.9844
1083.9844
1074.2187
1074.2187
1093.7500
1093.7500
1093.7500
1093.7500
1049.8047
1049.8047
1064.4531
1064.4531
1137.6953
1137.6953
1147.4609
1147.4609
1103.5156
1103.5156
1083.9844
1083.9844
1015.6250
1015.6250
961.9141
961.9141
1015.6250
1015.6250
1137.6953
1137.6953
1215.8203
1215.8203
1298.8281
1298.8281
1376.9531
1376.9531
1372.0703
1372.0703
1333.0078
1333.0078
1323.2422
1323.2422
1269.5312
1269.5312
1123.0469
1123.0469
1000.9766
1000.9766
888.6719
888.6719
771.4844
771.4844
751.9531
751.9531
820.3125
820.3125
834.9609
834.9609
776.3672
776.3672
717.7734
717.7734
585.9375
585.9375
410.1562
410.1562
297.8516
297.8516
229.4922
229.4922
78.1250
78.1250
0.0000
0.0000
0.0000
0.0000
0.0000
0.0000
0.0000
0.0000
0.0000
0.0000
0.0000
0.0000
0.0000
0.0000
0.0000
0.0000
0.0000
0.0000
0.0000
0.0000
0.0000
0.0000
0.0000
0.0000
0.0000
0.0000
0.0000
0.0000
0.0000
0.0000
0.0000
0.0000
0.0000
0.0000
0.0000
0.0000
0.0000
0.0000
0.0000
0.0000
0.0000
0.0000
0.0000
0.0000
0.0000
0.0000
0.0000
0.0000
0.0000
0.0000
0.0000
0.0000
0.0000
0.0000
0.0000
0.0000
0.0000
0.0000
0.0000
0.0000
0.0000
0.0000
0.0000
0.0000
0.0000
0.0000
0.0000
0.0000
0.0000
0.0000
0.0000
0.0000
0.0000
0.0000
0.0000
0.0000
0.0000
0.0000
0.0000
0.0000
0.0000
0.0000
0.0000
0.0000
0.0000
0.0000
0.0000
0.0000
0.0000
0.0000
0.0000
0.0000
0.0000
0.0000
0.0000
0.0000
0.0000
0.0000
0.0000
0.0000
0.0000
0.0000
0.0000
0.0000
14.6484
14.6484
87.8906
87.8906
131.8359
131.8359
146.4844
146.4844
209.9609
209.9609
322.2656
322.2656
375.9766
375.9766
405.2734
405.2734
463.8672
463.8672
478.5156
478.5156
517.5781
517.5781
629.8828
629.8828
732.4219
732.4219
751.9531
751.9531
771.4844
771.4844
756.8359
756.8359
708.0078
708.0078
722.6562
722.6562
800.7812
800.7812
825.1953
825.1953
815.4297
815.4297
839.8437
839.8437
805.6641
805.6641
766.6016
766.6016
791.0156
791.0156
830.0781
830.0781
815.4297
815.4297
839.8437
839.8437
888.6719
888.6719
903.3203
903.3203
952.1484
952.1484
1059.5703
1059.5703
1088.8672
1088.8672
1010.7422
1010.7422
942.3828
942.3828
820.3125
820.3125
688.4766
688.4766
644.5312
644.5312
678.7109
678.7109
654.2969
654.2969
610.3516
610.3516
581.0547
581.0547
488.2812
488.2812
405.2734
405.2734
400.3906
400.3906
395.5078
395.5078
332.0312
332.0312
288.0859
288.0859
244.1406
244.1406
161.1328
161.1328
136.7187
136.7187
180.6641
180.6641
166.0156
166.0156
68.3594
68.3594
0.0000
0.0000
0.0000
0.0000
0.0000
0.0000
0.0000
0.0000
0.0000
0.0000
0.0000
0.0000
0.0000
0.0000
0.0000
0.0000
0.0000
0.0000
0.0000
0.0000
0.0000
0.0000
0.0000
0.0000
0.0000
0.0000
0.0000
0.0000
0.0000
0.0000
0.0000
0.0000
0.0000
0.0000
0.0000
0.0000
0.0000
0.0000
0.0000
0.0000
0.0000
0.0000
0.0000
0.0000
0.0000
0.0000
0.0000
0.0000
0.0000
0.0000
0.0000
0.0000
9.7656
9.7656
78.1250
78.1250
83.0078
83.0078
122.0703
122.0703
219.7266
219.7266
278.3203
278.3203
268.5547
268.5547
283.2031
283.2031
263.6719
263.6719
244.1406
244.1406
307.6172
307.6172
405.2734
405.2734
419.9219
419.9219
405.2734
405.2734
400.3906
341.7969
341.7969
322.2656
322.2656
385.7422
385.7422
449.2187
449.2187
449.2187
454.1016
454.1016
493.1641
493.1641
507.8125
507.8125
507.8125
507.8125
571.2891
698.2422
698.2422
698.2422
761.7187
761.7187
786.1328
839.8437
839.8437
844.7266
844.7266
844.7266
859.3750
859.3750
957.0312
957.0312
1074.2187
1074.2187
1118.1641
1118.1641
1147.4609
1147.4609
1171.8750
1171.8750
1142.5781
1142.5781
1142.5781
1142.5781
1196.2891
1196.2891
1206.0547
1206.0547
1142.5781
1142.5781
1103.5156
1103.5156
1079.1016
1079.1016
1064.4531
1064.4531
1142.5781
1142.5781
1264.6484
1264.6484
1284.1797
1284.1797
1186.5234
1020.5078
1020.5078
1020.5078
737.3047
434.5703
434.5703
214.8437
214.8437
48.8281
48.8281
0.0000
0.0000
0.0000
0.0000
0.0000
0.0000
0.0000
0.0000
0.0000
0.0000
0.0000
0.0000
0.0000
0.0000
0.0000
0.0000
0.0000
0.0000
0.0000
0.0000
0.0000
0.0000
0.0000
0.0000
0.0000
0.0000
0.0000
0.0000
0.0000
0.0000
0.0000
0.0000
0.0000
0.0000
0.0000
0.0000
0.0000
0.0000
0.0000
0.0000
0.0000
0.0000
0.0000
0.0000
0.0000
0.0000
0.0000
0.0000
0.0000
0.0000
0.0000
0.0000
0.0000
0.0000
0.0000
0.0000
0.0000
0.0000
0.0000
0.0000
0.0000
0.0000
0.0000
0.0000
0.0000
0.0000
0.0000
0.0000
0.0000
0.0000
0.0000
0.0000
0.0000
0.0000
0.0000
0.0000
0.0000
0.0000
0.0000
0.0000
0.0000
0.0000
0.0000
0.0000
0.0000
0.0000
0.0000
0.0000
0.0000
0.0000
0.0000
0.0000
0.0000
0.0000
0.0000
0.0000
0.0000
0.0000
0.0000
0.0000
0.0000
0.0000
0.0000
0.0000
0.0000
0.0000
0.0000
0.0000
39.0625
39.0625
24.4141
24.4141
0.0000
0.0000
39.0625
39.0625
117.1875
117.1875
131.8359
131.8359
136.7187
136.7187
146.4844
146.4844
102.5391
102.5391
92.7734
92.7734
166.0156
166.0156
209.9609
209.9609
200.1953
200.1953
229.4922
229.4922
234.3750
234.3750
234.3750
234.3750
317.3828
317.3828
454.1016
454.1016
512.6953
512.6953
546.8750
546.8750
581.0547
581.0547
566.4062
566.4062
576.1719
576.1719
668.9453
668.9453
761.7187
761.7187
795.8984
795.8984
859.3750
859.3750
913.0859
913.0859
942.3828
942.3828
1025.3906
1025.3906
1162.1094
1162.1094
1235.3516
1235.3516
1245.1172
1245.1172
1264.6484
1264.6484
1225.5859
1225.5859
1201.1719
1201.1719
1264.6484
1264.6484
1367.1875
1367.1875
1416.0156
1416.0156
1464.8437
1464.8437
1513.6719
1513.6719
1479.4922
1479.4922
1440.4297
1440.4297
1435.5469
1435.5469
1381.8359
1381.8359
1230.4687
1230.4687
1103.5156
1103.5156
966.7969
966.7969
830.0781
830.0781
786.1328
786.1328
805.6641
805.6641
761.7187
761.7187
668.9453
668.9453
585.9375
585.9375
449.2187
449.2187
312.5000
312.5000
263.6719
263.6719
229.4922
229.4922
126.9531
126.9531
29.2969
29.2969
0.0000
0.0000
0.0000
0.0000
0.0000
0.0000
0.0000
0.0000
0.0000
0.0000
0.0000
0.0000
0.0000
0.0000
0.0000
0.0000
0.0000
0.0000
0.0000
0.0000
0.0000
0.0000
0.0000
0.0000
0.0000
0.0000
0.0000
0.0000
0.0000
0.0000
0.0000
0.0000
0.0000
0.0000
0.0000
0.0000
0.0000
0.0000
0.0000
0.0000
0.0000
0.0000
0.0000
0.0000
0.0000
0.0000
0.0000
0.0000
0.0000
0.0000
0.0000
0.0000
0.0000
0.0000
0.0000
0.0000
0.0000
0.0000
0.0000
0.0000
0.0000
0.0000
0.0000
0.0000
0.0000
0.0000
0.0000
0.0000
0.0000
0.0000
0.0000
0.0000
48.8281
48.8281
122.0703
122.0703
146.4844
146.4844
185.5469
185.5469
185.5469
185.5469
170.8984
170.8984
234.3750
234.3750
332.0312
332.0312
356.4453
356.4453
361.3281
361.3281
371.0937
371.0937
336.9141
336.9141
332.0312
332.0312
405.2734
405.2734
449.2187
449.2187
429.6875
429.6875
429.6875
429.6875
405.2734
405.2734
366.2109
366.2109
410.1562
410.1562
527.3437
527.3437
585.9375
585.9375
625.0000
625.0000
678.7109
678.7109
678.7109
678.7109
683.5937
683.5937
751.9531
751.9531
825.1953
825.1953
830.0781
830.0781
839.8437
839.8437
854.4922
854.4922
844.7266
844.7266
898.4375
898.4375
1040.0391
1040.0391
1137.6953
1137.6953
1171.8750
1171.8750
1215.8203
1215.8203
1210.9375
1210.9375
1176.7578
1176.7578
1225.5859
1225.5859
1347.6562
1347.6562
1416.0156
1416.0156
1445.3125
1445.3125
1474.6094
1474.6094
1425.7812
1425.7812
1342.7734
1342.7734
1284.1797
1284.1797
1176.7578
1176.7578
966.7969
966.7969
761.7187
761.7187
551.7578
551.7578
322.2656
322.2656
175.7812
175.7812
126.9531
126.9531
34.1797
34.1797
0.0000
0.0000
0.0000
0.0000
0.0000
0.0000
0.0000
0.0000
0.0000
0.0000
0.0000
0.0000
0.0000
0.0000
0.0000
0.0000
0.0000
0.0000
0.0000
0.0000
0.0000
0.0000
0.0000
0.0000
0.0000
0.0000
0.0000
0.0000
0.0000
0.0000
0.0000
0.0000
0.0000
0.0000
0.0000
0.0000
0.0000
0.0000
0.0000
0.0000
0.0000
0.0000
0.0000
0.0000
0.0000
0.0000
0.0000
0.0000
0.0000
0.0000
0.0000
0.0000
0.0000
0.0000
0.0000
0.0000
0.0000
0.0000
0.0000
0.0000
0.0000
0.0000
0.0000
0.0000
0.0000
0.0000
0.0000
0.0000
0.0000
0.0000
0.0000
0.0000
0.0000
0.0000
0.0000
0.0000
0.0000
0.0000
0.0000
0.0000
0.0000
0.0000
0.0000
0.0000
0.0000
0.0000
0.0000
0.0000
0.0000
0.0000
0.0000
0.0000
0.0000
0.0000
24.4141
24.4141
102.5391
102.5391
166.0156
166.0156
283.2031
283.2031
405.2734
405.2734
434.5703
434.5703
463.8672
463.8672
493.1641
493.1641
483.3984
483.3984
522.4609
522.4609
644.5312
644.5312
717.7734
717.7734
727.5391
727.5391
742.1875
742.1875
688.4766
688.4766
615.2344
615.2344
615.2344
615.2344
629.8828
629.8828
576.1719
576.1719
527.3437
527.3437
498.0469
498.0469
444.3359
444.3359
449.2187
449.2187
551.7578
551.7578
615.2344
615.2344
610.3516
610.3516
615.2344
615.2344
585.9375
585.9375
537.1094
537.1094
566.4062
566.4062
664.0625
664.0625
708.0078
708.0078
747.0703
747.0703
825.1953
825.1953
869.1406
869.1406
932.6172
932.6172
1059.5703
1059.5703
1157.2266
1157.2266
1137.6953
1137.6953
1088.8672
1088.8672
996.0937
996.0937
849.6094
849.6094
756.8359
756.8359
737.3047
737.3047
693.3594
693.3594
615.2344
615.2344
551.7578
551.7578
429.6875
429.6875
288.0859
288.0859
219.7266
219.7266
190.4297
190.4297
107.4219
107.4219
39.0625
39.0625
9.7656
9.7656
0.0000
0.0000
0.0000
0.0000
29.2969
29.2969
68.3594
68.3594
24.4141
24.4141
0.0000
0.0000
0.0000
0.0000
0.0000
0.0000
0.0000
0.0000
0.0000
0.0000
0.0000
0.0000
0.0000
0.0000
0.0000
0.0000
0.0000
0.0000
0.0000
0.0000
0.0000
0.0000
0.0000
0.0000
0.0000
0.0000
0.0000
0.0000
0.0000
0.0000
0.0000
0.0000
0.0000
0.0000
39.0625
39.0625
151.3672
151.3672
180.6641
180.6641
214.8437
214.8437
180.6641
180.6641
122.0703
122.0703
126.9531
126.9531
175.7812
175.7812
170.8984
170.8984
156.2500
156.2500
175.7812
175.7812
136.7187
136.7187
126.9531
126.9531
190.4297
190.4297
249.0234
249.0234
234.3750
234.3750
258.7891
258.7891
258.7891
258.7891
249.0234
249.0234
307.6172
307.6172
449.2187
449.2187
532.2266
532.2266
571.2891
571.2891
644.5312
644.5312
659.1797
659.1797
678.7109
678.7109
771.4844
771.4844
888.6719
888.6719
922.8516
922.8516
942.3828
942.3828
952.1484
952.1484
898.4375
898.4375
883.7891
883.7891
942.3828
942.3828
986.3281
986.3281
976.5625
976.5625
996.0937
996.0937
991.2109
991.2109
952.1484
952.1484
966.7969
966.7969
1020.5078
1020.5078
1005.8594
1005.8594
966.7969
966.7969
957.0312
957.0312
903.3203
903.3203
883.7891
883.7891
961.9141
961.9141
1064.4531
1064.4531
1093.7500
1093.7500
1113.2812
1113.2812
1132.8125
1132.8125
1103.5156
1103.5156
1132.8125
1132.8125
1259.7656
1259.7656
1401.3672
1401.3672
1479.4922
1479.4922
1557.6172
1557.6172
1582.0312
1582.0312
1499.0234
1499.0234
1386.7187
1386.7187
1269.5312
1269.5312
1030.2734
1030.2734
732.4219
732.4219
473.6328
473.6328
200.1953
200.1953
0.0000
0.0000
0.0000
0.0000
0.0000
0.0000
0.0000
0.0000
0.0000
0.0000
0.0000
0.0000
0.0000
0.0000
0.0000
0.0000
0.0000
0.0000
0.0000
0.0000
0.0000
0.0000
0.0000
0.0000
0.0000
0.0000
0.0000
0.0000
0.0000
0.0000
0.0000
0.0000
0.0000
0.0000
0.0000
0.0000
0.0000
0.0000
0.0000
0.0000
0.0000
0.0000
0.0000
0.0000
0.0000
0.0000
0.0000
0.0000
0.0000
0.0000
0.0000
0.0000
0.0000
0.0000
0.0000
0.0000
0.0000
0.0000
0.0000
0.0000
0.0000
0.0000
0.0000
0.0000
0.0000
0.0000
0.0000
0.0000
0.0000
0.0000
0.0000
0.0000
0.0000
0.0000
0.0000
0.0000
0.0000
0.0000
0.0000
0.0000
0.0000
0.0000
0.0000
0.0000
0.0000
0.0000
0.0000
0.0000
0.0000
0.0000
0.0000
0.0000
0.0000
0.0000
0.0000
0.0000
0.0000
0.0000
0.0000
0.0000
0.0000
0.0000
0.0000
0.0000
0.0000
0.0000
0.0000
0.0000
0.0000
0.0000
0.0000
0.0000
0.0000
0.0000
0.0000
0.0000
0.0000
0.0000
0.0000
87.8906
87.8906
258.7891
258.7891
258.7891
351.5625
351.5625
395.5078
395.5078
439.4531
439.4531
415.0391
415.0391
405.2734
405.2734
468.7500
468.7500
527.3437
527.3437
512.6953
512.6953
507.8125
498.0469
498.0469
498.0469
439.4531
439.4531
439.4531
498.0469
498.0469
493.1641
493.1641
444.3359
444.3359
405.2734
405.2734
336.9141
336.9141
292.9687
292.9687
346.6797
346.6797
429.6875
429.6875
439.4531
439.4531
444.3359
444.3359
458.9844
458.9844
439.4531
439.4531
473.6328
473.6328
605.4687
605.4687
747.0703
747.0703
834.9609
834.9609
937.5000
937.5000
991.2109
991.2109
981.4453
981.4453
1005.8594
1005.8594
1044.9219
1044.9219
1000.9766
1000.9766
913.0859
913.0859
839.8437
839.8437
717.7734
717.7734
615.2344
615.2344
585.9375
585.9375
546.8750
546.8750
429.6875
429.6875
327.1484
327.1484
205.0781
205.0781
48.8281
48.8281
0.0000
0.0000
0.0000
0.0000
0.0000
0.0000
0.0000
0.0000
0.0000
0.0000
0.0000
0.0000
0.0000
0.0000
0.0000
0.0000
0.0000
0.0000
0.0000
0.0000
0.0000
0.0000
0.0000
0.0000
0.0000
0.0000
0.0000
0.0000
0.0000
0.0000
0.0000
0.0000
0.0000
0.0000
0.0000
0.0000
0.0000
0.0000
0.0000
0.0000
0.0000
0.0000
0.0000
0.0000
0.0000
0.0000
0.0000
0.0000
0.0000
0.0000
0.0000
0.0000
0.0000
0.0000
0.0000
0.0000
0.0000
0.0000
34.1797
34.1797
97.6562
97.6562
151.3672
151.3672
151.3672
151.3672
200.1953
200.1953
302.7344
302.7344
336.9141
336.9141
307.6172
307.6172
292.9687
292.9687
229.4922
229.4922
175.7812
175.7812
209.9609
209.9609
278.3203
278.3203
288.0859
288.0859
302.7344
302.7344
327.1484
327.1484
297.8516
297.8516
307.6172
307.6172
380.8594
380.8594
424.8047
424.8047
410.1562
410.1562
429.6875
429.6875
429.6875
429.6875
424.8047
424.8047
498.0469
498.0469
634.7656
634.7656
722.6562
722.6562
791.0156
791.0156
878.9062
878.9062
917.9687
917.9687
971.6797
971.6797
1098.6328
1098.6328
1220.7031
1220.7031
1274.4141
1274.4141
1323.2422
1323.2422
1362.3047
1362.3047
1347.6562
1347.6562
1386.7187
1386.7187
1479.4922
1479.4922
1518.5547
1518.5547
1494.1406
1494.1406
1489.2578
1489.2578
1455.0781
1455.0781
1396.4844
1396.4844
1406.2500
1406.2500
1455.0781
1455.0781
1440.4297
1440.4297
1391.6016
1391.6016
1367.1875
1367.1875
1318.3594
1318.3594
1318.3594
1318.3594
1435.5469
1435.5469
1582.0312
1582.0312
1640.6250
1640.6250
1660.1562
1660.1562
1630.8594
1630.8594
1489.2578
1489.2578
1333.0078
1333.0078
1215.8203
1215.8203
1059.5703
1059.5703
869.1406
869.1406
751.9531
751.9531
639.6484
639.6484
532.2266
532.2266
498.0469
498.0469
517.5781
517.5781
439.4531
439.4531
283.2031
283.2031
107.4219
107.4219
0.0000
0.0000
0.0000
0.0000
0.0000
0.0000
0.0000
0.0000
0.0000
0.0000
0.0000
0.0000
0.0000
0.0000
0.0000
0.0000
0.0000
0.0000
0.0000
0.0000
0.0000
0.0000
0.0000
0.0000
0.0000
0.0000
0.0000
0.0000
0.0000
0.0000
0.0000
0.0000
0.0000
0.0000
0.0000
0.0000
0.0000
0.0000
0.0000
0.0000
0.0000
0.0000
0.0000
0.0000
0.0000
0.0000
0.0000
0.0000
0.0000
0.0000
0.0000
0.0000
0.0000
0.0000
0.0000
0.0000
0.0000
0.0000
0.0000
0.0000
0.0000
0.0000
0.0000
0.0000
0.0000
0.0000
0.0000
0.0000
0.0000
0.0000
0.0000
0.0000
0.0000
0.0000
0.0000
0.0000
0.0000
0.0000
0.0000
0.0000
0.0000
0.0000
0.0000
0.0000
0.0000
0.0000
0.0000
0.0000
0.0000
0.0000
0.0000
0.0000
0.0000
0.0000
0.0000
0.0000
0.0000
0.0000
0.0000
0.0000
0.0000
0.0000
0.0000
0.0000
0.0000
0.0000
0.0000
0.0000
0.0000
0.0000
34.1797
34.1797
102.5391
102.5391
141.6016
141.6016
209.9609
209.9609
239.2578
239.2578
283.2031
283.2031
419.9219
419.9219
561.5234
561.5234
629.8828
629.8828
678.7109
678.7109
693.3594
693.3594
639.6484
639.6484
634.7656
634.7656
693.3594
693.3594
712.8906
712.8906
698.2422
698.2422
708.0078
708.0078
668.9453
668.9453
634.7656
634.7656
683.5937
683.5937
756.8359
756.8359
771.4844
771.4844
795.8984
795.8984
830.0781
830.0781
810.5469
810.5469
810.5469
810.5469
854.4922
854.4922
834.9609
834.9609
742.1875
742.1875
673.8281
673.8281
581.0547
581.0547
493.1641
493.1641
498.0469
498.0469
581.0547
581.0547
595.7031
595.7031
590.8203
590.8203
595.7031
595.7031
546.8750
546.8750
522.4609
522.4609
585.9375
585.9375
659.1797
659.1797
664.0625
664.0625
688.4766
688.4766
698.2422
698.2422
639.6484
639.6484
610.3516
610.3516
634.7656
634.7656
585.9375
585.9375
463.8672
463.8672
356.4453
356.4453
190.4297
190.4297
19.5312
19.5312
0.0000
0.0000
0.0000
0.0000
0.0000
0.0000
0.0000
0.0000
0.0000
0.0000
0.0000
0.0000
0.0000
0.0000
0.0000
0.0000
0.0000
0.0000
0.0000
0.0000
0.0000
0.0000
0.0000
0.0000
0.0000
0.0000
0.0000
0.0000
0.0000
0.0000
0.0000
0.0000
0.0000
0.0000
0.0000
0.0000
0.0000
0.0000
0.0000
0.0000
0.0000
0.0000
0.0000
0.0000
63.4766
63.4766
151.3672
151.3672
234.3750
234.3750
249.0234
249.0234
292.9687
292.9687
390.6250
390.6250
429.6875
429.6875
415.0391
415.0391
429.6875
429.6875
410.1562
410.1562
390.6250
390.6250
454.1016
454.1016
556.6406
556.6406
576.1719
576.1719
571.2891
571.2891
566.4062
566.4062
502.9297
502.9297
478.5156
478.5156
551.7578
551.7578
620.1172
620.1172
629.8828
629.8828
673.8281
673.8281
712.8906
712.8906
727.5391
727.5391
810.5469
810.5469
952.1484
952.1484
1025.3906
1025.3906
1049.8047
1049.8047
1088.8672
1088.8672
1083.9844
1083.9844
1088.8672
1088.8672
1186.5234
1186.5234
1313.4766
1313.4766
1381.8359
1381.8359
1440.4297
1440.4297
1494.1406
1494.1406
1494.1406
1494.1406
1508.7891
1508.7891
1591.7969
1591.7969
1645.5078
1645.5078
1611.3281
1611.3281
1586.9141
1586.9141
1538.0859
1538.0859
1459.9609
1459.9609
1440.4297
1440.4297
1508.7891
1508.7891
1552.7344
1552.7344
1557.6172
1557.6172
1572.2656
1572.2656
1523.4375
1523.4375
1425.7812
1425.7812
1352.5391
1352.5391
1279.2969
1279.2969
1123.0469
1123.0469
947.2656
947.2656
810.5469
810.5469
654.2969
654.2969
551.7578
551.7578
546.8750
546.8750
546.8750
546.8750
468.7500
468.7500
375.9766
375.9766
253.9062
253.9062
68.3594
68.3594
0.0000
0.0000
0.0000
0.0000
0.0000
0.0000
0.0000
0.0000
0.0000
0.0000
0.0000
0.0000
0.0000
0.0000
0.0000
0.0000
0.0000
0.0000
0.0000
0.0000
0.0000
0.0000
0.0000
0.0000
0.0000
0.0000
0.0000
0.0000
0.0000
0.0000
0.0000
0.0000
0.0000
0.0000
0.0000
0.0000
0.0000
0.0000
0.0000
0.0000
0.0000
0.0000
0.0000
0.0000
0.0000
0.0000
0.0000
0.0000
0.0000
0.0000
0.0000
0.0000
0.0000
0.0000
0.0000
0.0000
0.0000
0.0000
0.0000
0.0000
0.0000
0.0000
0.0000
0.0000
0.0000
0.0000
0.0000
0.0000
0.0000
0.0000
0.0000
0.0000
0.0000
0.0000
0.0000
0.0000
0.0000
0.0000
0.0000
0.0000
0.0000
0.0000
0.0000
0.0000
0.0000
0.0000
0.0000
0.0000
0.0000
0.0000
0.0000
0.0000
0.0000
0.0000
0.0000
0.0000
0.0000
0.0000
0.0000
0.0000
0.0000
0.0000
0.0000
0.0000
0.0000
0.0000
0.0000
0.0000
0.0000
0.0000
9.7656
9.7656
14.6484
14.6484
24.4141
24.4141
0.0000
0.0000
0.0000
0.0000
58.5937
58.5937
131.8359
131.8359
161.1328
161.1328
219.7266
219.7266
239.2578
239.2578
229.4922
229.4922
273.4375
273.4375
361.3281
361.3281
380.8594
380.8594
390.6250
390.6250
429.6875
429.6875
434.5703
434.5703
488.2812
488.2812
634.7656
634.7656
776.3672
776.3672
830.0781
830.0781
878.9062
878.9062
883.7891
883.7891
844.7266
844.7266
859.3750
859.3750
942.3828
942.3828
1005.8594
1005.8594
1044.9219
1044.9219
1118.1641
1118.1641
1142.5781
1142.5781
1137.6953
1137.6953
1162.1094
1162.1094
1166.9922
1166.9922
1054.6875
1054.6875
913.0859
913.0859
781.2500
781.2500
625.0000
625.0000
541.9922
541.9922
566.4062
566.4062
585.9375
585.9375
556.6406
556.6406
537.1094
537.1094
463.8672
463.8672
361.3281
361.3281
312.5000
312.5000
322.2656
322.2656
278.3203
278.3203
224.6094
224.6094
205.0781
205.0781
146.4844
146.4844
87.8906
87.8906
87.8906
87.8906
73.2422
73.2422
0.0000
0.0000
0.0000
0.0000
0.0000
0.0000
0.0000
0.0000
0.0000
0.0000
0.0000
0.0000
0.0000
0.0000
0.0000
0.0000
0.0000
0.0000
0.0000
0.0000
0.0000
0.0000
0.0000
0.0000
0.0000
0.0000
0.0000
0.0000
0.0000
0.0000
0.0000
0.0000
0.0000
0.0000
0.0000
0.0000
0.0000
0.0000
0.0000
0.0000
0.0000
0.0000
0.0000
0.0000
0.0000
0.0000
0.0000
0.0000
0.0000
0.0000
0.0000
0.0000
0.0000
0.0000
43.9453
43.9453
117.1875
117.1875
126.9531
126.9531
131.8359
131.8359
224.6094
341.7969
341.7969
380.8594
380.8594
429.6875
429.6875
478.5156
478.5156
478.5156
478.5156
478.5156
517.5781
517.5781
629.8828
688.4766
688.4766
683.5937
683.5937
688.4766
688.4766
654.2969
654.2969
600.5859
600.5859
620.1172
620.1172
688.4766
688.4766
683.5937
683.5937
659.1797
659.1797
644.5312
644.5312
581.0547
581.0547
546.8750
546.8750
605.4687
605.4687
654.2969
654.2969
639.6484
639.6484
654.2969
654.2969
664.0625
664.0625
629.8828
629.8828
659.1797
659.1797
756.8359
756.8359
800.7812
800.7812
800.7812
800.7812
830.0781
830.0781
825.1953
825.1953
815.4297
815.4297
893.5547
893.5547
1015.6250
1015.6250
1069.3359
1069.3359
1113.2812
1113.2812
1181.6406
1181.6406
1186.5234
1186.5234
1196.2891
1196.2891
1269.5312
1269.5312
1333.0078
1333.0078
1323.2422
1323.2422
1347.6562
1347.6562
1391.6016
1391.6016
1425.7812
1425.7812
1508.7891
1508.7891
1640.6250
1640.6250
1689.4531
1689.4531
1606.4453
1606.4453
1464.8437
1464.8437
1225.5859
1225.5859
932.6172
932.6172
708.0078
708.0078
541.9922
541.9922
341.7969
341.7969
166.0156
166.0156
48.8281
48.8281
0.0000
0.0000
0.0000
0.0000
0.0000
0.0000
0.0000
0.0000
0.0000
0.0000
0.0000
0.0000
0.0000
0.0000
0.0000
0.0000
0.0000
0.0000
0.0000
0.0000
0.0000
0.0000
0.0000
0.0000
0.0000
0.0000
0.0000
0.0000
0.0000
0.0000
0.0000
0.0000
0.0000
0.0000
0.0000
0.0000
0.0000
0.0000
0.0000
0.0000
0.0000
0.0000
0.0000
0.0000
0.0000
0.0000
0.0000
0.0000
0.0000
0.0000
0.0000
0.0000
0.0000
0.0000
0.0000
0.0000
0.0000
0.0000
0.0000
0.0000
0.0000
0.0000
0.0000
0.0000
0.0000
0.0000
0.0000
0.0000
0.0000
0.0000
0.0000
0.0000
0.0000
0.0000
0.0000
0.0000
0.0000
0.0000
0.0000
0.0000
0.0000
0.0000
0.0000
0.0000
0.0000
0.0000
0.0000
0.0000
0.0000
0.0000
0.0000
0.0000
0.0000
0.0000
0.0000
0.0000
0.0000
0.0000
0.0000
0.0000
34.1797
34.1797
102.5391
102.5391
141.6016
141.6016
102.5391
102.5391
97.6562
97.6562
175.7812
175.7812
224.6094
224.6094
214.8437
214.8437
234.3750
234.3750
209.9609
209.9609
166.0156
166.0156
190.4297
190.4297
234.3750
234.3750
195.3125
195.3125
146.4844
146.4844
107.4219
107.4219
24.4141
24.4141
0.0000
0.0000
63.4766
63.4766
126.9531
126.9531
136.7187
136.7187
185.5469
185.5469
205.0781
205.0781
209.9609
209.9609
292.9687
292.9687
434.5703
434.5703
512.6953
512.6953
566.4062
566.4062
639.6484
639.6484
659.1797
659.1797
698.2422
698.2422
810.5469
810.5469
913.0859
913.0859
927.7344
927.7344
952.1484
952.1484
986.3281
986.3281
1010.7422
1010.7422
1088.8672
1088.8672
1225.5859
1225.5859
1284.1797
1284.1797
1225.5859
1225.5859
1132.8125
1132.8125
947.2656
947.2656
737.3047
737.3047
590.8203
590.8203
488.2812
488.2812
351.5625
351.5625
258.7891
258.7891
209.9609
209.9609
136.7187
136.7187
122.0703
122.0703
175.7812
175.7812
219.7266
219.7266
180.6641
180.6641
146.4844
146.4844
83.0078
83.0078
0.0000
0.0000
0.0000
0.0000
0.0000
0.0000
0.0000
0.0000
0.0000
0.0000
0.0000
0.0000
0.0000
0.0000
0.0000
0.0000
0.0000
0.0000
0.0000
0.0000
0.0000
0.0000
0.0000
0.0000
0.0000
0.0000
0.0000
0.0000
0.0000
0.0000
0.0000
0.0000
0.0000
0.0000
0.0000
0.0000
0.0000
0.0000
0.0000
0.0000
0.0000
0.0000
0.0000
0.0000
0.0000
0.0000
0.0000
0.0000
0.0000
0.0000
0.0000
0.0000
0.0000
0.0000
0.0000
0.0000
0.0000
0.0000
0.0000
0.0000
0.0000
0.0000
0.0000
0.0000
0.0000
0.0000
0.0000
0.0000
0.0000
0.0000
92.7734
92.7734
185.5469
185.5469
244.1406
244.1406
327.1484
327.1484
371.0937
371.0937
429.6875
429.6875
566.4062
566.4062
708.0078
708.0078
756.8359
756.8359
795.8984
795.8984
820.3125
820.3125
791.0156
791.0156
810.5469
810.5469
908.2031
908.2031
966.7969
966.7969
976.5625
976.5625
1010.7422
1010.7422
1000.9766
1000.9766
971.6797
971.6797
1010.7422
1010.7422
1088.8672
1088.8672
1088.8672
1088.8672
1059.5703
1059.5703
1054.6875
1054.6875
1005.8594
1005.8594
991.2109
991.2109
1064.4531
1064.4531
1142.5781
1142.5781
1157.2266
1157.2266
1181.6406
1181.6406
1196.2891
1196.2891
1166.9922
1166.9922
1171.8750
1171.8750
1259.7656
1259.7656
1328.1250
1328.1250
1376.9531
1376.9531
1469.7266
1469.7266
1533.2031
1533.2031
1542.9687
1542.9687
1567.3828
1567.3828
1582.0312
1582.0312
1450.1953
1450.1953
1230.4687
1230.4687
986.3281
986.3281
693.3594
693.3594
439.4531
439.4531
307.6172
307.6172
209.9609
209.9609
78.1250
78.1250
0.0000
0.0000
0.0000
0.0000
0.0000
0.0000
0.0000
0.0000
0.0000
0.0000
0.0000
0.0000
0.0000
0.0000
0.0000
0.0000
0.0000
0.0000
0.0000
0.0000
0.0000
0.0000
0.0000
0.0000
0.0000
0.0000
0.0000
0.0000
0.0000
0.0000
0.0000
0.0000
0.0000
0.0000
0.0000
0.0000
0.0000
0.0000
0.0000
0.0000
0.0000
0.0000
0.0000
0.0000
0.0000
0.0000
0.0000
0.0000
0.0000
0.0000
0.0000
0.0000
0.0000
0.0000
0.0000
0.0000
0.0000
0.0000
0.0000
0.0000
0.0000
0.0000
0.0000
0.0000
0.0000
0.0000
0.0000
0.0000
0.0000
0.0000
0.0000
0.0000
0.0000
0.0000
0.0000
0.0000
0.0000
0.0000
0.0000
0.0000
0.0000
0.0000
0.0000
0.0000
0.0000
0.0000
0.0000
0.0000
0.0000
0.0000
0.0000
0.0000
0.0000
0.0000
0.0000
0.0000
0.0000
0.0000
0.0000
0.0000
0.0000
0.0000
0.0000
0.0000
0.0000
0.0000
0.0000
0.0000
0.0000
0.0000
0.0000
0.0000
0.0000
0.0000
43.9453
43.9453
107.4219
107.4219
175.7812
175.7812
234.3750
234.3750
244.1406
244.1406
317.3828
317.3828
449.2187
449.2187
527.3437
527.3437
546.8750
546.8750
581.0547
581.0547
551.7578
551.7578
522.4609
522.4609
576.1719
576.1719
634.7656
634.7656
610.3516
610.3516
585.9375
585.9375
566.4062
566.4062
498.0469
498.0469
483.3984
483.3984
541.9922
541.9922
551.7578
551.7578
507.8125
507.8125
493.1641
493.1641
454.1016
454.1016
434.5703
434.5703
532.2266
532.2266
703.1250
703.1250
810.5469
810.5469
878.9062
878.9062
937.5000
937.5000
908.2031
908.2031
869.1406
869.1406
893.5547
893.5547
903.3203
903.3203
854.4922
854.4922
859.3750
859.3750
869.1406
869.1406
864.2578
864.2578
922.8516
922.8516
1025.3906
1025.3906
1025.3906
1025.3906
952.1484
952.1484
874.0234
874.0234
737.3047
737.3047
615.2344
615.2344
595.7031
595.7031
615.2344
615.2344
581.0547
581.0547
546.8750
546.8750
498.0469
498.0469
371.0937
371.0937
258.7891
258.7891
190.4297
190.4297
68.3594
68.3594
0.0000
0.0000
0.0000
0.0000
0.0000
0.0000
0.0000
0.0000
0.0000
0.0000
0.0000
0.0000
0.0000
0.0000
0.0000
0.0000
0.0000
0.0000
0.0000
0.0000
0.0000
0.0000
0.0000
0.0000
0.0000
0.0000
0.0000
0.0000
0.0000
0.0000
0.0000
0.0000
0.0000
0.0000
0.0000
0.0000
0.0000
0.0000
0.0000
0.0000
0.0000
0.0000
43.9453
43.9453
97.6562
97.6562
156.2500
156.2500
283.2031
283.2031
419.9219
419.9219
463.8672
463.8672
473.6328
473.6328
473.6328
473.6328
424.8047
424.8047
424.8047
424.8047
498.0469
498.0469
537.1094
537.1094
517.5781
517.5781
512.6953
512.6953
468.7500
468.7500
400.3906
400.3906
410.1562
410.1562
473.6328
473.6328
483.3984
483.3984
488.2812
488.2812
522.4609
522.4609
502.9297
502.9297
512.6953
512.6953
605.4687
605.4687
693.3594
693.3594
717.7734
717.7734
756.8359
756.8359
791.0156
791.0156
805.6641
805.6641
883.7891
883.7891
1049.8047
1049.8047
1166.9922
1166.9922
1220.7031
1220.7031
1279.2969
1279.2969
1289.0625
1289.0625
1269.5312
1269.5312
1318.3594
1318.3594
1401.3672
1401.3672
1406.2500
1406.2500
1396.4844
1396.4844
1411.1328
1411.1328
1381.8359
1381.8359
1372.0703
1372.0703
1430.6641
1430.6641
1459.9609
1459.9609
1396.4844
1396.4844
1333.0078
1333.0078
1279.2969
1279.2969
1210.9375
1210.9375
1240.2344
1240.2344
1347.6562
1347.6562
1416.0156
1416.0156
1406.2500
1406.2500
1372.0703
1372.0703
1250.0000
1250.0000
1069.3359
1069.3359
937.5000
937.5000
854.4922
854.4922
727.5391
727.5391
605.4687
605.4687
546.8750
546.8750
463.8672
463.8672
400.3906
400.3906
405.2734
405.2734
400.3906
400.3906
278.3203
278.3203
126.9531
126.9531
0.0000
0.0000
0.0000
0.0000
0.0000
0.0000
0.0000
0.0000
0.0000
0.0000
0.0000
0.0000
0.0000
0.0000
0.0000
0.0000
0.0000
0.0000
0.0000
0.0000
0.0000
0.0000
0.0000
0.0000
0.0000
0.0000
0.0000
0.0000
0.0000
0.0000
0.0000
0.0000
0.0000
0.0000
0.0000
0.0000
0.0000
0.0000
0.0000
0.0000
0.0000
0.0000
0.0000
0.0000
0.0000
0.0000
0.0000
0.0000
0.0000
0.0000
0.0000
0.0000
0.0000
0.0000
0.0000
0.0000
0.0000
0.0000
0.0000
0.0000
0.0000
0.0000
0.0000
0.0000
0.0000
0.0000
0.0000
0.0000
0.0000
0.0000
0.0000
0.0000
0.0000
0.0000
0.0000
0.0000
0.0000
0.0000
0.0000
0.0000
0.0000
0.0000
0.0000
0.0000
0.0000
0.0000
0.0000
0.0000
0.0000
24.4141
24.4141
29.2969
29.2969
0.0000
0.0000
0.0000
0.0000
39.0625
39.0625
48.8281
48.8281
24.4141
24.4141
39.0625
39.0625
29.2969
29.2969
34.1797
34.1797
131.8359
131.8359
244.1406
244.1406
278.3203
278.3203
312.5000
312.5000
336.9141
336.9141
312.5000
312.5000
346.6797
346.6797
468.7500
468.7500
566.4062
566.4062
620.1172
620.1172
688.4766
688.4766
712.8906
712.8906
717.7734
717.7734
786.1328
786.1328
874.0234
874.0234
888.6719
888.6719
874.0234
874.0234
883.7891
883.7891
869.1406
869.1406
917.9687
917.9687
1069.3359
1069.3359
1206.0547
1206.0547
1245.1172
1245.1172
1264.6484
1264.6484
1220.7031
1220.7031
1113.2812
1113.2812
1040.0391
1040.0391
1010.7422
1010.7422
937.5000
937.5000
844.7266
844.7266
795.8984
795.8984
698.2422
698.2422
615.2344
615.2344
585.9375
585.9375
541.9922
541.9922
415.0391
415.0391
292.9687
292.9687
170.8984
170.8984
39.0625
39.0625
0.0000
0.0000
34.1797
34.1797
78.1250
78.1250
73.2422
73.2422
87.8906
87.8906
34.1797
34.1797
0.0000
0.0000
0.0000
0.0000
0.0000
0.0000
0.0000
0.0000
0.0000
0.0000
0.0000
0.0000
0.0000
0.0000
0.0000
0.0000
0.0000
0.0000
0.0000
0.0000
0.0000
0.0000
0.0000
0.0000
0.0000
0.0000
0.0000
0.0000
0.0000
0.0000
0.0000
0.0000
0.0000
0.0000
0.0000
0.0000
0.0000
0.0000
0.0000
0.0000
0.0000
0.0000
0.0000
0.0000
0.0000
0.0000
0.0000
0.0000
0.0000
0.0000
0.0000
0.0000
0.0000
0.0000
0.0000
0.0000
0.0000
0.0000
0.0000
0.0000
0.0000
0.0000
39.0625
39.0625
68.3594
68.3594
78.1250
78.1250
156.2500
156.2500
288.0859
288.0859
351.5625
351.5625
390.6250
390.6250
439.4531
439.4531
429.6875
429.6875
439.4531
439.4531
522.4609
522.4609
590.8203
590.8203
585.9375
585.9375
595.7031
595.7031
600.5859
600.5859
576.1719
576.1719
625.0000
625.0000
732.4219
732.4219
781.2500
781.2500
771.4844
771.4844
766.6016
766.6016
717.7734
717.7734
693.3594
693.3594
756.8359
756.8359
864.2578
864.2578
903.3203
903.3203
942.3828
942.3828
981.4453
981.4453
976.5625
976.5625
1010.7422
1010.7422
1113.2812
1113.2812
1186.5234
1186.5234
1181.6406
1181.6406
1191.4062
1191.4062
1191.4062
1191.4062
1171.8750
1171.8750
1230.4687
1230.4687
1367.1875
1367.1875
1464.8437
1464.8437
1528.3203
1528.3203
1625.9766
1625.9766
1674.8047
1674.8047
1684.5703
1684.5703
1723.6328
1723.6328
1752.9297
1752.9297
1660.1562
1660.1562
1518.5547
1518.5547
1367.1875
1367.1875
1166.9922
1166.9922
1030.2734
1030.2734
991.2109
991.2109
932.6172
932.6172
791.0156
791.0156
654.2969
654.2969
483.3984
483.3984
278.3203
278.3203
146.4844
146.4844
92.7734
92.7734
0.0000
0.0000
0.0000
0.0000
0.0000
0.0000
0.0000
0.0000
0.0000
0.0000
0.0000
0.0000
0.0000
0.0000
0.0000
0.0000
0.0000
0.0000
0.0000
0.0000
0.0000
0.0000
0.0000
0.0000
0.0000
0.0000
0.0000
0.0000
0.0000
0.0000
0.0000
0.0000
0.0000
0.0000
0.0000
0.0000
0.0000
0.0000
0.0000
0.0000
0.0000
0.0000
0.0000
0.0000
0.0000
0.0000
0.0000
0.0000
0.0000
0.0000
0.0000
0.0000
0.0000
0.0000
0.0000
0.0000
0.0000
0.0000
0.0000
0.0000
0.0000
0.0000
0.0000
0.0000
0.0000
0.0000
0.0000
0.0000
0.0000
0.0000
0.0000
0.0000
0.0000
0.0000
0.0000
0.0000
0.0000
0.0000
0.0000
0.0000
0.0000
0.0000
0.0000
0.0000
0.0000
0.0000
0.0000
0.0000
0.0000
0.0000
0.0000
0.0000
0.0000
0.0000
0.0000
0.0000
4.8828
4.8828
34.1797
34.1797
83.0078
83.0078
234.3750
234.3750
424.8047
424.8047
541.9922
541.9922
654.2969
654.2969
751.9531
751.9531
795.8984
795.8984
849.6094
849.6094
961.9141
961.9141
1020.5078
1020.5078
996.0937
996.0937
976.5625
976.5625
908.2031
908.2031
825.1953
825.1953
810.5469
810.5469
830.0781
830.0781
771.4844
771.4844
698.2422
698.2422
620.1172
620.1172
493.1641
493.1641
429.6875
429.6875
478.5156
478.5156
546.8750
546.8750
561.5234
561.5234
585.9375
585.9375
561.5234
561.5234
468.7500
468.7500
405.2734
405.2734
375.9766
375.9766
268.5547
268.5547
136.7187
136.7187
29.2969
29.2969
0.0000
0.0000
0.0000
0.0000
0.0000
0.0000
0.0000
0.0000
0.0000
0.0000
0.0000
0.0000
0.0000
0.0000
0.0000
0.0000
0.0000
0.0000
0.0000
0.0000
0.0000
0.0000
0.0000
0.0000
0.0000
0.0000
0.0000
0.0000
0.0000
0.0000
0.0000
0.0000
0.0000
0.0000
0.0000
0.0000
0.0000
0.0000
0.0000
0.0000
0.0000
0.0000
0.0000
0.0000
0.0000
0.0000
0.0000
0.0000
0.0000
0.0000
0.0000
0.0000
0.0000
0.0000
0.0000
0.0000
0.0000
0.0000
0.0000
0.0000
58.5937
58.5937
166.0156
166.0156
307.6172
307.6172
385.7422
385.7422
458.9844
458.9844
585.9375
585.9375
703.1250
703.1250
732.4219
732.4219
761.7187
761.7187
791.0156
791.0156
786.1328
786.1328
839.8437
839.8437
961.9141
961.9141
1030.2734
1030.2734
1010.7422
1010.7422
991.2109
991.2109
898.4375
898.4375
786.1328
786.1328
747.0703
747.0703
761.7187
761.7187
727.5391
727.5391
708.0078
708.0078
717.7734
717.7734
683.5937
683.5937
678.7109
678.7109
747.0703
747.0703
800.7812
800.7812
781.2500
781.2500
781.2500
781.2500
771.4844
771.4844
737.3047
737.3047
766.6016
766.6016
878.9062
878.9062
947.2656
947.2656
966.7969
966.7969
1015.6250
1015.6250
1015.6250
1015.6250
1005.8594
1005.8594
1059.5703
1059.5703
1142.5781
1142.5781
1132.8125
1132.8125
1093.7500
1093.7500
1044.9219
1044.9219
957.0312
957.0312
903.3203
903.3203
937.5000
937.5000
971.6797
971.6797
932.6172
932.6172
917.9687
917.9687
898.4375
898.4375
834.9609
834.9609
834.9609
834.9609
898.4375
898.4375
913.0859
913.0859
878.9062
878.9062
898.4375
898.4375
932.6172
932.6172
966.7969
966.7969
1069.3359
1069.3359
1201.1719
1201.1719
1220.7031
1220.7031
1132.8125
1132.8125
991.2109
991.2109
747.0703
747.0703
498.0469
498.0469
341.7969
341.7969
219.7266
219.7266
73.2422
73.2422
0.0000
0.0000
0.0000
0.0000
0.0000
0.0000
0.0000
0.0000
0.0000
0.0000
0.0000
0.0000
0.0000
0.0000
0.0000
0.0000
0.0000
0.0000
0.0000
0.0000
0.0000
0.0000
0.0000
0.0000
0.0000
0.0000
0.0000
0.0000
0.0000
0.0000
0.0000
0.0000
0.0000
0.0000
0.0000
0.0000
0.0000
0.0000
0.0000
0.0000
0.0000
0.0000
0.0000
0.0000
0.0000
0.0000
0.0000
0.0000
0.0000
0.0000
0.0000
0.0000
0.0000
0.0000
0.0000
0.0000
0.0000
0.0000
0.0000
0.0000
0.0000
0.0000
0.0000
0.0000
0.0000
0.0000
0.0000
0.0000
0.0000
0.0000
0.0000
0.0000
0.0000
0.0000
0.0000
0.0000
0.0000
0.0000
0.0000
0.0000
0.0000
0.0000
0.0000
0.0000
0.0000
0.0000
0.0000
0.0000
0.0000
0.0000
0.0000
0.0000
0.0000
0.0000
0.0000
0.0000
0.0000
0.0000
0.0000
0.0000
0.0000
0.0000
0.0000
0.0000
0.0000
0.0000
0.0000
0.0000
0.0000
0.0000
0.0000
0.0000
0.0000
0.0000
0.0000
0.0000
0.0000
0.0000
0.0000
0.0000
0.0000
0.0000
0.0000
0.0000
0.0000
0.0000
107.4219
107.4219
200.1953
200.1953
229.4922
229.4922
288.0859
288.0859
327.1484
327.1484
361.3281
361.3281
478.5156
478.5156
634.7656
634.7656
712.8906
712.8906
732.4219
732.4219
742.1875
742.1875
664.0625
664.0625
610.3516
610.3516
654.2969
654.2969
708.0078
708.0078
722.6562
722.6562
776.3672
776.3672
810.5469
810.5469
795.8984
795.8984
795.8984
795.8984
815.4297
815.4297
727.5391
727.5391
581.0547
581.0547
458.9844
458.9844
322.2656
322.2656
244.1406
244.1406
302.7344
302.7344
410.1562
410.1562
454.1016
454.1016
488.2812
488.2812
502.9297
502.9297
419.9219
419.9219
346.6797
346.6797
341.7969
341.7969
297.8516
297.8516
219.7266
219.7266
190.4297
190.4297
136.7187
136.7187
73.2422
73.2422
68.3594
68.3594
87.8906
9.7656
9.7656
0.0000
0.0000
0.0000
0.0000
0.0000
0.0000
0.0000
0.0000
0.0000
0.0000
0.0000
0.0000
0.0000
0.0000
0.0000
0.0000
0.0000
0.0000
0.0000
0.0000
0.0000
0.0000
0.0000
0.0000
0.0000
0.0000
0.0000
0.0000
0.0000
0.0000
0.0000
0.0000
0.0000
0.0000
0.0000
0.0000
0.0000
0.0000
0.0000
0.0000
0.0000
0.0000
0.0000
0.0000
0.0000
0.0000
0.0000
0.0000
0.0000
136.7187
136.7187
249.0234
249.0234
288.0859
346.6797
346.6797
356.4453
356.4453
341.7969
341.7969
410.1562
410.1562
532.2266
532.2266
595.7031
595.7031
649.4141
649.4141
722.6562
722.6562
737.3047
737.3047
771.4844
771.4844
864.2578
864.2578
927.7344
927.7344
898.4375
898.4375
869.1406
869.1406
825.1953
825.1953
766.6016
766.6016
786.1328
786.1328
883.7891
883.7891
932.6172
932.6172
932.6172
932.6172
952.1484
952.1484
917.9687
917.9687
874.0234
874.0234
913.0859
913.0859
976.5625
976.5625
966.7969
966.7969
957.0312
957.0312
966.7969
966.7969
957.0312
957.0312
1000.9766
1000.9766
1127.9297
1127.9297
1240.2344
1240.2344
1254.8828
1254.8828
1259.7656
1259.7656
1240.2344
1240.2344
1196.2891
1196.2891
1240.2344
1240.2344
1381.8359
1381.8359
1508.7891
1508.7891
1596.6797
1596.6797
1689.4531
1689.4531
1708.9844
1708.9844
1650.3906
1650.3906
1596.6797
1596.6797
1523.4375
1523.4375
1352.5391
1352.5391
1157.2266
1157.2266
981.4453
981.4453
810.5469
810.5469
708.0078
708.0078
722.6562
722.6562
747.0703
747.0703
668.9453
668.9453
581.0547
581.0547
434.5703
434.5703
219.7266
219.7266
48.8281
48.8281
0.0000
0.0000
0.0000
0.0000
0.0000
0.0000
0.0000
0.0000
0.0000
0.0000
0.0000
0.0000
0.0000
0.0000
0.0000
0.0000
0.0000
0.0000
0.0000
0.0000
0.0000
0.0000
0.0000
0.0000
0.0000
0.0000
0.0000
0.0000
0.0000
0.0000
0.0000
0.0000
0.0000
0.0000
0.0000
0.0000
0.0000
0.0000
0.0000
0.0000
0.0000
0.0000
0.0000
0.0000
0.0000
0.0000
0.0000
0.0000
0.0000
0.0000
0.0000
0.0000
0.0000
0.0000
0.0000
0.0000
0.0000
0.0000
0.0000
0.0000
0.0000
0.0000
0.0000
0.0000
0.0000
0.0000
0.0000
0.0000
0.0000
0.0000
0.0000
0.0000
0.0000
0.0000
0.0000
0.0000
0.0000
0.0000
0.0000
0.0000
0.0000
0.0000
0.0000
0.0000
0.0000
0.0000
0.0000
0.0000
0.0000
0.0000
0.0000
0.0000
0.0000
0.0000
0.0000
0.0000
0.0000
0.0000
0.0000
0.0000
0.0000
0.0000
0.0000
0.0000
39.0625
39.0625
195.3125
195.3125
283.2031
283.2031
341.7969
341.7969
405.2734
405.2734
410.1562
410.1562
444.3359
444.3359
551.7578
551.7578
639.6484
639.6484
654.2969
654.2969
683.5937
683.5937
673.8281
673.8281
634.7656
634.7656
654.2969
654.2969
717.7734
717.7734
717.7734
717.7734
703.1250
703.1250
727.5391
727.5391
727.5391
727.5391
747.0703
747.0703
830.0781
830.0781
878.9062
878.9062
815.4297
815.4297
717.7734
717.7734
581.0547
581.0547
400.3906
400.3906
302.7344
302.7344
307.6172
307.6172
302.7344
302.7344
253.9062
253.9062
253.9062
253.9062
209.9609
209.9609
166.0156
166.0156
195.3125
195.3125
273.4375
273.4375
273.4375
273.4375
268.5547
268.5547
268.5547
268.5547
214.8437
214.8437
185.5469
185.5469
219.7266
219.7266
214.8437
214.8437
107.4219
107.4219
0.0000
0.0000
0.0000
0.0000
0.0000
0.0000
0.0000
0.0000
0.0000
0.0000
0.0000
0.0000
0.0000
0.0000
0.0000
0.0000
0.0000
0.0000
0.0000
0.0000
0.0000
0.0000
0.0000
0.0000
0.0000
0.0000
0.0000
0.0000
0.0000
0.0000
0.0000
0.0000
0.0000
0.0000
0.0000
0.0000
0.0000
0.0000
0.0000
0.0000
0.0000
0.0000
0.0000
0.0000
0.0000
0.0000
0.0000
0.0000
78.1250
78.1250
175.7812
175.7812
244.1406
244.1406
307.6172
307.6172
288.0859
288.0859
283.2031
283.2031
351.5625
351.5625
390.6250
390.6250
371.0937
371.0937
380.8594
380.8594
375.9766
375.9766
351.5625
351.5625
400.3906
400.3906
498.0469
498.0469
517.5781
517.5781
498.0469
498.0469
478.5156
478.5156
405.2734
405.2734
361.3281
361.3281
405.2734
405.2734
483.3984
483.3984
488.2812
488.2812
512.6953
512.6953
551.7578
551.7578
556.6406
556.6406
620.1172
620.1172
756.8359
756.8359
869.1406
869.1406
917.9687
917.9687
991.2109
991.2109
1030.2734
1030.2734
1049.8047
1049.8047
1142.5781
1142.5781
1289.0625
1289.0625
1352.5391
1352.5391
1381.8359
1381.8359
1416.0156
1416.0156
1401.3672
1401.3672
1391.6016
1391.6016
1450.1953
1450.1953
1518.5547
1518.5547
1518.5547
1518.5547
1542.9687
1542.9687
1582.0312
1582.0312
1582.0312
1582.0312
1611.3281
1611.3281
1674.8047
1674.8047
1665.0391
1665.0391
1528.3203
1528.3203
1352.5391
1352.5391
1103.5156
1103.5156
825.1953
825.1953
634.7656
634.7656
537.1094
537.1094
400.3906
400.3906
263.6719
263.6719
180.6641
180.6641
73.2422
73.2422
0.0000
0.0000
0.0000
0.0000
0.0000
0.0000
0.0000
0.0000
0.0000
0.0000
0.0000
0.0000
0.0000
0.0000
0.0000
0.0000
0.0000
0.0000
0.0000
0.0000
0.0000
0.0000
0.0000
0.0000
0.0000
0.0000
0.0000
0.0000
0.0000
0.0000
0.0000
0.0000
0.0000
0.0000
0.0000
0.0000
0.0000
0.0000
0.0000
0.0000
0.0000
0.0000
0.0000
0.0000
0.0000
0.0000
0.0000
0.0000
0.0000
0.0000
0.0000
0.0000
0.0000
0.0000
0.0000
0.0000
0.0000
0.0000
0.0000
0.0000
0.0000
0.0000
0.0000
0.0000
0.0000
0.0000
0.0000
0.0000
0.0000
0.0000
0.0000
0.0000
0.0000
0.0000
0.0000
0.0000
0.0000
0.0000
0.0000
0.0000
0.0000
0.0000
0.0000
0.0000
0.0000
0.0000
0.0000
0.0000
0.0000
0.0000
0.0000
0.0000
0.0000
0.0000
0.0000
0.0000
0.0000
0.0000
0.0000
0.0000
43.9453
43.9453
92.7734
92.7734
97.6562
97.6562
141.6016
141.6016
239.2578
239.2578
288.0859
288.0859
278.3203
278.3203
273.4375
273.4375
214.8437
214.8437
136.7187
136.7187
141.6016
141.6016
185.5469
185.5469
166.0156
166.0156
156.2500
156.2500
161.1328
161.1328
122.0703
122.0703
131.8359
131.8359
229.4922
229.4922
302.7344
302.7344
317.3828
317.3828
346.6797
346.6797
351.5625
351.5625
327.1484
327.1484
385.7422
385.7422
507.8125
507.8125
571.2891
571.2891
620.1172
620.1172
703.1250
703.1250
732.4219
732.4219
771.4844
771.4844
878.9062
878.9062
986.3281
986.3281
1005.8594
1005.8594
1030.2734
1030.2734
1044.9219
1044.9219
1030.2734
1030.2734
1098.6328
1098.6328
1259.7656
1259.7656
1357.4219
1357.4219
1357.4219
1357.4219
1333.0078
1333.0078
1210.9375
1210.9375
1035.1562
1035.1562
898.4375
898.4375
776.3672
776.3672
590.8203
590.8203
415.0391
415.0391
268.5547
268.5547
92.7734
92.7734
0.0000
0.0000
0.0000
0.0000
0.0000
0.0000
0.0000
0.0000
0.0000
0.0000
0.0000
0.0000
0.0000
0.0000
0.0000
0.0000
0.0000
0.0000
0.0000
0.0000
0.0000
0.0000
0.0000
0.0000
0.0000
0.0000
0.0000
0.0000
0.0000
0.0000
0.0000
0.0000
0.0000
0.0000
0.0000
0.0000
0.0000
0.0000
0.0000
0.0000
0.0000
0.0000
0.0000
0.0000
0.0000
0.0000
0.0000
0.0000
0.0000
0.0000
0.0000
0.0000
0.0000
0.0000
0.0000
0.0000
0.0000
0.0000
0.0000
0.0000
0.0000
0.0000
0.0000
0.0000
0.0000
0.0000
0.0000
0.0000
0.0000
0.0000
0.0000
0.0000
0.0000
0.0000
0.0000
0.0000
0.0000
0.0000
0.0000
0.0000
48.8281
48.8281
175.7812
175.7812
219.7266
219.7266
224.6094
224.6094
258.7891
258.7891
268.5547
268.5547
307.6172
307.6172
439.4531
439.4531
590.8203
590.8203
649.4141
649.4141
698.2422
698.2422
717.7734
717.7734
673.8281
673.8281
673.8281
673.8281
747.0703
747.0703
771.4844
771.4844
747.0703
747.0703
766.6016
766.6016
751.9531
751.9531
742.1875
742.1875
810.5469
810.5469
908.2031
908.2031
927.7344
927.7344
932.6172
932.6172
942.3828
942.3828
903.3203
903.3203
908.2031
908.2031
1000.9766
1000.9766
1083.9844
1083.9844
1103.5156
1103.5156
1137.6953
1137.6953
1157.2266
1157.2266
1132.8125
1132.8125
1162.1094
1162.1094
1254.8828
1254.8828
1274.4141
1274.4141
1250.0000
1250.0000
1254.8828
1254.8828
1245.1172
1245.1172
1269.5312
1269.5312
1391.6016
1391.6016
1547.8516
1547.8516
1601.5625
1601.5625
1577.1484
1577.1484
1494.1406
1494.1406
1298.8281
1298.8281
1093.7500
1093.7500
957.0312
957.0312
820.3125
820.3125
644.5312
644.5312
522.4609
522.4609
410.1562
410.1562
278.3203
278.3203
185.5469
185.5469
141.6016
141.6016
14.6484
14.6484
0.0000
0.0000
0.0000
0.0000
0.0000
0.0000
0.0000
0.0000
0.0000
0.0000
0.0000
0.0000
0.0000
0.0000
0.0000
0.0000
0.0000
0.0000
0.0000
0.0000
0.0000
0.0000
0.0000
0.0000
0.0000
0.0000
0.0000
0.0000
0.0000
0.0000
0.0000
0.0000
0.0000
0.0000
0.0000
0.0000
0.0000
0.0000
0.0000
0.0000
0.0000
0.0000
0.0000
0.0000
0.0000
0.0000
0.0000
0.0000
0.0000
0.0000
0.0000
0.0000
0.0000
0.0000
0.0000
0.0000
0.0000
0.0000
0.0000
0.0000
0.0000
0.0000
0.0000
0.0000
0.0000
0.0000
0.0000
0.0000
0.0000
0.0000
0.0000
0.0000
0.0000
0.0000
0.0000
0.0000
0.0000
0.0000
0.0000
0.0000
0.0000
0.0000
0.0000
0.0000
0.0000
0.0000
0.0000
0.0000
0.0000
0.0000
0.0000
0.0000
0.0000
0.0000
0.0000
0.0000
0.0000
0.0000
0.0000
0.0000
0.0000
4.8828
4.8828
73.2422
73.2422
146.4844
146.4844
234.3750
234.3750
263.6719
263.6719
332.0312
332.0312
463.8672
463.8672
546.8750
546.8750
551.7578
551.7578
561.5234
561.5234
522.4609
522.4609
488.2812
488.2812
532.2266
532.2266
625.0000
625.0000
644.5312
644.5312
639.6484
639.6484
634.7656
634.7656
556.6406
556.6406
512.6953
512.6953
541.9922
541.9922
551.7578
551.7578
522.4609
522.4609
551.7578
551.7578
581.0547
581.0547
600.5859
600.5859
688.4766
688.4766
795.8984
795.8984
805.6641
805.6641
737.3047
737.3047
649.4141
649.4141
488.2812
488.2812
356.4453
356.4453
322.2656
322.2656
322.2656
322.2656
278.3203
278.3203
278.3203
278.3203
273.4375
273.4375
239.2578
239.2578
273.4375
273.4375
380.8594
380.8594
434.5703
434.5703
419.9219
419.9219
419.9219
419.9219
375.9766
375.9766
312.5000
312.5000
322.2656
322.2656
371.0937
371.0937
322.2656
322.2656
234.3750
234.3750
122.0703
122.0703
0.0000
0.0000
0.0000
0.0000
0.0000
0.0000
0.0000
0.0000
0.0000
0.0000
0.0000
0.0000
0.0000
0.0000
0.0000
0.0000
0.0000
0.0000
0.0000
0.0000
0.0000
0.0000
0.0000
0.0000
0.0000
0.0000
0.0000
0.0000
0.0000
0.0000
0.0000
0.0000
0.0000
0.0000
0.0000
0.0000
0.0000
0.0000
0.0000
0.0000
0.0000
0.0000
0.0000
0.0000
122.0703
122.0703
244.1406
244.1406
307.6172
307.6172
375.9766
375.9766
400.3906
400.3906
405.2734
405.2734
478.5156
478.5156
576.1719
576.1719
595.7031
595.7031
595.7031
595.7031
600.5859
600.5859
551.7578
551.7578
546.8750
546.8750
620.1172
620.1172
659.1797
659.1797
620.1172
620.1172
600.5859
600.5859
532.2266
532.2266
454.1016
454.1016
454.1016
454.1016
517.5781
517.5781
527.3437
527.3437
532.2266
532.2266
571.2891
571.2891
566.4062
566.4062
581.0547
581.0547
673.8281
673.8281
766.6016
766.6016
786.1328
786.1328
825.1953
825.1953
859.3750
859.3750
859.3750
859.3750
927.7344
927.7344
1079.1016
1079.1016
1191.4062
1191.4062
1235.3516
1235.3516
1289.0625
1289.0625
1303.7109
1303.7109
1284.1797
1284.1797
1328.1250
1328.1250
1411.1328
1411.1328
1416.0156
1416.0156
1386.7187
1386.7187
1376.9531
1376.9531
1328.1250
1328.1250
1303.7109
1303.7109
1352.5391
1352.5391
1401.3672
1401.3672
1357.4219
1357.4219
1308.5937
1308.5937
1245.1172
1245.1172
1157.2266
1157.2266
1166.9922
1166.9922
1293.9453
1293.9453
1435.5469
1435.5469
1538.0859
1538.0859
1660.1562
1660.1562
1738.2812
1738.2812
1733.3984
1733.3984
1713.8672
1713.8672
1689.4531
1689.4531
1547.8516
1547.8516
1342.7734
1342.7734
1157.2266
1157.2266
971.6797
971.6797
844.7266
844.7266
825.1953
825.1953
834.9609
834.9609
751.9531
751.9531
610.3516
610.3516
415.0391
415.0391
131.8359
131.8359
0.0000
0.0000
0.0000
0.0000
0.0000
0.0000
0.0000
0.0000
0.0000
0.0000
0.0000
0.0000
0.0000
0.0000
0.0000
0.0000
0.0000
0.0000
0.0000
0.0000
0.0000
0.0000
0.0000
0.0000
0.0000
0.0000
0.0000
0.0000
0.0000
0.0000
0.0000
0.0000
0.0000
0.0000
0.0000
0.0000
0.0000
0.0000
0.0000
0.0000
0.0000
0.0000
0.0000
0.0000
0.0000
0.0000
0.0000
0.0000
0.0000
0.0000
0.0000
0.0000
0.0000
0.0000
0.0000
0.0000
0.0000
0.0000
0.0000
0.0000
0.0000
0.0000
0.0000
0.0000
0.0000
0.0000
0.0000
0.0000
0.0000
0.0000
0.0000
0.0000
0.0000
0.0000
0.0000
0.0000
0.0000
0.0000
0.0000
0.0000
0.0000
0.0000
0.0000
0.0000
0.0000
0.0000
0.0000
0.0000
0.0000
0.0000
0.0000
0.0000
0.0000
0.0000
0.0000
0.0000
0.0000
0.0000
0.0000
0.0000
0.0000
0.0000
0.0000
0.0000
0.0000
0.0000
0.0000
0.0000
0.0000
0.0000
0.0000
0.0000
9.7656
9.7656
78.1250
78.1250
92.7734
92.7734
146.4844
146.4844
288.0859
288.0859
419.9219
419.9219
488.2812
488.2812
581.0547
581.0547
639.6484
639.6484
654.2969
654.2969
732.4219
732.4219
844.7266
844.7266
874.0234
874.0234
849.6094
849.6094
834.9609
834.9609
771.4844
771.4844
732.4219
732.4219
776.3672
776.3672
825.1953
825.1953
795.8984
795.8984
781.2500
781.2500
761.7187
761.7187
717.7734
717.7734
756.8359
756.8359
869.1406
869.1406
927.7344
927.7344
913.0859
913.0859
898.4375
898.4375
805.6641
805.6641
688.4766
688.4766
649.4141
649.4141
634.7656
634.7656
571.2891
571.2891
527.3437
527.3437
498.0469
498.0469
449.2187
449.2187
434.5703
434.5703
498.0469
498.0469
532.2266
532.2266
507.8125
507.8125
502.9297
502.9297
478.5156
478.5156
449.2187
449.2187
488.2812
488.2812
590.8203
590.8203
615.2344
615.2344
581.0547
581.0547
551.7578
551.7578
463.8672
463.8672
385.7422
385.7422
371.0937
371.0937
356.4453
356.4453
263.6719
263.6719
156.2500
156.2500
29.2969
29.2969
0.0000
0.0000
0.0000
0.0000
0.0000
0.0000
0.0000
0.0000
0.0000
0.0000
0.0000
0.0000
0.0000
0.0000
0.0000
0.0000
0.0000
0.0000
0.0000
0.0000
0.0000
0.0000
0.0000
0.0000
0.0000
0.0000
0.0000
0.0000
0.0000
0.0000
0.0000
0.0000
0.0000
0.0000
0.0000
0.0000
0.0000
0.0000
4.8828
4.8828
39.0625
39.0625
141.6016
141.6016
297.8516
297.8516
400.3906
400.3906
439.4531
439.4531
488.2812
488.2812
483.3984
483.3984
463.8672
463.8672
512.6953
512.6953
571.2891
571.2891
541.9922
541.9922
507.8125
507.8125
463.8672
463.8672
375.9766
375.9766
336.9141
336.9141
385.7422
385.7422
395.5078
395.5078
346.6797
346.6797
327.1484
327.1484
273.4375
273.4375
219.7266
219.7266
249.0234
249.0234
341.7969
341.7969
375.9766
375.9766
385.7422
385.7422
419.9219
419.9219
395.5078
395.5078
395.5078
395.5078
483.3984
483.3984
581.0547
581.0547
600.5859
600.5859
644.5312
644.5312
688.4766
688.4766
708.0078
708.0078
781.2500
781.2500
922.8516
922.8516
1005.8594
1005.8594
1010.7422
1010.7422
1025.3906
1025.3906
996.0937
996.0937
947.2656
947.2656
981.4453
981.4453
1079.1016
1079.1016
1108.3984
1108.3984
1118.1641
1118.1641
1147.4609
1147.4609
1118.1641
1118.1641
1103.5156
1103.5156
1152.3437
1152.3437
1186.5234
1186.5234
1142.5781
1142.5781
1127.9297
1127.9297
1142.5781
1142.5781
1142.5781
1142.5781
1225.5859
1225.5859
1401.3672
1401.3672
1538.0859
1538.0859
1582.0312
1582.0312
1591.7969
1591.7969
1528.3203
1528.3203
1391.6016
1391.6016
1284.1797
1284.1797
1230.4687
1230.4687
1118.1641
1118.1641
986.3281
986.3281
908.2031
908.2031
805.6641
805.6641
722.6562
722.6562
712.8906
712.8906
722.6562
722.6562
629.8828
629.8828
507.8125
507.8125
375.9766
375.9766
175.7812
175.7812
4.8828
4.8828
0.0000
0.0000
0.0000
0.0000
0.0000
0.0000
0.0000
0.0000
0.0000
0.0000
0.0000
0.0000
0.0000
0.0000
0.0000
0.0000
0.0000
0.0000
0.0000
0.0000
0.0000
0.0000
0.0000
0.0000
0.0000
0.0000
0.0000
0.0000
0.0000
0.0000
0.0000
0.0000
0.0000
0.0000
0.0000
0.0000
0.0000
0.0000
0.0000
0.0000
0.0000
0.0000
0.0000
0.0000
0.0000
0.0000
0.0000
0.0000
0.0000
0.0000
0.0000
0.0000
0.0000
0.0000
0.0000
0.0000
0.0000
0.0000
0.0000
0.0000
0.0000
0.0000
0.0000
0.0000
0.0000
0.0000
0.0000
0.0000
0.0000
0.0000
0.0000
0.0000
0.0000
0.0000
0.0000
0.0000
0.0000
0.0000
0.0000
0.0000
0.0000
0.0000
0.0000
0.0000
0.0000
0.0000
0.0000
0.0000
0.0000
0.0000
0.0000
0.0000
0.0000
0.0000
0.0000
0.0000
0.0000
0.0000
0.0000
0.0000
4.8828
4.8828
39.0625
39.0625
141.6016
141.6016
292.9687
292.9687
366.2109
366.2109
410.1562
410.1562
463.8672
463.8672
458.9844
458.9844
483.3984
483.3984
595.7031
595.7031
703.1250
703.1250
732.4219
732.4219
771.4844
771.4844
771.4844
771.4844
732.4219
732.4219
747.0703
747.0703
815.4297
815.4297
810.5469
810.5469
771.4844
771.4844
756.8359
756.8359
703.1250
703.1250
649.4141
649.4141
678.7109
678.7109
698.2422
698.2422
634.7656
634.7656
590.8203
590.8203
551.7578
551.7578
502.9297
502.9297
532.2266
532.2266
673.8281
673.8281
800.7812
878.9062
878.9062
961.9141
961.9141
996.0937
996.0937
971.6797
971.6797
981.4453
981.4453
981.4453
1015.6250
1015.6250
966.7969
966.7969
908.2031
908.2031
883.7891
839.8437
839.8437
834.9609
834.9609
908.2031
908.2031
976.5625
976.5625
947.2656
947.2656
947.2656
898.4375
898.4375
820.3125
820.3125
683.5937
683.5937
600.5859
600.5859
590.8203
546.8750
546.8750
449.2187
449.2187
395.5078
395.5078
302.7344
302.7344
302.7344
190.4297
190.4297
146.4844
146.4844
117.1875
117.1875
0.0000
0.0000
0.0000
0.0000
0.0000
0.0000
0.0000
0.0000
0.0000
0.0000
0.0000
0.0000
0.0000
0.0000
0.0000
0.0000
0.0000
0.0000
0.0000
0.0000
0.0000
0.0000
0.0000
0.0000
0.0000
0.0000
0.0000
0.0000
0.0000
0.0000
0.0000
0.0000
0.0000
0.0000
0.0000
0.0000
0.0000
0.0000
0.0000
0.0000
0.0000
0.0000
0.0000
0.0000
0.0000
0.0000
0.0000
0.0000
0.0000
131.8359
131.8359
234.3750
234.3750
253.9062
253.9062
283.2031
283.2031
258.7891
258.7891
205.0781
205.0781
214.8437
214.8437
283.2031
283.2031
273.4375
273.4375
244.1406
244.1406
229.4922
229.4922
156.2500
156.2500
92.7734
92.7734
112.3047
112.3047
122.0703
122.0703
73.2422
73.2422
53.7109
53.7109
29.2969
29.2969
0.0000
0.0000
14.6484
14.6484
131.8359
131.8359
205.0781
205.0781
224.6094
224.6094
288.0859
288.0859
292.9687
292.9687
297.8516
297.8516
375.9766
375.9766
502.9297
502.9297
561.5234
561.5234
620.1172
620.1172
698.2422
698.2422
732.4219
732.4219
800.7812
800.7812
942.3828
942.3828
1064.4531
1064.4531
1093.7500
1093.7500
1127.9297
1127.9297
1127.9297
1127.9297
1088.8672
1088.8672
1118.1641
1118.1641
1220.7031
1220.7031
1269.5312
1269.5312
1269.5312
1269.5312
1284.1797
1284.1797
1245.1172
1245.1172
1176.7578
1176.7578
1181.6406
1181.6406
1240.2344
1240.2344
1240.2344
1240.2344
1254.8828
1254.8828
1318.3594
1318.3594
1347.6562
1347.6562
1381.8359
1381.8359
1464.8437
1464.8437
1489.2578
1489.2578
1362.3047
1362.3047
1196.2891
1196.2891
981.4453
981.4453
732.4219
732.4219
546.8750
546.8750
449.2187
449.2187
317.3828
317.3828
131.8359
131.8359
0.0000
0.0000
0.0000
0.0000
0.0000
0.0000
0.0000
0.0000
0.0000
0.0000
0.0000
0.0000
0.0000
0.0000
0.0000
0.0000
0.0000
0.0000
0.0000
0.0000
0.0000
0.0000
0.0000
0.0000
0.0000
0.0000
0.0000
0.0000
0.0000
0.0000
0.0000
0.0000
0.0000
0.0000
0.0000
0.0000
0.0000
0.0000
0.0000
0.0000
0.0000
0.0000
0.0000
0.0000
0.0000
0.0000
0.0000
0.0000
0.0000
0.0000
0.0000
0.0000
0.0000
0.0000
0.0000
0.0000
0.0000
0.0000
0.0000
0.0000
0.0000
0.0000
0.0000
0.0000
0.0000
0.0000
0.0000
0.0000
0.0000
0.0000
0.0000
0.0000
0.0000
0.0000
0.0000
0.0000
0.0000
0.0000
0.0000
0.0000
0.0000
0.0000
0.0000
0.0000
0.0000
0.0000
0.0000
0.0000
0.0000
0.0000
0.0000
0.0000
0.0000
0.0000
0.0000
0.0000
0.0000
0.0000
0.0000
0.0000
0.0000
0.0000
0.0000
0.0000
0.0000
0.0000
0.0000
0.0000
0.0000
0.0000
0.0000
0.0000
0.0000
0.0000
0.0000
0.0000
0.0000
0.0000
0.0000
0.0000
0.0000
0.0000
0.0000
0.0000
0.0000
0.0000
0.0000
0.0000
0.0000
0.0000
0.0000
0.0000
0.0000
0.0000
0.0000
0.0000
4.8828
4.8828
126.9531
126.9531
253.9062
253.9062
312.5000
312.5000
380.8594
380.8594
424.8047
424.8047
419.9219
419.9219
449.2187
449.2187
532.2266
532.2266
551.7578
551.7578
522.4609
522.4609
522.4609
522.4609
483.3984
483.3984
458.9844
458.9844
517.5781
517.5781
590.8203
590.8203
576.1719
576.1719
541.9922
541.9922
483.3984
483.3984
385.7422
385.7422
341.7969
341.7969
385.7422
385.7422
400.3906
400.3906
375.9766
375.9766
390.6250
390.6250
375.9766
375.9766
366.2109
366.2109
439.4531
439.4531
556.6406
556.6406
610.3516
610.3516
644.5312
644.5312
693.3594
693.3594
698.2422
698.2422
742.1875
742.1875
883.7891
883.7891
1035.1562
1035.1562
1118.1641
1118.1641
1210.9375
1210.9375
1279.2969
