527.3437
170.8984
170.8984
0.0000
0.0000
0.0000
0.0000
0.0000
0.0000
0.0000
0.0000
0.0000
0.0000
0.0000
0.0000
0.0000
0.0000
0.0000
0.0000
0.0000
0.0000
0.0000
0.0000
0.0000
0.0000
0.0000
0.0000
0.0000
0.0000
0.0000
0.0000
0.0000
0.0000
200.1953
200.1953
498.0469
498.0469
717.7734
717.7734
898.4375
898.4375
991.2109
991.2109
1015.6250
1015.6250
1000.9766
1000.9766
937.5000
937.5000
981.4453
981.4453
991.2109
991.2109
1049.8047
1049.8047
1103.5156
1103.5156
1147.4609
1147.4609
1157.2266
1157.2266
1098.6328
1098.6328
1069.3359
1069.3359
986.3281
986.3281
986.3281
986.3281
976.5625
976.5625
888.6719
888.6719
693.3594
693.3594
400.3906
400.3906
24.4141
24.4141
0.0000
0.0000
0.0000
0.0000
0.0000
0.0000
0.0000
0.0000
0.0000
0.0000
0.0000
0.0000
0.0000
0.0000
0.0000
0.0000
0.0000
0.0000
0.0000
0.0000
0.0000
0.0000
0.0000
0.0000
0.0000
0.0000
0.0000
0.0000
302.7344
302.7344
576.1719
576.1719
805.6641
805.6641
937.5000
937.5000
1015.6250
1015.6250
1020.5078
1020.5078
1000.9766
1000.9766
957.0312
957.0312
952.1484
952.1484
961.9141
961.9141
1020.5078
1020.5078
1030.2734
1030.2734
1064.4531
1064.4531
1040.0391
1040.0391
1010.7422
1010.7422
986.3281
986.3281
996.0937
996.0937
1035.1562
1035.1562
1040.0391
1040.0391
961.9141
961.9141
732.4219
732.4219
434.5703
434.5703
4.8828
4.8828
0.0000
0.0000
0.0000
0.0000
0.0000
0.0000
0.0000
0.0000
0.0000
0.0000
0.0000
0.0000
0.0000
0.0000
0.0000
0.0000
0.0000
0.0000
0.0000
0.0000
0.0000
0.0000
0.0000
0.0000
0.0000
0.0000
0.0000
0.0000
180.6641
180.6641
454.1016
454.1016
649.4141
649.4141
781.2500
781.2500
869.1406
869.1406
908.2031
908.2031
947.2656
947.2656
932.6172
932.6172
966.7969
966.7969
981.4453
981.4453
1020.5078
1020.5078
1025.3906
1025.3906
1020.5078
1020.5078
961.9141
961.9141
908.2031
908.2031
874.0234
874.0234
844.7266
844.7266
874.0234
874.0234
874.0234
874.0234
815.4297
815.4297
649.4141
649.4141
332.0312
332.0312
0.0000
0.0000
0.0000
0.0000
0.0000
0.0000
0.0000
0.0000
0.0000
0.0000
0.0000
0.0000
0.0000
0.0000
0.0000
0.0000
0.0000
0.0000
0.0000
0.0000
0.0000
0.0000
0.0000
0.0000
0.0000
0.0000
0.0000
0.0000
102.5391
102.5391
390.6250
390.6250
615.2344
615.2344
781.2500
781.2500
864.2578
864.2578
893.5547
893.5547
883.7891
883.7891
844.7266
844.7266
844.7266
844.7266
864.2578
864.2578
874.0234
874.0234
917.9687
917.9687
913.0859
913.0859
898.4375
898.4375
844.7266
844.7266
839.8437
839.8437
815.4297
815.4297
869.1406
869.1406
927.7344
927.7344
913.0859
913.0859
800.7812
800.7812
517.5781
517.5781
122.0703
122.0703
0.0000
0.0000
0.0000
0.0000
0.0000
0.0000
0.0000
0.0000
0.0000
0.0000
0.0000
0.0000
0.0000
0.0000
0.0000
0.0000
0.0000
0.0000
0.0000
0.0000
0.0000
0.0000
0.0000
0.0000
0.0000
0.0000
0.0000
0.0000
0.0000
0.0000
39.0625
39.0625
292.9687
292.9687
434.5703
434.5703
556.6406
556.6406
634.7656
634.7656
688.4766
688.4766
766.6016
766.6016
820.3125
820.3125
864.2578
864.2578
908.2031
908.2031
917.9687
917.9687
903.3203
903.3203
878.9062
878.9062
834.9609
834.9609
834.9609
834.9609
820.3125
820.3125
849.6094
849.6094
854.4922
854.4922
815.4297
815.4297
664.0625
664.0625
405.2734
405.2734
43.9453
43.9453
0.0000
0.0000
0.0000
0.0000
0.0000
0.0000
0.0000
0.0000
0.0000
0.0000
0.0000
0.0000
0.0000
0.0000
0.0000
0.0000
0.0000
0.0000
0.0000
0.0000
0.0000
0.0000
0.0000
0.0000
0.0000
0.0000
0.0000
0.0000
0.0000
0.0000
161.1328
161.1328
395.5078
395.5078
532.2266
532.2266
668.9453
668.9453
717.7734
717.7734
781.2500
781.2500
830.0781
830.0781
864.2578
864.2578
927.7344
927.7344
947.2656
947.2656
966.7969
966.7969
927.7344
927.7344
898.4375
898.4375
844.7266
844.7266
834.9609
834.9609
888.6719
888.6719
952.1484
952.1484
1015.6250
1015.6250
1064.4531
1064.4531
971.6797
971.6797
722.6562
722.6562
297.8516
297.8516
0.0000
0.0000
0.0000
0.0000
0.0000
0.0000
0.0000
0.0000
0.0000
0.0000
0.0000
0.0000
0.0000
0.0000
0.0000
0.0000
0.0000
0.0000
0.0000
0.0000
0.0000
0.0000
0.0000
0.0000
0.0000
0.0000
0.0000
0.0000
0.0000
0.0000
48.8281
48.8281
239.2578
239.2578
390.6250
390.6250
522.4609
522.4609
639.6484
639.6484
791.0156
791.0156
898.4375
898.4375
1005.8594
1005.8594
1044.9219
1044.9219
1079.1016
1079.1016
1040.0391
1040.0391
976.5625
976.5625
908.2031
908.2031
844.7266
844.7266
883.7891
883.7891
903.3203
903.3203
976.5625
976.5625
991.2109
991.2109
996.0937
996.0937
864.2578
864.2578
625.0000
625.0000
332.0312
332.0312
0.0000
0.0000
0.0000
0.0000
0.0000
0.0000
0.0000
0.0000
0.0000
0.0000
0.0000
0.0000
0.0000
0.0000
0.0000
0.0000
0.0000
0.0000
0.0000
0.0000
0.0000
0.0000
0.0000
0.0000
0.0000
0.0000
0.0000
0.0000
0.0000
0.0000
9.7656
9.7656
258.7891
258.7891
390.6250
390.6250
546.8750
546.8750
659.1797
659.1797
800.7812
800.7812
898.4375
898.4375
986.3281
986.3281
1000.9766
1000.9766
991.2109
991.2109
966.7969
966.7969
883.7891
883.7891
825.1953
825.1953
815.4297
815.4297
815.4297
815.4297
888.6719
888.6719
976.5625
976.5625
1020.5078
1020.5078
1040.0391
1040.0391
942.3828
942.3828
737.3047
737.3047
473.6328
473.6328
229.4922
229.4922
0.0000
0.0000
0.0000
0.0000
0.0000
0.0000
0.0000
0.0000
0.0000
0.0000
0.0000
0.0000
0.0000
0.0000
0.0000
0.0000
0.0000
0.0000
0.0000
0.0000
0.0000
0.0000
0.0000
0.0000
0.0000
0.0000
0.0000
0.0000
0.0000
0.0000
0.0000
0.0000
170.8984
170.8984
332.0312
332.0312
498.0469
498.0469
668.9453
668.9453
800.7812
800.7812
917.9687
917.9687
961.9141
961.9141
966.7969
966.7969
913.0859
913.0859
849.6094
849.6094
805.6641
805.6641
786.1328
786.1328
849.6094
849.6094
913.0859
913.0859
996.0937
996.0937
1020.5078
1020.5078
1005.8594
1005.8594
922.8516
922.8516
815.4297
815.4297
585.9375
585.9375
317.3828
317.3828
102.5391
102.5391
0.0000
0.0000
0.0000
0.0000
0.0000
0.0000
0.0000
0.0000
0.0000
0.0000
0.0000
0.0000
0.0000
0.0000
0.0000
0.0000
0.0000
0.0000
0.0000
0.0000
0.0000
0.0000
0.0000
0.0000
0.0000
0.0000
0.0000
0.0000
0.0000
0.0000
0.0000
0.0000
239.2578
239.2578
473.6328
473.6328
683.5937
683.5937
839.8437
839.8437
966.7969
966.7969
991.2109
991.2109
981.4453
981.4453
888.6719
888.6719
825.1953
825.1953
766.6016
766.6016
815.4297
815.4297
849.6094
849.6094
917.9687
917.9687
981.4453
981.4453
1005.8594
1005.8594
1010.7422
1010.7422
957.0312
957.0312
898.4375
898.4375
756.8359
756.8359
615.2344
615.2344
351.5625
351.5625
43.9453
43.9453
0.0000
0.0000
0.0000
0.0000
0.0000
0.0000
0.0000
0.0000
0.0000
0.0000
0.0000
0.0000
0.0000
0.0000
0.0000
0.0000
0.0000
0.0000
0.0000
0.0000
0.0000
0.0000
0.0000
0.0000
0.0000
0.0000
0.0000
0.0000
0.0000
0.0000
136.7187
136.7187
336.9141
336.9141
581.0547
581.0547
766.6016
766.6016
927.7344
927.7344
1010.7422
1010.7422
1035.1562
1035.1562
966.7969
966.7969
917.9687
917.9687
893.5547
893.5547
898.4375
898.4375
932.6172
932.6172
981.4453
981.4453
1005.8594
1005.8594
1000.9766
1000.9766
942.3828
942.3828
874.0234
874.0234
791.0156
791.0156
708.0078
708.0078
615.2344
615.2344
463.8672
463.8672
302.7344
302.7344
0.0000
0.0000
0.0000
0.0000
0.0000
0.0000
0.0000
0.0000
0.0000
0.0000
0.0000
0.0000
0.0000
0.0000
0.0000
0.0000
0.0000
0.0000
0.0000
0.0000
0.0000
0.0000
0.0000
0.0000
0.0000
0.0000
0.0000
0.0000
0.0000
0.0000
170.8984
473.6328
473.6328
683.5937
683.5937
864.2578
864.2578
981.4453
981.4453
981.4453
1010.7422
1010.7422
986.3281
986.3281
917.9687
917.9687
869.1406
869.1406
834.9609
834.9609
874.0234
898.4375
898.4375
932.6172
932.6172
927.7344
927.7344
903.3203
903.3203
903.3203
874.0234
874.0234
839.8437
839.8437
830.0781
830.0781
805.6641
805.6641
776.3672
654.2969
654.2969
478.5156
478.5156
156.2500
156.2500
0.0000
0.0000
0.0000
0.0000
0.0000
0.0000
0.0000
0.0000
0.0000
0.0000
0.0000
0.0000
0.0000
0.0000
0.0000
0.0000
0.0000
0.0000
0.0000
0.0000
0.0000
0.0000
0.0000
0.0000
0.0000
0.0000
0.0000
0.0000
0.0000
0.0000
180.6641
180.6641
390.6250
390.6250
571.2891
571.2891
683.5937
683.5937
771.4844
771.4844
815.4297
815.4297
830.0781
830.0781
844.7266
844.7266
864.2578
864.2578
903.3203
903.3203
917.9687
917.9687
932.6172
932.6172
903.3203
903.3203
859.3750
859.3750
810.5469
810.5469
791.0156
791.0156
791.0156
791.0156
791.0156
791.0156
800.7812
800.7812
747.0703
747.0703
595.7031
595.7031
312.5000
312.5000
0.0000
0.0000
0.0000
0.0000
0.0000
0.0000
0.0000
0.0000
0.0000
0.0000
0.0000
0.0000
0.0000
0.0000
0.0000
0.0000
0.0000
0.0000
0.0000
0.0000
0.0000
0.0000
0.0000
0.0000
0.0000
0.0000
0.0000
0.0000
0.0000
0.0000
0.0000
0.0000
278.3203
278.3203
493.1641
493.1641
629.8828
629.8828
708.0078
708.0078
747.0703
747.0703
781.2500
781.2500
825.1953
825.1953
864.2578
864.2578
903.3203
903.3203
913.0859
913.0859
917.9687
917.9687
849.6094
849.6094
810.5469
810.5469
776.3672
776.3672
791.0156
791.0156
786.1328
786.1328
834.9609
834.9609
791.0156
791.0156
673.8281
673.8281
463.8672
463.8672
117.1875
117.1875
0.0000
0.0000
0.0000
0.0000
0.0000
0.0000
0.0000
0.0000
0.0000
0.0000
0.0000
0.0000
0.0000
0.0000
0.0000
0.0000
0.0000
0.0000
0.0000
0.0000
0.0000
0.0000
0.0000
0.0000
0.0000
0.0000
0.0000
0.0000
0.0000
0.0000
0.0000
0.0000
200.1953
200.1953
395.5078
395.5078
483.3984
483.3984
629.8828
629.8828
688.4766
688.4766
791.0156
791.0156
869.1406
869.1406
913.0859
913.0859
976.5625
976.5625
986.3281
986.3281
961.9141
961.9141
913.0859
913.0859
869.1406
869.1406
839.8437
839.8437
849.6094
849.6094
883.7891
883.7891
932.6172
932.6172
947.2656
947.2656
942.3828
942.3828
810.5469
810.5469
546.8750
546.8750
141.6016
141.6016
0.0000
0.0000
0.0000
0.0000
0.0000
0.0000
0.0000
0.0000
0.0000
0.0000
0.0000
0.0000
0.0000
0.0000
0.0000
0.0000
0.0000
0.0000
0.0000
0.0000
0.0000
0.0000
0.0000
0.0000
0.0000
0.0000
0.0000
0.0000
0.0000
0.0000
92.7734
92.7734
278.3203
278.3203
439.4531
439.4531
571.2891
571.2891
683.5937
683.5937
805.6641
805.6641
903.3203
903.3203
996.0937
996.0937
1015.6250
1015.6250
1015.6250
1015.6250
966.7969
966.7969
878.9062
878.9062
834.9609
834.9609
795.8984
795.8984
859.3750
859.3750
908.2031
908.2031
991.2109
991.2109
1030.2734
1030.2734
1025.3906
1025.3906
883.7891
883.7891
639.6484
639.6484
302.7344
302.7344
0.0000
0.0000
0.0000
0.0000
0.0000
0.0000
0.0000
0.0000
0.0000
0.0000
0.0000
0.0000
0.0000
0.0000
0.0000
0.0000
0.0000
0.0000
0.0000
0.0000
0.0000
0.0000
0.0000
0.0000
0.0000
0.0000
0.0000
0.0000
0.0000
0.0000
0.0000
0.0000
48.8281
48.8281
175.7812
175.7812
385.7422
385.7422
566.4062
566.4062
742.1875
742.1875
893.5547
893.5547
1025.3906
1025.3906
1079.1016
1079.1016
1083.9844
1083.9844
1025.3906
1025.3906
952.1484
952.1484
878.9062
878.9062
859.3750
859.3750
878.9062
878.9062
927.7344
927.7344
1000.9766
1000.9766
966.7969
966.7969
893.5547
893.5547
678.7109
678.7109
449.2187
449.2187
170.8984
170.8984
0.0000
0.0000
0.0000
0.0000
0.0000
0.0000
0.0000
0.0000
0.0000
0.0000
0.0000
0.0000
0.0000
0.0000
0.0000
0.0000
0.0000
0.0000
0.0000
0.0000
0.0000
0.0000
0.0000
0.0000
0.0000
0.0000
0.0000
0.0000
0.0000
0.0000
122.0703
122.0703
288.0859
288.0859
454.1016
454.1016
625.0000
625.0000
766.6016
766.6016
932.6172
932.6172
1025.3906
1025.3906
1103.5156
1103.5156
1098.6328
1098.6328
1040.0391
1040.0391
937.5000
937.5000
834.9609
834.9609
810.5469
810.5469
800.7812
800.7812
874.0234
874.0234
947.2656
947.2656
1020.5078
1020.5078
1010.7422
1010.7422
942.3828
942.3828
756.8359
756.8359
512.6953
512.6953
249.0234
249.0234
0.0000
0.0000
0.0000
0.0000
0.0000
0.0000
0.0000
0.0000
0.0000
0.0000
0.0000
0.0000
0.0000
0.0000
0.0000
0.0000
0.0000
0.0000
0.0000
0.0000
0.0000
0.0000
0.0000
0.0000
0.0000
0.0000
0.0000
0.0000
0.0000
0.0000
0.0000
0.0000
34.1797
34.1797
185.5469
185.5469
375.9766
375.9766
605.4687
605.4687
781.2500
781.2500
942.3828
942.3828
1054.6875
1054.6875
1064.4531
1064.4531
1035.1562
1035.1562
942.3828
942.3828
898.4375
898.4375
849.6094
849.6094
874.0234
874.0234
922.8516
922.8516
971.6797
971.6797
1015.6250
1015.6250
996.0937
996.0937
922.8516
922.8516
786.1328
786.1328
615.2344
615.2344
424.8047
424.8047
253.9062
253.9062
19.5312
19.5312
0.0000
0.0000
0.0000
0.0000
0.0000
0.0000
0.0000
0.0000
0.0000
0.0000
0.0000
0.0000
0.0000
0.0000
0.0000
0.0000
0.0000
0.0000
0.0000
0.0000
0.0000
0.0000
0.0000
0.0000
0.0000
0.0000
0.0000
0.0000
0.0000
0.0000
190.4297
190.4297
449.2187
449.2187
649.4141
649.4141
839.8437
839.8437
966.7969
966.7969
1030.2734
1030.2734
1000.9766
1000.9766
937.5000
937.5000
854.4922
854.4922
810.5469
810.5469
800.7812
800.7812
844.7266
844.7266
883.7891
883.7891
947.2656
947.2656
966.7969
966.7969
932.6172
932.6172
849.6094
849.6094
703.1250
703.1250
581.0547
581.0547
434.5703
434.5703
273.4375
273.4375
0.0000
0.0000
0.0000
0.0000
0.0000
0.0000
0.0000
0.0000
0.0000
0.0000
0.0000
0.0000
0.0000
0.0000
0.0000
0.0000
0.0000
0.0000
0.0000
0.0000
0.0000
0.0000
0.0000
0.0000
0.0000
0.0000
0.0000
0.0000
0.0000
0.0000
0.0000
0.0000
205.0781
205.0781
410.1562
410.1562
634.7656
634.7656
830.0781
830.0781
952.1484
952.1484
1035.1562
1035.1562
1005.8594
1005.8594
952.1484
952.1484
869.1406
869.1406
869.1406
869.1406
864.2578
864.2578
898.4375
898.4375
947.2656
947.2656
981.4453
981.4453
976.5625
976.5625
937.5000
937.5000
869.1406
869.1406
781.2500
781.2500
732.4219
732.4219
629.8828
629.8828
468.7500
468.7500
302.7344
302.7344
14.6484
14.6484
0.0000
0.0000
0.0000
0.0000
0.0000
0.0000
0.0000
0.0000
0.0000
0.0000
0.0000
0.0000
0.0000
0.0000
0.0000
0.0000
0.0000
0.0000
0.0000
0.0000
0.0000
0.0000
0.0000
0.0000
0.0000
0.0000
0.0000
0.0000
0.0000
0.0000
200.1953
200.1953
473.6328
473.6328
683.5937
683.5937
834.9609
834.9609
903.3203
903.3203
922.8516
922.8516
898.4375
898.4375
883.7891
883.7891
874.0234
874.0234
869.1406
869.1406
927.7344
927.7344
917.9687
917.9687
927.7344
927.7344
883.7891
883.7891
854.4922
854.4922
830.0781
830.0781
825.1953
825.1953
854.4922
854.4922
869.1406
869.1406
834.9609
834.9609
688.4766
688.4766
439.4531
439.4531
0.0000
0.0000
0.0000
0.0000
0.0000
0.0000
0.0000
0.0000
0.0000
0.0000
0.0000
0.0000
0.0000
0.0000
0.0000
0.0000
0.0000
0.0000
0.0000
0.0000
0.0000
0.0000
0.0000
0.0000
0.0000
0.0000
0.0000
0.0000
0.0000
0.0000
0.0000
0.0000
0.0000
0.0000
195.3125
195.3125
346.6797
346.6797
493.1641
493.1641
595.7031
595.7031
693.3594
693.3594
786.1328
786.1328
864.2578
864.2578
927.7344
927.7344
966.7969
966.7969
996.0937
996.0937
981.4453
981.4453
908.2031
908.2031
874.0234
874.0234
800.7812
800.7812
825.1953
825.1953
844.7266
844.7266
903.3203
903.3203
957.0312
957.0312
961.9141
961.9141
903.3203
903.3203
625.0000
625.0000
302.7344
302.7344
0.0000
0.0000
0.0000
0.0000
0.0000
0.0000
0.0000
0.0000
0.0000
0.0000
0.0000
0.0000
0.0000
0.0000
0.0000
0.0000
0.0000
0.0000
0.0000
0.0000
0.0000
0.0000
0.0000
0.0000
0.0000
0.0000
0.0000
0.0000
0.0000
0.0000
0.0000
0.0000
170.8984
170.8984
312.5000
312.5000
478.5156
478.5156
620.1172
620.1172
766.6016
766.6016
913.0859
913.0859
1035.1562
1035.1562
1118.1641
1118.1641
1108.3984
1108.3984
1054.6875
1054.6875
947.2656
947.2656
878.9062
878.9062
854.4922
854.4922
878.9062
878.9062
927.7344
927.7344
1000.9766
1000.9766
1035.1562
1035.1562
1044.9219
1044.9219
986.3281
986.3281
815.4297
815.4297
561.5234
561.5234
268.5547
268.5547
0.0000
0.0000
0.0000
0.0000
0.0000
0.0000
0.0000
0.0000
0.0000
0.0000
0.0000
0.0000
0.0000
0.0000
0.0000
0.0000
0.0000
0.0000
0.0000
0.0000
0.0000
0.0000
0.0000
0.0000
0.0000
0.0000
0.0000
0.0000
0.0000
0.0000
0.0000
0.0000
0.0000
156.2500
156.2500
341.7969
341.7969
566.4062
566.4062
566.4062
742.1875
742.1875
908.2031
908.2031
996.0937
996.0937
1005.8594
1005.8594
976.5625
908.2031
908.2031
878.9062
878.9062
815.4297
815.4297
849.6094
849.6094
849.6094
864.2578
917.9687
917.9687
937.5000
937.5000
957.0312
957.0312
913.0859
913.0859
834.9609
834.9609
727.5391
727.5391
512.6953
512.6953
307.6172
307.6172
63.4766
63.4766
0.0000
0.0000
0.0000
0.0000
0.0000
0.0000
0.0000
0.0000
0.0000
0.0000
0.0000
0.0000
0.0000
0.0000
0.0000
0.0000
0.0000
0.0000
0.0000
0.0000
0.0000
0.0000
0.0000
0.0000
0.0000
0.0000
0.0000
0.0000
0.0000
0.0000
97.6562
97.6562
346.6797
346.6797
556.6406
556.6406
737.3047
737.3047
908.2031
908.2031
986.3281
986.3281
1015.6250
1015.6250
966.7969
966.7969
883.7891
883.7891
805.6641
805.6641
805.6641
805.6641
859.3750
859.3750
903.3203
903.3203
991.2109
991.2109
1015.6250
1015.6250
1005.8594
1005.8594
922.8516
922.8516
830.0781
830.0781
732.4219
732.4219
649.4141
649.4141
561.5234
561.5234
341.7969
341.7969
19.5312
19.5312
0.0000
0.0000
0.0000
0.0000
0.0000
0.0000
0.0000
0.0000
0.0000
0.0000
0.0000
0.0000
0.0000
0.0000
0.0000
0.0000
0.0000
0.0000
0.0000
0.0000
0.0000
0.0000
0.0000
0.0000
0.0000
0.0000
0.0000
0.0000
0.0000
0.0000
97.6562
97.6562
380.8594
380.8594
590.8203
590.8203
776.3672
776.3672
888.6719
888.6719
932.6172
932.6172
908.2031
908.2031
869.1406
869.1406
859.3750
859.3750
859.3750
859.3750
883.7891
883.7891
917.9687
917.9687
937.5000
937.5000
913.0859
913.0859
878.9062
878.9062
815.4297
815.4297
800.7812
800.7812
766.6016
766.6016
791.0156
791.0156
747.0703
747.0703
576.1719
576.1719
332.0312
332.0312
0.0000
0.0000
0.0000
0.0000
0.0000
0.0000
0.0000
0.0000
0.0000
0.0000
0.0000
0.0000
0.0000
0.0000
0.0000
0.0000
0.0000
0.0000
0.0000
0.0000
0.0000
0.0000
0.0000
0.0000
0.0000
0.0000
0.0000
0.0000
0.0000
0.0000
29.2969
29.2969
322.2656
322.2656
541.9922
541.9922
712.8906
712.8906
800.7812
800.7812
849.6094
849.6094
849.6094
849.6094
839.8437
839.8437
830.0781
830.0781
834.9609
834.9609
888.6719
888.6719
917.9687
917.9687
952.1484
952.1484
942.3828
942.3828
922.8516
922.8516
878.9062
878.9062
849.6094
849.6094
849.6094
849.6094
893.5547
893.5547
932.6172
932.6172
917.9687
917.9687
766.6016
766.6016
419.9219
419.9219
0.0000
0.0000
0.0000
0.0000
0.0000
0.0000
0.0000
0.0000
0.0000
0.0000
0.0000
0.0000
0.0000
0.0000
0.0000
0.0000
0.0000
0.0000
0.0000
0.0000
0.0000
0.0000
0.0000
0.0000
0.0000
0.0000
0.0000
0.0000
0.0000
0.0000
0.0000
0.0000
205.0781
205.0781
371.0937
371.0937
517.5781
517.5781
620.1172
620.1172
688.4766
688.4766
786.1328
786.1328
864.2578
864.2578
952.1484
952.1484
986.3281
986.3281
1000.9766
1000.9766
971.6797
971.6797
898.4375
898.4375
820.3125
820.3125
756.8359
756.8359
795.8984
795.8984
820.3125
820.3125
922.8516
922.8516
966.7969
966.7969
986.3281
986.3281
864.2578
864.2578
600.5859
600.5859
239.2578
239.2578
0.0000
0.0000
0.0000
0.0000
0.0000
0.0000
0.0000
0.0000
0.0000
0.0000
0.0000
0.0000
0.0000
0.0000
0.0000
0.0000
0.0000
0.0000
0.0000
0.0000
0.0000
0.0000
0.0000
0.0000
0.0000
0.0000
0.0000
0.0000
0.0000
0.0000
0.0000
0.0000
175.7812
175.7812
292.9687
292.9687
463.8672
463.8672
610.3516
610.3516
742.1875
742.1875
883.7891
883.7891
996.0937
996.0937
1044.9219
1044.9219
1054.6875
1054.6875
1000.9766
1000.9766
957.0312
957.0312
908.2031
908.2031
888.6719
888.6719
898.4375
898.4375
937.5000
937.5000
986.3281
986.3281
991.2109
991.2109
1000.9766
1000.9766
927.7344
927.7344
825.1953
825.1953
561.5234
561.5234
224.6094
224.6094
0.0000
0.0000
0.0000
0.0000
0.0000
0.0000
0.0000
0.0000
0.0000
0.0000
0.0000
0.0000
0.0000
0.0000
0.0000
0.0000
0.0000
0.0000
0.0000
0.0000
0.0000
0.0000
0.0000
0.0000
0.0000
0.0000
0.0000
0.0000
0.0000
0.0000
73.2422
73.2422
219.7266
219.7266
400.3906
400.3906
551.7578
551.7578
761.7187
761.7187
898.4375
898.4375
1040.0391
1040.0391
1098.6328
1098.6328
1103.5156
1103.5156
1035.1562
1035.1562
932.6172
932.6172
849.6094
849.6094
795.8984
795.8984
820.3125
820.3125
859.3750
859.3750
922.8516
922.8516
952.1484
952.1484
922.8516
922.8516
786.1328
786.1328
605.4687
605.4687
390.6250
390.6250
258.7891
258.7891
43.9453
43.9453
0.0000
0.0000
0.0000
0.0000
0.0000
0.0000
0.0000
0.0000
0.0000
0.0000
0.0000
0.0000
0.0000
0.0000
0.0000
0.0000
0.0000
0.0000
0.0000
0.0000
0.0000
0.0000
0.0000
0.0000
0.0000
0.0000
0.0000
0.0000
0.0000
0.0000
83.0078
83.0078
288.0859
288.0859
502.9297
502.9297
698.2422
698.2422
859.3750
859.3750
981.4453
981.4453
1015.6250
1015.6250
1020.5078
1020.5078
927.7344
927.7344
854.4922
854.4922
795.8984
795.8984
820.3125
820.3125
864.2578
864.2578
927.7344
927.7344
976.5625
976.5625
976.5625
976.5625
961.9141
961.9141
893.5547
893.5547
830.0781
830.0781
722.6562
722.6562
629.8828
629.8828
498.0469
498.0469
283.2031
283.2031
0.0000
0.0000
0.0000
0.0000
0.0000
0.0000
0.0000
0.0000
0.0000
0.0000
0.0000
0.0000
0.0000
0.0000
0.0000
0.0000
0.0000
0.0000
0.0000
0.0000
0.0000
0.0000
0.0000
0.0000
0.0000
0.0000
0.0000
0.0000
0.0000
0.0000
0.0000
0.0000
0.0000
0.0000
234.3750
234.3750
458.9844
458.9844
649.4141
649.4141
771.4844
771.4844
844.7266
844.7266
864.2578
864.2578
888.6719
888.6719
874.0234
874.0234
893.5547
893.5547
893.5547
893.5547
932.6172
932.6172
922.8516
922.8516
913.0859
913.0859
874.0234
874.0234
844.7266
844.7266
815.4297
815.4297
786.1328
786.1328
791.0156
791.0156
742.1875
742.1875
649.4141
649.4141
424.8047
424.8047
131.8359
131.8359
0.0000
0.0000
0.0000
0.0000
0.0000
0.0000
0.0000
0.0000
0.0000
0.0000
0.0000
0.0000
0.0000
0.0000
0.0000
0.0000
0.0000
0.0000
0.0000
0.0000
0.0000
0.0000
0.0000
0.0000
0.0000
0.0000
0.0000
0.0000
0.0000
0.0000
151.3672
151.3672
390.6250
390.6250
581.0547
581.0547
688.4766
688.4766
781.2500
781.2500
815.4297
815.4297
874.0234
874.0234
913.0859
913.0859
966.7969
966.7969
996.0937
996.0937
1025.3906
1025.3906
991.2109
991.2109
952.1484
952.1484
874.0234
874.0234
834.9609
834.9609
825.1953
825.1953
864.2578
864.2578
927.7344
927.7344
966.7969
966.7969
947.2656
947.2656
771.4844
771.4844
473.6328
473.6328
14.6484
14.6484
0.0000
0.0000
0.0000
0.0000
0.0000
0.0000
0.0000
0.0000
0.0000
0.0000
0.0000
0.0000
0.0000
0.0000
0.0000
0.0000
0.0000
0.0000
0.0000
0.0000
0.0000
0.0000
0.0000
0.0000
0.0000
0.0000
0.0000
0.0000
0.0000
0.0000
0.0000
0.0000
87.8906
87.8906
297.8516
297.8516
434.5703
434.5703
576.1719
576.1719
708.0078
708.0078
815.4297
815.4297
932.6172
932.6172
976.5625
976.5625
1005.8594
1005.8594
966.7969
966.7969
913.0859
913.0859
844.7266
844.7266
781.2500
781.2500
791.0156
791.0156
825.1953
825.1953
888.6719
888.6719
937.5000
937.5000
947.2656
947.2656
859.3750
859.3750
654.2969
654.2969
410.1562
410.1562
122.0703
122.0703
0.0000
0.0000
0.0000
0.0000
0.0000
0.0000
0.0000
0.0000
0.0000
0.0000
0.0000
0.0000
0.0000
0.0000
0.0000
0.0000
0.0000
0.0000
0.0000
0.0000
0.0000
0.0000
0.0000
0.0000
0.0000
0.0000
0.0000
0.0000
0.0000
0.0000
205.0781
205.0781
361.3281
361.3281
478.5156
478.5156
605.4687
605.4687
732.4219
732.4219
869.1406
869.1406
996.0937
996.0937
1069.3359
1069.3359
1103.5156
1103.5156
1030.2734
1030.2734
961.9141
961.9141
854.4922
854.4922
820.3125
820.3125
810.5469
810.5469
883.7891
883.7891
966.7969
966.7969
1049.8047
1049.8047
1088.8672
1088.8672
1059.5703
1059.5703
922.8516
922.8516
625.0000
625.0000
288.0859
288.0859
0.0000
0.0000
0.0000
0.0000
0.0000
0.0000
0.0000
0.0000
0.0000
0.0000
0.0000
0.0000
0.0000
0.0000
0.0000
0.0000
0.0000
0.0000
0.0000
0.0000
0.0000
0.0000
0.0000
0.0000
0.0000
0.0000
0.0000
0.0000
0.0000
0.0000
0.0000
0.0000
92.7734
92.7734
244.1406
244.1406
439.4531
634.7656
634.7656
815.4297
815.4297
971.6797
971.6797
1064.4531
1064.4531
1079.1016
1079.1016
1079.1016
1020.5078
1020.5078
927.7344
927.7344
849.6094
849.6094
820.3125
820.3125
820.3125
874.0234
874.0234
937.5000
937.5000
981.4453
981.4453
966.7969
966.7969
966.7969
922.8516
922.8516
830.0781
830.0781
683.5937
683.5937
483.3984
483.3984
244.1406
58.5937
58.5937
0.0000
0.0000
0.0000
0.0000
0.0000
0.0000
0.0000
0.0000
0.0000
0.0000
0.0000
0.0000
0.0000
0.0000
0.0000
0.0000
0.0000
0.0000
0.0000
0.0000
0.0000
0.0000
0.0000
0.0000
0.0000
0.0000
0.0000
0.0000
0.0000
0.0000
0.0000
0.0000
39.0625
39.0625
263.6719
263.6719
522.4609
522.4609
708.0078
708.0078
854.4922
854.4922
947.2656
947.2656
966.7969
966.7969
957.0312
957.0312
898.4375
898.4375
883.7891
883.7891
878.9062
878.9062
927.7344
927.7344
991.2109
991.2109
1040.0391
1040.0391
1044.9219
1044.9219
1044.9219
1044.9219
991.2109
991.2109
908.2031
908.2031
815.4297
815.4297
698.2422
698.2422
566.4062
566.4062
361.3281
361.3281
24.4141
24.4141
0.0000
0.0000
0.0000
0.0000
0.0000
0.0000
0.0000
0.0000
0.0000
0.0000
0.0000
0.0000
0.0000
0.0000
0.0000
0.0000
0.0000
0.0000
0.0000
0.0000
0.0000
0.0000
0.0000
0.0000
0.0000
0.0000
0.0000
0.0000
0.0000
0.0000
131.8359
131.8359
371.0937
371.0937
537.1094
537.1094
708.0078
708.0078
781.2500
781.2500
815.4297
815.4297
825.1953
825.1953
844.7266
844.7266
878.9062
878.9062
908.2031
908.2031
986.3281
986.3281
996.0937
996.0937
986.3281
986.3281
922.8516
922.8516
864.2578
864.2578
825.1953
825.1953
810.5469
810.5469
849.6094
849.6094
878.9062
878.9062
898.4375
898.4375
800.7812
800.7812
639.6484
639.6484
346.6797
346.6797
0.0000
0.0000
0.0000
0.0000
0.0000
0.0000
0.0000
0.0000
0.0000
0.0000
0.0000
0.0000
0.0000
0.0000
0.0000
0.0000
0.0000
0.0000
0.0000
0.0000
0.0000
0.0000
0.0000
0.0000
0.0000
0.0000
0.0000
0.0000
0.0000
0.0000
258.7891
258.7891
483.3984
483.3984
668.9453
668.9453
776.3672
776.3672
878.9062
878.9062
942.3828
942.3828
1010.7422
1010.7422
1064.4531
1064.4531
1079.1016
1079.1016
1074.2187
1074.2187
1030.2734
1030.2734
1005.8594
1005.8594
937.5000
937.5000
917.9687
917.9687
