405.2734
449.2187
449.2187
493.1641
493.1641
546.8750
546.8750
556.6406
556.6406
581.0547
581.0547
585.9375
585.9375
595.7031
595.7031
581.0547
581.0547
541.9922
541.9922
483.3984
483.3984
307.6172
307.6172
58.5937
58.5937
0.0000
0.0000
0.0000
0.0000
0.0000
0.0000
0.0000
0.0000
0.0000
0.0000
0.0000
0.0000
0.0000
0.0000
0.0000
0.0000
0.0000
0.0000
0.0000
0.0000
0.0000
0.0000
0.0000
0.0000
0.0000
0.0000
141.6016
141.6016
332.0312
332.0312
498.0469
498.0469
600.5859
600.5859
605.4687
605.4687
551.7578
551.7578
488.2812
488.2812
405.2734
405.2734
375.9766
375.9766
351.5625
351.5625
351.5625
351.5625
375.9766
375.9766
434.5703
434.5703
488.2812
488.2812
527.3437
527.3437
522.4609
522.4609
527.3437
527.3437
537.1094
537.1094
541.9922
541.9922
541.9922
541.9922
502.9297
502.9297
380.8594
380.8594
136.7187
136.7187
0.0000
0.0000
0.0000
0.0000
0.0000
0.0000
0.0000
0.0000
0.0000
0.0000
0.0000
0.0000
0.0000
0.0000
0.0000
0.0000
0.0000
0.0000
0.0000
0.0000
0.0000
0.0000
0.0000
0.0000
117.1875
117.1875
278.3203
278.3203
449.2187
449.2187
600.5859
600.5859
712.8906
712.8906
781.2500
781.2500
781.2500
781.2500
717.7734
717.7734
639.6484
639.6484
551.7578
551.7578
498.0469
498.0469
473.6328
473.6328
473.6328
473.6328
498.0469
498.0469
522.4609
522.4609
566.4062
566.4062
590.8203
590.8203
595.7031
595.7031
585.9375
585.9375
561.5234
561.5234
488.2812
488.2812
292.9687
292.9687
0.0000
0.0000
0.0000
0.0000
0.0000
0.0000
0.0000
0.0000
0.0000
0.0000
0.0000
0.0000
0.0000
0.0000
0.0000
0.0000
0.0000
0.0000
0.0000
0.0000
0.0000
0.0000
0.0000
0.0000
0.0000
0.0000
0.0000
0.0000
107.4219
107.4219
332.0312
332.0312
463.8672
463.8672
522.4609
522.4609
541.9922
541.9922
512.6953
512.6953
468.7500
468.7500
395.5078
395.5078
317.3828
317.3828
288.0859
288.0859
302.7344
302.7344
361.3281
361.3281
424.8047
424.8047
458.9844
458.9844
483.3984
483.3984
493.1641
493.1641
507.8125
507.8125
532.2266
532.2266
502.9297
502.9297
444.3359
444.3359
327.1484
327.1484
112.3047
112.3047
0.0000
0.0000
0.0000
0.0000
0.0000
0.0000
0.0000
0.0000
0.0000
0.0000
0.0000
0.0000
0.0000
0.0000
0.0000
0.0000
0.0000
0.0000
0.0000
0.0000
0.0000
0.0000
0.0000
0.0000
0.0000
0.0000
97.6562
97.6562
283.2031
283.2031
449.2187
449.2187
581.0547
581.0547
654.2969
654.2969
644.5312
644.5312
620.1172
620.1172
546.8750
546.8750
488.2812
488.2812
463.8672
463.8672
434.5703
434.5703
439.4531
439.4531
458.9844
458.9844
502.9297
502.9297
566.4062
585.9375
585.9375
585.9375
585.9375
585.9375
566.4062
566.4062
561.5234
561.5234
576.1719
576.1719
532.2266
532.2266
380.8594
97.6562
97.6562
0.0000
0.0000
0.0000
0.0000
0.0000
0.0000
0.0000
0.0000
0.0000
0.0000
0.0000
0.0000
0.0000
0.0000
0.0000
0.0000
0.0000
0.0000
0.0000
0.0000
0.0000
0.0000
0.0000
0.0000
63.4766
63.4766
258.7891
258.7891
405.2734
405.2734
532.2266
532.2266
576.1719
576.1719
581.0547
581.0547
537.1094
537.1094
468.7500
468.7500
410.1562
410.1562
371.0937
371.0937
366.2109
366.2109
410.1562
410.1562
454.1016
454.1016
488.2812
488.2812
517.5781
517.5781
522.4609
522.4609
541.9922
541.9922
556.6406
556.6406
532.2266
532.2266
473.6328
473.6328
327.1484
327.1484
112.3047
112.3047
0.0000
0.0000
0.0000
0.0000
0.0000
0.0000
0.0000
0.0000
0.0000
0.0000
0.0000
0.0000
0.0000
0.0000
0.0000
0.0000
0.0000
0.0000
0.0000
0.0000
0.0000
0.0000
0.0000
0.0000
0.0000
0.0000
24.4141
24.4141
219.7266
219.7266
410.1562
410.1562
551.7578
551.7578
610.3516
610.3516
625.0000
625.0000
590.8203
590.8203
522.4609
522.4609
478.5156
478.5156
419.9219
419.9219
390.6250
390.6250
390.6250
390.6250
419.9219
419.9219
478.5156
478.5156
517.5781
517.5781
537.1094
537.1094
541.9922
541.9922
541.9922
541.9922
561.5234
561.5234
581.0547
581.0547
561.5234
561.5234
498.0469
498.0469
356.4453
356.4453
126.9531
126.9531
0.0000
0.0000
0.0000
0.0000
0.0000
0.0000
0.0000
0.0000
0.0000
0.0000
0.0000
0.0000
0.0000
0.0000
0.0000
0.0000
0.0000
0.0000
0.0000
0.0000
0.0000
0.0000
0.0000
0.0000
0.0000
0.0000
0.0000
0.0000
151.3672
151.3672
336.9141
336.9141
493.1641
493.1641
576.1719
576.1719
585.9375
585.9375
541.9922
541.9922
463.8672
463.8672
415.0391
415.0391
390.6250
390.6250
366.2109
366.2109
385.7422
385.7422
390.6250
390.6250
434.5703
434.5703
468.7500
468.7500
502.9297
502.9297
527.3437
527.3437
537.1094
537.1094
541.9922
541.9922
551.7578
551.7578
522.4609
522.4609
473.6328
473.6328
263.6719
263.6719
14.6484
14.6484
0.0000
0.0000
0.0000
0.0000
0.0000
0.0000
0.0000
0.0000
0.0000
0.0000
0.0000
0.0000
0.0000
0.0000
0.0000
0.0000
0.0000
0.0000
0.0000
0.0000
0.0000
0.0000
0.0000
0.0000
126.9531
126.9531
351.5625
351.5625
537.1094
537.1094
668.9453
668.9453
776.3672
776.3672
786.1328
786.1328
756.8359
756.8359
668.9453
668.9453
576.1719
576.1719
522.4609
522.4609
488.2812
488.2812
493.1641
493.1641
512.6953
512.6953
532.2266
532.2266
576.1719
576.1719
610.3516
610.3516
629.8828
629.8828
649.4141
649.4141
625.0000
625.0000
620.1172
620.1172
590.8203
590.8203
532.2266
532.2266
380.8594
380.8594
122.0703
122.0703
0.0000
0.0000
0.0000
0.0000
0.0000
0.0000
0.0000
0.0000
0.0000
0.0000
0.0000
0.0000
0.0000
0.0000
0.0000
0.0000
0.0000
0.0000
0.0000
0.0000
0.0000
0.0000
0.0000
0.0000
0.0000
0.0000
92.7734
92.7734
322.2656
322.2656
488.2812
488.2812
581.0547
581.0547
644.5312
644.5312
634.7656
634.7656
595.7031
595.7031
507.8125
507.8125
424.8047
424.8047
395.5078
395.5078
400.3906
400.3906
434.5703
434.5703
468.7500
468.7500
468.7500
468.7500
498.0469
498.0469
522.4609
522.4609
561.5234
561.5234
590.8203
590.8203
585.9375
585.9375
581.0547
581.0547
561.5234
561.5234
541.9922
541.9922
449.2187
449.2187
200.1953
200.1953
0.0000
0.0000
0.0000
0.0000
0.0000
0.0000
0.0000
0.0000
0.0000
0.0000
0.0000
0.0000
0.0000
0.0000
0.0000
0.0000
0.0000
0.0000
0.0000
0.0000
0.0000
0.0000
0.0000
0.0000
0.0000
0.0000
112.3047
112.3047
332.0312
332.0312
498.0469
498.0469
605.4687
605.4687
673.8281
673.8281
683.5937
683.5937
659.1797
659.1797
595.7031
595.7031
502.9297
502.9297
429.6875
429.6875
410.1562
410.1562
424.8047
424.8047
478.5156
478.5156
507.8125
507.8125
537.1094
537.1094
546.8750
546.8750
571.2891
571.2891
610.3516
610.3516
610.3516
610.3516
605.4687
605.4687
561.5234
561.5234
507.8125
507.8125
385.7422
385.7422
131.8359
131.8359
0.0000
0.0000
0.0000
0.0000
0.0000
0.0000
0.0000
0.0000
0.0000
0.0000
0.0000
0.0000
0.0000
0.0000
0.0000
0.0000
0.0000
0.0000
0.0000
0.0000
0.0000
0.0000
0.0000
0.0000
0.0000
0.0000
34.1797
34.1797
258.7891
258.7891
424.8047
424.8047
541.9922
541.9922
620.1172
620.1172
620.1172
620.1172
585.9375
585.9375
522.4609
522.4609
434.5703
434.5703
361.3281
361.3281
351.5625
351.5625
375.9766
375.9766
424.8047
424.8047
463.8672
463.8672
502.9297
502.9297
527.3437
527.3437
541.9922
541.9922
566.4062
566.4062
571.2891
571.2891
556.6406
556.6406
517.5781
517.5781
429.6875
429.6875
249.0234
249.0234
0.0000
0.0000
0.0000
0.0000
0.0000
0.0000
0.0000
0.0000
0.0000
0.0000
0.0000
0.0000
0.0000
0.0000
0.0000
0.0000
0.0000
0.0000
0.0000
0.0000
0.0000
0.0000
0.0000
0.0000
0.0000
0.0000
0.0000
0.0000
185.5469
185.5469
385.7422
385.7422
532.2266
532.2266
605.4687
605.4687
610.3516
610.3516
576.1719
576.1719
512.6953
512.6953
454.1016
454.1016
385.7422
385.7422
361.3281
361.3281
375.9766
375.9766
410.1562
410.1562
463.8672
463.8672
507.8125
507.8125
532.2266
532.2266
527.3437
527.3437
532.2266
532.2266
551.7578
551.7578
571.2891
571.2891
581.0547
581.0547
585.9375
585.9375
556.6406
556.6406
502.9297
502.9297
327.1484
327.1484
43.9453
43.9453
0.0000
0.0000
0.0000
0.0000
0.0000
0.0000
0.0000
0.0000
0.0000
0.0000
0.0000
0.0000
0.0000
0.0000
0.0000
0.0000
0.0000
0.0000
0.0000
0.0000
0.0000
0.0000
0.0000
0.0000
0.0000
0.0000
0.0000
0.0000
234.3750
234.3750
415.0391
415.0391
532.2266
532.2266
585.9375
585.9375
585.9375
585.9375
561.5234
561.5234
473.6328
473.6328
385.7422
385.7422
332.0312
332.0312
307.6172
307.6172
336.9141
336.9141
395.5078
395.5078
439.4531
439.4531
473.6328
473.6328
483.3984
483.3984
517.5781
517.5781
537.1094
537.1094
532.2266
532.2266
537.1094
537.1094
507.8125
507.8125
468.7500
468.7500
341.7969
341.7969
97.6562
97.6562
0.0000
0.0000
0.0000
0.0000
0.0000
0.0000
0.0000
0.0000
0.0000
0.0000
0.0000
0.0000
0.0000
0.0000
0.0000
0.0000
0.0000
0.0000
0.0000
0.0000
0.0000
0.0000
0.0000
0.0000
0.0000
0.0000
195.3125
195.3125
395.5078
395.5078
527.3437
527.3437
610.3516
610.3516
644.5312
644.5312
634.7656
634.7656
605.4687
605.4687
546.8750
546.8750
473.6328
473.6328
429.6875
429.6875
405.2734
405.2734
429.6875
429.6875
483.3984
483.3984
517.5781
517.5781
541.9922
541.9922
551.7578
551.7578
561.5234
561.5234
576.1719
576.1719
581.0547
581.0547
590.8203
590.8203
566.4062
566.4062
541.9922
541.9922
498.0469
498.0469
336.9141
336.9141
58.5937
58.5937
0.0000
0.0000
0.0000
0.0000
0.0000
0.0000
0.0000
0.0000
0.0000
0.0000
0.0000
0.0000
0.0000
0.0000
0.0000
0.0000
0.0000
0.0000
0.0000
0.0000
0.0000
0.0000
0.0000
0.0000
0.0000
0.0000
0.0000
0.0000
200.1953
200.1953
375.9766
375.9766
498.0469
498.0469
522.4609
522.4609
527.3437
527.3437
502.9297
502.9297
424.8047
424.8047
341.7969
341.7969
288.0859
288.0859
283.2031
283.2031
332.0312
332.0312
395.5078
395.5078
449.2187
449.2187
478.5156
478.5156
483.3984
483.3984
502.9297
502.9297
522.4609
522.4609
537.1094
537.1094
532.2266
532.2266
512.6953
512.6953
507.8125
507.8125
429.6875
429.6875
209.9609
209.9609
0.0000
0.0000
0.0000
0.0000
0.0000
0.0000
0.0000
0.0000
0.0000
0.0000
0.0000
0.0000
0.0000
0.0000
0.0000
0.0000
0.0000
0.0000
0.0000
0.0000
0.0000
0.0000
0.0000
0.0000
0.0000
0.0000
0.0000
0.0000
180.6641
180.6641
361.3281
361.3281
512.6953
512.6953
595.7031
595.7031
629.8828
629.8828
644.5312
644.5312
590.8203
590.8203
522.4609
522.4609
449.2187
449.2187
400.3906
400.3906
410.1562
410.1562
449.2187
449.2187
502.9297
502.9297
541.9922
541.9922
541.9922
541.9922
556.6406
556.6406
561.5234
561.5234
576.1719
576.1719
576.1719
576.1719
556.6406
556.6406
527.3437
527.3437
434.5703
434.5703
253.9062
253.9062
58.5937
58.5937
0.0000
0.0000
0.0000
0.0000
0.0000
0.0000
0.0000
0.0000
0.0000
0.0000
0.0000
0.0000
0.0000
0.0000
0.0000
0.0000
0.0000
0.0000
0.0000
0.0000
0.0000
0.0000
0.0000
0.0000
29.2969
29.2969
268.5547
268.5547
478.5156
478.5156
649.4141
649.4141
727.5391
727.5391
737.3047
703.1250
703.1250
703.1250
625.0000
625.0000
541.9922
541.9922
468.7500
468.7500
415.0391
415.0391
424.8047
424.8047
454.1016
454.1016
502.9297
502.9297
541.9922
541.9922
546.8750
571.2891
571.2891
571.2891
581.0547
581.0547
605.4687
605.4687
615.2344
615.2344
605.4687
605.4687
556.6406
556.6406
449.2187
239.2578
239.2578
0.0000
0.0000
0.0000
0.0000
0.0000
0.0000
0.0000
0.0000
0.0000
0.0000
0.0000
0.0000
0.0000
0.0000
0.0000
0.0000
0.0000
0.0000
0.0000
0.0000
0.0000
0.0000
0.0000
0.0000
0.0000
0.0000
0.0000
0.0000
58.5937
58.5937
244.1406
244.1406
400.3906
400.3906
502.9297
502.9297
556.6406
556.6406
581.0547
581.0547
537.1094
537.1094
488.2812
488.2812
415.0391
415.0391
356.4453
356.4453
336.9141
336.9141
361.3281
361.3281
410.1562
410.1562
463.8672
463.8672
493.1641
493.1641
517.5781
517.5781
541.9922
541.9922
546.8750
546.8750
551.7578
551.7578
537.1094
537.1094
522.4609
522.4609
488.2812
488.2812
366.2109
366.2109
117.1875
117.1875
0.0000
0.0000
0.0000
0.0000
0.0000
0.0000
0.0000
0.0000
0.0000
0.0000
0.0000
0.0000
0.0000
0.0000
0.0000
0.0000
0.0000
0.0000
0.0000
0.0000
0.0000
0.0000
0.0000
0.0000
0.0000
0.0000
0.0000
0.0000
102.5391
102.5391
312.5000
312.5000
483.3984
483.3984
561.5234
561.5234
571.2891
571.2891
527.3437
527.3437
454.1016
454.1016
390.6250
390.6250
332.0312
332.0312
307.6172
307.6172
317.3828
317.3828
356.4453
356.4453
415.0391
415.0391
449.2187
449.2187
468.7500
468.7500
483.3984
483.3984
502.9297
502.9297
527.3437
527.3437
537.1094
537.1094
527.3437
527.3437
493.1641
493.1641
424.8047
424.8047
244.1406
244.1406
0.0000
0.0000
0.0000
0.0000
0.0000
0.0000
0.0000
0.0000
0.0000
0.0000
0.0000
0.0000
0.0000
0.0000
0.0000
0.0000
0.0000
0.0000
0.0000
0.0000
0.0000
0.0000
0.0000
0.0000
0.0000
0.0000
58.5937
58.5937
249.0234
249.0234
439.4531
439.4531
600.5859
600.5859
678.7109
678.7109
683.5937
683.5937
659.1797
659.1797
600.5859
600.5859
527.3437
527.3437
458.9844
458.9844
415.0391
415.0391
410.1562
410.1562
429.6875
429.6875
483.3984
483.3984
522.4609
522.4609
532.2266
532.2266
541.9922
541.9922
541.9922
541.9922
566.4062
566.4062
581.0547
581.0547
566.4062
566.4062
546.8750
546.8750
463.8672
463.8672
273.4375
273.4375
0.0000
0.0000
0.0000
0.0000
0.0000
0.0000
0.0000
0.0000
0.0000
0.0000
0.0000
0.0000
0.0000
0.0000
0.0000
0.0000
0.0000
0.0000
0.0000
0.0000
0.0000
0.0000
0.0000
0.0000
0.0000
0.0000
0.0000
0.0000
166.0156
166.0156
351.5625
351.5625
522.4609
522.4609
615.2344
615.2344
629.8828
629.8828
581.0547
581.0547
517.5781
517.5781
449.2187
449.2187
400.3906
400.3906
366.2109
366.2109
366.2109
366.2109
380.8594
380.8594
439.4531
439.4531
493.1641
493.1641
522.4609
522.4609
537.1094
537.1094
546.8750
546.8750
556.6406
556.6406
566.4062
566.4062
546.8750
546.8750
517.5781
517.5781
434.5703
434.5703
249.0234
249.0234
0.0000
0.0000
0.0000
0.0000
0.0000
0.0000
0.0000
0.0000
0.0000
0.0000
0.0000
0.0000
0.0000
0.0000
0.0000
0.0000
0.0000
0.0000
0.0000
0.0000
0.0000
0.0000
0.0000
0.0000
0.0000
0.0000
0.0000
0.0000
78.1250
78.1250
244.1406
244.1406
419.9219
419.9219
527.3437
527.3437
566.4062
566.4062
571.2891
571.2891
527.3437
527.3437
478.5156
478.5156
444.3359
444.3359
405.2734
405.2734
390.6250
390.6250
380.8594
380.8594
419.9219
419.9219
463.8672
463.8672
488.2812
488.2812
507.8125
507.8125
522.4609
522.4609
527.3437
527.3437
556.6406
556.6406
561.5234
561.5234
541.9922
541.9922
473.6328
473.6328
302.7344
302.7344
73.2422
73.2422
0.0000
0.0000
0.0000
0.0000
0.0000
0.0000
0.0000
0.0000
0.0000
0.0000
0.0000
0.0000
0.0000
0.0000
0.0000
0.0000
0.0000
0.0000
0.0000
0.0000
0.0000
0.0000
0.0000
0.0000
0.0000
0.0000
73.2422
73.2422
263.6719
263.6719
439.4531
439.4531
571.2891
571.2891
620.1172
620.1172
605.4687
605.4687
546.8750
546.8750
454.1016
454.1016
400.3906
400.3906
371.0937
371.0937
371.0937
371.0937
390.6250
390.6250
424.8047
424.8047
478.5156
478.5156
527.3437
527.3437
556.6406
556.6406
581.0547
581.0547
571.2891
571.2891
585.9375
585.9375
571.2891
571.2891
546.8750
546.8750
527.3437
527.3437
454.1016
454.1016
297.8516
297.8516
63.4766
63.4766
0.0000
0.0000
0.0000
0.0000
0.0000
0.0000
0.0000
0.0000
0.0000
0.0000
0.0000
0.0000
0.0000
0.0000
0.0000
0.0000
0.0000
0.0000
0.0000
0.0000
0.0000
0.0000
0.0000
0.0000
29.2969
29.2969
234.3750
234.3750
434.5703
434.5703
590.8203
590.8203
683.5937
683.5937
717.7734
717.7734
678.7109
678.7109
605.4687
605.4687
546.8750
546.8750
468.7500
468.7500
429.6875
429.6875
419.9219
419.9219
439.4531
439.4531
488.2812
488.2812
527.3437
527.3437
556.6406
556.6406
556.6406
556.6406
556.6406
556.6406
576.1719
576.1719
581.0547
581.0547
551.7578
551.7578
458.9844
458.9844
249.0234
249.0234
0.0000
0.0000
0.0000
0.0000
0.0000
0.0000
0.0000
0.0000
0.0000
0.0000
0.0000
0.0000
0.0000
0.0000
0.0000
0.0000
0.0000
0.0000
0.0000
0.0000
0.0000
0.0000
0.0000
0.0000
0.0000
0.0000
0.0000
0.0000
48.8281
48.8281
234.3750
234.3750
400.3906
400.3906
546.8750
546.8750
605.4687
605.4687
595.7031
595.7031
532.2266
532.2266
434.5703
434.5703
380.8594
380.8594
351.5625
351.5625
346.6797
346.6797
371.0937
371.0937
390.6250
390.6250
429.6875
429.6875
483.3984
483.3984
512.6953
512.6953
537.1094
537.1094
546.8750
546.8750
551.7578
551.7578
556.6406
556.6406
532.2266
532.2266
483.3984
483.3984
283.2031
283.2031
0.0000
0.0000
0.0000
0.0000
0.0000
0.0000
0.0000
0.0000
0.0000
0.0000
0.0000
0.0000
0.0000
0.0000
0.0000
0.0000
0.0000
0.0000
0.0000
0.0000
0.0000
0.0000
0.0000
0.0000
0.0000
0.0000
0.0000
0.0000
48.8281
48.8281
239.2578
239.2578
371.0937
371.0937
493.1641
493.1641
551.7578
551.7578
566.4062
566.4062
546.8750
546.8750
478.5156
478.5156
410.1562
410.1562
400.3906
400.3906
390.6250
390.6250
410.1562
410.1562
424.8047
424.8047
439.4531
439.4531
483.3984
483.3984
512.6953
512.6953
532.2266
532.2266
546.8750
546.8750
537.1094
537.1094
546.8750
546.8750
527.3437
527.3437
458.9844
458.9844
258.7891
258.7891
0.0000
0.0000
0.0000
0.0000
0.0000
0.0000
0.0000
0.0000
0.0000
0.0000
0.0000
0.0000
0.0000
0.0000
0.0000
0.0000
0.0000
0.0000
0.0000
0.0000
0.0000
0.0000
0.0000
0.0000
0.0000
0.0000
0.0000
0.0000
205.0781
205.0781
415.0391
415.0391
556.6406
556.6406
644.5312
644.5312
678.7109
678.7109
659.1797
659.1797
615.2344
615.2344
502.9297
502.9297
419.9219
419.9219
400.3906
400.3906
410.1562
410.1562
444.3359
444.3359
478.5156
478.5156
512.6953
512.6953
561.5234
561.5234
585.9375
585.9375
610.3516
610.3516
595.7031
595.7031
576.1719
576.1719
551.7578
551.7578
512.6953
512.6953
424.8047
424.8047
214.8437
214.8437
0.0000
0.0000
0.0000
0.0000
0.0000
0.0000
0.0000
0.0000
0.0000
0.0000
0.0000
0.0000
0.0000
0.0000
0.0000
0.0000
0.0000
0.0000
0.0000
0.0000
0.0000
0.0000
0.0000
0.0000
0.0000
0.0000
180.6641
180.6641
380.8594
380.8594
551.7578
551.7578
673.8281
673.8281
742.1875
742.1875
751.9531
751.9531
737.3047
737.3047
703.1250
703.1250
605.4687
605.4687
522.4609
522.4609
463.8672
463.8672
449.2187
449.2187
488.2812
488.2812
517.5781
517.5781
551.7578
551.7578
576.1719
576.1719
590.8203
590.8203
634.7656
634.7656
634.7656
634.7656
634.7656
634.7656
615.2344
615.2344
561.5234
561.5234
458.9844
458.9844
219.7266
219.7266
0.0000
0.0000
0.0000
0.0000
0.0000
0.0000
0.0000
0.0000
0.0000
0.0000
0.0000
0.0000
0.0000
0.0000
0.0000
0.0000
0.0000
0.0000
0.0000
0.0000
0.0000
0.0000
0.0000
0.0000
0.0000
0.0000
102.5391
102.5391
327.1484
327.1484
507.8125
507.8125
620.1172
620.1172
673.8281
673.8281
659.1797
659.1797
620.1172
620.1172
546.8750
546.8750
458.9844
458.9844
415.0391
415.0391
385.7422
385.7422
400.3906
400.3906
444.3359
444.3359
493.1641
493.1641
537.1094
537.1094
561.5234
561.5234
566.4062
566.4062
571.2891
571.2891
551.7578
551.7578
537.1094
537.1094
493.1641
493.1641
434.5703
434.5703
288.0859
288.0859
14.6484
14.6484
0.0000
0.0000
0.0000
0.0000
0.0000
0.0000
0.0000
0.0000
0.0000
0.0000
0.0000
0.0000
0.0000
0.0000
0.0000
0.0000
0.0000
0.0000
0.0000
0.0000
0.0000
0.0000
0.0000
0.0000
0.0000
0.0000
39.0625
39.0625
258.7891
258.7891
439.4531
541.9922
541.9922
541.9922
585.9375
585.9375
576.1719
576.1719
527.3437
527.3437
478.5156
478.5156
415.0391
415.0391
375.9766
375.9766
361.3281
361.3281
361.3281
361.3281
415.0391
415.0391
458.9844
458.9844
483.3984
483.3984
493.1641
493.1641
507.8125
507.8125
532.2266
532.2266
561.5234
561.5234
556.6406
537.1094
537.1094
458.9844
458.9844
288.0859
288.0859
34.1797
34.1797
0.0000
0.0000
0.0000
0.0000
0.0000
0.0000
0.0000
0.0000
0.0000
0.0000
0.0000
0.0000
0.0000
0.0000
0.0000
0.0000
0.0000
0.0000
0.0000
0.0000
0.0000
0.0000
0.0000
0.0000
0.0000
0.0000
68.3594
68.3594
263.6719
263.6719
444.3359
444.3359
561.5234
561.5234
605.4687
605.4687
590.8203
590.8203
522.4609
522.4609
449.2187
449.2187
395.5078
395.5078
346.6797
346.6797
336.9141
336.9141
356.4453
356.4453
419.9219
419.9219
478.5156
478.5156
507.8125
507.8125
532.2266
532.2266
527.3437
527.3437
537.1094
537.1094
546.8750
546.8750
537.1094
537.1094
507.8125
507.8125
439.4531
439.4531
302.7344
302.7344
92.7734
92.7734
0.0000
0.0000
0.0000
0.0000
0.0000
0.0000
0.0000
0.0000
0.0000
0.0000
0.0000
0.0000
0.0000
0.0000
0.0000
0.0000
0.0000
0.0000
0.0000
0.0000
0.0000
0.0000
0.0000
0.0000
0.0000
0.0000
126.9531
126.9531
302.7344
302.7344
463.8672
463.8672
590.8203
590.8203
644.5312
644.5312
678.7109
678.7109
639.6484
639.6484
576.1719
576.1719
498.0469
498.0469
429.6875
429.6875
395.5078
395.5078
375.9766
375.9766
415.0391
415.0391
458.9844
458.9844
502.9297
502.9297
546.8750
546.8750
541.9922
541.9922
561.5234
561.5234
581.0547
581.0547
585.9375
585.9375
571.2891
571.2891
493.1641
493.1641
332.0312
332.0312
102.5391
102.5391
0.0000
0.0000
0.0000
0.0000
0.0000
0.0000
0.0000
0.0000
0.0000
0.0000
0.0000
0.0000
0.0000
0.0000
0.0000
0.0000
0.0000
0.0000
0.0000
0.0000
0.0000
0.0000
0.0000
0.0000
0.0000
0.0000
63.4766
63.4766
239.2578
239.2578
429.6875
429.6875
561.5234
561.5234
634.7656
634.7656
629.8828
629.8828
561.5234
561.5234
468.7500
468.7500
410.1562
410.1562
371.0937
371.0937
375.9766
375.9766
390.6250
390.6250
415.0391
415.0391
468.7500
468.7500
507.8125
507.8125
532.2266
532.2266
527.3437
527.3437
512.6953
512.6953
527.3437
527.3437
537.1094
537.1094
551.7578
551.7578
527.3437
527.3437
444.3359
444.3359
273.4375
273.4375
0.0000
0.0000
0.0000
0.0000
0.0000
0.0000
0.0000
0.0000
0.0000
0.0000
0.0000
0.0000
0.0000
0.0000
0.0000
0.0000
0.0000
0.0000
0.0000
0.0000
0.0000
0.0000
0.0000
0.0000
0.0000
0.0000
0.0000
0.0000
166.0156
166.0156
356.4453
356.4453
517.5781
517.5781
615.2344
615.2344
659.1797
659.1797
639.6484
639.6484
561.5234
561.5234
478.5156
478.5156
410.1562
410.1562
380.8594
380.8594
380.8594
380.8594
385.7422
385.7422
429.6875
429.6875
478.5156
478.5156
522.4609
522.4609
546.8750
546.8750
551.7578
551.7578
566.4062
566.4062
576.1719
576.1719
576.1719
576.1719
537.1094
537.1094
410.1562
410.1562
209.9609
209.9609
0.0000
0.0000
0.0000
0.0000
0.0000
0.0000
0.0000
0.0000
0.0000
0.0000
0.0000
0.0000
0.0000
0.0000
0.0000
0.0000
0.0000
0.0000
0.0000
0.0000
0.0000
0.0000
0.0000
0.0000
0.0000
0.0000
92.7734
92.7734
302.7344
302.7344
488.2812
488.2812
644.5312
644.5312
712.8906
712.8906
722.6562
722.6562
664.0625
664.0625
556.6406
556.6406
463.8672
463.8672
405.2734
405.2734
390.6250
390.6250
429.6875
429.6875
468.7500
468.7500
522.4609
522.4609
541.9922
541.9922
556.6406
556.6406
551.7578
551.7578
541.9922
541.9922
541.9922
541.9922
537.1094
537.1094
537.1094
537.1094
532.2266
532.2266
439.4531
439.4531
229.4922
229.4922
0.0000
0.0000
0.0000
0.0000
0.0000
0.0000
0.0000
0.0000
0.0000
0.0000
0.0000
0.0000
0.0000
0.0000
0.0000
0.0000
0.0000
0.0000
0.0000
0.0000
0.0000
0.0000
0.0000
0.0000
0.0000
0.0000
205.0781
205.0781
375.9766
375.9766
512.6953
512.6953
610.3516
610.3516
654.2969
654.2969
668.9453
668.9453
610.3516
610.3516
522.4609
522.4609
454.1016
454.1016
405.2734
405.2734
400.3906
400.3906
405.2734
405.2734
419.9219
419.9219
454.1016
454.1016
488.2812
488.2812
527.3437
527.3437
556.6406
556.6406
566.4062
566.4062
581.0547
581.0547
576.1719
576.1719
551.7578
551.7578
454.1016
454.1016
219.7266
219.7266
0.0000
0.0000
0.0000
0.0000
0.0000
0.0000
0.0000
0.0000
0.0000
0.0000
0.0000
0.0000
0.0000
0.0000
0.0000
0.0000
0.0000
0.0000
0.0000
0.0000
0.0000
0.0000
0.0000
0.0000
0.0000
0.0000
0.0000
0.0000
19.5312
19.5312
224.6094
224.6094
380.8594
380.8594
478.5156
478.5156
512.6953
512.6953
488.2812
488.2812
424.8047
424.8047
336.9141
336.9141
283.2031
283.2031
268.5547
268.5547
283.2031
283.2031
336.9141
336.9141
390.6250
390.6250
424.8047
424.8047
449.2187
449.2187
473.6328
473.6328
498.0469
498.0469
507.8125
507.8125
488.2812
488.2812
488.2812
488.2812
488.2812
488.2812
493.1641
493.1641
405.2734
405.2734
175.7812
175.7812
0.0000
0.0000
0.0000
0.0000
0.0000
0.0000
0.0000
0.0000
0.0000
0.0000
0.0000
0.0000
0.0000
0.0000
0.0000
0.0000
0.0000
0.0000
0.0000
0.0000
0.0000
0.0000
0.0000
0.0000
9.7656
9.7656
239.2578
239.2578
454.1016
454.1016
600.5859
600.5859
688.4766
688.4766
727.5391
727.5391
708.0078
708.0078
649.4141
649.4141
541.9922
541.9922
444.3359
444.3359
385.7422
385.7422
375.9766
375.9766
415.0391
415.0391
458.9844
458.9844
493.1641
493.1641
527.3437
527.3437
551.7578
551.7578
585.9375
585.9375
600.5859
600.5859
590.8203
590.8203
556.6406
556.6406
498.0469
498.0469
385.7422
385.7422
141.6016
141.6016
0.0000
0.0000
0.0000
0.0000
0.0000
0.0000
0.0000
0.0000
0.0000
0.0000
0.0000
0.0000
0.0000
0.0000
0.0000
0.0000
0.0000
0.0000
0.0000
0.0000
0.0000
0.0000
0.0000
0.0000
0.0000
0.0000
0.0000
0.0000
122.0703
122.0703
346.6797
346.6797
502.9297
502.9297
590.8203
590.8203
610.3516
610.3516
566.4062
566.4062
498.0469
498.0469
415.0391
415.0391
351.5625
351.5625
332.0312
332.0312
341.7969
341.7969
390.6250
390.6250
444.3359
444.3359
468.7500
468.7500
478.5156
478.5156
478.5156
478.5156
483.3984
483.3984
512.6953
512.6953
527.3437
527.3437
532.2266
532.2266
517.5781
517.5781
478.5156
478.5156
371.0937
371.0937
107.4219
107.4219
0.0000
0.0000
0.0000
0.0000
0.0000
0.0000
0.0000
0.0000
0.0000
0.0000
0.0000
0.0000
0.0000
0.0000
0.0000
0.0000
0.0000
0.0000
0.0000
0.0000
0.0000
0.0000
0.0000
0.0000
48.8281
48.8281
253.9062
253.9062
458.9844
458.9844
600.5859
600.5859
688.4766
688.4766
712.8906
712.8906
673.8281
673.8281
585.9375
585.9375
507.8125
507.8125
429.6875
429.6875
385.7422
385.7422
380.8594
380.8594
419.9219
419.9219
473.6328
473.6328
512.6953
512.6953
551.7578
551.7578
571.2891
571.2891
590.8203
590.8203
610.3516
610.3516
605.4687
605.4687
576.1719
576.1719
502.9297
502.9297
366.2109
366.2109
136.7187
136.7187
0.0000
0.0000
0.0000
0.0000
0.0000
0.0000
0.0000
0.0000
0.0000
0.0000
0.0000
0.0000
0.0000
0.0000
0.0000
0.0000
0.0000
0.0000
0.0000
0.0000
0.0000
0.0000
0.0000
0.0000
0.0000
0.0000
161.1328
161.1328
371.0937
371.0937
541.9922
541.9922
639.6484
639.6484
659.1797
659.1797
620.1172
620.1172
522.4609
522.4609
444.3359
444.3359
400.3906
400.3906
375.9766
375.9766
390.6250
390.6250
434.5703
434.5703
473.6328
473.6328
502.9297
502.9297
502.9297
502.9297
512.6953
512.6953
512.6953
512.6953
507.8125
507.8125
527.3437
527.3437
541.9922
541.9922
541.9922
541.9922
473.6328
473.6328
273.4375
273.4375
0.0000
0.0000
0.0000
0.0000
0.0000
0.0000
0.0000
0.0000
0.0000
0.0000
0.0000
0.0000
0.0000
0.0000
0.0000
0.0000
0.0000
0.0000
0.0000
0.0000
0.0000
0.0000
0.0000
0.0000
0.0000
0.0000
83.0078
83.0078
292.9687
292.9687
439.4531
439.4531
585.9375
585.9375
659.1797
659.1797
664.0625
664.0625
620.1172
620.1172
532.2266
532.2266
439.4531
439.4531
395.5078
395.5078
375.9766
375.9766
385.7422
385.7422
415.0391
415.0391
454.1016
454.1016
502.9297
502.9297
546.8750
546.8750
576.1719
576.1719
595.7031
595.7031
590.8203
590.8203
615.2344
615.2344
590.8203
590.8203
541.9922
541.9922
424.8047
424.8047
185.5469
185.5469
0.0000
0.0000
0.0000
0.0000
0.0000
0.0000
0.0000
0.0000
0.0000
0.0000
0.0000
0.0000
0.0000
0.0000
0.0000
0.0000
0.0000
0.0000
0.0000
0.0000
0.0000
0.0000
0.0000
0.0000
0.0000
0.0000
34.1797
34.1797
244.1406
400.3906
400.3906
400.3906
512.6953
512.6953
576.1719
576.1719
556.6406
556.6406
507.8125
507.8125
419.9219
419.9219
346.6797
346.6797
322.2656
322.2656
327.1484
327.1484
366.2109
410.1562
410.1562
410.1562
439.4531
439.4531
468.7500
468.7500
502.9297
502.9297
517.5781
517.5781
522.4609
522.4609
512.6953
512.6953
522.4609
527.3437
527.3437
517.5781
517.5781
449.2187
449.2187
229.4922
229.4922
0.0000
0.0000
0.0000
0.0000
0.0000
0.0000
0.0000
0.0000
0.0000
0.0000
0.0000
0.0000
0.0000
0.0000
0.0000
0.0000
0.0000
0.0000
0.0000
0.0000
0.0000
0.0000
0.0000
0.0000
0.0000
0.0000
97.6562
97.6562
312.5000
312.5000
458.9844
458.9844
561.5234
561.5234
634.7656
634.7656
639.6484
639.6484
615.2344
615.2344
541.9922
541.9922
439.4531
439.4531
380.8594
380.8594
356.4453
356.4453
375.9766
375.9766
410.1562
410.1562
439.4531
439.4531
473.6328
473.6328
527.3437
527.3437
561.5234
561.5234
581.0547
581.0547
566.4062
566.4062
546.8750
546.8750
532.2266
532.2266
507.8125
507.8125
424.8047
424.8047
205.0781
205.0781
0.0000
0.0000
0.0000
0.0000
0.0000
0.0000
0.0000
0.0000
0.0000
0.0000
0.0000
0.0000
0.0000
0.0000
0.0000
0.0000
0.0000
0.0000
0.0000
0.0000
0.0000
0.0000
0.0000
0.0000
0.0000
0.0000
63.4766
63.4766
302.7344
302.7344
478.5156
478.5156
585.9375
585.9375
654.2969
654.2969
654.2969
654.2969
610.3516
610.3516
532.2266
532.2266
439.4531
439.4531
385.7422
385.7422
385.7422
385.7422
410.1562
410.1562
449.2187
449.2187
473.6328
473.6328
478.5156
478.5156
498.0469
498.0469
502.9297
502.9297
527.3437
527.3437
537.1094
537.1094
546.8750
546.8750
537.1094
537.1094
517.5781
517.5781
434.5703
434.5703
200.1953
200.1953
0.0000
0.0000
0.0000
0.0000
0.0000
0.0000
0.0000
0.0000
0.0000
0.0000
0.0000
0.0000
0.0000
0.0000
0.0000
0.0000
0.0000
0.0000
0.0000
0.0000
0.0000
0.0000
0.0000
0.0000
0.0000
0.0000
126.9531
126.9531
346.6797
346.6797
532.2266
532.2266
659.1797
659.1797
727.5391
727.5391
717.7734
717.7734
664.0625
664.0625
590.8203
590.8203
478.5156
478.5156
410.1562
410.1562
385.7422
385.7422
390.6250
390.6250
439.4531
439.4531
478.5156
478.5156
517.5781
517.5781
541.9922
541.9922
561.5234
561.5234
590.8203
590.8203
581.0547
581.0547
561.5234
561.5234
527.3437
527.3437
488.2812
488.2812
419.9219
419.9219
175.7812
175.7812
0.0000
0.0000
0.0000
0.0000
0.0000
0.0000
0.0000
0.0000
0.0000
0.0000
0.0000
0.0000
0.0000
0.0000
0.0000
0.0000
0.0000
0.0000
0.0000
0.0000
0.0000
0.0000
0.0000
0.0000
0.0000
0.0000
0.0000
0.0000
43.9453
43.9453
249.0234
249.0234
385.7422
385.7422
463.8672
463.8672
488.2812
488.2812
458.9844
458.9844
415.0391
415.0391
371.0937
371.0937
317.3828
317.3828
307.6172
307.6172
322.2656
322.2656
351.5625
351.5625
400.3906
400.3906
410.1562
410.1562
424.8047
424.8047
449.2187
449.2187
488.2812
488.2812
512.6953
512.6953
522.4609
522.4609
527.3437
527.3437
512.6953
512.6953
483.3984
483.3984
400.3906
400.3906
141.6016
141.6016
0.0000
0.0000
0.0000
0.0000
0.0000
0.0000
0.0000
0.0000
0.0000
0.0000
0.0000
0.0000
0.0000
0.0000
0.0000
0.0000
0.0000
0.0000
0.0000
0.0000
0.0000
0.0000
0.0000
0.0000
0.0000
0.0000
107.4219
107.4219
351.5625
351.5625
556.6406
556.6406
678.7109
678.7109
761.7187
761.7187
766.6016
766.6016
712.8906
712.8906
615.2344
615.2344
507.8125
507.8125
424.8047
424.8047
405.2734
405.2734
424.8047
424.8047
488.2812
488.2812
532.2266
532.2266
576.1719
576.1719
600.5859
600.5859
620.1172
620.1172
625.0000
625.0000
610.3516
610.3516
595.7031
595.7031
576.1719
576.1719
551.7578
551.7578
522.4609
522.4609
366.2109
366.2109
68.3594
68.3594
0.0000
0.0000
0.0000
0.0000
0.0000
0.0000
0.0000
0.0000
0.0000
0.0000
0.0000
0.0000
0.0000
0.0000
0.0000
0.0000
0.0000
0.0000
0.0000
0.0000
0.0000
0.0000
0.0000
0.0000
0.0000
0.0000
151.3672
151.3672
336.9141
336.9141
463.8672
463.8672
546.8750
546.8750
551.7578
551.7578
522.4609
522.4609
478.5156
478.5156
410.1562
410.1562
356.4453
356.4453
336.9141
336.9141
351.5625
351.5625
410.1562
410.1562
439.4531
439.4531
468.7500
468.7500
478.5156
478.5156
493.1641
493.1641
541.9922
541.9922
566.4062
566.4062
581.0547
581.0547
561.5234
561.5234
522.4609
522.4609
454.1016
454.1016
239.2578
239.2578
0.0000
0.0000
0.0000
0.0000
0.0000
0.0000
0.0000
0.0000
0.0000
0.0000
0.0000
0.0000
0.0000
0.0000
0.0000
0.0000
0.0000
0.0000
0.0000
0.0000
0.0000
0.0000
0.0000
0.0000
0.0000
0.0000
122.0703
122.0703
332.0312
332.0312
502.9297
502.9297
605.4687
605.4687
668.9453
668.9453
644.5312
644.5312
605.4687
605.4687
551.7578
551.7578
473.6328
473.6328
419.9219
419.9219
405.2734
405.2734
419.9219
419.9219
463.8672
463.8672
507.8125
507.8125
541.9922
541.9922
551.7578
551.7578
541.9922
541.9922
566.4062
566.4062
576.1719
576.1719
585.9375
585.9375
576.1719
576.1719
532.2266
532.2266
454.1016
454.1016
249.0234
249.0234
0.0000
0.0000
0.0000
0.0000
0.0000
0.0000
0.0000
0.0000
0.0000
0.0000
0.0000
0.0000
0.0000
0.0000
0.0000
0.0000
0.0000
0.0000
0.0000
0.0000
0.0000
0.0000
0.0000
0.0000
0.0000
0.0000
53.7109
53.7109
278.3203
278.3203
458.9844
458.9844
581.0547
581.0547
644.5312
644.5312
625.0000
625.0000
546.8750
546.8750
473.6328
473.6328
405.2734
405.2734
356.4453
356.4453
336.9141
336.9141
341.7969
341.7969
380.8594
380.8594
429.6875
429.6875
473.6328
473.6328
507.8125
507.8125
512.6953
512.6953
537.1094
537.1094
556.6406
556.6406
566.4062
566.4062
561.5234
561.5234
527.3437
527.3437
488.2812
488.2812
346.6797
346.6797
53.7109
53.7109
0.0000
0.0000
0.0000
0.0000
0.0000
0.0000
0.0000
0.0000
0.0000
0.0000
0.0000
0.0000
0.0000
0.0000
0.0000
0.0000
0.0000
0.0000
0.0000
0.0000
0.0000
0.0000
0.0000
0.0000
0.0000
0.0000
102.5391
102.5391
297.8516
297.8516
429.6875
429.6875
532.2266
532.2266
571.2891
571.2891
551.7578
551.7578
527.3437
527.3437
468.7500
468.7500
410.1562
410.1562
375.9766
375.9766
366.2109
366.2109
390.6250
390.6250
449.2187
449.2187
488.2812
488.2812
507.8125
507.8125
507.8125
507.8125
507.8125
507.8125
512.6953
512.6953
512.6953
512.6953
537.1094
537.1094
507.8125
507.8125
468.7500
468.7500
366.2109
366.2109
156.2500
156.2500
0.0000
0.0000
0.0000
0.0000
0.0000
0.0000
0.0000
0.0000
0.0000
0.0000
0.0000
0.0000
0.0000
0.0000
0.0000
0.0000
0.0000
0.0000
0.0000
0.0000
0.0000
0.0000
0.0000
0.0000
0.0000
0.0000
92.7734
92.7734
317.3828
317.3828
507.8125
507.8125
644.5312
644.5312
703.1250
703.1250
678.7109
678.7109
610.3516
610.3516
502.9297
502.9297
405.2734
405.2734
351.5625
351.5625
322.2656
322.2656
351.5625
351.5625
415.0391
415.0391
473.6328
473.6328
527.3437
527.3437
546.8750
546.8750
551.7578
551.7578
566.4062
566.4062
566.4062
566.4062
590.8203
590.8203
576.1719
576.1719
532.2266
532.2266
478.5156
478.5156
327.1484
327.1484
58.5937
58.5937
0.0000
0.0000
0.0000
0.0000
0.0000
0.0000
0.0000
0.0000
0.0000
0.0000
0.0000
0.0000
0.0000
0.0000
0.0000
0.0000
0.0000
0.0000
0.0000
0.0000
0.0000
0.0000
0.0000
0.0000
0.0000
0.0000
107.4219
107.4219
292.9687
292.9687
449.2187
449.2187
556.6406
556.6406
585.9375
585.9375
581.0547
581.0547
561.5234
561.5234
512.6953
512.6953
468.7500
468.7500
415.0391
415.0391
400.3906
400.3906
434.5703
434.5703
463.8672
463.8672
498.0469
498.0469
502.9297
502.9297
488.2812
488.2812
502.9297
502.9297
532.2266
532.2266
566.4062
566.4062
581.0547
581.0547
551.7578
551.7578
507.8125
507.8125
400.3906
400.3906
200.1953
200.1953
0.0000
0.0000
0.0000
0.0000
0.0000
0.0000
0.0000
0.0000
0.0000
0.0000
0.0000
0.0000
0.0000
0.0000
0.0000
0.0000
0.0000
0.0000
0.0000
0.0000
0.0000
0.0000
0.0000
0.0000
87.8906
87.8906
283.2031
283.2031
463.8672
463.8672
620.1172
620.1172
717.7734
717.7734
722.6562
722.6562
668.9453
668.9453
590.8203
590.8203
488.2812
488.2812
439.4531
439.4531
405.2734
405.2734
405.2734
405.2734
439.4531
439.4531
478.5156
478.5156
527.3437
527.3437
571.2891
571.2891
566.4062
566.4062
566.4062
566.4062
566.4062
566.4062
590.8203
590.8203
566.4062
566.4062
493.1641
493.1641
336.9141
336.9141
68.3594
68.3594
0.0000
0.0000
0.0000
0.0000
0.0000
0.0000
0.0000
0.0000
0.0000
0.0000
0.0000
0.0000
0.0000
0.0000
0.0000
0.0000
0.0000
0.0000
0.0000
0.0000
0.0000
0.0000
0.0000
0.0000
0.0000
0.0000
39.0625
39.0625
239.2578
239.2578
395.5078
395.5078
532.2266
532.2266
610.3516
610.3516
605.4687
605.4687
541.9922
541.9922
463.8672
463.8672
390.6250
390.6250
366.2109
366.2109
346.6797
346.6797
351.5625
351.5625
375.9766
375.9766
410.1562
410.1562
463.8672
463.8672
502.9297
507.8125
507.8125
517.5781
517.5781
522.4609
522.4609
532.2266
532.2266
556.6406
556.6406
551.7578
551.7578
522.4609
522.4609
395.5078
395.5078
166.0156
166.0156
0.0000
0.0000
0.0000
0.0000
0.0000
0.0000
0.0000
0.0000
0.0000
0.0000
0.0000
0.0000
0.0000
0.0000
0.0000
0.0000
0.0000
0.0000
0.0000
0.0000
0.0000
0.0000
0.0000
0.0000
0.0000
0.0000
24.4141
24.4141
239.2578
239.2578
424.8047
424.8047
571.2891
571.2891
634.7656
634.7656
610.3516
610.3516
541.9922
541.9922
434.5703
434.5703
361.3281
361.3281
327.1484
327.1484
312.5000
312.5000
341.7969
341.7969
390.6250
390.6250
439.4531
439.4531
493.1641
493.1641
507.8125
507.8125
522.4609
522.4609
507.8125
507.8125
507.8125
507.8125
522.4609
522.4609
512.6953
512.6953
478.5156
478.5156
371.0937
371.0937
141.6016
141.6016
0.0000
0.0000
0.0000
0.0000
0.0000
0.0000
0.0000
0.0000
0.0000
0.0000
0.0000
0.0000
0.0000
0.0000
0.0000
0.0000
0.0000
0.0000
0.0000
0.0000
0.0000
0.0000
0.0000
0.0000
0.0000
0.0000
0.0000
0.0000
185.5469
185.5469
351.5625
351.5625
493.1641
493.1641
595.7031
595.7031
605.4687
605.4687
595.7031
595.7031
532.2266
532.2266
468.7500
468.7500
424.8047
424.8047
390.6250
390.6250
366.2109
366.2109
375.9766
375.9766
390.6250
390.6250
439.4531
439.4531
478.5156
478.5156
498.0469
498.0469
507.8125
507.8125
522.4609
522.4609
546.8750
546.8750
561.5234
561.5234
541.9922
541.9922
488.2812
488.2812
341.7969
341.7969
102.5391
102.5391
0.0000
0.0000
0.0000
0.0000
0.0000
0.0000
0.0000
0.0000
0.0000
0.0000
0.0000
0.0000
0.0000
0.0000
0.0000
0.0000
0.0000
0.0000
0.0000
0.0000
0.0000
0.0000
0.0000
0.0000
0.0000
0.0000
43.9453
43.9453
253.9062
253.9062
434.5703
434.5703
571.2891
571.2891
625.0000
625.0000
590.8203
590.8203
522.4609
522.4609
444.3359
444.3359
390.6250
390.6250
366.2109
366.2109
366.2109
366.2109
390.6250
390.6250
410.1562
410.1562
454.1016
454.1016
488.2812
488.2812
507.8125
507.8125
527.3437
527.3437
512.6953
512.6953
517.5781
517.5781
532.2266
532.2266
532.2266
532.2266
532.2266
532.2266
488.2812
488.2812
341.7969
341.7969
107.4219
107.4219
0.0000
0.0000
0.0000
0.0000
0.0000
0.0000
0.0000
0.0000
0.0000
0.0000
0.0000
0.0000
0.0000
0.0000
0.0000
0.0000
0.0000
0.0000
0.0000
0.0000
0.0000
0.0000
0.0000
0.0000
102.5391
102.5391
278.3203
278.3203
444.3359
444.3359
615.2344
615.2344
722.6562
722.6562
761.7187
761.7187
742.1875
742.1875
664.0625
664.0625
585.9375
585.9375
502.9297
502.9297
444.3359
444.3359
410.1562
410.1562
395.5078
395.5078
439.4531
439.4531
498.0469
498.0469
556.6406
556.6406
590.8203
590.8203
590.8203
590.8203
590.8203
590.8203
585.9375
585.9375
581.0547
581.0547
556.6406
556.6406
463.8672
463.8672
268.5547
268.5547
19.5312
19.5312
0.0000
0.0000
0.0000
0.0000
0.0000
0.0000
0.0000
0.0000
0.0000
0.0000
0.0000
0.0000
0.0000
0.0000
0.0000
0.0000
0.0000
0.0000
0.0000
0.0000
0.0000
0.0000
0.0000
0.0000
0.0000
0.0000
146.4844
146.4844
312.5000
312.5000
483.3984
483.3984
576.1719
576.1719
610.3516
610.3516
571.2891
571.2891
493.1641
493.1641
410.1562
410.1562
375.9766
375.9766
356.4453
356.4453
361.3281
361.3281
375.9766
375.9766
415.0391
415.0391
468.7500
468.7500
502.9297
502.9297
522.4609
522.4609
512.6953
512.6953
507.8125
507.8125
522.4609
522.4609
532.2266
532.2266
532.2266
532.2266
498.0469
498.0469
400.3906
400.3906
185.5469
185.5469
0.0000
0.0000
0.0000
0.0000
0.0000
0.0000
0.0000
0.0000
0.0000
0.0000
0.0000
0.0000
0.0000
0.0000
0.0000
0.0000
0.0000
0.0000
0.0000
0.0000
0.0000
0.0000
0.0000
0.0000
0.0000
0.0000
136.7187
136.7187
312.5000
312.5000
507.8125
507.8125
634.7656
634.7656
688.4766
688.4766
688.4766
688.4766
629.8828
629.8828
527.3437
527.3437
449.2187
449.2187
400.3906
400.3906
385.7422
385.7422
385.7422
385.7422
405.2734
405.2734
444.3359
444.3359
493.1641
493.1641
532.2266
532.2266
551.7578
551.7578
532.2266
532.2266
537.1094
537.1094
537.1094
537.1094
537.1094
537.1094
458.9844
458.9844
278.3203
278.3203
34.1797
34.1797
0.0000
0.0000
0.0000
0.0000
0.0000
0.0000
0.0000
0.0000
0.0000
0.0000
0.0000
0.0000
0.0000
0.0000
0.0000
0.0000
0.0000
0.0000
0.0000
0.0000
0.0000
0.0000
0.0000
0.0000
0.0000
0.0000
214.8437
214.8437
371.0937
371.0937
517.5781
517.5781
615.2344
615.2344
654.2969
654.2969
629.8828
629.8828
556.6406
556.6406
458.9844
458.9844
395.5078
395.5078
356.4453
356.4453
361.3281
361.3281
371.0937
371.0937
390.6250
390.6250
419.9219
419.9219
463.8672
463.8672
498.0469
498.0469
512.6953
512.6953
522.4609
522.4609
537.1094
537.1094
537.1094
537.1094
527.3437
527.3437
473.6328
473.6328
322.2656
322.2656
63.4766
63.4766
0.0000
0.0000
0.0000
0.0000
0.0000
0.0000
0.0000
0.0000
0.0000
0.0000
0.0000
0.0000
0.0000
0.0000
0.0000
0.0000
0.0000
0.0000
0.0000
0.0000
0.0000
0.0000
0.0000
0.0000
0.0000
0.0000
0.0000
0.0000
102.5391
102.5391
268.5547
268.5547
424.8047
424.8047
507.8125
507.8125
522.4609
522.4609
498.0469
498.0469
400.3906
400.3906
322.2656
322.2656
278.3203
278.3203
273.4375
273.4375
292.9687
292.9687
327.1484
327.1484
351.5625
351.5625
400.3906
400.3906
439.4531
439.4531
458.9844
458.9844
478.5156
478.5156
468.7500
468.7500
478.5156
478.5156
493.1641
493.1641
517.5781
517.5781
493.1641
493.1641
405.2734
405.2734
170.8984
170.8984
0.0000
0.0000
0.0000
0.0000
0.0000
0.0000
0.0000
0.0000
0.0000
0.0000
0.0000
0.0000
0.0000
0.0000
0.0000
0.0000
0.0000
0.0000
0.0000
0.0000
0.0000
0.0000
0.0000
0.0000
0.0000
0.0000
0.0000
0.0000
112.3047
112.3047
278.3203
278.3203
424.8047
424.8047
512.6953
512.6953
541.9922
541.9922
502.9297
502.9297
415.0391
415.0391
356.4453
356.4453
327.1484
327.1484
317.3828
317.3828
346.6797
346.6797
361.3281
361.3281
390.6250
390.6250
434.5703
434.5703
458.9844
458.9844
488.2812
488.2812
493.1641
493.1641
493.1641
493.1641
522.4609
522.4609
522.4609
522.4609
502.9297
502.9297
454.1016
454.1016
307.6172
307.6172
78.1250
78.1250
0.0000
0.0000
0.0000
0.0000
0.0000
0.0000
0.0000
0.0000
0.0000
0.0000
0.0000
0.0000
0.0000
0.0000
0.0000
0.0000
0.0000
0.0000
0.0000
0.0000
0.0000
0.0000
0.0000
0.0000
185.5469
185.5469
385.7422
385.7422
541.9922
541.9922
698.2422
698.2422
791.0156
791.0156
805.6641
805.6641
761.7187
761.7187
649.4141
649.4141
556.6406
556.6406
488.2812
488.2812
458.9844
458.9844
478.5156
478.5156
488.2812
488.2812
522.4609
522.4609
556.6406
556.6406
585.9375
585.9375
620.1172
620.1172
615.2344
615.2344
610.3516
610.3516
615.2344
615.2344
605.4687
605.4687
590.8203
590.8203
522.4609
522.4609
366.2109
366.2109
78.1250
78.1250
0.0000
0.0000
0.0000
0.0000
0.0000
0.0000
0.0000
0.0000
0.0000
0.0000
0.0000
0.0000
0.0000
0.0000
0.0000
0.0000
0.0000
0.0000
0.0000
0.0000
0.0000
0.0000
0.0000
0.0000
0.0000
0.0000
68.3594
68.3594
258.7891
258.7891
434.5703
434.5703
561.5234
561.5234
634.7656
634.7656
639.6484
639.6484
561.5234
561.5234
463.8672
463.8672
395.5078
395.5078
361.3281
361.3281
380.8594
380.8594
405.2734
405.2734
415.0391
415.0391
434.5703
434.5703
468.7500
468.7500
502.9297
502.9297
522.4609
522.4609
522.4609
522.4609
527.3437
527.3437
527.3437
527.3437
527.3437
527.3437
502.9297
502.9297
415.0391
415.0391
209.9609
209.9609
0.0000
0.0000
0.0000
0.0000
0.0000
0.0000
0.0000
0.0000
0.0000
0.0000
0.0000
0.0000
0.0000
0.0000
0.0000
0.0000
0.0000
0.0000
0.0000
0.0000
0.0000
0.0000
0.0000
0.0000
0.0000
0.0000
141.6016
141.6016
307.6172
307.6172
468.7500
468.7500
595.7031
595.7031
688.4766
688.4766
727.5391
727.5391
727.5391
727.5391
668.9453
585.9375
585.9375
585.9375
507.8125
507.8125
468.7500
468.7500
439.4531
439.4531
444.3359
444.3359
463.8672
463.8672
502.9297
502.9297
551.7578
551.7578
585.9375
585.9375
615.2344
620.1172
620.1172
620.1172
600.5859
600.5859
566.4062
566.4062
483.3984
483.3984
332.0312
332.0312
92.7734
92.7734
0.0000
0.0000
0.0000
0.0000
0.0000
0.0000
0.0000
0.0000
0.0000
0.0000
0.0000
0.0000
0.0000
0.0000
0.0000
0.0000
0.0000
0.0000
0.0000
0.0000
0.0000
0.0000
0.0000
0.0000
0.0000
0.0000
0.0000
0.0000
161.1328
161.1328
371.0937
371.0937
507.8125
507.8125
595.7031
595.7031
639.6484
639.6484
600.5859
600.5859
512.6953
410.1562
410.1562
336.9141
336.9141
322.2656
322.2656
336.9141
336.9141
371.0937
371.0937
419.9219
419.9219
454.1016
454.1016
488.2812
488.2812
517.5781
517.5781
512.6953
512.6953
512.6953
512.6953
512.6953
512.6953
517.5781
517.5781
517.5781
517.5781
463.8672
463.8672
332.0312
332.0312
68.3594
68.3594
0.0000
0.0000
0.0000
0.0000
0.0000
0.0000
0.0000
0.0000
0.0000
0.0000
0.0000
0.0000
0.0000
0.0000
0.0000
0.0000
0.0000
0.0000
0.0000
0.0000
0.0000
0.0000
0.0000
0.0000
0.0000
0.0000
170.8984
170.8984
336.9141
336.9141
454.1016
454.1016
537.1094
537.1094
590.8203
590.8203
595.7031
595.7031
537.1094
537.1094
463.8672
463.8672
395.5078
395.5078
366.2109
366.2109
375.9766
375.9766
380.8594
380.8594
405.2734
405.2734
434.5703
434.5703
473.6328
473.6328
512.6953
512.6953
537.1094
537.1094
546.8750
546.8750
546.8750
546.8750
541.9922
541.9922
537.1094
537.1094
478.5156
478.5156
317.3828
317.3828
53.7109
53.7109
0.0000
0.0000
0.0000
0.0000
0.0000
0.0000
0.0000
0.0000
0.0000
0.0000
0.0000
0.0000
0.0000
0.0000
0.0000
0.0000
0.0000
0.0000
0.0000
0.0000
0.0000
0.0000
0.0000
0.0000
0.0000
0.0000
39.0625
39.0625
263.6719
263.6719
439.4531
439.4531
551.7578
551.7578
615.2344
615.2344
605.4687
605.4687
541.9922
541.9922
454.1016
454.1016
371.0937
371.0937
317.3828
317.3828
327.1484
327.1484
341.7969
341.7969
385.7422
385.7422
415.0391
415.0391
449.2187
449.2187
488.2812
488.2812
498.0469
498.0469
507.8125
507.8125
507.8125
507.8125
498.0469
498.0469
498.0469
498.0469
468.7500
468.7500
375.9766
375.9766
146.4844
146.4844
0.0000
0.0000
0.0000
0.0000
0.0000
0.0000
0.0000
0.0000
0.0000
0.0000
0.0000
0.0000
0.0000
0.0000
0.0000
0.0000
0.0000
0.0000
0.0000
0.0000
0.0000
0.0000
0.0000
0.0000
0.0000
0.0000
156.2500
156.2500
341.7969
341.7969
498.0469
498.0469
585.9375
585.9375
639.6484
639.6484
668.9453
668.9453
625.0000
625.0000
556.6406
556.6406
468.7500
468.7500
395.5078
395.5078
395.5078
395.5078
415.0391
415.0391
439.4531
439.4531
478.5156
478.5156
498.0469
498.0469
522.4609
522.4609
532.2266
532.2266
537.1094
537.1094
532.2266
532.2266
527.3437
527.3437
527.3437
527.3437
507.8125
507.8125
424.8047
424.8047
214.8437
214.8437
0.0000
0.0000
0.0000
0.0000
0.0000
0.0000
0.0000
0.0000
0.0000
0.0000
0.0000
0.0000
0.0000
0.0000
0.0000
0.0000
0.0000
0.0000
0.0000
0.0000
0.0000
0.0000
0.0000
0.0000
0.0000
0.0000
0.0000
0.0000
24.4141
24.4141
249.0234
249.0234
419.9219
419.9219
512.6953
512.6953
566.4062
566.4062
561.5234
561.5234
493.1641
493.1641
415.0391
415.0391
332.0312
332.0312
297.8516
297.8516
307.6172
307.6172
341.7969
341.7969
390.6250
390.6250
415.0391
415.0391
439.4531
439.4531
468.7500
468.7500
493.1641
493.1641
512.6953
512.6953
527.3437
527.3437
532.2266
532.2266
541.9922
541.9922
522.4609
522.4609
454.1016
454.1016
258.7891
258.7891
0.0000
0.0000
0.0000
0.0000
0.0000
0.0000
0.0000
0.0000
0.0000
0.0000
0.0000
0.0000
0.0000
0.0000
0.0000
0.0000
0.0000
0.0000
0.0000
0.0000
0.0000
0.0000
0.0000
0.0000
0.0000
0.0000
53.7109
53.7109
283.2031
283.2031
493.1641
493.1641
649.4141
649.4141
751.9531
751.9531
795.8984
795.8984
766.6016
766.6016
688.4766
688.4766
566.4062
566.4062
458.9844
458.9844
429.6875
429.6875
424.8047
424.8047
473.6328
473.6328
512.6953
512.6953
532.2266
532.2266
566.4062
566.4062
561.5234
561.5234
581.0547
581.0547
571.2891
571.2891
561.5234
561.5234
551.7578
551.7578
522.4609
522.4609
434.5703
434.5703
219.7266
219.7266
0.0000
0.0000
0.0000
0.0000
0.0000
0.0000
0.0000
0.0000
0.0000
0.0000
0.0000
0.0000
0.0000
0.0000
0.0000
0.0000
0.0000
0.0000
0.0000
0.0000
0.0000
0.0000
0.0000
0.0000
0.0000
0.0000
14.6484
14.6484
239.2578
239.2578
410.1562
410.1562
527.3437
527.3437
585.9375
585.9375
590.8203
590.8203
541.9922
541.9922
483.3984
483.3984
405.2734
405.2734
356.4453
356.4453
346.6797
346.6797
366.2109
366.2109
390.6250
390.6250
429.6875
429.6875
454.1016
454.1016
488.2812
488.2812
527.3437
527.3437
546.8750
546.8750
566.4062
566.4062
576.1719
576.1719
571.2891
571.2891
537.1094
537.1094
454.1016
454.1016
214.8437
214.8437
0.0000
0.0000
0.0000
0.0000
0.0000
0.0000
0.0000
0.0000
0.0000
0.0000
0.0000
0.0000
0.0000
0.0000
0.0000
0.0000
0.0000
0.0000
0.0000
0.0000
0.0000
0.0000
0.0000
0.0000
0.0000
0.0000
122.0703
122.0703
317.3828
317.3828
493.1641
493.1641
605.4687
605.4687
664.0625
664.0625
668.9453
668.9453
625.0000
625.0000
556.6406
556.6406
483.3984
483.3984
410.1562
410.1562
390.6250
390.6250
405.2734
405.2734
444.3359
444.3359
488.2812
488.2812
507.8125
507.8125
537.1094
537.1094
551.7578
551.7578
566.4062
566.4062
576.1719
576.1719
551.7578
551.7578
532.2266
532.2266
493.1641
493.1641
371.0937
371.0937
146.4844
146.4844
0.0000
0.0000
0.0000
0.0000
0.0000
0.0000
0.0000
0.0000
0.0000
0.0000
0.0000
0.0000
0.0000
0.0000
0.0000
0.0000
0.0000
0.0000
0.0000
0.0000
0.0000
0.0000
0.0000
0.0000
0.0000
0.0000
97.6562
97.6562
327.1484
327.1484
517.5781
517.5781
649.4141
649.4141
698.2422
698.2422
688.4766
688.4766
629.8828
629.8828
546.8750
546.8750
439.4531
439.4531
356.4453
356.4453
332.0312
332.0312
351.5625
351.5625
390.6250
390.6250
444.3359
444.3359
473.6328
473.6328
498.0469
498.0469
517.5781
517.5781
541.9922
541.9922
561.5234
561.5234
556.6406
556.6406
527.3437
527.3437
483.3984
483.3984
385.7422
385.7422
170.8984
170.8984
0.0000
0.0000
0.0000
0.0000
0.0000
0.0000
0.0000
0.0000
0.0000
0.0000
0.0000
0.0000
0.0000
0.0000
0.0000
0.0000
0.0000
0.0000
0.0000
0.0000
0.0000
0.0000
0.0000
0.0000
0.0000
0.0000
19.5312
19.5312
214.8437
214.8437
390.6250
390.6250
522.4609
522.4609
581.0547
581.0547
590.8203
590.8203
556.6406
556.6406
502.9297
502.9297
444.3359
444.3359
375.9766
375.9766
351.5625
351.5625
361.3281
361.3281
385.7422
385.7422
439.4531
439.4531
458.9844
458.9844
473.6328
473.6328
483.3984
483.3984
493.1641
493.1641
512.6953
512.6953
522.4609
522.4609
502.9297
502.9297
458.9844
458.9844
322.2656
322.2656
97.6562
97.6562
0.0000
0.0000
0.0000
0.0000
0.0000
0.0000
0.0000
0.0000
0.0000
0.0000
0.0000
0.0000
0.0000
0.0000
0.0000
0.0000
0.0000
0.0000
0.0000
0.0000
0.0000
0.0000
0.0000
0.0000
0.0000
0.0000
24.4141
24.4141
224.6094
224.6094
410.1562
410.1562
566.4062
566.4062
634.7656
634.7656
615.2344
615.2344
546.8750
546.8750
458.9844
458.9844
390.6250
390.6250
351.5625
351.5625
327.1484
327.1484
336.9141
336.9141
371.0937
371.0937
429.6875
429.6875
463.8672
463.8672
488.2812
488.2812
507.8125
507.8125
522.4609
522.4609
541.9922
541.9922
556.6406
556.6406
517.5781
517.5781
468.7500
468.7500
361.3281
361.3281
146.4844
146.4844
0.0000
0.0000
0.0000
0.0000
0.0000
0.0000
0.0000
0.0000
0.0000
0.0000
0.0000
0.0000
0.0000
0.0000
0.0000
0.0000
0.0000
0.0000
0.0000
0.0000
0.0000
0.0000
0.0000
0.0000
0.0000
0.0000
29.2969
29.2969
234.3750
234.3750
424.8047
424.8047
585.9375
585.9375
683.5937
683.5937
712.8906
712.8906
698.2422
698.2422
625.0000
625.0000
556.6406
556.6406
493.1641
493.1641
454.1016
454.1016
444.3359
444.3359
454.1016
454.1016
473.6328
473.6328
502.9297
502.9297
522.4609
522.4609
541.9922
541.9922
541.9922
541.9922
546.8750
546.8750
576.1719
576.1719
576.1719
576.1719
551.7578
551.7578
473.6328
473.6328
302.7344
302.7344
68.3594
68.3594
0.0000
0.0000
0.0000
0.0000
0.0000
0.0000
0.0000
0.0000
0.0000
0.0000
0.0000
0.0000
0.0000
0.0000
0.0000
0.0000
0.0000
0.0000
0.0000
0.0000
0.0000
0.0000
0.0000
0.0000
0.0000
0.0000
63.4766
63.4766
253.9062
253.9062
434.5703
434.5703
571.2891
571.2891
644.5312
644.5312
649.4141
649.4141
600.5859
600.5859
512.6953
512.6953
444.3359
444.3359
361.3281
361.3281
336.9141
336.9141
351.5625
400.3906
400.3906
400.3906
458.9844
458.9844
507.8125
507.8125
541.9922
541.9922
566.4062
