0.0000
0.0000
0.0000
0.0000
0.0000
0.0000
0.0000
0.0000
0.0000
0.0000
0.0000
0.0000
0.0000
0.0000
0.0000
0.0000
0.0000
0.0000
0.0000
0.0000
0.0000
0.0000
0.0000
0.0000
0.0000
0.0000
0.0000
0.0000
136.7187
136.7187
317.3828
317.3828
434.5703
434.5703
507.8125
507.8125
590.8203
590.8203
590.8203
590.8203
644.5312
644.5312
668.9453
668.9453
673.8281
673.8281
683.5937
683.5937
649.4141
649.4141
659.1797
659.1797
727.5391
727.5391
786.1328
786.1328
756.8359
756.8359
527.3437
527.3437
234.3750
234.3750
0.0000
0.0000
0.0000
0.0000
0.0000
0.0000
0.0000
0.0000
0.0000
0.0000
0.0000
0.0000
0.0000
0.0000
0.0000
0.0000
0.0000
0.0000
0.0000
0.0000
0.0000
0.0000
0.0000
0.0000
0.0000
0.0000
0.0000
0.0000
34.1797
34.1797
258.7891
258.7891
454.1016
454.1016
629.8828
629.8828
795.8984
795.8984
913.0859
913.0859
1010.7422
1010.7422
1079.1016
1079.1016
1103.5156
1103.5156
1108.3984
1108.3984
1083.9844
1083.9844
1059.5703
1059.5703
1015.6250
1015.6250
971.6797
971.6797
898.4375
898.4375
849.6094
849.6094
800.7812
800.7812
751.9531
751.9531
747.0703
747.0703
737.3047
737.3047
771.4844
771.4844
620.1172
620.1172
317.3828
317.3828
0.0000
0.0000
0.0000
0.0000
0.0000
0.0000
0.0000
0.0000
0.0000
0.0000
0.0000
0.0000
0.0000
0.0000
0.0000
0.0000
0.0000
0.0000
0.0000
0.0000
0.0000
0.0000
0.0000
0.0000
0.0000
0.0000
0.0000
0.0000
0.0000
0.0000
0.0000
0.0000
0.0000
0.0000
0.0000
0.0000
0.0000
0.0000
68.3594
68.3594
273.4375
273.4375
424.8047
424.8047
566.4062
566.4062
620.1172
620.1172
678.7109
678.7109
717.7734
717.7734
732.4219
732.4219
791.0156
791.0156
795.8984
795.8984
820.3125
820.3125
795.8984
795.8984
805.6641
805.6641
776.3672
776.3672
776.3672
776.3672
815.4297
815.4297
815.4297
815.4297
747.0703
747.0703
458.9844
458.9844
151.3672
151.3672
0.0000
0.0000
0.0000
0.0000
0.0000
0.0000
0.0000
0.0000
0.0000
0.0000
0.0000
0.0000
0.0000
0.0000
0.0000
0.0000
0.0000
0.0000
0.0000
0.0000
0.0000
0.0000
0.0000
0.0000
0.0000
0.0000
0.0000
0.0000
161.1328
161.1328
336.9141
336.9141
571.2891
571.2891
712.8906
712.8906
844.7266
844.7266
952.1484
952.1484
996.0937
996.0937
1059.5703
1059.5703
1069.3359
1069.3359
1113.2812
1113.2812
1079.1016
1079.1016
1083.9844
1083.9844
1040.0391
1040.0391
966.7969
966.7969
913.0859
913.0859
825.1953
825.1953
805.6641
805.6641
786.1328
786.1328
839.8437
839.8437
903.3203
903.3203
849.6094
849.6094
590.8203
590.8203
214.8437
214.8437
0.0000
0.0000
0.0000
0.0000
0.0000
0.0000
0.0000
0.0000
0.0000
0.0000
0.0000
0.0000
0.0000
0.0000
0.0000
0.0000
0.0000
0.0000
0.0000
0.0000
0.0000
0.0000
0.0000
0.0000
0.0000
0.0000
0.0000
0.0000
0.0000
0.0000
0.0000
0.0000
0.0000
0.0000
161.1328
161.1328
366.2109
366.2109
493.1641
493.1641
634.7656
634.7656
703.1250
703.1250
776.3672
776.3672
830.0781
830.0781
859.3750
859.3750
913.0859
913.0859
893.5547
893.5547
874.0234
874.0234
815.4297
815.4297
795.8984
795.8984
747.0703
747.0703
712.8906
712.8906
712.8906
712.8906
703.1250
703.1250
732.4219
732.4219
600.5859
600.5859
341.7969
341.7969
0.0000
0.0000
0.0000
0.0000
0.0000
0.0000
0.0000
0.0000
0.0000
0.0000
0.0000
0.0000
0.0000
0.0000
0.0000
0.0000
0.0000
0.0000
0.0000
0.0000
0.0000
0.0000
0.0000
0.0000
0.0000
0.0000
0.0000
0.0000
0.0000
0.0000
0.0000
0.0000
73.2422
73.2422
278.3203
278.3203
449.2187
449.2187
615.2344
615.2344
722.6562
722.6562
839.8437
839.8437
927.7344
927.7344
981.4453
981.4453
1030.2734
1030.2734
1049.8047
1049.8047
1025.3906
1025.3906
966.7969
966.7969
893.5547
893.5547
844.7266
844.7266
800.7812
800.7812
820.3125
820.3125
815.4297
815.4297
898.4375
898.4375
976.5625
976.5625
971.6797
971.6797
776.3672
776.3672
419.9219
419.9219
92.7734
92.7734
0.0000
0.0000
0.0000
0.0000
0.0000
0.0000
0.0000
0.0000
0.0000
0.0000
0.0000
0.0000
0.0000
0.0000
0.0000
0.0000
0.0000
0.0000
0.0000
0.0000
0.0000
0.0000
0.0000
0.0000
0.0000
0.0000
0.0000
0.0000
0.0000
0.0000
19.5312
19.5312
239.2578
239.2578
371.0937
371.0937
566.4062
566.4062
708.0078
708.0078
830.0781
830.0781
917.9687
917.9687
981.4453
981.4453
1005.8594
1005.8594
1005.8594
1005.8594
1000.9766
1000.9766
952.1484
952.1484
913.0859
913.0859
864.2578
864.2578
800.7812
800.7812
815.4297
815.4297
761.7187
761.7187
727.5391
727.5391
717.7734
717.7734
620.1172
620.1172
429.6875
429.6875
136.7187
136.7187
0.0000
0.0000
0.0000
0.0000
0.0000
0.0000
0.0000
0.0000
0.0000
0.0000
0.0000
0.0000
0.0000
0.0000
0.0000
0.0000
0.0000
0.0000
0.0000
0.0000
0.0000
0.0000
0.0000
0.0000
0.0000
0.0000
0.0000
0.0000
0.0000
0.0000
0.0000
0.0000
58.5937
58.5937
263.6719
263.6719
444.3359
444.3359
581.0547
581.0547
751.9531
751.9531
844.7266
844.7266
957.0312
957.0312
996.0937
996.0937
1010.7422
1010.7422
966.7969
966.7969
908.2031
908.2031
859.3750
859.3750
791.0156
791.0156
810.5469
810.5469
800.7812
800.7812
844.7266
844.7266
834.9609
834.9609
854.4922
854.4922
913.0859
913.0859
883.7891
883.7891
712.8906
712.8906
395.5078
395.5078
39.0625
39.0625
0.0000
0.0000
0.0000
0.0000
0.0000
0.0000
0.0000
0.0000
0.0000
0.0000
0.0000
0.0000
0.0000
0.0000
0.0000
0.0000
0.0000
0.0000
0.0000
0.0000
0.0000
0.0000
0.0000
0.0000
0.0000
0.0000
0.0000
0.0000
0.0000
0.0000
0.0000
0.0000
43.9453
43.9453
302.7344
302.7344
463.8672
463.8672
634.7656
634.7656
732.4219
732.4219
805.6641
805.6641
854.4922
854.4922
854.4922
854.4922
878.9062
878.9062
878.9062
878.9062
903.3203
903.3203
888.6719
888.6719
888.6719
888.6719
888.6719
888.6719
864.2578
864.2578
869.1406
869.1406
815.4297
815.4297
830.0781
830.0781
854.4922
854.4922
820.3125
820.3125
615.2344
615.2344
249.0234
249.0234
0.0000
0.0000
0.0000
0.0000
0.0000
0.0000
0.0000
0.0000
0.0000
0.0000
0.0000
0.0000
0.0000
0.0000
0.0000
0.0000
0.0000
0.0000
0.0000
0.0000
0.0000
0.0000
0.0000
0.0000
0.0000
0.0000
0.0000
0.0000
0.0000
0.0000
73.2422
73.2422
219.7266
219.7266
449.2187
449.2187
585.9375
585.9375
761.7187
761.7187
883.7891
883.7891
986.3281
986.3281
1035.1562
1035.1562
1020.5078
1020.5078
981.4453
981.4453
903.3203
903.3203
878.9062
878.9062
839.8437
839.8437
854.4922
854.4922
878.9062
878.9062
883.7891
883.7891
893.5547
893.5547
888.6719
888.6719
922.8516
922.8516
996.0937
996.0937
1010.7422
1010.7422
869.1406
869.1406
527.3437
527.3437
107.4219
107.4219
0.0000
0.0000
0.0000
0.0000
0.0000
0.0000
0.0000
0.0000
0.0000
0.0000
0.0000
0.0000
0.0000
0.0000
0.0000
0.0000
0.0000
0.0000
0.0000
0.0000
0.0000
0.0000
0.0000
0.0000
0.0000
0.0000
0.0000
0.0000
0.0000
0.0000
0.0000
0.0000
0.0000
0.0000
107.4219
107.4219
268.5547
268.5547
468.7500
468.7500
571.2891
571.2891
717.7734
717.7734
815.4297
815.4297
888.6719
888.6719
952.1484
952.1484
976.5625
976.5625
991.2109
991.2109
961.9141
961.9141
917.9687
917.9687
864.2578
864.2578
825.1953
825.1953
810.5469
810.5469
791.0156
791.0156
810.5469
810.5469
839.8437
839.8437
844.7266
844.7266
664.0625
664.0625
302.7344
302.7344
0.0000
0.0000
0.0000
0.0000
0.0000
0.0000
0.0000
0.0000
0.0000
0.0000
0.0000
0.0000
0.0000
0.0000
0.0000
0.0000
0.0000
0.0000
0.0000
0.0000
0.0000
0.0000
0.0000
0.0000
0.0000
0.0000
0.0000
0.0000
0.0000
0.0000
0.0000
0.0000
0.0000
0.0000
146.4844
146.4844
332.0312
332.0312
546.8750
546.8750
712.8906
712.8906
800.7812
800.7812
854.4922
854.4922
849.6094
849.6094
859.3750
849.6094
849.6094
854.4922
854.4922
888.6719
888.6719
878.9062
878.9062
878.9062
903.3203
903.3203
874.0234
874.0234
888.6719
888.6719
878.9062
878.9062
893.5547
932.6172
932.6172
1015.6250
1015.6250
1000.9766
1000.9766
761.7187
761.7187
449.2187
449.2187
449.2187
63.4766
63.4766
0.0000
0.0000
0.0000
0.0000
0.0000
0.0000
0.0000
0.0000
0.0000
0.0000
0.0000
0.0000
0.0000
0.0000
0.0000
0.0000
0.0000
0.0000
0.0000
0.0000
0.0000
0.0000
0.0000
0.0000
0.0000
0.0000
0.0000
0.0000
0.0000
0.0000
0.0000
14.6484
14.6484
253.9062
253.9062
253.9062
478.5156
644.5312
644.5312
791.0156
791.0156
874.0234
874.0234
927.7344
927.7344
961.9141
961.9141
942.3828
942.3828
942.3828
942.3828
913.0859
913.0859
893.5547
893.5547
869.1406
869.1406
878.9062
878.9062
883.7891
883.7891
854.4922
854.4922
849.6094
849.6094
795.8984
795.8984
839.8437
839.8437
820.3125
820.3125
683.5937
683.5937
415.0391
415.0391
48.8281
48.8281
0.0000
0.0000
0.0000
0.0000
0.0000
0.0000
0.0000
0.0000
0.0000
0.0000
0.0000
0.0000
0.0000
0.0000
0.0000
0.0000
0.0000
0.0000
0.0000
0.0000
0.0000
0.0000
0.0000
0.0000
0.0000
0.0000
0.0000
0.0000
68.3594
68.3594
341.7969
341.7969
507.8125
507.8125
678.7109
678.7109
742.1875
742.1875
820.3125
820.3125
839.8437
839.8437
869.1406
869.1406
898.4375
898.4375
903.3203
903.3203
927.7344
927.7344
908.2031
908.2031
903.3203
903.3203
874.0234
874.0234
849.6094
849.6094
839.8437
839.8437
820.3125
820.3125
834.9609
834.9609
839.8437
839.8437
932.6172
932.6172
976.5625
976.5625
844.7266
844.7266
566.4062
566.4062
161.1328
161.1328
0.0000
0.0000
0.0000
0.0000
0.0000
0.0000
0.0000
0.0000
0.0000
0.0000
0.0000
0.0000
0.0000
0.0000
0.0000
0.0000
0.0000
0.0000
0.0000
0.0000
0.0000
0.0000
0.0000
0.0000
0.0000
0.0000
0.0000
0.0000
0.0000
0.0000
0.0000
0.0000
122.0703
122.0703
346.6797
346.6797
512.6953
512.6953
615.2344
615.2344
737.3047
737.3047
771.4844
771.4844
849.6094
849.6094
854.4922
854.4922
874.0234
874.0234
888.6719
888.6719
859.3750
859.3750
849.6094
849.6094
800.7812
800.7812
830.0781
830.0781
800.7812
800.7812
830.0781
830.0781
825.1953
825.1953
800.7812
800.7812
781.2500
781.2500
605.4687
605.4687
268.5547
268.5547
0.0000
0.0000
0.0000
0.0000
0.0000
0.0000
0.0000
0.0000
0.0000
0.0000
0.0000
0.0000
0.0000
0.0000
0.0000
0.0000
0.0000
0.0000
0.0000
0.0000
0.0000
0.0000
0.0000
0.0000
0.0000
0.0000
0.0000
0.0000
0.0000
0.0000
0.0000
0.0000
0.0000
0.0000
131.8359
131.8359
263.6719
263.6719
415.0391
415.0391
512.6953
512.6953
654.2969
654.2969
771.4844
771.4844
825.1953
825.1953
878.9062
878.9062
859.3750
859.3750
883.7891
883.7891
864.2578
864.2578
859.3750
859.3750
874.0234
874.0234
883.7891
883.7891
922.8516
922.8516
913.0859
913.0859
976.5625
976.5625
1025.3906
1025.3906
1093.7500
1093.7500
996.0937
996.0937
756.8359
756.8359
400.3906
400.3906
0.0000
0.0000
0.0000
0.0000
0.0000
0.0000
0.0000
0.0000
0.0000
0.0000
0.0000
0.0000
0.0000
0.0000
0.0000
0.0000
0.0000
0.0000
0.0000
0.0000
0.0000
0.0000
0.0000
0.0000
0.0000
0.0000
0.0000
0.0000
0.0000
0.0000
122.0703
122.0703
327.1484
327.1484
473.6328
473.6328
673.8281
673.8281
805.6641
805.6641
937.5000
937.5000
1020.5078
1020.5078
1069.3359
1069.3359
1054.6875
1054.6875
1049.8047
1049.8047
1015.6250
1015.6250
991.2109
991.2109
961.9141
961.9141
937.5000
937.5000
922.8516
922.8516
908.2031
908.2031
888.6719
888.6719
878.9062
878.9062
859.3750
859.3750
849.6094
849.6094
742.1875
742.1875
444.3359
444.3359
102.5391
102.5391
0.0000
0.0000
0.0000
0.0000
0.0000
0.0000
0.0000
0.0000
0.0000
0.0000
0.0000
0.0000
0.0000
0.0000
0.0000
0.0000
0.0000
0.0000
0.0000
0.0000
0.0000
0.0000
0.0000
0.0000
0.0000
0.0000
0.0000
0.0000
0.0000
0.0000
0.0000
0.0000
0.0000
0.0000
146.4844
146.4844
341.7969
341.7969
541.9922
541.9922
678.7109
678.7109
810.5469
810.5469
849.6094
849.6094
883.7891
883.7891
854.4922
854.4922
839.8437
839.8437
834.9609
834.9609
834.9609
834.9609
869.1406
869.1406
869.1406
869.1406
893.5547
893.5547
869.1406
869.1406
854.4922
854.4922
859.3750
859.3750
927.7344
927.7344
976.5625
976.5625
864.2578
864.2578
537.1094
537.1094
122.0703
122.0703
0.0000
0.0000
0.0000
0.0000
0.0000
0.0000
0.0000
0.0000
0.0000
0.0000
0.0000
0.0000
0.0000
0.0000
0.0000
0.0000
0.0000
0.0000
0.0000
0.0000
0.0000
0.0000
0.0000
0.0000
0.0000
0.0000
0.0000
0.0000
0.0000
0.0000
0.0000
0.0000
48.8281
48.8281
258.7891
258.7891
473.6328
473.6328
610.3516
610.3516
732.4219
732.4219
820.3125
820.3125
859.3750
859.3750
913.0859
913.0859
898.4375
898.4375
937.5000
937.5000
922.8516
922.8516
927.7344
927.7344
893.5547
893.5547
854.4922
854.4922
839.8437
839.8437
791.0156
791.0156
805.6641
805.6641
800.7812
800.7812
781.2500
781.2500
581.0547
581.0547
234.3750
234.3750
0.0000
0.0000
0.0000
0.0000
0.0000
0.0000
0.0000
0.0000
0.0000
0.0000
0.0000
0.0000
0.0000
0.0000
0.0000
0.0000
0.0000
0.0000
0.0000
0.0000
0.0000
0.0000
0.0000
0.0000
0.0000
0.0000
0.0000
0.0000
0.0000
0.0000
0.0000
0.0000
0.0000
0.0000
97.6562
97.6562
263.6719
263.6719
493.1641
493.1641
654.2969
654.2969
776.3672
776.3672
859.3750
859.3750
903.3203
903.3203
932.6172
932.6172
927.7344
927.7344
922.8516
922.8516
937.5000
937.5000
908.2031
908.2031
908.2031
908.2031
878.9062
878.9062
908.2031
908.2031
878.9062
878.9062
908.2031
908.2031
1005.8594
1005.8594
1079.1016
1079.1016
1030.2734
1030.2734
737.3047
737.3047
366.2109
366.2109
0.0000
0.0000
0.0000
0.0000
0.0000
0.0000
0.0000
0.0000
0.0000
0.0000
0.0000
0.0000
0.0000
0.0000
0.0000
0.0000
0.0000
0.0000
0.0000
0.0000
0.0000
0.0000
0.0000
0.0000
0.0000
0.0000
0.0000
0.0000
0.0000
0.0000
0.0000
0.0000
170.8984
170.8984
312.5000
312.5000
463.8672
463.8672
610.3516
610.3516
703.1250
703.1250
815.4297
815.4297
878.9062
878.9062
952.1484
952.1484
966.7969
966.7969
986.3281
986.3281
981.4453
981.4453
947.2656
947.2656
927.7344
927.7344
888.6719
888.6719
864.2578
864.2578
849.6094
849.6094
820.3125
820.3125
810.5469
810.5469
805.6641
805.6641
751.9531
751.9531
537.1094
537.1094
234.3750
234.3750
0.0000
0.0000
0.0000
0.0000
0.0000
0.0000
0.0000
0.0000
0.0000
0.0000
0.0000
0.0000
0.0000
0.0000
0.0000
0.0000
0.0000
0.0000
0.0000
0.0000
0.0000
0.0000
0.0000
0.0000
0.0000
0.0000
0.0000
0.0000
0.0000
0.0000
0.0000
0.0000
83.0078
83.0078
307.6172
307.6172
463.8672
463.8672
644.5312
644.5312
766.6016
766.6016
864.2578
864.2578
917.9687
917.9687
913.0859
913.0859
917.9687
917.9687
883.7891
883.7891
893.5547
893.5547
869.1406
869.1406
874.0234
874.0234
869.1406
869.1406
869.1406
869.1406
869.1406
869.1406
830.0781
830.0781
815.4297
815.4297
839.8437
839.8437
849.6094
849.6094
698.2422
698.2422
415.0391
415.0391
58.5937
58.5937
0.0000
0.0000
0.0000
0.0000
0.0000
0.0000
0.0000
0.0000
0.0000
0.0000
0.0000
0.0000
0.0000
0.0000
0.0000
0.0000
0.0000
0.0000
0.0000
0.0000
0.0000
0.0000
0.0000
0.0000
0.0000
0.0000
0.0000
0.0000
0.0000
0.0000
0.0000
0.0000
9.7656
9.7656
190.4297
190.4297
385.7422
385.7422
551.7578
551.7578
678.7109
678.7109
786.1328
786.1328
844.7266
844.7266
874.0234
874.0234
878.9062
878.9062
883.7891
883.7891
917.9687
917.9687
913.0859
913.0859
917.9687
917.9687
874.0234
874.0234
844.7266
844.7266
781.2500
781.2500
742.1875
742.1875
786.1328
786.1328
771.4844
771.4844
654.2969
654.2969
292.9687
292.9687
0.0000
0.0000
0.0000
0.0000
0.0000
0.0000
0.0000
0.0000
0.0000
0.0000
0.0000
0.0000
0.0000
0.0000
0.0000
0.0000
0.0000
0.0000
0.0000
0.0000
0.0000
0.0000
0.0000
0.0000
0.0000
0.0000
0.0000
0.0000
0.0000
0.0000
0.0000
0.0000
0.0000
0.0000
180.6641
180.6641
371.0937
371.0937
532.2266
532.2266
668.9453
668.9453
732.4219
732.4219
805.6641
805.6641
825.1953
825.1953
844.7266
844.7266
854.4922
854.4922
864.2578
864.2578
908.2031
908.2031
922.8516
922.8516
908.2031
908.2031
893.5547
893.5547
859.3750
859.3750
825.1953
825.1953
830.0781
830.0781
917.9687
917.9687
903.3203
903.3203
732.4219
732.4219
419.9219
419.9219
9.7656
9.7656
0.0000
0.0000
0.0000
0.0000
0.0000
0.0000
0.0000
0.0000
0.0000
0.0000
0.0000
0.0000
0.0000
0.0000
0.0000
0.0000
0.0000
0.0000
0.0000
0.0000
0.0000
0.0000
0.0000
0.0000
0.0000
0.0000
0.0000
0.0000
0.0000
0.0000
0.0000
126.9531
126.9531
341.7969
341.7969
444.3359
444.3359
444.3359
605.4687
605.4687
683.5937
683.5937
747.0703
747.0703
820.3125
839.8437
839.8437
908.2031
908.2031
917.9687
917.9687
957.0312
957.0312
917.9687
917.9687
917.9687
883.7891
844.7266
844.7266
786.1328
786.1328
786.1328
786.1328
766.6016
766.6016
834.9609
834.9609
805.6641
805.6641
585.9375
585.9375
239.2578
239.2578
0.0000
0.0000
0.0000
0.0000
0.0000
0.0000
0.0000
0.0000
0.0000
0.0000
0.0000
0.0000
0.0000
0.0000
0.0000
0.0000
0.0000
0.0000
0.0000
0.0000
0.0000
0.0000
0.0000
0.0000
0.0000
0.0000
0.0000
0.0000
0.0000
0.0000
34.1797
34.1797
249.0234
249.0234
390.6250
390.6250
532.2266
532.2266
629.8828
629.8828
732.4219
732.4219
825.1953
825.1953
878.9062
878.9062
913.0859
913.0859
927.7344
927.7344
937.5000
937.5000
947.2656
947.2656
922.8516
922.8516
908.2031
908.2031
854.4922
854.4922
830.0781
830.0781
766.6016
766.6016
805.6641
805.6641
854.4922
854.4922
786.1328
786.1328
532.2266
532.2266
185.5469
185.5469
0.0000
0.0000
0.0000
0.0000
0.0000
0.0000
0.0000
0.0000
0.0000
0.0000
0.0000
0.0000
0.0000
0.0000
0.0000
0.0000
0.0000
0.0000
0.0000
0.0000
0.0000
0.0000
0.0000
0.0000
0.0000
0.0000
0.0000
0.0000
0.0000
0.0000
0.0000
0.0000
0.0000
0.0000
92.7734
92.7734
234.3750
234.3750
405.2734
405.2734
566.4062
566.4062
693.3594
693.3594
800.7812
800.7812
878.9062
878.9062
922.8516
922.8516
957.0312
957.0312
957.0312
957.0312
957.0312
957.0312
927.7344
927.7344
878.9062
878.9062
830.0781
830.0781
791.0156
791.0156
795.8984
795.8984
771.4844
771.4844
825.1953
825.1953
854.4922
854.4922
756.8359
756.8359
405.2734
405.2734
0.0000
0.0000
0.0000
0.0000
0.0000
0.0000
0.0000
0.0000
0.0000
0.0000
0.0000
0.0000
0.0000
0.0000
0.0000
0.0000
0.0000
0.0000
0.0000
0.0000
0.0000
0.0000
0.0000
0.0000
0.0000
0.0000
0.0000
0.0000
0.0000
0.0000
0.0000
0.0000
0.0000
0.0000
34.1797
34.1797
239.2578
239.2578
400.3906
400.3906
576.1719
576.1719
683.5937
683.5937
786.1328
786.1328
864.2578
864.2578
883.7891
883.7891
878.9062
878.9062
849.6094
849.6094
854.4922
854.4922
834.9609
834.9609
849.6094
849.6094
869.1406
869.1406
869.1406
869.1406
878.9062
878.9062
874.0234
874.0234
908.2031
908.2031
966.7969
966.7969
888.6719
888.6719
634.7656
634.7656
253.9062
253.9062
0.0000
0.0000
0.0000
0.0000
0.0000
0.0000
0.0000
0.0000
0.0000
0.0000
0.0000
0.0000
0.0000
0.0000
0.0000
0.0000
0.0000
0.0000
0.0000
0.0000
0.0000
0.0000
0.0000
0.0000
0.0000
0.0000
0.0000
0.0000
0.0000
0.0000
0.0000
0.0000
43.9453
43.9453
263.6719
263.6719
458.9844
458.9844
605.4687
605.4687
776.3672
776.3672
864.2578
864.2578
942.3828
942.3828
957.0312
957.0312
986.3281
986.3281
976.5625
976.5625
981.4453
981.4453
961.9141
961.9141
922.8516
922.8516
908.2031
908.2031
878.9062
878.9062
878.9062
878.9062
859.3750
859.3750
888.6719
888.6719
927.7344
927.7344
917.9687
917.9687
712.8906
712.8906
327.1484
327.1484
0.0000
0.0000
0.0000
0.0000
0.0000
0.0000
0.0000
0.0000
0.0000
0.0000
0.0000
0.0000
0.0000
0.0000
0.0000
0.0000
0.0000
0.0000
0.0000
0.0000
0.0000
0.0000
0.0000
0.0000
0.0000
0.0000
0.0000
0.0000
0.0000
0.0000
0.0000
0.0000
0.0000
0.0000
170.8984
170.8984
361.3281
361.3281
532.2266
532.2266
668.9453
668.9453
771.4844
771.4844
825.1953
825.1953
839.8437
839.8437
839.8437
839.8437
854.4922
854.4922
839.8437
839.8437
878.9062
878.9062
874.0234
874.0234
878.9062
878.9062
878.9062
878.9062
844.7266
844.7266
830.0781
830.0781
805.6641
805.6641
878.9062
878.9062
874.0234
874.0234
771.4844
771.4844
468.7500
468.7500
102.5391
102.5391
0.0000
0.0000
0.0000
0.0000
0.0000
0.0000
0.0000
0.0000
0.0000
0.0000
0.0000
0.0000
0.0000
0.0000
0.0000
0.0000
0.0000
0.0000
0.0000
0.0000
0.0000
0.0000
0.0000
0.0000
0.0000
0.0000
0.0000
0.0000
0.0000
0.0000
0.0000
0.0000
180.6641
180.6641
405.2734
405.2734
541.9922
541.9922
708.0078
708.0078
805.6641
805.6641
893.5547
893.5547
947.2656
947.2656
976.5625
976.5625
1005.8594
1005.8594
1010.7422
1010.7422
1005.8594
1005.8594
966.7969
966.7969
913.0859
913.0859
878.9062
878.9062
844.7266
844.7266
839.8437
839.8437
834.9609
834.9609
854.4922
854.4922
913.0859
913.0859
834.9609
834.9609
571.2891
571.2891
146.4844
146.4844
0.0000
0.0000
0.0000
0.0000
0.0000
0.0000
0.0000
0.0000
0.0000
0.0000
0.0000
0.0000
0.0000
0.0000
0.0000
0.0000
0.0000
0.0000
0.0000
0.0000
0.0000
0.0000
0.0000
0.0000
0.0000
0.0000
0.0000
0.0000
0.0000
0.0000
0.0000
0.0000
9.7656
9.7656
209.9609
209.9609
395.5078
395.5078
517.5781
517.5781
673.8281
673.8281
761.7187
761.7187
864.2578
864.2578
869.1406
869.1406
908.2031
908.2031
893.5547
893.5547
874.0234
874.0234
878.9062
878.9062
834.9609
834.9609
839.8437
839.8437
820.3125
820.3125
820.3125
820.3125
791.0156
791.0156
786.1328
786.1328
844.7266
844.7266
878.9062
878.9062
722.6562
722.6562
419.9219
419.9219
19.5312
19.5312
0.0000
0.0000
0.0000
0.0000
0.0000
0.0000
0.0000
0.0000
0.0000
0.0000
0.0000
0.0000
0.0000
0.0000
0.0000
0.0000
0.0000
0.0000
0.0000
0.0000
0.0000
0.0000
0.0000
0.0000
0.0000
0.0000
0.0000
0.0000
0.0000
0.0000
0.0000
0.0000
78.1250
78.1250
297.8516
297.8516
488.2812
488.2812
673.8281
673.8281
815.4297
815.4297
913.0859
913.0859
976.5625
976.5625
991.2109
991.2109
996.0937
996.0937
957.0312
957.0312
947.2656
947.2656
922.8516
922.8516
908.2031
908.2031
913.0859
913.0859
898.4375
898.4375
927.7344
927.7344
888.6719
888.6719
917.9687
917.9687
908.2031
908.2031
795.8984
795.8984
522.4609
522.4609
141.6016
141.6016
0.0000
0.0000
0.0000
0.0000
0.0000
0.0000
0.0000
0.0000
0.0000
0.0000
0.0000
0.0000
0.0000
0.0000
0.0000
0.0000
0.0000
0.0000
0.0000
0.0000
0.0000
0.0000
0.0000
0.0000
0.0000
0.0000
0.0000
0.0000
0.0000
0.0000
0.0000
0.0000
78.1250
78.1250
312.5000
312.5000
532.2266
532.2266
698.2422
698.2422
830.0781
830.0781
908.2031
908.2031
937.5000
937.5000
942.3828
942.3828
913.0859
913.0859
903.3203
903.3203
898.4375
898.4375
903.3203
903.3203
869.1406
869.1406
874.0234
874.0234
834.9609
834.9609
815.4297
815.4297
781.2500
781.2500
771.4844
771.4844
839.8437
839.8437
766.6016
766.6016
556.6406
556.6406
190.4297
190.4297
0.0000
0.0000
0.0000
0.0000
0.0000
0.0000
0.0000
0.0000
0.0000
0.0000
0.0000
0.0000
0.0000
0.0000
0.0000
0.0000
0.0000
0.0000
0.0000
0.0000
0.0000
0.0000
0.0000
0.0000
0.0000
0.0000
0.0000
0.0000
0.0000
0.0000
0.0000
0.0000
58.5937
58.5937
263.6719
263.6719
478.5156
478.5156
600.5859
600.5859
751.9531
751.9531
820.3125
820.3125
878.9062
878.9062
888.6719
888.6719
917.9687
917.9687
947.2656
947.2656
957.0312
957.0312
996.0937
996.0937
971.6797
971.6797
961.9141
961.9141
922.8516
922.8516
869.1406
869.1406
844.7266
844.7266
791.0156
791.0156
805.6641
805.6641
766.6016
766.6016
576.1719
576.1719
249.0234
249.0234
0.0000
0.0000
0.0000
0.0000
0.0000
0.0000
0.0000
0.0000
0.0000
0.0000
0.0000
0.0000
0.0000
0.0000
0.0000
0.0000
0.0000
0.0000
0.0000
0.0000
0.0000
0.0000
0.0000
0.0000
0.0000
0.0000
0.0000
0.0000
0.0000
0.0000
0.0000
0.0000
136.7187
136.7187
283.2031
283.2031
493.1641
493.1641
615.2344
615.2344
732.4219
732.4219
800.7812
800.7812
839.8437
839.8437
903.3203
903.3203
898.4375
898.4375
942.3828
942.3828
922.8516
922.8516
932.6172
932.6172
913.0859
913.0859
864.2578
864.2578
878.9062
878.9062
839.8437
839.8437
874.0234
874.0234
903.3203
903.3203
1000.9766
1000.9766
1044.9219
1044.9219
898.4375
898.4375
527.3437
527.3437
78.1250
78.1250
0.0000
0.0000
0.0000
0.0000
0.0000
0.0000
0.0000
0.0000
0.0000
0.0000
0.0000
0.0000
0.0000
0.0000
0.0000
0.0000
0.0000
0.0000
0.0000
0.0000
0.0000
0.0000
0.0000
0.0000
0.0000
0.0000
0.0000
0.0000
0.0000
0.0000
156.2500
156.2500
327.1484
327.1484
507.8125
507.8125
664.0625
664.0625
781.2500
781.2500
893.5547
893.5547
961.9141
961.9141
1000.9766
1000.9766
1025.3906
1025.3906
1015.6250
1030.2734
1030.2734
1005.8594
1005.8594
986.3281
986.3281
937.5000
937.5000
932.6172
932.6172
932.6172
898.4375
898.4375
893.5547
893.5547
888.6719
888.6719
898.4375
898.4375
961.9141
942.3828
942.3828
737.3047
737.3047
297.8516
297.8516
0.0000
0.0000
0.0000
0.0000
0.0000
0.0000
0.0000
0.0000
0.0000
0.0000
0.0000
0.0000
0.0000
0.0000
0.0000
0.0000
0.0000
0.0000
0.0000
0.0000
0.0000
0.0000
0.0000
0.0000
0.0000
0.0000
0.0000
0.0000
0.0000
0.0000
0.0000
0.0000
0.0000
0.0000
73.2422
73.2422
297.8516
297.8516
463.8672
463.8672
634.7656
634.7656
756.8359
756.8359
854.4922
854.4922
888.6719
888.6719
883.7891
883.7891
854.4922
854.4922
830.0781
830.0781
805.6641
805.6641
805.6641
805.6641
820.3125
820.3125
864.2578
864.2578
859.3750
859.3750
893.5547
893.5547
947.2656
947.2656
1040.0391
1040.0391
1049.8047
1049.8047
854.4922
854.4922
517.5781
517.5781
112.3047
112.3047
0.0000
0.0000
0.0000
0.0000
0.0000
0.0000
0.0000
0.0000
0.0000
0.0000
0.0000
0.0000
0.0000
0.0000
0.0000
0.0000
0.0000
0.0000
0.0000
0.0000
0.0000
0.0000
0.0000
0.0000
0.0000
0.0000
0.0000
0.0000
0.0000
0.0000
190.4297
190.4297
346.6797
346.6797
546.8750
546.8750
698.2422
698.2422
839.8437
839.8437
942.3828
942.3828
981.4453
981.4453
1040.0391
1040.0391
1025.3906
1025.3906
1049.8047
1049.8047
1015.6250
1015.6250
996.0937
996.0937
952.1484
952.1484
922.8516
922.8516
898.4375
898.4375
878.9062
878.9062
869.1406
869.1406
864.2578
864.2578
888.6719
888.6719
922.8516
922.8516
830.0781
830.0781
546.8750
546.8750
151.3672
151.3672
0.0000
0.0000
0.0000
0.0000
0.0000
0.0000
0.0000
0.0000
0.0000
0.0000
0.0000
0.0000
0.0000
0.0000
0.0000
0.0000
0.0000
0.0000
0.0000
0.0000
0.0000
0.0000
0.0000
0.0000
0.0000
0.0000
0.0000
0.0000
0.0000
0.0000
58.5937
58.5937
249.0234
249.0234
424.8047
424.8047
600.5859
