302.7344
302.7344
297.8516
297.8516
322.2656
322.2656
341.7969
341.7969
356.4453
356.4453
375.9766
375.9766
400.3906
400.3906
419.9219
419.9219
424.8047
424.8047
434.5703
434.5703
429.6875
429.6875
385.7422
385.7422
258.7891
258.7891
48.8281
48.8281
0.0000
0.0000
0.0000
0.0000
0.0000
0.0000
0.0000
0.0000
0.0000
0.0000
0.0000
0.0000
0.0000
0.0000
0.0000
0.0000
0.0000
0.0000
0.0000
0.0000
0.0000
0.0000
166.0156
166.0156
390.6250
390.6250
561.5234
561.5234
673.8281
673.8281
708.0078
708.0078
649.4141
649.4141
527.3437
527.3437
405.2734
405.2734
346.6797
346.6797
317.3828
317.3828
317.3828
317.3828
332.0312
332.0312
366.2109
366.2109
395.5078
395.5078
410.1562
410.1562
405.2734
405.2734
405.2734
405.2734
424.8047
424.8047
424.8047
424.8047
385.7422
385.7422
278.3203
278.3203
78.1250
78.1250
0.0000
0.0000
0.0000
0.0000
0.0000
0.0000
0.0000
0.0000
0.0000
0.0000
0.0000
0.0000
0.0000
0.0000
0.0000
0.0000
0.0000
0.0000
0.0000
0.0000
0.0000
0.0000
0.0000
0.0000
43.9453
43.9453
239.2578
239.2578
405.2734
405.2734
498.0469
498.0469
502.9297
502.9297
434.5703
434.5703
361.3281
361.3281
283.2031
283.2031
229.4922
229.4922
195.3125
195.3125
224.6094
224.6094
268.5547
268.5547
307.6172
307.6172
332.0312
332.0312
356.4453
356.4453
371.0937
371.0937
380.8594
380.8594
371.0937
371.0937
351.5625
351.5625
346.6797
346.6797
317.3828
317.3828
190.4297
190.4297
0.0000
0.0000
0.0000
0.0000
0.0000
0.0000
0.0000
0.0000
0.0000
0.0000
0.0000
0.0000
0.0000
0.0000
0.0000
0.0000
0.0000
0.0000
0.0000
0.0000
0.0000
0.0000
0.0000
0.0000
0.0000
0.0000
146.4844
146.4844
341.7969
341.7969
498.0469
498.0469
576.1719
576.1719
590.8203
590.8203
522.4609
522.4609
400.3906
400.3906
297.8516
297.8516
244.1406
244.1406
224.6094
224.6094
229.4922
229.4922
263.6719
263.6719
317.3828
317.3828
371.0937
371.0937
395.5078
395.5078
400.3906
400.3906
410.1562
410.1562
424.8047
424.8047
400.3906
400.3906
332.0312
332.0312
244.1406
244.1406
58.5937
58.5937
0.0000
0.0000
0.0000
0.0000
0.0000
0.0000
0.0000
0.0000
0.0000
0.0000
0.0000
0.0000
0.0000
0.0000
0.0000
0.0000
0.0000
0.0000
0.0000
0.0000
0.0000
0.0000
0.0000
0.0000
131.8359
131.8359
336.9141
336.9141
468.7500
468.7500
537.1094
537.1094
541.9922
541.9922
507.8125
507.8125
454.1016
454.1016
385.7422
385.7422
317.3828
317.3828
292.9687
292.9687
302.7344
302.7344
312.5000
312.5000
327.1484
327.1484
351.5625
351.5625
385.7422
385.7422
424.8047
424.8047
454.1016
454.1016
444.3359
444.3359
424.8047
424.8047
424.8047
424.8047
366.2109
366.2109
170.8984
170.8984
0.0000
0.0000
0.0000
0.0000
0.0000
0.0000
0.0000
0.0000
0.0000
0.0000
0.0000
0.0000
0.0000
0.0000
0.0000
0.0000
0.0000
0.0000
0.0000
0.0000
0.0000
0.0000
0.0000
0.0000
0.0000
0.0000
68.3594
68.3594
253.9062
253.9062
400.3906
400.3906
463.8672
463.8672
454.1016
454.1016
390.6250
327.1484
327.1484
327.1484
288.0859
288.0859
258.7891
258.7891
244.1406
244.1406
263.6719
263.6719
307.6172
307.6172
332.0312
332.0312
356.4453
356.4453
361.3281
361.3281
371.0937
400.3906
400.3906
400.3906
429.6875
429.6875
429.6875
429.6875
395.5078
395.5078
351.5625
351.5625
219.7266
219.7266
34.1797
34.1797
0.0000
0.0000
0.0000
0.0000
0.0000
0.0000
0.0000
0.0000
0.0000
0.0000
0.0000
0.0000
0.0000
0.0000
0.0000
0.0000
0.0000
0.0000
0.0000
0.0000
0.0000
200.1953
200.1953
200.1953
419.9219
571.2891
571.2891
664.0625
664.0625
693.3594
693.3594
683.5937
683.5937
615.2344
615.2344
517.5781
517.5781
415.0391
415.0391
371.0937
371.0937
366.2109
366.2109
375.9766
375.9766
405.2734
405.2734
429.6875
429.6875
478.5156
478.5156
498.0469
498.0469
498.0469
498.0469
493.1641
493.1641
488.2812
488.2812
473.6328
473.6328
380.8594
380.8594
151.3672
151.3672
0.0000
0.0000
0.0000
0.0000
0.0000
0.0000
0.0000
0.0000
0.0000
0.0000
0.0000
0.0000
0.0000
0.0000
0.0000
0.0000
0.0000
0.0000
0.0000
0.0000
0.0000
0.0000
0.0000
0.0000
19.5312
19.5312
234.3750
234.3750
415.0391
415.0391
556.6406
556.6406
600.5859
600.5859
551.7578
551.7578
468.7500
468.7500
380.8594
380.8594
332.0312
332.0312
297.8516
297.8516
283.2031
283.2031
297.8516
297.8516
346.6797
346.6797
385.7422
385.7422
395.5078
395.5078
405.2734
405.2734
424.8047
424.8047
449.2187
449.2187
473.6328
473.6328
439.4531
439.4531
371.0937
371.0937
244.1406
244.1406
19.5312
19.5312
0.0000
0.0000
0.0000
0.0000
0.0000
0.0000
0.0000
0.0000
0.0000
0.0000
0.0000
0.0000
0.0000
0.0000
0.0000
0.0000
0.0000
0.0000
0.0000
0.0000
0.0000
0.0000
0.0000
0.0000
122.0703
122.0703
327.1484
327.1484
473.6328
473.6328
566.4062
566.4062
610.3516
610.3516
585.9375
585.9375
502.9297
502.9297
400.3906
400.3906
327.1484
327.1484
297.8516
297.8516
307.6172
307.6172
322.2656
322.2656
351.5625
351.5625
380.8594
380.8594
410.1562
410.1562
424.8047
424.8047
424.8047
424.8047
439.4531
439.4531
458.9844
458.9844
478.5156
478.5156
454.1016
454.1016
375.9766
375.9766
170.8984
170.8984
0.0000
0.0000
0.0000
0.0000
0.0000
0.0000
0.0000
0.0000
0.0000
0.0000
0.0000
0.0000
0.0000
0.0000
0.0000
0.0000
0.0000
0.0000
0.0000
0.0000
0.0000
0.0000
0.0000
0.0000
0.0000
0.0000
126.9531
126.9531
322.2656
322.2656
449.2187
449.2187
507.8125
507.8125
493.1641
493.1641
444.3359
444.3359
366.2109
366.2109
297.8516
297.8516
244.1406
244.1406
239.2578
239.2578
273.4375
273.4375
302.7344
302.7344
327.1484
327.1484
356.4453
356.4453
380.8594
380.8594
390.6250
390.6250
400.3906
400.3906
395.5078
395.5078
410.1562
410.1562
415.0391
415.0391
356.4453
356.4453
185.5469
185.5469
0.0000
0.0000
0.0000
0.0000
0.0000
0.0000
0.0000
0.0000
0.0000
0.0000
0.0000
0.0000
0.0000
0.0000
0.0000
0.0000
0.0000
0.0000
0.0000
0.0000
0.0000
0.0000
0.0000
0.0000
156.2500
156.2500
336.9141
336.9141
473.6328
473.6328
585.9375
585.9375
615.2344
615.2344
581.0547
581.0547
502.9297
502.9297
410.1562
410.1562
351.5625
351.5625
322.2656
322.2656
312.5000
312.5000
322.2656
322.2656
361.3281
361.3281
400.3906
400.3906
419.9219
419.9219
429.6875
429.6875
444.3359
444.3359
449.2187
449.2187
449.2187
449.2187
424.8047
424.8047
312.5000
312.5000
102.5391
102.5391
0.0000
0.0000
0.0000
0.0000
0.0000
0.0000
0.0000
0.0000
0.0000
0.0000
0.0000
0.0000
0.0000
0.0000
0.0000
0.0000
0.0000
0.0000
0.0000
0.0000
0.0000
0.0000
0.0000
0.0000
4.8828
4.8828
229.4922
229.4922
410.1562
410.1562
527.3437
527.3437
581.0547
581.0547
571.2891
571.2891
498.0469
498.0469
395.5078
395.5078
297.8516
297.8516
249.0234
249.0234
244.1406
244.1406
283.2031
283.2031
312.5000
312.5000
341.7969
341.7969
380.8594
380.8594
410.1562
410.1562
419.9219
419.9219
405.2734
405.2734
405.2734
405.2734
380.8594
380.8594
346.6797
346.6797
209.9609
209.9609
0.0000
0.0000
0.0000
0.0000
0.0000
0.0000
0.0000
0.0000
0.0000
0.0000
0.0000
0.0000
0.0000
0.0000
0.0000
0.0000
0.0000
0.0000
0.0000
0.0000
0.0000
0.0000
0.0000
0.0000
0.0000
0.0000
151.3672
151.3672
327.1484
327.1484
454.1016
454.1016
541.9922
541.9922
551.7578
551.7578
502.9297
502.9297
424.8047
424.8047
351.5625
351.5625
283.2031
283.2031
253.9062
253.9062
244.1406
244.1406
278.3203
278.3203
332.0312
332.0312
361.3281
361.3281
375.9766
375.9766
405.2734
405.2734
444.3359
444.3359
434.5703
434.5703
410.1562
410.1562
346.6797
346.6797
214.8437
214.8437
0.0000
0.0000
0.0000
0.0000
0.0000
0.0000
0.0000
0.0000
0.0000
0.0000
0.0000
0.0000
0.0000
0.0000
0.0000
0.0000
0.0000
0.0000
0.0000
0.0000
0.0000
0.0000
0.0000
0.0000
9.7656
9.7656
209.9609
209.9609
400.3906
400.3906
522.4609
522.4609
556.6406
556.6406
517.5781
517.5781
468.7500
468.7500
390.6250
390.6250
322.2656
322.2656
278.3203
278.3203
283.2031
283.2031
302.7344
302.7344
327.1484
327.1484
332.0312
332.0312
351.5625
351.5625
390.6250
390.6250
400.3906
400.3906
400.3906
400.3906
395.5078
395.5078
390.6250
390.6250
346.6797
346.6797
229.4922
229.4922
0.0000
0.0000
0.0000
0.0000
0.0000
0.0000
0.0000
0.0000
0.0000
0.0000
0.0000
0.0000
0.0000
0.0000
0.0000
0.0000
0.0000
0.0000
0.0000
0.0000
0.0000
0.0000
0.0000
0.0000
0.0000
0.0000
102.5391
102.5391
288.0859
288.0859
405.2734
405.2734
493.1641
493.1641
502.9297
502.9297
458.9844
458.9844
380.8594
380.8594
332.0312
332.0312
297.8516
297.8516
273.4375
273.4375
268.5547
268.5547
283.2031
283.2031
317.3828
317.3828
351.5625
351.5625
371.0937
371.0937
371.0937
371.0937
400.3906
400.3906
410.1562
410.1562
415.0391
415.0391
390.6250
390.6250
346.6797
346.6797
219.7266
219.7266
34.1797
34.1797
0.0000
0.0000
0.0000
0.0000
0.0000
0.0000
0.0000
0.0000
0.0000
0.0000
0.0000
0.0000
0.0000
0.0000
0.0000
0.0000
0.0000
0.0000
0.0000
0.0000
0.0000
0.0000
102.5391
102.5391
346.6797
346.6797
532.2266
532.2266
654.2969
654.2969
688.4766
688.4766
659.1797
659.1797
576.1719
576.1719
454.1016
454.1016
356.4453
356.4453
317.3828
317.3828
317.3828
317.3828
346.6797
346.6797
361.3281
361.3281
380.8594
380.8594
415.0391
415.0391
449.2187
449.2187
468.7500
468.7500
454.1016
454.1016
429.6875
429.6875
366.2109
366.2109
219.7266
219.7266
0.0000
0.0000
0.0000
0.0000
0.0000
0.0000
0.0000
0.0000
0.0000
0.0000
0.0000
0.0000
0.0000
0.0000
0.0000
0.0000
0.0000
0.0000
0.0000
0.0000
0.0000
0.0000
0.0000
0.0000
0.0000
0.0000
146.4844
146.4844
317.3828
317.3828
439.4531
439.4531
527.3437
527.3437
556.6406
556.6406
517.5781
517.5781
434.5703
434.5703
351.5625
351.5625
317.3828
317.3828
292.9687
292.9687
288.0859
288.0859
302.7344
302.7344
336.9141
336.9141
356.4453
356.4453
385.7422
385.7422
385.7422
385.7422
405.2734
405.2734
429.6875
429.6875
439.4531
439.4531
410.1562
410.1562
336.9141
336.9141
141.6016
141.6016
0.0000
0.0000
0.0000
0.0000
0.0000
0.0000
0.0000
0.0000
0.0000
0.0000
0.0000
0.0000
0.0000
0.0000
0.0000
0.0000
0.0000
0.0000
0.0000
0.0000
0.0000
0.0000
0.0000
0.0000
58.5937
58.5937
288.0859
288.0859
463.8672
463.8672
556.6406
556.6406
571.2891
571.2891
522.4609
522.4609
458.9844
458.9844
375.9766
375.9766
297.8516
297.8516
253.9062
253.9062
273.4375
273.4375
322.2656
322.2656
356.4453
356.4453
366.2109
366.2109
375.9766
375.9766
395.5078
395.5078
415.0391
415.0391
410.1562
410.1562
395.5078
395.5078
390.6250
390.6250
346.6797
346.6797
190.4297
190.4297
0.0000
0.0000
0.0000
0.0000
0.0000
0.0000
0.0000
0.0000
0.0000
0.0000
0.0000
0.0000
0.0000
0.0000
0.0000
0.0000
0.0000
0.0000
0.0000
0.0000
0.0000
0.0000
0.0000
0.0000
68.3594
68.3594
263.6719
263.6719
415.0391
415.0391
527.3437
527.3437
581.0547
581.0547
556.6406
556.6406
483.3984
483.3984
371.0937
371.0937
322.2656
322.2656
292.9687
292.9687
288.0859
288.0859
302.7344
302.7344
346.6797
346.6797
395.5078
395.5078
424.8047
424.8047
429.6875
429.6875
424.8047
424.8047
424.8047
424.8047
449.2187
449.2187
434.5703
434.5703
405.2734
405.2734
317.3828
317.3828
107.4219
107.4219
0.0000
0.0000
0.0000
0.0000
0.0000
0.0000
0.0000
0.0000
0.0000
0.0000
0.0000
0.0000
0.0000
0.0000
0.0000
0.0000
0.0000
0.0000
0.0000
0.0000
0.0000
0.0000
0.0000
0.0000
0.0000
0.0000
190.4297
190.4297
375.9766
375.9766
498.0469
556.6406
556.6406
556.6406
541.9922
541.9922
473.6328
473.6328
380.8594
380.8594
288.0859
288.0859
253.9062
253.9062
249.0234
249.0234
278.3203
278.3203
302.7344
302.7344
336.9141
336.9141
366.2109
366.2109
395.5078
395.5078
424.8047
424.8047
415.0391
415.0391
410.1562
410.1562
380.8594
380.8594
307.6172
307.6172
117.1875
117.1875
0.0000
0.0000
0.0000
0.0000
0.0000
0.0000
0.0000
0.0000
0.0000
0.0000
0.0000
0.0000
0.0000
0.0000
0.0000
0.0000
0.0000
0.0000
0.0000
0.0000
0.0000
0.0000
0.0000
0.0000
0.0000
131.8359
131.8359
131.8359
297.8516
424.8047
424.8047
498.0469
498.0469
507.8125
507.8125
449.2187
449.2187
366.2109
366.2109
322.2656
322.2656
288.0859
288.0859
263.6719
263.6719
273.4375
273.4375
302.7344
302.7344
336.9141
336.9141
366.2109
366.2109
380.8594
380.8594
390.6250
390.6250
434.5703
434.5703
454.1016
454.1016
429.6875
429.6875
380.8594
380.8594
263.6719
263.6719
53.7109
53.7109
0.0000
0.0000
0.0000
0.0000
0.0000
0.0000
0.0000
0.0000
0.0000
0.0000
0.0000
0.0000
0.0000
0.0000
0.0000
0.0000
0.0000
0.0000
0.0000
0.0000
0.0000
0.0000
0.0000
0.0000
234.3750
234.3750
439.4531
439.4531
581.0547
581.0547
644.5312
644.5312
639.6484
639.6484
585.9375
585.9375
498.0469
498.0469
400.3906
400.3906
336.9141
336.9141
336.9141
336.9141
351.5625
351.5625
356.4453
356.4453
371.0937
371.0937
395.5078
395.5078
429.6875
429.6875
458.9844
458.9844
473.6328
473.6328
463.8672
463.8672
458.9844
458.9844
419.9219
419.9219
302.7344
302.7344
58.5937
58.5937
0.0000
0.0000
0.0000
0.0000
0.0000
0.0000
0.0000
0.0000
0.0000
0.0000
0.0000
0.0000
0.0000
0.0000
0.0000
0.0000
0.0000
0.0000
0.0000
0.0000
0.0000
0.0000
24.4141
24.4141
244.1406
244.1406
424.8047
424.8047
546.8750
546.8750
620.1172
620.1172
605.4687
605.4687
541.9922
541.9922
454.1016
454.1016
385.7422
385.7422
336.9141
336.9141
317.3828
317.3828
322.2656
322.2656
351.5625
351.5625
395.5078
395.5078
415.0391
415.0391
419.9219
419.9219
424.8047
424.8047
449.2187
449.2187
473.6328
473.6328
478.5156
478.5156
424.8047
424.8047
341.7969
341.7969
175.7812
175.7812
0.0000
0.0000
0.0000
0.0000
0.0000
0.0000
0.0000
0.0000
0.0000
0.0000
0.0000
0.0000
0.0000
0.0000
0.0000
0.0000
0.0000
0.0000
0.0000
0.0000
0.0000
0.0000
0.0000
0.0000
0.0000
0.0000
214.8437
214.8437
429.6875
429.6875
556.6406
556.6406
595.7031
595.7031
595.7031
595.7031
502.9297
502.9297
390.6250
390.6250
288.0859
288.0859
244.1406
244.1406
253.9062
253.9062
292.9687
292.9687
317.3828
317.3828
336.9141
336.9141
380.8594
380.8594
395.5078
395.5078
405.2734
405.2734
410.1562
410.1562
419.9219
419.9219
390.6250
390.6250
317.3828
317.3828
136.7187
136.7187
0.0000
0.0000
0.0000
0.0000
0.0000
0.0000
0.0000
0.0000
0.0000
0.0000
0.0000
0.0000
0.0000
0.0000
0.0000
0.0000
0.0000
0.0000
0.0000
0.0000
0.0000
0.0000
0.0000
0.0000
83.0078
83.0078
278.3203
278.3203
449.2187
449.2187
595.7031
595.7031
659.1797
659.1797
629.8828
629.8828
546.8750
546.8750
444.3359
444.3359
361.3281
361.3281
302.7344
302.7344
278.3203
278.3203
292.9687
292.9687
336.9141
336.9141
380.8594
380.8594
390.6250
390.6250
395.5078
395.5078
419.9219
419.9219
429.6875
429.6875
439.4531
439.4531
415.0391
415.0391
371.0937
371.0937
263.6719
263.6719
53.7109
53.7109
0.0000
0.0000
0.0000
0.0000
0.0000
0.0000
0.0000
0.0000
0.0000
0.0000
0.0000
0.0000
0.0000
0.0000
0.0000
0.0000
0.0000
0.0000
0.0000
0.0000
0.0000
0.0000
0.0000
0.0000
126.9531
126.9531
317.3828
317.3828
473.6328
473.6328
551.7578
551.7578
576.1719
576.1719
532.2266
532.2266
429.6875
429.6875
341.7969
341.7969
283.2031
283.2031
258.7891
258.7891
278.3203
278.3203
297.8516
297.8516
327.1484
327.1484
361.3281
361.3281
395.5078
395.5078
405.2734
405.2734
400.3906
400.3906
400.3906
400.3906
405.2734
405.2734
400.3906
400.3906
356.4453
356.4453
214.8437
214.8437
0.0000
0.0000
0.0000
0.0000
0.0000
0.0000
0.0000
0.0000
0.0000
0.0000
0.0000
0.0000
0.0000
0.0000
0.0000
0.0000
0.0000
0.0000
0.0000
0.0000
0.0000
0.0000
0.0000
0.0000
0.0000
0.0000
126.9531
126.9531
307.6172
307.6172
458.9844
458.9844
517.5781
517.5781
522.4609
522.4609
463.8672
463.8672
390.6250
390.6250
327.1484
327.1484
288.0859
288.0859
263.6719
263.6719
268.5547
268.5547
302.7344
302.7344
336.9141
336.9141
361.3281
361.3281
390.6250
390.6250
405.2734
405.2734
415.0391
415.0391
410.1562
410.1562
385.7422
385.7422
346.6797
346.6797
263.6719
263.6719
53.7109
53.7109
0.0000
0.0000
0.0000
0.0000
0.0000
0.0000
0.0000
0.0000
0.0000
0.0000
0.0000
0.0000
0.0000
0.0000
0.0000
0.0000
0.0000
0.0000
0.0000
0.0000
0.0000
0.0000
0.0000
0.0000
34.1797
34.1797
263.6719
263.6719
424.8047
424.8047
551.7578
551.7578
625.0000
625.0000
600.5859
600.5859
507.8125
507.8125
395.5078
395.5078
307.6172
307.6172
288.0859
288.0859
292.9687
292.9687
297.8516
297.8516
312.5000
312.5000
366.2109
366.2109
405.2734
405.2734
434.5703
434.5703
454.1016
454.1016
454.1016
454.1016
449.2187
449.2187
424.8047
424.8047
366.2109
366.2109
219.7266
219.7266
0.0000
0.0000
0.0000
0.0000
0.0000
0.0000
0.0000
0.0000
0.0000
0.0000
0.0000
0.0000
0.0000
0.0000
0.0000
0.0000
0.0000
0.0000
0.0000
0.0000
0.0000
0.0000
0.0000
0.0000
34.1797
34.1797
239.2578
239.2578
434.5703
434.5703
581.0547
581.0547
654.2969
654.2969
654.2969
654.2969
625.0000
625.0000
551.7578
551.7578
468.7500
468.7500
385.7422
385.7422
336.9141
336.9141
336.9141
336.9141
366.2109
366.2109
385.7422
385.7422
410.1562
410.1562
434.5703
434.5703
478.5156
478.5156
498.0469
498.0469
498.0469
498.0469
483.3984
483.3984
449.2187
449.2187
356.4453
356.4453
126.9531
126.9531
0.0000
0.0000
0.0000
0.0000
0.0000
0.0000
0.0000
0.0000
0.0000
0.0000
0.0000
0.0000
0.0000
0.0000
0.0000
0.0000
0.0000
0.0000
0.0000
0.0000
0.0000
0.0000
0.0000
0.0000
180.6641
180.6641
410.1562
410.1562
576.1719
576.1719
678.7109
678.7109
708.0078
708.0078
654.2969
654.2969
541.9922
541.9922
429.6875
429.6875
366.2109
366.2109
341.7969
341.7969
356.4453
356.4453
371.0937
371.0937
385.7422
385.7422
410.1562
410.1562
439.4531
439.4531
439.4531
439.4531
449.2187
449.2187
463.8672
463.8672
463.8672
463.8672
410.1562
410.1562
302.7344
302.7344
92.7734
92.7734
0.0000
0.0000
0.0000
0.0000
0.0000
0.0000
0.0000
0.0000
0.0000
0.0000
0.0000
0.0000
0.0000
0.0000
0.0000
0.0000
0.0000
0.0000
0.0000
0.0000
0.0000
0.0000
0.0000
0.0000
68.3594
68.3594
283.2031
283.2031
473.6328
473.6328
585.9375
585.9375
620.1172
620.1172
590.8203
590.8203
522.4609
522.4609
439.4531
439.4531
351.5625
351.5625
292.9687
292.9687
288.0859
288.0859
322.2656
322.2656
361.3281
361.3281
390.6250
390.6250
415.0391
415.0391
424.8047
424.8047
439.4531
439.4531
439.4531
439.4531
429.6875
429.6875
439.4531
439.4531
429.6875
429.6875
380.8594
380.8594
200.1953
200.1953
0.0000
0.0000
0.0000
0.0000
0.0000
0.0000
0.0000
0.0000
0.0000
0.0000
0.0000
0.0000
0.0000
0.0000
0.0000
0.0000
0.0000
0.0000
0.0000
0.0000
0.0000
0.0000
0.0000
0.0000
0.0000
0.0000
83.0078
83.0078
297.8516
297.8516
444.3359
444.3359
527.3437
527.3437
502.9297
502.9297
429.6875
429.6875
361.3281
361.3281
297.8516
297.8516
234.3750
234.3750
219.7266
219.7266
244.1406
244.1406
302.7344
302.7344
351.5625
351.5625
375.9766
375.9766
380.8594
380.8594
410.1562
410.1562
419.9219
419.9219
419.9219
419.9219
385.7422
385.7422
351.5625
351.5625
278.3203
278.3203
92.7734
92.7734
0.0000
0.0000
0.0000
0.0000
0.0000
0.0000
0.0000
0.0000
0.0000
0.0000
0.0000
0.0000
0.0000
0.0000
0.0000
0.0000
0.0000
0.0000
0.0000
0.0000
0.0000
0.0000
0.0000
0.0000
29.2969
29.2969
244.1406
244.1406
424.8047
424.8047
546.8750
546.8750
605.4687
605.4687
605.4687
605.4687
517.5781
517.5781
415.0391
415.0391
336.9141
336.9141
297.8516
297.8516
292.9687
292.9687
317.3828
317.3828
336.9141
336.9141
375.9766
375.9766
424.8047
424.8047
439.4531
439.4531
439.4531
439.4531
444.3359
444.3359
473.6328
473.6328
483.3984
483.3984
454.1016
454.1016
380.8594
380.8594
219.7266
219.7266
0.0000
0.0000
0.0000
0.0000
0.0000
0.0000
0.0000
0.0000
0.0000
0.0000
0.0000
0.0000
0.0000
0.0000
0.0000
0.0000
0.0000
0.0000
0.0000
0.0000
0.0000
0.0000
0.0000
0.0000
58.5937
58.5937
268.5547
268.5547
473.6328
473.6328
615.2344
615.2344
673.8281
673.8281
654.2969
654.2969
600.5859
600.5859
507.8125
507.8125
400.3906
332.0312
332.0312
332.0312
307.6172
307.6172
336.9141
336.9141
380.8594
380.8594
415.0391
415.0391
429.6875
429.6875
449.2187
449.2187
473.6328
473.6328
473.6328
473.6328
468.7500
449.2187
449.2187
449.2187
395.5078
395.5078
258.7891
258.7891
14.6484
14.6484
0.0000
0.0000
0.0000
0.0000
0.0000
0.0000
0.0000
0.0000
0.0000
0.0000
0.0000
0.0000
0.0000
0.0000
0.0000
0.0000
0.0000
0.0000
0.0000
0.0000
0.0000
0.0000
0.0000
166.0156
166.0156
332.0312
332.0312
473.6328
473.6328
561.5234
561.5234
600.5859
600.5859
561.5234
561.5234
478.5156
478.5156
400.3906
400.3906
346.6797
346.6797
307.6172
307.6172
292.9687
292.9687
312.5000
312.5000
351.5625
351.5625
400.3906
400.3906
415.0391
415.0391
419.9219
419.9219
434.5703
434.5703
458.9844
458.9844
444.3359
444.3359
400.3906
400.3906
322.2656
322.2656
156.2500
156.2500
0.0000
0.0000
0.0000
0.0000
0.0000
0.0000
0.0000
0.0000
0.0000
0.0000
0.0000
0.0000
0.0000
0.0000
0.0000
0.0000
0.0000
0.0000
0.0000
0.0000
0.0000
0.0000
0.0000
0.0000
73.2422
73.2422
302.7344
302.7344
493.1641
493.1641
590.8203
590.8203
620.1172
620.1172
581.0547
581.0547
498.0469
498.0469
385.7422
385.7422
297.8516
297.8516
253.9062
253.9062
268.5547
268.5547
297.8516
297.8516
322.2656
322.2656
346.6797
346.6797
380.8594
380.8594
415.0391
415.0391
429.6875
429.6875
424.8047
424.8047
415.0391
415.0391
405.2734
405.2734
361.3281
361.3281
205.0781
205.0781
0.0000
0.0000
0.0000
0.0000
0.0000
0.0000
0.0000
0.0000
0.0000
0.0000
0.0000
0.0000
0.0000
0.0000
0.0000
0.0000
0.0000
0.0000
0.0000
0.0000
0.0000
0.0000
0.0000
0.0000
43.9453
43.9453
234.3750
234.3750
395.5078
395.5078
507.8125
507.8125
581.0547
581.0547
585.9375
585.9375
522.4609
522.4609
424.8047
424.8047
346.6797
346.6797
302.7344
302.7344
263.6719
263.6719
268.5547
268.5547
302.7344
302.7344
336.9141
336.9141
385.7422
385.7422
410.1562
410.1562
415.0391
415.0391
434.5703
434.5703
444.3359
444.3359
424.8047
424.8047
380.8594
380.8594
283.2031
283.2031
43.9453
43.9453
0.0000
0.0000
0.0000
0.0000
0.0000
0.0000
0.0000
0.0000
0.0000
0.0000
0.0000
0.0000
0.0000
0.0000
0.0000
0.0000
0.0000
0.0000
0.0000
0.0000
0.0000
0.0000
0.0000
0.0000
73.2422
73.2422
297.8516
297.8516
463.8672
463.8672
556.6406
556.6406
576.1719
576.1719
546.8750
546.8750
463.8672
463.8672
371.0937
371.0937
288.0859
288.0859
258.7891
258.7891
253.9062
253.9062
278.3203
278.3203
302.7344
302.7344
322.2656
322.2656
361.3281
361.3281
400.3906
400.3906
410.1562
410.1562
400.3906
400.3906
390.6250
390.6250
356.4453
356.4453
249.0234
249.0234
34.1797
34.1797
0.0000
0.0000
0.0000
0.0000
0.0000
0.0000
0.0000
0.0000
0.0000
0.0000
0.0000
0.0000
0.0000
0.0000
0.0000
0.0000
0.0000
0.0000
0.0000
0.0000
0.0000
0.0000
0.0000
0.0000
53.7109
53.7109
249.0234
249.0234
410.1562
410.1562
527.3437
527.3437
585.9375
585.9375
566.4062
566.4062
478.5156
478.5156
400.3906
400.3906
341.7969
341.7969
297.8516
297.8516
283.2031
283.2031
302.7344
302.7344
336.9141
336.9141
366.2109
366.2109
380.8594
380.8594
380.8594
380.8594
405.2734
405.2734
439.4531
439.4531
444.3359
444.3359
429.6875
429.6875
410.1562
410.1562
341.7969
341.7969
146.4844
146.4844
0.0000
0.0000
0.0000
0.0000
0.0000
0.0000
0.0000
0.0000
0.0000
0.0000
0.0000
0.0000
0.0000
0.0000
0.0000
0.0000
0.0000
0.0000
0.0000
0.0000
0.0000
0.0000
0.0000
0.0000
122.0703
122.0703
341.7969
341.7969
498.0469
498.0469
585.9375
585.9375
600.5859
600.5859
556.6406
556.6406
473.6328
473.6328
361.3281
361.3281
292.9687
292.9687
283.2031
283.2031
292.9687
292.9687
322.2656
322.2656
361.3281
361.3281
400.3906
400.3906
419.9219
419.9219
419.9219
419.9219
405.2734
405.2734
410.1562
410.1562
434.5703
434.5703
410.1562
410.1562
361.3281
361.3281
219.7266
219.7266
9.7656
9.7656
0.0000
0.0000
0.0000
0.0000
0.0000
0.0000
0.0000
0.0000
0.0000
0.0000
0.0000
0.0000
0.0000
0.0000
0.0000
0.0000
0.0000
0.0000
0.0000
0.0000
0.0000
0.0000
78.1250
78.1250
292.9687
292.9687
507.8125
507.8125
649.4141
649.4141
722.6562
722.6562
722.6562
722.6562
649.4141
649.4141
546.8750
546.8750
434.5703
434.5703
356.4453
356.4453
312.5000
312.5000
336.9141
336.9141
371.0937
371.0937
410.1562
410.1562
434.5703
434.5703
444.3359
444.3359
468.7500
468.7500
483.3984
483.3984
478.5156
478.5156
444.3359
444.3359
405.2734
405.2734
297.8516
297.8516
43.9453
43.9453
0.0000
0.0000
0.0000
0.0000
0.0000
0.0000
0.0000
0.0000
0.0000
0.0000
0.0000
0.0000
0.0000
0.0000
0.0000
0.0000
0.0000
0.0000
0.0000
0.0000
0.0000
0.0000
0.0000
0.0000
43.9453
43.9453
258.7891
258.7891
449.2187
449.2187
585.9375
585.9375
649.4141
649.4141
610.3516
610.3516
517.5781
517.5781
400.3906
400.3906
322.2656
322.2656
283.2031
283.2031
253.9062
253.9062
268.5547
268.5547
302.7344
302.7344
361.3281
361.3281
385.7422
385.7422
395.5078
395.5078
400.3906
400.3906
415.0391
415.0391
434.5703
434.5703
410.1562
410.1562
351.5625
351.5625
229.4922
229.4922
29.2969
29.2969
0.0000
0.0000
0.0000
0.0000
0.0000
0.0000
0.0000
0.0000
0.0000
0.0000
0.0000
0.0000
0.0000
0.0000
0.0000
0.0000
0.0000
0.0000
0.0000
0.0000
0.0000
0.0000
0.0000
0.0000
205.0781
205.0781
415.0391
415.0391
556.6406
556.6406
629.8828
629.8828
644.5312
644.5312
590.8203
590.8203
493.1641
493.1641
395.5078
395.5078
322.2656
322.2656
292.9687
292.9687
312.5000
312.5000
341.7969
341.7969
351.5625
351.5625
375.9766
375.9766
405.2734
405.2734
434.5703
434.5703
439.4531
439.4531
429.6875
429.6875
429.6875
429.6875
415.0391
415.0391
356.4453
356.4453
195.3125
195.3125
0.0000
0.0000
0.0000
0.0000
0.0000
0.0000
0.0000
0.0000
0.0000
0.0000
0.0000
0.0000
0.0000
0.0000
0.0000
0.0000
0.0000
0.0000
0.0000
0.0000
0.0000
0.0000
0.0000
0.0000
0.0000
0.0000
146.4844
146.4844
341.7969
341.7969
512.6953
512.6953
615.2344
615.2344
620.1172
620.1172
551.7578
551.7578
449.2187
449.2187
351.5625
351.5625
288.0859
288.0859
249.0234
249.0234
253.9062
253.9062
297.8516
297.8516
346.6797
346.6797
375.9766
375.9766
390.6250
390.6250
385.7422
385.7422
405.2734
405.2734
415.0391
415.0391
400.3906
400.3906
346.6797
346.6797
283.2031
283.2031
107.4219
107.4219
0.0000
0.0000
0.0000
0.0000
0.0000
0.0000
0.0000
0.0000
0.0000
0.0000
0.0000
0.0000
0.0000
0.0000
0.0000
0.0000
0.0000
0.0000
0.0000
0.0000
0.0000
0.0000
0.0000
0.0000
24.4141
24.4141
239.2578
239.2578
395.5078
395.5078
507.8125
507.8125
571.2891
571.2891
576.1719
576.1719
517.5781
517.5781
415.0391
415.0391
322.2656
322.2656
278.3203
278.3203
278.3203
278.3203
288.0859
288.0859
307.6172
307.6172
336.9141
336.9141
385.7422
385.7422
429.6875
429.6875
439.4531
439.4531
424.8047
424.8047
415.0391
415.0391
415.0391
415.0391
371.0937
371.0937
253.9062
253.9062
34.1797
34.1797
0.0000
0.0000
0.0000
0.0000
0.0000
0.0000
0.0000
0.0000
0.0000
0.0000
0.0000
0.0000
0.0000
0.0000
0.0000
0.0000
0.0000
0.0000
0.0000
0.0000
0.0000
0.0000
0.0000
0.0000
87.8906
87.8906
317.3828
317.3828
517.5781
517.5781
644.5312
644.5312
698.2422
698.2422
649.4141
649.4141
546.8750
546.8750
444.3359
444.3359
341.7969
341.7969
283.2031
283.2031
273.4375
273.4375
307.6172
307.6172
336.9141
336.9141
371.0937
371.0937
400.3906
400.3906
424.8047
424.8047
454.1016
454.1016
463.8672
463.8672
444.3359
444.3359
400.3906
400.3906
317.3828
317.3828
122.0703
122.0703
0.0000
0.0000
0.0000
0.0000
0.0000
0.0000
0.0000
0.0000
0.0000
0.0000
0.0000
0.0000
0.0000
0.0000
0.0000
0.0000
0.0000
0.0000
0.0000
0.0000
0.0000
0.0000
0.0000
0.0000
19.5312
19.5312
239.2578
239.2578
395.5078
395.5078
532.2266
532.2266
610.3516
610.3516
629.8828
629.8828
581.0547
581.0547
478.5156
478.5156
385.7422
385.7422
341.7969
341.7969
312.5000
312.5000
302.7344
302.7344
327.1484
327.1484
356.4453
356.4453
385.7422
385.7422
415.0391
415.0391
439.4531
439.4531
449.2187
449.2187
473.6328
473.6328
473.6328
473.6328
439.4531
439.4531
385.7422
385.7422
229.4922
229.4922
0.0000
0.0000
0.0000
0.0000
0.0000
0.0000
0.0000
0.0000
0.0000
0.0000
0.0000
0.0000
0.0000
0.0000
0.0000
0.0000
0.0000
0.0000
0.0000
0.0000
0.0000
0.0000
0.0000
0.0000
0.0000
0.0000
185.5469
185.5469
395.5078
395.5078
532.2266
532.2266
600.5859
600.5859
600.5859
600.5859
551.7578
551.7578
458.9844
458.9844
361.3281
361.3281
292.9687
292.9687
278.3203
278.3203
292.9687
292.9687
312.5000
327.1484
327.1484
327.1484
356.4453
356.4453
390.6250
390.6250
419.9219
419.9219
424.8047
424.8047
419.9219
419.9219
429.6875
429.6875
390.6250
390.6250
297.8516
73.2422
73.2422
0.0000
0.0000
0.0000
0.0000
0.0000
0.0000
0.0000
0.0000
0.0000
0.0000
0.0000
0.0000
0.0000
0.0000
0.0000
0.0000
0.0000
0.0000
0.0000
0.0000
0.0000
0.0000
0.0000
0.0000
0.0000
0.0000
214.8437
214.8437
405.2734
405.2734
546.8750
546.8750
595.7031
595.7031
581.0547
581.0547
498.0469
498.0469
400.3906
400.3906
327.1484
327.1484
278.3203
278.3203
258.7891
258.7891
278.3203
278.3203
312.5000
312.5000
332.0312
332.0312
356.4453
356.4453
361.3281
361.3281
400.3906
400.3906
439.4531
439.4531
444.3359
444.3359
434.5703
434.5703
419.9219
419.9219
380.8594
380.8594
234.3750
234.3750
0.0000
0.0000
0.0000
0.0000
0.0000
0.0000
0.0000
0.0000
0.0000
0.0000
0.0000
0.0000
0.0000
0.0000
0.0000
0.0000
0.0000
0.0000
0.0000
0.0000
0.0000
0.0000
0.0000
0.0000
0.0000
0.0000
195.3125
195.3125
400.3906
400.3906
561.5234
561.5234
649.4141
649.4141
649.4141
649.4141
571.2891
571.2891
434.5703
434.5703
336.9141
336.9141
283.2031
283.2031
263.6719
263.6719
278.3203
278.3203
307.6172
307.6172
346.6797
346.6797
371.0937
371.0937
400.3906
400.3906
400.3906
400.3906
424.8047
424.8047
449.2187
449.2187
449.2187
449.2187
390.6250
390.6250
297.8516
297.8516
107.4219
107.4219
0.0000
0.0000
0.0000
0.0000
0.0000
0.0000
0.0000
0.0000
0.0000
0.0000
0.0000
0.0000
0.0000
0.0000
0.0000
0.0000
0.0000
0.0000
0.0000
0.0000
0.0000
0.0000
0.0000
0.0000
9.7656
9.7656
249.0234
249.0234
444.3359
444.3359
561.5234
561.5234
610.3516
610.3516
595.7031
595.7031
537.1094
537.1094
434.5703
434.5703
336.9141
336.9141
283.2031
283.2031
273.4375
273.4375
288.0859
288.0859
322.2656
322.2656
346.6797
346.6797
371.0937
371.0937
385.7422
385.7422
415.0391
415.0391
419.9219
419.9219
429.6875
429.6875
444.3359
444.3359
424.8047
424.8047
356.4453
356.4453
161.1328
161.1328
0.0000
0.0000
0.0000
0.0000
0.0000
0.0000
0.0000
0.0000
0.0000
0.0000
0.0000
0.0000
0.0000
0.0000
0.0000
0.0000
0.0000
0.0000
0.0000
0.0000
0.0000
0.0000
0.0000
0.0000
0.0000
0.0000
166.0156
166.0156
395.5078
395.5078
561.5234
561.5234
654.2969
654.2969
644.5312
644.5312
566.4062
566.4062
473.6328
473.6328
395.5078
395.5078
312.5000
312.5000
278.3203
278.3203
292.9687
292.9687
322.2656
322.2656
356.4453
356.4453
380.8594
380.8594
375.9766
375.9766
400.3906
400.3906
429.6875
429.6875
449.2187
449.2187
410.1562
410.1562
361.3281
361.3281
253.9062
253.9062
14.6484
14.6484
0.0000
0.0000
0.0000
0.0000
0.0000
0.0000
0.0000
0.0000
0.0000
0.0000
0.0000
0.0000
0.0000
0.0000
0.0000
0.0000
0.0000
0.0000
0.0000
0.0000
0.0000
0.0000
0.0000
0.0000
117.1875
117.1875
307.6172
307.6172
463.8672
463.8672
566.4062
566.4062
595.7031
595.7031
576.1719
576.1719
488.2812
488.2812
390.6250
390.6250
322.2656
322.2656
307.6172
307.6172
312.5000
312.5000
332.0312
332.0312
351.5625
351.5625
380.8594
380.8594
400.3906
400.3906
410.1562
410.1562
395.5078
395.5078
405.2734
405.2734
424.8047
424.8047
429.6875
429.6875
400.3906
400.3906
322.2656
322.2656
112.3047
112.3047
0.0000
0.0000
0.0000
0.0000
0.0000
0.0000
0.0000
0.0000
0.0000
0.0000
0.0000
0.0000
0.0000
0.0000
0.0000
0.0000
0.0000
0.0000
0.0000
0.0000
0.0000
0.0000
0.0000
0.0000
58.5937
58.5937
297.8516
297.8516
512.6953
512.6953
629.8828
629.8828
659.1797
659.1797
605.4687
605.4687
532.2266
532.2266
424.8047
424.8047
322.2656
322.2656
268.5547
268.5547
273.4375
273.4375
307.6172
307.6172
366.2109
366.2109
405.2734
405.2734
429.6875
429.6875
434.5703
434.5703
434.5703
434.5703
424.8047
424.8047
410.1562
410.1562
405.2734
405.2734
366.2109
366.2109
234.3750
234.3750
0.0000
0.0000
0.0000
0.0000
0.0000
0.0000
0.0000
0.0000
0.0000
0.0000
0.0000
0.0000
0.0000
0.0000
0.0000
0.0000
0.0000
0.0000
0.0000
0.0000
0.0000
0.0000
0.0000
0.0000
29.2969
29.2969
229.4922
229.4922
415.0391
415.0391
561.5234
561.5234
664.0625
664.0625
683.5937
683.5937
620.1172
620.1172
502.9297
502.9297
410.1562
410.1562
346.6797
346.6797
302.7344
302.7344
288.0859
288.0859
322.2656
322.2656
375.9766
375.9766
424.8047
424.8047
449.2187
449.2187
454.1016
454.1016
463.8672
463.8672
473.6328
473.6328
463.8672
463.8672
429.6875
429.6875
410.1562
410.1562
346.6797
346.6797
180.6641
180.6641
0.0000
0.0000
0.0000
0.0000
0.0000
0.0000
0.0000
0.0000
0.0000
0.0000
0.0000
0.0000
0.0000
0.0000
0.0000
0.0000
0.0000
0.0000
0.0000
0.0000
0.0000
0.0000
0.0000
0.0000
58.5937
58.5937
288.0859
288.0859
473.6328
473.6328
610.3516
610.3516
688.4766
688.4766
683.5937
683.5937
605.4687
605.4687
473.6328
473.6328
366.2109
366.2109
312.5000
312.5000
288.0859
288.0859
288.0859
288.0859
322.2656
322.2656
371.0937
371.0937
419.9219
419.9219
444.3359
444.3359
439.4531
439.4531
444.3359
444.3359
458.9844
458.9844
449.2187
449.2187
395.5078
395.5078
322.2656
322.2656
175.7812
175.7812
0.0000
0.0000
0.0000
0.0000
0.0000
0.0000
0.0000
0.0000
0.0000
0.0000
0.0000
0.0000
0.0000
0.0000
0.0000
0.0000
0.0000
0.0000
0.0000
0.0000
0.0000
0.0000
0.0000
0.0000
0.0000
0.0000
200.1953
200.1953
390.6250
390.6250
522.4609
522.4609
605.4687
605.4687
610.3516
610.3516
581.0547
581.0547
493.1641
493.1641
390.6250
390.6250
322.2656
322.2656
297.8516
297.8516
283.2031
283.2031
292.9687
292.9687
327.1484
327.1484
371.0937
371.0937
405.2734
405.2734
419.9219
419.9219
419.9219
419.9219
424.8047
424.8047
419.9219
419.9219
385.7422
385.7422
278.3203
278.3203
78.1250
78.1250
0.0000
0.0000
0.0000
0.0000
0.0000
0.0000
0.0000
0.0000
0.0000
0.0000
0.0000
0.0000
0.0000
0.0000
0.0000
0.0000
0.0000
0.0000
0.0000
0.0000
0.0000
0.0000
0.0000
0.0000
141.6016
141.6016
351.5625
351.5625
541.9922
541.9922
668.9453
668.9453
703.1250
703.1250
649.4141
649.4141
546.8750
546.8750
454.1016
454.1016
380.8594
380.8594
317.3828
317.3828
297.8516
297.8516
322.2656
322.2656
356.4453
356.4453
380.8594
380.8594
395.5078
395.5078
405.2734
405.2734
439.4531
439.4531
454.1016
454.1016
454.1016
454.1016
395.5078
395.5078
327.1484
327.1484
185.5469
185.5469
0.0000
0.0000
0.0000
0.0000
0.0000
0.0000
0.0000
0.0000
0.0000
0.0000
0.0000
0.0000
0.0000
0.0000
0.0000
0.0000
0.0000
0.0000
0.0000
0.0000
0.0000
0.0000
0.0000
0.0000
0.0000
0.0000
166.0156
166.0156
356.4453
356.4453
498.0469
498.0469
600.5859
600.5859
649.4141
649.4141
629.8828
629.8828
532.2266
532.2266
419.9219
419.9219
336.9141
336.9141
312.5000
312.5000
297.8516
297.8516
297.8516
297.8516
327.1484
327.1484
371.0937
371.0937
400.3906
400.3906
415.0391
415.0391
415.0391
415.0391
429.6875
429.6875
449.2187
449.2187
444.3359
444.3359
415.0391
415.0391
366.2109
366.2109
244.1406
244.1406
0.0000
0.0000
0.0000
0.0000
0.0000
0.0000
0.0000
0.0000
0.0000
0.0000
0.0000
0.0000
0.0000
0.0000
0.0000
0.0000
0.0000
0.0000
0.0000
0.0000
0.0000
0.0000
0.0000
0.0000
0.0000
0.0000
0.0000
0.0000
209.9609
209.9609
395.5078
395.5078
522.4609
522.4609
581.0547
581.0547
566.4062
566.4062
488.2812
488.2812
380.8594
380.8594
292.9687
292.9687
249.0234
249.0234
234.3750
234.3750
244.1406
244.1406
263.6719
263.6719
307.6172
307.6172
366.2109
366.2109
400.3906
400.3906
400.3906
400.3906
390.6250
390.6250
400.3906
400.3906
375.9766
375.9766
336.9141
336.9141
258.7891
258.7891
87.8906
87.8906
0.0000
0.0000
0.0000
0.0000
0.0000
0.0000
0.0000
0.0000
0.0000
0.0000
0.0000
0.0000
0.0000
0.0000
0.0000
0.0000
0.0000
0.0000
0.0000
0.0000
0.0000
0.0000
0.0000
0.0000
0.0000
0.0000
180.6641
180.6641
380.8594
380.8594
532.2266
532.2266
610.3516
610.3516
610.3516
610.3516
590.8203
502.9297
502.9297
502.9297
415.0391
415.0391
341.7969
341.7969
297.8516
297.8516
288.0859
288.0859
302.7344
302.7344
317.3828
317.3828
346.6797
346.6797
390.6250
390.6250
424.8047
424.8047
439.4531
439.4531
449.2187
449.2187
424.8047
424.8047
375.9766
375.9766
263.6719
263.6719
34.1797
34.1797
0.0000
0.0000
0.0000
0.0000
0.0000
0.0000
0.0000
0.0000
0.0000
0.0000
0.0000
0.0000
0.0000
0.0000
0.0000
0.0000
0.0000
0.0000
0.0000
0.0000
0.0000
0.0000
0.0000
0.0000
0.0000
190.4297
190.4297
380.8594
380.8594
532.2266
532.2266
615.2344
615.2344
595.7031
595.7031
595.7031
507.8125
415.0391
415.0391
336.9141
336.9141
278.3203
278.3203
258.7891
258.7891
258.7891
258.7891
302.7344
302.7344
341.7969
341.7969
366.2109
366.2109
375.9766
375.9766
415.0391
415.0391
434.5703
434.5703
458.9844
458.9844
454.1016
454.1016
419.9219
419.9219
346.6797
346.6797
209.9609
209.9609
0.0000
0.0000
0.0000
0.0000
0.0000
0.0000
0.0000
0.0000
0.0000
0.0000
0.0000
0.0000
0.0000
0.0000
0.0000
0.0000
0.0000
0.0000
0.0000
0.0000
0.0000
0.0000
0.0000
0.0000
0.0000
0.0000
214.8437
214.8437
410.1562
410.1562
551.7578
551.7578
649.4141
649.4141
688.4766
688.4766
654.2969
654.2969
561.5234
561.5234
454.1016
454.1016
375.9766
375.9766
341.7969
341.7969
317.3828
317.3828
322.2656
322.2656
356.4453
356.4453
400.3906
400.3906
415.0391
415.0391
424.8047
424.8047
439.4531
439.4531
468.7500
468.7500
463.8672
463.8672
429.6875
429.6875
317.3828
317.3828
87.8906
87.8906
0.0000
0.0000
0.0000
0.0000
0.0000
0.0000
0.0000
0.0000
0.0000
0.0000
0.0000
0.0000
0.0000
0.0000
0.0000
0.0000
0.0000
0.0000
0.0000
0.0000
0.0000
0.0000
0.0000
0.0000
0.0000
0.0000
195.3125
195.3125
400.3906
400.3906
537.1094
537.1094
576.1719
576.1719
556.6406
556.6406
483.3984
483.3984
380.8594
380.8594
292.9687
292.9687
244.1406
244.1406
244.1406
244.1406
268.5547
268.5547
302.7344
302.7344
307.6172
307.6172
336.9141
336.9141
366.2109
366.2109
385.7422
385.7422
390.6250
390.6250
400.3906
400.3906
424.8047
424.8047
415.0391
415.0391
366.2109
366.2109
224.6094
224.6094
0.0000
0.0000
0.0000
0.0000
0.0000
0.0000
0.0000
0.0000
0.0000
0.0000
0.0000
0.0000
0.0000
0.0000
0.0000
0.0000
0.0000
0.0000
0.0000
0.0000
0.0000
0.0000
0.0000
0.0000
0.0000
0.0000
14.6484
14.6484
209.9609
209.9609
385.7422
385.7422
502.9297
502.9297
517.5781
517.5781
483.3984
483.3984
400.3906
400.3906
332.0312
332.0312
273.4375
273.4375
249.0234
249.0234
244.1406
244.1406
283.2031
283.2031
312.5000
312.5000
332.0312
332.0312
346.6797
346.6797
366.2109
366.2109
385.7422
385.7422
415.0391
415.0391
419.9219
419.9219
405.2734
405.2734
380.8594
380.8594
302.7344
302.7344
102.5391
102.5391
0.0000
0.0000
0.0000
0.0000
0.0000
0.0000
0.0000
0.0000
0.0000
0.0000
0.0000
0.0000
0.0000
0.0000
0.0000
0.0000
0.0000
0.0000
0.0000
0.0000
0.0000
0.0000
0.0000
0.0000
34.1797
34.1797
258.7891
258.7891
454.1016
454.1016
610.3516
610.3516
683.5937
683.5937
644.5312
644.5312
546.8750
546.8750
429.6875
429.6875
341.7969
341.7969
302.7344
302.7344
283.2031
283.2031
288.0859
288.0859
332.0312
332.0312
366.2109
366.2109
400.3906
400.3906
410.1562
410.1562
419.9219
419.9219
439.4531
439.4531
454.1016
454.1016
415.0391
415.0391
327.1484
327.1484
195.3125
195.3125
0.0000
0.0000
0.0000
0.0000
0.0000
0.0000
0.0000
0.0000
0.0000
0.0000
0.0000
0.0000
0.0000
0.0000
0.0000
0.0000
0.0000
0.0000
0.0000
0.0000
0.0000
0.0000
0.0000
0.0000
0.0000
0.0000
175.7812
175.7812
390.6250
390.6250
556.6406
556.6406
664.0625
664.0625
693.3594
693.3594
668.9453
668.9453
576.1719
576.1719
463.8672
463.8672
375.9766
375.9766
327.1484
327.1484
327.1484
327.1484
341.7969
341.7969
351.5625
351.5625
380.8594
380.8594
419.9219
419.9219
444.3359
444.3359
449.2187
449.2187
463.8672
463.8672
473.6328
473.6328
468.7500
468.7500
429.6875
429.6875
297.8516
297.8516
53.7109
53.7109
0.0000
0.0000
0.0000
0.0000
0.0000
0.0000
0.0000
0.0000
0.0000
0.0000
0.0000
0.0000
0.0000
0.0000
0.0000
0.0000
0.0000
0.0000
0.0000
0.0000
0.0000
0.0000
0.0000
0.0000
53.7109
53.7109
278.3203
278.3203
468.7500
468.7500
595.7031
595.7031
620.1172
620.1172
571.2891
571.2891
478.5156
478.5156
390.6250
390.6250
317.3828
317.3828
278.3203
278.3203
268.5547
268.5547
288.0859
288.0859
317.3828
317.3828
341.7969
341.7969
366.2109
366.2109
385.7422
385.7422
400.3906
400.3906
415.0391
415.0391
424.8047
424.8047
410.1562
410.1562
371.0937
371.0937
288.0859
288.0859
73.2422
73.2422
0.0000
0.0000
0.0000
0.0000
0.0000
0.0000
0.0000
0.0000
0.0000
0.0000
0.0000
0.0000
0.0000
0.0000
0.0000
0.0000
0.0000
0.0000
0.0000
0.0000
0.0000
0.0000
9.7656
9.7656
234.3750
234.3750
424.8047
424.8047
561.5234
561.5234
664.0625
664.0625
703.1250
703.1250
654.2969
654.2969
546.8750
546.8750
434.5703
434.5703
356.4453
356.4453
332.0312
332.0312
327.1484
327.1484
346.6797
346.6797
375.9766
375.9766
400.3906
400.3906
410.1562
410.1562
405.2734
405.2734
419.9219
419.9219
434.5703
434.5703
454.1016
454.1016
439.4531
439.4531
390.6250
390.6250
258.7891
258.7891
0.0000
0.0000
0.0000
0.0000
0.0000
0.0000
0.0000
0.0000
0.0000
0.0000
0.0000
0.0000
0.0000
0.0000
0.0000
0.0000
0.0000
0.0000
0.0000
0.0000
0.0000
0.0000
0.0000
0.0000
0.0000
0.0000
83.0078
83.0078
307.6172
307.6172
473.6328
473.6328
556.6406
556.6406
581.0547
581.0547
537.1094
537.1094
434.5703
434.5703
327.1484
327.1484
249.0234
249.0234
224.6094
224.6094
249.0234
249.0234
288.0859
288.0859
317.3828
317.3828
341.7969
341.7969
371.0937
371.0937
380.8594
380.8594
366.2109
366.2109
361.3281
361.3281
361.3281
361.3281
346.6797
346.6797
297.8516
297.8516
126.9531
126.9531
0.0000
0.0000
0.0000
0.0000
0.0000
0.0000
0.0000
0.0000
0.0000
0.0000
0.0000
0.0000
0.0000
0.0000
0.0000
0.0000
0.0000
0.0000
0.0000
0.0000
0.0000
0.0000
0.0000
0.0000
24.4141
24.4141
234.3750
234.3750
405.2734
405.2734
551.7578
551.7578
629.8828
629.8828
625.0000
625.0000
551.7578
551.7578
454.1016
454.1016
366.2109
366.2109
302.7344
302.7344
268.5547
268.5547
288.0859
288.0859
336.9141
336.9141
366.2109
366.2109
385.7422
385.7422
395.5078
395.5078
419.9219
419.9219
439.4531
439.4531
434.5703
434.5703
415.0391
415.0391
400.3906
400.3906
380.8594
380.8594
263.6719
263.6719
0.0000
0.0000
0.0000
0.0000
0.0000
0.0000
0.0000
0.0000
0.0000
0.0000
0.0000
0.0000
0.0000
0.0000
0.0000
0.0000
0.0000
0.0000
0.0000
0.0000
0.0000
0.0000
0.0000
0.0000
0.0000
0.0000
170.8984
170.8984
375.9766
375.9766
537.1094
537.1094
654.2969
654.2969
688.4766
688.4766
620.1172
620.1172
517.5781
517.5781
390.6250
390.6250
302.7344
302.7344
268.5547
268.5547
263.6719
263.6719
278.3203
278.3203
327.1484
327.1484
375.9766
375.9766
405.2734
405.2734
410.1562
410.1562
419.9219
419.9219
419.9219
419.9219
419.9219
419.9219
380.8594
380.8594
288.0859
288.0859
117.1875
117.1875
0.0000
0.0000
0.0000
0.0000
0.0000
0.0000
0.0000
0.0000
0.0000
0.0000
0.0000
0.0000
0.0000
0.0000
0.0000
0.0000
0.0000
0.0000
0.0000
0.0000
0.0000
0.0000
0.0000
0.0000
0.0000
0.0000
146.4844
146.4844
341.7969
341.7969
478.5156
478.5156
561.5234
561.5234
590.8203
590.8203
576.1719
576.1719
483.3984
483.3984
390.6250
390.6250
302.7344
302.7344
273.4375
273.4375
283.2031
283.2031
302.7344
302.7344
317.3828
317.3828
351.5625
351.5625
375.9766
375.9766
395.5078
395.5078
400.3906
400.3906
405.2734
405.2734
410.1562
410.1562
400.3906
400.3906
346.6797
346.6797
175.7812
175.7812
0.0000
0.0000
0.0000
0.0000
0.0000
0.0000
0.0000
0.0000
0.0000
0.0000
0.0000
0.0000
0.0000
0.0000
0.0000
0.0000
0.0000
0.0000
0.0000
0.0000
0.0000
0.0000
0.0000
0.0000
0.0000
0.0000
151.3672
151.3672
346.6797
346.6797
517.5781
517.5781
610.3516
610.3516
615.2344
615.2344
566.4062
566.4062
478.5156
478.5156
395.5078
395.5078
302.7344
302.7344
258.7891
258.7891
268.5547
268.5547
317.3828
317.3828
341.7969
341.7969
361.3281
361.3281
375.9766
375.9766
400.3906
400.3906
410.1562
410.1562
415.0391
415.0391
385.7422
385.7422
356.4453
356.4453
297.8516
297.8516
136.7187
136.7187
0.0000
0.0000
0.0000
0.0000
0.0000
0.0000
0.0000
0.0000
0.0000
0.0000
0.0000
0.0000
0.0000
0.0000
0.0000
0.0000
0.0000
0.0000
0.0000
0.0000
0.0000
0.0000
0.0000
0.0000
92.7734
92.7734
297.8516
297.8516
454.1016
454.1016
551.7578
551.7578
615.2344
610.3516
610.3516
610.3516
537.1094
537.1094
429.6875
429.6875
346.6797
346.6797
297.8516
297.8516
297.8516
297.8516
307.6172
307.6172
322.2656
322.2656
380.8594
380.8594
424.8047
439.4531
439.4531
439.4531
439.4531
439.4531
444.3359
444.3359
444.3359
444.3359
415.0391
415.0391
356.4453
356.4453
209.9609
209.9609
0.0000
0.0000
0.0000
0.0000
0.0000
0.0000
0.0000
0.0000
0.0000
0.0000
0.0000
0.0000
0.0000
0.0000
0.0000
0.0000
0.0000
0.0000
0.0000
0.0000
0.0000
0.0000
0.0000
24.4141
24.4141
244.1406
244.1406
449.2187
449.2187
595.7031
595.7031
654.2969
654.2969
625.0000
625.0000
541.9922
541.9922
449.2187
449.2187
356.4453
356.4453
297.8516
297.8516
263.6719
263.6719
278.3203
278.3203
307.6172
307.6172
341.7969
341.7969
361.3281
361.3281
390.6250
390.6250
419.9219
419.9219
444.3359
444.3359
449.2187
449.2187
415.0391
415.0391
356.4453
356.4453
263.6719
263.6719
83.0078
83.0078
0.0000
0.0000
0.0000
0.0000
0.0000
0.0000
0.0000
0.0000
0.0000
0.0000
0.0000
0.0000
0.0000
0.0000
0.0000
0.0000
0.0000
0.0000
0.0000
0.0000
0.0000
0.0000
0.0000
0.0000
166.0156
166.0156
361.3281
361.3281
512.6953
512.6953
620.1172
620.1172
673.8281
673.8281
644.5312
644.5312
546.8750
546.8750
439.4531
439.4531
371.0937
371.0937
317.3828
317.3828
292.9687
292.9687
288.0859
288.0859
312.5000
312.5000
366.2109
366.2109
390.6250
390.6250
410.1562
410.1562
419.9219
419.9219
439.4531
439.4531
434.5703
434.5703
400.3906
400.3906
292.9687
292.9687
78.1250
78.1250
0.0000
0.0000
0.0000
0.0000
0.0000
0.0000
0.0000
0.0000
0.0000
0.0000
0.0000
0.0000
0.0000
0.0000
0.0000
0.0000
0.0000
0.0000
0.0000
0.0000
0.0000
0.0000
0.0000
0.0000
34.1797
34.1797
263.6719
263.6719
468.7500
468.7500
595.7031
595.7031
639.6484
639.6484
605.4687
605.4687
532.2266
532.2266
429.6875
429.6875
341.7969
341.7969
283.2031
283.2031
263.6719
263.6719
288.0859
288.0859
317.3828
317.3828
332.0312
332.0312
351.5625
351.5625
380.8594
380.8594
400.3906
400.3906
410.1562
410.1562
410.1562
410.1562
385.7422
385.7422
312.5000
312.5000
131.8359
131.8359
0.0000
0.0000
0.0000
0.0000
0.0000
0.0000
0.0000
0.0000
0.0000
0.0000
0.0000
0.0000
0.0000
0.0000
0.0000
0.0000
0.0000
0.0000
0.0000
0.0000
0.0000
0.0000
0.0000
0.0000
0.0000
0.0000
24.4141
24.4141
234.3750
234.3750
385.7422
385.7422
488.2812
488.2812
522.4609
522.4609
478.5156
478.5156
380.8594
380.8594
297.8516
297.8516
244.1406
244.1406
234.3750
234.3750
234.3750
234.3750
249.0234
249.0234
283.2031
283.2031
322.2656
322.2656
341.7969
341.7969
346.6797
346.6797
371.0937
371.0937
385.7422
385.7422
371.0937
371.0937
322.2656
322.2656
205.0781
205.0781
0.0000
0.0000
0.0000
0.0000
0.0000
0.0000
0.0000
0.0000
0.0000
0.0000
0.0000
0.0000
0.0000
0.0000
0.0000
0.0000
0.0000
0.0000
0.0000
0.0000
0.0000
0.0000
0.0000
0.0000
0.0000
0.0000
0.0000
0.0000
97.6562
97.6562
327.1484
327.1484
463.8672
463.8672
537.1094
537.1094
551.7578
551.7578
478.5156
478.5156
371.0937
371.0937
268.5547
268.5547
205.0781
205.0781
209.9609
209.9609
244.1406
244.1406
278.3203
278.3203
312.5000
312.5000
346.6797
346.6797
371.0937
371.0937
380.8594
380.8594
380.8594
380.8594
385.7422
385.7422
405.2734
405.2734
434.5703
434.5703
410.1562
410.1562
327.1484
327.1484
131.8359
131.8359
0.0000
0.0000
0.0000
0.0000
0.0000
0.0000
0.0000
0.0000
0.0000
0.0000
0.0000
0.0000
0.0000
0.0000
0.0000
0.0000
0.0000
0.0000
0.0000
0.0000
0.0000
0.0000
0.0000
0.0000
53.7109
53.7109
278.3203
278.3203
468.7500
468.7500
600.5859
600.5859
659.1797
659.1797
644.5312
644.5312
576.1719
576.1719
463.8672
463.8672
366.2109
366.2109
297.8516
297.8516
292.9687
292.9687
317.3828
317.3828
351.5625
351.5625
380.8594
380.8594
415.0391
415.0391
429.6875
429.6875
444.3359
444.3359
463.8672
463.8672
454.1016
454.1016
449.2187
449.2187
429.6875
429.6875
327.1484
327.1484
87.8906
87.8906
0.0000
0.0000
0.0000
0.0000
0.0000
0.0000
0.0000
0.0000
0.0000
0.0000
0.0000
0.0000
0.0000
0.0000
0.0000
0.0000
0.0000
0.0000
0.0000
0.0000
0.0000
0.0000
0.0000
0.0000
200.1953
200.1953
410.1562
410.1562
585.9375
585.9375
717.7734
717.7734
761.7187
761.7187
712.8906
712.8906
600.5859
600.5859
478.5156
478.5156
385.7422
385.7422
341.7969
341.7969
327.1484
327.1484
341.7969
341.7969
385.7422
385.7422
419.9219
419.9219
439.4531
439.4531
454.1016
454.1016
473.6328
473.6328
473.6328
473.6328
449.2187
449.2187
380.8594
380.8594
244.1406
244.1406
19.5312
19.5312
0.0000
0.0000
0.0000
0.0000
0.0000
0.0000
0.0000
0.0000
0.0000
0.0000
0.0000
0.0000
0.0000
0.0000
0.0000
0.0000
0.0000
0.0000
0.0000
0.0000
0.0000
0.0000
0.0000
0.0000
29.2969
29.2969
219.7266
219.7266
395.5078
395.5078
502.9297
502.9297
546.8750
546.8750
561.5234
561.5234
512.6953
512.6953
434.5703
434.5703
346.6797
346.6797
283.2031
283.2031
283.2031
283.2031
307.6172
307.6172
336.9141
336.9141
346.6797
346.6797
375.9766
375.9766
395.5078
395.5078
410.1562
410.1562
410.1562
410.1562
410.1562
410.1562
410.1562
410.1562
405.2734
405.2734
356.4453
356.4453
205.0781
205.0781
0.0000
0.0000
0.0000
0.0000
0.0000
0.0000
0.0000
0.0000
0.0000
0.0000
0.0000
0.0000
0.0000
0.0000
0.0000
0.0000
0.0000
0.0000
0.0000
0.0000
0.0000
0.0000
0.0000
0.0000
0.0000
0.0000
102.5391
102.5391
322.2656
322.2656
507.8125
507.8125
600.5859
600.5859
615.2344
615.2344
561.5234
561.5234
463.8672
463.8672
375.9766
375.9766
302.7344
302.7344
263.6719
263.6719
268.5547
268.5547
312.5000
312.5000
346.6797
346.6797
375.9766
375.9766
400.3906
400.3906
419.9219
419.9219
429.6875
429.6875
439.4531
439.4531
405.2734
405.2734
366.2109
366.2109
307.6172
307.6172
166.0156
166.0156
0.0000
0.0000
0.0000
0.0000
0.0000
0.0000
0.0000
0.0000
0.0000
0.0000
0.0000
0.0000
0.0000
0.0000
0.0000
0.0000
0.0000
0.0000
0.0000
0.0000
0.0000
0.0000
0.0000
0.0000
209.9609
209.9609
419.9219
419.9219
566.4062
566.4062
678.7109
678.7109
747.0703
747.0703
747.0703
747.0703
654.2969
654.2969
537.1094
537.1094
434.5703
434.5703
371.0937
371.0937
346.6797
346.6797
346.6797
346.6797
361.3281
361.3281
415.0391
415.0391
458.9844
458.9844
483.3984
483.3984
498.0469
498.0469
507.8125
507.8125
498.0469
498.0469
449.2187
449.2187
361.3281
361.3281
156.2500
156.2500
0.0000
0.0000
0.0000
0.0000
0.0000
0.0000
0.0000
0.0000
0.0000
0.0000
0.0000
0.0000
0.0000
0.0000
0.0000
0.0000
0.0000
0.0000
0.0000
0.0000
0.0000
0.0000
0.0000
0.0000
0.0000
0.0000
53.7109
53.7109
268.5547
268.5547
439.4531
439.4531
541.9922
541.9922
551.7578
551.7578
517.5781
517.5781
449.2187
449.2187
375.9766
375.9766
307.6172
307.6172
258.7891
258.7891
253.9062
253.9062
283.2031
283.2031
307.6172
307.6172
317.3828
317.3828
346.6797
346.6797
385.7422
385.7422
415.0391
415.0391
424.8047
424.8047
410.1562
410.1562
356.4453
356.4453
229.4922
229.4922
0.0000
0.0000
0.0000
0.0000
0.0000
0.0000
0.0000
0.0000
0.0000
0.0000
0.0000
0.0000
0.0000
0.0000
0.0000
0.0000
0.0000
0.0000
0.0000
0.0000
0.0000
0.0000
0.0000
0.0000
0.0000
0.0000
0.0000
0.0000
122.0703
122.0703
302.7344
302.7344
449.2187
449.2187
541.9922
541.9922
546.8750
546.8750
488.2812
488.2812
415.0391
415.0391
346.6797
346.6797
312.5000
312.5000
302.7344
302.7344
292.9687
292.9687
307.6172
307.6172
336.9141
336.9141
361.3281
361.3281
361.3281
361.3281
380.8594
380.8594
410.1562
410.1562
449.2187
449.2187
454.1016
454.1016
429.6875
429.6875
385.7422
385.7422
283.2031
283.2031
53.7109
53.7109
0.0000
0.0000
0.0000
0.0000
0.0000
0.0000
0.0000
0.0000
0.0000
0.0000
0.0000
0.0000
