0.0000
0.0000
0.0000
0.0000
0.0000
0.0000
0.0000
48.8281
48.8281
219.7266
219.7266
346.6797
346.6797
424.8047
424.8047
434.5703
434.5703
419.9219
419.9219
361.3281
361.3281
327.1484
327.1484
292.9687
292.9687
278.3203
278.3203
273.4375
273.4375
283.2031
283.2031
317.3828
317.3828
346.6797
346.6797
371.0937
371.0937
395.5078
395.5078
419.9219
419.9219
434.5703
434.5703
458.9844
458.9844
444.3359
444.3359
400.3906
400.3906
249.0234
249.0234
4.8828
4.8828
0.0000
0.0000
0.0000
0.0000
0.0000
0.0000
0.0000
0.0000
0.0000
0.0000
0.0000
0.0000
0.0000
0.0000
0.0000
0.0000
0.0000
0.0000
0.0000
0.0000
0.0000
0.0000
0.0000
0.0000
9.7656
9.7656
219.7266
219.7266
410.1562
410.1562
541.9922
541.9922
625.0000
625.0000
634.7656
634.7656
585.9375
585.9375
493.1641
493.1641
405.2734
405.2734
346.6797
346.6797
336.9141
336.9141
361.3281
361.3281
385.7422
385.7422
429.6875
429.6875
468.7500
468.7500
517.5781
517.5781
532.2266
532.2266
522.4609
522.4609
488.2812
488.2812
458.9844
458.9844
395.5078
395.5078
239.2578
239.2578
0.0000
0.0000
0.0000
0.0000
0.0000
0.0000
0.0000
0.0000
0.0000
0.0000
0.0000
0.0000
0.0000
0.0000
0.0000
0.0000
0.0000
0.0000
0.0000
0.0000
0.0000
0.0000
0.0000
0.0000
0.0000
0.0000
58.5937
58.5937
268.5547
268.5547
439.4531
439.4531
561.5234
561.5234
610.3516
610.3516
634.7656
634.7656
585.9375
585.9375
522.4609
522.4609
434.5703
434.5703
390.6250
390.6250
375.9766
375.9766
395.5078
395.5078
424.8047
424.8047
449.2187
449.2187
468.7500
468.7500
483.3984
483.3984
502.9297
502.9297
522.4609
522.4609
541.9922
541.9922
546.8750
546.8750
532.2266
532.2266
493.1641
493.1641
336.9141
336.9141
78.1250
78.1250
0.0000
0.0000
0.0000
0.0000
0.0000
0.0000
0.0000
0.0000
0.0000
0.0000
0.0000
0.0000
0.0000
0.0000
0.0000
0.0000
0.0000
0.0000
0.0000
0.0000
0.0000
0.0000
0.0000
0.0000
126.9531
126.9531
322.2656
322.2656
493.1641
493.1641
605.4687
605.4687
649.4141
649.4141
625.0000
625.0000
541.9922
541.9922
454.1016
454.1016
361.3281
361.3281
312.5000
312.5000
307.6172
307.6172
366.2109
366.2109
410.1562
410.1562
454.1016
454.1016
478.5156
478.5156
502.9297
502.9297
507.8125
507.8125
512.6953
512.6953
493.1641
493.1641
468.7500
468.7500
405.2734
405.2734
288.0859
288.0859
48.8281
48.8281
0.0000
0.0000
0.0000
0.0000
0.0000
0.0000
0.0000
0.0000
0.0000
0.0000
0.0000
0.0000
0.0000
0.0000
0.0000
0.0000
0.0000
0.0000
0.0000
0.0000
0.0000
0.0000
0.0000
0.0000
43.9453
43.9453
268.5547
268.5547
434.5703
434.5703
551.7578
551.7578
605.4687
605.4687
605.4687
605.4687
561.5234
561.5234
493.1641
493.1641
424.8047
424.8047
361.3281
361.3281
332.0312
332.0312
336.9141
336.9141
361.3281
361.3281
390.6250
390.6250
424.8047
424.8047
439.4531
439.4531
463.8672
463.8672
478.5156
478.5156
498.0469
498.0469
498.0469
498.0469
473.6328
473.6328
375.9766
375.9766
180.6641
180.6641
0.0000
0.0000
0.0000
0.0000
0.0000
0.0000
0.0000
0.0000
0.0000
0.0000
0.0000
0.0000
0.0000
0.0000
0.0000
0.0000
0.0000
0.0000
0.0000
0.0000
0.0000
0.0000
0.0000
0.0000
9.7656
9.7656
224.6094
224.6094
405.2734
405.2734
522.4609
522.4609
576.1719
576.1719
556.6406
556.6406
493.1641
493.1641
419.9219
419.9219
351.5625
351.5625
307.6172
307.6172
292.9687
292.9687
322.2656
322.2656
351.5625
351.5625
400.3906
400.3906
429.6875
429.6875
463.8672
463.8672
478.5156
478.5156
483.3984
483.3984
463.8672
463.8672
434.5703
434.5703
375.9766
375.9766
268.5547
268.5547
39.0625
39.0625
0.0000
0.0000
0.0000
0.0000
0.0000
0.0000
0.0000
0.0000
0.0000
0.0000
0.0000
0.0000
0.0000
0.0000
0.0000
0.0000
0.0000
0.0000
0.0000
0.0000
0.0000
0.0000
0.0000
0.0000
0.0000
0.0000
200.1953
200.1953
356.4453
356.4453
517.5781
517.5781
595.7031
595.7031
625.0000
625.0000
595.7031
595.7031
522.4609
522.4609
444.3359
444.3359
395.5078
395.5078
356.4453
356.4453
346.6797
346.6797
366.2109
366.2109
385.7422
385.7422
424.8047
424.8047
444.3359
444.3359
478.5156
478.5156
478.5156
478.5156
498.0469
498.0469
498.0469
498.0469
498.0469
498.0469
478.5156
478.5156
380.8594
380.8594
156.2500
156.2500
0.0000
0.0000
0.0000
0.0000
0.0000
0.0000
0.0000
0.0000
0.0000
0.0000
0.0000
0.0000
0.0000
0.0000
0.0000
0.0000
0.0000
0.0000
0.0000
0.0000
0.0000
0.0000
0.0000
0.0000
58.5937
58.5937
268.5547
268.5547
415.0391
415.0391
556.6406
556.6406
625.0000
625.0000
634.7656
634.7656
571.2891
571.2891
498.0469
498.0469
395.5078
395.5078
346.6797
346.6797
336.9141
336.9141
361.3281
361.3281
400.3906
400.3906
429.6875
429.6875
488.2812
527.3437
527.3437
527.3437
541.9922
541.9922
522.4609
522.4609
483.3984
483.3984
429.6875
429.6875
332.0312
332.0312
141.6016
141.6016
0.0000
0.0000
0.0000
0.0000
0.0000
0.0000
0.0000
0.0000
0.0000
0.0000
0.0000
0.0000
0.0000
0.0000
0.0000
0.0000
0.0000
0.0000
0.0000
0.0000
0.0000
0.0000
0.0000
0.0000
0.0000
0.0000
161.1328
161.1328
356.4453
356.4453
522.4609
522.4609
605.4687
605.4687
649.4141
649.4141
625.0000
625.0000
566.4062
566.4062
473.6328
400.3906
400.3906
351.5625
351.5625
361.3281
361.3281
380.8594
380.8594
419.9219
419.9219
449.2187
449.2187
463.8672
463.8672
468.7500
468.7500
488.2812
488.2812
502.9297
502.9297
517.5781
517.5781
507.8125
507.8125
473.6328
473.6328
371.0937
371.0937
126.9531
126.9531
0.0000
0.0000
0.0000
0.0000
0.0000
0.0000
0.0000
0.0000
0.0000
0.0000
0.0000
0.0000
0.0000
0.0000
0.0000
0.0000
0.0000
0.0000
0.0000
0.0000
0.0000
0.0000
0.0000
0.0000
34.1797
34.1797
239.2578
239.2578
410.1562
410.1562
537.1094
537.1094
576.1719
576.1719
556.6406
556.6406
488.2812
488.2812
424.8047
424.8047
346.6797
346.6797
307.6172
307.6172
292.9687
292.9687
327.1484
327.1484
361.3281
361.3281
405.2734
405.2734
424.8047
424.8047
444.3359
444.3359
449.2187
449.2187
463.8672
463.8672
483.3984
483.3984
483.3984
483.3984
449.2187
449.2187
375.9766
375.9766
170.8984
170.8984
0.0000
0.0000
0.0000
0.0000
0.0000
0.0000
0.0000
0.0000
0.0000
0.0000
0.0000
0.0000
0.0000
0.0000
0.0000
0.0000
0.0000
0.0000
0.0000
0.0000
0.0000
0.0000
0.0000
0.0000
0.0000
0.0000
39.0625
39.0625
229.4922
229.4922
380.8594
380.8594
498.0469
498.0469
537.1094
537.1094
527.3437
527.3437
468.7500
468.7500
419.9219
419.9219
356.4453
356.4453
332.0312
332.0312
317.3828
317.3828
327.1484
327.1484
351.5625
351.5625
385.7422
385.7422
405.2734
405.2734
424.8047
424.8047
439.4531
439.4531
454.1016
454.1016
478.5156
478.5156
488.2812
488.2812
463.8672
463.8672
395.5078
395.5078
205.0781
205.0781
0.0000
0.0000
0.0000
0.0000
0.0000
0.0000
0.0000
0.0000
0.0000
0.0000
0.0000
0.0000
0.0000
0.0000
0.0000
0.0000
0.0000
0.0000
0.0000
0.0000
0.0000
0.0000
0.0000
0.0000
0.0000
0.0000
112.3047
112.3047
351.5625
351.5625
532.2266
532.2266
659.1797
659.1797
703.1250
703.1250
673.8281
673.8281
576.1719
576.1719
473.6328
473.6328
380.8594
380.8594
341.7969
341.7969
336.9141
336.9141
356.4453
356.4453
410.1562
410.1562
473.6328
473.6328
502.9297
502.9297
522.4609
522.4609
512.6953
512.6953
507.8125
507.8125
493.1641
493.1641
454.1016
454.1016
380.8594
380.8594
224.6094
224.6094
0.0000
0.0000
0.0000
0.0000
0.0000
0.0000
0.0000
0.0000
0.0000
0.0000
0.0000
0.0000
0.0000
0.0000
0.0000
0.0000
0.0000
0.0000
0.0000
0.0000
0.0000
0.0000
0.0000
0.0000
0.0000
0.0000
151.3672
151.3672
341.7969
341.7969
498.0469
498.0469
620.1172
620.1172
664.0625
664.0625
659.1797
659.1797
600.5859
600.5859
532.2266
532.2266
458.9844
458.9844
419.9219
419.9219
385.7422
385.7422
375.9766
375.9766
410.1562
410.1562
434.5703
434.5703
468.7500
468.7500
498.0469
498.0469
512.6953
512.6953
522.4609
522.4609
537.1094
537.1094
541.9922
541.9922
527.3437
527.3437
454.1016
454.1016
263.6719
263.6719
0.0000
0.0000
0.0000
0.0000
0.0000
0.0000
0.0000
0.0000
0.0000
0.0000
0.0000
0.0000
0.0000
0.0000
0.0000
0.0000
0.0000
0.0000
0.0000
0.0000
0.0000
0.0000
0.0000
0.0000
0.0000
0.0000
0.0000
0.0000
185.5469
185.5469
366.2109
366.2109
517.5781
517.5781
595.7031
595.7031
595.7031
595.7031
532.2266
532.2266
439.4531
439.4531
361.3281
361.3281
327.1484
327.1484
312.5000
312.5000
317.3828
317.3828
356.4453
356.4453
400.3906
400.3906
463.8672
463.8672
498.0469
498.0469
498.0469
498.0469
478.5156
478.5156
444.3359
444.3359
400.3906
400.3906
361.3281
361.3281
205.0781
205.0781
0.0000
0.0000
0.0000
0.0000
0.0000
0.0000
0.0000
0.0000
0.0000
0.0000
0.0000
0.0000
0.0000
0.0000
0.0000
0.0000
0.0000
0.0000
0.0000
0.0000
0.0000
0.0000
0.0000
0.0000
0.0000
0.0000
156.2500
156.2500
332.0312
332.0312
493.1641
493.1641
590.8203
590.8203
654.2969
654.2969
649.4141
649.4141
600.5859
600.5859
517.5781
517.5781
439.4531
439.4531
390.6250
390.6250
385.7422
385.7422
395.5078
395.5078
424.8047
424.8047
439.4531
439.4531
458.9844
458.9844
488.2812
488.2812
507.8125
507.8125
527.3437
527.3437
541.9922
541.9922
556.6406
556.6406
527.3437
527.3437
473.6328
473.6328
292.9687
292.9687
14.6484
14.6484
0.0000
0.0000
0.0000
0.0000
0.0000
0.0000
0.0000
0.0000
0.0000
0.0000
0.0000
0.0000
0.0000
0.0000
0.0000
0.0000
0.0000
0.0000
0.0000
0.0000
0.0000
0.0000
0.0000
0.0000
102.5391
102.5391
307.6172
307.6172
488.2812
488.2812
585.9375
585.9375
644.5312
644.5312
610.3516
610.3516
546.8750
546.8750
434.5703
434.5703
356.4453
356.4453
297.8516
297.8516
312.5000
312.5000
346.6797
346.6797
395.5078
395.5078
429.6875
429.6875
463.8672
463.8672
488.2812
488.2812
493.1641
493.1641
493.1641
493.1641
468.7500
468.7500
415.0391
415.0391
336.9141
336.9141
141.6016
141.6016
0.0000
0.0000
0.0000
0.0000
0.0000
0.0000
0.0000
0.0000
0.0000
0.0000
0.0000
0.0000
0.0000
0.0000
0.0000
0.0000
0.0000
0.0000
0.0000
0.0000
0.0000
0.0000
0.0000
0.0000
0.0000
0.0000
136.7187
136.7187
317.3828
317.3828
458.9844
458.9844
566.4062
566.4062
595.7031
595.7031
585.9375
585.9375
537.1094
537.1094
483.3984
483.3984
405.2734
405.2734
356.4453
356.4453
336.9141
336.9141
341.7969
341.7969
366.2109
366.2109
400.3906
400.3906
429.6875
429.6875
449.2187
449.2187
468.7500
468.7500
488.2812
488.2812
498.0469
498.0469
493.1641
493.1641
444.3359
444.3359
351.5625
351.5625
122.0703
122.0703
0.0000
0.0000
0.0000
0.0000
0.0000
0.0000
0.0000
0.0000
0.0000
0.0000
0.0000
0.0000
0.0000
0.0000
0.0000
0.0000
0.0000
0.0000
0.0000
0.0000
0.0000
0.0000
0.0000
0.0000
92.7734
92.7734
317.3828
317.3828
502.9297
502.9297
620.1172
620.1172
683.5937
683.5937
668.9453
668.9453
605.4687
605.4687
512.6953
512.6953
424.8047
424.8047
356.4453
356.4453
341.7969
341.7969
341.7969
341.7969
385.7422
385.7422
444.3359
444.3359
483.3984
483.3984
498.0469
498.0469
502.9297
502.9297
478.5156
478.5156
473.6328
473.6328
415.0391
415.0391
332.0312
332.0312
151.3672
151.3672
0.0000
0.0000
0.0000
0.0000
0.0000
0.0000
0.0000
0.0000
0.0000
0.0000
0.0000
0.0000
0.0000
0.0000
0.0000
0.0000
0.0000
0.0000
0.0000
0.0000
0.0000
0.0000
0.0000
0.0000
0.0000
0.0000
58.5937
58.5937
244.1406
244.1406
415.0391
415.0391
541.9922
541.9922
610.3516
610.3516
625.0000
625.0000
576.1719
576.1719
522.4609
522.4609
454.1016
454.1016
405.2734
405.2734
366.2109
366.2109
356.4453
356.4453
351.5625
351.5625
385.7422
385.7422
419.9219
419.9219
454.1016
454.1016
463.8672
463.8672
483.3984
483.3984
488.2812
488.2812
498.0469
498.0469
449.2187
449.2187
327.1484
327.1484
87.8906
87.8906
0.0000
0.0000
0.0000
0.0000
0.0000
0.0000
0.0000
0.0000
0.0000
0.0000
0.0000
0.0000
0.0000
0.0000
0.0000
0.0000
0.0000
0.0000
0.0000
0.0000
0.0000
0.0000
0.0000
0.0000
0.0000
0.0000
156.2500
156.2500
341.7969
341.7969
498.0469
498.0469
615.2344
615.2344
649.4141
649.4141
615.2344
615.2344
522.4609
522.4609
434.5703
434.5703
351.5625
351.5625
327.1484
327.1484
327.1484
327.1484
356.4453
356.4453
400.3906
400.3906
463.8672
463.8672
498.0469
498.0469
527.3437
527.3437
517.5781
517.5781
488.2812
488.2812
444.3359
444.3359
415.0391
415.0391
327.1484
327.1484
136.7187
136.7187
0.0000
0.0000
0.0000
0.0000
0.0000
0.0000
0.0000
0.0000
0.0000
0.0000
0.0000
0.0000
0.0000
0.0000
0.0000
0.0000
0.0000
0.0000
0.0000
0.0000
0.0000
0.0000
0.0000
0.0000
0.0000
0.0000
146.4844
146.4844
341.7969
341.7969
493.1641
493.1641
585.9375
585.9375
625.0000
625.0000
615.2344
615.2344
566.4062
566.4062
493.1641
493.1641
424.8047
424.8047
375.9766
375.9766
371.0937
371.0937
375.9766
375.9766
395.5078
395.5078
419.9219
419.9219
444.3359
444.3359
458.9844
458.9844
493.1641
493.1641
502.9297
502.9297
493.1641
493.1641
458.9844
458.9844
390.6250
390.6250
200.1953
200.1953
0.0000
0.0000
0.0000
0.0000
0.0000
0.0000
0.0000
0.0000
0.0000
0.0000
0.0000
0.0000
0.0000
0.0000
0.0000
0.0000
0.0000
0.0000
0.0000
0.0000
0.0000
0.0000
0.0000
0.0000
0.0000
0.0000
175.7812
175.7812
366.2109
366.2109
532.2266
532.2266
620.1172
620.1172
664.0625
664.0625
610.3516
610.3516
541.9922
541.9922
439.4531
371.0937
371.0937
371.0937
322.2656
322.2656
317.3828
317.3828
341.7969
341.7969
395.5078
395.5078
439.4531
439.4531
468.7500
468.7500
493.1641
493.1641
502.9297
502.9297
493.1641
449.2187
449.2187
449.2187
385.7422
385.7422
268.5547
268.5547
53.7109
53.7109
0.0000
0.0000
0.0000
0.0000
0.0000
0.0000
0.0000
0.0000
0.0000
0.0000
0.0000
0.0000
0.0000
0.0000
0.0000
0.0000
0.0000
0.0000
0.0000
0.0000
0.0000
0.0000
0.0000
4.8828
4.8828
205.0781
205.0781
375.9766
375.9766
507.8125
507.8125
605.4687
605.4687
610.3516
610.3516
595.7031
595.7031
527.3437
527.3437
463.8672
463.8672
395.5078
395.5078
361.3281
361.3281
346.6797
346.6797
356.4453
356.4453
380.8594
380.8594
415.0391
415.0391
444.3359
444.3359
458.9844
458.9844
468.7500
468.7500
473.6328
473.6328
458.9844
458.9844
429.6875
429.6875
302.7344
302.7344
58.5937
58.5937
0.0000
0.0000
0.0000
0.0000
0.0000
0.0000
0.0000
0.0000
0.0000
0.0000
0.0000
0.0000
0.0000
0.0000
0.0000
0.0000
0.0000
0.0000
0.0000
0.0000
0.0000
0.0000
0.0000
0.0000
0.0000
0.0000
214.8437
214.8437
400.3906
400.3906
546.8750
546.8750
620.1172
620.1172
644.5312
644.5312
566.4062
566.4062
483.3984
483.3984
385.7422
385.7422
341.7969
341.7969
317.3828
317.3828
332.0312
332.0312
356.4453
356.4453
400.3906
400.3906
434.5703
434.5703
473.6328
473.6328
502.9297
502.9297
507.8125
507.8125
488.2812
488.2812
444.3359
444.3359
356.4453
356.4453
195.3125
195.3125
0.0000
0.0000
0.0000
0.0000
0.0000
0.0000
0.0000
0.0000
0.0000
0.0000
0.0000
0.0000
0.0000
0.0000
0.0000
0.0000
0.0000
0.0000
0.0000
0.0000
0.0000
0.0000
0.0000
0.0000
0.0000
0.0000
53.7109
53.7109
263.6719
263.6719
449.2187
449.2187
556.6406
556.6406
625.0000
625.0000
629.8828
629.8828
625.0000
625.0000
551.7578
551.7578
468.7500
468.7500
400.3906
400.3906
395.5078
395.5078
410.1562
410.1562
434.5703
434.5703
434.5703
434.5703
454.1016
454.1016
458.9844
458.9844
483.3984
483.3984
498.0469
498.0469
488.2812
488.2812
449.2187
449.2187
400.3906
400.3906
219.7266
219.7266
0.0000
0.0000
0.0000
0.0000
0.0000
0.0000
0.0000
0.0000
0.0000
0.0000
0.0000
0.0000
0.0000
0.0000
0.0000
0.0000
0.0000
0.0000
0.0000
0.0000
0.0000
0.0000
0.0000
0.0000
0.0000
0.0000
78.1250
78.1250
278.3203
278.3203
458.9844
458.9844
581.0547
581.0547
634.7656
634.7656
629.8828
629.8828
566.4062
566.4062
502.9297
502.9297
410.1562
410.1562
366.2109
366.2109
341.7969
341.7969
341.7969
341.7969
371.0937
371.0937
424.8047
424.8047
454.1016
454.1016
488.2812
488.2812
502.9297
502.9297
522.4609
522.4609
532.2266
532.2266
488.2812
488.2812
395.5078
395.5078
200.1953
200.1953
0.0000
0.0000
0.0000
0.0000
0.0000
0.0000
0.0000
0.0000
0.0000
0.0000
0.0000
0.0000
0.0000
0.0000
0.0000
0.0000
0.0000
0.0000
0.0000
0.0000
0.0000
0.0000
0.0000
0.0000
34.1797
34.1797
239.2578
239.2578
415.0391
415.0391
546.8750
546.8750
639.6484
639.6484
673.8281
673.8281
649.4141
649.4141
585.9375
585.9375
512.6953
512.6953
449.2187
449.2187
405.2734
405.2734
385.7422
385.7422
400.3906
400.3906
434.5703
434.5703
473.6328
473.6328
498.0469
498.0469
507.8125
507.8125
507.8125
507.8125
483.3984
483.3984
439.4531
439.4531
332.0312
332.0312
136.7187
136.7187
0.0000
0.0000
0.0000
0.0000
0.0000
0.0000
0.0000
0.0000
0.0000
0.0000
0.0000
0.0000
0.0000
0.0000
0.0000
0.0000
0.0000
0.0000
0.0000
0.0000
0.0000
0.0000
0.0000
0.0000
0.0000
0.0000
170.8984
170.8984
371.0937
371.0937
517.5781
517.5781
615.2344
615.2344
629.8828
629.8828
600.5859
600.5859
532.2266
532.2266
449.2187
449.2187
361.3281
361.3281
327.1484
327.1484
312.5000
312.5000
346.6797
346.6797
371.0937
371.0937
400.3906
400.3906
429.6875
429.6875
458.9844
458.9844
478.5156
478.5156
493.1641
493.1641
463.8672
463.8672
424.8047
424.8047
322.2656
322.2656
102.5391
102.5391
0.0000
0.0000
0.0000
0.0000
0.0000
0.0000
0.0000
0.0000
0.0000
0.0000
0.0000
0.0000
0.0000
0.0000
0.0000
0.0000
0.0000
0.0000
0.0000
0.0000
0.0000
0.0000
0.0000
0.0000
0.0000
0.0000
151.3672
151.3672
302.7344
302.7344
444.3359
444.3359
522.4609
522.4609
561.5234
561.5234
532.2266
532.2266
502.9297
502.9297
439.4531
439.4531
375.9766
375.9766
336.9141
336.9141
341.7969
341.7969
346.6797
346.6797
390.6250
390.6250
424.8047
424.8047
454.1016
454.1016
463.8672
463.8672
468.7500
468.7500
463.8672
463.8672
434.5703
434.5703
371.0937
371.0937
258.7891
258.7891
53.7109
53.7109
0.0000
0.0000
0.0000
0.0000
0.0000
0.0000
0.0000
0.0000
0.0000
0.0000
0.0000
0.0000
0.0000
0.0000
0.0000
0.0000
0.0000
0.0000
0.0000
0.0000
0.0000
0.0000
0.0000
0.0000
0.0000
0.0000
185.5469
185.5469
371.0937
371.0937
522.4609
522.4609
629.8828
629.8828
654.2969
654.2969
634.7656
634.7656
566.4062
566.4062
507.8125
507.8125
434.5703
434.5703
380.8594
380.8594
341.7969
341.7969
361.3281
361.3281
390.6250
390.6250
434.5703
434.5703
458.9844
458.9844
478.5156
478.5156
493.1641
493.1641
493.1641
493.1641
478.5156
478.5156
458.9844
458.9844
327.1484
327.1484
97.6562
97.6562
0.0000
0.0000
0.0000
0.0000
0.0000
0.0000
0.0000
0.0000
0.0000
0.0000
0.0000
0.0000
0.0000
0.0000
0.0000
0.0000
0.0000
0.0000
0.0000
0.0000
0.0000
0.0000
0.0000
0.0000
92.7734
92.7734
263.6719
263.6719
424.8047
424.8047
541.9922
541.9922
625.0000
625.0000
654.2969
654.2969
634.7656
634.7656
556.6406
556.6406
468.7500
468.7500
400.3906
400.3906
361.3281
361.3281
375.9766
375.9766
385.7422
385.7422
419.9219
419.9219
463.8672
463.8672
522.4609
522.4609
537.1094
537.1094
532.2266
532.2266
493.1641
493.1641
458.9844
458.9844
410.1562
410.1562
317.3828
317.3828
87.8906
87.8906
0.0000
0.0000
0.0000
0.0000
0.0000
0.0000
0.0000
0.0000
0.0000
0.0000
0.0000
0.0000
0.0000
0.0000
0.0000
0.0000
0.0000
0.0000
0.0000
0.0000
0.0000
0.0000
0.0000
0.0000
0.0000
0.0000
161.1328
161.1328
341.7969
341.7969
498.0469
498.0469
581.0547
581.0547
620.1172
620.1172
590.8203
590.8203
512.6953
512.6953
434.5703
434.5703
371.0937
371.0937
341.7969
341.7969
336.9141
336.9141
375.9766
375.9766
395.5078
395.5078
424.8047
424.8047
429.6875
429.6875
458.9844
458.9844
478.5156
478.5156
488.2812
488.2812
458.9844
458.9844
424.8047
424.8047
302.7344
302.7344
58.5937
58.5937
0.0000
0.0000
0.0000
0.0000
0.0000
0.0000
0.0000
0.0000
0.0000
0.0000
0.0000
0.0000
0.0000
0.0000
0.0000
0.0000
0.0000
0.0000
0.0000
0.0000
0.0000
0.0000
0.0000
0.0000
39.0625
39.0625
209.9609
209.9609
375.9766
375.9766
493.1641
493.1641
576.1719
576.1719
585.9375
585.9375
561.5234
561.5234
517.5781
517.5781
444.3359
444.3359
375.9766
375.9766
336.9141
336.9141
336.9141
336.9141
366.2109
366.2109
400.3906
400.3906
429.6875
429.6875
473.6328
473.6328
478.5156
478.5156
488.2812
488.2812
488.2812
488.2812
468.7500
468.7500
410.1562
410.1562
278.3203
278.3203
29.2969
29.2969
0.0000
0.0000
0.0000
0.0000
0.0000
0.0000
0.0000
0.0000
0.0000
0.0000
0.0000
0.0000
0.0000
0.0000
0.0000
0.0000
0.0000
0.0000
0.0000
0.0000
0.0000
0.0000
0.0000
0.0000
0.0000
0.0000
112.3047
112.3047
307.6172
307.6172
478.5156
478.5156
585.9375
585.9375
634.7656
634.7656
590.8203
590.8203
512.6953
512.6953
434.5703
434.5703
371.0937
371.0937
332.0312
332.0312
317.3828
317.3828
332.0312
332.0312
366.2109
366.2109
405.2734
405.2734
429.6875
429.6875
449.2187
449.2187
444.3359
444.3359
449.2187
449.2187
429.6875
429.6875
380.8594
380.8594
229.4922
229.4922
0.0000
0.0000
0.0000
0.0000
0.0000
0.0000
0.0000
0.0000
0.0000
0.0000
0.0000
0.0000
0.0000
0.0000
0.0000
0.0000
0.0000
0.0000
0.0000
0.0000
0.0000
0.0000
0.0000
0.0000
0.0000
0.0000
78.1250
78.1250
263.6719
263.6719
439.4531
439.4531
561.5234
561.5234
639.6484
639.6484
649.4141
649.4141
615.2344
615.2344
551.7578
551.7578
478.5156
478.5156
415.0391
415.0391
385.7422
385.7422
371.0937
371.0937
395.5078
395.5078
419.9219
419.9219
454.1016
454.1016
488.2812
488.2812
527.3437
527.3437
541.9922
541.9922
522.4609
522.4609
493.1641
493.1641
429.6875
429.6875
288.0859
288.0859
14.6484
14.6484
0.0000
0.0000
0.0000
0.0000
0.0000
0.0000
0.0000
0.0000
0.0000
0.0000
0.0000
0.0000
0.0000
0.0000
0.0000
0.0000
0.0000
0.0000
0.0000
0.0000
0.0000
0.0000
0.0000
0.0000
0.0000
0.0000
156.2500
156.2500
332.0312
332.0312
478.5156
478.5156
546.8750
546.8750
576.1719
576.1719
527.3437
527.3437
463.8672
463.8672
375.9766
375.9766
336.9141
336.9141
327.1484
327.1484
346.6797
346.6797
366.2109
366.2109
375.9766
375.9766
400.3906
400.3906
424.8047
424.8047
449.2187
449.2187
468.7500
468.7500
468.7500
444.3359
444.3359
424.8047
424.8047
322.2656
322.2656
87.8906
87.8906
0.0000
0.0000
0.0000
0.0000
0.0000
0.0000
0.0000
0.0000
0.0000
0.0000
0.0000
0.0000
0.0000
0.0000
0.0000
0.0000
0.0000
0.0000
0.0000
0.0000
0.0000
0.0000
0.0000
0.0000
43.9453
43.9453
244.1406
244.1406
415.0391
415.0391
541.9922
541.9922
639.6484
639.6484
673.8281
673.8281
678.7109
678.7109
634.7656
634.7656
556.6406
556.6406
454.1016
454.1016
400.3906
400.3906
380.8594
380.8594
405.2734
405.2734
439.4531
439.4531
473.6328
473.6328
507.8125
507.8125
546.8750
546.8750
571.2891
571.2891
576.1719
576.1719
537.1094
537.1094
468.7500
468.7500
317.3828
317.3828
107.4219
107.4219
0.0000
0.0000
0.0000
0.0000
0.0000
0.0000
0.0000
0.0000
0.0000
0.0000
0.0000
0.0000
0.0000
0.0000
0.0000
0.0000
0.0000
0.0000
0.0000
0.0000
0.0000
0.0000
0.0000
0.0000
0.0000
0.0000
185.5469
185.5469
390.6250
390.6250
532.2266
532.2266
625.0000
625.0000
644.5312
644.5312
615.2344
615.2344
546.8750
546.8750
458.9844
458.9844
395.5078
395.5078
361.3281
361.3281
356.4453
356.4453
366.2109
366.2109
415.0391
415.0391
444.3359
444.3359
473.6328
473.6328
478.5156
478.5156
493.1641
493.1641
483.3984
483.3984
473.6328
473.6328
434.5703
434.5703
332.0312
332.0312
83.0078
83.0078
0.0000
0.0000
0.0000
0.0000
0.0000
0.0000
0.0000
0.0000
0.0000
0.0000
0.0000
0.0000
0.0000
0.0000
0.0000
0.0000
0.0000
0.0000
0.0000
0.0000
0.0000
0.0000
0.0000
0.0000
0.0000
0.0000
156.2500
156.2500
322.2656
322.2656
473.6328
473.6328
581.0547
581.0547
629.8828
629.8828
610.3516
610.3516
551.7578
551.7578
483.3984
483.3984
405.2734
405.2734
356.4453
356.4453
327.1484
327.1484
332.0312
332.0312
356.4453
356.4453
400.3906
400.3906
429.6875
429.6875
463.8672
463.8672
478.5156
478.5156
502.9297
502.9297
502.9297
502.9297
498.0469
498.0469
458.9844
458.9844
380.8594
380.8594
161.1328
161.1328
0.0000
0.0000
0.0000
0.0000
0.0000
0.0000
0.0000
0.0000
0.0000
0.0000
0.0000
0.0000
0.0000
0.0000
0.0000
0.0000
0.0000
0.0000
0.0000
0.0000
0.0000
0.0000
0.0000
0.0000
4.8828
4.8828
239.2578
239.2578
415.0391
415.0391
556.6406
556.6406
649.4141
649.4141
678.7109
678.7109
625.0000
625.0000
537.1094
537.1094
444.3359
444.3359
375.9766
375.9766
336.9141
336.9141
336.9141
336.9141
356.4453
356.4453
385.7422
385.7422
419.9219
419.9219
449.2187
449.2187
468.7500
468.7500
458.9844
458.9844
463.8672
463.8672
439.4531
439.4531
415.0391
415.0391
322.2656
322.2656
92.7734
92.7734
0.0000
0.0000
0.0000
0.0000
0.0000
0.0000
0.0000
0.0000
0.0000
0.0000
0.0000
0.0000
0.0000
0.0000
0.0000
0.0000
0.0000
0.0000
0.0000
0.0000
0.0000
0.0000
0.0000
0.0000
0.0000
0.0000
24.4141
24.4141
214.8437
214.8437
351.5625
351.5625
463.8672
463.8672
512.6953
512.6953
502.9297
502.9297
449.2187
449.2187
371.0937
371.0937
307.6172
307.6172
283.2031
283.2031
292.9687
292.9687
302.7344
302.7344
336.9141
336.9141
361.3281
361.3281
400.3906
400.3906
434.5703
434.5703
468.7500
468.7500
463.8672
463.8672
468.7500
468.7500
444.3359
444.3359
410.1562
410.1562
327.1484
327.1484
146.4844
146.4844
0.0000
0.0000
0.0000
0.0000
0.0000
0.0000
0.0000
0.0000
0.0000
0.0000
0.0000
0.0000
0.0000
0.0000
0.0000
0.0000
0.0000
0.0000
0.0000
0.0000
0.0000
0.0000
0.0000
0.0000
0.0000
0.0000
190.4297
190.4297
395.5078
395.5078
546.8750
546.8750
649.4141
649.4141
673.8281
673.8281
634.7656
634.7656
556.6406
556.6406
458.9844
458.9844
385.7422
385.7422
361.3281
361.3281
375.9766
375.9766
390.6250
390.6250
415.0391
415.0391
429.6875
429.6875
454.1016
454.1016
473.6328
473.6328
502.9297
502.9297
498.0469
498.0469
478.5156
478.5156
439.4531
439.4531
375.9766
375.9766
180.6641
180.6641
0.0000
0.0000
0.0000
0.0000
0.0000
0.0000
0.0000
0.0000
0.0000
0.0000
0.0000
0.0000
0.0000
0.0000
0.0000
0.0000
0.0000
0.0000
0.0000
0.0000
0.0000
0.0000
0.0000
0.0000
48.8281
48.8281
249.0234
249.0234
419.9219
419.9219
566.4062
566.4062
639.6484
639.6484
668.9453
668.9453
654.2969
654.2969
610.3516
610.3516
522.4609
522.4609
434.5703
434.5703
375.9766
375.9766
375.9766
375.9766
390.6250
390.6250
429.6875
429.6875
468.7500
468.7500
498.0469
498.0469
527.3437
527.3437
556.6406
556.6406
566.4062
566.4062
541.9922
541.9922
468.7500
468.7500
385.7422
385.7422
209.9609
209.9609
0.0000
0.0000
0.0000
0.0000
0.0000
0.0000
0.0000
0.0000
0.0000
0.0000
0.0000
0.0000
0.0000
0.0000
0.0000
0.0000
0.0000
0.0000
0.0000
0.0000
0.0000
0.0000
0.0000
0.0000
0.0000
0.0000
68.3594
68.3594
273.4375
273.4375
454.1016
454.1016
576.1719
576.1719
625.0000
625.0000
610.3516
610.3516
541.9922
541.9922
463.8672
463.8672
390.6250
390.6250
341.7969
341.7969
322.2656
322.2656
346.6797
346.6797
380.8594
380.8594
424.8047
424.8047
449.2187
449.2187
463.8672
463.8672
468.7500
468.7500
483.3984
483.3984
483.3984
483.3984
478.5156
478.5156
434.5703
434.5703
341.7969
341.7969
117.1875
117.1875
0.0000
0.0000
0.0000
0.0000
0.0000
0.0000
0.0000
0.0000
0.0000
0.0000
0.0000
0.0000
0.0000
0.0000
0.0000
0.0000
0.0000
0.0000
0.0000
0.0000
0.0000
0.0000
0.0000
0.0000
0.0000
0.0000
185.5469
185.5469
346.6797
346.6797
478.5156
478.5156
561.5234
561.5234
566.4062
566.4062
551.7578
551.7578
493.1641
493.1641
415.0391
415.0391
361.3281
361.3281
332.0312
332.0312
312.5000
312.5000
332.0312
332.0312
361.3281
361.3281
415.0391
415.0391
444.3359
444.3359
468.7500
468.7500
478.5156
478.5156
498.0469
498.0469
483.3984
483.3984
454.1016
454.1016
371.0937
371.0937
185.5469
185.5469
0.0000
0.0000
0.0000
0.0000
0.0000
0.0000
0.0000
0.0000
0.0000
0.0000
0.0000
0.0000
0.0000
0.0000
0.0000
0.0000
0.0000
0.0000
0.0000
0.0000
0.0000
0.0000
0.0000
0.0000
87.8906
87.8906
288.0859
288.0859
463.8672
463.8672
600.5859
600.5859
673.8281
673.8281
664.0625
664.0625
610.3516
610.3516
532.2266
532.2266
444.3359
444.3359
390.6250
390.6250
375.9766
375.9766
380.8594
380.8594
395.5078
395.5078
410.1562
410.1562
439.4531
439.4531
468.7500
468.7500
478.5156
478.5156
478.5156
478.5156
449.2187
449.2187
400.3906
400.3906
297.8516
297.8516
68.3594
68.3594
0.0000
0.0000
0.0000
0.0000
0.0000
0.0000
0.0000
0.0000
0.0000
0.0000
0.0000
0.0000
0.0000
0.0000
0.0000
0.0000
0.0000
0.0000
0.0000
0.0000
0.0000
0.0000
0.0000
0.0000
0.0000
0.0000
107.4219
107.4219
302.7344
302.7344
439.4531
439.4531
527.3437
527.3437
571.2891
571.2891
546.8750
546.8750
493.1641
493.1641
410.1562
410.1562
336.9141
336.9141
297.8516
297.8516
307.6172
307.6172
322.2656
322.2656
351.5625
351.5625
380.8594
380.8594
419.9219
419.9219
449.2187
449.2187
483.3984
483.3984
493.1641
493.1641
498.0469
498.0469
468.7500
468.7500
424.8047
424.8047
297.8516
297.8516
83.0078
83.0078
0.0000
0.0000
0.0000
0.0000
0.0000
0.0000
0.0000
0.0000
0.0000
0.0000
0.0000
0.0000
0.0000
0.0000
0.0000
0.0000
0.0000
0.0000
0.0000
0.0000
0.0000
0.0000
0.0000
0.0000
0.0000
0.0000
219.7266
219.7266
449.2187
449.2187
585.9375
585.9375
678.7109
678.7109
688.4766
688.4766
639.6484
639.6484
551.7578
551.7578
449.2187
449.2187
361.3281
361.3281
336.9141
336.9141
361.3281
361.3281
405.2734
405.2734
444.3359
444.3359
458.9844
458.9844
463.8672
463.8672
468.7500
468.7500
493.1641
493.1641
483.3984
483.3984
463.8672
463.8672
434.5703
434.5703
312.5000
312.5000
58.5937
58.5937
0.0000
0.0000
0.0000
0.0000
0.0000
0.0000
0.0000
0.0000
0.0000
0.0000
0.0000
0.0000
0.0000
0.0000
0.0000
0.0000
0.0000
0.0000
0.0000
0.0000
0.0000
0.0000
0.0000
0.0000
92.7734
92.7734
288.0859
288.0859
444.3359
444.3359
590.8203
590.8203
654.2969
654.2969
668.9453
668.9453
629.8828
629.8828
576.1719
576.1719
493.1641
493.1641
429.6875
429.6875
390.6250
390.6250
380.8594
380.8594
390.6250
390.6250
429.6875
429.6875
468.7500
468.7500
502.9297
502.9297
517.5781
517.5781
546.8750
546.8750
556.6406
556.6406
541.9922
468.7500
468.7500
468.7500
332.0312
332.0312
87.8906
87.8906
0.0000
0.0000
0.0000
0.0000
0.0000
0.0000
0.0000
0.0000
0.0000
0.0000
0.0000
0.0000
0.0000
0.0000
0.0000
0.0000
0.0000
0.0000
0.0000
0.0000
0.0000
0.0000
0.0000
0.0000
117.1875
117.1875
327.1484
327.1484
502.9297
502.9297
634.7656
634.7656
708.0078
698.2422
698.2422
644.5312
644.5312
541.9922
541.9922
454.1016
454.1016
385.7422
385.7422
366.2109
366.2109
361.3281
361.3281
395.5078
395.5078
429.6875
429.6875
473.6328
473.6328
498.0469
498.0469
512.6953
512.6953
502.9297
502.9297
498.0469
498.0469
458.9844
458.9844
400.3906
400.3906
205.0781
205.0781
0.0000
0.0000
0.0000
0.0000
0.0000
0.0000
0.0000
0.0000
0.0000
0.0000
0.0000
0.0000
0.0000
0.0000
0.0000
0.0000
0.0000
0.0000
0.0000
0.0000
0.0000
0.0000
0.0000
0.0000
0.0000
0.0000
4.8828
4.8828
200.1953
200.1953
366.2109
366.2109
473.6328
473.6328
532.2266
532.2266
527.3437
527.3437
498.0469
498.0469
434.5703
434.5703
351.5625
351.5625
297.8516
297.8516
278.3203
278.3203
297.8516
297.8516
322.2656
322.2656
351.5625
351.5625
375.9766
375.9766
410.1562
410.1562
429.6875
429.6875
454.1016
454.1016
454.1016
454.1016
454.1016
454.1016
415.0391
415.0391
332.0312
332.0312
97.6562
97.6562
0.0000
0.0000
0.0000
0.0000
0.0000
0.0000
0.0000
0.0000
0.0000
0.0000
0.0000
0.0000
0.0000
0.0000
0.0000
0.0000
0.0000
0.0000
0.0000
0.0000
0.0000
0.0000
0.0000
0.0000
0.0000
0.0000
200.1953
200.1953
356.4453
356.4453
488.2812
488.2812
566.4062
566.4062
581.0547
581.0547
532.2266
532.2266
468.7500
468.7500
395.5078
395.5078
332.0312
332.0312
307.6172
307.6172
322.2656
322.2656
361.3281
361.3281
400.3906
400.3906
434.5703
434.5703
449.2187
449.2187
463.8672
463.8672
458.9844
458.9844
468.7500
468.7500
434.5703
434.5703
380.8594
380.8594
244.1406
244.1406
24.4141
24.4141
0.0000
0.0000
0.0000
0.0000
0.0000
0.0000
0.0000
0.0000
0.0000
0.0000
0.0000
0.0000
0.0000
0.0000
0.0000
0.0000
0.0000
0.0000
0.0000
0.0000
0.0000
0.0000
0.0000
0.0000
73.2422
73.2422
268.5547
268.5547
449.2187
449.2187
590.8203
590.8203
673.8281
673.8281
703.1250
703.1250
683.5937
683.5937
625.0000
625.0000
522.4609
522.4609
444.3359
444.3359
371.0937
371.0937
356.4453
356.4453
380.8594
380.8594
419.9219
419.9219
444.3359
444.3359
488.2812
488.2812
498.0469
498.0469
532.2266
532.2266
541.9922
541.9922
551.7578
551.7578
517.5781
517.5781
439.4531
439.4531
288.0859
288.0859
29.2969
29.2969
0.0000
0.0000
0.0000
0.0000
0.0000
0.0000
0.0000
0.0000
0.0000
0.0000
0.0000
0.0000
0.0000
0.0000
0.0000
0.0000
0.0000
0.0000
0.0000
0.0000
0.0000
0.0000
0.0000
0.0000
0.0000
0.0000
48.8281
48.8281
273.4375
273.4375
444.3359
444.3359
551.7578
551.7578
581.0547
581.0547
546.8750
546.8750
488.2812
488.2812
405.2734
405.2734
351.5625
351.5625
307.6172
307.6172
302.7344
302.7344
341.7969
341.7969
405.2734
405.2734
439.4531
439.4531
458.9844
458.9844
454.1016
454.1016
463.8672
463.8672
468.7500
468.7500
454.1016
454.1016
415.0391
415.0391
356.4453
356.4453
185.5469
185.5469
0.0000
0.0000
0.0000
0.0000
0.0000
0.0000
0.0000
0.0000
0.0000
0.0000
0.0000
0.0000
0.0000
0.0000
0.0000
0.0000
0.0000
0.0000
0.0000
0.0000
0.0000
0.0000
0.0000
0.0000
0.0000
0.0000
34.1797
34.1797
219.7266
219.7266
400.3906
400.3906
537.1094
537.1094
610.3516
610.3516
625.0000
625.0000
605.4687
605.4687
556.6406
556.6406
478.5156
478.5156
424.8047
424.8047
380.8594
380.8594
366.2109
366.2109
371.0937
371.0937
410.1562
410.1562
439.4531
439.4531
488.2812
488.2812
512.6953
512.6953
537.1094
537.1094
551.7578
551.7578
566.4062
566.4062
551.7578
551.7578
483.3984
483.3984
327.1484
327.1484
68.3594
68.3594
0.0000
0.0000
0.0000
0.0000
0.0000
0.0000
0.0000
0.0000
0.0000
0.0000
0.0000
0.0000
0.0000
0.0000
0.0000
0.0000
0.0000
0.0000
0.0000
0.0000
0.0000
0.0000
0.0000
0.0000
0.0000
0.0000
175.7812
175.7812
380.8594
380.8594
532.2266
532.2266
644.5312
644.5312
668.9453
668.9453
634.7656
634.7656
556.6406
556.6406
478.5156
478.5156
410.1562
410.1562
380.8594
380.8594
375.9766
375.9766
400.3906
400.3906
439.4531
439.4531
468.7500
468.7500
498.0469
498.0469
507.8125
507.8125
512.6953
512.6953
502.9297
502.9297
473.6328
473.6328
444.3359
444.3359
351.5625
351.5625
126.9531
126.9531
0.0000
0.0000
0.0000
0.0000
0.0000
0.0000
0.0000
0.0000
0.0000
0.0000
0.0000
0.0000
0.0000
0.0000
0.0000
0.0000
0.0000
0.0000
0.0000
0.0000
0.0000
0.0000
0.0000
0.0000
43.9453
43.9453
234.3750
234.3750
390.6250
390.6250
527.3437
527.3437
615.2344
615.2344
668.9453
668.9453
654.2969
654.2969
590.8203
590.8203
488.2812
488.2812
429.6875
429.6875
375.9766
375.9766
356.4453
356.4453
361.3281
361.3281
390.6250
390.6250
429.6875
429.6875
473.6328
473.6328
502.9297
502.9297
527.3437
527.3437
527.3437
527.3437
527.3437
527.3437
507.8125
507.8125
458.9844
458.9844
346.6797
346.6797
122.0703
122.0703
0.0000
0.0000
0.0000
0.0000
0.0000
0.0000
0.0000
0.0000
0.0000
0.0000
0.0000
0.0000
0.0000
0.0000
0.0000
0.0000
0.0000
0.0000
0.0000
0.0000
0.0000
0.0000
0.0000
0.0000
48.8281
48.8281
263.6719
263.6719
454.1016
454.1016
605.4687
605.4687
678.7109
678.7109
673.8281
673.8281
595.7031
595.7031
498.0469
498.0469
390.6250
390.6250
332.0312
332.0312
322.2656
322.2656
356.4453
356.4453
375.9766
375.9766
410.1562
410.1562
429.6875
429.6875
454.1016
454.1016
458.9844
458.9844
463.8672
463.8672
454.1016
454.1016
429.6875
429.6875
390.6250
390.6250
263.6719
263.6719
68.3594
68.3594
0.0000
0.0000
0.0000
0.0000
0.0000
0.0000
0.0000
0.0000
0.0000
0.0000
0.0000
0.0000
0.0000
0.0000
0.0000
0.0000
0.0000
0.0000
0.0000
0.0000
0.0000
0.0000
0.0000
0.0000
166.0156
166.0156
371.0937
371.0937
532.2266
532.2266
644.5312
644.5312
717.7734
717.7734
727.5391
727.5391
683.5937
683.5937
576.1719
576.1719
468.7500
468.7500
385.7422
385.7422
356.4453
356.4453
356.4453
356.4453
385.7422
385.7422
424.8047
424.8047
449.2187
449.2187
488.2812
488.2812
522.4609
522.4609
532.2266
532.2266
541.9922
541.9922
527.3437
527.3437
483.3984
483.3984
400.3906
400.3906
229.4922
229.4922
0.0000
0.0000
0.0000
0.0000
0.0000
0.0000
0.0000
0.0000
0.0000
0.0000
0.0000
0.0000
0.0000
0.0000
0.0000
0.0000
0.0000
0.0000
0.0000
0.0000
0.0000
0.0000
0.0000
0.0000
0.0000
0.0000
48.8281
48.8281
283.2031
283.2031
449.2187
449.2187
556.6406
556.6406
585.9375
585.9375
576.1719
576.1719
507.8125
507.8125
429.6875
429.6875
336.9141
336.9141
292.9687
292.9687
302.7344
302.7344
341.7969
341.7969
375.9766
375.9766
395.5078
395.5078
395.5078
395.5078
400.3906
400.3906
415.0391
415.0391
424.8047
424.8047
429.6875
429.6875
415.0391
415.0391
380.8594
380.8594
283.2031
283.2031
43.9453
43.9453
0.0000
0.0000
0.0000
0.0000
0.0000
0.0000
0.0000
0.0000
0.0000
0.0000
0.0000
0.0000
0.0000
0.0000
0.0000
0.0000
0.0000
0.0000
0.0000
0.0000
0.0000
0.0000
0.0000
0.0000
0.0000
0.0000
29.2969
29.2969
234.3750
234.3750
415.0391
415.0391
537.1094
537.1094
595.7031
595.7031
600.5859
600.5859
566.4062
566.4062
493.1641
493.1641
400.3906
400.3906
312.5000
312.5000
283.2031
283.2031
302.7344
302.7344
336.9141
336.9141
380.8594
380.8594
429.6875
429.6875
449.2187
449.2187
488.2812
488.2812
512.6953
512.6953
498.0469
498.0469
454.1016
454.1016
390.6250
390.6250
253.9062
253.9062
34.1797
34.1797
0.0000
0.0000
0.0000
0.0000
0.0000
0.0000
0.0000
0.0000
0.0000
0.0000
0.0000
0.0000
0.0000
0.0000
0.0000
0.0000
0.0000
0.0000
0.0000
0.0000
0.0000
0.0000
0.0000
0.0000
0.0000
0.0000
141.6016
141.6016
351.5625
351.5625
502.9297
502.9297
600.5859
600.5859
620.1172
620.1172
571.2891
571.2891
488.2812
488.2812
390.6250
390.6250
341.7969
341.7969
297.8516
297.8516
302.7344
302.7344
341.7969
341.7969
395.5078
395.5078
424.8047
424.8047
454.1016
454.1016
449.2187
449.2187
454.1016
454.1016
463.8672
463.8672
458.9844
458.9844
419.9219
419.9219
375.9766
375.9766
209.9609
209.9609
0.0000
0.0000
0.0000
0.0000
0.0000
0.0000
0.0000
0.0000
0.0000
0.0000
0.0000
0.0000
0.0000
0.0000
0.0000
0.0000
0.0000
0.0000
0.0000
0.0000
0.0000
0.0000
0.0000
0.0000
0.0000
0.0000
156.2500
156.2500
336.9141
498.0469
498.0469
498.0469
615.2344
615.2344
673.8281
673.8281
649.4141
649.4141
581.0547
581.0547
488.2812
488.2812
410.1562
410.1562
356.4453
356.4453
327.1484
327.1484
336.9141
366.2109
366.2109
415.0391
415.0391
449.2187
449.2187
488.2812
488.2812
488.2812
488.2812
502.9297
502.9297
502.9297
502.9297
488.2812
488.2812
419.9219
419.9219
288.0859
288.0859
39.0625
39.0625
0.0000
0.0000
0.0000
0.0000
0.0000
0.0000
0.0000
0.0000
0.0000
0.0000
0.0000
0.0000
0.0000
0.0000
0.0000
0.0000
0.0000
0.0000
0.0000
0.0000
0.0000
0.0000
0.0000
0.0000
0.0000
0.0000
175.7812
175.7812
351.5625
351.5625
498.0469
498.0469
590.8203
590.8203
605.4687
605.4687
546.8750
546.8750
463.8672
463.8672
385.7422
385.7422
341.7969
341.7969
332.0312
332.0312
327.1484
327.1484
351.5625
351.5625
380.8594
380.8594
419.9219
419.9219
434.5703
434.5703
434.5703
434.5703
424.8047
424.8047
439.4531
439.4531
429.6875
429.6875
415.0391
415.0391
317.3828
317.3828
92.7734
92.7734
0.0000
0.0000
0.0000
0.0000
0.0000
0.0000
0.0000
0.0000
0.0000
0.0000
0.0000
0.0000
0.0000
0.0000
0.0000
0.0000
0.0000
0.0000
0.0000
0.0000
0.0000
0.0000
0.0000
0.0000
0.0000
0.0000
175.7812
175.7812
361.3281
361.3281
502.9297
502.9297
620.1172
620.1172
659.1797
659.1797
629.8828
629.8828
556.6406
556.6406
463.8672
463.8672
390.6250
390.6250
346.6797
346.6797
346.6797
346.6797
351.5625
351.5625
385.7422
385.7422
419.9219
419.9219
478.5156
478.5156
507.8125
507.8125
517.5781
517.5781
507.8125
507.8125
473.6328
473.6328
385.7422
385.7422
244.1406
244.1406
0.0000
0.0000
0.0000
0.0000
0.0000
0.0000
0.0000
0.0000
0.0000
0.0000
0.0000
0.0000
0.0000
0.0000
0.0000
0.0000
0.0000
0.0000
0.0000
0.0000
0.0000
0.0000
0.0000
0.0000
0.0000
0.0000
0.0000
0.0000
68.3594
68.3594
288.0859
288.0859
463.8672
463.8672
571.2891
571.2891
639.6484
639.6484
639.6484
639.6484
581.0547
581.0547
493.1641
493.1641
410.1562
410.1562
366.2109
366.2109
356.4453
356.4453
375.9766
375.9766
395.5078
395.5078
415.0391
415.0391
429.6875
429.6875
458.9844
458.9844
478.5156
478.5156
483.3984
483.3984
468.7500
468.7500
454.1016
454.1016
385.7422
385.7422
209.9609
209.9609
0.0000
0.0000
0.0000
0.0000
0.0000
0.0000
0.0000
0.0000
0.0000
0.0000
0.0000
0.0000
0.0000
0.0000
0.0000
0.0000
0.0000
0.0000
0.0000
0.0000
0.0000
0.0000
0.0000
0.0000
0.0000
0.0000
97.6562
97.6562
307.6172
307.6172
478.5156
478.5156
610.3516
610.3516
664.0625
664.0625
673.8281
673.8281
649.4141
649.4141
585.9375
585.9375
483.3984
483.3984
419.9219
419.9219
366.2109
366.2109
371.0937
371.0937
395.5078
395.5078
439.4531
439.4531
478.5156
478.5156
517.5781
517.5781
537.1094
537.1094
556.6406
556.6406
571.2891
571.2891
541.9922
541.9922
478.5156
478.5156
375.9766
375.9766
170.8984
170.8984
0.0000
0.0000
0.0000
0.0000
0.0000
0.0000
0.0000
0.0000
0.0000
0.0000
0.0000
0.0000
0.0000
0.0000
0.0000
0.0000
0.0000
0.0000
0.0000
0.0000
0.0000
0.0000
0.0000
0.0000
0.0000
0.0000
131.8359
131.8359
346.6797
346.6797
502.9297
502.9297
620.1172
620.1172
639.6484
639.6484
620.1172
620.1172
537.1094
537.1094
468.7500
468.7500
385.7422
385.7422
346.6797
346.6797
332.0312
332.0312
366.2109
366.2109
405.2734
405.2734
439.4531
439.4531
458.9844
458.9844
468.7500
468.7500
468.7500
468.7500
488.2812
488.2812
502.9297
502.9297
502.9297
502.9297
468.7500
468.7500
390.6250
390.6250
151.3672
151.3672
0.0000
0.0000
0.0000
0.0000
0.0000
0.0000
0.0000
0.0000
0.0000
0.0000
0.0000
0.0000
0.0000
0.0000
0.0000
0.0000
0.0000
0.0000
0.0000
0.0000
0.0000
0.0000
0.0000
0.0000
0.0000
0.0000
92.7734
92.7734
278.3203
278.3203
439.4531
439.4531
551.7578
551.7578
585.9375
585.9375
576.1719
576.1719
517.5781
517.5781
449.2187
449.2187
371.0937
371.0937
317.3828
317.3828
288.0859
288.0859
307.6172
307.6172
361.3281
361.3281
415.0391
415.0391
449.2187
449.2187
463.8672
463.8672
473.6328
473.6328
498.0469
498.0469
493.1641
493.1641
478.5156
478.5156
434.5703
434.5703
380.8594
380.8594
224.6094
224.6094
0.0000
0.0000
0.0000
0.0000
0.0000
0.0000
0.0000
0.0000
0.0000
0.0000
0.0000
0.0000
0.0000
0.0000
0.0000
0.0000
0.0000
0.0000
0.0000
0.0000
0.0000
0.0000
0.0000
0.0000
0.0000
0.0000
166.0156
166.0156
371.0937
371.0937
541.9922
541.9922
659.1797
659.1797
703.1250
703.1250
688.4766
688.4766
629.8828
629.8828
556.6406
556.6406
463.8672
463.8672
405.2734
405.2734
366.2109
366.2109
371.0937
371.0937
380.8594
380.8594
419.9219
419.9219
424.8047
424.8047
458.9844
458.9844
468.7500
468.7500
498.0469
498.0469
507.8125
507.8125
483.3984
483.3984
429.6875
429.6875
307.6172
307.6172
34.1797
34.1797
0.0000
0.0000
0.0000
0.0000
0.0000
0.0000
0.0000
0.0000
0.0000
0.0000
0.0000
0.0000
0.0000
0.0000
0.0000
0.0000
0.0000
0.0000
0.0000
0.0000
0.0000
0.0000
0.0000
0.0000
0.0000
0.0000
200.1953
200.1953
385.7422
385.7422
551.7578
551.7578
639.6484
639.6484
649.4141
649.4141
615.2344
615.2344
551.7578
551.7578
473.6328
473.6328
390.6250
390.6250
346.6797
346.6797
327.1484
327.1484
356.4453
356.4453
400.3906
400.3906
449.2187
449.2187
473.6328
473.6328
498.0469
498.0469
493.1641
493.1641
488.2812
488.2812
488.2812
488.2812
488.2812
488.2812
468.7500
468.7500
454.1016
454.1016
366.2109
366.2109
161.1328
161.1328
0.0000
0.0000
0.0000
0.0000
0.0000
0.0000
0.0000
0.0000
0.0000
0.0000
0.0000
0.0000
0.0000
0.0000
0.0000
0.0000
0.0000
0.0000
0.0000
0.0000
0.0000
0.0000
0.0000
0.0000
29.2969
29.2969
200.1953
200.1953
380.8594
380.8594
498.0469
498.0469
556.6406
556.6406
537.1094
537.1094
493.1641
493.1641
434.5703
434.5703
375.9766
375.9766
327.1484
327.1484
292.9687
292.9687
278.3203
278.3203
312.5000
312.5000
351.5625
351.5625
390.6250
390.6250
424.8047
424.8047
444.3359
444.3359
473.6328
473.6328
488.2812
488.2812
478.5156
478.5156
429.6875
429.6875
351.5625
351.5625
146.4844
146.4844
0.0000
0.0000
0.0000
0.0000
0.0000
0.0000
0.0000
0.0000
0.0000
0.0000
0.0000
0.0000
0.0000
0.0000
0.0000
0.0000
0.0000
0.0000
0.0000
0.0000
0.0000
0.0000
0.0000
0.0000
0.0000
0.0000
87.8906
87.8906
283.2031
283.2031
458.9844
458.9844
576.1719
576.1719
634.7656
634.7656
634.7656
634.7656
566.4062
566.4062
478.5156
478.5156
410.1562
410.1562
361.3281
361.3281
336.9141
336.9141
346.6797
346.6797
380.8594
380.8594
434.5703
434.5703
478.5156
478.5156
498.0469
498.0469
483.3984
483.3984
473.6328
473.6328
463.8672
463.8672
468.7500
468.7500
419.9219
419.9219
346.6797
346.6797
131.8359
131.8359
0.0000
0.0000
0.0000
0.0000
0.0000
0.0000
0.0000
0.0000
0.0000
0.0000
0.0000
0.0000
0.0000
0.0000
0.0000
0.0000
0.0000
0.0000
0.0000
0.0000
0.0000
0.0000
0.0000
0.0000
0.0000
0.0000
0.0000
0.0000
156.2500
156.2500
356.4453
356.4453
507.8125
507.8125
585.9375
585.9375
581.0547
581.0547
527.3437
527.3437
444.3359
444.3359
356.4453
356.4453
302.7344
302.7344
278.3203
278.3203
288.0859
288.0859
312.5000
312.5000
356.4453
356.4453
410.1562
410.1562
449.2187
449.2187
458.9844
458.9844
478.5156
478.5156
488.2812
488.2812
502.9297
502.9297
478.5156
478.5156
429.6875
429.6875
288.0859
288.0859
19.5312
19.5312
0.0000
0.0000
0.0000
0.0000
0.0000
0.0000
0.0000
0.0000
0.0000
0.0000
0.0000
0.0000
0.0000
0.0000
0.0000
0.0000
0.0000
0.0000
0.0000
0.0000
0.0000
0.0000
0.0000
0.0000
29.2969
29.2969
214.8437
214.8437
385.7422
385.7422
532.2266
532.2266
595.7031
595.7031
615.2344
615.2344
571.2891
571.2891
527.3437
527.3437
458.9844
458.9844
410.1562
410.1562
375.9766
375.9766
371.0937
371.0937
380.8594
380.8594
424.8047
424.8047
449.2187
449.2187
483.3984
483.3984
488.2812
488.2812
507.8125
507.8125
527.3437
527.3437
541.9922
541.9922
537.1094
537.1094
517.5781
517.5781
458.9844
458.9844
302.7344
302.7344
4.8828
4.8828
0.0000
0.0000
0.0000
0.0000
0.0000
0.0000
0.0000
0.0000
0.0000
0.0000
0.0000
0.0000
0.0000
0.0000
0.0000
0.0000
0.0000
0.0000
0.0000
0.0000
0.0000
0.0000
0.0000
0.0000
0.0000
0.0000
200.1953
200.1953
400.3906
400.3906
541.9922
541.9922
625.0000
615.2344
615.2344
615.2344
561.5234
561.5234
463.8672
463.8672
395.5078
395.5078
327.1484
327.1484
297.8516
297.8516
312.5000
312.5000
366.2109
366.2109
405.2734
405.2734
458.9844
458.9844
478.5156
478.5156
493.1641
493.1641
502.9297
502.9297
507.8125
507.8125
498.0469
498.0469
473.6328
473.6328
444.3359
444.3359
312.5000
312.5000
53.7109
0.0000
0.0000
0.0000
0.0000
0.0000
0.0000
0.0000
0.0000
0.0000
0.0000
0.0000
0.0000
0.0000
0.0000
0.0000
0.0000
0.0000
0.0000
0.0000
0.0000
0.0000
0.0000
0.0000
0.0000
97.6562
97.6562
278.3203
278.3203
439.4531
439.4531
551.7578
551.7578
634.7656
634.7656
644.5312
644.5312
625.0000
625.0000
556.6406
556.6406
502.9297
502.9297
449.2187
449.2187
415.0391
415.0391
395.5078
395.5078
400.3906
400.3906
429.6875
429.6875
449.2187
449.2187
458.9844
458.9844
488.2812
488.2812
507.8125
507.8125
541.9922
541.9922
546.8750
546.8750
527.3437
527.3437
454.1016
454.1016
283.2031
283.2031
29.2969
29.2969
0.0000
0.0000
0.0000
0.0000
0.0000
0.0000
0.0000
0.0000
0.0000
0.0000
0.0000
0.0000
0.0000
0.0000
0.0000
0.0000
0.0000
0.0000
0.0000
0.0000
0.0000
0.0000
87.8906
87.8906
302.7344
302.7344
517.5781
517.5781
698.2422
698.2422
815.4297
815.4297
830.0781
830.0781
761.7187
761.7187
639.6484
639.6484
517.5781
517.5781
419.9219
419.9219
371.0937
371.0937
375.9766
375.9766
400.3906
400.3906
444.3359
444.3359
502.9297
502.9297
532.2266
532.2266
556.6406
556.6406
546.8750
546.8750
537.1094
537.1094
512.6953
512.6953
463.8672
463.8672
380.8594
380.8594
205.0781
205.0781
0.0000
0.0000
0.0000
0.0000
0.0000
0.0000
0.0000
0.0000
0.0000
0.0000
0.0000
0.0000
0.0000
0.0000
0.0000
0.0000
0.0000
0.0000
0.0000
0.0000
0.0000
0.0000
0.0000
0.0000
68.3594
68.3594
278.3203
278.3203
439.4531
439.4531
576.1719
576.1719
659.1797
659.1797
708.0078
708.0078
673.8281
673.8281
620.1172
620.1172
522.4609
522.4609
458.9844
458.9844
415.0391
415.0391
410.1562
410.1562
405.2734
405.2734
415.0391
415.0391
424.8047
424.8047
444.3359
444.3359
454.1016
454.1016
473.6328
473.6328
493.1641
493.1641
498.0469
498.0469
473.6328
473.6328
424.8047
424.8047
283.2031
283.2031
43.9453
43.9453
0.0000
0.0000
0.0000
0.0000
0.0000
0.0000
0.0000
0.0000
0.0000
0.0000
0.0000
0.0000
0.0000
0.0000
0.0000
0.0000
0.0000
0.0000
0.0000
0.0000
0.0000
0.0000
0.0000
0.0000
0.0000
0.0000
131.8359
131.8359
336.9141
336.9141
502.9297
502.9297
625.0000
625.0000
688.4766
688.4766
659.1797
659.1797
576.1719
576.1719
454.1016
454.1016
356.4453
356.4453
283.2031
283.2031
273.4375
273.4375
292.9687
292.9687
341.7969
341.7969
390.6250
390.6250
444.3359
444.3359
473.6328
473.6328
483.3984
483.3984
478.5156
478.5156
478.5156
478.5156
458.9844
458.9844
434.5703
434.5703
385.7422
385.7422
278.3203
278.3203
24.4141
24.4141
0.0000
0.0000
0.0000
0.0000
0.0000
0.0000
0.0000
0.0000
0.0000
0.0000
0.0000
0.0000
0.0000
0.0000
0.0000
0.0000
0.0000
0.0000
0.0000
0.0000
0.0000
0.0000
0.0000
0.0000
24.4141
24.4141
205.0781
205.0781
375.9766
375.9766
493.1641
493.1641
571.2891
571.2891
576.1719
576.1719
551.7578
551.7578
473.6328
473.6328
390.6250
390.6250
327.1484
327.1484
292.9687
292.9687
292.9687
292.9687
322.2656
322.2656
356.4453
356.4453
395.5078
395.5078
429.6875
429.6875
434.5703
434.5703
444.3359
444.3359
458.9844
458.9844
458.9844
458.9844
449.2187
449.2187
380.8594
380.8594
229.4922
229.4922
0.0000
0.0000
0.0000
0.0000
0.0000
0.0000
0.0000
0.0000
0.0000
0.0000
0.0000
0.0000
0.0000
0.0000
0.0000
0.0000
0.0000
0.0000
0.0000
0.0000
0.0000
0.0000
0.0000
0.0000
0.0000
0.0000
0.0000
0.0000
122.0703
122.0703
327.1484
327.1484
473.6328
473.6328
571.2891
571.2891
566.4062
566.4062
512.6953
512.6953
400.3906
400.3906
317.3828
317.3828
258.7891
258.7891
244.1406
244.1406
263.6719
263.6719
302.7344
302.7344
346.6797
346.6797
371.0937
371.0937
405.2734
405.2734
419.9219
419.9219
429.6875
429.6875
429.6875
429.6875
439.4531
439.4531
419.9219
419.9219
380.8594
380.8594
244.1406
244.1406
0.0000
0.0000
0.0000
0.0000
0.0000
0.0000
0.0000
0.0000
0.0000
0.0000
0.0000
0.0000
0.0000
0.0000
0.0000
0.0000
0.0000
0.0000
0.0000
0.0000
0.0000
0.0000
0.0000
0.0000
0.0000
0.0000
0.0000
0.0000
161.1328
161.1328
356.4453
356.4453
507.8125
507.8125
625.0000
625.0000
668.9453
668.9453
659.1797
659.1797
581.0547
581.0547
473.6328
473.6328
380.8594
380.8594
327.1484
327.1484
307.6172
307.6172
317.3828
317.3828
371.0937
371.0937
405.2734
405.2734
454.1016
454.1016
483.3984
483.3984
507.8125
507.8125
488.2812
488.2812
468.7500
468.7500
424.8047
424.8047
351.5625
351.5625
136.7187
136.7187
0.0000
0.0000
0.0000
0.0000
0.0000
0.0000
0.0000
0.0000
0.0000
0.0000
0.0000
0.0000
0.0000
0.0000
0.0000
0.0000
0.0000
0.0000
0.0000
0.0000
0.0000
0.0000
0.0000
0.0000
0.0000
0.0000
73.2422
73.2422
283.2031
283.2031
463.8672
463.8672
566.4062
566.4062
634.7656
634.7656
644.5312
644.5312
600.5859
600.5859
517.5781
517.5781
424.8047
424.8047
366.2109
366.2109
356.4453
356.4453
371.0937
371.0937
390.6250
390.6250
434.5703
434.5703
454.1016
454.1016
488.2812
488.2812
488.2812
488.2812
493.1641
493.1641
493.1641
493.1641
488.2812
488.2812
473.6328
473.6328
449.2187
449.2187
336.9141
336.9141
117.1875
117.1875
0.0000
0.0000
0.0000
0.0000
0.0000
0.0000
0.0000
0.0000
0.0000
0.0000
0.0000
0.0000
0.0000
0.0000
0.0000
0.0000
0.0000
0.0000
0.0000
0.0000
0.0000
0.0000
0.0000
0.0000
29.2969
29.2969
244.1406
244.1406
449.2187
449.2187
605.4687
605.4687
712.8906
712.8906
747.0703
747.0703
732.4219
732.4219
664.0625
664.0625
546.8750
546.8750
439.4531
439.4531
371.0937
371.0937
361.3281
361.3281
375.9766
375.9766
405.2734
405.2734
454.1016
454.1016
498.0469
498.0469
527.3437
527.3437
546.8750
546.8750
527.3437
527.3437
512.6953
512.6953
463.8672
463.8672
385.7422
385.7422
161.1328
161.1328
0.0000
0.0000
0.0000
0.0000
0.0000
0.0000
0.0000
