0.0000
0.0000
0.0000
0.0000
0.0000
0.0000
0.0000
0.0000
0.0000
0.0000
0.0000
0.0000
0.0000
0.0000
0.0000
0.0000
0.0000
0.0000
0.0000
0.0000
0.0000
0.0000
0.0000
0.0000
0.0000
0.0000
0.0000
0.0000
0.0000
0.0000
0.0000
0.0000
0.0000
0.0000
0.0000
0.0000
0.0000
0.0000
0.0000
0.0000
0.0000
0.0000
0.0000
0.0000
0.0000
0.0000
0.0000
0.0000
0.0000
0.0000
0.0000
0.0000
0.0000
0.0000
0.0000
0.0000
0.0000
0.0000
0.0000
0.0000
0.0000
0.0000
0.0000
0.0000
0.0000
0.0000
0.0000
0.0000
0.0000
0.0000
0.0000
0.0000
0.0000
0.0000
0.0000
0.0000
0.0000
0.0000
0.0000
0.0000
0.0000
0.0000
0.0000
0.0000
0.0000
4.8828
4.8828
0.0000
0.0000
0.0000
0.0000
0.0000
0.0000
0.0000
0.0000
0.0000
0.0000
0.0000
0.0000
0.0000
0.0000
0.0000
0.0000
0.0000
0.0000
14.6484
14.6484
0.0000
0.0000
0.0000
0.0000
0.0000
0.0000
0.0000
0.0000
0.0000
0.0000
0.0000
0.0000
0.0000
0.0000
0.0000
0.0000
19.5312
19.5312
19.5312
19.5312
0.0000
0.0000
0.0000
0.0000
0.0000
0.0000
0.0000
0.0000
0.0000
0.0000
0.0000
0.0000
0.0000
0.0000
0.0000
0.0000
0.0000
0.0000
0.0000
0.0000
0.0000
0.0000
0.0000
0.0000
0.0000
0.0000
0.0000
0.0000
0.0000
0.0000
0.0000
0.0000
0.0000
0.0000
4.8828
4.8828
0.0000
0.0000
0.0000
0.0000
0.0000
0.0000
0.0000
0.0000
0.0000
0.0000
0.0000
0.0000
4.8828
4.8828
53.7109
53.7109
43.9453
43.9453
9.7656
9.7656
0.0000
0.0000
0.0000
0.0000
0.0000
0.0000
0.0000
0.0000
0.0000
0.0000
0.0000
0.0000
58.5937
58.5937
58.5937
58.5937
34.1797
34.1797
0.0000
0.0000
0.0000
0.0000
0.0000
0.0000
0.0000
0.0000
0.0000
0.0000
4.8828
4.8828
68.3594
68.3594
92.7734
92.7734
73.2422
73.2422
0.0000
0.0000
0.0000
0.0000
0.0000
0.0000
0.0000
0.0000
0.0000
0.0000
43.9453
43.9453
102.5391
102.5391
126.9531
126.9531
73.2422
73.2422
0.0000
0.0000
0.0000
0.0000
0.0000
0.0000
0.0000
0.0000
0.0000
0.0000
0.0000
0.0000
43.9453
43.9453
78.1250
78.1250
53.7109
53.7109
0.0000
0.0000
0.0000
0.0000
0.0000
0.0000
0.0000
0.0000
0.0000
0.0000
0.0000
0.0000
43.9453
43.9453
73.2422
73.2422
68.3594
68.3594
14.6484
14.6484
0.0000
0.0000
0.0000
0.0000
0.0000
0.0000
0.0000
0.0000
0.0000
0.0000
19.5312
19.5312
19.5312
19.5312
9.7656
9.7656
0.0000
0.0000
0.0000
0.0000
0.0000
0.0000
0.0000
0.0000
0.0000
0.0000
0.0000
0.0000
14.6484
14.6484
34.1797
34.1797
24.4141
24.4141
0.0000
0.0000
0.0000
0.0000
0.0000
0.0000
0.0000
0.0000
0.0000
0.0000
0.0000
0.0000
43.9453
43.9453
83.0078
83.0078
63.4766
63.4766
24.4141
24.4141
0.0000
0.0000
0.0000
0.0000
0.0000
0.0000
0.0000
0.0000
0.0000
0.0000
14.6484
14.6484
83.0078
83.0078
83.0078
83.0078
68.3594
68.3594
0.0000
0.0000
0.0000
0.0000
0.0000
0.0000
0.0000
0.0000
0.0000
0.0000
24.4141
24.4141
97.6562
97.6562
126.9531
126.9531
112.3047
112.3047
34.1797
34.1797
0.0000
0.0000
0.0000
0.0000
0.0000
0.0000
0.0000
0.0000
58.5937
58.5937
112.3047
112.3047
161.1328
161.1328
136.7187
136.7187
87.8906
87.8906
0.0000
0.0000
0.0000
0.0000
0.0000
0.0000
0.0000
0.0000
0.0000
0.0000
24.4141
24.4141
78.1250
78.1250
63.4766
63.4766
24.4141
24.4141
0.0000
0.0000
0.0000
0.0000
0.0000
0.0000
0.0000
0.0000
0.0000
0.0000
63.4766
63.4766
107.4219
107.4219
87.8906
87.8906
63.4766
63.4766
0.0000
0.0000
0.0000
0.0000
0.0000
0.0000
0.0000
0.0000
14.6484
14.6484
73.2422
73.2422
83.0078
83.0078
63.4766
63.4766
0.0000
0.0000
0.0000
0.0000
0.0000
0.0000
0.0000
0.0000
0.0000
0.0000
0.0000
0.0000
43.9453
43.9453
73.2422
73.2422
68.3594
68.3594
4.8828
4.8828
0.0000
0.0000
0.0000
0.0000
0.0000
0.0000
0.0000
0.0000
0.0000
0.0000
58.5937
58.5937
87.8906
87.8906
92.7734
92.7734
39.0625
39.0625
0.0000
0.0000
0.0000
0.0000
0.0000
0.0000
0.0000
0.0000
0.0000
0.0000
24.4141
24.4141
83.0078
83.0078
87.8906
87.8906
63.4766
63.4766
9.7656
9.7656
0.0000
0.0000
0.0000
0.0000
0.0000
0.0000
0.0000
0.0000
4.8828
4.8828
63.4766
63.4766
73.2422
73.2422
68.3594
68.3594
14.6484
14.6484
0.0000
0.0000
0.0000
0.0000
0.0000
0.0000
0.0000
0.0000
24.4141
24.4141
87.8906
87.8906
107.4219
107.4219
107.4219
107.4219
63.4766
63.4766
19.5312
19.5312
0.0000
0.0000
0.0000
0.0000
0.0000
0.0000
0.0000
0.0000
9.7656
9.7656
43.9453
43.9453
24.4141
24.4141
4.8828
4.8828
0.0000
0.0000
0.0000
0.0000
0.0000
0.0000
0.0000
0.0000
0.0000
0.0000
43.9453
43.9453
78.1250
78.1250
58.5937
58.5937
29.2969
29.2969
0.0000
0.0000
0.0000
0.0000
0.0000
0.0000
0.0000
0.0000
14.6484
14.6484
63.4766
63.4766
102.5391
102.5391
63.4766
63.4766
4.8828
4.8828
0.0000
0.0000
0.0000
0.0000
0.0000
0.0000
0.0000
0.0000
0.0000
0.0000
29.2969
29.2969
68.3594
68.3594
83.0078
83.0078
9.7656
9.7656
0.0000
0.0000
0.0000
0.0000
0.0000
0.0000
0.0000
0.0000
0.0000
0.0000
24.4141
24.4141
58.5937
58.5937
73.2422
73.2422
29.2969
29.2969
0.0000
0.0000
0.0000
0.0000
0.0000
0.0000
0.0000
0.0000
0.0000
0.0000
34.1797
34.1797
87.8906
87.8906
87.8906
87.8906
58.5937
58.5937
4.8828
4.8828
0.0000
0.0000
0.0000
0.0000
0.0000
0.0000
4.8828
4.8828
39.0625
39.0625
78.1250
78.1250
63.4766
63.4766
43.9453
43.9453
0.0000
0.0000
0.0000
0.0000
0.0000
0.0000
0.0000
0.0000
24.4141
24.4141
78.1250
78.1250
126.9531
126.9531
107.4219
97.6562
97.6562
97.6562
48.8281
48.8281
9.7656
9.7656
0.0000
0.0000
9.7656
9.7656
19.5312
19.5312
63.4766
63.4766
58.5937
58.5937
53.7109
53.7109
9.7656
0.0000
0.0000
0.0000
0.0000
0.0000
0.0000
0.0000
0.0000
0.0000
0.0000
0.0000
39.0625
39.0625
78.1250
78.1250
102.5391
102.5391
63.4766
19.5312
19.5312
0.0000
0.0000
0.0000
0.0000
0.0000
0.0000
0.0000
0.0000
29.2969
29.2969
78.1250
78.1250
102.5391
102.5391
78.1250
78.1250
34.1797
34.1797
0.0000
0.0000
0.0000
0.0000
0.0000
0.0000
0.0000
0.0000
0.0000
0.0000
43.9453
43.9453
73.2422
73.2422
63.4766
63.4766
14.6484
14.6484
0.0000
0.0000
0.0000
0.0000
0.0000
0.0000
0.0000
0.0000
0.0000
0.0000
29.2969
29.2969
39.0625
39.0625
58.5937
58.5937
9.7656
9.7656
0.0000
0.0000
0.0000
0.0000
0.0000
0.0000
0.0000
0.0000
14.6484
14.6484
63.4766
63.4766
87.8906
87.8906
92.7734
92.7734
34.1797
34.1797
0.0000
0.0000
0.0000
0.0000
0.0000
0.0000
0.0000
0.0000
9.7656
9.7656
63.4766
63.4766
87.8906
87.8906
68.3594
68.3594
24.4141
24.4141
0.0000
0.0000
0.0000
0.0000
0.0000
0.0000
0.0000
0.0000
29.2969
29.2969
78.1250
78.1250
122.0703
122.0703
107.4219
107.4219
68.3594
68.3594
0.0000
0.0000
0.0000
0.0000
0.0000
0.0000
0.0000
0.0000
34.1797
34.1797
92.7734
92.7734
112.3047
112.3047
83.0078
83.0078
14.6484
14.6484
0.0000
0.0000
0.0000
0.0000
0.0000
0.0000
0.0000
0.0000
0.0000
0.0000
48.8281
48.8281
83.0078
83.0078
92.7734
92.7734
43.9453
43.9453
0.0000
0.0000
0.0000
0.0000
0.0000
0.0000
0.0000
0.0000
0.0000
0.0000
29.2969
29.2969
68.3594
68.3594
97.6562
97.6562
53.7109
53.7109
14.6484
14.6484
0.0000
0.0000
0.0000
0.0000
0.0000
0.0000
0.0000
0.0000
0.0000
0.0000
14.6484
14.6484
39.0625
39.0625
9.7656
9.7656
0.0000
0.0000
0.0000
0.0000
0.0000
0.0000
0.0000
0.0000
0.0000
0.0000
0.0000
0.0000
14.6484
14.6484
29.2969
29.2969
9.7656
9.7656
0.0000
0.0000
0.0000
0.0000
0.0000
0.0000
0.0000
0.0000
0.0000
0.0000
14.6484
14.6484
73.2422
73.2422
87.8906
87.8906
78.1250
78.1250
0.0000
0.0000
0.0000
0.0000
0.0000
0.0000
0.0000
0.0000
0.0000
0.0000
0.0000
0.0000
63.4766
63.4766
97.6562
97.6562
97.6562
97.6562
34.1797
34.1797
0.0000
0.0000
0.0000
0.0000
0.0000
0.0000
0.0000
0.0000
9.7656
9.7656
78.1250
78.1250
146.4844
146.4844
146.4844
146.4844
92.7734
92.7734
19.5312
19.5312
0.0000
0.0000
0.0000
0.0000
0.0000
0.0000
29.2969
29.2969
107.4219
107.4219
170.8984
170.8984
156.2500
156.2500
112.3047
112.3047
0.0000
0.0000
0.0000
0.0000
0.0000
0.0000
0.0000
0.0000
0.0000
0.0000
39.0625
39.0625
92.7734
92.7734
107.4219
107.4219
73.2422
73.2422
4.8828
4.8828
0.0000
0.0000
0.0000
0.0000
0.0000
0.0000
0.0000
0.0000
43.9453
43.9453
112.3047
112.3047
122.0703
122.0703
83.0078
83.0078
34.1797
34.1797
0.0000
0.0000
0.0000
0.0000
0.0000
0.0000
0.0000
0.0000
29.2969
29.2969
53.7109
53.7109
63.4766
63.4766
9.7656
9.7656
0.0000
0.0000
0.0000
0.0000
0.0000
0.0000
0.0000
0.0000
0.0000
0.0000
9.7656
9.7656
58.5937
58.5937
68.3594
68.3594
34.1797
34.1797
0.0000
0.0000
0.0000
0.0000
0.0000
0.0000
0.0000
0.0000
0.0000
0.0000
29.2969
29.2969
92.7734
92.7734
102.5391
102.5391
83.0078
83.0078
14.6484
14.6484
0.0000
0.0000
0.0000
0.0000
0.0000
0.0000
0.0000
0.0000
0.0000
0.0000
58.5937
58.5937
92.7734
92.7734
87.8906
87.8906
34.1797
34.1797
0.0000
0.0000
0.0000
0.0000
0.0000
0.0000
0.0000
0.0000
0.0000
0.0000
48.8281
48.8281
97.6562
97.6562
107.4219
107.4219
73.2422
73.2422
9.7656
9.7656
0.0000
0.0000
0.0000
0.0000
0.0000
0.0000
0.0000
0.0000
68.3594
68.3594
131.8359
131.8359
136.7187
136.7187
117.1875
117.1875
39.0625
39.0625
0.0000
0.0000
0.0000
0.0000
0.0000
0.0000
0.0000
0.0000
0.0000
0.0000
48.8281
48.8281
68.3594
68.3594
48.8281
48.8281
0.0000
0.0000
0.0000
0.0000
0.0000
0.0000
0.0000
0.0000
0.0000
0.0000
14.6484
14.6484
53.7109
53.7109
78.1250
78.1250
48.8281
48.8281
0.0000
0.0000
0.0000
0.0000
0.0000
0.0000
0.0000
0.0000
0.0000
0.0000
24.4141
24.4141
63.4766
63.4766
78.1250
78.1250
24.4141
24.4141
0.0000
0.0000
0.0000
0.0000
0.0000
0.0000
0.0000
0.0000
0.0000
0.0000
0.0000
0.0000
43.9453
43.9453
58.5937
58.5937
24.4141
24.4141
0.0000
0.0000
0.0000
0.0000
0.0000
0.0000
0.0000
0.0000
0.0000
0.0000
0.0000
0.0000
68.3594
68.3594
87.8906
87.8906
73.2422
73.2422
14.6484
14.6484
0.0000
0.0000
0.0000
0.0000
0.0000
0.0000
0.0000
0.0000
0.0000
0.0000
63.4766
63.4766
92.7734
92.7734
97.6562
97.6562
39.0625
39.0625
0.0000
0.0000
0.0000
0.0000
0.0000
0.0000
0.0000
0.0000
0.0000
0.0000
43.9453
43.9453
83.0078
83.0078
83.0078
83.0078
48.8281
48.8281
9.7656
9.7656
0.0000
0.0000
0.0000
0.0000
0.0000
0.0000
29.2969
29.2969
68.3594
68.3594
117.1875
117.1875
122.0703
122.0703
112.3047
112.3047
58.5937
58.5937
19.5312
19.5312
0.0000
0.0000
0.0000
0.0000
0.0000
0.0000
9.7656
9.7656
39.0625
39.0625
43.9453
43.9453
43.9453
43.9453
0.0000
0.0000
0.0000
0.0000
0.0000
0.0000
0.0000
0.0000
0.0000
0.0000
34.1797
34.1797
73.2422
73.2422
92.7734
92.7734
63.4766
63.4766
4.8828
4.8828
0.0000
0.0000
0.0000
0.0000
0.0000
0.0000
0.0000
0.0000
53.7109
53.7109
78.1250
78.1250
92.7734
92.7734
53.7109
53.7109
0.0000
0.0000
0.0000
0.0000
0.0000
0.0000
0.0000
0.0000
0.0000
0.0000
0.0000
0.0000
39.0625
39.0625
83.0078
83.0078
58.5937
58.5937
4.8828
4.8828
0.0000
0.0000
0.0000
0.0000
0.0000
0.0000
0.0000
0.0000
0.0000
0.0000
48.8281
48.8281
73.2422
73.2422
78.1250
78.1250
39.0625
39.0625
0.0000
0.0000
0.0000
0.0000
0.0000
0.0000
0.0000
0.0000
4.8828
4.8828
68.3594
68.3594
83.0078
83.0078
92.7734
92.7734
19.5312
19.5312
0.0000
0.0000
0.0000
0.0000
0.0000
0.0000
0.0000
0.0000
14.6484
14.6484
63.4766
63.4766
73.2422
73.2422
58.5937
58.5937
9.7656
9.7656
0.0000
0.0000
0.0000
0.0000
0.0000
0.0000
0.0000
0.0000
34.1797
34.1797
68.3594
68.3594
102.5391
102.5391
87.8906
87.8906
43.9453
43.9453
9.7656
9.7656
0.0000
0.0000
0.0000
0.0000
0.0000
0.0000
48.8281
48.8281
58.5937
58.5937
68.3594
68.3594
14.6484
14.6484
0.0000
0.0000
0.0000
0.0000
0.0000
0.0000
0.0000
0.0000
0.0000
0.0000
0.0000
0.0000
53.7109
53.7109
83.0078
83.0078
58.5937
58.5937
24.4141
24.4141
0.0000
0.0000
0.0000
0.0000
0.0000
0.0000
0.0000
0.0000
0.0000
0.0000
53.7109
53.7109
83.0078
83.0078
83.0078
83.0078
43.9453
43.9453
0.0000
0.0000
0.0000
0.0000
0.0000
0.0000
0.0000
0.0000
0.0000
0.0000
0.0000
0.0000
24.4141
24.4141
48.8281
48.8281
24.4141
24.4141
0.0000
0.0000
0.0000
0.0000
0.0000
0.0000
0.0000
0.0000
0.0000
0.0000
0.0000
0.0000
14.6484
14.6484
34.1797
34.1797
19.5312
19.5312
0.0000
0.0000
0.0000
0.0000
0.0000
0.0000
0.0000
0.0000
0.0000
0.0000
19.5312
19.5312
73.2422
73.2422
87.8906
87.8906
63.4766
63.4766
4.8828
4.8828
0.0000
0.0000
0.0000
0.0000
0.0000
0.0000
0.0000
0.0000
19.5312
19.5312
78.1250
78.1250
97.6562
97.6562
73.2422
73.2422
0.0000
0.0000
0.0000
0.0000
0.0000
0.0000
0.0000
0.0000
0.0000
0.0000
63.4766
63.4766
117.1875
117.1875
146.4844
146.4844
122.0703
122.0703
58.5937
58.5937
0.0000
0.0000
0.0000
0.0000
0.0000
0.0000
0.0000
0.0000
87.8906
87.8906
136.7187
136.7187
151.3672
151.3672
97.6562
97.6562
9.7656
9.7656
0.0000
0.0000
0.0000
0.0000
0.0000
0.0000
0.0000
0.0000
24.4141
24.4141
78.1250
78.1250
112.3047
112.3047
92.7734
92.7734
43.9453
43.9453
0.0000
0.0000
0.0000
0.0000
0.0000
0.0000
0.0000
0.0000
0.0000
0.0000
68.3594
68.3594
102.5391
102.5391
97.6562
97.6562
58.5937
58.5937
0.0000
0.0000
0.0000
0.0000
0.0000
0.0000
0.0000
0.0000
0.0000
0.0000
29.2969
29.2969
58.5937
58.5937
63.4766
63.4766
9.7656
9.7656
0.0000
0.0000
0.0000
0.0000
0.0000
0.0000
0.0000
0.0000
0.0000
9.7656
9.7656
9.7656
48.8281
48.8281
58.5937
58.5937
14.6484
14.6484
0.0000
0.0000
0.0000
0.0000
0.0000
0.0000
0.0000
0.0000
0.0000
34.1797
34.1797
83.0078
83.0078
97.6562
97.6562
68.3594
68.3594
14.6484
14.6484
0.0000
0.0000
0.0000
0.0000
0.0000
0.0000
0.0000
0.0000
19.5312
19.5312
83.0078
83.0078
102.5391
102.5391
83.0078
83.0078
9.7656
9.7656
0.0000
0.0000
0.0000
0.0000
0.0000
0.0000
0.0000
0.0000
14.6484
14.6484
92.7734
92.7734
117.1875
117.1875
117.1875
117.1875
53.7109
53.7109
0.0000
0.0000
0.0000
0.0000
0.0000
0.0000
0.0000
0.0000
29.2969
29.2969
102.5391
102.5391
146.4844
146.4844
141.6016
141.6016
53.7109
53.7109
0.0000
0.0000
0.0000
0.0000
0.0000
0.0000
0.0000
0.0000
0.0000
0.0000
43.9453
43.9453
97.6562
97.6562
87.8906
87.8906
39.0625
39.0625
0.0000
0.0000
0.0000
0.0000
0.0000
0.0000
0.0000
0.0000
0.0000
0.0000
39.0625
39.0625
92.7734
92.7734
83.0078
83.0078
58.5937
58.5937
0.0000
0.0000
0.0000
0.0000
0.0000
0.0000
0.0000
0.0000
0.0000
0.0000
43.9453
43.9453
58.5937
58.5937
43.9453
43.9453
0.0000
0.0000
0.0000
0.0000
0.0000
0.0000
0.0000
0.0000
0.0000
0.0000
0.0000
0.0000
14.6484
14.6484
53.7109
53.7109
58.5937
58.5937
0.0000
0.0000
0.0000
0.0000
0.0000
0.0000
0.0000
0.0000
0.0000
0.0000
0.0000
0.0000
48.8281
48.8281
87.8906
87.8906
92.7734
92.7734
43.9453
43.9453
0.0000
0.0000
0.0000
0.0000
0.0000
0.0000
0.0000
0.0000
0.0000
0.0000
19.5312
19.5312
83.0078
83.0078
92.7734
92.7734
78.1250
78.1250
24.4141
24.4141
0.0000
0.0000
0.0000
0.0000
0.0000
0.0000
0.0000
0.0000
14.6484
14.6484
73.2422
73.2422
97.6562
97.6562
102.5391
102.5391
58.5937
58.5937
4.8828
4.8828
0.0000
0.0000
0.0000
0.0000
0.0000
0.0000
29.2969
29.2969
92.7734
92.7734
141.6016
141.6016
151.3672
151.3672
107.4219
107.4219
39.0625
39.0625
0.0000
0.0000
0.0000
0.0000
0.0000
0.0000
0.0000
0.0000
39.0625
39.0625
78.1250
78.1250
78.1250
78.1250
43.9453
43.9453
0.0000
0.0000
0.0000
0.0000
0.0000
0.0000
0.0000
0.0000
0.0000
0.0000
43.9453
43.9453
97.6562
97.6562
92.7734
92.7734
68.3594
68.3594
0.0000
0.0000
0.0000
0.0000
0.0000
0.0000
0.0000
0.0000
4.8828
4.8828
53.7109
53.7109
87.8906
87.8906
68.3594
68.3594
14.6484
14.6484
0.0000
0.0000
0.0000
0.0000
0.0000
0.0000
0.0000
0.0000
0.0000
0.0000
24.4141
24.4141
68.3594
68.3594
78.1250
78.1250
34.1797
34.1797
0.0000
0.0000
0.0000
0.0000
0.0000
0.0000
0.0000
0.0000
0.0000
0.0000
43.9453
43.9453
97.6562
97.6562
107.4219
107.4219
68.3594
68.3594
9.7656
9.7656
0.0000
0.0000
0.0000
0.0000
0.0000
0.0000
0.0000
0.0000
24.4141
24.4141
78.1250
78.1250
92.7734
92.7734
73.2422
73.2422
9.7656
9.7656
0.0000
0.0000
0.0000
0.0000
0.0000
0.0000
0.0000
0.0000
4.8828
4.8828
58.5937
58.5937
58.5937
58.5937
48.8281
48.8281
4.8828
4.8828
0.0000
0.0000
0.0000
0.0000
0.0000
0.0000
0.0000
0.0000
24.4141
24.4141
73.2422
73.2422
92.7734
92.7734
97.6562
97.6562
68.3594
68.3594
29.2969
29.2969
0.0000
0.0000
0.0000
0.0000
0.0000
0.0000
0.0000
0.0000
4.8828
4.8828
24.4141
24.4141
14.6484
14.6484
0.0000
0.0000
0.0000
0.0000
0.0000
0.0000
0.0000
0.0000
0.0000
0.0000
0.0000
0.0000
43.9453
43.9453
73.2422
73.2422
58.5937
58.5937
29.2969
29.2969
0.0000
0.0000
0.0000
0.0000
0.0000
0.0000
0.0000
0.0000
0.0000
0.0000
48.8281
48.8281
83.0078
83.0078
73.2422
73.2422
29.2969
29.2969
0.0000
0.0000
0.0000
0.0000
0.0000
0.0000
0.0000
0.0000
0.0000
0.0000
4.8828
4.8828
48.8281
48.8281
58.5937
58.5937
24.4141
24.4141
0.0000
0.0000
0.0000
0.0000
0.0000
0.0000
0.0000
0.0000
0.0000
0.0000
0.0000
0.0000
29.2969
29.2969
58.5937
58.5937
24.4141
24.4141
9.7656
9.7656
0.0000
0.0000
0.0000
0.0000
0.0000
0.0000
0.0000
0.0000
14.6484
14.6484
63.4766
63.4766
87.8906
87.8906
48.8281
48.8281
14.6484
14.6484
0.0000
0.0000
0.0000
0.0000
0.0000
0.0000
0.0000
0.0000
48.8281
48.8281
83.0078
83.0078
73.2422
73.2422
34.1797
34.1797
0.0000
0.0000
0.0000
0.0000
0.0000
0.0000
0.0000
0.0000
19.5312
19.5312
68.3594
68.3594
131.8359
131.8359
126.9531
126.9531
102.5391
102.5391
53.7109
53.7109
9.7656
9.7656
0.0000
0.0000
0.0000
0.0000
39.0625
39.0625
73.2422
73.2422
92.7734
92.7734
68.3594
68.3594
24.4141
24.4141
0.0000
0.0000
0.0000
0.0000
0.0000
0.0000
0.0000
0.0000
0.0000
0.0000
29.2969
29.2969
73.2422
73.2422
92.7734
92.7734
48.8281
48.8281
9.7656
9.7656
0.0000
0.0000
0.0000
0.0000
0.0000
0.0000
0.0000
0.0000
34.1797
34.1797
68.3594
68.3594
97.6562
97.6562
78.1250
78.1250
39.0625
39.0625
0.0000
0.0000
0.0000
0.0000
0.0000
0.0000
0.0000
0.0000
0.0000
0.0000
14.6484
14.6484
48.8281
48.8281
48.8281
48.8281
24.4141
24.4141
0.0000
0.0000
0.0000
0.0000
0.0000
0.0000
0.0000
0.0000
0.0000
0.0000
4.8828
4.8828
24.4141
24.4141
39.0625
39.0625
9.7656
9.7656
0.0000
0.0000
0.0000
0.0000
0.0000
0.0000
0.0000
0.0000
0.0000
0.0000
53.7109
53.7109
78.1250
78.1250
87.8906
87.8906
39.0625
39.0625
0.0000
0.0000
0.0000
0.0000
0.0000
0.0000
0.0000
0.0000
0.0000
0.0000
58.5937
58.5937
102.5391
102.5391
92.7734
92.7734
39.0625
39.0625
0.0000
0.0000
0.0000
0.0000
0.0000
0.0000
0.0000
0.0000
4.8828
4.8828
63.4766
63.4766
126.9531
126.9531
131.8359
131.8359
92.7734
92.7734
14.6484
14.6484
0.0000
0.0000
0.0000
0.0000
0.0000
0.0000
9.7656
9.7656
78.1250
78.1250
126.9531
126.9531
122.0703
122.0703
68.3594
68.3594
0.0000
0.0000
0.0000
0.0000
0.0000
0.0000
0.0000
0.0000
0.0000
0.0000
24.4141
24.4141
78.1250
78.1250
97.6562
97.6562
58.5937
58.5937
4.8828
4.8828
0.0000
0.0000
0.0000
0.0000
0.0000
0.0000
0.0000
0.0000
9.7656
9.7656
73.2422
73.2422
102.5391
102.5391
73.2422
73.2422
29.2969
29.2969
0.0000
0.0000
0.0000
0.0000
0.0000
0.0000
0.0000
0.0000
0.0000
0.0000
29.2969
29.2969
48.8281
48.8281
14.6484
14.6484
0.0000
0.0000
0.0000
0.0000
0.0000
0.0000
0.0000
0.0000
0.0000
0.0000
0.0000
0.0000
19.5312
19.5312
34.1797
34.1797
24.4141
24.4141
0.0000
0.0000
0.0000
0.0000
0.0000
0.0000
0.0000
0.0000
0.0000
0.0000
0.0000
0.0000
68.3594
68.3594
87.8906
87.8906
92.7734
92.7734
34.1797
34.1797
0.0000
0.0000
0.0000
0.0000
0.0000
0.0000
0.0000
0.0000
0.0000
0.0000
58.5937
58.5937
92.7734
92.7734
97.6562
97.6562
43.9453
43.9453
0.0000
0.0000
0.0000
0.0000
0.0000
0.0000
0.0000
0.0000
0.0000
0.0000
0.0000
0.0000
9.7656
9.7656
24.4141
24.4141
14.6484
14.6484
0.0000
0.0000
0.0000
0.0000
0.0000
0.0000
0.0000
0.0000
0.0000
0.0000
48.8281
48.8281
131.8359
131.8359
166.0156
166.0156
141.6016
141.6016
48.8281
48.8281
0.0000
0.0000
0.0000
0.0000
0.0000
0.0000
0.0000
0.0000
19.5312
19.5312
87.8906
87.8906
107.4219
107.4219
102.5391
102.5391
34.1797
34.1797
0.0000
0.0000
0.0000
0.0000
0.0000
0.0000
0.0000
0.0000
24.4141
24.4141
83.0078
83.0078
117.1875
117.1875
112.3047
112.3047
63.4766
63.4766
0.0000
0.0000
0.0000
0.0000
0.0000
0.0000
0.0000
0.0000
53.7109
53.7109
73.2422
73.2422
102.5391
102.5391
68.3594
68.3594
14.6484
14.6484
0.0000
0.0000
0.0000
0.0000
0.0000
0.0000
0.0000
0.0000
0.0000
0.0000
48.8281
48.8281
83.0078
83.0078
63.4766
63.4766
19.5312
19.5312
0.0000
0.0000
0.0000
0.0000
0.0000
0.0000
0.0000
0.0000
0.0000
0.0000
0.0000
0.0000
0.0000
0.0000
0.0000
0.0000
0.0000
0.0000
0.0000
0.0000
0.0000
0.0000
0.0000
0.0000
0.0000
0.0000
0.0000
0.0000
0.0000
0.0000
0.0000
0.0000
0.0000
0.0000
0.0000
0.0000
0.0000
0.0000
0.0000
0.0000
39.0625
39.0625
175.7812
175.7812
336.9141
336.9141
458.9844
458.9844
551.7578
551.7578
581.0547
581.0547
537.1094
444.3359
444.3359
444.3359
317.3828
317.3828
209.9609
209.9609
131.8359
131.8359
117.1875
117.1875
83.0078
83.0078
14.6484
14.6484
0.0000
0.0000
0.0000
0.0000
0.0000
0.0000
0.0000
0.0000
0.0000
0.0000
0.0000
0.0000
0.0000
0.0000
0.0000
0.0000
0.0000
0.0000
0.0000
0.0000
0.0000
0.0000
0.0000
0.0000
0.0000
0.0000
0.0000
0.0000
0.0000
0.0000
0.0000
0.0000
0.0000
0.0000
0.0000
0.0000
0.0000
0.0000
0.0000
0.0000
0.0000
4.8828
4.8828
126.9531
126.9531
249.0234
249.0234
336.9141
336.9141
419.9219
419.9219
458.9844
458.9844
488.2812
488.2812
434.5703
434.5703
371.0937
371.0937
292.9687
292.9687
263.6719
263.6719
278.3203
278.3203
336.9141
336.9141
424.8047
424.8047
493.1641
493.1641
502.9297
502.9297
405.2734
405.2734
156.2500
156.2500
0.0000
0.0000
0.0000
0.0000
0.0000
0.0000
0.0000
0.0000
0.0000
0.0000
0.0000
0.0000
0.0000
0.0000
0.0000
0.0000
0.0000
0.0000
0.0000
0.0000
0.0000
0.0000
0.0000
0.0000
0.0000
0.0000
0.0000
0.0000
0.0000
0.0000
0.0000
0.0000
0.0000
0.0000
0.0000
0.0000
43.9453
43.9453
214.8437
214.8437
346.6797
346.6797
493.1641
493.1641
595.7031
595.7031
698.2422
698.2422
742.1875
742.1875
756.8359
756.8359
722.6562
722.6562
683.5937
683.5937
620.1172
620.1172
610.3516
610.3516
625.0000
625.0000
688.4766
688.4766
751.9531
751.9531
810.5469
810.5469
849.6094
849.6094
825.1953
825.1953
737.3047
737.3047
468.7500
468.7500
122.0703
122.0703
0.0000
0.0000
0.0000
0.0000
0.0000
0.0000
0.0000
0.0000
0.0000
0.0000
0.0000
0.0000
0.0000
0.0000
0.0000
0.0000
0.0000
0.0000
0.0000
0.0000
0.0000
0.0000
0.0000
0.0000
0.0000
0.0000
0.0000
0.0000
0.0000
0.0000
0.0000
0.0000
0.0000
0.0000
0.0000
0.0000
195.3125
195.3125
415.0391
415.0391
610.3516
610.3516
771.4844
771.4844
864.2578
864.2578
874.0234
874.0234
820.3125
820.3125
751.9531
751.9531
693.3594
693.3594
673.8281
673.8281
708.0078
708.0078
776.3672
776.3672
849.6094
849.6094
913.0859
913.0859
937.5000
937.5000
932.6172
932.6172
888.6719
888.6719
781.2500
781.2500
546.8750
546.8750
332.0312
332.0312
166.0156
166.0156
0.0000
0.0000
0.0000
0.0000
0.0000
0.0000
0.0000
0.0000
0.0000
0.0000
0.0000
0.0000
0.0000
0.0000
0.0000
0.0000
0.0000
0.0000
0.0000
0.0000
0.0000
0.0000
0.0000
0.0000
0.0000
0.0000
0.0000
0.0000
0.0000
0.0000
48.8281
48.8281
278.3203
278.3203
498.0469
498.0469
708.0078
708.0078
859.3750
859.3750
957.0312
957.0312
1000.9766
1000.9766
991.2109
991.2109
961.9141
961.9141
908.2031
908.2031
922.8516
922.8516
932.6172
932.6172
986.3281
986.3281
991.2109
991.2109
986.3281
986.3281
947.2656
947.2656
893.5547
893.5547
849.6094
849.6094
815.4297
815.4297
805.6641
805.6641
727.5391
727.5391
571.2891
571.2891
332.0312
332.0312
0.0000
0.0000
0.0000
0.0000
0.0000
0.0000
0.0000
0.0000
0.0000
0.0000
0.0000
0.0000
0.0000
0.0000
0.0000
0.0000
0.0000
0.0000
0.0000
0.0000
0.0000
0.0000
0.0000
0.0000
0.0000
0.0000
0.0000
0.0000
0.0000
0.0000
0.0000
0.0000
166.0156
166.0156
419.9219
419.9219
610.3516
610.3516
737.3047
737.3047
786.1328
786.1328
795.8984
795.8984
766.6016
766.6016
717.7734
717.7734
703.1250
703.1250
717.7734
717.7734
776.3672
776.3672
795.8984
795.8984
820.3125
820.3125
791.0156
791.0156
761.7187
761.7187
698.2422
698.2422
717.7734
717.7734
742.1875
742.1875
776.3672
776.3672
747.0703
747.0703
