781.2500
781.2500
644.5312
644.5312
512.6953
512.6953
410.1562
410.1562
346.6797
346.6797
336.9141
336.9141
380.8594
380.8594
434.5703
434.5703
473.6328
473.6328
498.0469
498.0469
507.8125
507.8125
522.4609
522.4609
498.0469
498.0469
375.9766
375.9766
112.3047
112.3047
0.0000
0.0000
0.0000
0.0000
0.0000
0.0000
0.0000
0.0000
0.0000
0.0000
0.0000
0.0000
0.0000
0.0000
0.0000
0.0000
0.0000
0.0000
0.0000
0.0000
0.0000
0.0000
0.0000
0.0000
180.6641
180.6641
380.8594
380.8594
551.7578
551.7578
668.9453
668.9453
708.0078
708.0078
668.9453
668.9453
610.3516
610.3516
532.2266
532.2266
458.9844
458.9844
390.6250
390.6250
341.7969
341.7969
341.7969
341.7969
380.8594
380.8594
415.0391
415.0391
444.3359
444.3359
454.1016
454.1016
478.5156
478.5156
498.0469
498.0469
507.8125
507.8125
493.1641
493.1641
458.9844
458.9844
288.0859
288.0859
0.0000
0.0000
0.0000
0.0000
0.0000
0.0000
0.0000
0.0000
0.0000
0.0000
0.0000
0.0000
0.0000
0.0000
0.0000
0.0000
0.0000
0.0000
0.0000
0.0000
0.0000
0.0000
0.0000
0.0000
0.0000
0.0000
117.1875
117.1875
317.3828
317.3828
458.9844
458.9844
507.8125
507.8125
502.9297
502.9297
434.5703
434.5703
356.4453
356.4453
278.3203
278.3203
234.3750
234.3750
244.1406
244.1406
268.5547
268.5547
312.5000
312.5000
332.0312
332.0312
341.7969
341.7969
356.4453
356.4453
371.0937
371.0937
375.9766
375.9766
390.6250
390.6250
400.3906
400.3906
390.6250
390.6250
214.8437
214.8437
0.0000
0.0000
0.0000
0.0000
0.0000
0.0000
0.0000
0.0000
0.0000
0.0000
0.0000
0.0000
0.0000
0.0000
0.0000
0.0000
0.0000
0.0000
0.0000
0.0000
0.0000
0.0000
0.0000
0.0000
0.0000
0.0000
190.4297
190.4297
395.5078
395.5078
551.7578
551.7578
654.2969
654.2969
668.9453
668.9453
615.2344
615.2344
493.1641
493.1641
395.5078
395.5078
327.1484
327.1484
302.7344
302.7344
312.5000
312.5000
346.6797
346.6797
395.5078
395.5078
439.4531
439.4531
458.9844
458.9844
458.9844
458.9844
463.8672
463.8672
463.8672
463.8672
468.7500
468.7500
434.5703
434.5703
292.9687
292.9687
29.2969
29.2969
0.0000
0.0000
0.0000
0.0000
0.0000
0.0000
0.0000
0.0000
0.0000
0.0000
0.0000
0.0000
0.0000
0.0000
0.0000
0.0000
0.0000
0.0000
0.0000
0.0000
0.0000
0.0000
0.0000
0.0000
146.4844
146.4844
366.2109
366.2109
537.1094
537.1094
668.9453
668.9453
693.3594
693.3594
615.2344
615.2344
512.6953
512.6953
419.9219
419.9219
351.5625
351.5625
317.3828
317.3828
307.6172
307.6172
332.0312
332.0312
366.2109
366.2109
390.6250
390.6250
424.8047
424.8047
454.1016
454.1016
483.3984
483.3984
488.2812
488.2812
473.6328
473.6328
405.2734
405.2734
180.6641
180.6641
0.0000
0.0000
0.0000
0.0000
0.0000
0.0000
0.0000
0.0000
0.0000
0.0000
0.0000
0.0000
0.0000
0.0000
0.0000
0.0000
0.0000
0.0000
0.0000
0.0000
0.0000
0.0000
0.0000
0.0000
92.7734
92.7734
302.7344
302.7344
463.8672
463.8672
551.7578
551.7578
566.4062
566.4062
532.2266
532.2266
478.5156
478.5156
400.3906
400.3906
336.9141
336.9141
292.9687
292.9687
288.0859
288.0859
327.1484
327.1484
356.4453
356.4453
375.9766
375.9766
390.6250
390.6250
419.9219
419.9219
454.1016
454.1016
454.1016
454.1016
449.2187
449.2187
449.2187
449.2187
439.4531
439.4531
346.6797
346.6797
97.6562
97.6562
0.0000
0.0000
0.0000
0.0000
0.0000
0.0000
0.0000
0.0000
0.0000
0.0000
0.0000
0.0000
0.0000
0.0000
0.0000
0.0000
0.0000
0.0000
0.0000
0.0000
0.0000
43.9453
43.9453
43.9453
336.9141
336.9141
571.2891
571.2891
732.4219
732.4219
810.5469
810.5469
800.7812
800.7812
698.2422
698.2422
566.4062
566.4062
434.5703
434.5703
356.4453
336.9141
336.9141
336.9141
341.7969
341.7969
371.0937
371.0937
410.1562
410.1562
449.2187
449.2187
468.7500
468.7500
468.7500
468.7500
478.5156
478.5156
483.3984
483.3984
429.6875
200.1953
200.1953
200.1953
0.0000
0.0000
0.0000
0.0000
0.0000
0.0000
0.0000
0.0000
0.0000
0.0000
0.0000
0.0000
0.0000
0.0000
0.0000
0.0000
0.0000
0.0000
0.0000
0.0000
0.0000
0.0000
0.0000
0.0000
0.0000
175.7812
175.7812
361.3281
361.3281
512.6953
512.6953
605.4687
605.4687
639.6484
639.6484
590.8203
590.8203
478.5156
478.5156
380.8594
380.8594
317.3828
317.3828
297.8516
297.8516
278.3203
278.3203
292.9687
292.9687
332.0312
332.0312
380.8594
380.8594
410.1562
410.1562
405.2734
405.2734
419.9219
419.9219
429.6875
429.6875
439.4531
439.4531
419.9219
419.9219
307.6172
307.6172
48.8281
48.8281
0.0000
0.0000
0.0000
0.0000
0.0000
0.0000
0.0000
0.0000
0.0000
0.0000
0.0000
0.0000
0.0000
0.0000
0.0000
0.0000
0.0000
0.0000
0.0000
0.0000
0.0000
0.0000
0.0000
0.0000
175.7812
175.7812
375.9766
375.9766
527.3437
527.3437
600.5859
600.5859
595.7031
595.7031
532.2266
532.2266
434.5703
434.5703
366.2109
366.2109
312.5000
312.5000
288.0859
288.0859
288.0859
288.0859
312.5000
312.5000
356.4453
356.4453
361.3281
361.3281
375.9766
375.9766
400.3906
400.3906
429.6875
429.6875
444.3359
444.3359
415.0391
415.0391
346.6797
346.6797
131.8359
131.8359
0.0000
0.0000
0.0000
0.0000
0.0000
0.0000
0.0000
0.0000
0.0000
0.0000
0.0000
0.0000
0.0000
0.0000
0.0000
0.0000
0.0000
0.0000
0.0000
0.0000
0.0000
0.0000
0.0000
0.0000
117.1875
117.1875
351.5625
351.5625
561.5234
561.5234
668.9453
668.9453
698.2422
698.2422
664.0625
664.0625
571.2891
571.2891
468.7500
468.7500
366.2109
366.2109
312.5000
312.5000
307.6172
307.6172
341.7969
341.7969
380.8594
380.8594
395.5078
395.5078
415.0391
415.0391
439.4531
439.4531
458.9844
458.9844
468.7500
468.7500
449.2187
449.2187
415.0391
415.0391
297.8516
297.8516
39.0625
39.0625
0.0000
0.0000
0.0000
0.0000
0.0000
0.0000
0.0000
0.0000
0.0000
0.0000
0.0000
0.0000
0.0000
0.0000
0.0000
0.0000
0.0000
0.0000
0.0000
0.0000
0.0000
0.0000
0.0000
0.0000
117.1875
117.1875
356.4453
356.4453
537.1094
537.1094
649.4141
649.4141
688.4766
688.4766
649.4141
649.4141
537.1094
537.1094
415.0391
415.0391
332.0312
332.0312
302.7344
302.7344
297.8516
297.8516
317.3828
317.3828
336.9141
336.9141
371.0937
371.0937
405.2734
405.2734
424.8047
424.8047
419.9219
419.9219
429.6875
429.6875
439.4531
439.4531
405.2734
405.2734
185.5469
185.5469
0.0000
0.0000
0.0000
0.0000
0.0000
0.0000
0.0000
0.0000
0.0000
0.0000
0.0000
0.0000
0.0000
0.0000
0.0000
0.0000
0.0000
0.0000
0.0000
0.0000
0.0000
0.0000
0.0000
0.0000
83.0078
83.0078
297.8516
297.8516
439.4531
439.4531
541.9922
541.9922
585.9375
585.9375
585.9375
585.9375
512.6953
512.6953
405.2734
405.2734
327.1484
327.1484
292.9687
292.9687
297.8516
297.8516
297.8516
297.8516
322.2656
322.2656
361.3281
361.3281
415.0391
415.0391
444.3359
444.3359
429.6875
429.6875
415.0391
415.0391
424.8047
424.8047
434.5703
434.5703
410.1562
410.1562
273.4375
273.4375
0.0000
0.0000
0.0000
0.0000
0.0000
0.0000
0.0000
0.0000
0.0000
0.0000
0.0000
0.0000
0.0000
0.0000
0.0000
0.0000
0.0000
0.0000
0.0000
0.0000
0.0000
0.0000
0.0000
0.0000
0.0000
0.0000
195.3125
195.3125
405.2734
405.2734
556.6406
556.6406
644.5312
644.5312
629.8828
629.8828
556.6406
556.6406
449.2187
449.2187
361.3281
361.3281
297.8516
297.8516
263.6719
263.6719
288.0859
288.0859
317.3828
317.3828
366.2109
366.2109
380.8594
380.8594
405.2734
405.2734
424.8047
424.8047
458.9844
458.9844
473.6328
473.6328
380.8594
380.8594
122.0703
122.0703
0.0000
0.0000
0.0000
0.0000
0.0000
0.0000
0.0000
0.0000
0.0000
0.0000
0.0000
0.0000
0.0000
0.0000
0.0000
0.0000
0.0000
0.0000
0.0000
0.0000
0.0000
0.0000
0.0000
0.0000
19.5312
19.5312
244.1406
244.1406
449.2187
449.2187
610.3516
610.3516
664.0625
664.0625
644.5312
644.5312
576.1719
576.1719
498.0469
498.0469
424.8047
424.8047
341.7969
341.7969
307.6172
307.6172
312.5000
312.5000
351.5625
351.5625
395.5078
395.5078
419.9219
419.9219
419.9219
419.9219
434.5703
434.5703
444.3359
444.3359
468.7500
468.7500
473.6328
473.6328
444.3359
444.3359
297.8516
297.8516
34.1797
34.1797
0.0000
0.0000
0.0000
0.0000
0.0000
0.0000
0.0000
0.0000
0.0000
0.0000
0.0000
0.0000
0.0000
0.0000
0.0000
0.0000
0.0000
0.0000
0.0000
0.0000
0.0000
0.0000
0.0000
0.0000
122.0703
122.0703
336.9141
336.9141
498.0469
498.0469
600.5859
600.5859
615.2344
615.2344
566.4062
566.4062
468.7500
468.7500
351.5625
351.5625
268.5547
268.5547
253.9062
253.9062
273.4375
273.4375
312.5000
312.5000
341.7969
341.7969
380.8594
380.8594
415.0391
415.0391
415.0391
415.0391
419.9219
419.9219
415.0391
415.0391
439.4531
439.4531
444.3359
444.3359
336.9141
336.9141
73.2422
73.2422
0.0000
0.0000
0.0000
0.0000
0.0000
0.0000
0.0000
0.0000
0.0000
0.0000
0.0000
0.0000
0.0000
0.0000
0.0000
0.0000
0.0000
0.0000
0.0000
0.0000
0.0000
0.0000
0.0000
0.0000
156.2500
156.2500
341.7969
341.7969
478.5156
478.5156
581.0547
581.0547
610.3516
610.3516
576.1719
576.1719
498.0469
498.0469
400.3906
400.3906
332.0312
332.0312
302.7344
302.7344
278.3203
278.3203
283.2031
283.2031
322.2656
322.2656
375.9766
375.9766
419.9219
419.9219
434.5703
434.5703
444.3359
444.3359
454.1016
454.1016
458.9844
458.9844
439.4531
439.4531
380.8594
380.8594
161.1328
161.1328
0.0000
0.0000
0.0000
0.0000
0.0000
0.0000
0.0000
0.0000
0.0000
0.0000
0.0000
0.0000
0.0000
0.0000
0.0000
0.0000
0.0000
0.0000
0.0000
0.0000
0.0000
0.0000
0.0000
0.0000
0.0000
0.0000
268.5547
268.5547
483.3984
483.3984
649.4141
649.4141
717.7734
717.7734
693.3594
693.3594
610.3516
610.3516
493.1641
493.1641
395.5078
395.5078
327.1484
327.1484
307.6172
307.6172
317.3828
317.3828
341.7969
341.7969
366.2109
366.2109
375.9766
375.9766
405.2734
405.2734
444.3359
444.3359
454.1016
454.1016
468.7500
468.7500
439.4531
439.4531
336.9141
336.9141
112.3047
112.3047
0.0000
0.0000
0.0000
0.0000
0.0000
0.0000
0.0000
0.0000
0.0000
0.0000
0.0000
0.0000
0.0000
0.0000
0.0000
0.0000
0.0000
0.0000
0.0000
0.0000
0.0000
0.0000
0.0000
0.0000
141.6016
141.6016
390.6250
390.6250
571.2891
571.2891
649.4141
649.4141
668.9453
668.9453
639.6484
639.6484
576.1719
576.1719
458.9844
458.9844
356.4453
356.4453
307.6172
307.6172
312.5000
312.5000
346.6797
346.6797
375.9766
375.9766
400.3906
400.3906
429.6875
429.6875
449.2187
449.2187
449.2187
449.2187
454.1016
454.1016
458.9844
458.9844
468.7500
468.7500
454.1016
454.1016
317.3828
317.3828
43.9453
43.9453
0.0000
0.0000
0.0000
0.0000
0.0000
0.0000
0.0000
0.0000
0.0000
0.0000
0.0000
0.0000
0.0000
0.0000
0.0000
0.0000
0.0000
0.0000
0.0000
0.0000
0.0000
0.0000
0.0000
0.0000
219.7266
219.7266
439.4531
439.4531
625.0000
625.0000
727.5391
727.5391
737.3047
737.3047
649.4141
649.4141
507.8125
507.8125
390.6250
390.6250
317.3828
317.3828
288.0859
288.0859
283.2031
283.2031
322.2656
322.2656
385.7422
385.7422
424.8047
424.8047
429.6875
429.6875
439.4531
439.4531
454.1016
454.1016
468.7500
468.7500
463.8672
463.8672
385.7422
385.7422
170.8984
170.8984
0.0000
0.0000
0.0000
0.0000
0.0000
0.0000
0.0000
0.0000
0.0000
0.0000
0.0000
0.0000
0.0000
0.0000
0.0000
0.0000
0.0000
0.0000
0.0000
0.0000
0.0000
0.0000
0.0000
0.0000
0.0000
0.0000
205.0781
205.0781
380.8594
380.8594
512.6953
512.6953
585.9375
585.9375
566.4062
566.4062
507.8125
507.8125
419.9219
419.9219
351.5625
351.5625
312.5000
312.5000
278.3203
278.3203
288.0859
288.0859
317.3828
317.3828
346.6797
346.6797
371.0937
371.0937
390.6250
390.6250
415.0391
415.0391
434.5703
434.5703
434.5703
434.5703
434.5703
434.5703
434.5703
434.5703
390.6250
390.6250
175.7812
175.7812
0.0000
0.0000
0.0000
0.0000
0.0000
0.0000
0.0000
0.0000
0.0000
0.0000
0.0000
0.0000
0.0000
0.0000
0.0000
0.0000
0.0000
0.0000
0.0000
0.0000
0.0000
0.0000
0.0000
0.0000
107.4219
107.4219
351.5625
351.5625
537.1094
537.1094
649.4141
673.8281
673.8281
673.8281
615.2344
615.2344
512.6953
512.6953
400.3906
400.3906
332.0312
332.0312
292.9687
292.9687
307.6172
307.6172
327.1484
327.1484
351.5625
351.5625
375.9766
375.9766
405.2734
405.2734
419.9219
419.9219
419.9219
419.9219
429.6875
429.6875
424.8047
424.8047
351.5625
351.5625
107.4219
107.4219
0.0000
0.0000
0.0000
0.0000
0.0000
0.0000
0.0000
0.0000
0.0000
0.0000
0.0000
0.0000
0.0000
0.0000
0.0000
0.0000
0.0000
0.0000
0.0000
0.0000
0.0000
0.0000
0.0000
0.0000
0.0000
219.7266
219.7266
400.3906
400.3906
532.2266
532.2266
605.4687
605.4687
615.2344
615.2344
551.7578
551.7578
429.6875
429.6875
351.5625
351.5625
307.6172
307.6172
288.0859
288.0859
292.9687
292.9687
312.5000
312.5000
361.3281
361.3281
405.2734
405.2734
424.8047
424.8047
429.6875
429.6875
449.2187
449.2187
463.8672
463.8672
483.3984
483.3984
468.7500
468.7500
434.5703
434.5703
317.3828
317.3828
43.9453
43.9453
0.0000
0.0000
0.0000
0.0000
0.0000
0.0000
0.0000
0.0000
0.0000
0.0000
0.0000
0.0000
0.0000
0.0000
0.0000
0.0000
0.0000
0.0000
0.0000
0.0000
0.0000
0.0000
0.0000
0.0000
166.0156
166.0156
375.9766
375.9766
532.2266
532.2266
605.4687
605.4687
600.5859
600.5859
551.7578
551.7578
463.8672
463.8672
361.3281
361.3281
297.8516
297.8516
263.6719
263.6719
292.9687
292.9687
332.0312
332.0312
356.4453
356.4453
375.9766
375.9766
400.3906
400.3906
429.6875
429.6875
449.2187
449.2187
434.5703
434.5703
439.4531
439.4531
371.0937
371.0937
156.2500
156.2500
0.0000
0.0000
0.0000
0.0000
0.0000
0.0000
0.0000
0.0000
0.0000
0.0000
0.0000
0.0000
0.0000
0.0000
0.0000
0.0000
0.0000
0.0000
0.0000
0.0000
0.0000
0.0000
0.0000
0.0000
234.3750
234.3750
444.3359
444.3359
600.5859
600.5859
698.2422
698.2422
732.4219
732.4219
708.0078
708.0078
625.0000
625.0000
507.8125
507.8125
405.2734
405.2734
341.7969
341.7969
336.9141
336.9141
356.4453
356.4453
380.8594
380.8594
415.0391
415.0391
454.1016
454.1016
483.3984
483.3984
483.3984
483.3984
478.5156
478.5156
473.6328
473.6328
483.3984
483.3984
429.6875
429.6875
229.4922
229.4922
0.0000
0.0000
0.0000
0.0000
0.0000
0.0000
0.0000
0.0000
0.0000
0.0000
0.0000
0.0000
0.0000
0.0000
0.0000
0.0000
0.0000
0.0000
0.0000
0.0000
0.0000
0.0000
0.0000
0.0000
0.0000
0.0000
214.8437
214.8437
410.1562
410.1562
551.7578
551.7578
629.8828
629.8828
595.7031
595.7031
517.5781
517.5781
405.2734
405.2734
332.0312
332.0312
278.3203
278.3203
239.2578
239.2578
244.1406
244.1406
278.3203
278.3203
322.2656
322.2656
366.2109
366.2109
380.8594
380.8594
390.6250
390.6250
405.2734
405.2734
415.0391
415.0391
415.0391
415.0391
395.5078
395.5078
278.3203
278.3203
29.2969
29.2969
0.0000
0.0000
0.0000
0.0000
0.0000
0.0000
0.0000
0.0000
0.0000
0.0000
0.0000
0.0000
0.0000
0.0000
0.0000
0.0000
0.0000
0.0000
0.0000
0.0000
0.0000
0.0000
0.0000
0.0000
73.2422
73.2422
297.8516
297.8516
483.3984
483.3984
571.2891
571.2891
595.7031
595.7031
571.2891
571.2891
507.8125
507.8125
415.0391
415.0391
322.2656
322.2656
263.6719
263.6719
258.7891
258.7891
292.9687
292.9687
312.5000
312.5000
322.2656
322.2656
346.6797
346.6797
375.9766
375.9766
410.1562
410.1562
424.8047
424.8047
429.6875
429.6875
424.8047
424.8047
375.9766
375.9766
180.6641
180.6641
0.0000
0.0000
0.0000
0.0000
0.0000
0.0000
0.0000
0.0000
0.0000
0.0000
0.0000
0.0000
0.0000
0.0000
0.0000
0.0000
0.0000
0.0000
0.0000
0.0000
0.0000
0.0000
0.0000
0.0000
83.0078
83.0078
312.5000
312.5000
517.5781
517.5781
664.0625
664.0625
747.0703
747.0703
756.8359
756.8359
668.9453
668.9453
546.8750
546.8750
439.4531
439.4531
356.4453
356.4453
336.9141
336.9141
332.0312
332.0312
356.4453
356.4453
395.5078
395.5078
424.8047
424.8047
439.4531
439.4531
424.8047
424.8047
429.6875
429.6875
454.1016
454.1016
458.9844
458.9844
356.4453
356.4453
92.7734
92.7734
0.0000
0.0000
0.0000
0.0000
0.0000
0.0000
0.0000
0.0000
0.0000
0.0000
0.0000
0.0000
0.0000
0.0000
0.0000
0.0000
0.0000
0.0000
0.0000
0.0000
0.0000
0.0000
0.0000
0.0000
0.0000
0.0000
200.1953
200.1953
405.2734
405.2734
576.1719
576.1719
649.4141
649.4141
610.3516
610.3516
541.9922
541.9922
434.5703
434.5703
351.5625
351.5625
288.0859
288.0859
253.9062
253.9062
253.9062
253.9062
297.8516
297.8516
356.4453
356.4453
395.5078
395.5078
395.5078
395.5078
410.1562
410.1562
415.0391
415.0391
419.9219
419.9219
410.1562
410.1562
400.3906
400.3906
385.7422
385.7422
263.6719
263.6719
0.0000
0.0000
0.0000
0.0000
0.0000
0.0000
0.0000
0.0000
0.0000
0.0000
0.0000
0.0000
0.0000
0.0000
0.0000
0.0000
0.0000
0.0000
0.0000
0.0000
0.0000
0.0000
0.0000
0.0000
43.9453
43.9453
288.0859
288.0859
483.3984
483.3984
610.3516
610.3516
673.8281
673.8281
673.8281
673.8281
610.3516
610.3516
478.5156
478.5156
366.2109
366.2109
292.9687
292.9687
268.5547
268.5547
278.3203
278.3203
307.6172
307.6172
351.5625
351.5625
410.1562
410.1562
454.1016
454.1016
458.9844
458.9844
454.1016
454.1016
439.4531
439.4531
439.4531
439.4531
361.3281
361.3281
83.0078
83.0078
0.0000
0.0000
0.0000
0.0000
0.0000
0.0000
0.0000
0.0000
0.0000
0.0000
0.0000
0.0000
0.0000
0.0000
0.0000
0.0000
0.0000
0.0000
0.0000
0.0000
0.0000
0.0000
0.0000
0.0000
0.0000
0.0000
205.0781
205.0781
375.9766
375.9766
507.8125
507.8125
571.2891
571.2891
566.4062
566.4062
488.2812
488.2812
385.7422
385.7422
332.0312
332.0312
297.8516
297.8516
288.0859
288.0859
273.4375
273.4375
288.0859
288.0859
312.5000
312.5000
346.6797
346.6797
371.0937
371.0937
380.8594
380.8594
400.3906
400.3906
419.9219
419.9219
439.4531
439.4531
439.4531
439.4531
419.9219
419.9219
327.1484
327.1484
48.8281
48.8281
0.0000
0.0000
0.0000
0.0000
0.0000
0.0000
0.0000
0.0000
0.0000
0.0000
0.0000
0.0000
0.0000
0.0000
0.0000
0.0000
0.0000
0.0000
0.0000
0.0000
0.0000
0.0000
0.0000
0.0000
14.6484
14.6484
234.3750
234.3750
400.3906
400.3906
507.8125
507.8125
537.1094
537.1094
502.9297
502.9297
434.5703
434.5703
332.0312
332.0312
278.3203
278.3203
263.6719
263.6719
273.4375
273.4375
307.6172
307.6172
332.0312
332.0312
351.5625
351.5625
375.9766
375.9766
380.8594
380.8594
395.5078
395.5078
400.3906
400.3906
419.9219
419.9219
419.9219
419.9219
312.5000
312.5000
34.1797
34.1797
0.0000
0.0000
0.0000
0.0000
0.0000
0.0000
0.0000
0.0000
0.0000
0.0000
0.0000
0.0000
0.0000
0.0000
0.0000
0.0000
0.0000
0.0000
0.0000
0.0000
0.0000
0.0000
0.0000
0.0000
185.5469
185.5469
385.7422
385.7422
541.9922
541.9922
649.4141
649.4141
683.5937
683.5937
634.7656
634.7656
532.2266
532.2266
439.4531
439.4531
366.2109
366.2109
341.7969
341.7969
327.1484
327.1484
336.9141
336.9141
371.0937
371.0937
415.0391
415.0391
444.3359
444.3359
449.2187
449.2187
454.1016
454.1016
473.6328
473.6328
488.2812
488.2812
473.6328
473.6328
444.3359
444.3359
273.4375
273.4375
0.0000
0.0000
0.0000
0.0000
0.0000
0.0000
0.0000
0.0000
0.0000
0.0000
0.0000
0.0000
0.0000
0.0000
0.0000
0.0000
0.0000
0.0000
0.0000
0.0000
0.0000
0.0000
0.0000
0.0000
0.0000
0.0000
185.5469
185.5469
400.3906
400.3906
571.2891
571.2891
654.2969
654.2969
659.1797
659.1797
595.7031
595.7031
488.2812
488.2812
390.6250
390.6250
302.7344
302.7344
268.5547
268.5547
302.7344
302.7344
346.6797
346.6797
380.8594
380.8594
395.5078
395.5078
415.0391
415.0391
439.4531
439.4531
458.9844
458.9844
454.1016
454.1016
458.9844
458.9844
439.4531
439.4531
297.8516
297.8516
9.7656
9.7656
0.0000
0.0000
0.0000
0.0000
0.0000
0.0000
0.0000
0.0000
0.0000
0.0000
0.0000
0.0000
0.0000
0.0000
0.0000
0.0000
0.0000
0.0000
0.0000
0.0000
0.0000
0.0000
0.0000
0.0000
219.7266
219.7266
400.3906
400.3906
517.5781
517.5781
576.1719
576.1719
590.8203
590.8203
561.5234
561.5234
488.2812
488.2812
385.7422
385.7422
332.0312
332.0312
307.6172
307.6172
307.6172
307.6172
332.0312
332.0312
341.7969
341.7969
385.7422
385.7422
419.9219
419.9219
444.3359
444.3359
454.1016
454.1016
444.3359
444.3359
458.9844
458.9844
463.8672
463.8672
424.8047
424.8047
288.0859
288.0859
58.5937
58.5937
0.0000
0.0000
0.0000
0.0000
0.0000
0.0000
0.0000
0.0000
0.0000
0.0000
0.0000
0.0000
0.0000
0.0000
0.0000
0.0000
0.0000
0.0000
0.0000
0.0000
0.0000
0.0000
0.0000
0.0000
214.8437
214.8437
434.5703
434.5703
585.9375
585.9375
668.9453
668.9453
664.0625
664.0625
595.7031
595.7031
507.8125
507.8125
405.2734
405.2734
332.0312
332.0312
283.2031
283.2031
283.2031
283.2031
327.1484
327.1484
361.3281
361.3281
380.8594
380.8594
405.2734
405.2734
424.8047
424.8047
449.2187
449.2187
463.8672
463.8672
439.4531
439.4531
390.6250
180.6641
180.6641
180.6641
0.0000
0.0000
0.0000
0.0000
0.0000
0.0000
0.0000
0.0000
0.0000
0.0000
0.0000
0.0000
0.0000
0.0000
0.0000
0.0000
0.0000
0.0000
0.0000
0.0000
0.0000
0.0000
0.0000
0.0000
0.0000
83.0078
83.0078
288.0859
288.0859
429.6875
429.6875
517.5781
517.5781
532.2266
532.2266
512.6953
512.6953
449.2187
449.2187
356.4453
356.4453
273.4375
273.4375
244.1406
244.1406
253.9062
253.9062
283.2031
283.2031
297.8516
297.8516
317.3828
317.3828
346.6797
346.6797
380.8594
380.8594
395.5078
395.5078
405.2734
405.2734
424.8047
424.8047
429.6875
429.6875
400.3906
400.3906
209.9609
209.9609
0.0000
0.0000
0.0000
0.0000
0.0000
0.0000
0.0000
0.0000
0.0000
0.0000
0.0000
0.0000
0.0000
0.0000
0.0000
0.0000
0.0000
0.0000
0.0000
0.0000
0.0000
0.0000
0.0000
0.0000
0.0000
0.0000
73.2422
73.2422
263.6719
263.6719
434.5703
434.5703
537.1094
537.1094
571.2891
571.2891
522.4609
522.4609
429.6875
429.6875
351.5625
351.5625
292.9687
292.9687
268.5547
268.5547
263.6719
263.6719
273.4375
273.4375
317.3828
317.3828
351.5625
351.5625
371.0937
371.0937
371.0937
371.0937
385.7422
385.7422
410.1562
410.1562
424.8047
424.8047
424.8047
424.8047
380.8594
380.8594
156.2500
156.2500
0.0000
0.0000
0.0000
0.0000
0.0000
0.0000
0.0000
0.0000
0.0000
0.0000
0.0000
0.0000
0.0000
0.0000
0.0000
0.0000
0.0000
0.0000
0.0000
0.0000
0.0000
0.0000
0.0000
0.0000
112.3047
112.3047
351.5625
351.5625
541.9922
541.9922
668.9453
668.9453
703.1250
703.1250
693.3594
693.3594
639.6484
639.6484
541.9922
541.9922
449.2187
449.2187
366.2109
366.2109
356.4453
356.4453
371.0937
371.0937
400.3906
400.3906
424.8047
424.8047
444.3359
444.3359
463.8672
463.8672
478.5156
478.5156
473.6328
473.6328
473.6328
473.6328
468.7500
468.7500
434.5703
434.5703
258.7891
258.7891
4.8828
4.8828
0.0000
0.0000
0.0000
0.0000
0.0000
0.0000
0.0000
0.0000
0.0000
0.0000
0.0000
0.0000
0.0000
0.0000
0.0000
0.0000
0.0000
0.0000
0.0000
0.0000
0.0000
0.0000
0.0000
0.0000
205.0781
205.0781
405.2734
405.2734
566.4062
566.4062
693.3594
693.3594
747.0703
747.0703
708.0078
708.0078
581.0547
581.0547
444.3359
444.3359
356.4453
356.4453
307.6172
307.6172
297.8516
297.8516
317.3828
317.3828
366.2109
366.2109
424.8047
424.8047
463.8672
463.8672
468.7500
468.7500
473.6328
473.6328
473.6328
473.6328
468.7500
468.7500
429.6875
429.6875
283.2031
283.2031
53.7109
53.7109
0.0000
0.0000
0.0000
0.0000
0.0000
0.0000
0.0000
0.0000
0.0000
0.0000
0.0000
0.0000
0.0000
0.0000
0.0000
0.0000
0.0000
0.0000
0.0000
0.0000
0.0000
0.0000
0.0000
0.0000
146.4844
146.4844
346.6797
346.6797
517.5781
517.5781
649.4141
649.4141
678.7109
678.7109
659.1797
659.1797
585.9375
585.9375
527.3437
527.3437
449.2187
449.2187
371.0937
371.0937
336.9141
336.9141
322.2656
322.2656
351.5625
351.5625
375.9766
375.9766
400.3906
400.3906
434.5703
434.5703
458.9844
458.9844
493.1641
493.1641
488.2812
488.2812
463.8672
463.8672
415.0391
415.0391
209.9609
209.9609
0.0000
0.0000
0.0000
0.0000
0.0000
0.0000
0.0000
0.0000
0.0000
0.0000
0.0000
0.0000
0.0000
0.0000
0.0000
0.0000
0.0000
0.0000
0.0000
0.0000
0.0000
0.0000
0.0000
0.0000
0.0000
0.0000
190.4297
190.4297
380.8594
380.8594
517.5781
517.5781
590.8203
590.8203
585.9375
585.9375
532.2266
532.2266
419.9219
419.9219
332.0312
332.0312
273.4375
273.4375
268.5547
268.5547
292.9687
292.9687
317.3828
317.3828
356.4453
356.4453
371.0937
371.0937
385.7422
385.7422
390.6250
390.6250
395.5078
395.5078
410.1562
410.1562
424.8047
424.8047
366.2109
366.2109
126.9531
126.9531
0.0000
0.0000
0.0000
0.0000
0.0000
0.0000
0.0000
0.0000
0.0000
0.0000
0.0000
0.0000
0.0000
0.0000
0.0000
0.0000
0.0000
0.0000
0.0000
0.0000
0.0000
0.0000
0.0000
0.0000
9.7656
9.7656
229.4922
229.4922
400.3906
400.3906
507.8125
507.8125
566.4062
566.4062
546.8750
546.8750
478.5156
478.5156
371.0937
371.0937
317.3828
317.3828
283.2031
283.2031
273.4375
273.4375
283.2031
283.2031
317.3828
317.3828
366.2109
366.2109
405.2734
405.2734
424.8047
424.8047
419.9219
419.9219
424.8047
424.8047
429.6875
429.6875
444.3359
444.3359
429.6875
429.6875
351.5625
351.5625
122.0703
122.0703
0.0000
0.0000
0.0000
0.0000
0.0000
0.0000
0.0000
0.0000
0.0000
0.0000
0.0000
0.0000
0.0000
0.0000
0.0000
0.0000
0.0000
0.0000
0.0000
0.0000
0.0000
0.0000
0.0000
0.0000
53.7109
53.7109
292.9687
292.9687
502.9297
502.9297
654.2969
654.2969
722.6562
722.6562
703.1250
703.1250
625.0000
625.0000
517.5781
517.5781
410.1562
410.1562
327.1484
327.1484
312.5000
312.5000
332.0312
332.0312
361.3281
361.3281
385.7422
385.7422
419.9219
419.9219
454.1016
454.1016
463.8672
463.8672
473.6328
473.6328
463.8672
463.8672
468.7500
468.7500
419.9219
419.9219
170.8984
170.8984
0.0000
0.0000
0.0000
0.0000
0.0000
0.0000
0.0000
0.0000
0.0000
0.0000
0.0000
0.0000
0.0000
0.0000
0.0000
0.0000
0.0000
0.0000
0.0000
0.0000
0.0000
0.0000
0.0000
0.0000
29.2969
29.2969
249.0234
249.0234
419.9219
419.9219
541.9922
541.9922
615.2344
615.2344
629.8828
629.8828
590.8203
590.8203
488.2812
488.2812
390.6250
390.6250
322.2656
322.2656
312.5000
312.5000
312.5000
312.5000
322.2656
322.2656
351.5625
351.5625
400.3906
400.3906
439.4531
439.4531
449.2187
449.2187
439.4531
439.4531
449.2187
449.2187
468.7500
468.7500
468.7500
468.7500
449.2187
449.2187
341.7969
341.7969
87.8906
87.8906
0.0000
0.0000
0.0000
0.0000
0.0000
0.0000
0.0000
0.0000
0.0000
0.0000
0.0000
0.0000
0.0000
0.0000
0.0000
0.0000
0.0000
0.0000
0.0000
0.0000
0.0000
0.0000
0.0000
0.0000
146.4844
146.4844
366.2109
366.2109
551.7578
551.7578
639.6484
639.6484
668.9453
668.9453
629.8828
629.8828
537.1094
537.1094
434.5703
434.5703
332.0312
332.0312
278.3203
278.3203
288.0859
288.0859
312.5000
312.5000
346.6797
346.6797
356.4453
356.4453
390.6250
390.6250
429.6875
429.6875
458.9844
458.9844
463.8672
463.8672
429.6875
429.6875
351.5625
351.5625
117.1875
117.1875
0.0000
0.0000
0.0000
0.0000
0.0000
0.0000
0.0000
0.0000
0.0000
0.0000
0.0000
0.0000
0.0000
0.0000
0.0000
0.0000
0.0000
0.0000
0.0000
0.0000
0.0000
0.0000
0.0000
0.0000
0.0000
0.0000
4.8828
4.8828
219.7266
219.7266
375.9766
375.9766
473.6328
473.6328
512.6953
512.6953
502.9297
502.9297
424.8047
424.8047
322.2656
322.2656
249.0234
249.0234
224.6094
224.6094
229.4922
229.4922
253.9062
253.9062
268.5547
268.5547
307.6172
307.6172
346.6797
346.6797
375.9766
375.9766
385.7422
385.7422
385.7422
385.7422
410.1562
410.1562
419.9219
419.9219
405.2734
405.2734
288.0859
288.0859
0.0000
0.0000
0.0000
0.0000
0.0000
0.0000
0.0000
0.0000
0.0000
0.0000
0.0000
0.0000
0.0000
0.0000
0.0000
0.0000
0.0000
0.0000
0.0000
0.0000
0.0000
0.0000
0.0000
0.0000
0.0000
0.0000
29.2969
29.2969
268.5547
268.5547
463.8672
463.8672
581.0547
581.0547
605.4687
605.4687
541.9922
541.9922
463.8672
463.8672
380.8594
380.8594
322.2656
322.2656
263.6719
263.6719
263.6719
263.6719
288.0859
288.0859
327.1484
327.1484
356.4453
356.4453
366.2109
366.2109
385.7422
385.7422
410.1562
410.1562
434.5703
434.5703
449.2187
449.2187
444.3359
444.3359
395.5078
395.5078
214.8437
214.8437
0.0000
0.0000
0.0000
0.0000
0.0000
0.0000
0.0000
0.0000
0.0000
0.0000
0.0000
0.0000
0.0000
0.0000
0.0000
0.0000
0.0000
0.0000
0.0000
0.0000
0.0000
0.0000
0.0000
0.0000
122.0703
122.0703
361.3281
361.3281
556.6406
556.6406
673.8281
673.8281
732.4219
732.4219
722.6562
722.6562
673.8281
673.8281
561.5234
561.5234
449.2187
449.2187
375.9766
375.9766
366.2109
366.2109
395.5078
395.5078
419.9219
419.9219
434.5703
434.5703
458.9844
458.9844
468.7500
468.7500
478.5156
478.5156
473.6328
473.6328
478.5156
478.5156
488.2812
488.2812
483.3984
483.3984
385.7422
385.7422
136.7187
136.7187
0.0000
0.0000
0.0000
0.0000
0.0000
0.0000
0.0000
0.0000
0.0000
0.0000
0.0000
0.0000
0.0000
0.0000
0.0000
0.0000
0.0000
0.0000
0.0000
0.0000
0.0000
0.0000
0.0000
0.0000
151.3672
151.3672
366.2109
366.2109
576.1719
576.1719
708.0078
708.0078
756.8359
756.8359
708.0078
605.4687
605.4687
605.4687
502.9297
502.9297
410.1562
410.1562
351.5625
351.5625
322.2656
322.2656
327.1484
327.1484
380.8594
380.8594
439.4531
439.4531
468.7500
468.7500
473.6328
473.6328
473.6328
473.6328
478.5156
478.5156
478.5156
478.5156
449.2187
449.2187
341.7969
341.7969
92.7734
92.7734
0.0000
0.0000
0.0000
0.0000
0.0000
0.0000
0.0000
0.0000
0.0000
0.0000
0.0000
0.0000
0.0000
0.0000
0.0000
0.0000
0.0000
0.0000
0.0000
0.0000
0.0000
0.0000
0.0000
58.5937
58.5937
283.2031
283.2031
478.5156
478.5156
615.2344
615.2344
664.0625
664.0625
654.2969
654.2969
615.2344
615.2344
532.2266
532.2266
444.3359
444.3359
346.6797
346.6797
302.7344
302.7344
307.6172
307.6172
341.7969
341.7969
361.3281
361.3281
400.3906
400.3906
424.8047
424.8047
463.8672
463.8672
473.6328
473.6328
478.5156
478.5156
468.7500
468.7500
439.4531
439.4531
307.6172
307.6172
29.2969
29.2969
0.0000
0.0000
0.0000
0.0000
0.0000
0.0000
0.0000
0.0000
0.0000
0.0000
0.0000
0.0000
0.0000
0.0000
0.0000
0.0000
0.0000
0.0000
0.0000
0.0000
0.0000
0.0000
0.0000
0.0000
131.8359
131.8359
341.7969
341.7969
498.0469
498.0469
595.7031
595.7031
629.8828
629.8828
585.9375
585.9375
498.0469
498.0469
390.6250
390.6250
336.9141
336.9141
322.2656
322.2656
327.1484
327.1484
332.0312
332.0312
346.6797
346.6797
371.0937
371.0937
400.3906
400.3906
395.5078
395.5078
410.1562
410.1562
429.6875
429.6875
458.9844
458.9844
473.6328
473.6328
429.6875
429.6875
253.9062
253.9062
0.0000
0.0000
0.0000
0.0000
0.0000
0.0000
0.0000
0.0000
0.0000
0.0000
0.0000
0.0000
0.0000
0.0000
0.0000
0.0000
0.0000
0.0000
0.0000
0.0000
0.0000
0.0000
0.0000
0.0000
39.0625
39.0625
273.4375
273.4375
478.5156
478.5156
615.2344
615.2344
683.5937
683.5937
668.9453
668.9453
605.4687
605.4687
517.5781
517.5781
434.5703
434.5703
356.4453
356.4453
317.3828
317.3828
317.3828
317.3828
351.5625
351.5625
390.6250
390.6250
415.0391
415.0391
424.8047
424.8047
434.5703
434.5703
449.2187
449.2187
444.3359
444.3359
444.3359
444.3359
444.3359
444.3359
380.8594
380.8594
146.4844
146.4844
0.0000
0.0000
0.0000
0.0000
0.0000
0.0000
0.0000
0.0000
0.0000
0.0000
0.0000
0.0000
0.0000
0.0000
0.0000
0.0000
0.0000
0.0000
0.0000
0.0000
0.0000
0.0000
0.0000
0.0000
0.0000
0.0000
190.4297
190.4297
395.5078
395.5078
532.2266
532.2266
600.5859
600.5859
595.7031
595.7031
507.8125
507.8125
395.5078
395.5078
307.6172
307.6172
258.7891
258.7891
258.7891
258.7891
273.4375
273.4375
297.8516
297.8516
332.0312
332.0312
371.0937
371.0937
410.1562
410.1562
405.2734
405.2734
424.8047
424.8047
434.5703
434.5703
449.2187
449.2187
424.8047
424.8047
273.4375
273.4375
0.0000
0.0000
0.0000
0.0000
0.0000
0.0000
0.0000
0.0000
0.0000
0.0000
0.0000
0.0000
0.0000
0.0000
0.0000
0.0000
0.0000
0.0000
0.0000
0.0000
0.0000
0.0000
0.0000
0.0000
0.0000
0.0000
0.0000
0.0000
209.9609
209.9609
390.6250
390.6250
512.6953
512.6953
546.8750
546.8750
517.5781
517.5781
439.4531
439.4531
371.0937
371.0937
307.6172
307.6172
253.9062
253.9062
234.3750
234.3750
263.6719
263.6719
312.5000
312.5000
346.6797
346.6797
375.9766
375.9766
385.7422
385.7422
410.1562
410.1562
434.5703
434.5703
429.6875
429.6875
424.8047
424.8047
434.5703
434.5703
415.0391
415.0391
268.5547
268.5547
0.0000
0.0000
0.0000
0.0000
0.0000
0.0000
0.0000
0.0000
0.0000
0.0000
0.0000
0.0000
0.0000
0.0000
0.0000
0.0000
0.0000
0.0000
0.0000
0.0000
0.0000
0.0000
0.0000
0.0000
0.0000
0.0000
102.5391
102.5391
322.2656
322.2656
493.1641
493.1641
620.1172
620.1172
664.0625
664.0625
629.8828
629.8828
537.1094
537.1094
429.6875
429.6875
351.5625
351.5625
317.3828
317.3828
307.6172
307.6172
327.1484
327.1484
361.3281
361.3281
410.1562
410.1562
439.4531
439.4531
444.3359
444.3359
458.9844
458.9844
468.7500
468.7500
473.6328
473.6328
473.6328
473.6328
336.9141
336.9141
97.6562
97.6562
0.0000
0.0000
0.0000
0.0000
0.0000
0.0000
0.0000
0.0000
0.0000
0.0000
0.0000
0.0000
0.0000
0.0000
0.0000
0.0000
0.0000
0.0000
0.0000
0.0000
0.0000
0.0000
48.8281
48.8281
278.3203
278.3203
449.2187
449.2187
600.5859
600.5859
678.7109
678.7109
673.8281
673.8281
634.7656
634.7656
556.6406
556.6406
478.5156
478.5156
410.1562
410.1562
346.6797
346.6797
332.0312
332.0312
356.4453
356.4453
410.1562
410.1562
429.6875
429.6875
439.4531
439.4531
458.9844
458.9844
483.3984
483.3984
493.1641
493.1641
493.1641
493.1641
478.5156
478.5156
444.3359
444.3359
307.6172
307.6172
24.4141
24.4141
0.0000
0.0000
0.0000
0.0000
0.0000
0.0000
0.0000
0.0000
0.0000
0.0000
0.0000
0.0000
0.0000
0.0000
0.0000
0.0000
0.0000
0.0000
0.0000
0.0000
0.0000
0.0000
0.0000
0.0000
229.4922
229.4922
439.4531
439.4531
576.1719
576.1719
625.0000
625.0000
610.3516
610.3516
537.1094
537.1094
434.5703
434.5703
341.7969
341.7969
283.2031
283.2031
273.4375
273.4375
288.0859
288.0859
292.9687
292.9687
312.5000
312.5000
351.5625
351.5625
395.5078
395.5078
410.1562
410.1562
415.0391
415.0391
419.9219
419.9219
439.4531
439.4531
434.5703
434.5703
332.0312
332.0312
39.0625
39.0625
0.0000
0.0000
0.0000
0.0000
0.0000
0.0000
0.0000
0.0000
0.0000
0.0000
0.0000
0.0000
0.0000
0.0000
0.0000
0.0000
0.0000
0.0000
0.0000
0.0000
0.0000
0.0000
0.0000
0.0000
48.8281
48.8281
249.0234
249.0234
410.1562
410.1562
522.4609
522.4609
561.5234
561.5234
512.6953
512.6953
439.4531
439.4531
341.7969
341.7969
297.8516
297.8516
273.4375
273.4375
258.7891
258.7891
278.3203
278.3203
302.7344
302.7344
346.6797
346.6797
361.3281
361.3281
351.5625
351.5625
375.9766
375.9766
405.2734
405.2734
434.5703
434.5703
449.2187
449.2187
434.5703
434.5703
395.5078
395.5078
219.7266
219.7266
0.0000
0.0000
0.0000
0.0000
0.0000
0.0000
0.0000
0.0000
0.0000
0.0000
0.0000
0.0000
0.0000
0.0000
0.0000
0.0000
0.0000
0.0000
0.0000
0.0000
0.0000
0.0000
0.0000
0.0000
43.9453
43.9453
278.3203
278.3203
454.1016
454.1016
556.6406
556.6406
600.5859
600.5859
581.0547
581.0547
512.6953
512.6953
410.1562
410.1562
322.2656
322.2656
283.2031
283.2031
288.0859
288.0859
317.3828
317.3828
341.7969
341.7969
375.9766
375.9766
400.3906
400.3906
410.1562
410.1562
405.2734
405.2734
405.2734
405.2734
405.2734
405.2734
424.8047
424.8047
375.9766
375.9766
156.2500
156.2500
0.0000
0.0000
0.0000
0.0000
0.0000
0.0000
0.0000
0.0000
0.0000
0.0000
0.0000
0.0000
0.0000
0.0000
0.0000
0.0000
0.0000
0.0000
0.0000
0.0000
0.0000
0.0000
0.0000
0.0000
63.4766
63.4766
263.6719
263.6719
424.8047
424.8047
532.2266
532.2266
605.4687
605.4687
595.7031
595.7031
507.8125
507.8125
419.9219
419.9219
351.5625
351.5625
322.2656
322.2656
307.6172
307.6172
302.7344
302.7344
332.0312
332.0312
366.2109
366.2109
410.1562
410.1562
439.4531
439.4531
439.4531
439.4531
449.2187
449.2187
444.3359
444.3359
434.5703
434.5703
405.2734
405.2734
322.2656
322.2656
97.6562
97.6562
0.0000
0.0000
0.0000
0.0000
0.0000
0.0000
0.0000
0.0000
0.0000
0.0000
0.0000
0.0000
0.0000
0.0000
0.0000
0.0000
0.0000
0.0000
0.0000
0.0000
0.0000
0.0000
0.0000
0.0000
14.6484
14.6484
229.4922
229.4922
429.6875
429.6875
561.5234
561.5234
629.8828
629.8828
620.1172
620.1172
546.8750
546.8750
458.9844
458.9844
351.5625
351.5625
283.2031
283.2031
268.5547
268.5547
292.9687
292.9687
317.3828
317.3828
341.7969
341.7969
380.8594
380.8594
429.6875
429.6875
458.9844
458.9844
454.1016
454.1016
444.3359
444.3359
395.5078
395.5078
224.6094
224.6094
0.0000
0.0000
0.0000
0.0000
0.0000
0.0000
0.0000
0.0000
0.0000
0.0000
0.0000
0.0000
0.0000
0.0000
0.0000
0.0000
0.0000
0.0000
0.0000
0.0000
0.0000
0.0000
0.0000
0.0000
0.0000
0.0000
195.3125
195.3125
405.2734
405.2734
527.3437
527.3437
581.0547
581.0547
581.0547
581.0547
546.8750
546.8750
473.6328
473.6328
390.6250
390.6250
341.7969
341.7969
322.2656
322.2656
346.6797
346.6797
375.9766
375.9766
375.9766
375.9766
390.6250
390.6250
410.1562
419.9219
419.9219
419.9219
434.5703
434.5703
444.3359
444.3359
463.8672
463.8672
478.5156
478.5156
439.4531
439.4531
297.8516
297.8516
48.8281
48.8281
0.0000
0.0000
0.0000
0.0000
0.0000
0.0000
0.0000
0.0000
0.0000
0.0000
0.0000
0.0000
0.0000
0.0000
0.0000
0.0000
0.0000
0.0000
0.0000
0.0000
0.0000
0.0000
0.0000
0.0000
87.8906
87.8906
307.6172
307.6172
478.5156
478.5156
595.7031
595.7031
615.2344
615.2344
571.2891
571.2891
493.1641
493.1641
395.5078
395.5078
317.3828
273.4375
273.4375
278.3203
278.3203
327.1484
327.1484
366.2109
366.2109
395.5078
395.5078
395.5078
410.1562
415.0391
415.0391
434.5703
434.5703
444.3359
444.3359
434.5703
434.5703
419.9219
419.9219
307.6172
307.6172
78.1250
78.1250
0.0000
0.0000
0.0000
0.0000
0.0000
0.0000
0.0000
0.0000
0.0000
0.0000
0.0000
0.0000
0.0000
0.0000
0.0000
0.0000
0.0000
0.0000
0.0000
0.0000
0.0000
0.0000
0.0000
0.0000
141.6016
141.6016
366.2109
366.2109
546.8750
546.8750
644.5312
644.5312
668.9453
668.9453
649.4141
649.4141
585.9375
585.9375
488.2812
488.2812
390.6250
390.6250
336.9141
336.9141
327.1484
327.1484
341.7969
341.7969
380.8594
380.8594
410.1562
410.1562
439.4531
439.4531
468.7500
468.7500
468.7500
468.7500
463.8672
463.8672
483.3984
483.3984
478.5156
478.5156
429.6875
429.6875
205.0781
205.0781
0.0000
0.0000
0.0000
0.0000
0.0000
0.0000
0.0000
0.0000
0.0000
0.0000
0.0000
0.0000
0.0000
0.0000
0.0000
0.0000
0.0000
0.0000
0.0000
0.0000
0.0000
0.0000
0.0000
0.0000
24.4141
24.4141
239.2578
239.2578
410.1562
410.1562
537.1094
537.1094
600.5859
600.5859
571.2891
571.2891
483.3984
483.3984
375.9766
375.9766
307.6172
307.6172
273.4375
273.4375
268.5547
268.5547
273.4375
273.4375
302.7344
302.7344
351.5625
351.5625
390.6250
390.6250
400.3906
400.3906
400.3906
400.3906
410.1562
410.1562
424.8047
424.8047
439.4531
439.4531
385.7422
385.7422
185.5469
185.5469
0.0000
0.0000
0.0000
0.0000
0.0000
0.0000
0.0000
0.0000
0.0000
0.0000
0.0000
0.0000
0.0000
0.0000
0.0000
0.0000
0.0000
0.0000
0.0000
0.0000
0.0000
0.0000
0.0000
0.0000
14.6484
14.6484
224.6094
224.6094
390.6250
390.6250
488.2812
488.2812
517.5781
517.5781
483.3984
483.3984
424.8047
424.8047
361.3281
361.3281
317.3828
317.3828
273.4375
273.4375
258.7891
258.7891
263.6719
263.6719
307.6172
307.6172
336.9141
336.9141
361.3281
361.3281
385.7422
385.7422
395.5078
395.5078
429.6875
429.6875
429.6875
429.6875
424.8047
424.8047
410.1562
410.1562
366.2109
366.2109
185.5469
185.5469
0.0000
0.0000
0.0000
0.0000
0.0000
0.0000
0.0000
0.0000
0.0000
0.0000
0.0000
0.0000
0.0000
0.0000
0.0000
0.0000
0.0000
0.0000
0.0000
0.0000
0.0000
0.0000
0.0000
0.0000
4.8828
4.8828
253.9062
253.9062
449.2187
449.2187
576.1719
576.1719
634.7656
634.7656
629.8828
629.8828
556.6406
556.6406
444.3359
444.3359
351.5625
351.5625
307.6172
307.6172
302.7344
302.7344
307.6172
307.6172
322.2656
322.2656
346.6797
346.6797
390.6250
390.6250
419.9219
419.9219
434.5703
434.5703
444.3359
444.3359
458.9844
458.9844
473.6328
473.6328
410.1562
410.1562
175.7812
175.7812
0.0000
0.0000
0.0000
0.0000
0.0000
0.0000
0.0000
0.0000
0.0000
0.0000
0.0000
0.0000
0.0000
0.0000
0.0000
0.0000
0.0000
0.0000
0.0000
0.0000
0.0000
0.0000
0.0000
0.0000
141.6016
141.6016
356.4453
356.4453
517.5781
517.5781
639.6484
639.6484
698.2422
698.2422
683.5937
683.5937
610.3516
610.3516
502.9297
502.9297
424.8047
424.8047
366.2109
366.2109
336.9141
336.9141
332.0312
332.0312
366.2109
366.2109
405.2734
405.2734
434.5703
434.5703
429.6875
429.6875
449.2187
449.2187
449.2187
449.2187
468.7500
468.7500
463.8672
463.8672
458.9844
458.9844
410.1562
410.1562
214.8437
214.8437
0.0000
0.0000
0.0000
0.0000
0.0000
0.0000
0.0000
0.0000
0.0000
0.0000
0.0000
0.0000
0.0000
0.0000
0.0000
0.0000
0.0000
0.0000
0.0000
0.0000
0.0000
0.0000
0.0000
0.0000
126.9531
126.9531
351.5625
351.5625
517.5781
517.5781
600.5859
600.5859
625.0000
625.0000
585.9375
585.9375
507.8125
507.8125
405.2734
405.2734
307.6172
307.6172
268.5547
268.5547
273.4375
273.4375
317.3828
317.3828
351.5625
351.5625
356.4453
356.4453
375.9766
375.9766
400.3906
400.3906
415.0391
415.0391
405.2734
405.2734
405.2734
405.2734
400.3906
400.3906
317.3828
317.3828
63.4766
63.4766
0.0000
0.0000
0.0000
0.0000
0.0000
0.0000
0.0000
0.0000
0.0000
0.0000
0.0000
0.0000
0.0000
0.0000
0.0000
0.0000
0.0000
0.0000
0.0000
0.0000
0.0000
0.0000
19.5312
19.5312
263.6719
263.6719
434.5703
434.5703
556.6406
556.6406
625.0000
625.0000
625.0000
625.0000
581.0547
581.0547
478.5156
478.5156
380.8594
380.8594
312.5000
312.5000
283.2031
283.2031
283.2031
283.2031
297.8516
297.8516
332.0312
332.0312
380.8594
380.8594
419.9219
419.9219
434.5703
434.5703
434.5703
434.5703
424.8047
424.8047
434.5703
434.5703
410.1562
410.1562
341.7969
341.7969
107.4219
107.4219
0.0000
0.0000
0.0000
0.0000
0.0000
0.0000
0.0000
0.0000
0.0000
0.0000
0.0000
0.0000
0.0000
0.0000
0.0000
0.0000
0.0000
0.0000
0.0000
0.0000
0.0000
0.0000
0.0000
0.0000
0.0000
0.0000
156.2500
156.2500
341.7969
341.7969
493.1641
493.1641
537.1094
537.1094
507.8125
507.8125
439.4531
439.4531
380.8594
380.8594
327.1484
327.1484
253.9062
253.9062
229.4922
229.4922
234.3750
234.3750
263.6719
263.6719
302.7344
302.7344
317.3828
317.3828
332.0312
332.0312
366.2109
366.2109
390.6250
390.6250
405.2734
405.2734
405.2734
405.2734
380.8594
380.8594
258.7891
258.7891
0.0000
0.0000
0.0000
0.0000
0.0000
0.0000
0.0000
0.0000
0.0000
0.0000
0.0000
0.0000
0.0000
0.0000
0.0000
0.0000
0.0000
0.0000
0.0000
0.0000
0.0000
0.0000
0.0000
0.0000
0.0000
0.0000
48.8281
48.8281
278.3203
278.3203
424.8047
424.8047
488.2812
488.2812
483.3984
483.3984
458.9844
458.9844
400.3906
400.3906
312.5000
312.5000
253.9062
253.9062
239.2578
239.2578
278.3203
278.3203
312.5000
312.5000
322.2656
322.2656
336.9141
336.9141
351.5625
351.5625
371.0937
371.0937
380.8594
380.8594
385.7422
385.7422
405.2734
405.2734
429.6875
429.6875
434.5703
434.5703
332.0312
332.0312
83.0078
83.0078
0.0000
0.0000
0.0000
0.0000
0.0000
0.0000
0.0000
0.0000
0.0000
0.0000
0.0000
0.0000
0.0000
0.0000
0.0000
0.0000
0.0000
0.0000
0.0000
0.0000
0.0000
0.0000
0.0000
0.0000
43.9453
43.9453
273.4375
273.4375
458.9844
458.9844
590.8203
590.8203
634.7656
634.7656
590.8203
590.8203
483.3984
483.3984
385.7422
385.7422
312.5000
312.5000
268.5547
268.5547
273.4375
273.4375
317.3828
317.3828
371.0937
371.0937
415.0391
415.0391
429.6875
429.6875
444.3359
444.3359
439.4531
439.4531
439.4531
439.4531
434.5703
434.5703
419.9219
419.9219
302.7344
302.7344
63.4766
63.4766
0.0000
0.0000
0.0000
0.0000
0.0000
0.0000
0.0000
0.0000
0.0000
0.0000
0.0000
0.0000
0.0000
0.0000
0.0000
0.0000
0.0000
0.0000
0.0000
0.0000
0.0000
0.0000
0.0000
0.0000
136.7187
136.7187
361.3281
361.3281
537.1094
537.1094
629.8828
629.8828
654.2969
654.2969
620.1172
620.1172
566.4062
566.4062
488.2812
488.2812
400.3906
400.3906
341.7969
341.7969
327.1484
327.1484
361.3281
361.3281
380.8594
380.8594
395.5078
395.5078
429.6875
429.6875
458.9844
458.9844
483.3984
483.3984
493.1641
493.1641
483.3984
483.3984
478.5156
478.5156
424.8047
424.8047
224.6094
224.6094
0.0000
0.0000
0.0000
0.0000
0.0000
0.0000
0.0000
0.0000
0.0000
0.0000
0.0000
0.0000
0.0000
0.0000
0.0000
0.0000
0.0000
0.0000
0.0000
0.0000
0.0000
0.0000
0.0000
0.0000
34.1797
34.1797
249.0234
249.0234
419.9219
419.9219
561.5234
561.5234
634.7656
634.7656
639.6484
639.6484
566.4062
566.4062
463.8672
463.8672
375.9766
375.9766
322.2656
322.2656
297.8516
297.8516
302.7344
302.7344
327.1484
327.1484
375.9766
375.9766
419.9219
419.9219
439.4531
439.4531
434.5703
434.5703
439.4531
439.4531
458.9844
458.9844
444.3359
444.3359
312.5000
312.5000
24.4141
24.4141
0.0000
0.0000
0.0000
0.0000
0.0000
0.0000
0.0000
0.0000
0.0000
0.0000
0.0000
0.0000
0.0000
0.0000
0.0000
0.0000
0.0000
0.0000
0.0000
0.0000
0.0000
0.0000
0.0000
0.0000
78.1250
78.1250
273.4375
273.4375
419.9219
419.9219
527.3437
527.3437
571.2891
571.2891
541.9922
541.9922
454.1016
454.1016
380.8594
380.8594
332.0312
332.0312
302.7344
302.7344
288.0859
288.0859
292.9687
292.9687
322.2656
322.2656
361.3281
361.3281
380.8594
380.8594
385.7422
385.7422
400.3906
400.3906
429.6875
429.6875
434.5703
434.5703
429.6875
429.6875
375.9766
375.9766
195.3125
0.0000
0.0000
0.0000
0.0000
0.0000
0.0000
0.0000
0.0000
0.0000
0.0000
0.0000
0.0000
0.0000
0.0000
0.0000
0.0000
0.0000
0.0000
0.0000
0.0000
0.0000
0.0000
0.0000
0.0000
0.0000
24.4141
24.4141
268.5547
268.5547
468.7500
468.7500
605.4687
605.4687
629.8828
629.8828
610.3516
610.3516
512.6953
400.3906
400.3906
302.7344
302.7344
244.1406
244.1406
253.9062
253.9062
288.0859
288.0859
346.6797
346.6797
346.6797
361.3281
371.0937
371.0937
400.3906
400.3906
419.9219
419.9219
415.0391
415.0391
405.2734
405.2734
385.7422
385.7422
249.0234
249.0234
34.1797
34.1797
0.0000
0.0000
0.0000
0.0000
0.0000
0.0000
0.0000
0.0000
0.0000
0.0000
0.0000
0.0000
0.0000
0.0000
0.0000
0.0000
0.0000
0.0000
0.0000
0.0000
0.0000
0.0000
24.4141
24.4141
234.3750
234.3750
434.5703
434.5703
556.6406
556.6406
605.4687
605.4687
620.1172
620.1172
590.8203
590.8203
527.3437
527.3437
424.8047
424.8047
351.5625
351.5625
317.3828
317.3828
322.2656
322.2656
336.9141
336.9141
351.5625
351.5625
371.0937
371.0937
405.2734
405.2734
434.5703
434.5703
439.4531
439.4531
439.4531
439.4531
429.6875
429.6875
415.0391
415.0391
249.0234
249.0234
0.0000
0.0000
0.0000
0.0000
0.0000
0.0000
0.0000
0.0000
0.0000
0.0000
0.0000
0.0000
0.0000
0.0000
0.0000
0.0000
0.0000
0.0000
0.0000
0.0000
0.0000
0.0000
0.0000
0.0000
14.6484
14.6484
244.1406
244.1406
410.1562
410.1562
527.3437
527.3437
576.1719
576.1719
556.6406
556.6406
478.5156
478.5156
375.9766
375.9766
297.8516
297.8516
268.5547
268.5547
258.7891
258.7891
268.5547
268.5547
297.8516
297.8516
346.6797
346.6797
385.7422
385.7422
400.3906
400.3906
395.5078
395.5078
395.5078
395.5078
405.2734
405.2734
415.0391
415.0391
336.9141
336.9141
102.5391
102.5391
0.0000
0.0000
0.0000
0.0000
0.0000
0.0000
0.0000
0.0000
0.0000
0.0000
0.0000
0.0000
0.0000
0.0000
0.0000
0.0000
0.0000
0.0000
0.0000
0.0000
0.0000
0.0000
0.0000
0.0000
29.2969
29.2969
263.6719
263.6719
449.2187
449.2187
571.2891
571.2891
620.1172
620.1172
581.0547
581.0547
502.9297
502.9297
424.8047
424.8047
361.3281
361.3281
312.5000
312.5000
288.0859
288.0859
288.0859
288.0859
327.1484
327.1484
361.3281
361.3281
375.9766
375.9766
390.6250
390.6250
405.2734
405.2734
439.4531
439.4531
449.2187
449.2187
429.6875
429.6875
332.0312
332.0312
97.6562
97.6562
0.0000
0.0000
0.0000
0.0000
0.0000
0.0000
0.0000
0.0000
0.0000
0.0000
0.0000
0.0000
0.0000
0.0000
0.0000
0.0000
0.0000
0.0000
0.0000
0.0000
0.0000
0.0000
0.0000
0.0000
48.8281
48.8281
283.2031
283.2031
478.5156
478.5156
610.3516
610.3516
654.2969
654.2969
634.7656
634.7656
566.4062
566.4062
458.9844
458.9844
356.4453
356.4453
283.2031
283.2031
292.9687
292.9687
336.9141
336.9141
366.2109
366.2109
380.8594
380.8594
395.5078
395.5078
415.0391
415.0391
444.3359
444.3359
424.8047
424.8047
400.3906
400.3906
336.9141
336.9141
219.7266
219.7266
24.4141
24.4141
0.0000
0.0000
0.0000
0.0000
0.0000
0.0000
0.0000
0.0000
0.0000
0.0000
0.0000
0.0000
0.0000
0.0000
0.0000
0.0000
0.0000
0.0000
0.0000
0.0000
0.0000
0.0000
0.0000
0.0000
107.4219
107.4219
302.7344
302.7344
449.2187
449.2187
522.4609
522.4609
561.5234
561.5234
561.5234
561.5234
517.5781
517.5781
429.6875
429.6875
351.5625
351.5625
317.3828
317.3828
317.3828
317.3828
327.1484
327.1484
341.7969
341.7969
371.0937
371.0937
419.9219
419.9219
458.9844
458.9844
463.8672
463.8672
454.1016
454.1016
424.8047
424.8047
390.6250
390.6250
297.8516
297.8516
97.6562
97.6562
0.0000
0.0000
0.0000
0.0000
0.0000
0.0000
0.0000
0.0000
0.0000
0.0000
0.0000
0.0000
0.0000
0.0000
0.0000
0.0000
0.0000
0.0000
0.0000
0.0000
0.0000
0.0000
0.0000
0.0000
92.7734
92.7734
297.8516
297.8516
473.6328
473.6328
610.3516
610.3516
673.8281
673.8281
654.2969
654.2969
571.2891
571.2891
473.6328
473.6328
405.2734
405.2734
336.9141
336.9141
302.7344
302.7344
297.8516
297.8516
332.0312
332.0312
385.7422
385.7422
415.0391
415.0391
434.5703
434.5703
444.3359
444.3359
454.1016
454.1016
458.9844
458.9844
410.1562
410.1562
268.5547
268.5547
9.7656
9.7656
0.0000
0.0000
0.0000
0.0000
0.0000
0.0000
0.0000
0.0000
0.0000
0.0000
0.0000
0.0000
0.0000
0.0000
0.0000
0.0000
0.0000
0.0000
0.0000
0.0000
0.0000
0.0000
0.0000
0.0000
73.2422
73.2422
268.5547
268.5547
439.4531
439.4531
546.8750
546.8750
585.9375
585.9375
541.9922
541.9922
478.5156
478.5156
400.3906
400.3906
332.0312
332.0312
292.9687
292.9687
283.2031
283.2031
312.5000
312.5000
341.7969
341.7969
356.4453
356.4453
375.9766
375.9766
390.6250
390.6250
410.1562
410.1562
429.6875
429.6875
439.4531
439.4531
439.4531
439.4531
429.6875
429.6875
356.4453
356.4453
151.3672
151.3672
0.0000
0.0000
0.0000
0.0000
0.0000
0.0000
0.0000
0.0000
0.0000
0.0000
0.0000
0.0000
0.0000
0.0000
0.0000
0.0000
0.0000
0.0000
0.0000
0.0000
0.0000
0.0000
0.0000
0.0000
141.6016
141.6016
346.6797
346.6797
502.9297
502.9297
600.5859
600.5859
644.5312
644.5312
590.8203
590.8203
483.3984
483.3984
366.2109
366.2109
292.9687
292.9687
263.6719
263.6719
278.3203
278.3203
302.7344
302.7344
336.9141
336.9141
375.9766
375.9766
415.0391
415.0391
415.0391
415.0391
405.2734
405.2734
405.2734
405.2734
400.3906
400.3906
346.6797
346.6797
219.7266
219.7266
0.0000
0.0000
0.0000
0.0000
0.0000
0.0000
0.0000
0.0000
0.0000
0.0000
0.0000
0.0000
0.0000
0.0000
0.0000
0.0000
0.0000
0.0000
0.0000
0.0000
0.0000
0.0000
0.0000
0.0000
0.0000
0.0000
0.0000
0.0000
117.1875
117.1875
302.7344
302.7344
439.4531
439.4531
483.3984
483.3984
473.6328
473.6328
415.0391
415.0391
351.5625
351.5625
283.2031
283.2031
239.2578
239.2578
209.9609
209.9609
229.4922
229.4922
278.3203
278.3203
322.2656
322.2656
351.5625
351.5625
366.2109
366.2109
375.9766
375.9766
390.6250
390.6250
390.6250
390.6250
361.3281
361.3281
317.3828
317.3828
219.7266
219.7266
9.7656
9.7656
0.0000
0.0000
0.0000
0.0000
0.0000
0.0000
0.0000
0.0000
0.0000
0.0000
0.0000
0.0000
0.0000
0.0000
0.0000
0.0000
0.0000
0.0000
0.0000
0.0000
0.0000
0.0000
0.0000
0.0000
0.0000
0.0000
234.3750
234.3750
415.0391
415.0391
527.3437
527.3437
571.2891
571.2891
551.7578
551.7578
493.1641
493.1641
405.2734
405.2734
322.2656
322.2656
278.3203
278.3203
268.5547
268.5547
283.2031
283.2031
302.7344
302.7344
336.9141
336.9141
366.2109
366.2109
400.3906
400.3906
424.8047
424.8047
439.4531
439.4531
444.3359
444.3359
410.1562
410.1562
346.6797
346.6797
180.6641
180.6641
0.0000
0.0000
0.0000
0.0000
0.0000
0.0000
0.0000
0.0000
0.0000
0.0000
0.0000
0.0000
0.0000
0.0000
0.0000
0.0000
0.0000
0.0000
0.0000
0.0000
0.0000
0.0000
0.0000
0.0000
29.2969
29.2969
239.2578
239.2578
395.5078
395.5078
527.3437
527.3437
615.2344
615.2344
625.0000
625.0000
590.8203
590.8203
517.5781
517.5781
458.9844
458.9844
405.2734
405.2734
366.2109
366.2109
351.5625
351.5625
366.2109
366.2109
410.1562
410.1562
434.5703
434.5703
429.6875
429.6875
439.4531
439.4531
449.2187
449.2187
463.8672
463.8672
468.7500
468.7500
429.6875
429.6875
366.2109
366.2109
209.9609
209.9609
0.0000
0.0000
0.0000
0.0000
0.0000
0.0000
