0.0000
0.0000
0.0000
0.0000
0.0000
0.0000
0.0000
0.0000
0.0000
0.0000
0.0000
0.0000
0.0000
0.0000
0.0000
0.0000
0.0000
0.0000
0.0000
0.0000
0.0000
0.0000
0.0000
0.0000
0.0000
0.0000
0.0000
0.0000
0.0000
0.0000
0.0000
0.0000
0.0000
0.0000
0.0000
0.0000
0.0000
244.1406
244.1406
507.8125
507.8125
742.1875
742.1875
952.1484
952.1484
1132.8125
1132.8125
1293.9453
1293.9453
1445.3125
1445.3125
1582.0312
1582.0312
1665.0391
1665.0391
1635.7422
1635.7422
1459.9609
1459.9609
1157.2266
1157.2266
786.1328
786.1328
380.8594
380.8594
0.0000
0.0000
0.0000
0.0000
0.0000
0.0000
0.0000
0.0000
0.0000
0.0000
0.0000
0.0000
0.0000
0.0000
0.0000
0.0000
0.0000
0.0000
0.0000
0.0000
0.0000
0.0000
0.0000
0.0000
0.0000
0.0000
0.0000
0.0000
0.0000
0.0000
0.0000
0.0000
0.0000
0.0000
0.0000
0.0000
0.0000
0.0000
0.0000
0.0000
249.0234
249.0234
541.9922
541.9922
820.3125
820.3125
1074.2187
1074.2187
1289.0625
1289.0625
1474.6094
1474.6094
1645.5078
1645.5078
1796.8750
1796.8750
1948.2422
1948.2422
2089.8437
2089.8437
2207.0312
2207.0312
2280.2734
2280.2734
2309.5703
2309.5703
2226.5625
2226.5625
1997.0703
1997.0703
1660.1562
1660.1562
1264.6484
1264.6484
849.6094
849.6094
424.8047
424.8047
24.4141
24.4141
0.0000
0.0000
0.0000
0.0000
0.0000
0.0000
0.0000
0.0000
0.0000
0.0000
0.0000
0.0000
0.0000
0.0000
0.0000
0.0000
0.0000
0.0000
0.0000
0.0000
0.0000
0.0000
0.0000
0.0000
0.0000
0.0000
0.0000
0.0000
0.0000
0.0000
0.0000
0.0000
0.0000
0.0000
170.8984
170.8984
458.9844
727.5391
727.5391
727.5391
976.5625
976.5625
1186.5234
1186.5234
1381.8359
1381.8359
1557.6172
1557.6172
1733.3984
1733.3984
1894.5312
1894.5312
2041.0156
2041.0156
2167.9687
2167.9687
2241.2109
2241.2109
2260.7422
2260.7422
2211.9141
2211.9141
2084.9609
2084.9609
1865.2344
1865.2344
1562.5000
1562.5000
1191.4062
1191.4062
771.4844
317.3828
317.3828
0.0000
0.0000
0.0000
0.0000
0.0000
0.0000
0.0000
0.0000
0.0000
0.0000
0.0000
0.0000
0.0000
0.0000
0.0000
0.0000
0.0000
0.0000
0.0000
0.0000
0.0000
0.0000
0.0000
0.0000
0.0000
0.0000
0.0000
0.0000
0.0000
0.0000
0.0000
0.0000
0.0000
0.0000
0.0000
0.0000
0.0000
0.0000
112.3047
112.3047
351.5625
351.5625
561.5234
561.5234
756.8359
756.8359
952.1484
952.1484
1157.2266
1157.2266
1357.4219
1357.4219
1552.7344
1552.7344
1718.7500
1718.7500
1860.3516
1860.3516
1962.8906
1962.8906
2026.3672
2026.3672
2050.7812
2050.7812
2011.7187
2011.7187
1840.8203
1840.8203
1552.7344
1552.7344
1191.4062
1191.4062
776.3672
776.3672
336.9141
336.9141
0.0000
0.0000
0.0000
0.0000
0.0000
0.0000
0.0000
0.0000
0.0000
0.0000
0.0000
0.0000
0.0000
0.0000
0.0000
0.0000
0.0000
0.0000
0.0000
0.0000
0.0000
0.0000
0.0000
0.0000
0.0000
0.0000
0.0000
0.0000
0.0000
0.0000
0.0000
0.0000
0.0000
0.0000
0.0000
0.0000
0.0000
0.0000
0.0000
0.0000
0.0000
0.0000
234.3750
234.3750
488.2812
488.2812
737.3047
737.3047
976.5625
976.5625
1210.9375
1210.9375
1411.1328
1411.1328
1586.9141
1586.9141
1738.2812
1738.2812
1865.2344
1865.2344
1962.8906
1962.8906
2045.8984
2045.8984
2084.9609
2084.9609
2041.0156
2041.0156
1870.1172
1870.1172
1567.3828
1567.3828
1176.7578
1176.7578
722.6562
722.6562
249.0234
249.0234
0.0000
0.0000
0.0000
0.0000
0.0000
0.0000
0.0000
0.0000
0.0000
0.0000
0.0000
0.0000
0.0000
0.0000
0.0000
0.0000
0.0000
0.0000
0.0000
0.0000
0.0000
0.0000
0.0000
0.0000
0.0000
0.0000
0.0000
0.0000
0.0000
0.0000
0.0000
0.0000
0.0000
0.0000
0.0000
0.0000
122.0703
122.0703
400.3906
400.3906
678.7109
678.7109
942.3828
942.3828
1191.4062
1191.4062
1406.2500
1406.2500
1596.6797
1596.6797
1757.8125
1757.8125
1894.5312
1894.5312
2016.6016
2016.6016
2119.1406
2119.1406
2202.1484
2202.1484
2250.9766
2250.9766
2255.8594
2255.8594
2133.7891
2133.7891
1845.7031
1845.7031
1425.7812
1425.7812
966.7969
966.7969
498.0469
498.0469
34.1797
34.1797
0.0000
0.0000
0.0000
0.0000
0.0000
0.0000
0.0000
0.0000
0.0000
0.0000
0.0000
0.0000
0.0000
0.0000
0.0000
0.0000
0.0000
0.0000
0.0000
0.0000
0.0000
0.0000
0.0000
0.0000
0.0000
0.0000
0.0000
0.0000
0.0000
0.0000
0.0000
0.0000
0.0000
0.0000
0.0000
0.0000
0.0000
0.0000
156.2500
156.2500
454.1016
454.1016
722.6562
722.6562
952.1484
952.1484
1162.1094
1162.1094
1347.6562
1347.6562
1523.4375
1523.4375
1689.4531
1689.4531
1850.5859
1850.5859
1997.0703
1997.0703
2124.0234
2124.0234
2207.0312
2207.0312
2241.2109
2241.2109
2207.0312
2207.0312
2050.7812
2050.7812
1772.4609
1772.4609
1391.6016
1391.6016
947.2656
947.2656
468.7500
468.7500
0.0000
0.0000
0.0000
0.0000
0.0000
0.0000
0.0000
0.0000
0.0000
0.0000
0.0000
0.0000
0.0000
0.0000
0.0000
0.0000
0.0000
0.0000
0.0000
0.0000
0.0000
0.0000
0.0000
0.0000
0.0000
0.0000
0.0000
0.0000
0.0000
0.0000
0.0000
0.0000
0.0000
0.0000
0.0000
0.0000
0.0000
0.0000
126.9531
126.9531
390.6250
390.6250
625.0000
625.0000
839.8437
839.8437
1044.9219
1044.9219
1245.1172
1245.1172
1435.5469
1435.5469
1606.4453
1606.4453
1757.8125
1757.8125
1875.0000
1875.0000
1958.0078
1958.0078
2011.7187
2011.7187
2031.2500
2031.2500
1972.6562
1972.6562
1787.1094
1787.1094
1499.0234
1499.0234
1123.0469
1123.0469
673.8281
673.8281
180.6641
180.6641
0.0000
0.0000
0.0000
0.0000
0.0000
0.0000
0.0000
0.0000
0.0000
0.0000
0.0000
0.0000
0.0000
0.0000
0.0000
0.0000
0.0000
0.0000
0.0000
0.0000
0.0000
0.0000
0.0000
0.0000
0.0000
0.0000
0.0000
0.0000
0.0000
0.0000
0.0000
0.0000
0.0000
0.0000
0.0000
0.0000
0.0000
0.0000
0.0000
0.0000
224.6094
224.6094
454.1016
454.1016
683.5937
683.5937
917.9687
917.9687
1147.4609
1147.4609
1362.3047
1362.3047
1547.8516
1547.8516
1699.2187
1699.2187
1811.5234
1811.5234
1904.2969
1904.2969
1958.0078
1958.0078
1977.5391
1977.5391
1918.9453
1918.9453
1748.0469
1748.0469
1450.1953
1450.1953
1054.6875
1054.6875
581.0547
581.0547
78.1250
78.1250
0.0000
0.0000
0.0000
0.0000
0.0000
0.0000
0.0000
0.0000
0.0000
0.0000
0.0000
0.0000
0.0000
0.0000
0.0000
0.0000
0.0000
0.0000
0.0000
0.0000
0.0000
0.0000
0.0000
0.0000
0.0000
0.0000
0.0000
0.0000
0.0000
0.0000
0.0000
0.0000
0.0000
0.0000
0.0000
0.0000
0.0000
0.0000
170.8984
170.8984
434.5703
434.5703
698.2422
698.2422
952.1484
952.1484
1191.4062
1191.4062
1391.6016
1391.6016
1557.6172
1557.6172
1684.5703
1684.5703
1791.9922
1791.9922
1894.5312
1894.5312
1992.1875
1992.1875
2084.9609
2084.9609
2119.1406
2119.1406
2036.1328
2036.1328
1816.4062
1816.4062
1474.6094
1474.6094
1044.9219
1044.9219
566.4062
566.4062
78.1250
78.1250
0.0000
0.0000
0.0000
0.0000
0.0000
0.0000
0.0000
0.0000
0.0000
0.0000
0.0000
0.0000
0.0000
0.0000
0.0000
0.0000
0.0000
0.0000
0.0000
0.0000
0.0000
0.0000
0.0000
0.0000
0.0000
0.0000
0.0000
0.0000
0.0000
0.0000
0.0000
0.0000
0.0000
0.0000
0.0000
0.0000
239.2578
239.2578
488.2812
488.2812
742.1875
742.1875
991.2109
991.2109
1220.7031
1220.7031
1430.6641
1430.6641
1606.4453
1606.4453
1752.9297
1752.9297
1875.0000
1875.0000
1977.5391
1977.5391
2070.3125
2070.3125
2143.5547
2143.5547
2182.6172
2182.6172
2128.9062
2128.9062
1933.5937
1933.5937
1596.6797
1596.6797
1157.2266
1157.2266
659.1797
659.1797
161.1328
161.1328
0.0000
0.0000
0.0000
0.0000
0.0000
0.0000
0.0000
0.0000
0.0000
0.0000
0.0000
0.0000
0.0000
0.0000
0.0000
0.0000
0.0000
0.0000
0.0000
0.0000
0.0000
0.0000
0.0000
0.0000
0.0000
0.0000
0.0000
0.0000
0.0000
0.0000
0.0000
0.0000
0.0000
0.0000
0.0000
0.0000
53.7109
53.7109
341.7969
341.7969
615.2344
615.2344
864.2578
864.2578
1074.2187
1074.2187
1254.8828
1254.8828
1401.3672
1401.3672
1533.2031
1533.2031
1655.2734
1655.2734
1787.1094
1787.1094
1923.8281
1923.8281
2050.7812
2050.7812
2153.3203
2153.3203
2197.2656
2197.2656
2119.1406
2119.1406
1899.4141
1899.4141
1567.3828
1567.3828
1142.5781
1142.5781
683.5937
683.5937
205.0781
205.0781
0.0000
0.0000
0.0000
0.0000
0.0000
0.0000
0.0000
0.0000
0.0000
0.0000
0.0000
0.0000
0.0000
0.0000
0.0000
0.0000
0.0000
0.0000
0.0000
0.0000
0.0000
0.0000
0.0000
0.0000
0.0000
0.0000
0.0000
0.0000
0.0000
0.0000
0.0000
0.0000
0.0000
0.0000
0.0000
0.0000
63.4766
63.4766
336.9141
336.9141
581.0547
581.0547
795.8984
795.8984
1000.9766
1000.9766
1181.6406
1181.6406
1362.3047
1362.3047
1538.0859
1538.0859
1704.1016
1704.1016
1840.8203
1840.8203
1948.2422
1948.2422
2001.9531
2001.9531
1992.1875
1992.1875
1909.1797
1909.1797
1743.1641
1743.1641
1494.1406
1494.1406
1181.6406
1181.6406
805.6641
805.6641
385.7422
385.7422
0.0000
0.0000
0.0000
0.0000
0.0000
0.0000
0.0000
0.0000
0.0000
0.0000
0.0000
0.0000
0.0000
0.0000
0.0000
0.0000
0.0000
0.0000
0.0000
0.0000
0.0000
0.0000
0.0000
0.0000
0.0000
0.0000
0.0000
0.0000
0.0000
0.0000
0.0000
0.0000
0.0000
0.0000
0.0000
0.0000
63.4766
63.4766
341.7969
341.7969
581.0547
581.0547
791.0156
791.0156
976.5625
976.5625
1152.3437
1152.3437
1318.3594
1318.3594
1479.4922
1479.4922
1635.7422
1635.7422
1777.3437
1777.3437
1894.5312
1894.5312
1987.3047
1987.3047
2045.8984
2045.8984
2031.2500
2031.2500
1889.6484
1889.6484
1630.8594
1630.8594
1298.8281
1298.8281
898.4375
898.4375
454.1016
454.1016
0.0000
0.0000
0.0000
0.0000
0.0000
0.0000
0.0000
0.0000
0.0000
0.0000
0.0000
0.0000
0.0000
0.0000
0.0000
0.0000
0.0000
0.0000
0.0000
0.0000
0.0000
0.0000
0.0000
0.0000
0.0000
0.0000
0.0000
0.0000
0.0000
0.0000
0.0000
0.0000
0.0000
0.0000
0.0000
0.0000
0.0000
0.0000
151.3672
151.3672
380.8594
380.8594
605.4687
605.4687
820.3125
820.3125
1044.9219
1044.9219
1250.0000
1455.0781
1455.0781
1455.0781
1630.8594
1630.8594
1772.4609
1772.4609
1875.0000
1875.0000
1928.7109
1928.7109
1938.4766
1938.4766
1879.8828
1879.8828
1748.0469
1748.0469
1518.5547
1518.5547
1201.1719
800.7812
800.7812
800.7812
336.9141
336.9141
0.0000
0.0000
0.0000
0.0000
0.0000
0.0000
0.0000
0.0000
0.0000
0.0000
0.0000
0.0000
0.0000
0.0000
0.0000
0.0000
0.0000
0.0000
0.0000
0.0000
0.0000
0.0000
0.0000
0.0000
0.0000
0.0000
0.0000
0.0000
0.0000
0.0000
0.0000
0.0000
0.0000
0.0000
0.0000
0.0000
0.0000
0.0000
0.0000
117.1875
117.1875
356.4453
356.4453
585.9375
585.9375
805.6641
805.6641
1020.5078
1020.5078
1215.8203
1215.8203
1386.7187
1386.7187
1533.2031
1533.2031
1660.1562
1660.1562
1782.2266
1782.2266
1899.4141
1899.4141
2001.9531
2001.9531
2055.6641
2055.6641
2001.9531
2001.9531
1816.4062
1816.4062
1523.4375
1523.4375
1132.8125
1132.8125
673.8281
673.8281
175.7812
175.7812
0.0000
0.0000
0.0000
0.0000
0.0000
0.0000
0.0000
0.0000
0.0000
0.0000
0.0000
0.0000
0.0000
0.0000
0.0000
0.0000
0.0000
0.0000
0.0000
0.0000
0.0000
0.0000
0.0000
0.0000
0.0000
0.0000
0.0000
0.0000
0.0000
0.0000
0.0000
0.0000
0.0000
0.0000
0.0000
0.0000
0.0000
0.0000
229.4922
229.4922
493.1641
493.1641
747.0703
747.0703
996.0937
996.0937
1210.9375
1210.9375
1406.2500
1406.2500
1567.3828
1567.3828
1699.2187
1699.2187
1811.5234
1811.5234
1899.4141
1899.4141
1967.7734
1967.7734
2006.8359
2006.8359
2016.6016
2016.6016
1933.5937
1933.5937
1743.1641
1743.1641
1430.6641
1430.6641
1035.1562
1035.1562
581.0547
581.0547
112.3047
112.3047
0.0000
0.0000
0.0000
0.0000
0.0000
0.0000
0.0000
0.0000
0.0000
0.0000
0.0000
0.0000
0.0000
0.0000
0.0000
0.0000
0.0000
0.0000
0.0000
0.0000
0.0000
0.0000
0.0000
0.0000
0.0000
0.0000
0.0000
0.0000
0.0000
0.0000
0.0000
0.0000
0.0000
0.0000
0.0000
0.0000
161.1328
161.1328
434.5703
434.5703
683.5937
683.5937
898.4375
898.4375
1079.1016
1079.1016
1235.3516
1235.3516
1381.8359
1381.8359
1528.3203
1528.3203
1674.8047
1674.8047
1821.2891
1821.2891
1953.1250
1953.1250
2041.0156
2041.0156
2065.4297
2065.4297
1967.7734
1967.7734
1743.1641
1743.1641
1445.3125
1445.3125
1108.3984
1108.3984
737.3047
737.3047
341.7969
341.7969
0.0000
0.0000
0.0000
0.0000
0.0000
0.0000
0.0000
0.0000
0.0000
0.0000
0.0000
0.0000
0.0000
0.0000
0.0000
0.0000
0.0000
0.0000
0.0000
0.0000
0.0000
0.0000
0.0000
0.0000
0.0000
0.0000
0.0000
0.0000
0.0000
0.0000
0.0000
0.0000
0.0000
0.0000
0.0000
0.0000
156.2500
156.2500
429.6875
429.6875
693.3594
693.3594
917.9687
917.9687
1127.9297
1127.9297
1308.5937
1308.5937
1479.4922
1479.4922
1645.5078
1645.5078
1796.8750
1796.8750
1933.5937
1933.5937
2036.1328
2036.1328
2099.6094
2099.6094
2124.0234
2124.0234
2104.4922
2104.4922
2006.8359
2006.8359
1811.5234
1811.5234
1518.5547
1518.5547
1157.2266
1157.2266
737.3047
737.3047
283.2031
283.2031
0.0000
0.0000
0.0000
0.0000
0.0000
0.0000
0.0000
0.0000
0.0000
0.0000
0.0000
0.0000
0.0000
0.0000
0.0000
0.0000
0.0000
0.0000
0.0000
0.0000
0.0000
0.0000
0.0000
0.0000
0.0000
0.0000
0.0000
0.0000
0.0000
0.0000
0.0000
0.0000
0.0000
0.0000
0.0000
0.0000
0.0000
0.0000
239.2578
239.2578
468.7500
468.7500
673.8281
673.8281
859.3750
859.3750
1044.9219
1044.9219
1230.4687
1230.4687
1420.8984
1420.8984
1601.5625
1601.5625
1767.5781
1767.5781
1889.6484
1889.6484
1962.8906
1962.8906
1992.1875
1992.1875
1943.3594
1943.3594
1791.9922
1791.9922
1547.8516
1547.8516
1245.1172
1245.1172
893.5547
893.5547
488.2812
488.2812
39.0625
39.0625
0.0000
0.0000
0.0000
0.0000
0.0000
0.0000
0.0000
0.0000
0.0000
0.0000
0.0000
0.0000
0.0000
0.0000
0.0000
0.0000
0.0000
0.0000
0.0000
0.0000
0.0000
0.0000
0.0000
0.0000
0.0000
0.0000
0.0000
0.0000
0.0000
0.0000
0.0000
0.0000
0.0000
0.0000
0.0000
0.0000
0.0000
0.0000
234.3750
234.3750
463.8672
463.8672
688.4766
688.4766
913.0859
913.0859
1137.6953
1137.6953
1347.6562
1347.6562
1528.3203
1528.3203
1674.8047
1674.8047
1777.3437
1777.3437
1840.8203
1840.8203
1884.7656
1884.7656
1914.0625
1914.0625
1914.0625
1914.0625
1840.8203
1840.8203
1650.3906
1650.3906
1337.8906
1337.8906
927.7344
927.7344
454.1016
454.1016
0.0000
0.0000
0.0000
0.0000
0.0000
0.0000
0.0000
0.0000
0.0000
0.0000
0.0000
0.0000
0.0000
0.0000
0.0000
0.0000
0.0000
0.0000
0.0000
0.0000
0.0000
0.0000
0.0000
0.0000
0.0000
0.0000
0.0000
0.0000
0.0000
0.0000
0.0000
0.0000
0.0000
0.0000
0.0000
0.0000
0.0000
0.0000
0.0000
0.0000
200.1953
200.1953
444.3359
444.3359
678.7109
678.7109
913.0859
913.0859
1137.6953
1137.6953
1342.7734
1342.7734
1518.5547
1518.5547
1655.2734
1655.2734
1772.4609
1772.4609
1875.0000
1875.0000
1967.7734
1967.7734
2041.0156
2041.0156
2075.1953
2075.1953
2001.9531
2001.9531
1796.8750
1796.8750
1479.4922
1479.4922
1079.1016
1079.1016
625.0000
625.0000
136.7187
136.7187
0.0000
0.0000
0.0000
0.0000
0.0000
0.0000
0.0000
0.0000
0.0000
0.0000
0.0000
0.0000
0.0000
0.0000
0.0000
0.0000
0.0000
0.0000
0.0000
0.0000
0.0000
0.0000
0.0000
0.0000
0.0000
0.0000
0.0000
0.0000
0.0000
0.0000
0.0000
0.0000
0.0000
0.0000
0.0000
0.0000
141.6016
141.6016
415.0391
415.0391
673.8281
673.8281
922.8516
922.8516
1142.5781
1142.5781
1323.2422
1323.2422
1474.6094
1474.6094
1596.6797
1596.6797
1704.1016
1704.1016
1811.5234
1811.5234
1914.0625
1914.0625
2001.9531
2001.9531
2075.1953
2075.1953
2089.8437
2089.8437
2006.8359
2006.8359
1772.4609
1772.4609
1416.0156
1416.0156
971.6797
971.6797
478.5156
478.5156
0.0000
0.0000
0.0000
0.0000
0.0000
0.0000
0.0000
0.0000
0.0000
0.0000
0.0000
0.0000
0.0000
0.0000
0.0000
0.0000
0.0000
0.0000
0.0000
0.0000
0.0000
0.0000
0.0000
0.0000
0.0000
0.0000
0.0000
0.0000
0.0000
0.0000
0.0000
0.0000
0.0000
0.0000
0.0000
0.0000
0.0000
0.0000
0.0000
0.0000
58.5937
58.5937
317.3828
317.3828
551.7578
551.7578
771.4844
771.4844
976.5625
976.5625
1166.9922
1166.9922
1352.5391
1352.5391
1523.4375
1523.4375
1684.5703
1684.5703
1821.2891
1821.2891
1938.4766
1938.4766
2021.4844
2021.4844
2070.3125
2070.3125
2036.1328
2036.1328
1879.8828
1879.8828
1591.7969
1591.7969
1220.7031
1220.7031
781.2500
781.2500
312.5000
312.5000
0.0000
0.0000
0.0000
0.0000
0.0000
0.0000
0.0000
0.0000
0.0000
0.0000
0.0000
0.0000
0.0000
0.0000
0.0000
0.0000
0.0000
0.0000
0.0000
0.0000
0.0000
0.0000
0.0000
0.0000
0.0000
0.0000
0.0000
0.0000
0.0000
0.0000
0.0000
0.0000
0.0000
0.0000
0.0000
0.0000
0.0000
0.0000
9.7656
9.7656
263.6719
263.6719
493.1641
493.1641
703.1250
703.1250
913.0859
913.0859
1108.3984
1108.3984
1298.8281
1298.8281
1474.6094
1474.6094
1635.7422
1635.7422
1767.5781
1767.5781
1875.0000
1875.0000
1948.2422
1948.2422
2006.8359
2006.8359
2045.8984
2045.8984
2036.1328
2036.1328
1928.7109
1928.7109
1694.3359
1694.3359
1347.6562
1347.6562
908.2031
908.2031
419.9219
419.9219
0.0000
0.0000
0.0000
0.0000
0.0000
0.0000
0.0000
0.0000
0.0000
0.0000
0.0000
0.0000
0.0000
0.0000
0.0000
0.0000
0.0000
0.0000
0.0000
0.0000
0.0000
0.0000
0.0000
0.0000
0.0000
0.0000
0.0000
0.0000
0.0000
0.0000
0.0000
0.0000
0.0000
0.0000
0.0000
0.0000
0.0000
0.0000
249.0234
249.0234
517.5781
517.5781
776.3672
776.3672
1020.5078
1020.5078
1235.3516
1235.3516
1420.8984
1420.8984
1572.2656
1572.2656
1694.3359
1694.3359
1796.8750
1796.8750
1879.8828
1879.8828
1962.8906
1962.8906
2045.8984
2045.8984
2089.8437
2089.8437
2036.1328
2036.1328
1870.1172
1870.1172
1591.7969
1591.7969
1220.7031
1220.7031
781.2500
781.2500
322.2656
322.2656
0.0000
0.0000
0.0000
0.0000
0.0000
0.0000
0.0000
0.0000
0.0000
0.0000
0.0000
0.0000
0.0000
0.0000
0.0000
0.0000
0.0000
0.0000
0.0000
0.0000
0.0000
0.0000
0.0000
0.0000
0.0000
0.0000
0.0000
0.0000
0.0000
0.0000
0.0000
0.0000
87.8906
87.8906
336.9141
336.9141
581.0547
581.0547
810.5469
810.5469
1030.2734
1030.2734
1240.2344
1240.2344
1425.7812
1425.7812
1591.7969
1591.7969
1723.6328
1723.6328
1826.1719
1826.1719
1904.2969
1904.2969
1962.8906
1962.8906
2001.9531
2001.9531
2021.4844
2021.4844
2001.9531
2001.9531
1894.5312
1894.5312
1660.1562
1660.1562
1303.7109
1303.7109
859.3750
859.3750
371.0937
371.0937
0.0000
0.0000
0.0000
0.0000
0.0000
0.0000
0.0000
0.0000
0.0000
0.0000
0.0000
0.0000
0.0000
0.0000
0.0000
0.0000
0.0000
0.0000
0.0000
0.0000
0.0000
0.0000
0.0000
0.0000
0.0000
0.0000
0.0000
0.0000
0.0000
0.0000
0.0000
0.0000
0.0000
0.0000
0.0000
0.0000
0.0000
0.0000
195.3125
195.3125
473.6328
737.3047
737.3047
737.3047
971.6797
971.6797
1166.9922
1166.9922
1323.2422
1323.2422
1450.1953
1450.1953
1567.3828
1567.3828
1674.8047
1674.8047
1787.1094
1787.1094
1894.5312
1972.6562
1972.6562
1982.4219
1982.4219
1850.5859
1850.5859
1850.5859
1557.6172
1157.2266
1157.2266
712.8906
712.8906
234.3750
234.3750
0.0000
0.0000
0.0000
0.0000
0.0000
0.0000
0.0000
0.0000
0.0000
0.0000
0.0000
0.0000
0.0000
0.0000
0.0000
0.0000
0.0000
0.0000
0.0000
0.0000
0.0000
0.0000
0.0000
0.0000
0.0000
0.0000
0.0000
0.0000
0.0000
0.0000
0.0000
0.0000
0.0000
0.0000
0.0000
0.0000
0.0000
0.0000
0.0000
0.0000
0.0000
0.0000
273.4375
273.4375
522.4609
522.4609
742.1875
742.1875
932.6172
932.6172
1108.3984
1108.3984
1274.4141
1274.4141
1435.5469
1435.5469
1601.5625
1601.5625
1752.9297
1752.9297
1884.7656
1884.7656
1982.4219
1982.4219
2031.2500
2031.2500
2031.2500
2031.2500
1933.5937
1933.5937
1713.8672
1713.8672
1372.0703
1372.0703
942.3828
942.3828
458.9844
458.9844
0.0000
0.0000
0.0000
0.0000
0.0000
0.0000
0.0000
0.0000
0.0000
0.0000
0.0000
0.0000
0.0000
0.0000
0.0000
0.0000
0.0000
0.0000
0.0000
0.0000
0.0000
0.0000
0.0000
0.0000
0.0000
0.0000
0.0000
0.0000
0.0000
0.0000
0.0000
0.0000
0.0000
0.0000
0.0000
0.0000
0.0000
0.0000
0.0000
0.0000
219.7266
219.7266
454.1016
454.1016
654.2969
654.2969
844.7266
844.7266
1025.3906
1025.3906
1215.8203
1215.8203
1406.2500
1406.2500
1591.7969
1591.7969
1743.1641
1743.1641
1865.2344
1865.2344
1948.2422
1948.2422
1987.3047
1987.3047
1948.2422
1948.2422
1782.2266
1782.2266
1523.4375
1523.4375
1181.6406
1181.6406
776.3672
776.3672
327.1484
327.1484
0.0000
0.0000
0.0000
0.0000
0.0000
0.0000
0.0000
0.0000
0.0000
0.0000
0.0000
0.0000
0.0000
0.0000
0.0000
0.0000
0.0000
0.0000
0.0000
0.0000
0.0000
0.0000
0.0000
0.0000
0.0000
0.0000
0.0000
0.0000
0.0000
0.0000
0.0000
0.0000
0.0000
0.0000
0.0000
0.0000
0.0000
0.0000
0.0000
0.0000
224.6094
224.6094
454.1016
454.1016
688.4766
688.4766
927.7344
927.7344
1162.1094
1162.1094
1376.9531
1376.9531
1572.2656
1572.2656
1713.8672
1713.8672
1826.1719
1826.1719
1899.4141
1899.4141
1948.2422
1948.2422
1982.4219
1982.4219
1987.3047
1987.3047
1909.1797
1909.1797
1713.8672
1713.8672
1401.3672
1401.3672
981.4453
981.4453
502.9297
502.9297
0.0000
0.0000
0.0000
0.0000
0.0000
0.0000
0.0000
0.0000
0.0000
0.0000
0.0000
0.0000
0.0000
0.0000
0.0000
0.0000
0.0000
0.0000
0.0000
0.0000
0.0000
0.0000
0.0000
0.0000
0.0000
0.0000
0.0000
0.0000
0.0000
0.0000
0.0000
0.0000
0.0000
0.0000
0.0000
0.0000
24.4141
24.4141
288.0859
288.0859
537.1094
537.1094
771.4844
771.4844
996.0937
996.0937
1210.9375
1210.9375
1411.1328
1411.1328
1582.0312
1582.0312
1733.3984
1733.3984
1855.4687
1855.4687
1962.8906
1962.8906
2060.5469
2060.5469
2148.4375
2148.4375
2207.0312
2207.0312
2187.5000
2187.5000
2041.0156
2041.0156
1762.6953
1762.6953
1406.2500
1406.2500
986.3281
986.3281
527.3437
527.3437
53.7109
53.7109
0.0000
0.0000
0.0000
0.0000
0.0000
0.0000
0.0000
0.0000
0.0000
0.0000
0.0000
0.0000
0.0000
0.0000
0.0000
0.0000
0.0000
0.0000
0.0000
0.0000
0.0000
0.0000
0.0000
0.0000
0.0000
0.0000
0.0000
0.0000
0.0000
0.0000
0.0000
0.0000
0.0000
0.0000
68.3594
68.3594
332.0312
332.0312
590.8203
590.8203
844.7266
844.7266
1074.2187
1074.2187
1279.2969
1279.2969
1445.3125
1445.3125
1591.7969
1591.7969
1713.8672
1713.8672
1831.0547
1831.0547
1943.3594
1943.3594
2045.8984
2045.8984
2109.3750
2109.3750
2128.9062
2128.9062
2075.1953
2075.1953
1904.2969
1904.2969
1616.2109
1616.2109
1225.5859
1225.5859
786.1328
786.1328
312.5000
312.5000
0.0000
0.0000
0.0000
0.0000
0.0000
0.0000
0.0000
0.0000
0.0000
0.0000
0.0000
0.0000
0.0000
0.0000
0.0000
0.0000
0.0000
0.0000
0.0000
0.0000
0.0000
0.0000
0.0000
0.0000
0.0000
0.0000
0.0000
0.0000
0.0000
0.0000
0.0000
0.0000
0.0000
0.0000
0.0000
0.0000
0.0000
0.0000
87.8906
87.8906
346.6797
346.6797
581.0547
581.0547
791.0156
791.0156
976.5625
976.5625
1152.3437
1152.3437
1328.1250
1328.1250
1499.0234
1499.0234
1660.1562
1660.1562
1801.7578
1801.7578
1909.1797
1909.1797
1972.6562
1972.6562
1992.1875
1992.1875
1904.2969
1904.2969
1679.6875
1679.6875
1357.4219
1357.4219
971.6797
971.6797
541.9922
541.9922
78.1250
78.1250
0.0000
0.0000
0.0000
0.0000
0.0000
0.0000
0.0000
0.0000
0.0000
0.0000
0.0000
0.0000
0.0000
0.0000
0.0000
0.0000
0.0000
0.0000
0.0000
0.0000
0.0000
0.0000
0.0000
0.0000
0.0000
0.0000
0.0000
0.0000
0.0000
0.0000
0.0000
0.0000
0.0000
0.0000
0.0000
0.0000
0.0000
0.0000
53.7109
53.7109
317.3828
317.3828
546.8750
546.8750
771.4844
771.4844
981.4453
981.4453
1196.2891
1196.2891
1396.4844
1396.4844
1582.0312
1582.0312
1743.1641
1743.1641
1865.2344
1865.2344
1948.2422
1948.2422
1987.3047
1987.3047
1997.0703
1997.0703
1928.7109
1928.7109
1757.8125
1757.8125
1484.3750
1484.3750
1118.1641
1118.1641
678.7109
678.7109
205.0781
205.0781
0.0000
0.0000
0.0000
0.0000
0.0000
0.0000
0.0000
0.0000
0.0000
0.0000
0.0000
0.0000
0.0000
0.0000
0.0000
0.0000
0.0000
0.0000
0.0000
0.0000
0.0000
0.0000
0.0000
0.0000
0.0000
0.0000
0.0000
0.0000
0.0000
0.0000
0.0000
0.0000
0.0000
0.0000
63.4766
63.4766
302.7344
302.7344
522.4609
522.4609
727.5391
727.5391
927.7344
927.7344
1123.0469
1123.0469
1323.2422
1323.2422
1513.6719
1513.6719
1684.5703
1684.5703
1816.4062
1816.4062
1918.9453
1918.9453
1987.3047
1987.3047
2026.3672
2026.3672
2031.2500
2031.2500
1967.7734
1967.7734
1801.7578
1801.7578
1542.9687
1542.9687
1196.2891
1196.2891
771.4844
771.4844
288.0859
288.0859
0.0000
0.0000
0.0000
0.0000
0.0000
0.0000
0.0000
0.0000
0.0000
0.0000
0.0000
0.0000
0.0000
0.0000
0.0000
0.0000
0.0000
0.0000
0.0000
0.0000
0.0000
0.0000
0.0000
0.0000
0.0000
0.0000
0.0000
0.0000
0.0000
0.0000
0.0000
0.0000
0.0000
0.0000
0.0000
0.0000
0.0000
0.0000
185.5469
185.5469
424.8047
424.8047
654.2969
654.2969
883.7891
883.7891
1103.5156
1103.5156
1308.5937
1308.5937
1484.3750
1484.3750
1630.8594
1630.8594
1748.0469
1748.0469
1845.7031
1845.7031
1928.7109
1928.7109
1997.0703
1997.0703
2036.1328
2036.1328
1987.3047
1987.3047
1811.5234
1811.5234
1494.1406
1494.1406
1059.5703
1059.5703
551.7578
551.7578
29.2969
29.2969
0.0000
0.0000
0.0000
0.0000
0.0000
0.0000
0.0000
0.0000
0.0000
0.0000
0.0000
0.0000
0.0000
0.0000
0.0000
0.0000
0.0000
0.0000
0.0000
0.0000
0.0000
0.0000
0.0000
0.0000
0.0000
0.0000
0.0000
0.0000
0.0000
0.0000
0.0000
0.0000
0.0000
0.0000
0.0000
0.0000
0.0000
0.0000
9.7656
9.7656
268.5547
268.5547
527.3437
527.3437
766.6016
766.6016
991.2109
991.2109
1181.6406
1181.6406
1337.8906
1337.8906
1479.4922
1479.4922
1601.5625
1601.5625
1728.5156
1728.5156
1845.7031
1845.7031
1953.1250
1953.1250
1997.0703
1997.0703
1923.8281
1923.8281
1718.7500
1718.7500
1416.0156
1416.0156
1044.9219
1044.9219
634.7656
634.7656
200.1953
200.1953
0.0000
0.0000
0.0000
0.0000
0.0000
0.0000
0.0000
0.0000
0.0000
0.0000
0.0000
0.0000
0.0000
0.0000
0.0000
0.0000
0.0000
0.0000
0.0000
0.0000
0.0000
0.0000
0.0000
0.0000
0.0000
0.0000
0.0000
0.0000
0.0000
0.0000
0.0000
0.0000
0.0000
0.0000
0.0000
0.0000
190.4297
190.4297
473.6328
473.6328
732.4219
732.4219
966.7969
966.7969
1171.8750
1171.8750
1342.7734
1342.7734
1503.9062
1503.9062
1655.2734
1655.2734
1806.6406
1806.6406
1948.2422
1948.2422
2080.0781
2080.0781
2177.7344
2177.7344
2236.3281
2236.3281
2246.0937
2246.0937
2177.7344
2177.7344
2001.9531
2001.9531
1723.6328
1723.6328
1352.5391
1352.5391
927.7344
927.7344
473.6328
473.6328
0.0000
0.0000
0.0000
0.0000
0.0000
0.0000
0.0000
0.0000
0.0000
0.0000
0.0000
0.0000
0.0000
0.0000
0.0000
0.0000
0.0000
0.0000
0.0000
0.0000
0.0000
0.0000
0.0000
0.0000
0.0000
0.0000
0.0000
0.0000
0.0000
0.0000
0.0000
0.0000
0.0000
0.0000
0.0000
0.0000
92.7734
92.7734
371.0937
371.0937
629.8828
629.8828
849.6094
849.6094
1044.9219
1044.9219
1220.7031
1220.7031
1386.7187
1552.7344
1552.7344
1552.7344
1708.9844
1708.9844
1850.5859
1850.5859
1962.8906
1962.8906
