1860.3516
1928.7109
1928.7109
1909.1797
1909.1797
1772.4609
1772.4609
1503.9062
1503.9062
1157.2266
1157.2266
771.4844
771.4844
366.2109
366.2109
0.0000
0.0000
0.0000
0.0000
0.0000
0.0000
0.0000
0.0000
0.0000
0.0000
0.0000
0.0000
0.0000
0.0000
0.0000
0.0000
0.0000
0.0000
0.0000
0.0000
0.0000
0.0000
0.0000
0.0000
0.0000
0.0000
0.0000
0.0000
0.0000
0.0000
0.0000
0.0000
0.0000
0.0000
0.0000
0.0000
0.0000
0.0000
0.0000
0.0000
0.0000
0.0000
107.4219
107.4219
371.0937
371.0937
600.5859
600.5859
795.8984
795.8984
971.6797
971.6797
1147.4609
1147.4609
1318.3594
1318.3594
1474.6094
1474.6094
1611.3281
1611.3281
1708.9844
1708.9844
1723.6328
1723.6328
1606.4453
1606.4453
1372.0703
1372.0703
1059.5703
1059.5703
698.2422
698.2422
307.6172
307.6172
0.0000
0.0000
0.0000
0.0000
0.0000
0.0000
0.0000
0.0000
0.0000
0.0000
0.0000
0.0000
0.0000
0.0000
0.0000
0.0000
0.0000
0.0000
0.0000
0.0000
0.0000
0.0000
0.0000
0.0000
0.0000
0.0000
0.0000
0.0000
0.0000
0.0000
0.0000
0.0000
0.0000
0.0000
0.0000
0.0000
0.0000
0.0000
29.2969
29.2969
327.1484
327.1484
590.8203
590.8203
830.0781
830.0781
1035.1562
1035.1562
1225.5859
1225.5859
1416.0156
1416.0156
1606.4453
1606.4453
1787.1094
1787.1094
1938.4766
1938.4766
2045.8984
2045.8984
2070.3125
2070.3125
1997.0703
1997.0703
1801.7578
1801.7578
1528.3203
1528.3203
1201.1719
1201.1719
859.3750
859.3750
502.9297
502.9297
126.9531
126.9531
0.0000
0.0000
0.0000
0.0000
0.0000
0.0000
0.0000
0.0000
0.0000
0.0000
0.0000
0.0000
0.0000
0.0000
0.0000
0.0000
0.0000
0.0000
0.0000
0.0000
0.0000
0.0000
0.0000
0.0000
0.0000
0.0000
0.0000
0.0000
0.0000
0.0000
0.0000
0.0000
0.0000
0.0000
0.0000
0.0000
214.8437
214.8437
478.5156
478.5156
708.0078
708.0078
913.0859
913.0859
1098.6328
1098.6328
1279.2969
1279.2969
1455.0781
1455.0781
1625.9766
1625.9766
1782.2266
1782.2266
1918.9453
1918.9453
2026.3672
2026.3672
2084.9609
2084.9609
2084.9609
2084.9609
1977.5391
1977.5391
1767.5781
1767.5781
1489.2578
1489.2578
1152.3437
1152.3437
766.6016
766.6016
332.0312
332.0312
0.0000
0.0000
0.0000
0.0000
0.0000
0.0000
0.0000
0.0000
0.0000
0.0000
0.0000
0.0000
0.0000
0.0000
0.0000
0.0000
0.0000
0.0000
0.0000
0.0000
0.0000
0.0000
0.0000
0.0000
0.0000
0.0000
0.0000
0.0000
0.0000
0.0000
0.0000
0.0000
0.0000
0.0000
0.0000
0.0000
0.0000
0.0000
205.0781
205.0781
439.4531
439.4531
659.1797
659.1797
874.0234
874.0234
1088.8672
1088.8672
1303.7109
1303.7109
1513.6719
1513.6719
1699.2187
1699.2187
1840.8203
1840.8203
1918.9453
1918.9453
1938.4766
1938.4766
1904.2969
1904.2969
1806.6406
1806.6406
1655.2734
1655.2734
1445.3125
1445.3125
1171.8750
1171.8750
830.0781
830.0781
424.8047
424.8047
0.0000
0.0000
0.0000
0.0000
0.0000
0.0000
0.0000
0.0000
0.0000
0.0000
0.0000
0.0000
0.0000
0.0000
0.0000
0.0000
0.0000
0.0000
0.0000
0.0000
0.0000
0.0000
0.0000
0.0000
0.0000
0.0000
0.0000
0.0000
0.0000
0.0000
0.0000
0.0000
0.0000
0.0000
146.4844
146.4844
390.6250
390.6250
600.5859
600.5859
800.7812
800.7812
991.2109
991.2109
1186.5234
1186.5234
1372.0703
1372.0703
1557.6172
1557.6172
1718.7500
1718.7500
1840.8203
1840.8203
1923.8281
1923.8281
1958.0078
1958.0078
1948.2422
1948.2422
1865.2344
1865.2344
1704.1016
1704.1016
1503.9062
1503.9062
1269.5312
1269.5312
971.6797
971.6797
590.8203
590.8203
151.3672
151.3672
0.0000
0.0000
0.0000
0.0000
0.0000
0.0000
0.0000
0.0000
0.0000
0.0000
0.0000
0.0000
0.0000
0.0000
0.0000
0.0000
0.0000
0.0000
0.0000
0.0000
0.0000
0.0000
0.0000
0.0000
0.0000
0.0000
0.0000
0.0000
0.0000
0.0000
0.0000
0.0000
78.1250
78.1250
341.7969
341.7969
585.9375
585.9375
800.7812
800.7812
1005.8594
1005.8594
1201.1719
1201.1719
1396.4844
1396.4844
1586.9141
1586.9141
1767.5781
1767.5781
1914.0625
1914.0625
2016.6016
2016.6016
2065.4297
2065.4297
2060.5469
2060.5469
2021.4844
2021.4844
1948.2422
1948.2422
1806.6406
1806.6406
1557.6172
1557.6172
1206.0547
1206.0547
761.7187
761.7187
263.6719
263.6719
0.0000
0.0000
0.0000
0.0000
0.0000
0.0000
0.0000
0.0000
0.0000
0.0000
0.0000
0.0000
0.0000
0.0000
0.0000
0.0000
0.0000
0.0000
0.0000
0.0000
0.0000
0.0000
0.0000
0.0000
0.0000
0.0000
0.0000
0.0000
0.0000
0.0000
0.0000
0.0000
0.0000
0.0000
0.0000
0.0000
0.0000
0.0000
0.0000
141.6016
141.6016
141.6016
361.3281
361.3281
585.9375
585.9375
810.5469
810.5469
1025.3906
1215.8203
1215.8203
1362.3047
1362.3047
1479.4922
1479.4922
1577.1484
1577.1484
1665.0391
1665.0391
1665.0391
1743.1641
1743.1641
1796.8750
1796.8750
1767.5781
1767.5781
1611.3281
1347.6562
1347.6562
986.3281
986.3281
551.7578
551.7578
68.3594
68.3594
0.0000
0.0000
0.0000
0.0000
0.0000
0.0000
0.0000
0.0000
0.0000
0.0000
0.0000
0.0000
0.0000
0.0000
0.0000
0.0000
0.0000
0.0000
0.0000
0.0000
0.0000
0.0000
0.0000
0.0000
0.0000
0.0000
0.0000
0.0000
0.0000
0.0000
0.0000
0.0000
0.0000
0.0000
0.0000
0.0000
151.3672
151.3672
405.2734
405.2734
654.2969
654.2969
898.4375
898.4375
1132.8125
1132.8125
1347.6562
1347.6562
1528.3203
1528.3203
1660.1562
1660.1562
1752.9297
1752.9297
1801.7578
1801.7578
1835.9375
1835.9375
1850.5859
1850.5859
1826.1719
1826.1719
1708.9844
1708.9844
1479.4922
1479.4922
1147.4609
1147.4609
732.4219
732.4219
273.4375
273.4375
0.0000
0.0000
0.0000
0.0000
0.0000
0.0000
0.0000
0.0000
0.0000
0.0000
0.0000
0.0000
0.0000
0.0000
0.0000
0.0000
0.0000
0.0000
0.0000
0.0000
0.0000
0.0000
0.0000
0.0000
0.0000
0.0000
0.0000
0.0000
0.0000
0.0000
0.0000
0.0000
0.0000
0.0000
151.3672
151.3672
385.7422
385.7422
600.5859
600.5859
815.4297
815.4297
1030.2734
1030.2734
1245.1172
1245.1172
1440.4297
1440.4297
1606.4453
1606.4453
1728.5156
1728.5156
1816.4062
1816.4062
1884.7656
1884.7656
1943.3594
1943.3594
1987.3047
1987.3047
1982.4219
1982.4219
1875.0000
1875.0000
1640.6250
1640.6250
1313.4766
1313.4766
903.3203
903.3203
444.3359
444.3359
0.0000
0.0000
0.0000
0.0000
0.0000
0.0000
0.0000
0.0000
0.0000
0.0000
0.0000
0.0000
0.0000
0.0000
0.0000
0.0000
0.0000
0.0000
0.0000
0.0000
0.0000
0.0000
0.0000
0.0000
0.0000
0.0000
0.0000
0.0000
0.0000
0.0000
0.0000
0.0000
0.0000
0.0000
0.0000
0.0000
0.0000
0.0000
224.6094
224.6094
478.5156
478.5156
727.5391
727.5391
961.9141
961.9141
1176.7578
1176.7578
1362.3047
1362.3047
1508.7891
1508.7891
1621.0937
1621.0937
1713.8672
1713.8672
1787.1094
1787.1094
1845.7031
1845.7031
1870.1172
1870.1172
1826.1719
1826.1719
1669.9219
1669.9219
1376.9531
1376.9531
971.6797
971.6797
488.2812
488.2812
0.0000
0.0000
0.0000
0.0000
0.0000
0.0000
0.0000
0.0000
0.0000
0.0000
0.0000
0.0000
0.0000
0.0000
0.0000
0.0000
0.0000
0.0000
0.0000
0.0000
0.0000
0.0000
0.0000
0.0000
0.0000
0.0000
0.0000
0.0000
0.0000
0.0000
0.0000
0.0000
0.0000
0.0000
0.0000
0.0000
0.0000
0.0000
0.0000
0.0000
0.0000
0.0000
63.4766
63.4766
322.2656
322.2656
561.5234
561.5234
781.2500
781.2500
966.7969
966.7969
1132.8125
1132.8125
1279.2969
1279.2969
1420.8984
1420.8984
1552.7344
1552.7344
1679.6875
1679.6875
1777.3437
1777.3437
1767.5781
1767.5781
1616.2109
1616.2109
1337.8906
1337.8906
961.9141
961.9141
517.5781
517.5781
58.5937
58.5937
0.0000
0.0000
0.0000
0.0000
0.0000
0.0000
0.0000
0.0000
0.0000
0.0000
0.0000
0.0000
0.0000
0.0000
0.0000
0.0000
0.0000
0.0000
0.0000
0.0000
0.0000
0.0000
0.0000
0.0000
0.0000
0.0000
0.0000
0.0000
0.0000
0.0000
0.0000
0.0000
0.0000
0.0000
0.0000
0.0000
224.6094
224.6094
493.1641
493.1641
766.6016
766.6016
1010.7422
1010.7422
1225.5859
1225.5859
1406.2500
1406.2500
1562.5000
1562.5000
1689.4531
1689.4531
1801.7578
1801.7578
1899.4141
1899.4141
1982.4219
1982.4219
2041.0156
2041.0156
2055.6641
2055.6641
1972.6562
1972.6562
1767.5781
1767.5781
1445.3125
1445.3125
1035.1562
1035.1562
581.0547
581.0547
126.9531
126.9531
0.0000
0.0000
0.0000
0.0000
0.0000
0.0000
0.0000
0.0000
0.0000
0.0000
0.0000
0.0000
0.0000
0.0000
0.0000
0.0000
0.0000
0.0000
0.0000
0.0000
0.0000
0.0000
0.0000
0.0000
0.0000
0.0000
0.0000
0.0000
0.0000
0.0000
0.0000
0.0000
0.0000
0.0000
43.9453
43.9453
322.2656
322.2656
581.0547
581.0547
825.1953
825.1953
1040.0391
1040.0391
1225.5859
1225.5859
1376.9531
1376.9531
1518.5547
1518.5547
1640.6250
1640.6250
1757.8125
1757.8125
1870.1172
1870.1172
1962.8906
1962.8906
2001.9531
2001.9531
1943.3594
1943.3594
1791.9922
1791.9922
1567.3828
1567.3828
1284.1797
1284.1797
957.0312
957.0312
600.5859
600.5859
229.4922
229.4922
0.0000
0.0000
0.0000
0.0000
0.0000
0.0000
0.0000
0.0000
0.0000
0.0000
0.0000
0.0000
0.0000
0.0000
0.0000
0.0000
0.0000
0.0000
0.0000
0.0000
0.0000
0.0000
0.0000
0.0000
0.0000
0.0000
0.0000
0.0000
0.0000
0.0000
122.0703
122.0703
371.0937
371.0937
634.7656
634.7656
898.4375
898.4375
1147.4609
1147.4609
1372.0703
1372.0703
1562.5000
1562.5000
1713.8672
1713.8672
1831.0547
1831.0547
1933.5937
1933.5937
2021.4844
2021.4844
2099.6094
2099.6094
2153.3203
2153.3203
2182.6172
2182.6172
2172.8516
2172.8516
2089.8437
2089.8437
1899.4141
1899.4141
1591.7969
1591.7969
1196.2891
1196.2891
742.1875
742.1875
263.6719
263.6719
0.0000
0.0000
0.0000
0.0000
0.0000
0.0000
0.0000
0.0000
0.0000
0.0000
0.0000
0.0000
0.0000
0.0000
0.0000
0.0000
0.0000
0.0000
0.0000
0.0000
0.0000
0.0000
0.0000
0.0000
0.0000
0.0000
0.0000
0.0000
0.0000
0.0000
0.0000
0.0000
0.0000
0.0000
0.0000
0.0000
0.0000
0.0000
180.6641
180.6641
434.5703
434.5703
644.5312
644.5312
820.3125
820.3125
976.5625
976.5625
1123.0469
1123.0469
1269.5312
1269.5312
1420.8984
1420.8984
1567.3828
1567.3828
1694.3359
1694.3359
1791.9922
1791.9922
1826.1719
1826.1719
1782.2266
1782.2266
1616.2109
1616.2109
1337.8906
1337.8906
971.6797
971.6797
546.8750
546.8750
92.7734
92.7734
0.0000
0.0000
0.0000
0.0000
0.0000
0.0000
0.0000
0.0000
0.0000
0.0000
0.0000
0.0000
0.0000
0.0000
0.0000
0.0000
0.0000
0.0000
0.0000
0.0000
0.0000
0.0000
0.0000
0.0000
0.0000
0.0000
0.0000
0.0000
0.0000
0.0000
0.0000
0.0000
0.0000
0.0000
0.0000
0.0000
0.0000
0.0000
0.0000
0.0000
249.0234
249.0234
483.3984
483.3984
703.1250
703.1250
898.4375
898.4375
1088.8672
1088.8672
1269.5312
1269.5312
1445.3125
1445.3125
1611.3281
1611.3281
1748.0469
1748.0469
1845.7031
1845.7031
1894.5312
1894.5312
1904.2969
1904.2969
1811.5234
1811.5234
1596.6797
1596.6797
1269.5312
1269.5312
864.2578
864.2578
410.1562
410.1562
0.0000
0.0000
0.0000
0.0000
0.0000
0.0000
0.0000
0.0000
0.0000
0.0000
0.0000
0.0000
0.0000
0.0000
0.0000
0.0000
0.0000
0.0000
0.0000
0.0000
0.0000
0.0000
0.0000
0.0000
0.0000
0.0000
0.0000
0.0000
0.0000
0.0000
0.0000
0.0000
0.0000
0.0000
0.0000
0.0000
39.0625
39.0625
297.8516
297.8516
517.5781
517.5781
703.1250
703.1250
878.9062
878.9062
1049.8047
1049.8047
1225.5859
1225.5859
1406.2500
1406.2500
1572.2656
1572.2656
1718.7500
1718.7500
1816.4062
1816.4062
1865.2344
1865.2344
1850.5859
1850.5859
1743.1641
1743.1641
1538.0859
1538.0859
1269.5312
1269.5312
927.7344
927.7344
532.2266
532.2266
97.6562
97.6562
0.0000
0.0000
0.0000
0.0000
0.0000
0.0000
0.0000
0.0000
0.0000
0.0000
0.0000
0.0000
0.0000
0.0000
0.0000
0.0000
0.0000
0.0000
0.0000
0.0000
0.0000
0.0000
0.0000
0.0000
0.0000
0.0000
0.0000
0.0000
0.0000
0.0000
0.0000
0.0000
0.0000
0.0000
0.0000
0.0000
224.6094
224.6094
473.6328
473.6328
698.2422
698.2422
903.3203
903.3203
1098.6328
1098.6328
1293.9453
1293.9453
1479.4922
1479.4922
1650.3906
1650.3906
1796.8750
1796.8750
1899.4141
1899.4141
1953.1250
1953.1250
1962.8906
1962.8906
1933.5937
1933.5937
1840.8203
1840.8203
1650.3906
1650.3906
1367.1875
1367.1875
986.3281
986.3281
546.8750
546.8750
87.8906
87.8906
0.0000
0.0000
0.0000
0.0000
0.0000
0.0000
0.0000
0.0000
0.0000
0.0000
0.0000
0.0000
0.0000
0.0000
0.0000
0.0000
0.0000
0.0000
0.0000
0.0000
0.0000
0.0000
0.0000
0.0000
0.0000
0.0000
0.0000
0.0000
0.0000
0.0000
0.0000
0.0000
39.0625
39.0625
312.5000
312.5000
551.7578
551.7578
756.8359
756.8359
932.6172
932.6172
1098.6328
1098.6328
1254.8828
1254.8828
1420.8984
1420.8984
1577.1484
1577.1484
1718.7500
1718.7500
1835.9375
1835.9375
1899.4141
1899.4141
1918.9453
1918.9453
1889.6484
1889.6484
1791.9922
1791.9922
1601.5625
1601.5625
1333.0078
1333.0078
986.3281
571.2891
571.2891
112.3047
112.3047
0.0000
0.0000
0.0000
0.0000
0.0000
0.0000
0.0000
0.0000
0.0000
0.0000
0.0000
0.0000
0.0000
0.0000
0.0000
0.0000
0.0000
0.0000
0.0000
0.0000
0.0000
0.0000
0.0000
0.0000
0.0000
0.0000
0.0000
0.0000
0.0000
0.0000
0.0000
0.0000
0.0000
0.0000
117.1875
117.1875
356.4453
356.4453
576.1719
576.1719
776.3672
776.3672
776.3672
971.6797
971.6797
1162.1094
1162.1094
1347.6562
1347.6562
1533.2031
1689.4531
1689.4531
1806.6406
1806.6406
1884.7656
1884.7656
1914.0625
1914.0625
1923.8281
1923.8281
1884.7656
1884.7656
1752.9297
1752.9297
1513.6719
1513.6719
1176.7578
1176.7578
751.9531
751.9531
273.4375
273.4375
0.0000
0.0000
0.0000
0.0000
0.0000
0.0000
0.0000
0.0000
0.0000
0.0000
0.0000
0.0000
0.0000
0.0000
0.0000
0.0000
0.0000
0.0000
0.0000
0.0000
0.0000
0.0000
0.0000
0.0000
0.0000
0.0000
0.0000
0.0000
0.0000
0.0000
0.0000
0.0000
0.0000
0.0000
0.0000
0.0000
0.0000
0.0000
92.7734
92.7734
312.5000
312.5000
512.6953
512.6953
708.0078
708.0078
903.3203
903.3203
1093.7500
1093.7500
1269.5312
1269.5312
1420.8984
1420.8984
1542.9687
1542.9687
1621.0937
1621.0937
1674.8047
1674.8047
1699.2187
1699.2187
1665.0391
1665.0391
1538.0859
1538.0859
1318.3594
1318.3594
1010.7422
1010.7422
615.2344
615.2344
170.8984
170.8984
0.0000
0.0000
0.0000
0.0000
0.0000
0.0000
0.0000
0.0000
0.0000
0.0000
0.0000
0.0000
0.0000
0.0000
0.0000
0.0000
0.0000
0.0000
0.0000
0.0000
0.0000
0.0000
0.0000
0.0000
0.0000
0.0000
0.0000
0.0000
0.0000
0.0000
0.0000
0.0000
0.0000
0.0000
68.3594
68.3594
312.5000
312.5000
527.3437
527.3437
737.3047
737.3047
947.2656
947.2656
1162.1094
1162.1094
1372.0703
1372.0703
1567.3828
1567.3828
1738.2812
1738.2812
1865.2344
1865.2344
1943.3594
1943.3594
1977.5391
1977.5391
1997.0703
1997.0703
1992.1875
1992.1875
1918.9453
1918.9453
1738.2812
1738.2812
1435.5469
1435.5469
1030.2734
1030.2734
537.1094
537.1094
14.6484
14.6484
0.0000
0.0000
0.0000
0.0000
0.0000
0.0000
0.0000
0.0000
0.0000
0.0000
0.0000
0.0000
0.0000
0.0000
0.0000
0.0000
0.0000
0.0000
0.0000
0.0000
0.0000
0.0000
0.0000
0.0000
0.0000
0.0000
0.0000
0.0000
0.0000
0.0000
0.0000
0.0000
0.0000
0.0000
0.0000
0.0000
73.2422
73.2422
283.2031
283.2031
488.2812
488.2812
693.3594
693.3594
893.5547
893.5547
1083.9844
1083.9844
1250.0000
1250.0000
1391.6016
1391.6016
1499.0234
1499.0234
1591.7969
1591.7969
1660.1562
1660.1562
1728.5156
1728.5156
1782.2266
1782.2266
1767.5781
1767.5781
1635.7422
1635.7422
1376.9531
1376.9531
1000.9766
1000.9766
537.1094
537.1094
29.2969
29.2969
0.0000
0.0000
0.0000
0.0000
0.0000
0.0000
0.0000
0.0000
0.0000
0.0000
0.0000
0.0000
0.0000
0.0000
0.0000
0.0000
0.0000
0.0000
0.0000
0.0000
0.0000
0.0000
0.0000
0.0000
0.0000
0.0000
0.0000
0.0000
0.0000
0.0000
0.0000
0.0000
0.0000
0.0000
0.0000
0.0000
126.9531
126.9531
356.4453
356.4453
595.7031
595.7031
834.9609
834.9609
1069.3359
1069.3359
1289.0625
1289.0625
1474.6094
1474.6094
1621.0937
1621.0937
1728.5156
1728.5156
1811.5234
1811.5234
1875.0000
1875.0000
1938.4766
1938.4766
1987.3047
1987.3047
1972.6562
1972.6562
1826.1719
1826.1719
1542.9687
1542.9687
1127.9297
1127.9297
639.6484
639.6484
126.9531
126.9531
0.0000
0.0000
0.0000
0.0000
0.0000
0.0000
0.0000
0.0000
0.0000
0.0000
0.0000
0.0000
0.0000
0.0000
0.0000
0.0000
0.0000
0.0000
0.0000
0.0000
0.0000
0.0000
0.0000
0.0000
0.0000
0.0000
0.0000
0.0000
0.0000
0.0000
0.0000
0.0000
0.0000
0.0000
0.0000
0.0000
97.6562
97.6562
332.0312
332.0312
566.4062
566.4062
786.1328
786.1328
991.2109
991.2109
1162.1094
1162.1094
1303.7109
1303.7109
1416.0156
1416.0156
1518.5547
1518.5547
1616.2109
1616.2109
1713.8672
1713.8672
1801.7578
1801.7578
1845.7031
1845.7031
1777.3437
1777.3437
1577.1484
1577.1484
1254.8828
1254.8828
839.8437
839.8437
371.0937
371.0937
0.0000
0.0000
0.0000
0.0000
0.0000
0.0000
0.0000
0.0000
0.0000
0.0000
0.0000
0.0000
0.0000
0.0000
0.0000
0.0000
0.0000
0.0000
0.0000
0.0000
0.0000
0.0000
0.0000
0.0000
0.0000
0.0000
0.0000
0.0000
0.0000
0.0000
0.0000
0.0000
0.0000
0.0000
0.0000
0.0000
107.4219
107.4219
351.5625
351.5625
595.7031
595.7031
830.0781
830.0781
1064.4531
1064.4531
1274.4141
1274.4141
1450.1953
1450.1953
1591.7969
1591.7969
1704.1016
1704.1016
1791.9922
1791.9922
1860.3516
1860.3516
1938.4766
1938.4766
1997.0703
1997.0703
1992.1875
1992.1875
1855.4687
1855.4687
1591.7969
1591.7969
1206.0547
1206.0547
742.1875
742.1875
258.7891
258.7891
0.0000
0.0000
0.0000
0.0000
0.0000
0.0000
0.0000
0.0000
0.0000
0.0000
0.0000
0.0000
0.0000
0.0000
0.0000
0.0000
0.0000
0.0000
0.0000
0.0000
0.0000
0.0000
0.0000
0.0000
0.0000
0.0000
0.0000
0.0000
0.0000
0.0000
0.0000
0.0000
0.0000
0.0000
0.0000
0.0000
87.8906
87.8906
327.1484
327.1484
566.4062
566.4062
781.2500
781.2500
981.4453
981.4453
1142.5781
1142.5781
1279.2969
1279.2969
1391.6016
1391.6016
1494.1406
1494.1406
1591.7969
1591.7969
1689.4531
1689.4531
1787.1094
1787.1094
1845.7031
1845.7031
1811.5234
1811.5234
1630.8594
1630.8594
1323.2422
1323.2422
917.9687
917.9687
454.1016
454.1016
0.0000
0.0000
0.0000
0.0000
0.0000
0.0000
0.0000
0.0000
0.0000
0.0000
0.0000
0.0000
0.0000
0.0000
0.0000
0.0000
0.0000
0.0000
0.0000
0.0000
0.0000
0.0000
0.0000
0.0000
0.0000
0.0000
0.0000
0.0000
0.0000
0.0000
0.0000
0.0000
0.0000
0.0000
0.0000
0.0000
78.1250
78.1250
336.9141
336.9141
585.9375
585.9375
830.0781
830.0781
1049.8047
1049.8047
1250.0000
1250.0000
1411.1328
1411.1328
1547.8516
1547.8516
1669.9219
1669.9219
1772.4609
1772.4609
1865.2344
1865.2344
1943.3594
1943.3594
2006.8359
2006.8359
2001.9531
2001.9531
1879.8828
1879.8828
1616.2109
1616.2109
1235.3516
1235.3516
776.3672
776.3672
288.0859
288.0859
0.0000
0.0000
0.0000
0.0000
0.0000
0.0000
0.0000
0.0000
0.0000
0.0000
0.0000
0.0000
0.0000
0.0000
0.0000
0.0000
0.0000
0.0000
0.0000
0.0000
0.0000
0.0000
0.0000
0.0000
0.0000
0.0000
0.0000
0.0000
0.0000
0.0000
0.0000
0.0000
0.0000
0.0000
0.0000
0.0000
0.0000
0.0000
175.7812
175.7812
419.9219
419.9219
644.5312
644.5312
839.8437
839.8437
1005.8594
1005.8594
1142.5781
1142.5781
1274.4141
1274.4141
1391.6016
1391.6016
1513.6719
1513.6719
1625.9766
1625.9766
1723.6328
1723.6328
1787.1094
1787.1094
1752.9297
1752.9297
1591.7969
1591.7969
1308.5937
1308.5937
932.6172
932.6172
493.1641
493.1641
43.9453
43.9453
0.0000
0.0000
0.0000
0.0000
0.0000
0.0000
0.0000
0.0000
0.0000
0.0000
0.0000
0.0000
0.0000
0.0000
0.0000
0.0000
0.0000
0.0000
0.0000
0.0000
0.0000
0.0000
0.0000
0.0000
0.0000
0.0000
0.0000
0.0000
0.0000
0.0000
0.0000
0.0000
0.0000
0.0000
0.0000
0.0000
258.7891
258.7891
517.5781
517.5781
761.7187
761.7187
966.7969
966.7969
1147.4609
1147.4609
1303.7109
1303.7109
1450.1953
1450.1953
1586.9141
1586.9141
1708.9844
1708.9844
1821.2891
1821.2891
1914.0625
1914.0625
1987.3047
1987.3047
1977.5391
1977.5391
1845.7031
1845.7031
1582.0312
1582.0312
1215.8203
1215.8203
791.0156
791.0156
341.7969
341.7969
0.0000
0.0000
0.0000
0.0000
0.0000
0.0000
0.0000
0.0000
0.0000
0.0000
0.0000
0.0000
0.0000
0.0000
0.0000
0.0000
0.0000
0.0000
0.0000
0.0000
0.0000
0.0000
0.0000
0.0000
0.0000
0.0000
0.0000
0.0000
0.0000
0.0000
0.0000
0.0000
0.0000
0.0000
14.6484
14.6484
278.3203
278.3203
527.3437
527.3437
747.0703
747.0703
942.3828
942.3828
1103.5156
1103.5156
1250.0000
1250.0000
1376.9531
1376.9531
1499.0234
1499.0234
1621.0937
1621.0937
1723.6328
1723.6328
1801.7578
1801.7578
1811.5234
1811.5234
1718.7500
1718.7500
1503.9062
1503.9062
1201.1719
1201.1719
820.3125
820.3125
390.6250
390.6250
0.0000
0.0000
0.0000
0.0000
0.0000
0.0000
0.0000
0.0000
0.0000
0.0000
0.0000
0.0000
0.0000
0.0000
0.0000
0.0000
0.0000
0.0000
0.0000
0.0000
0.0000
0.0000
0.0000
0.0000
0.0000
0.0000
0.0000
0.0000
0.0000
0.0000
0.0000
0.0000
0.0000
0.0000
0.0000
0.0000
0.0000
0.0000
0.0000
0.0000
292.9687
292.9687
566.4062
566.4062
800.7812
800.7812
1000.9766
1000.9766
1171.8750
1171.8750
1328.1250
1328.1250
1469.7266
1469.7266
1616.2109
1616.2109
1743.1641
1840.8203
1840.8203
1899.4141
1899.4141
1899.4141
1889.6484
1767.5781
1767.5781
1767.5781
1513.6719
1513.6719
1152.3437
1152.3437
708.0078
708.0078
229.4922
0.0000
0.0000
0.0000
0.0000
0.0000
0.0000
0.0000
0.0000
0.0000
0.0000
0.0000
0.0000
0.0000
0.0000
0.0000
0.0000
0.0000
0.0000
0.0000
0.0000
0.0000
0.0000
0.0000
0.0000
0.0000
0.0000
0.0000
0.0000
0.0000
0.0000
0.0000
0.0000
0.0000
0.0000
0.0000
0.0000
0.0000
0.0000
4.8828
4.8828
268.5547
268.5547
493.1641
493.1641
693.3594
693.3594
869.1406
869.1406
1035.1562
1035.1562
1196.2891
1196.2891
1347.6562
1347.6562
1508.7891
1508.7891
1650.3906
1650.3906
1772.4609
1772.4609
1860.3516
1860.3516
1899.4141
1899.4141
1831.0547
1831.0547
1640.6250
1640.6250
1342.7734
1342.7734
976.5625
976.5625
561.5234
561.5234
122.0703
122.0703
0.0000
0.0000
0.0000
0.0000
0.0000
0.0000
0.0000
0.0000
0.0000
0.0000
0.0000
0.0000
0.0000
0.0000
0.0000
0.0000
0.0000
0.0000
0.0000
0.0000
0.0000
0.0000
0.0000
0.0000
0.0000
0.0000
0.0000
0.0000
0.0000
0.0000
0.0000
0.0000
0.0000
0.0000
83.0078
83.0078
371.0937
371.0937
644.5312
644.5312
869.1406
869.1406
1064.4531
1064.4531
1230.4687
1230.4687
1391.6016
1391.6016
1542.9687
1542.9687
1694.3359
1694.3359
1845.7031
1845.7031
1967.7734
1967.7734
2070.3125
2070.3125
2138.6719
2138.6719
2153.3203
2153.3203
2060.5469
2060.5469
1855.4687
1855.4687
1557.6172
1557.6172
1186.5234
1186.5234
761.7187
761.7187
317.3828
317.3828
0.0000
0.0000
0.0000
0.0000
0.0000
0.0000
0.0000
0.0000
0.0000
0.0000
0.0000
0.0000
0.0000
0.0000
0.0000
0.0000
0.0000
0.0000
0.0000
0.0000
0.0000
0.0000
0.0000
0.0000
0.0000
0.0000
0.0000
0.0000
0.0000
0.0000
0.0000
0.0000
102.5391
102.5391
371.0937
371.0937
610.3516
610.3516
810.5469
810.5469
976.5625
976.5625
1123.0469
1123.0469
1254.8828
1254.8828
1396.4844
1396.4844
1533.2031
1533.2031
1669.9219
1669.9219
1787.1094
1787.1094
1870.1172
1870.1172
1894.5312
1894.5312
1835.9375
1835.9375
1674.8047
1674.8047
1459.9609
1459.9609
1215.8203
1215.8203
927.7344
927.7344
576.1719
576.1719
161.1328
161.1328
0.0000
0.0000
0.0000
0.0000
0.0000
0.0000
0.0000
0.0000
0.0000
0.0000
0.0000
0.0000
0.0000
0.0000
0.0000
0.0000
0.0000
0.0000
0.0000
0.0000
0.0000
0.0000
0.0000
0.0000
0.0000
0.0000
0.0000
0.0000
0.0000
0.0000
0.0000
0.0000
0.0000
0.0000
151.3672
151.3672
429.6875
429.6875
678.7109
678.7109
893.5547
893.5547
1074.2187
1074.2187
1230.4687
1230.4687
1386.7187
1386.7187
1533.2031
1533.2031
1674.8047
1674.8047
1806.6406
1806.6406
1894.5312
1894.5312
1953.1250
1953.1250
1972.6562
1972.6562
1938.4766
1938.4766
1791.9922
1791.9922
1523.4375
1523.4375
1147.4609
1147.4609
698.2422
698.2422
209.9609
209.9609
0.0000
0.0000
0.0000
0.0000
0.0000
0.0000
0.0000
0.0000
0.0000
0.0000
0.0000
0.0000
0.0000
0.0000
0.0000
0.0000
0.0000
0.0000
0.0000
0.0000
0.0000
0.0000
0.0000
0.0000
0.0000
0.0000
0.0000
0.0000
0.0000
0.0000
0.0000
0.0000
0.0000
0.0000
0.0000
0.0000
87.8906
87.8906
332.0312
332.0312
546.8750
546.8750
722.6562
722.6562
888.6719
888.6719
1049.8047
1049.8047
1210.9375
1210.9375
1367.1875
1367.1875
1518.5547
1518.5547
1650.3906
1650.3906
1748.0469
1748.0469
1791.9922
1791.9922
1743.1641
1743.1641
1586.9141
1586.9141
1347.6562
1347.6562
1069.3359
1069.3359
737.3047
737.3047
351.5625
351.5625
0.0000
0.0000
0.0000
0.0000
0.0000
0.0000
0.0000
0.0000
0.0000
0.0000
0.0000
0.0000
0.0000
0.0000
0.0000
0.0000
0.0000
0.0000
0.0000
0.0000
0.0000
0.0000
0.0000
0.0000
0.0000
0.0000
0.0000
0.0000
0.0000
0.0000
0.0000
0.0000
0.0000
0.0000
0.0000
0.0000
249.0234
249.0234
507.8125
507.8125
737.3047
737.3047
942.3828
942.3828
1127.9297
1127.9297
1308.5937
1308.5937
1479.4922
1479.4922
1640.6250
1640.6250
1787.1094
1787.1094
1904.2969
1904.2969
1982.4219
1982.4219
2016.6016
2016.6016
2001.9531
2001.9531
1918.9453
1918.9453
1743.1641
1743.1641
1459.9609
1459.9609
1093.7500
1093.7500
654.2969
654.2969
166.0156
166.0156
0.0000
0.0000
0.0000
0.0000
0.0000
0.0000
0.0000
0.0000
0.0000
0.0000
0.0000
0.0000
0.0000
0.0000
0.0000
0.0000
0.0000
0.0000
0.0000
0.0000
0.0000
0.0000
0.0000
0.0000
0.0000
0.0000
0.0000
0.0000
0.0000
0.0000
0.0000
0.0000
0.0000
0.0000
0.0000
0.0000
58.5937
58.5937
292.9687
292.9687
493.1641
493.1641
673.8281
673.8281
839.8437
839.8437
1010.7422
1010.7422
1181.6406
1181.6406
1347.6562
1347.6562
1494.1406
1494.1406
1621.0937
1621.0937
1708.9844
1708.9844
1752.9297
1752.9297
1743.1641
1743.1641
1645.5078
1645.5078
1464.8437
1464.8437
1210.9375
1210.9375
883.7891
883.7891
483.3984
483.3984
29.2969
29.2969
0.0000
0.0000
0.0000
0.0000
0.0000
0.0000
0.0000
0.0000
0.0000
0.0000
0.0000
0.0000
0.0000
0.0000
0.0000
0.0000
0.0000
0.0000
0.0000
0.0000
0.0000
0.0000
0.0000
0.0000
0.0000
0.0000
0.0000
0.0000
0.0000
0.0000
0.0000
0.0000
0.0000
0.0000
0.0000
0.0000
161.1328
161.1328
395.5078
395.5078
629.8828
629.8828
849.6094
849.6094
1069.3359
1069.3359
1279.2969
1279.2969
1479.4922
1479.4922
1650.3906
1650.3906
1782.2266
1782.2266
1870.1172
1870.1172
1909.1797
1909.1797
1918.9453
1918.9453
1865.2344
1865.2344
1723.6328
1723.6328
1464.8437
1464.8437
1113.2812
1113.2812
683.5937
683.5937
195.3125
195.3125
0.0000
0.0000
0.0000
0.0000
0.0000
0.0000
0.0000
0.0000
0.0000
0.0000
0.0000
0.0000
0.0000
0.0000
0.0000
0.0000
0.0000
0.0000
0.0000
0.0000
0.0000
0.0000
0.0000
0.0000
0.0000
0.0000
0.0000
0.0000
0.0000
0.0000
0.0000
0.0000
0.0000
0.0000
0.0000
0.0000
146.4844
146.4844
380.8594
380.8594
585.9375
585.9375
786.1328
786.1328
971.6797
971.6797
1162.1094
1162.1094
1342.7734
1342.7734
1503.9062
1503.9062
