0.0000
0.0000
0.0000
0.0000
0.0000
0.0000
0.0000
0.0000
0.0000
0.0000
0.0000
0.0000
0.0000
0.0000
0.0000
0.0000
0.0000
0.0000
0.0000
0.0000
0.0000
0.0000
0.0000
0.0000
0.0000
0.0000
0.0000
0.0000
63.4766
63.4766
122.0703
122.0703
156.2500
156.2500
214.8437
214.8437
307.6172
307.6172
351.5625
351.5625
371.0937
371.0937
366.2109
366.2109
424.8047
424.8047
493.1641
493.1641
517.5781
517.5781
512.6953
512.6953
532.2266
532.2266
615.2344
615.2344
649.4141
649.4141
654.2969
654.2969
629.8828
629.8828
683.5937
683.5937
766.6016
766.6016
854.4922
854.4922
966.7969
966.7969
1113.2812
1113.2812
1279.2969
1279.2969
1313.4766
1313.4766
1201.1719
1201.1719
961.9141
961.9141
742.1875
742.1875
546.8750
546.8750
375.9766
375.9766
249.0234
249.0234
185.5469
185.5469
180.6641
180.6641
83.0078
83.0078
0.0000
0.0000
0.0000
0.0000
0.0000
0.0000
0.0000
0.0000
0.0000
0.0000
0.0000
0.0000
0.0000
0.0000
0.0000
0.0000
0.0000
0.0000
0.0000
0.0000
0.0000
0.0000
0.0000
0.0000
0.0000
0.0000
0.0000
0.0000
0.0000
0.0000
0.0000
0.0000
0.0000
0.0000
0.0000
0.0000
0.0000
0.0000
0.0000
0.0000
0.0000
0.0000
0.0000
0.0000
0.0000
0.0000
0.0000
0.0000
0.0000
0.0000
0.0000
0.0000
9.7656
9.7656
78.1250
78.1250
112.3047
112.3047
156.2500
156.2500
229.4922
229.4922
219.7266
219.7266
185.5469
185.5469
141.6016
141.6016
200.1953
200.1953
288.0859
288.0859
356.4453
356.4453
395.5078
395.5078
429.6875
429.6875
498.0469
498.0469
517.5781
517.5781
532.2266
532.2266
537.1094
537.1094
605.4687
605.4687
673.8281
673.8281
683.5937
683.5937
649.4141
649.4141
605.4687
605.4687
634.7656
634.7656
649.4141
649.4141
703.1250
703.1250
771.4844
771.4844
888.6719
888.6719
957.0312
957.0312
888.6719
888.6719
703.1250
703.1250
458.9844
458.9844
278.3203
278.3203
107.4219
107.4219
0.0000
0.0000
0.0000
0.0000
14.6484
14.6484
112.3047
112.3047
117.1875
117.1875
14.6484
14.6484
0.0000
0.0000
0.0000
0.0000
0.0000
0.0000
0.0000
0.0000
0.0000
0.0000
0.0000
0.0000
0.0000
0.0000
0.0000
0.0000
0.0000
0.0000
0.0000
0.0000
0.0000
0.0000
0.0000
0.0000
0.0000
0.0000
0.0000
0.0000
0.0000
0.0000
0.0000
0.0000
0.0000
0.0000
0.0000
0.0000
0.0000
0.0000
0.0000
0.0000
0.0000
0.0000
0.0000
0.0000
0.0000
0.0000
0.0000
0.0000
78.1250
78.1250
112.3047
112.3047
126.9531
126.9531
122.0703
122.0703
180.6641
180.6641
244.1406
244.1406
258.7891
258.7891
234.3750
234.3750
229.4922
229.4922
288.0859
288.0859
302.7344
302.7344
317.3828
317.3828
327.1484
327.1484
419.9219
419.9219
527.3437
527.3437
571.2891
571.2891
576.1719
576.1719
585.9375
585.9375
664.0625
664.0625
712.8906
712.8906
751.9531
751.9531
756.8359
756.8359
800.7812
800.7812
854.4922
854.4922
859.3750
859.3750
869.1406
869.1406
927.7344
927.7344
1083.9844
1083.9844
1201.1719
1201.1719
1225.5859
1225.5859
1108.3984
1108.3984
922.8516
922.8516
698.2422
698.2422
424.8047
424.8047
205.0781
205.0781
73.2422
73.2422
112.3047
112.3047
151.3672
151.3672
126.9531
126.9531
0.0000
0.0000
0.0000
0.0000
0.0000
0.0000
0.0000
0.0000
0.0000
0.0000
0.0000
0.0000
0.0000
0.0000
0.0000
0.0000
0.0000
0.0000
0.0000
0.0000
0.0000
0.0000
0.0000
0.0000
0.0000
0.0000
0.0000
0.0000
0.0000
0.0000
0.0000
0.0000
0.0000
0.0000
0.0000
0.0000
0.0000
0.0000
0.0000
0.0000
0.0000
0.0000
0.0000
0.0000
0.0000
0.0000
0.0000
0.0000
0.0000
0.0000
0.0000
0.0000
0.0000
0.0000
0.0000
0.0000
0.0000
0.0000
122.0703
122.0703
195.3125
195.3125
219.7266
219.7266
205.0781
205.0781
229.4922
229.4922
263.6719
263.6719
263.6719
263.6719
249.0234
249.0234
249.0234
249.0234
317.3828
317.3828
356.4453
356.4453
375.9766
375.9766
371.0937
371.0937
424.8047
424.8047
498.0469
498.0469
532.2266
532.2266
556.6406
556.6406
566.4062
566.4062
644.5312
644.5312
688.4766
688.4766
708.0078
708.0078
717.7734
717.7734
795.8984
795.8984
942.3828
942.3828
1005.8594
1005.8594
986.3281
986.3281
844.7266
844.7266
703.1250
703.1250
507.8125
507.8125
292.9687
292.9687
92.7734
92.7734
4.8828
4.8828
24.4141
24.4141
14.6484
14.6484
0.0000
0.0000
0.0000
0.0000
0.0000
0.0000
0.0000
0.0000
0.0000
0.0000
0.0000
0.0000
0.0000
0.0000
0.0000
0.0000
0.0000
0.0000
0.0000
0.0000
0.0000
0.0000
0.0000
0.0000
0.0000
0.0000
0.0000
0.0000
0.0000
0.0000
0.0000
0.0000
0.0000
0.0000
0.0000
0.0000
0.0000
0.0000
0.0000
0.0000
0.0000
0.0000
0.0000
0.0000
0.0000
0.0000
0.0000
0.0000
0.0000
0.0000
0.0000
0.0000
0.0000
0.0000
0.0000
0.0000
0.0000
0.0000
0.0000
0.0000
0.0000
0.0000
0.0000
0.0000
0.0000
0.0000
43.9453
43.9453
146.4844
146.4844
195.3125
195.3125
190.4297
190.4297
156.2500
156.2500
185.5469
185.5469
278.3203
278.3203
341.7969
341.7969
395.5078
395.5078
439.4531
439.4531
532.2266
532.2266
566.4062
566.4062
566.4062
566.4062
546.8750
546.8750
595.7031
595.7031
708.0078
708.0078
776.3672
825.1953
825.1953
859.3750
859.3750
976.5625
976.5625
1103.5156
1103.5156
1215.8203
1215.8203
1215.8203
1293.9453
1293.9453
1333.0078
1333.0078
1328.1250
1328.1250
1142.5781
849.6094
849.6094
527.3437
527.3437
322.2656
322.2656
195.3125
195.3125
87.8906
87.8906
87.8906
0.0000
0.0000
0.0000
0.0000
0.0000
0.0000
0.0000
0.0000
0.0000
0.0000
0.0000
0.0000
0.0000
0.0000
0.0000
0.0000
0.0000
0.0000
0.0000
0.0000
0.0000
0.0000
0.0000
0.0000
0.0000
0.0000
0.0000
0.0000
0.0000
0.0000
0.0000
0.0000
0.0000
0.0000
0.0000
0.0000
0.0000
0.0000
0.0000
0.0000
0.0000
0.0000
0.0000
0.0000
0.0000
0.0000
0.0000
0.0000
0.0000
0.0000
0.0000
0.0000
0.0000
0.0000
0.0000
0.0000
0.0000
29.2969
29.2969
97.6562
97.6562
141.6016
141.6016
161.1328
161.1328
214.8437
214.8437
297.8516
297.8516
322.2656
322.2656
327.1484
327.1484
317.3828
317.3828
375.9766
375.9766
405.2734
405.2734
410.1562
410.1562
390.6250
390.6250
405.2734
405.2734
468.7500
468.7500
493.1641
493.1641
488.2812
488.2812
463.8672
463.8672
522.4609
522.4609
561.5234
561.5234
576.1719
576.1719
571.2891
571.2891
610.3516
610.3516
717.7734
717.7734
805.6641
805.6641
903.3203
903.3203
996.0937
996.0937
1132.8125
1132.8125
1201.1719
1201.1719
1147.4609
1147.4609
966.7969
966.7969
742.1875
742.1875
541.9922
541.9922
307.6172
307.6172
122.0703
122.0703
0.0000
0.0000
0.0000
0.0000
0.0000
0.0000
0.0000
0.0000
0.0000
0.0000
0.0000
0.0000
0.0000
0.0000
0.0000
0.0000
0.0000
0.0000
0.0000
0.0000
0.0000
0.0000
0.0000
0.0000
0.0000
0.0000
0.0000
0.0000
0.0000
0.0000
0.0000
0.0000
0.0000
0.0000
0.0000
0.0000
0.0000
0.0000
0.0000
0.0000
0.0000
0.0000
0.0000
0.0000
0.0000
0.0000
0.0000
0.0000
0.0000
0.0000
0.0000
0.0000
0.0000
0.0000
0.0000
0.0000
0.0000
0.0000
0.0000
0.0000
0.0000
0.0000
0.0000
0.0000
0.0000
0.0000
43.9453
43.9453
136.7187
136.7187
195.3125
195.3125
195.3125
195.3125
224.6094
224.6094
278.3203
278.3203
288.0859
288.0859
302.7344
302.7344
322.2656
322.2656
415.0391
415.0391
478.5156
478.5156
488.2812
488.2812
468.7500
468.7500
478.5156
478.5156
537.1094
537.1094
541.9922
541.9922
517.5781
517.5781
493.1641
493.1641
571.2891
571.2891
668.9453
668.9453
781.2500
781.2500
883.7891
883.7891
986.3281
986.3281
1083.9844
1083.9844
1040.0391
1040.0391
883.7891
883.7891
673.8281
673.8281
546.8750
546.8750
468.7500
468.7500
405.2734
405.2734
346.6797
346.6797
312.5000
312.5000
317.3828
317.3828
224.6094
224.6094
48.8281
48.8281
0.0000
0.0000
0.0000
0.0000
0.0000
0.0000
0.0000
0.0000
0.0000
0.0000
0.0000
0.0000
0.0000
0.0000
0.0000
0.0000
0.0000
0.0000
0.0000
0.0000
0.0000
0.0000
0.0000
0.0000
0.0000
0.0000
0.0000
0.0000
0.0000
0.0000
0.0000
0.0000
0.0000
0.0000
0.0000
0.0000
0.0000
0.0000
0.0000
0.0000
0.0000
0.0000
0.0000
0.0000
0.0000
0.0000
0.0000
0.0000
34.1797
34.1797
122.0703
122.0703
175.7812
175.7812
180.6641
180.6641
219.7266
219.7266
297.8516
297.8516
336.9141
336.9141
366.2109
366.2109
400.3906
400.3906
502.9297
502.9297
566.4062
566.4062
566.4062
566.4062
512.6953
512.6953
507.8125
507.8125
571.2891
571.2891
600.5859
600.5859
634.7656
634.7656
639.6484
639.6484
693.3594
693.3594
703.1250
703.1250
649.4141
649.4141
576.1719
576.1719
546.8750
546.8750
605.4687
605.4687
634.7656
634.7656
654.2969
654.2969
693.3594
693.3594
830.0781
830.0781
976.5625
976.5625
1040.0391
1040.0391
1005.8594
1005.8594
883.7891
883.7891
742.1875
742.1875
517.5781
517.5781
288.0859
288.0859
97.6562
97.6562
58.5937
58.5937
107.4219
107.4219
122.0703
122.0703
83.0078
83.0078
0.0000
0.0000
0.0000
0.0000
0.0000
0.0000
0.0000
0.0000
0.0000
0.0000
0.0000
0.0000
0.0000
0.0000
0.0000
0.0000
0.0000
0.0000
0.0000
0.0000
0.0000
0.0000
0.0000
0.0000
0.0000
0.0000
0.0000
0.0000
0.0000
0.0000
0.0000
0.0000
0.0000
0.0000
0.0000
0.0000
0.0000
0.0000
0.0000
0.0000
0.0000
0.0000
0.0000
0.0000
0.0000
0.0000
0.0000
0.0000
0.0000
0.0000
0.0000
0.0000
0.0000
0.0000
0.0000
0.0000
4.8828
4.8828
63.4766
63.4766
92.7734
92.7734
92.7734
92.7734
117.1875
117.1875
200.1953
200.1953
219.7266
219.7266
234.3750
234.3750
234.3750
234.3750
307.6172
307.6172
390.6250
390.6250
439.4531
439.4531
463.8672
463.8672
502.9297
502.9297
605.4687
605.4687
673.8281
673.8281
727.5391
727.5391
751.9531
751.9531
825.1953
825.1953
888.6719
888.6719
898.4375
898.4375
878.9062
878.9062
903.3203
903.3203
1044.9219
1044.9219
1191.4062
1191.4062
1289.0625
1289.0625
1284.1797
1284.1797
1201.1719
1201.1719
991.2109
991.2109
644.5312
644.5312
268.5547
268.5547
0.0000
0.0000
0.0000
0.0000
0.0000
0.0000
0.0000
0.0000
0.0000
0.0000
0.0000
0.0000
0.0000
0.0000
0.0000
0.0000
0.0000
0.0000
0.0000
0.0000
0.0000
0.0000
0.0000
0.0000
0.0000
0.0000
0.0000
0.0000
0.0000
0.0000
0.0000
0.0000
0.0000
0.0000
0.0000
0.0000
0.0000
0.0000
0.0000
0.0000
0.0000
0.0000
0.0000
0.0000
0.0000
0.0000
0.0000
0.0000
0.0000
0.0000
0.0000
0.0000
0.0000
0.0000
0.0000
0.0000
0.0000
0.0000
0.0000
0.0000
0.0000
0.0000
0.0000
0.0000
19.5312
19.5312
131.8359
131.8359
180.6641
180.6641
180.6641
180.6641
156.2500
156.2500
209.9609
209.9609
273.4375
273.4375
302.7344
302.7344
302.7344
302.7344
317.3828
317.3828
385.7422
385.7422
390.6250
390.6250
380.8594
380.8594
366.2109
366.2109
439.4531
439.4531
532.2266
532.2266
581.0547
581.0547
595.7031
595.7031
610.3516
610.3516
678.7109
678.7109
688.4766
688.4766
698.2422
698.2422
722.6562
722.6562
849.6094
849.6094
1030.2734
1030.2734
1152.3437
1152.3437
1196.2891
1196.2891
1132.8125
1132.8125
1020.5078
1020.5078
771.4844
771.4844
444.3359
444.3359
136.7187
136.7187
0.0000
0.0000
0.0000
0.0000
34.1797
34.1797
78.1250
78.1250
53.7109
53.7109
9.7656
9.7656
0.0000
0.0000
0.0000
0.0000
0.0000
0.0000
0.0000
0.0000
0.0000
0.0000
0.0000
0.0000
0.0000
0.0000
0.0000
0.0000
0.0000
0.0000
0.0000
0.0000
0.0000
0.0000
0.0000
0.0000
0.0000
0.0000
0.0000
0.0000
0.0000
0.0000
0.0000
0.0000
0.0000
0.0000
0.0000
0.0000
0.0000
0.0000
0.0000
0.0000
0.0000
0.0000
0.0000
0.0000
0.0000
0.0000
0.0000
0.0000
0.0000
0.0000
0.0000
0.0000
0.0000
0.0000
0.0000
0.0000
43.9453
43.9453
53.7109
53.7109
73.2422
73.2422
151.3672
151.3672
170.8984
170.8984
180.6641
180.6641
161.1328
161.1328
224.6094
224.6094
297.8516
297.8516
332.0312
332.0312
332.0312
332.0312
351.5625
351.5625
449.2187
449.2187
502.9297
502.9297
551.7578
551.7578
590.8203
590.8203
698.2422
698.2422
810.5469
810.5469
864.2578
864.2578
869.1406
869.1406
888.6719
888.6719
1005.8594
1005.8594
1108.3984
1108.3984
1220.7031
1220.7031
1323.2422
1323.2422
1445.3125
1445.3125
1518.5547
1518.5547
1430.6641
1430.6641
1201.1719
1201.1719
908.2031
908.2031
693.3594
693.3594
488.2812
488.2812
317.3828
317.3828
180.6641
180.6641
97.6562
97.6562
14.6484
14.6484
0.0000
0.0000
0.0000
0.0000
0.0000
0.0000
0.0000
0.0000
0.0000
0.0000
0.0000
0.0000
0.0000
0.0000
0.0000
0.0000
0.0000
0.0000
0.0000
0.0000
0.0000
0.0000
0.0000
0.0000
0.0000
0.0000
0.0000
0.0000
0.0000
0.0000
0.0000
0.0000
0.0000
0.0000
0.0000
0.0000
0.0000
0.0000
0.0000
0.0000
0.0000
0.0000
0.0000
0.0000
0.0000
0.0000
0.0000
0.0000
0.0000
0.0000
0.0000
0.0000
58.5937
58.5937
136.7187
136.7187
180.6641
180.6641
190.4297
190.4297
268.5547
268.5547
351.5625
351.5625
380.8594
380.8594
385.7422
385.7422
390.6250
390.6250
458.9844
458.9844
483.3984
483.3984
488.2812
488.2812
463.8672
463.8672
498.0469
498.0469
551.7578
551.7578
561.5234
561.5234
546.8750
546.8750
517.5781
517.5781
556.6406
556.6406
571.2891
571.2891
571.2891
571.2891
541.9922
541.9922
571.2891
571.2891
634.7656
634.7656
678.7109
678.7109
751.9531
751.9531
859.3750
859.3750
1030.2734
1030.2734
1118.1641
1118.1641
1064.4531
1064.4531
854.4922
854.4922
600.5859
600.5859
366.2109
366.2109
126.9531
126.9531
0.0000
0.0000
0.0000
0.0000
0.0000
0.0000
43.9453
43.9453
0.0000
0.0000
0.0000
0.0000
0.0000
0.0000
0.0000
0.0000
0.0000
0.0000
0.0000
0.0000
0.0000
0.0000
0.0000
0.0000
0.0000
0.0000
0.0000
0.0000
0.0000
0.0000
0.0000
0.0000
0.0000
0.0000
0.0000
0.0000
0.0000
0.0000
0.0000
0.0000
0.0000
0.0000
0.0000
0.0000
0.0000
0.0000
0.0000
0.0000
0.0000
0.0000
0.0000
0.0000
0.0000
0.0000
0.0000
0.0000
0.0000
0.0000
0.0000
0.0000
0.0000
0.0000
0.0000
0.0000
0.0000
0.0000
0.0000
0.0000
48.8281
117.1875
117.1875
131.8359
131.8359
92.7734
92.7734
117.1875
117.1875
180.6641
180.6641
229.4922
229.4922
273.4375
273.4375
307.6172
307.6172
390.6250
390.6250
419.9219
419.9219
415.0391
415.0391
385.7422
385.7422
429.6875
429.6875
532.2266
532.2266
595.7031
595.7031
620.1172
620.1172
620.1172
620.1172
678.7109
678.7109
727.5391
727.5391
791.0156
791.0156
878.9062
878.9062
1025.3906
1025.3906
1166.9922
1166.9922
1166.9922
1166.9922
1044.9219
1044.9219
830.0781
830.0781
668.9453
668.9453
507.8125
507.8125
390.6250
390.6250
288.0859
288.0859
253.9062
253.9062
249.0234
249.0234
131.8359
131.8359
0.0000
0.0000
0.0000
0.0000
0.0000
0.0000
0.0000
0.0000
0.0000
0.0000
0.0000
0.0000
0.0000
0.0000
0.0000
0.0000
0.0000
0.0000
0.0000
0.0000
0.0000
0.0000
0.0000
0.0000
0.0000
0.0000
0.0000
0.0000
0.0000
0.0000
0.0000
0.0000
0.0000
0.0000
0.0000
0.0000
0.0000
0.0000
0.0000
0.0000
0.0000
0.0000
0.0000
0.0000
0.0000
0.0000
9.7656
9.7656
39.0625
39.0625
141.6016
141.6016
200.1953
200.1953
219.7266
219.7266
219.7266
219.7266
268.5547
268.5547
336.9141
336.9141
361.3281
361.3281
371.0937
371.0937
390.6250
390.6250
473.6328
473.6328
522.4609
522.4609
541.9922
541.9922
532.2266
532.2266
576.1719
576.1719
659.1797
659.1797
683.5937
683.5937
678.7109
678.7109
659.1797
659.1797
703.1250
703.1250
712.8906
712.8906
678.7109
678.7109
620.1172
620.1172
620.1172
620.1172
664.0625
664.0625
659.1797
659.1797
659.1797
659.1797
678.7109
678.7109
815.4297
815.4297
947.2656
947.2656
986.3281
986.3281
917.9687
917.9687
795.8984
795.8984
654.2969
654.2969
415.0391
415.0391
156.2500
156.2500
0.0000
0.0000
0.0000
0.0000
0.0000
0.0000
0.0000
0.0000
0.0000
0.0000
0.0000
0.0000
0.0000
0.0000
0.0000
0.0000
0.0000
0.0000
0.0000
0.0000
0.0000
0.0000
0.0000
0.0000
0.0000
0.0000
0.0000
0.0000
0.0000
0.0000
0.0000
0.0000
0.0000
0.0000
0.0000
0.0000
0.0000
0.0000
0.0000
0.0000
0.0000
0.0000
0.0000
0.0000
0.0000
0.0000
0.0000
0.0000
0.0000
0.0000
0.0000
0.0000
0.0000
0.0000
0.0000
0.0000
0.0000
0.0000
0.0000
0.0000
0.0000
0.0000
0.0000
0.0000
0.0000
0.0000
0.0000
0.0000
0.0000
0.0000
39.0625
39.0625
43.9453
43.9453
78.1250
78.1250
122.0703
122.0703
112.3047
112.3047
92.7734
92.7734
92.7734
92.7734
195.3125
195.3125
288.0859
288.0859
332.0312
332.0312
332.0312
332.0312
346.6797
346.6797
390.6250
390.6250
395.5078
395.5078
395.5078
395.5078
390.6250
390.6250
463.8672
463.8672
517.5781
517.5781
546.8750
546.8750
561.5234
561.5234
625.0000
625.0000
791.0156
791.0156
903.3203
903.3203
957.0312
957.0312
908.2031
908.2031
844.7266
844.7266
717.7734
717.7734
541.9922
541.9922
375.9766
375.9766
292.9687
292.9687
332.0312
332.0312
341.7969
341.7969
317.3828
317.3828
214.8437
214.8437
126.9531
126.9531
0.0000
0.0000
0.0000
0.0000
0.0000
0.0000
0.0000
0.0000
0.0000
0.0000
0.0000
0.0000
0.0000
0.0000
0.0000
0.0000
0.0000
0.0000
0.0000
0.0000
0.0000
0.0000
0.0000
0.0000
0.0000
0.0000
0.0000
0.0000
0.0000
0.0000
0.0000
0.0000
0.0000
0.0000
0.0000
0.0000
0.0000
0.0000
0.0000
0.0000
0.0000
0.0000
0.0000
0.0000
0.0000
0.0000
0.0000
0.0000
48.8281
48.8281
87.8906
87.8906
151.3672
151.3672
244.1406
244.1406
288.0859
288.0859
327.1484
327.1484
356.4453
356.4453
463.8672
463.8672
537.1094
537.1094
561.5234
561.5234
546.8750
546.8750
561.5234
561.5234
629.8828
629.8828
673.8281
673.8281
712.8906
712.8906
742.1875
742.1875
820.3125
820.3125
839.8437
839.8437
791.0156
791.0156
708.0078
708.0078
668.9453
668.9453
698.2422
698.2422
693.3594
693.3594
678.7109
678.7109
659.1797
659.1797
727.5391
727.5391
791.0156
791.0156
786.1328
786.1328
698.2422
698.2422
566.4062
566.4062
434.5703
434.5703
234.3750
234.3750
48.8281
48.8281
0.0000
0.0000
0.0000
0.0000
34.1797
34.1797
97.6562
97.6562
112.3047
112.3047
97.6562
97.6562
83.0078
83.0078
0.0000
0.0000
0.0000
0.0000
0.0000
0.0000
0.0000
0.0000
0.0000
0.0000
0.0000
0.0000
0.0000
0.0000
0.0000
0.0000
0.0000
0.0000
0.0000
0.0000
0.0000
0.0000
0.0000
0.0000
0.0000
0.0000
0.0000
0.0000
0.0000
0.0000
0.0000
0.0000
0.0000
0.0000
0.0000
0.0000
0.0000
0.0000
0.0000
0.0000
0.0000
0.0000
0.0000
0.0000
0.0000
0.0000
0.0000
0.0000
0.0000
0.0000
0.0000
0.0000
0.0000
0.0000
4.8828
4.8828
68.3594
68.3594
112.3047
112.3047
175.7812
175.7812
273.4375
273.4375
307.6172
307.6172
307.6172
307.6172
292.9687
292.9687
361.3281
361.3281
429.6875
429.6875
478.5156
478.5156
498.0469
498.0469
532.2266
532.2266
610.3516
610.3516
654.2969
654.2969
683.5937
683.5937
678.7109
678.7109
732.4219
732.4219
786.1328
786.1328
820.3125
820.3125
874.0234
874.0234
996.0937
996.0937
1201.1719
1201.1719
1328.1250
1328.1250
1337.8906
1337.8906
1191.4062
1191.4062
957.0312
957.0312
668.9453
668.9453
375.9766
375.9766
166.0156
166.0156
73.2422
73.2422
126.9531
126.9531
136.7187
136.7187
34.1797
34.1797
0.0000
0.0000
0.0000
0.0000
0.0000
0.0000
0.0000
0.0000
0.0000
0.0000
0.0000
0.0000
0.0000
0.0000
0.0000
0.0000
0.0000
0.0000
0.0000
0.0000
0.0000
0.0000
0.0000
0.0000
0.0000
0.0000
0.0000
0.0000
0.0000
0.0000
0.0000
0.0000
0.0000
0.0000
0.0000
0.0000
0.0000
0.0000
0.0000
0.0000
0.0000
0.0000
0.0000
0.0000
0.0000
0.0000
0.0000
0.0000
0.0000
0.0000
53.7109
53.7109
102.5391
102.5391
136.7187
136.7187
205.0781
205.0781
336.9141
336.9141
395.5078
395.5078
415.0391
415.0391
410.1562
410.1562
473.6328
473.6328
546.8750
546.8750
590.8203
590.8203
600.5859
600.5859
615.2344
615.2344
673.8281
673.8281
668.9453
668.9453
634.7656
634.7656
571.2891
571.2891
581.0547
581.0547
615.2344
615.2344
605.4687
605.4687
561.5234
561.5234
512.6953
512.6953
566.4062
566.4062
639.6484
639.6484
771.4844
771.4844
908.2031
908.2031
1059.5703
1059.5703
1166.9922
1166.9922
1108.3984
1108.3984
878.9062
878.9062
566.4062
566.4062
332.0312
332.0312
141.6016
141.6016
48.8281
48.8281
29.2969
29.2969
92.7734
92.7734
166.0156
166.0156
97.6562
97.6562
0.0000
0.0000
0.0000
0.0000
0.0000
0.0000
0.0000
0.0000
0.0000
0.0000
0.0000
0.0000
0.0000
0.0000
0.0000
0.0000
0.0000
0.0000
0.0000
0.0000
0.0000
0.0000
0.0000
0.0000
0.0000
0.0000
0.0000
0.0000
0.0000
0.0000
0.0000
0.0000
0.0000
0.0000
0.0000
0.0000
0.0000
0.0000
0.0000
0.0000
0.0000
0.0000
0.0000
0.0000
0.0000
0.0000
0.0000
0.0000
0.0000
0.0000
0.0000
0.0000
0.0000
0.0000
0.0000
0.0000
0.0000
0.0000
0.0000
0.0000
0.0000
0.0000
0.0000
0.0000
0.0000
0.0000
0.0000
0.0000
0.0000
0.0000
0.0000
0.0000
19.5312
19.5312
29.2969
29.2969
92.7734
92.7734
175.7812
175.7812
224.6094
224.6094
253.9062
253.9062
283.2031
283.2031
380.8594
380.8594
429.6875
429.6875
449.2187
449.2187
454.1016
454.1016
532.2266
532.2266
664.0625
664.0625
791.0156
791.0156
908.2031
908.2031
976.5625
976.5625
1035.1562
1035.1562
986.3281
986.3281
849.6094
849.6094
673.8281
673.8281
571.2891
571.2891
532.2266
532.2266
478.5156
478.5156
419.9219
419.9219
356.4453
356.4453
361.3281
361.3281
322.2656
322.2656
229.4922
229.4922
63.4766
63.4766
0.0000
0.0000
0.0000
0.0000
0.0000
0.0000
0.0000
0.0000
0.0000
0.0000
0.0000
0.0000
0.0000
0.0000
0.0000
0.0000
0.0000
0.0000
0.0000
0.0000
0.0000
0.0000
0.0000
0.0000
0.0000
0.0000
0.0000
0.0000
0.0000
0.0000
0.0000
0.0000
0.0000
0.0000
0.0000
0.0000
0.0000
0.0000
0.0000
0.0000
0.0000
0.0000
0.0000
0.0000
43.9453
43.9453
156.2500
156.2500
244.1406
244.1406
288.0859
288.0859
302.7344
302.7344
336.9141
336.9141
458.9844
458.9844
532.2266
532.2266
576.1719
576.1719
581.0547
581.0547
639.6484
639.6484
693.3594
703.1250
703.1250
698.2422
698.2422
698.2422
717.7734
717.7734
805.6641
805.6641
834.9609
834.9609
830.0781
830.0781
781.2500
781.2500
776.3672
776.3672
795.8984
795.8984
786.1328
766.6016
766.6016
737.3047
737.3047
776.3672
776.3672
771.4844
771.4844
771.4844
742.1875
742.1875
717.7734
717.7734
781.2500
781.2500
917.9687
917.9687
1020.5078
1059.5703
1059.5703
996.0937
996.0937
903.3203
903.3203
722.6562
722.6562
502.9297
502.9297
502.9297
268.5547
268.5547
117.1875
73.2422
73.2422
29.2969
29.2969
14.6484
14.6484
0.0000
0.0000
34.1797
34.1797
34.1797
34.1797
0.0000
0.0000
0.0000
0.0000
0.0000
0.0000
0.0000
0.0000
0.0000
0.0000
0.0000
0.0000
0.0000
0.0000
0.0000
0.0000
0.0000
0.0000
0.0000
0.0000
0.0000
0.0000
0.0000
0.0000
0.0000
0.0000
0.0000
0.0000
0.0000
0.0000
0.0000
0.0000
0.0000
0.0000
0.0000
0.0000
0.0000
0.0000
0.0000
0.0000
0.0000
0.0000
0.0000
0.0000
0.0000
0.0000
0.0000
0.0000
0.0000
0.0000
0.0000
0.0000
0.0000
0.0000
0.0000
0.0000
0.0000
0.0000
0.0000
0.0000
58.5937
58.5937
73.2422
73.2422
63.4766
63.4766
19.5312
19.5312
19.5312
19.5312
73.2422
73.2422
92.7734
92.7734
107.4219
107.4219
112.3047
112.3047
195.3125
195.3125
239.2578
239.2578
258.7891
258.7891
249.0234
249.0234
288.0859
288.0859
385.7422
385.7422
429.6875
429.6875
444.3359
444.3359
439.4531
439.4531
517.5781
517.5781
595.7031
595.7031
683.5937
683.5937
776.3672
776.3672
883.7891
883.7891
981.4453
981.4453
922.8516
922.8516
742.1875
742.1875
483.3984
483.3984
307.6172
307.6172
175.7812
175.7812
83.0078
83.0078
24.4141
24.4141
4.8828
4.8828
0.0000
0.0000
0.0000
0.0000
0.0000
0.0000
0.0000
0.0000
0.0000
0.0000
0.0000
0.0000
0.0000
0.0000
0.0000
0.0000
0.0000
0.0000
0.0000
0.0000
0.0000
0.0000
0.0000
0.0000
0.0000
0.0000
0.0000
0.0000
0.0000
0.0000
0.0000
0.0000
0.0000
0.0000
0.0000
0.0000
0.0000
0.0000
0.0000
0.0000
0.0000
0.0000
0.0000
0.0000
0.0000
0.0000
0.0000
0.0000
0.0000
0.0000
9.7656
9.7656
63.4766
63.4766
195.3125
195.3125
288.0859
288.0859
336.9141
336.9141
327.1484
327.1484
341.7969
341.7969
375.9766
375.9766
375.9766
375.9766
361.3281
361.3281
366.2109
366.2109
444.3359
444.3359
473.6328
473.6328
473.6328
473.6328
439.4531
439.4531
458.9844
458.9844
527.3437
527.3437
546.8750
546.8750
561.5234
561.5234
556.6406
556.6406
615.2344
615.2344
639.6484
639.6484
625.0000
625.0000
576.1719
576.1719
561.5234
561.5234
629.8828
629.8828
703.1250
703.1250
800.7812
800.7812
869.1406
869.1406
957.0312
957.0312
952.1484
952.1484
830.0781
830.0781
644.5312
644.5312
468.7500
468.7500
366.2109
366.2109
253.9062
253.9062
156.2500
156.2500
63.4766
63.4766
63.4766
63.4766
63.4766
63.4766
0.0000
0.0000
0.0000
0.0000
0.0000
0.0000
0.0000
0.0000
0.0000
0.0000
0.0000
0.0000
0.0000
0.0000
0.0000
0.0000
0.0000
0.0000
0.0000
0.0000
0.0000
0.0000
0.0000
0.0000
0.0000
0.0000
0.0000
0.0000
0.0000
0.0000
0.0000
0.0000
0.0000
0.0000
0.0000
0.0000
0.0000
0.0000
0.0000
0.0000
0.0000
0.0000
0.0000
0.0000
0.0000
0.0000
0.0000
0.0000
0.0000
0.0000
0.0000
0.0000
0.0000
0.0000
0.0000
0.0000
0.0000
0.0000
0.0000
0.0000
39.0625
39.0625
92.7734
92.7734
107.4219
107.4219
87.8906
87.8906
92.7734
92.7734
146.4844
146.4844
151.3672
151.3672
146.4844
146.4844
141.6016
141.6016
234.3750
234.3750
307.6172
307.6172
351.5625
351.5625
351.5625
351.5625
385.7422
385.7422
483.3984
483.3984
541.9922
541.9922
590.8203
590.8203
620.1172
620.1172
722.6562
722.6562
859.3750
859.3750
966.7969
966.7969
1079.1016
1079.1016
1176.7578
1176.7578
1254.8828
1254.8828
1176.7578
1176.7578
981.4453
981.4453
703.1250
703.1250
493.1641
493.1641
336.9141
336.9141
214.8437
214.8437
131.8359
131.8359
73.2422
73.2422
43.9453
43.9453
0.0000
0.0000
0.0000
0.0000
0.0000
0.0000
0.0000
0.0000
0.0000
0.0000
0.0000
0.0000
0.0000
0.0000
0.0000
0.0000
0.0000
0.0000
0.0000
0.0000
0.0000
0.0000
0.0000
0.0000
0.0000
0.0000
0.0000
0.0000
0.0000
0.0000
0.0000
0.0000
0.0000
0.0000
0.0000
0.0000
0.0000
0.0000
0.0000
0.0000
0.0000
0.0000
0.0000
0.0000
0.0000
0.0000
24.4141
24.4141
63.4766
63.4766
53.7109
53.7109
112.3047
112.3047
151.3672
151.3672
180.6641
180.6641
209.9609
209.9609
288.0859
288.0859
400.3906
400.3906
424.8047
424.8047
415.0391
415.0391
385.7422
385.7422
434.5703
434.5703
488.2812
488.2812
527.3437
527.3437
537.1094
537.1094
566.4062
566.4062
634.7656
634.7656
639.6484
639.6484
620.1172
620.1172
590.8203
590.8203
620.1172
620.1172
634.7656
634.7656
615.2344
615.2344
571.2891
571.2891
551.7578
551.7578
644.5312
644.5312
751.9531
751.9531
898.4375
898.4375
1030.2734
1030.2734
1157.2266
1157.2266
1196.2891
1196.2891
1059.5703
1059.5703
810.5469
810.5469
522.4609
522.4609
327.1484
327.1484
156.2500
156.2500
43.9453
43.9453
0.0000
0.0000
0.0000
0.0000
0.0000
0.0000
0.0000
0.0000
0.0000
0.0000
0.0000
0.0000
0.0000
0.0000
0.0000
0.0000
0.0000
0.0000
0.0000
0.0000
0.0000
0.0000
0.0000
0.0000
0.0000
0.0000
0.0000
0.0000
0.0000
0.0000
0.0000
0.0000
0.0000
0.0000
0.0000
0.0000
0.0000
0.0000
0.0000
0.0000
0.0000
0.0000
0.0000
0.0000
0.0000
0.0000
0.0000
0.0000
0.0000
0.0000
0.0000
0.0000
0.0000
0.0000
0.0000
0.0000
0.0000
0.0000
0.0000
0.0000
0.0000
0.0000
0.0000
0.0000
0.0000
0.0000
0.0000
0.0000
0.0000
0.0000
24.4141
24.4141
39.0625
39.0625
73.2422
73.2422
161.1328
161.1328
195.3125
195.3125
214.8437
214.8437
229.4922
229.4922
327.1484
327.1484
434.5703
434.5703
483.3984
483.3984
488.2812
488.2812
493.1641
493.1641
546.8750
546.8750
561.5234
561.5234
571.2891
571.2891
571.2891
571.2891
639.6484
639.6484
712.8906
712.8906
737.3047
737.3047
766.6016
766.6016
834.9609
834.9609
1005.8594
1005.8594
1152.3437
1152.3437
1230.4687
1230.4687
1201.1719
1201.1719
1108.3984
1108.3984
927.7344
927.7344
649.4141
649.4141
380.8594
380.8594
195.3125
195.3125
170.8984
170.8984
151.3672
151.3672
83.0078
83.0078
0.0000
0.0000
0.0000
0.0000
0.0000
0.0000
0.0000
0.0000
0.0000
0.0000
0.0000
0.0000
0.0000
0.0000
0.0000
0.0000
0.0000
0.0000
0.0000
0.0000
0.0000
0.0000
0.0000
0.0000
0.0000
0.0000
0.0000
0.0000
0.0000
0.0000
0.0000
0.0000
0.0000
0.0000
0.0000
0.0000
0.0000
0.0000
0.0000
0.0000
0.0000
0.0000
0.0000
0.0000
0.0000
0.0000
0.0000
0.0000
73.2422
73.2422
141.6016
141.6016
136.7187
136.7187
107.4219
107.4219
112.3047
112.3047
190.4297
190.4297
234.3750
234.3750
258.7891
258.7891
244.1406
244.1406
288.0859
288.0859
336.9141
336.9141
361.3281
361.3281
361.3281
361.3281
390.6250
390.6250
488.2812
488.2812
537.1094
537.1094
551.7578
551.7578
541.9922
541.9922
590.8203
590.8203
654.2969
654.2969
664.0625
664.0625
634.7656
634.7656
595.7031
595.7031
625.0000
625.0000
615.2344
615.2344
595.7031
595.7031
571.2891
571.2891
644.5312
644.5312
791.0156
791.0156
908.2031
908.2031
981.4453
981.4453
981.4453
981.4453
966.7969
966.7969
849.6094
849.6094
664.0625
664.0625
439.4531
439.4531
283.2031
283.2031
209.9609
209.9609
126.9531
126.9531
78.1250
78.1250
39.0625
39.0625
78.1250
78.1250
53.7109
53.7109
0.0000
0.0000
0.0000
0.0000
0.0000
0.0000
0.0000
0.0000
0.0000
0.0000
0.0000
0.0000
0.0000
0.0000
0.0000
0.0000
0.0000
0.0000
0.0000
0.0000
0.0000
0.0000
0.0000
0.0000
0.0000
0.0000
0.0000
0.0000
0.0000
0.0000
0.0000
0.0000
0.0000
0.0000
0.0000
0.0000
0.0000
0.0000
0.0000
0.0000
0.0000
0.0000
0.0000
0.0000
0.0000
0.0000
0.0000
0.0000
0.0000
0.0000
0.0000
0.0000
0.0000
0.0000
0.0000
0.0000
0.0000
0.0000
0.0000
0.0000
0.0000
0.0000
39.0625
39.0625
29.2969
29.2969
0.0000
0.0000
19.5312
19.5312
87.8906
87.8906
131.8359
131.8359
180.6641
180.6641
234.3750
234.3750
341.7969
341.7969
380.8594
380.8594
385.7422
385.7422
371.0937
371.0937
419.9219
419.9219
498.0469
498.0469
532.2266
532.2266
537.1094
537.1094
527.3437
527.3437
595.7031
595.7031
625.0000
625.0000
664.0625
727.5391
727.5391
727.5391
874.0234
874.0234
1059.5703
1059.5703
1137.6953
1137.6953
1093.7500
1093.7500
942.3828
942.3828
805.6641
805.6641
639.6484
639.6484
493.1641
493.1641
390.6250
371.0937
371.0937
390.6250
390.6250
390.6250
312.5000
312.5000
141.6016
141.6016
0.0000
0.0000
0.0000
0.0000
0.0000
0.0000
0.0000
0.0000
0.0000
0.0000
0.0000
0.0000
0.0000
0.0000
0.0000
0.0000
0.0000
0.0000
0.0000
0.0000
0.0000
0.0000
0.0000
0.0000
0.0000
0.0000
0.0000
0.0000
0.0000
0.0000
0.0000
0.0000
0.0000
0.0000
0.0000
0.0000
0.0000
0.0000
0.0000
0.0000
0.0000
0.0000
0.0000
0.0000
0.0000
0.0000
0.0000
117.1875
117.1875
200.1953
200.1953
249.0234
249.0234
263.6719
263.6719
332.0312
332.0312
410.1562
410.1562
429.6875
429.6875
424.8047
424.8047
434.5703
434.5703
502.9297
502.9297
507.8125
507.8125
488.2812
488.2812
454.1016
454.1016
498.0469
498.0469
581.0547
581.0547
620.1172
620.1172
639.6484
639.6484
644.5312
644.5312
717.7734
717.7734
732.4219
732.4219
717.7734
717.7734
668.9453
668.9453
678.7109
678.7109
722.6562
722.6562
732.4219
732.4219
761.7187
761.7187
825.1953
825.1953
966.7969
966.7969
1054.6875
1054.6875
1030.2734
1030.2734
864.2578
864.2578
629.8828
629.8828
375.9766
375.9766
102.5391
102.5391
0.0000
0.0000
0.0000
0.0000
0.0000
0.0000
0.0000
0.0000
14.6484
14.6484
0.0000
0.0000
0.0000
0.0000
0.0000
0.0000
0.0000
0.0000
0.0000
0.0000
0.0000
0.0000
0.0000
0.0000
0.0000
0.0000
0.0000
0.0000
0.0000
0.0000
0.0000
0.0000
0.0000
0.0000
0.0000
0.0000
0.0000
0.0000
0.0000
0.0000
0.0000
0.0000
0.0000
0.0000
0.0000
0.0000
0.0000
0.0000
0.0000
0.0000
0.0000
0.0000
0.0000
0.0000
0.0000
0.0000
0.0000
0.0000
0.0000
0.0000
0.0000
0.0000
0.0000
0.0000
0.0000
0.0000
0.0000
0.0000
0.0000
0.0000
14.6484
14.6484
83.0078
83.0078
97.6562
97.6562
131.8359
131.8359
180.6641
180.6641
170.8984
170.8984
156.2500
156.2500
161.1328
161.1328
258.7891
258.7891
327.1484
327.1484
366.2109
366.2109
366.2109
366.2109
424.8047
424.8047
522.4609
522.4609
585.9375
585.9375
639.6484
639.6484
668.9453
668.9453
756.8359
756.8359
839.8437
839.8437
922.8516
922.8516
1020.5078
1020.5078
1166.9922
1166.9922
1323.2422
1323.2422
1337.8906
1337.8906
1225.5859
1225.5859
1010.7422
1010.7422
825.1953
825.1953
629.8828
629.8828
458.9844
458.9844
346.6797
346.6797
327.1484
327.1484
366.2109
366.2109
297.8516
297.8516
107.4219
107.4219
0.0000
0.0000
0.0000
0.0000
0.0000
0.0000
0.0000
0.0000
0.0000
0.0000
0.0000
0.0000
0.0000
0.0000
0.0000
0.0000
0.0000
0.0000
0.0000
0.0000
0.0000
0.0000
0.0000
0.0000
0.0000
0.0000
0.0000
0.0000
0.0000
0.0000
0.0000
0.0000
0.0000
0.0000
0.0000
0.0000
0.0000
0.0000
0.0000
0.0000
0.0000
0.0000
0.0000
0.0000
0.0000
0.0000
0.0000
0.0000
117.1875
117.1875
229.4922
229.4922
297.8516
297.8516
317.3828
317.3828
380.8594
380.8594
458.9844
458.9844
493.1641
493.1641
522.4609
522.4609
551.7578
551.7578
659.1797
659.1797
708.0078
708.0078
708.0078
708.0078
654.2969
654.2969
634.7656
634.7656
664.0625
664.0625
659.1797
659.1797
644.5312
644.5312
625.0000
625.0000
664.0625
664.0625
668.9453
668.9453
639.6484
639.6484
571.2891
571.2891
556.6406
556.6406
634.7656
634.7656
722.6562
722.6562
859.3750
859.3750
991.2109
991.2109
1132.8125
1132.8125
1176.7578
1176.7578
1069.3359
1069.3359
854.4922
854.4922
629.8828
629.8828
458.9844
458.9844
273.4375
273.4375
122.0703
122.0703
0.0000
0.0000
0.0000
0.0000
0.0000
0.0000
0.0000
0.0000
0.0000
0.0000
0.0000
0.0000
0.0000
0.0000
0.0000
0.0000
0.0000
0.0000
0.0000
0.0000
0.0000
0.0000
0.0000
0.0000
0.0000
0.0000
0.0000
0.0000
0.0000
0.0000
0.0000
0.0000
0.0000
0.0000
0.0000
0.0000
0.0000
0.0000
0.0000
0.0000
0.0000
0.0000
0.0000
0.0000
0.0000
0.0000
0.0000
0.0000
0.0000
0.0000
0.0000
0.0000
0.0000
0.0000
0.0000
0.0000
0.0000
0.0000
0.0000
0.0000
0.0000
0.0000
0.0000
0.0000
0.0000
0.0000
0.0000
0.0000
0.0000
0.0000
0.0000
0.0000
0.0000
0.0000
0.0000
0.0000
39.0625
39.0625
68.3594
68.3594
87.8906
87.8906
92.7734
92.7734
190.4297
190.4297
273.4375
273.4375
317.3828
317.3828
322.2656
322.2656
346.6797
346.6797
424.8047
424.8047
458.9844
458.9844
478.5156
478.5156
478.5156
478.5156
551.7578
551.7578
644.5312
644.5312
732.4219
732.4219
815.4297
815.4297
913.0859
913.0859
1020.5078
1020.5078
1000.9766
1000.9766
864.2578
864.2578
644.5312
644.5312
478.5156
478.5156
336.9141
336.9141
224.6094
224.6094
146.4844
146.4844
117.1875
117.1875
131.8359
131.8359
48.8281
48.8281
0.0000
0.0000
0.0000
0.0000
0.0000
0.0000
0.0000
0.0000
0.0000
0.0000
0.0000
0.0000
0.0000
0.0000
0.0000
0.0000
0.0000
0.0000
0.0000
0.0000
0.0000
0.0000
0.0000
0.0000
0.0000
0.0000
0.0000
0.0000
0.0000
0.0000
0.0000
0.0000
0.0000
0.0000
0.0000
0.0000
0.0000
0.0000
0.0000
0.0000
0.0000
0.0000
0.0000
0.0000
0.0000
0.0000
0.0000
0.0000
0.0000
0.0000
83.0078
83.0078
151.3672
151.3672
214.8437
214.8437
253.9062
253.9062
317.3828
317.3828
400.3906
400.3906
405.2734
405.2734
385.7422
385.7422
356.4453
356.4453
415.0391
415.0391
488.2812
488.2812
546.8750
546.8750
585.9375
585.9375
644.5312
644.5312
732.4219
732.4219
761.7187
761.7187
766.6016
766.6016
751.9531
751.9531
815.4297
815.4297
859.3750
859.3750
854.4922
854.4922
791.0156
791.0156
737.3047
737.3047
732.4219
732.4219
703.1250
703.1250
717.7734
717.7734
766.6016
766.6016
903.3203
903.3203
1020.5078
1020.5078
1020.5078
1020.5078
878.9062
878.9062
678.7109
678.7109
507.8125
507.8125
297.8516
297.8516
126.9531
126.9531
0.0000
0.0000
0.0000
0.0000
58.5937
58.5937
87.8906
87.8906
63.4766
63.4766
0.0000
0.0000
0.0000
0.0000
0.0000
0.0000
0.0000
0.0000
0.0000
0.0000
0.0000
0.0000
0.0000
0.0000
0.0000
0.0000
0.0000
0.0000
0.0000
0.0000
0.0000
0.0000
0.0000
0.0000
0.0000
0.0000
0.0000
0.0000
0.0000
0.0000
0.0000
0.0000
0.0000
0.0000
0.0000
0.0000
0.0000
0.0000
0.0000
0.0000
0.0000
0.0000
0.0000
0.0000
0.0000
0.0000
0.0000
0.0000
0.0000
0.0000
0.0000
0.0000
0.0000
0.0000
0.0000
0.0000
0.0000
0.0000
34.1797
34.1797
68.3594
68.3594
73.2422
73.2422
87.8906
87.8906
161.1328
161.1328
175.7812
175.7812
175.7812
175.7812
166.0156
166.0156
244.1406
244.1406
332.0312
332.0312
390.6250
390.6250
419.9219
419.9219
458.9844
458.9844
551.7578
551.7578
590.8203
590.8203
605.4687
605.4687
590.8203
590.8203
639.6484
639.6484
698.2422
698.2422
742.1875
742.1875
800.7812
800.7812
908.2031
908.2031
1074.2187
1074.2187
1132.8125
1132.8125
1069.3359
1069.3359
878.9062
878.9062
688.4766
688.4766
512.6953
512.6953
346.6797
346.6797
239.2578
239.2578
200.1953
200.1953
263.6719
263.6719
273.4375
273.4375
185.5469
185.5469
0.0000
0.0000
0.0000
0.0000
0.0000
0.0000
0.0000
0.0000
0.0000
0.0000
0.0000
0.0000
0.0000
0.0000
0.0000
0.0000
0.0000
0.0000
0.0000
0.0000
0.0000
0.0000
0.0000
0.0000
0.0000
0.0000
0.0000
0.0000
0.0000
0.0000
0.0000
0.0000
0.0000
0.0000
0.0000
0.0000
0.0000
0.0000
0.0000
0.0000
0.0000
0.0000
0.0000
0.0000
0.0000
0.0000
0.0000
0.0000
0.0000
0.0000
0.0000
0.0000
0.0000
0.0000
0.0000
0.0000
19.5312
19.5312
151.3672
151.3672
244.1406
244.1406
312.5000
312.5000
341.7969
341.7969
405.2734
405.2734
463.8672
463.8672
478.5156
478.5156
463.8672
463.8672
468.7500
468.7500
546.8750
546.8750
581.0547
581.0547
595.7031
595.7031
576.1719
576.1719
610.3516
610.3516
664.0625
664.0625
673.8281
673.8281
654.2969
654.2969
634.7656
634.7656
717.7734
717.7734
815.4297
815.4297
937.5000
937.5000
1025.3906
1025.3906
1093.7500
1093.7500
1074.2187
1074.2187
883.7891
883.7891
566.4062
566.4062
253.9062
253.9062
112.3047
112.3047
58.5937
58.5937
107.4219
107.4219
170.8984
170.8984
239.2578
239.2578
263.6719
263.6719
122.0703
122.0703
0.0000
0.0000
0.0000
0.0000
0.0000
0.0000
0.0000
0.0000
0.0000
0.0000
0.0000
0.0000
0.0000
0.0000
0.0000
0.0000
0.0000
0.0000
0.0000
0.0000
0.0000
0.0000
0.0000
0.0000
0.0000
0.0000
0.0000
0.0000
0.0000
0.0000
0.0000
0.0000
0.0000
0.0000
0.0000
0.0000
0.0000
0.0000
0.0000
0.0000
0.0000
0.0000
0.0000
0.0000
0.0000
0.0000
0.0000
0.0000
0.0000
0.0000
43.9453
43.9453
122.0703
122.0703
175.7812
175.7812
195.3125
195.3125
258.7891
258.7891
332.0312
366.2109
366.2109
366.2109
385.7422
385.7422
410.1562
410.1562
507.8125
507.8125
561.5234
561.5234
576.1719
537.1094
537.1094
546.8750
546.8750
600.5859
600.5859
615.2344
615.2344
629.8828
629.8828
625.0000
625.0000
683.5937
683.5937
703.1250
703.1250
683.5937
683.5937
639.6484
639.6484
678.7109
678.7109
815.4297
815.4297
957.0312
957.0312
1093.7500
1093.7500
1162.1094
1162.1094
1201.1719
1201.1719
1123.0469
1123.0469
898.4375
898.4375
600.5859
600.5859
366.2109
366.2109
239.2578
239.2578
131.8359
131.8359
48.8281
48.8281
0.0000
0.0000
0.0000
0.0000
0.0000
0.0000
0.0000
0.0000
0.0000
0.0000
0.0000
0.0000
0.0000
0.0000
0.0000
0.0000
0.0000
0.0000
0.0000
0.0000
0.0000
0.0000
0.0000
0.0000
0.0000
0.0000
0.0000
0.0000
0.0000
0.0000
0.0000
0.0000
0.0000
0.0000
0.0000
0.0000
0.0000
0.0000
0.0000
0.0000
0.0000
0.0000
0.0000
0.0000
0.0000
0.0000
0.0000
0.0000
0.0000
0.0000
0.0000
0.0000
0.0000
0.0000
0.0000
0.0000
0.0000
0.0000
0.0000
0.0000
0.0000
0.0000
0.0000
0.0000
0.0000
0.0000
83.0078
83.0078
161.1328
161.1328
200.1953
200.1953
195.3125
195.3125
229.4922
229.4922
302.7344
302.7344
336.9141
336.9141
366.2109
366.2109
400.3906
400.3906
502.9297
502.9297
561.5234
561.5234
556.6406
556.6406
507.8125
507.8125
502.9297
502.9297
551.7578
551.7578
556.6406
556.6406
556.6406
556.6406
522.4609
522.4609
551.7578
551.7578
546.8750
546.8750
527.3437
527.3437
532.2266
532.2266
625.0000
625.0000
839.8437
839.8437
1000.9766
1000.9766
1074.2187
1074.2187
991.2109
991.2109
849.6094
849.6094
625.0000
625.0000
356.4453
356.4453
97.6562
97.6562
0.0000
0.0000
0.0000
0.0000
0.0000
0.0000
4.8828
4.8828
0.0000
0.0000
0.0000
0.0000
0.0000
0.0000
0.0000
0.0000
0.0000
0.0000
0.0000
0.0000
0.0000
0.0000
0.0000
0.0000
0.0000
0.0000
0.0000
0.0000
0.0000
0.0000
0.0000
0.0000
0.0000
0.0000
0.0000
0.0000
0.0000
0.0000
0.0000
0.0000
0.0000
0.0000
0.0000
0.0000
0.0000
0.0000
0.0000
0.0000
0.0000
0.0000
0.0000
0.0000
0.0000
0.0000
0.0000
0.0000
0.0000
0.0000
0.0000
0.0000
0.0000
0.0000
0.0000
0.0000
0.0000
0.0000
0.0000
0.0000
0.0000
0.0000
0.0000
0.0000
0.0000
0.0000
0.0000
0.0000
0.0000
0.0000
0.0000
0.0000
0.0000
0.0000
43.9453
43.9453
166.0156
166.0156
224.6094
224.6094
253.9062
253.9062
283.2031
283.2031
395.5078
395.5078
498.0469
498.0469
581.0547
581.0547
629.8828
629.8828
703.1250
703.1250
805.6641
805.6641
844.7266
844.7266
844.7266
844.7266
810.5469
810.5469
839.8437
839.8437
888.6719
888.6719
961.9141
961.9141
1064.4531
1064.4531
1186.5234
1186.5234
1308.5937
1308.5937
1298.8281
1298.8281
1157.2266
1157.2266
922.8516
922.8516
751.9531
751.9531
615.2344
615.2344
507.8125
507.8125
415.0391
415.0391
351.5625
351.5625
327.1484
327.1484
200.1953
200.1953
14.6484
14.6484
0.0000
0.0000
0.0000
0.0000
0.0000
0.0000
0.0000
0.0000
0.0000
0.0000
0.0000
0.0000
0.0000
0.0000
0.0000
0.0000
0.0000
0.0000
0.0000
0.0000
0.0000
0.0000
0.0000
0.0000
0.0000
0.0000
0.0000
0.0000
0.0000
0.0000
0.0000
0.0000
0.0000
0.0000
0.0000
0.0000
0.0000
0.0000
0.0000
0.0000
0.0000
0.0000
0.0000
0.0000
0.0000
0.0000
0.0000
0.0000
63.4766
63.4766
146.4844
146.4844
200.1953
200.1953
214.8437
214.8437
273.4375
273.4375
361.3281
361.3281
390.6250
390.6250
395.5078
395.5078
390.6250
390.6250
468.7500
468.7500
527.3437
527.3437
556.6406
556.6406
551.7578
551.7578
576.1719
576.1719
649.4141
649.4141
673.8281
673.8281
683.5937
683.5937
688.4766
688.4766
776.3672
776.3672
839.8437
839.8437
839.8437
839.8437
791.0156
791.0156
756.8359
756.8359
786.1328
786.1328
781.2500
781.2500
771.4844
771.4844
732.4219
732.4219
771.4844
771.4844
834.9609
834.9609
888.6719
888.6719
942.3828
942.3828
981.4453
981.4453
1030.2734
1030.2734
957.0312
957.0312
771.4844
771.4844
522.4609
522.4609
341.7969
341.7969
209.9609
209.9609
78.1250
78.1250
0.0000
0.0000
0.0000
0.0000
0.0000
0.0000
0.0000
0.0000
0.0000
0.0000
0.0000
0.0000
0.0000
0.0000
0.0000
0.0000
0.0000
0.0000
0.0000
0.0000
0.0000
0.0000
0.0000
0.0000
0.0000
0.0000
0.0000
0.0000
0.0000
0.0000
0.0000
0.0000
0.0000
0.0000
0.0000
0.0000
0.0000
0.0000
0.0000
0.0000
0.0000
0.0000
0.0000
0.0000
0.0000
0.0000
0.0000
0.0000
0.0000
0.0000
0.0000
0.0000
0.0000
0.0000
0.0000
0.0000
0.0000
0.0000
0.0000
0.0000
0.0000
0.0000
0.0000
0.0000
0.0000
0.0000
0.0000
0.0000
0.0000
0.0000
14.6484
14.6484
24.4141
24.4141
14.6484
14.6484
73.2422
73.2422
126.9531
126.9531
141.6016
141.6016
126.9531
126.9531
136.7187
136.7187
224.6094
224.6094
283.2031
283.2031
341.7969
341.7969
371.0937
371.0937
454.1016
454.1016
522.4609
522.4609
527.3437
527.3437
493.1641
493.1641
478.5156
478.5156
576.1719
576.1719
683.5937
683.5937
825.1953
825.1953
937.5000
937.5000
1035.1562
1035.1562
1035.1562
1035.1562
854.4922
854.4922
561.5234
561.5234
278.3203
278.3203
131.8359
131.8359
39.0625
39.0625
0.0000
0.0000
0.0000
0.0000
0.0000
0.0000
0.0000
0.0000
0.0000
0.0000
0.0000
0.0000
0.0000
0.0000
0.0000
0.0000
0.0000
0.0000
0.0000
0.0000
0.0000
0.0000
0.0000
0.0000
0.0000
0.0000
0.0000
0.0000
0.0000
0.0000
0.0000
0.0000
0.0000
0.0000
0.0000
0.0000
0.0000
0.0000
0.0000
0.0000
0.0000
0.0000
0.0000
0.0000
0.0000
0.0000
0.0000
0.0000
0.0000
0.0000
0.0000
0.0000
68.3594
68.3594
136.7187
136.7187
185.5469
185.5469
258.7891
258.7891
371.0937
371.0937
400.3906
400.3906
385.7422
385.7422
336.9141
336.9141
361.3281
361.3281
395.5078
395.5078
415.0391
415.0391
415.0391
415.0391
434.5703
434.5703
493.1641
493.1641
493.1641
493.1641
458.9844
458.9844
419.9219
419.9219
468.7500
468.7500
546.8750
546.8750
595.7031
595.7031
610.3516
610.3516
625.0000
625.0000
693.3594
693.3594
698.2422
698.2422
668.9453
668.9453
625.0000
625.0000
693.3594
693.3594
830.0781
830.0781
952.1484
952.1484
1025.3906
1025.3906
1030.2734
1030.2734
1000.9766
1000.9766
844.7266
844.7266
610.3516
610.3516
356.4453
356.4453
234.3750
234.3750
209.9609
209.9609
209.9609
209.9609
219.7266
219.7266
195.3125
195.3125
180.6641
180.6641
63.4766
63.4766
0.0000
0.0000
0.0000
0.0000
0.0000
0.0000
0.0000
0.0000
0.0000
0.0000
0.0000
0.0000
0.0000
0.0000
0.0000
0.0000
0.0000
0.0000
0.0000
0.0000
0.0000
0.0000
0.0000
0.0000
0.0000
0.0000
0.0000
0.0000
0.0000
0.0000
0.0000
0.0000
0.0000
0.0000
0.0000
0.0000
0.0000
0.0000
0.0000
0.0000
0.0000
0.0000
0.0000
0.0000
0.0000
0.0000
0.0000
0.0000
0.0000
0.0000
0.0000
0.0000
0.0000
0.0000
0.0000
0.0000
0.0000
0.0000
24.4141
24.4141
131.8359
131.8359
170.8984
170.8984
170.8984
170.8984
151.3672
151.3672
205.0781
205.0781
288.0859
288.0859
346.6797
346.6797
385.7422
385.7422
415.0391
415.0391
498.0469
498.0469
522.4609
522.4609
541.9922
541.9922
541.9922
541.9922
620.1172
620.1172
747.0703
747.0703
849.6094
849.6094
957.0312
957.0312
1059.5703
1059.5703
1186.5234
1186.5234
1201.1719
1201.1719
1064.4531
1064.4531
786.1328
786.1328
498.0469
498.0469
268.5547
268.5547
43.9453
43.9453
0.0000
0.0000
0.0000
0.0000
0.0000
0.0000
0.0000
0.0000
0.0000
0.0000
0.0000
0.0000
0.0000
0.0000
0.0000
0.0000
0.0000
0.0000
0.0000
0.0000
0.0000
0.0000
0.0000
0.0000
0.0000
0.0000
0.0000
0.0000
0.0000
0.0000
0.0000
0.0000
0.0000
0.0000
0.0000
0.0000
0.0000
0.0000
0.0000
0.0000
0.0000
0.0000
0.0000
0.0000
0.0000
0.0000
0.0000
0.0000
0.0000
0.0000
24.4141
24.4141
107.4219
107.4219
170.8984
170.8984
205.0781
205.0781
288.0859
288.0859
361.3281
361.3281
390.6250
390.6250
380.8594
380.8594
390.6250
390.6250
483.3984
483.3984
546.8750
546.8750
585.9375
585.9375
585.9375
585.9375
629.8828
629.8828
673.8281
673.8281
664.0625
664.0625
639.6484
639.6484
639.6484
639.6484
732.4219
732.4219
771.4844
766.6016
766.6016
766.6016
737.3047
737.3047
756.8359
756.8359
786.1328
786.1328
761.7187
761.7187
722.6562
722.6562
703.1250
703.1250
800.7812
800.7812
927.7344
927.7344
1059.5703
1059.5703
1147.4609
1147.4609
1215.8203
1215.8203
1225.5859
1225.5859
1064.4531
1064.4531
800.7812
800.7812
493.1641
493.1641
302.7344
302.7344
170.8984
170.8984
92.7734
53.7109
53.7109
53.7109
58.5937
58.5937
58.5937
58.5937
0.0000
0.0000
0.0000
0.0000
0.0000
0.0000
0.0000
0.0000
0.0000
0.0000
0.0000
0.0000
0.0000
0.0000
0.0000
0.0000
0.0000
0.0000
0.0000
0.0000
0.0000
0.0000
0.0000
0.0000
0.0000
0.0000
0.0000
0.0000
0.0000
0.0000
0.0000
0.0000
0.0000
0.0000
0.0000
0.0000
0.0000
0.0000
0.0000
0.0000
0.0000
0.0000
0.0000
0.0000
0.0000
0.0000
0.0000
0.0000
0.0000
0.0000
0.0000
0.0000
0.0000
0.0000
0.0000
0.0000
0.0000
0.0000
0.0000
0.0000
0.0000
0.0000
0.0000
0.0000
0.0000
0.0000
0.0000
0.0000
0.0000
83.0078
83.0078
151.3672
151.3672
195.3125
195.3125
195.3125
195.3125
234.3750
234.3750
307.6172
307.6172
341.7969
341.7969
375.9766
375.9766
419.9219
419.9219
537.1094
537.1094
600.5859
600.5859
620.1172
620.1172
629.8828
629.8828
737.3047
737.3047
937.5000
937.5000
1088.8672
1088.8672
1166.9922
1166.9922
1123.0469
1123.0469
1030.2734
1030.2734
825.1953
825.1953
566.4062
566.4062
322.2656
322.2656
214.8437
214.8437
234.3750
234.3750
244.1406
244.1406
229.4922
229.4922
141.6016
141.6016
73.2422
73.2422
0.0000
0.0000
0.0000
0.0000
0.0000
0.0000
0.0000
0.0000
0.0000
0.0000
0.0000
0.0000
0.0000
0.0000
0.0000
0.0000
0.0000
0.0000
0.0000
0.0000
0.0000
0.0000
0.0000
0.0000
0.0000
0.0000
0.0000
0.0000
0.0000
0.0000
0.0000
0.0000
0.0000
0.0000
0.0000
0.0000
0.0000
0.0000
0.0000
0.0000
0.0000
0.0000
0.0000
0.0000
63.4766
63.4766
156.2500
156.2500
219.7266
219.7266
239.2578
239.2578
307.6172
307.6172
375.9766
375.9766
390.6250
390.6250
375.9766
375.9766
366.2109
366.2109
439.4531
439.4531
473.6328
473.6328
473.6328
473.6328
429.6875
429.6875
449.2187
449.2187
502.9297
502.9297
517.5781
517.5781
517.5781
517.5781
522.4609
522.4609
605.4687
605.4687
649.4141
649.4141
654.2969
654.2969
615.2344
615.2344
620.1172
620.1172
678.7109
678.7109
683.5937
683.5937
673.8281
673.8281
654.2969
654.2969
727.5391
727.5391
830.0781
830.0781
927.7344
927.7344
981.4453
981.4453
991.2109
991.2109
957.0312
957.0312
766.6016
766.6016
473.6328
473.6328
136.7187
136.7187
0.0000
0.0000
0.0000
0.0000
0.0000
0.0000
0.0000
0.0000
0.0000
0.0000
0.0000
0.0000
0.0000
0.0000
0.0000
0.0000
0.0000
0.0000
0.0000
0.0000
0.0000
0.0000
0.0000
0.0000
0.0000
0.0000
0.0000
0.0000
0.0000
0.0000
0.0000
0.0000
0.0000
0.0000
0.0000
0.0000
0.0000
0.0000
0.0000
0.0000
0.0000
0.0000
0.0000
0.0000
0.0000
0.0000
0.0000
0.0000
0.0000
0.0000
0.0000
0.0000
0.0000
0.0000
0.0000
0.0000
0.0000
0.0000
0.0000
0.0000
0.0000
0.0000
0.0000
0.0000
0.0000
0.0000
0.0000
0.0000
0.0000
0.0000
0.0000
0.0000
68.3594
68.3594
166.0156
166.0156
175.7812
175.7812
141.6016
141.6016
102.5391
102.5391
146.4844
146.4844
200.1953
200.1953
244.1406
244.1406
268.5547
268.5547
332.0312
332.0312
424.8047
424.8047
449.2187
449.2187
458.9844
458.9844
458.9844
458.9844
546.8750
546.8750
625.0000
625.0000
659.1797
659.1797
673.8281
673.8281
742.1875
742.1875
913.0859
913.0859
1054.6875
1054.6875
1157.2266
1157.2266
1176.7578
1176.7578
1157.2266
1157.2266
1025.3906
1025.3906
766.6016
766.6016
473.6328
473.6328
263.6719
263.6719
195.3125
195.3125
131.8359
131.8359
73.2422
73.2422
0.0000
0.0000
0.0000
0.0000
0.0000
0.0000
0.0000
0.0000
0.0000
0.0000
0.0000
0.0000
0.0000
0.0000
0.0000
0.0000
0.0000
0.0000
0.0000
0.0000
0.0000
0.0000
0.0000
0.0000
0.0000
0.0000
0.0000
0.0000
0.0000
0.0000
0.0000
0.0000
0.0000
0.0000
0.0000
0.0000
0.0000
0.0000
0.0000
0.0000
0.0000
0.0000
0.0000
0.0000
0.0000
0.0000
0.0000
0.0000
0.0000
0.0000
0.0000
0.0000
24.4141
24.4141
39.0625
39.0625
117.1875
117.1875
244.1406
244.1406
317.3828
317.3828
361.3281
361.3281
375.9766
375.9766
458.9844
458.9844
507.8125
507.8125
537.1094
537.1094
537.1094
537.1094
571.2891
571.2891
649.4141
649.4141
664.0625
664.0625
659.1797
659.1797
644.5312
644.5312
708.0078
708.0078
751.9531
751.9531
756.8359
756.8359
717.7734
717.7734
703.1250
703.1250
732.4219
732.4219
717.7734
717.7734
708.0078
708.0078
708.0078
708.0078
820.3125
820.3125
957.0312
957.0312
1079.1016
1079.1016
1162.1094
1162.1094
1206.0547
1206.0547
1215.8203
1215.8203
1074.2187
1074.2187
791.0156
791.0156
405.2734
405.2734
107.4219
107.4219
0.0000
0.0000
0.0000
0.0000
0.0000
0.0000
0.0000
0.0000
0.0000
0.0000
0.0000
0.0000
0.0000
0.0000
0.0000
0.0000
0.0000
0.0000
0.0000
0.0000
0.0000
0.0000
0.0000
0.0000
0.0000
0.0000
0.0000
0.0000
0.0000
0.0000
0.0000
0.0000
0.0000
0.0000
0.0000
0.0000
0.0000
0.0000
0.0000
0.0000
0.0000
0.0000
0.0000
0.0000
0.0000
0.0000
0.0000
0.0000
0.0000
0.0000
0.0000
0.0000
0.0000
0.0000
0.0000
0.0000
0.0000
0.0000
0.0000
0.0000
0.0000
0.0000
0.0000
0.0000
0.0000
0.0000
0.0000
0.0000
0.0000
0.0000
0.0000
0.0000
34.1797
34.1797
92.7734
92.7734
131.8359
131.8359
131.8359
131.8359
190.4297
190.4297
244.1406
244.1406
268.5547
268.5547
278.3203
278.3203
322.2656
322.2656
415.0391
415.0391
454.1016
454.1016
463.8672
463.8672
444.3359
444.3359
493.1641
493.1641
537.1094
537.1094
541.9922
541.9922
512.6953
512.6953
537.1094
537.1094
673.8281
673.8281
815.4297
815.4297
942.3828
942.3828
1010.7422
1010.7422
1059.5703
1059.5703
1000.9766
1000.9766
786.1328
786.1328
498.0469
498.0469
253.9062
253.9062
156.2500
156.2500
107.4219
107.4219
92.7734
92.7734
68.3594
68.3594
53.7109
53.7109
0.0000
0.0000
0.0000
0.0000
0.0000
0.0000
0.0000
0.0000
0.0000
0.0000
0.0000
0.0000
0.0000
0.0000
0.0000
0.0000
0.0000
0.0000
0.0000
0.0000
0.0000
0.0000
0.0000
0.0000
0.0000
0.0000
0.0000
0.0000
0.0000
0.0000
0.0000
0.0000
0.0000
0.0000
0.0000
0.0000
0.0000
0.0000
0.0000
0.0000
0.0000
0.0000
0.0000
0.0000
0.0000
0.0000
78.1250
78.1250
122.0703
122.0703
117.1875
117.1875
136.7187
136.7187
205.0781
205.0781
229.4922
229.4922
239.2578
239.2578
229.4922
229.4922
297.8516
297.8516
341.7969
341.7969
356.4453
356.4453
356.4453
356.4453
390.6250
390.6250
488.2812
488.2812
527.3437
527.3437
537.1094
537.1094
517.5781
517.5781
566.4062
566.4062
615.2344
615.2344
625.0000
625.0000
615.2344
615.2344
610.3516
610.3516
649.4141
649.4141
629.8828
629.8828
595.7031
595.7031
541.9922
541.9922
551.7578
551.7578
605.4687
605.4687
673.8281
673.8281
756.8359
756.8359
839.8437
839.8437
922.8516
922.8516
878.9062
878.9062
708.0078
708.0078
449.2187
449.2187
239.2578
239.2578
122.0703
122.0703
43.9453
43.9453
29.2969
29.2969
48.8281
48.8281
131.8359
131.8359
126.9531
126.9531
14.6484
14.6484
0.0000
0.0000
0.0000
0.0000
0.0000
0.0000
0.0000
0.0000
0.0000
0.0000
0.0000
0.0000
0.0000
0.0000
0.0000
0.0000
0.0000
0.0000
0.0000
0.0000
0.0000
0.0000
0.0000
0.0000
0.0000
0.0000
0.0000
0.0000
0.0000
0.0000
0.0000
0.0000
0.0000
0.0000
0.0000
0.0000
0.0000
0.0000
0.0000
0.0000
0.0000
0.0000
0.0000
0.0000
0.0000
0.0000
0.0000
0.0000
0.0000
0.0000
0.0000
0.0000
0.0000
0.0000
0.0000
0.0000
0.0000
0.0000
92.7734
92.7734
180.6641
180.6641
239.2578
239.2578
258.7891
258.7891
322.2656
322.2656
375.9766
375.9766
395.5078
395.5078
415.0391
415.0391
454.1016
454.1016
590.8203
590.8203
683.5937
683.5937
742.1875
742.1875
747.0703
747.0703
800.7812
800.7812
869.1406
869.1406
898.4375
898.4375
913.0859
913.0859
932.6172
932.6172
1030.2734
1030.2734
1123.0469
1123.0469
1235.3516
1235.3516
1323.2422
1323.2422
1396.4844
1396.4844
1391.6016
1391.6016
1201.1719
1201.1719
849.6094
849.6094
444.3359
444.3359
156.2500
156.2500
0.0000
0.0000
0.0000
0.0000
0.0000
0.0000
0.0000
0.0000
0.0000
0.0000
0.0000
0.0000
0.0000
0.0000
0.0000
0.0000
0.0000
0.0000
0.0000
0.0000
0.0000
0.0000
0.0000
0.0000
0.0000
0.0000
0.0000
0.0000
0.0000
0.0000
0.0000
0.0000
0.0000
0.0000
0.0000
0.0000
0.0000
0.0000
0.0000
0.0000
0.0000
0.0000
0.0000
0.0000
0.0000
0.0000
0.0000
0.0000
0.0000
0.0000
0.0000
0.0000
0.0000
0.0000
0.0000
0.0000
0.0000
0.0000
9.7656
9.7656
29.2969
29.2969
122.0703
122.0703
190.4297
239.2578
239.2578
253.9062
253.9062
312.5000
312.5000
375.9766
375.9766
380.8594
380.8594
366.2109
366.2109
366.2109
366.2109
439.4531
439.4531
468.7500
468.7500
458.9844
458.9844
424.8047
424.8047
444.3359
444.3359
483.3984
483.3984
483.3984
483.3984
473.6328
473.6328
473.6328
473.6328
541.9922
541.9922
576.1719
576.1719
610.3516
610.3516
678.7109
678.7109
839.8437
839.8437
1054.6875
1054.6875
1176.7578
1176.7578
1191.4062
1191.4062
1059.5703
1059.5703
869.1406
869.1406
585.9375
585.9375
307.6172
307.6172
87.8906
87.8906
29.2969
29.2969
112.3047
112.3047
175.7812
175.7812
166.0156
166.0156
39.0625
39.0625
0.0000
0.0000
0.0000
0.0000
0.0000
0.0000
0.0000
0.0000
0.0000
0.0000
0.0000
0.0000
0.0000
0.0000
0.0000
0.0000
0.0000
0.0000
0.0000
0.0000
0.0000
0.0000
0.0000
0.0000
0.0000
0.0000
0.0000
0.0000
0.0000
0.0000
0.0000
0.0000
0.0000
0.0000
0.0000
0.0000
0.0000
0.0000
0.0000
0.0000
0.0000
0.0000
0.0000
0.0000
0.0000
0.0000
0.0000
0.0000
0.0000
0.0000
0.0000
0.0000
0.0000
0.0000
0.0000
0.0000
0.0000
0.0000
0.0000
0.0000
9.7656
9.7656
48.8281
48.8281
136.7187
136.7187
180.6641
180.6641
219.7266
219.7266
249.0234
249.0234
336.9141
336.9141
444.3359
444.3359
483.3984
483.3984
468.7500
468.7500
449.2187
449.2187
507.8125
507.8125
522.4609
522.4609
517.5781
517.5781
488.2812
488.2812
527.3437
527.3437
585.9375
585.9375
600.5859
600.5859
605.4687
605.4687
649.4141
649.4141
805.6641
805.6641
976.5625
976.5625
1127.9297
1127.9297
1206.0547
1206.0547
1235.3516
1235.3516
1210.9375
1210.9375
1054.6875
1054.6875
834.9609
834.9609
620.1172
620.1172
527.3437
527.3437
468.7500
468.7500
415.0391
415.0391
341.7969
341.7969
263.6719
263.6719
190.4297
190.4297
24.4141
24.4141
0.0000
0.0000
0.0000
0.0000
0.0000
0.0000
0.0000
0.0000
0.0000
0.0000
0.0000
0.0000
0.0000
0.0000
0.0000
0.0000
0.0000
0.0000
0.0000
0.0000
0.0000
0.0000
0.0000
0.0000
0.0000
0.0000
0.0000
0.0000
0.0000
0.0000
0.0000
0.0000
0.0000
0.0000
0.0000
0.0000
0.0000
0.0000
0.0000
0.0000
0.0000
0.0000
0.0000
0.0000
0.0000
0.0000
0.0000
0.0000
0.0000
0.0000
53.7109
53.7109
112.3047
112.3047
175.7812
175.7812
229.4922
229.4922
332.0312
332.0312
429.6875
429.6875
458.9844
458.9844
449.2187
449.2187
439.4531
439.4531
507.8125
507.8125
556.6406
556.6406
605.4687
605.4687
615.2344
615.2344
629.8828
629.8828
654.2969
654.2969
625.0000
625.0000
571.2891
571.2891
522.4609
522.4609
571.2891
571.2891
600.5859
600.5859
610.3516
610.3516
566.4062
566.4062
561.5234
561.5234
590.8203
590.8203
581.0547
581.0547
581.0547
581.0547
629.8828
629.8828
815.4297
815.4297
1015.6250
1015.6250
1142.5781
1142.5781
1162.1094
1162.1094
1098.6328
1098.6328
996.0937
996.0937
800.7812
800.7812
571.2891
571.2891
351.5625
351.5625
244.1406
244.1406
185.5469
185.5469
131.8359
131.8359
83.0078
83.0078
63.4766
63.4766
73.2422
73.2422
0.0000
0.0000
0.0000
0.0000
0.0000
0.0000
0.0000
0.0000
0.0000
0.0000
0.0000
0.0000
0.0000
0.0000
0.0000
0.0000
0.0000
0.0000
0.0000
0.0000
0.0000
0.0000
0.0000
0.0000
0.0000
0.0000
0.0000
0.0000
0.0000
0.0000
0.0000
0.0000
0.0000
0.0000
0.0000
0.0000
0.0000
0.0000
0.0000
0.0000
0.0000
0.0000
0.0000
0.0000
0.0000
0.0000
0.0000
0.0000
0.0000
0.0000
0.0000
0.0000
0.0000
0.0000
0.0000
0.0000
0.0000
0.0000
0.0000
0.0000
0.0000
0.0000
0.0000
0.0000
0.0000
0.0000
0.0000
0.0000
0.0000
0.0000
0.0000
0.0000
78.1250
78.1250
131.8359
131.8359
156.2500
156.2500
234.3750
234.3750
351.5625
351.5625
419.9219
419.9219
468.7500
468.7500
498.0469
498.0469
600.5859
600.5859
673.8281
673.8281
693.3594
693.3594
703.1250
703.1250
771.4844
771.4844
913.0859
913.0859
1035.1562
1035.1562
1142.5781
1142.5781
1186.5234
1186.5234
1220.7031
1220.7031
1157.2266
1157.2266
981.4453
981.4453
747.0703
747.0703
571.2891
571.2891
502.9297
502.9297
424.8047
424.8047
366.2109
366.2109
288.0859
288.0859
268.5547
268.5547
209.9609
209.9609
78.1250
78.1250
0.0000
0.0000
0.0000
0.0000
0.0000
0.0000
0.0000
0.0000
0.0000
0.0000
0.0000
0.0000
0.0000
0.0000
0.0000
0.0000
0.0000
0.0000
0.0000
0.0000
0.0000
0.0000
0.0000
0.0000
0.0000
0.0000
0.0000
0.0000
0.0000
0.0000
0.0000
0.0000
0.0000
0.0000
0.0000
0.0000
0.0000
0.0000
0.0000
0.0000
0.0000
0.0000
19.5312
19.5312
58.5937
58.5937
78.1250
78.1250
156.2500
156.2500
273.4375
273.4375
322.2656
322.2656
322.2656
322.2656
288.0859
288.0859
317.3828
317.3828
327.1484
327.1484
336.9141
336.9141
341.7969
341.7969
405.2734
405.2734
517.5781
517.5781
561.5234
561.5234
571.2891
571.2891
551.7578
551.7578
600.5859
600.5859
639.6484
639.6484
668.9453
668.9453
673.8281
673.8281
708.0078
708.0078
766.6016
766.6016
756.8359
756.8359
722.6562
722.6562
673.8281
673.8281
703.1250
703.1250
732.4219
732.4219
727.5391
727.5391
727.5391
727.5391
771.4844
771.4844
922.8516
922.8516
1059.5703
1059.5703
1176.7578
1176.7578
1220.7031
1220.7031
1230.4687
1230.4687
1142.5781
1142.5781
913.0859
913.0859
615.2344
615.2344
332.0312
332.0312
170.8984
170.8984
43.9453
43.9453
0.0000
0.0000
0.0000
0.0000
0.0000
0.0000
0.0000
0.0000
0.0000
0.0000
0.0000
0.0000
0.0000
0.0000
0.0000
0.0000
0.0000
0.0000
0.0000
0.0000
0.0000
0.0000
0.0000
0.0000
0.0000
0.0000
0.0000
0.0000
0.0000
0.0000
0.0000
0.0000
0.0000
0.0000
0.0000
0.0000
0.0000
0.0000
0.0000
0.0000
0.0000
0.0000
0.0000
0.0000
0.0000
0.0000
0.0000
0.0000
0.0000
0.0000
0.0000
0.0000
0.0000
0.0000
0.0000
0.0000
0.0000
0.0000
0.0000
0.0000
0.0000
0.0000
0.0000
0.0000
0.0000
0.0000
0.0000
0.0000
0.0000
0.0000
0.0000
0.0000
0.0000
0.0000
0.0000
0.0000
0.0000
0.0000
92.7734
92.7734
122.0703
122.0703
126.9531
126.9531
126.9531
126.9531
219.7266
219.7266
317.3828
317.3828
385.7422
385.7422
415.0391
415.0391
434.5703
434.5703
493.1641
493.1641
498.0469
498.0469
498.0469
498.0469
507.8125
507.8125
629.8828
629.8828
810.5469
810.5469
966.7969
966.7969
1069.3359
1069.3359
1088.8672
1088.8672
1064.4531
1064.4531
913.0859
913.0859
688.4766
688.4766
444.3359
444.3359
312.5000
312.5000
244.1406
244.1406
146.4844
146.4844
34.1797
34.1797
0.0000
0.0000
0.0000
0.0000
0.0000
0.0000
0.0000
0.0000
0.0000
0.0000
0.0000
0.0000
0.0000
0.0000
0.0000
0.0000
0.0000
0.0000
0.0000
0.0000
0.0000
0.0000
0.0000
0.0000
0.0000
0.0000
0.0000
0.0000
0.0000
0.0000
0.0000
0.0000
0.0000
0.0000
0.0000
0.0000
0.0000
0.0000
0.0000
0.0000
0.0000
0.0000
0.0000
0.0000
0.0000
0.0000
0.0000
0.0000
43.9453
43.9453
112.3047
112.3047
175.7812
175.7812
205.0781
205.0781
288.0859
288.0859
346.6797
346.6797
346.6797
346.6797
327.1484
327.1484
346.6797
346.6797
434.5703
434.5703
468.7500
468.7500
488.2812
488.2812
478.5156
478.5156
527.3437
527.3437
571.2891
571.2891
576.1719
576.1719
576.1719
576.1719
600.5859
600.5859
683.5937
683.5937
708.0078
708.0078
703.1250
703.1250
664.0625
664.0625
683.5937
683.5937
717.7734
717.7734
722.6562
722.6562
712.8906
712.8906
722.6562
722.6562
820.3125
820.3125
903.3203
903.3203
991.2109
991.2109
1049.8047
1049.8047
1093.7500
1093.7500
1074.2187
1074.2187
903.3203
903.3203
620.1172
620.1172
297.8516
297.8516
73.2422
73.2422
0.0000
0.0000
0.0000
0.0000
0.0000
0.0000
0.0000
0.0000
0.0000
0.0000
0.0000
0.0000
0.0000
0.0000
0.0000
0.0000
0.0000
0.0000
0.0000
0.0000
0.0000
0.0000
0.0000
0.0000
0.0000
0.0000
0.0000
0.0000
0.0000
0.0000
0.0000
0.0000
0.0000
0.0000
0.0000
0.0000
0.0000
0.0000
0.0000
0.0000
0.0000
0.0000
0.0000
0.0000
0.0000
0.0000
0.0000
0.0000
0.0000
0.0000
0.0000
0.0000
0.0000
0.0000
0.0000
0.0000
0.0000
0.0000
0.0000
0.0000
0.0000
0.0000
0.0000
0.0000
0.0000
0.0000
0.0000
0.0000
0.0000
0.0000
0.0000
0.0000
14.6484
14.6484
43.9453
43.9453
48.8281
48.8281
83.0078
83.0078
185.5469
234.3750
234.3750
234.3750
258.7891
258.7891
239.2578
239.2578
278.3203
278.3203
332.0312
332.0312
371.0937
371.0937
405.2734
405.2734
468.7500
468.7500
605.4687
605.4687
683.5937
717.7734
717.7734
717.7734
717.7734
717.7734
776.3672
776.3672
898.4375
898.4375
1030.2734
1030.2734
1166.9922
1289.0625
1289.0625
1406.2500
1406.2500
1381.8359
1381.8359
1225.5859
1225.5859
966.7969
966.7969
742.1875
742.1875
561.5234
561.5234
385.7422
385.7422
234.3750
234.3750
112.3047
112.3047
58.5937
58.5937
0.0000
0.0000
0.0000
0.0000
0.0000
0.0000
0.0000
0.0000
0.0000
0.0000
0.0000
0.0000
0.0000
0.0000
0.0000
0.0000
0.0000
0.0000
0.0000
0.0000
0.0000
0.0000
0.0000
0.0000
0.0000
0.0000
0.0000
0.0000
0.0000
0.0000
0.0000
0.0000
0.0000
0.0000
0.0000
0.0000
0.0000
0.0000
0.0000
0.0000
0.0000
0.0000
0.0000
0.0000
0.0000
0.0000
0.0000
0.0000
0.0000
0.0000
0.0000
0.0000
78.1250
78.1250
190.4297
190.4297
249.0234
249.0234
283.2031
283.2031
327.1484
327.1484
410.1562
410.1562
444.3359
444.3359
458.9844
458.9844
454.1016
454.1016
517.5781
517.5781
576.1719
576.1719
590.8203
590.8203
576.1719
576.1719
571.2891
571.2891
625.0000
625.0000
634.7656
634.7656
620.1172
620.1172
576.1719
576.1719
595.7031
595.7031
634.7656
634.7656
629.8828
629.8828
615.2344
615.2344
610.3516
610.3516
727.5391
727.5391
854.4922
854.4922
981.4453
981.4453
1049.8047
1049.8047
1059.5703
1059.5703
966.7969
966.7969
678.7109
678.7109
302.7344
302.7344
0.0000
0.0000
0.0000
0.0000
0.0000
0.0000
0.0000
0.0000
0.0000
0.0000
0.0000
0.0000
0.0000
0.0000
0.0000
0.0000
0.0000
0.0000
0.0000
0.0000
0.0000
0.0000
0.0000
0.0000
0.0000
0.0000
0.0000
0.0000
0.0000
0.0000
0.0000
0.0000
0.0000
0.0000
0.0000
0.0000
0.0000
0.0000
0.0000
0.0000
0.0000
0.0000
0.0000
0.0000
0.0000
0.0000
0.0000
0.0000
0.0000
0.0000
0.0000
0.0000
0.0000
0.0000
0.0000
0.0000
0.0000
0.0000
0.0000
0.0000
0.0000
0.0000
0.0000
0.0000
0.0000
0.0000
0.0000
0.0000
0.0000
0.0000
0.0000
0.0000
34.1797
34.1797
141.6016
141.6016
249.0234
249.0234
288.0859
288.0859
273.4375
273.4375
278.3203
278.3203
356.4453
356.4453
419.9219
419.9219
463.8672
463.8672
483.3984
483.3984
556.6406
556.6406
629.8828
629.8828
649.4141
649.4141
644.5312
644.5312
649.4141
649.4141
712.8906
712.8906
756.8359
756.8359
810.5469
810.5469
878.9062
878.9062
1020.5078
1020.5078
1191.4062
1191.4062
1250.0000
1250.0000
1201.1719
1201.1719
1044.9219
1044.9219
883.7891
883.7891
659.1797
659.1797
429.6875
429.6875
234.3750
234.3750
146.4844
146.4844
146.4844
146.4844
107.4219
107.4219
0.0000
0.0000
0.0000
0.0000
0.0000
0.0000
0.0000
0.0000
0.0000
0.0000
0.0000
0.0000
0.0000
0.0000
0.0000
0.0000
0.0000
0.0000
0.0000
0.0000
0.0000
0.0000
0.0000
0.0000
0.0000
0.0000
0.0000
0.0000
0.0000
0.0000
0.0000
0.0000
0.0000
0.0000
0.0000
0.0000
0.0000
0.0000
0.0000
0.0000
0.0000
0.0000
0.0000
0.0000
0.0000
0.0000
0.0000
0.0000
0.0000
0.0000
0.0000
0.0000
68.3594
68.3594
117.1875
117.1875
136.7187
136.7187
214.8437
214.8437
297.8516
297.8516
327.1484
327.1484
336.9141
336.9141
346.6797
346.6797
434.5703
434.5703
483.3984
483.3984
512.6953
512.6953
522.4609
522.4609
576.1719
576.1719
644.5312
644.5312
654.2969
654.2969
649.4141
649.4141
649.4141
649.4141
722.6562
722.6562
771.4844
771.4844
786.1328
786.1328
756.8359
756.8359
742.1875
742.1875
751.9531
751.9531
722.6562
722.6562
727.5391
727.5391
795.8984
795.8984
971.6797
971.6797
1108.3984
1108.3984
1137.6953
1137.6953
1020.5078
1020.5078
810.5469
810.5469
556.6406
556.6406
229.4922
229.4922
0.0000
0.0000
0.0000
0.0000
0.0000
0.0000
0.0000
0.0000
0.0000
0.0000
0.0000
0.0000
0.0000
0.0000
0.0000
0.0000
0.0000
0.0000
0.0000
0.0000
0.0000
0.0000
0.0000
0.0000
0.0000
0.0000
0.0000
0.0000
0.0000
0.0000
0.0000
0.0000
0.0000
0.0000
0.0000
0.0000
0.0000
0.0000
0.0000
0.0000
0.0000
0.0000
0.0000
0.0000
0.0000
0.0000
0.0000
0.0000
0.0000
0.0000
0.0000
0.0000
0.0000
0.0000
0.0000
0.0000
0.0000
0.0000
0.0000
0.0000
0.0000
0.0000
0.0000
0.0000
0.0000
0.0000
0.0000
0.0000
78.1250
78.1250
117.1875
117.1875
117.1875
117.1875
92.7734
92.7734
131.8359
131.8359
214.8437
214.8437
239.2578
239.2578
234.3750
234.3750
209.9609
209.9609
263.6719
263.6719
297.8516
297.8516
317.3828
317.3828
322.2656
322.2656
380.8594
380.8594
473.6328
473.6328
498.0469
498.0469
493.1641
493.1641
478.5156
478.5156
541.9922
541.9922
610.3516
610.3516
693.3594
693.3594
786.1328
786.1328
932.6172
932.6172
1098.6328
1098.6328
1132.8125
1132.8125
1049.8047
1049.8047
859.3750
859.3750
693.3594
693.3594
527.3437
527.3437
361.3281
361.3281
205.0781
205.0781
97.6562
97.6562
58.5937
58.5937
0.0000
0.0000
0.0000
0.0000
0.0000
0.0000
0.0000
0.0000
0.0000
0.0000
0.0000
0.0000
0.0000
0.0000
0.0000
0.0000
0.0000
0.0000
0.0000
0.0000
0.0000
0.0000
0.0000
0.0000
0.0000
0.0000
0.0000
0.0000
0.0000
0.0000
0.0000
0.0000
0.0000
0.0000
0.0000
0.0000
0.0000
0.0000
0.0000
0.0000
0.0000
0.0000
0.0000
0.0000
0.0000
0.0000
0.0000
0.0000
0.0000
0.0000
0.0000
0.0000
0.0000
0.0000
43.9453
43.9453
92.7734
92.7734
117.1875
117.1875
195.3125
195.3125
327.1484
327.1484
405.2734
405.2734
454.1016
454.1016
463.8672
463.8672
517.5781
517.5781
532.2266
532.2266
532.2266
532.2266
522.4609
522.4609
561.5234
561.5234
649.4141
649.4141
683.5937
683.5937
673.8281
673.8281
639.6484
639.6484
673.8281
673.8281
683.5937
683.5937
668.9453
668.9453
644.5312
644.5312
659.1797
659.1797
727.5391
727.5391
742.1875
742.1875
747.0703
747.0703
771.4844
771.4844
908.2031
908.2031
1054.6875
1054.6875
1118.1641
1118.1641
1064.4531
1064.4531
903.3203
903.3203
732.4219
732.4219
468.7500
468.7500
190.4297
190.4297
0.0000
0.0000
0.0000
0.0000
0.0000
0.0000
0.0000
0.0000
0.0000
0.0000
0.0000
0.0000
0.0000
0.0000
0.0000
0.0000
0.0000
0.0000
0.0000
0.0000
0.0000
0.0000
0.0000
0.0000
0.0000
0.0000
0.0000
0.0000
0.0000
0.0000
0.0000
0.0000
0.0000
0.0000
0.0000
0.0000
0.0000
0.0000
0.0000
0.0000
0.0000
0.0000
0.0000
0.0000
0.0000
0.0000
0.0000
0.0000
0.0000
0.0000
0.0000
0.0000
0.0000
0.0000
0.0000
0.0000
0.0000
0.0000
0.0000
0.0000
0.0000
0.0000
0.0000
0.0000
0.0000
0.0000
63.4766
63.4766
136.7187
136.7187
166.0156
166.0156
161.1328
161.1328
185.5469
185.5469
263.6719
263.6719
292.9687
292.9687
297.8516
297.8516
278.3203
278.3203
332.0312
332.0312
385.7422
385.7422
419.9219
419.9219
434.5703
434.5703
473.6328
473.6328
571.2891
571.2891
600.5859
600.5859
605.4687
605.4687
581.0547
581.0547
629.8828
629.8828
693.3594
693.3594
727.5391
727.5391
756.8359
756.8359
830.0781
830.0781
1000.9766
1000.9766
1137.6953
1137.6953
1210.9375
1210.9375
1186.5234
1186.5234
1113.2812
1113.2812
966.7969
966.7969
727.5391
727.5391
473.6328
473.6328
268.5547
268.5547
185.5469
185.5469
112.3047
112.3047
34.1797
34.1797
0.0000
0.0000
0.0000
0.0000
0.0000
0.0000
0.0000
0.0000
0.0000
0.0000
0.0000
0.0000
0.0000
0.0000
0.0000
0.0000
0.0000
0.0000
0.0000
0.0000
0.0000
0.0000
0.0000
0.0000
0.0000
0.0000
0.0000
0.0000
0.0000
0.0000
0.0000
0.0000
0.0000
0.0000
0.0000
0.0000
0.0000
0.0000
0.0000
0.0000
0.0000
0.0000
0.0000
0.0000
0.0000
0.0000
0.0000
0.0000
0.0000
0.0000
0.0000
0.0000
0.0000
0.0000
0.0000
0.0000
0.0000
0.0000
14.6484
14.6484
78.1250
78.1250
136.7187
136.7187
170.8984
170.8984
263.6719
263.6719
336.9141
336.9141
356.4453
356.4453
351.5625
351.5625
366.2109
366.2109
454.1016
454.1016
493.1641
493.1641
517.5781
517.5781
512.6953
512.6953
566.4062
566.4062
620.1172
620.1172
615.2344
615.2344
576.1719
576.1719
566.4062
566.4062
620.1172
620.1172
625.0000
625.0000
595.7031
595.7031
551.7578
551.7578
625.0000
625.0000
781.2500
937.5000
937.5000
937.5000
1059.5703
1059.5703
1118.1641
1118.1641
1132.8125
1132.8125
1005.8594
1005.8594
786.1328
786.1328
517.5781
517.5781
336.9141
336.9141
234.3750
136.7187
136.7187
87.8906
87.8906
87.8906
78.1250
78.1250
131.8359
131.8359
92.7734
92.7734
0.0000
0.0000
0.0000
0.0000
0.0000
0.0000
0.0000
0.0000
0.0000
0.0000
0.0000
0.0000
0.0000
0.0000
0.0000
0.0000
0.0000
0.0000
0.0000
0.0000
0.0000
0.0000
0.0000
0.0000
0.0000
0.0000
0.0000
0.0000
0.0000
0.0000
0.0000
0.0000
0.0000
0.0000
0.0000
0.0000
0.0000
0.0000
0.0000
0.0000
0.0000
0.0000
0.0000
0.0000
0.0000
0.0000
0.0000
0.0000
0.0000
0.0000
0.0000
0.0000
0.0000
0.0000
0.0000
0.0000
0.0000
0.0000
0.0000
0.0000
0.0000
39.0625
39.0625
146.4844
146.4844
209.9609
209.9609
312.5000
312.5000
395.5078
395.5078
434.5703
434.5703
468.7500
468.7500
537.1094
537.1094
693.3594
693.3594
805.6641
805.6641
869.1406
869.1406
859.3750
859.3750
859.3750
859.3750
830.0781
830.0781
756.8359
756.8359
732.4219
732.4219
805.6641
805.6641
1005.8594
1005.8594
1137.6953
1137.6953
1142.5781
1142.5781
966.7969
966.7969
688.4766
688.4766
375.9766
375.9766
83.0078
83.0078
0.0000
0.0000
0.0000
0.0000
0.0000
0.0000
58.5937
58.5937
58.5937
58.5937
0.0000
0.0000
0.0000
0.0000
0.0000
0.0000
0.0000
0.0000
0.0000
0.0000
0.0000
0.0000
0.0000
0.0000
0.0000
0.0000
0.0000
0.0000
0.0000
0.0000
0.0000
0.0000
0.0000
0.0000
0.0000
0.0000
0.0000
0.0000
0.0000
0.0000
0.0000
0.0000
0.0000
0.0000
0.0000
0.0000
0.0000
0.0000
0.0000
0.0000
117.1875
117.1875
200.1953
200.1953
258.7891
258.7891
283.2031
283.2031
371.0937
371.0937
454.1016
454.1016
483.3984
483.3984
483.3984
483.3984
493.1641
493.1641
556.6406
556.6406
571.2891
571.2891
571.2891
571.2891
561.5234
561.5234
625.0000
625.0000
703.1250
703.1250
727.5391
727.5391
722.6562
722.6562
722.6562
722.6562
791.0156
791.0156
820.3125
820.3125
825.1953
825.1953
810.5469
810.5469
849.6094
849.6094
913.0859
913.0859
932.6172
932.6172
917.9687
917.9687
883.7891
883.7891
922.8516
922.8516
917.9687
917.9687
878.9062
878.9062
844.7266
844.7266
898.4375
898.4375
1035.1562
1035.1562
1137.6953
1137.6953
1166.9922
1166.9922
1093.7500
1093.7500
991.2109
991.2109
781.2500
781.2500
507.8125
507.8125
229.4922
229.4922
39.0625
39.0625
0.0000
0.0000
0.0000
0.0000
0.0000
0.0000
0.0000
0.0000
0.0000
0.0000
0.0000
0.0000
0.0000
0.0000
0.0000
0.0000
0.0000
0.0000
0.0000
0.0000
0.0000
0.0000
0.0000
0.0000
0.0000
0.0000
0.0000
0.0000
0.0000
0.0000
0.0000
0.0000
0.0000
0.0000
0.0000
0.0000
0.0000
0.0000
0.0000
0.0000
0.0000
0.0000
0.0000
0.0000
0.0000
0.0000
0.0000
0.0000
0.0000
0.0000
0.0000
0.0000
0.0000
0.0000
0.0000
0.0000
0.0000
0.0000
0.0000
0.0000
0.0000
0.0000
0.0000
0.0000
0.0000
0.0000
0.0000
0.0000
0.0000
0.0000
0.0000
0.0000
0.0000
0.0000
0.0000
0.0000
0.0000
0.0000
0.0000
0.0000
0.0000
0.0000
43.9453
43.9453
73.2422
73.2422
78.1250
78.1250
73.2422
73.2422
141.6016
141.6016
190.4297
190.4297
214.8437
214.8437
234.3750
234.3750
292.9687
292.9687
410.1562
410.1562
463.8672
463.8672
493.1641
493.1641
493.1641
493.1641
561.5234
561.5234
620.1172
620.1172
673.8281
673.8281
756.8359
756.8359
898.4375
898.4375
1083.9844
1083.9844
1152.3437
1152.3437
1098.6328
1098.6328
908.2031
908.2031
703.1250
703.1250
488.2812
488.2812
273.4375
273.4375
97.6562
97.6562
0.0000
0.0000
4.8828
4.8828
0.0000
0.0000
0.0000
0.0000
0.0000
0.0000
0.0000
0.0000
0.0000
0.0000
0.0000
0.0000
0.0000
0.0000
0.0000
0.0000
0.0000
0.0000
0.0000
0.0000
0.0000
0.0000
0.0000
0.0000
0.0000
0.0000
0.0000
0.0000
0.0000
0.0000
0.0000
0.0000
0.0000
0.0000
0.0000
0.0000
0.0000
0.0000
0.0000
0.0000
0.0000
0.0000
0.0000
0.0000
0.0000
0.0000
0.0000
0.0000
0.0000
0.0000
0.0000
0.0000
87.8906
87.8906
166.0156
166.0156
214.8437
214.8437
229.4922
229.4922
292.9687
292.9687
400.3906
400.3906
444.3359
444.3359
444.3359
444.3359
424.8047
424.8047
468.7500
468.7500
498.0469
498.0469
512.6953
512.6953
507.8125
507.8125
541.9922
541.9922
600.5859
600.5859
590.8203
590.8203
546.8750
546.8750
502.9297
502.9297
551.7578
551.7578
605.4687
605.4687
629.8828
629.8828
605.4687
605.4687
595.7031
595.7031
610.3516
610.3516
595.7031
595.7031
615.2344
615.2344
678.7109
678.7109
830.0781
830.0781
937.5000
937.5000
903.3203
903.3203
698.2422
698.2422
415.0391
415.0391
170.8984
170.8984
0.0000
0.0000
0.0000
0.0000
0.0000
0.0000
0.0000
0.0000
24.4141
24.4141
0.0000
0.0000
0.0000
0.0000
0.0000
0.0000
0.0000
0.0000
0.0000
0.0000
0.0000
0.0000
0.0000
0.0000
0.0000
0.0000
0.0000
0.0000
0.0000
0.0000
0.0000
0.0000
0.0000
0.0000
0.0000
0.0000
0.0000
0.0000
0.0000
0.0000
0.0000
0.0000
0.0000
0.0000
0.0000
0.0000
0.0000
0.0000
0.0000
0.0000
0.0000
0.0000
0.0000
0.0000
0.0000
0.0000
0.0000
0.0000
0.0000
0.0000
0.0000
0.0000
0.0000
0.0000
0.0000
0.0000
0.0000
0.0000
0.0000
0.0000
39.0625
39.0625
126.9531
126.9531
175.7812
175.7812
190.4297
190.4297
239.2578
239.2578
341.7969
341.7969
375.9766
375.9766
400.3906
400.3906
390.6250
390.6250
444.3359
444.3359
478.5156
478.5156
493.1641
493.1641
498.0469
498.0469
532.2266
532.2266
625.0000
625.0000
673.8281
673.8281
703.1250
703.1250
708.0078
708.0078
781.2500
781.2500
859.3750
859.3750
903.3203
903.3203
917.9687
917.9687
981.4453
981.4453
1132.8125
1132.8125
1279.2969
1279.2969
1386.7187
1386.7187
1401.3672
1401.3672
1386.7187
1386.7187
1269.5312
1269.5312
1025.3906
1025.3906
727.5391
727.5391
478.5156
478.5156
346.6797
346.6797
239.2578
239.2578
131.8359
131.8359
0.0000
0.0000
0.0000
0.0000
0.0000
0.0000
0.0000
0.0000
0.0000
0.0000
0.0000
0.0000
0.0000
0.0000
0.0000
0.0000
0.0000
0.0000
0.0000
0.0000
0.0000
0.0000
0.0000
0.0000
0.0000
0.0000
0.0000
0.0000
0.0000
0.0000
0.0000
0.0000
0.0000
0.0000
0.0000
0.0000
0.0000
0.0000
0.0000
0.0000
0.0000
0.0000
0.0000
0.0000
0.0000
0.0000
0.0000
0.0000
0.0000
0.0000
0.0000
0.0000
43.9453
43.9453
58.5937
58.5937
102.5391
102.5391
214.8437
214.8437
297.8516
297.8516
371.0937
371.0937
405.2734
405.2734
483.3984
483.3984
527.3437
527.3437
522.4609
522.4609
493.1641
493.1641
502.9297
502.9297
595.7031
595.7031
659.1797
659.1797
698.2422
698.2422
678.7109
678.7109
703.1250
703.1250
712.8906
712.8906
664.0625
664.0625
610.3516
610.3516
581.0547
581.0547
639.6484
639.6484
649.4141
649.4141
644.5312
644.5312
654.2969
654.2969
776.3672
776.3672
957.0312
957.0312
1083.9844
1083.9844
1132.8125
1132.8125
1069.3359
1069.3359
971.6797
971.6797
756.8359
756.8359
478.5156
478.5156
195.3125
195.3125
34.1797
34.1797
0.0000
0.0000
0.0000
0.0000
0.0000
0.0000
0.0000
0.0000
0.0000
0.0000
0.0000
0.0000
0.0000
0.0000
0.0000
0.0000
0.0000
0.0000
0.0000
0.0000
0.0000
0.0000
0.0000
0.0000
0.0000
0.0000
0.0000
0.0000
0.0000
0.0000
0.0000
0.0000
0.0000
0.0000
0.0000
0.0000
0.0000
0.0000
0.0000
0.0000
0.0000
0.0000
0.0000
0.0000
0.0000
0.0000
0.0000
0.0000
0.0000
0.0000
0.0000
0.0000
0.0000
0.0000
0.0000
0.0000
0.0000
0.0000
0.0000
0.0000
0.0000
0.0000
0.0000
0.0000
0.0000
0.0000
0.0000
0.0000
0.0000
0.0000
0.0000
0.0000
0.0000
0.0000
39.0625
39.0625
68.3594
68.3594
78.1250
78.1250
141.6016
141.6016
214.8437
214.8437
258.7891
258.7891
278.3203
278.3203
307.6172
307.6172
400.3906
400.3906
454.1016
454.1016
483.3984
483.3984
478.5156
478.5156
522.4609
522.4609
605.4687
605.4687
644.5312
644.5312
673.8281
673.8281
717.7734
717.7734
874.0234
874.0234
1030.2734
1030.2734
1152.3437
1152.3437
1201.1719
1201.1719
1206.0547
1206.0547
1142.5781
1142.5781
937.5000
937.5000
673.8281
673.8281
415.0391
415.0391
278.3203
278.3203
161.1328
161.1328
68.3594
68.3594
0.0000
0.0000
0.0000
0.0000
0.0000
0.0000
0.0000
0.0000
0.0000
0.0000
0.0000
0.0000
0.0000
0.0000
0.0000
0.0000
0.0000
0.0000
0.0000
0.0000
0.0000
0.0000
0.0000
0.0000
0.0000
0.0000
0.0000
0.0000
0.0000
0.0000
0.0000
0.0000
0.0000
0.0000
0.0000
0.0000
0.0000
0.0000
0.0000
0.0000
0.0000
0.0000
0.0000
0.0000
0.0000
0.0000
0.0000
0.0000
0.0000
0.0000
112.3047
112.3047
195.3125
195.3125
234.3750
258.7891
258.7891
258.7891
346.6797
346.6797
395.5078
395.5078
415.0391
415.0391
415.0391
415.0391
473.6328
473.6328
537.1094
546.8750
546.8750
527.3437
527.3437
522.4609
522.4609
590.8203
590.8203
634.7656
634.7656
664.0625
664.0625
664.0625
664.0625
708.0078
708.0078
776.3672
776.3672
791.0156
791.0156
776.3672
776.3672
747.0703
747.0703
786.1328
786.1328
791.0156
791.0156
771.4844
771.4844
732.4219
732.4219
737.3047
737.3047
820.3125
820.3125
908.2031
908.2031
1015.6250
1015.6250
1088.8672
1088.8672
1157.2266
1157.2266
1118.1641
1118.1641
947.2656
947.2656
688.4766
688.4766
444.3359
444.3359
283.2031
283.2031
117.1875
117.1875
0.0000
0.0000
0.0000
0.0000
0.0000
0.0000
0.0000
0.0000
0.0000
0.0000
0.0000
0.0000
0.0000
0.0000
0.0000
0.0000
0.0000
0.0000
0.0000
0.0000
0.0000
0.0000
0.0000
0.0000
0.0000
0.0000
0.0000
0.0000
0.0000
0.0000
0.0000
0.0000
0.0000
0.0000
0.0000
0.0000
0.0000
0.0000
0.0000
0.0000
0.0000
0.0000
0.0000
0.0000
0.0000
0.0000
0.0000
0.0000
0.0000
0.0000
0.0000
0.0000
0.0000
0.0000
0.0000
0.0000
0.0000
0.0000
0.0000
0.0000
0.0000
0.0000
0.0000
0.0000
0.0000
0.0000
0.0000
0.0000
0.0000
0.0000
24.4141
24.4141
43.9453
43.9453
29.2969
29.2969
53.7109
53.7109
102.5391
102.5391
102.5391
102.5391
87.8906
87.8906
78.1250
78.1250
170.8984
170.8984
253.9062
253.9062
317.3828
317.3828
327.1484
327.1484
346.6797
346.6797
395.5078
395.5078
400.3906
400.3906
400.3906
400.3906
400.3906
400.3906
478.5156
478.5156
556.6406
556.6406
615.2344
615.2344
664.0625
664.0625
756.8359
756.8359
898.4375
898.4375
942.3828
942.3828
883.7891
883.7891
708.0078
708.0078
541.9922
541.9922
371.0937
371.0937
205.0781
205.0781
73.2422
73.2422
9.7656
9.7656
29.2969
29.2969
0.0000
0.0000
0.0000
0.0000
0.0000
0.0000
0.0000
0.0000
0.0000
0.0000
0.0000
0.0000
0.0000
0.0000
0.0000
0.0000
0.0000
0.0000
0.0000
0.0000
0.0000
0.0000
0.0000
0.0000
0.0000
0.0000
0.0000
0.0000
0.0000
0.0000
0.0000
0.0000
0.0000
0.0000
0.0000
0.0000
0.0000
0.0000
0.0000
0.0000
0.0000
0.0000
0.0000
0.0000
0.0000
0.0000
0.0000
0.0000
0.0000
0.0000
0.0000
0.0000
0.0000
0.0000
9.7656
9.7656
73.2422
73.2422
112.3047
112.3047
205.0781
205.0781
317.3828
317.3828
356.4453
356.4453
351.5625
351.5625
322.2656
322.2656
361.3281
361.3281
380.8594
380.8594
395.5078
395.5078
395.5078
395.5078
434.5703
434.5703
498.0469
498.0469
507.8125
507.8125
498.0469
498.0469
478.5156
478.5156
546.8750
546.8750
610.3516
610.3516
644.5312
644.5312
634.7656
634.7656
634.7656
634.7656
673.8281
673.8281
668.9453
668.9453
639.6484
639.6484
615.2344
615.2344
698.2422
698.2422
820.3125
820.3125
942.3828
942.3828
1040.0391
1040.0391
1108.3984
1108.3984
1142.5781
1142.5781
1030.2734
1030.2734
800.7812
800.7812
502.9297
502.9297
288.0859
288.0859
126.9531
126.9531
9.7656
9.7656
0.0000
0.0000
0.0000
0.0000
0.0000
0.0000
0.0000
0.0000
0.0000
0.0000
0.0000
0.0000
0.0000
0.0000
0.0000
0.0000
0.0000
0.0000
0.0000
0.0000
0.0000
0.0000
0.0000
0.0000
0.0000
0.0000
0.0000
0.0000
0.0000
0.0000
0.0000
0.0000
0.0000
0.0000
0.0000
0.0000
0.0000
0.0000
0.0000
0.0000
0.0000
0.0000
0.0000
0.0000
0.0000
0.0000
0.0000
0.0000
0.0000
0.0000
0.0000
0.0000
0.0000
0.0000
0.0000
0.0000
0.0000
0.0000
0.0000
0.0000
0.0000
0.0000
0.0000
0.0000
0.0000
0.0000
14.6484
14.6484
102.5391
102.5391
141.6016
141.6016
141.6016
141.6016
112.3047
112.3047
156.2500
156.2500
200.1953
200.1953
219.7266
219.7266
224.6094
224.6094
263.6719
263.6719
361.3281
361.3281
395.5078
395.5078
405.2734
405.2734
395.5078
395.5078
454.1016
454.1016
512.6953
512.6953
551.7578
551.7578
561.5234
561.5234
600.5859
600.5859
722.6562
722.6562
844.7266
844.7266
966.7969
966.7969
1044.9219
1044.9219
1118.1641
1118.1641
1098.6328
1098.6328
952.1484
952.1484
727.5391
727.5391
517.5781
517.5781
410.1562
410.1562
312.5000
312.5000
219.7266
219.7266
102.5391
102.5391
14.6484
14.6484
0.0000
0.0000
0.0000
0.0000
0.0000
0.0000
0.0000
0.0000
0.0000
0.0000
0.0000
0.0000
0.0000
0.0000
0.0000
0.0000
0.0000
0.0000
0.0000
0.0000
0.0000
0.0000
0.0000
0.0000
0.0000
0.0000
0.0000
0.0000
0.0000
0.0000
0.0000
0.0000
0.0000
0.0000
0.0000
0.0000
0.0000
0.0000
0.0000
0.0000
0.0000
0.0000
0.0000
0.0000
0.0000
0.0000
0.0000
0.0000
39.0625
39.0625
53.7109
53.7109
112.3047
112.3047
229.4922
229.4922
297.8516
297.8516
346.6797
346.6797
366.2109
366.2109
449.2187
449.2187
512.6953
512.6953
532.2266
532.2266
527.3437
527.3437
556.6406
556.6406
634.7656
634.7656
654.2969
654.2969
639.6484
639.6484
595.7031
595.7031
625.0000
625.0000
654.2969
654.2969
639.6484
639.6484
600.5859
600.5859
566.4062
566.4062
581.0547
581.0547
532.2266
532.2266
478.5156
478.5156
424.8047
424.8047
478.5156
478.5156
590.8203
590.8203
712.8906
712.8906
849.6094
849.6094
971.6797
971.6797
1103.5156
1103.5156
1098.6328
1098.6328
966.7969
966.7969
756.8359
756.8359
595.7031
595.7031
458.9844
458.9844
302.7344
302.7344
156.2500
156.2500
48.8281
48.8281
29.2969
29.2969
0.0000
0.0000
0.0000
0.0000
0.0000
0.0000
0.0000
0.0000
0.0000
0.0000
0.0000
0.0000
0.0000
0.0000
0.0000
0.0000
0.0000
0.0000
0.0000
0.0000
0.0000
0.0000
0.0000
0.0000
0.0000
0.0000
0.0000
0.0000
0.0000
0.0000
0.0000
0.0000
0.0000
0.0000
0.0000
0.0000
0.0000
0.0000
0.0000
0.0000
0.0000
0.0000
0.0000
0.0000
0.0000
0.0000
0.0000
0.0000
0.0000
0.0000
0.0000
0.0000
0.0000
0.0000
0.0000
0.0000
0.0000
0.0000
0.0000
0.0000
0.0000
0.0000
0.0000
0.0000
9.7656
9.7656
29.2969
29.2969
9.7656
9.7656
48.8281
48.8281
92.7734
92.7734
117.1875
117.1875
136.7187
136.7187
180.6641
180.6641
273.4375
273.4375
292.9687
292.9687
288.0859
288.0859
253.9062
253.9062
288.0859
288.0859
336.9141
336.9141
366.2109
366.2109
371.0937
371.0937
385.7422
385.7422
478.5156
478.5156
561.5234
561.5234
673.8281
673.8281
786.1328
786.1328
932.6172
932.6172
1030.2734
1030.2734
991.2109
991.2109
839.8437
839.8437
644.5312
644.5312
532.2266
532.2266
429.6875
429.6875
351.5625
351.5625
268.5547
268.5547
249.0234
249.0234
229.4922
229.4922
117.1875
117.1875
0.0000
0.0000
0.0000
0.0000
0.0000
0.0000
0.0000
0.0000
0.0000
0.0000
0.0000
0.0000
0.0000
0.0000
0.0000
0.0000
0.0000
0.0000
0.0000
0.0000
0.0000
0.0000
0.0000
0.0000
0.0000
0.0000
0.0000
0.0000
0.0000
0.0000
0.0000
0.0000
0.0000
0.0000
0.0000
0.0000
0.0000
0.0000
0.0000
0.0000
0.0000
0.0000
0.0000
0.0000
0.0000
0.0000
29.2969
29.2969
73.2422
73.2422
166.0156
166.0156
219.7266
219.7266
258.7891
258.7891
278.3203
278.3203
361.3281
361.3281
424.8047
424.8047
439.4531
439.4531
434.5703
434.5703
444.3359
444.3359
532.2266
532.2266
561.5234
561.5234
561.5234
561.5234
532.2266
532.2266
561.5234
561.5234
600.5859
600.5859
600.5859
600.5859
581.0547
581.0547
585.9375
585.9375
649.4141
649.4141
673.8281
673.8281
649.4141
649.4141
595.7031
595.7031
600.5859
600.5859
629.8828
629.8828
620.1172
620.1172
600.5859
600.5859
615.2344
615.2344
737.3047
737.3047
869.1406
869.1406
996.0937
996.0937
1064.4531
1064.4531
1113.2812
1113.2812
1093.7500
1093.7500
932.6172
932.6172
678.7109
678.7109
390.6250
390.6250
200.1953
200.1953
43.9453
43.9453
0.0000
0.0000
0.0000
0.0000
0.0000
0.0000
0.0000
0.0000
0.0000
0.0000
0.0000
0.0000
0.0000
0.0000
0.0000
0.0000
0.0000
0.0000
0.0000
0.0000
0.0000
0.0000
0.0000
0.0000
0.0000
0.0000
0.0000
0.0000
0.0000
0.0000
0.0000
0.0000
0.0000
0.0000
0.0000
0.0000
0.0000
0.0000
0.0000
0.0000
0.0000
0.0000
0.0000
0.0000
0.0000
0.0000
0.0000
0.0000
0.0000
0.0000
0.0000
0.0000
0.0000
0.0000
0.0000
0.0000
0.0000
0.0000
0.0000
0.0000
0.0000
0.0000
0.0000
0.0000
0.0000
0.0000
0.0000
0.0000
0.0000
0.0000
0.0000
0.0000
0.0000
0.0000
0.0000
0.0000
0.0000
0.0000
0.0000
0.0000
0.0000
0.0000
34.1797
34.1797
43.9453
43.9453
92.7734
161.1328
161.1328
161.1328
200.1953
200.1953
234.3750
234.3750
278.3203
278.3203
390.6250
390.6250
458.9844
458.9844
488.2812
488.2812
468.7500
468.7500
507.8125
507.8125
595.7031
678.7109
678.7109
678.7109
761.7187
761.7187
864.2578
864.2578
1035.1562
1035.1562
1127.9297
1103.5156
1103.5156
1103.5156
971.6797
825.1953
825.1953
712.8906
712.8906
571.2891
571.2891
449.2187
449.2187
346.6797
346.6797
312.5000
312.5000
239.2578
239.2578
97.6562
97.6562
0.0000
0.0000
0.0000
0.0000
0.0000
0.0000
0.0000
0.0000
0.0000
0.0000
0.0000
0.0000
0.0000
0.0000
0.0000
0.0000
0.0000
0.0000
0.0000
0.0000
0.0000
0.0000
0.0000
0.0000
0.0000
0.0000
0.0000
0.0000
0.0000
0.0000
0.0000
0.0000
0.0000
0.0000
0.0000
0.0000
0.0000
0.0000
0.0000
0.0000
0.0000
0.0000
0.0000
0.0000
0.0000
0.0000
0.0000
0.0000
14.6484
14.6484
126.9531
126.9531
185.5469
185.5469
214.8437
214.8437
244.1406
244.1406
327.1484
327.1484
351.5625
351.5625
346.6797
346.6797
317.3828
317.3828
361.3281
361.3281
415.0391
415.0391
424.8047
424.8047
410.1562
410.1562
419.9219
419.9219
502.9297
502.9297
546.8750
546.8750
571.2891
571.2891
561.5234
561.5234
590.8203
590.8203
639.6484
639.6484
639.6484
639.6484
615.2344
615.2344
576.1719
576.1719
600.5859
600.5859
585.9375
585.9375
561.5234
561.5234
541.9922
541.9922
620.1172
620.1172
766.6016
766.6016
854.4922
854.4922
859.3750
859.3750
737.3047
737.3047
595.7031
595.7031
371.0937
371.0937
126.9531
126.9531
0.0000
0.0000
0.0000
0.0000
0.0000
0.0000
0.0000
0.0000
0.0000
0.0000
0.0000
0.0000
0.0000
0.0000
0.0000
0.0000
0.0000
0.0000
0.0000
0.0000
0.0000
0.0000
0.0000
0.0000
0.0000
0.0000
0.0000
0.0000
0.0000
0.0000
0.0000
0.0000
0.0000
0.0000
0.0000
0.0000
0.0000
0.0000
0.0000
0.0000
0.0000
0.0000
0.0000
0.0000
0.0000
0.0000
0.0000
0.0000
0.0000
0.0000
0.0000
0.0000
0.0000
0.0000
0.0000
0.0000
0.0000
0.0000
0.0000
0.0000
0.0000
0.0000
0.0000
0.0000
14.6484
14.6484
78.1250
78.1250
161.1328
161.1328
195.3125
195.3125
185.5469
185.5469
170.8984
170.8984
229.4922
229.4922
249.0234
249.0234
249.0234
249.0234
224.6094
224.6094
258.7891
258.7891
317.3828
317.3828
332.0312
332.0312
341.7969
341.7969
371.0937
371.0937
493.1641
493.1641
581.0547
581.0547
634.7656
634.7656
654.2969
654.2969
698.2422
698.2422
766.6016
766.6016
795.8984
795.8984
849.6094
849.6094
947.2656
947.2656
1152.3437
1152.3437
1303.7109
1303.7109
1342.7734
1342.7734
1250.0000
1250.0000
1074.2187
1074.2187
874.0234
874.0234
639.6484
639.6484
429.6875
429.6875
283.2031
283.2031
253.9062
253.9062
229.4922
229.4922
156.2500
156.2500
0.0000
0.0000
0.0000
0.0000
0.0000
0.0000
0.0000
0.0000
0.0000
0.0000
0.0000
0.0000
0.0000
0.0000
0.0000
0.0000
0.0000
0.0000
0.0000
0.0000
0.0000
0.0000
0.0000
0.0000
0.0000
0.0000
0.0000
0.0000
0.0000
0.0000
0.0000
0.0000
0.0000
0.0000
0.0000
0.0000
0.0000
0.0000
0.0000
0.0000
0.0000
0.0000
0.0000
0.0000
0.0000
0.0000
0.0000
0.0000
0.0000
0.0000
92.7734
92.7734
151.3672
151.3672
151.3672
151.3672
146.4844
146.4844
214.8437
214.8437
258.7891
258.7891
292.9687
292.9687
312.5000
312.5000
361.3281
361.3281
419.9219
419.9219
415.0391
415.0391
385.7422
385.7422
361.3281
361.3281
419.9219
419.9219
468.7500
468.7500
493.1641
493.1641
488.2812
488.2812
507.8125
507.8125
566.4062
566.4062
581.0547
581.0547
576.1719
576.1719
561.5234
561.5234
625.0000
625.0000
678.7109
678.7109
698.2422
698.2422
703.1250
703.1250
776.3672
776.3672
947.2656
947.2656
1093.7500
1093.7500
1191.4062
1191.4062
1196.2891
1196.2891
1157.2266
1157.2266
1005.8594
1005.8594
727.5391
727.5391
415.0391
415.0391
190.4297
190.4297
126.9531
126.9531
107.4219
107.4219
117.1875
117.1875
73.2422
73.2422
14.6484
14.6484
0.0000
0.0000
0.0000
0.0000
0.0000
0.0000
0.0000
0.0000
0.0000
0.0000
0.0000
0.0000
0.0000
0.0000
0.0000
0.0000
0.0000
0.0000
0.0000
0.0000
0.0000
0.0000
0.0000
0.0000
0.0000
0.0000
0.0000
0.0000
0.0000
0.0000
0.0000
0.0000
0.0000
0.0000
0.0000
0.0000
0.0000
0.0000
0.0000
0.0000
0.0000
0.0000
0.0000
0.0000
0.0000
0.0000
0.0000
0.0000
0.0000
0.0000
0.0000
0.0000
0.0000
0.0000
0.0000
0.0000
0.0000
0.0000
0.0000
0.0000
0.0000
0.0000
68.3594
68.3594
131.8359
131.8359
156.2500
156.2500
151.3672
151.3672
190.4297
190.4297
288.0859
288.0859
332.0312
332.0312
346.6797
346.6797
336.9141
336.9141
405.2734
405.2734
468.7500
468.7500
502.9297
502.9297
502.9297
502.9297
532.2266
532.2266
610.3516
610.3516
639.6484
639.6484
673.8281
673.8281
732.4219
732.4219
908.2031
908.2031
1113.2812
1113.2812
1250.0000
1250.0000
1274.4141
1274.4141
1186.5234
1186.5234
1049.8047
1049.8047
800.7812
800.7812
517.5781
517.5781
263.6719
263.6719
141.6016
141.6016
78.1250
78.1250
0.0000
0.0000
0.0000
0.0000
0.0000
0.0000
0.0000
0.0000
0.0000
0.0000
0.0000
0.0000
0.0000
0.0000
0.0000
0.0000
0.0000
0.0000
0.0000
0.0000
0.0000
0.0000
0.0000
0.0000
0.0000
0.0000
0.0000
0.0000
0.0000
0.0000
0.0000
0.0000
0.0000
0.0000
0.0000
0.0000
0.0000
0.0000
0.0000
0.0000
0.0000
0.0000
0.0000
0.0000
0.0000
0.0000
0.0000
0.0000
0.0000
0.0000
0.0000
0.0000
0.0000
0.0000
19.5312
19.5312
63.4766
63.4766
78.1250
78.1250
136.7187
136.7187
166.0156
166.0156
175.7812
175.7812
175.7812
175.7812
229.4922
229.4922
332.0312
332.0312
385.7422
385.7422
415.0391
415.0391
400.3906
400.3906
449.2187
449.2187
488.2812
488.2812
512.6953
512.6953
512.6953
512.6953
541.9922
541.9922
620.1172
620.1172
615.2344
615.2344
571.2891
571.2891
502.9297
502.9297
527.3437
527.3437
566.4062
566.4062
566.4062
566.4062
546.8750
546.8750
556.6406
556.6406
649.4141
649.4141
732.4219
732.4219
844.7266
844.7266
947.2656
947.2656
1074.2187
1074.2187
1147.4609
1147.4609
1079.1016
1079.1016
893.5547
893.5547
678.7109
678.7109
512.6953
512.6953
332.0312
332.0312
190.4297
190.4297
83.0078
83.0078
87.8906
87.8906
131.8359
131.8359
117.1875
117.1875
29.2969
29.2969
0.0000
0.0000
0.0000
0.0000
0.0000
0.0000
0.0000
0.0000
0.0000
0.0000
0.0000
0.0000
0.0000
0.0000
0.0000
0.0000
0.0000
0.0000
0.0000
0.0000
0.0000
0.0000
0.0000
0.0000
0.0000
0.0000
0.0000
0.0000
0.0000
0.0000
0.0000
0.0000
0.0000
0.0000
0.0000
0.0000
0.0000
0.0000
0.0000
0.0000
0.0000
0.0000
0.0000
0.0000
0.0000
0.0000
0.0000
0.0000
0.0000
0.0000
0.0000
0.0000
0.0000
0.0000
0.0000
0.0000
0.0000
0.0000
0.0000
0.0000
0.0000
0.0000
0.0000
0.0000
4.8828
4.8828
102.5391
102.5391
136.7187
136.7187
136.7187
136.7187
107.4219
107.4219
161.1328
161.1328
229.4922
229.4922
273.4375
273.4375
312.5000
312.5000
366.2109
366.2109
463.8672
463.8672
507.8125
507.8125
502.9297
502.9297
483.3984
483.3984
541.9922
541.9922
620.1172
620.1172
673.8281
673.8281
732.4219
732.4219
839.8437
839.8437
1035.1562
1035.1562
1162.1094
1162.1094
1181.6406
1181.6406
1074.2187
1074.2187
917.9687
917.9687
717.7734
717.7734
454.1016
454.1016
195.3125
195.3125
14.6484
14.6484
0.0000
0.0000
0.0000
0.0000
0.0000
0.0000
0.0000
0.0000
0.0000
0.0000
0.0000
0.0000
0.0000
0.0000
0.0000
0.0000
0.0000
0.0000
0.0000
0.0000
0.0000
0.0000
0.0000
0.0000
0.0000
0.0000
0.0000
0.0000
0.0000
0.0000
0.0000
0.0000
0.0000
0.0000
0.0000
0.0000
0.0000
0.0000
0.0000
0.0000
0.0000
0.0000
0.0000
0.0000
0.0000
0.0000
0.0000
0.0000
0.0000
0.0000
0.0000
0.0000
14.6484
14.6484
141.6016
141.6016
234.3750
234.3750
258.7891
258.7891
239.2578
239.2578
249.0234
249.0234
336.9141
336.9141
380.8594
380.8594
405.2734
405.2734
390.6250
390.6250
434.5703
434.5703
458.9844
458.9844
439.4531
439.4531
410.1562
410.1562
434.5703
434.5703
537.1094
537.1094
590.8203
590.8203
625.0000
625.0000
610.3516
610.3516
659.1797
659.1797
717.7734
717.7734
747.0703
747.0703
766.6016
766.6016
795.8984
795.8984
878.9062
893.5547
893.5547
893.5547
874.0234
874.0234
815.4297
815.4297
825.1953
825.1953
898.4375
898.4375
961.9141
961.9141
1035.1562
1035.1562
1108.3984
1108.3984
1210.9375
1210.9375
1201.1719
1069.3359
1069.3359
1069.3359
820.3125
820.3125
576.1719
576.1719
366.2109
366.2109
156.2500
156.2500
4.8828
4.8828
0.0000
0.0000
0.0000
0.0000
19.5312
19.5312
0.0000
0.0000
0.0000
0.0000
0.0000
0.0000
0.0000
0.0000
0.0000
0.0000
0.0000
0.0000
0.0000
0.0000
0.0000
0.0000
0.0000
0.0000
0.0000
0.0000
0.0000
0.0000
0.0000
0.0000
0.0000
0.0000
0.0000
0.0000
0.0000
0.0000
0.0000
0.0000
0.0000
0.0000
0.0000
0.0000
0.0000
0.0000
0.0000
0.0000
0.0000
0.0000
0.0000
0.0000
0.0000
0.0000
0.0000
0.0000
0.0000
0.0000
0.0000
0.0000
0.0000
0.0000
0.0000
0.0000
0.0000
0.0000
0.0000
0.0000
0.0000
0.0000
0.0000
0.0000
0.0000
0.0000
0.0000
0.0000
0.0000
24.4141
24.4141
19.5312
19.5312
14.6484
14.6484
24.4141
24.4141
126.9531
126.9531
209.9609
209.9609
273.4375
273.4375
288.0859
288.0859
336.9141
336.9141
415.0391
415.0391
449.2187
449.2187
473.6328
473.6328
478.5156
478.5156
541.9922
541.9922
571.2891
571.2891
581.0547
581.0547
605.4687
605.4687
722.6562
722.6562
927.7344
927.7344
1044.9219
1044.9219
1049.8047
1049.8047
917.9687
917.9687
756.8359
756.8359
522.4609
522.4609
283.2031
283.2031
92.7734
92.7734
29.2969
29.2969
78.1250
78.1250
78.1250
78.1250
9.7656
9.7656
0.0000
0.0000
0.0000
0.0000
0.0000
0.0000
0.0000
0.0000
0.0000
0.0000
0.0000
0.0000
0.0000
0.0000
0.0000
0.0000
0.0000
0.0000
0.0000
0.0000
0.0000
0.0000
0.0000
0.0000
0.0000
0.0000
0.0000
0.0000
0.0000
0.0000
0.0000
0.0000
0.0000
0.0000
0.0000
0.0000
0.0000
0.0000
0.0000
0.0000
0.0000
0.0000
0.0000
0.0000
0.0000
0.0000
0.0000
0.0000
58.5937
58.5937
146.4844
146.4844
195.3125
195.3125
200.1953
200.1953
253.9062
253.9062
332.0312
332.0312
356.4453
356.4453
356.4453
356.4453
356.4453
356.4453
444.3359
444.3359
478.5156
478.5156
463.8672
463.8672
419.9219
419.9219
429.6875
429.6875
488.2812
488.2812
502.9297
502.9297
507.8125
507.8125
527.3437
527.3437
615.2344
615.2344
668.9453
668.9453
683.5937
683.5937
659.1797
659.1797
673.8281
673.8281
727.5391
727.5391
737.3047
737.3047
742.1875
742.1875
761.7187
761.7187
883.7891
883.7891
1020.5078
1020.5078
1103.5156
1103.5156
1098.6328
1098.6328
1020.5078
1020.5078
922.8516
922.8516
708.0078
708.0078
424.8047
424.8047
146.4844
146.4844
0.0000
0.0000
0.0000
0.0000
0.0000
0.0000
0.0000
0.0000
0.0000
0.0000
0.0000
0.0000
0.0000
0.0000
0.0000
0.0000
0.0000
0.0000
0.0000
0.0000
0.0000
0.0000
0.0000
0.0000
0.0000
0.0000
0.0000
0.0000
0.0000
0.0000
0.0000
0.0000
0.0000
0.0000
0.0000
0.0000
0.0000
0.0000
0.0000
0.0000
0.0000
0.0000
0.0000
0.0000
0.0000
0.0000
0.0000
0.0000
0.0000
0.0000
0.0000
0.0000
0.0000
0.0000
0.0000
0.0000
0.0000
0.0000
0.0000
0.0000
0.0000
0.0000
0.0000
0.0000
39.0625
39.0625
73.2422
73.2422
92.7734
92.7734
97.6562
97.6562
151.3672
151.3672
244.1406
244.1406
283.2031
283.2031
302.7344
302.7344
297.8516
297.8516
361.3281
361.3281
415.0391
415.0391
439.4531
439.4531
434.5703
434.5703
454.1016
454.1016
522.4609
522.4609
556.6406
556.6406
566.4062
566.4062
561.5234
561.5234
629.8828
629.8828
688.4766
688.4766
698.2422
698.2422
673.8281
673.8281
708.0078
708.0078
854.4922
854.4922
1010.7422
1010.7422
1137.6953
1137.6953
1181.6406
1181.6406
1157.2266
1157.2266
1000.9766
1000.9766
703.1250
703.1250
366.2109
366.2109
112.3047
112.3047
29.2969
29.2969
0.0000
0.0000
0.0000
0.0000
0.0000
0.0000
0.0000
0.0000
0.0000
0.0000
0.0000
0.0000
0.0000
0.0000
0.0000
0.0000
0.0000
0.0000
0.0000
0.0000
0.0000
0.0000
0.0000
0.0000
0.0000
0.0000
0.0000
0.0000
0.0000
0.0000
0.0000
0.0000
0.0000
0.0000
0.0000
0.0000
0.0000
0.0000
0.0000
0.0000
0.0000
0.0000
0.0000
0.0000
0.0000
0.0000
0.0000
0.0000
0.0000
0.0000
0.0000
0.0000
0.0000
0.0000
0.0000
0.0000
0.0000
0.0000
0.0000
0.0000
0.0000
0.0000
102.5391
102.5391
161.1328
161.1328
170.8984
170.8984
161.1328
161.1328
234.3750
234.3750
307.6172
307.6172
356.4453
356.4453
385.7422
385.7422
424.8047
424.8047
502.9297
502.9297
512.6953
512.6953
498.0469
498.0469
463.8672
463.8672
522.4609
522.4609
581.0547
581.0547
595.7031
595.7031
585.9375
585.9375
571.2891
571.2891
605.4687
605.4687
595.7031
595.7031
566.4062
566.4062
527.3437
527.3437
566.4062
566.4062
644.5312
644.5312
732.4219
732.4219
844.7266
844.7266
966.7969
966.7969
1103.5156
1103.5156
1118.1641
1118.1641
996.0937
996.0937
747.0703
747.0703
483.3984
483.3984
244.1406
244.1406
14.6484
14.6484
0.0000
0.0000
0.0000
0.0000
0.0000
0.0000
0.0000
0.0000
0.0000
0.0000
0.0000
0.0000
0.0000
0.0000
0.0000
0.0000
0.0000
0.0000
0.0000
0.0000
0.0000
0.0000
0.0000
0.0000
0.0000
0.0000
0.0000
0.0000
0.0000
0.0000
0.0000
0.0000
0.0000
0.0000
0.0000
0.0000
0.0000
0.0000
0.0000
0.0000
0.0000
0.0000
0.0000
0.0000
0.0000
0.0000
0.0000
0.0000
0.0000
0.0000
0.0000
0.0000
0.0000
0.0000
0.0000
0.0000
0.0000
0.0000
0.0000
0.0000
0.0000
0.0000
0.0000
0.0000
0.0000
0.0000
0.0000
0.0000
0.0000
0.0000
0.0000
0.0000
19.5312
19.5312
19.5312
19.5312
97.6562
97.6562
190.4297
190.4297
244.1406
244.1406
263.6719
263.6719
288.0859
288.0859
371.0937
371.0937
390.6250
390.6250
390.6250
390.6250
375.9766
375.9766
434.5703
434.5703
517.5781
517.5781
541.9922
541.9922
527.3437
527.3437
498.0469
498.0469
537.1094
537.1094
556.6406
556.6406
581.0547
581.0547
620.1172
620.1172
766.6016
766.6016
966.7969
966.7969
1103.5156
1103.5156
1152.3437
1152.3437
1108.3984
1108.3984
1030.2734
1030.2734
854.4922
854.4922
639.6484
639.6484
415.0391
415.0391
278.3203
278.3203
214.8437
214.8437
141.6016
141.6016
53.7109
53.7109
0.0000
0.0000
0.0000
0.0000
0.0000
0.0000
0.0000
0.0000
0.0000
0.0000
0.0000
0.0000
0.0000
0.0000
0.0000
0.0000
0.0000
0.0000
0.0000
0.0000
0.0000
0.0000
0.0000
0.0000
0.0000
0.0000
0.0000
0.0000
0.0000
0.0000
0.0000
0.0000
0.0000
0.0000
0.0000
0.0000
0.0000
0.0000
0.0000
0.0000
0.0000
0.0000
0.0000
0.0000
0.0000
0.0000
0.0000
0.0000
0.0000
0.0000
0.0000
0.0000
0.0000
0.0000
39.0625
39.0625
107.4219
107.4219
175.7812
175.7812
205.0781
205.0781
224.6094
224.6094
278.3203
278.3203
395.5078
395.5078
449.2187
449.2187
468.7500
468.7500
444.3359
444.3359
468.7500
468.7500
507.8125
507.8125
522.4609
522.4609
517.5781
517.5781
527.3437
527.3437
610.3516
610.3516
639.6484
639.6484
639.6484
639.6484
600.5859
600.5859
610.3516
610.3516
634.7656
634.7656
610.3516
610.3516
571.2891
571.2891
566.4062
566.4062
703.1250
703.1250
859.3750
859.3750
996.0937
996.0937
1054.6875
1054.6875
1044.9219
1044.9219
937.5000
937.5000
659.1797
659.1797
322.2656
322.2656
53.7109
53.7109
0.0000
0.0000
0.0000
0.0000
68.3594
68.3594
112.3047
112.3047
107.4219
107.4219
43.9453
43.9453
0.0000
0.0000
0.0000
0.0000
0.0000
0.0000
0.0000
0.0000
0.0000
0.0000
0.0000
0.0000
0.0000
0.0000
0.0000
0.0000
0.0000
0.0000
0.0000
0.0000
0.0000
0.0000
0.0000
0.0000
0.0000
0.0000
0.0000
0.0000
0.0000
0.0000
0.0000
0.0000
0.0000
0.0000
0.0000
0.0000
0.0000
0.0000
0.0000
0.0000
0.0000
0.0000
0.0000
0.0000
43.9453
43.9453
102.5391
102.5391
126.9531
126.9531
151.3672
151.3672
239.2578
239.2578
278.3203
278.3203
288.0859
288.0859
253.9062
253.9062
268.5547
268.5547
312.5000
312.5000
327.1484
327.1484
341.7969
341.7969
366.2109
366.2109
463.8672
463.8672
517.5781
517.5781
532.2266
532.2266
517.5781
517.5781
561.5234
561.5234
639.6484
639.6484
683.5937
683.5937
712.8906
712.8906
722.6562
722.6562
786.1328
786.1328
786.1328
786.1328
756.8359
756.8359
742.1875
742.1875
820.3125
820.3125
996.0937
996.0937
1137.6953
1137.6953
1220.7031
1220.7031
1186.5234
1186.5234
1098.6328
1098.6328
893.5547
893.5547
620.1172
620.1172
356.4453
356.4453
175.7812
175.7812
107.4219
107.4219
43.9453
0.0000
0.0000
0.0000
0.0000
0.0000
0.0000
0.0000
0.0000
0.0000
0.0000
0.0000
0.0000
0.0000
0.0000
0.0000
0.0000
0.0000
0.0000
0.0000
0.0000
0.0000
0.0000
0.0000
0.0000
0.0000
0.0000
0.0000
0.0000
0.0000
0.0000
0.0000
0.0000
0.0000
0.0000
0.0000
0.0000
0.0000
0.0000
0.0000
0.0000
0.0000
0.0000
0.0000
0.0000
0.0000
0.0000
0.0000
0.0000
0.0000
0.0000
0.0000
0.0000
0.0000
0.0000
0.0000
0.0000
0.0000
0.0000
0.0000
0.0000
53.7109
53.7109
107.4219
107.4219
146.4844
146.4844
170.8984
170.8984
244.1406
244.1406
278.3203
278.3203
273.4375
273.4375
244.1406
244.1406
253.9062
253.9062
317.3828
317.3828
341.7969
341.7969
356.4453
356.4453
351.5625
351.5625
410.1562
410.1562
444.3359
444.3359
449.2187
449.2187
429.6875
429.6875
458.9844
458.9844
541.9922
541.9922
576.1719
576.1719
581.0547
581.0547
546.8750
546.8750
571.2891
