727.5391
727.5391
634.7656
634.7656
532.2266
532.2266
317.3828
317.3828
53.7109
53.7109
0.0000
0.0000
0.0000
0.0000
0.0000
0.0000
0.0000
0.0000
0.0000
0.0000
0.0000
0.0000
43.9453
43.9453
131.8359
131.8359
117.1875
117.1875
19.5312
19.5312
0.0000
0.0000
0.0000
0.0000
0.0000
0.0000
0.0000
0.0000
0.0000
0.0000
0.0000
0.0000
0.0000
0.0000
0.0000
0.0000
0.0000
0.0000
0.0000
0.0000
0.0000
0.0000
0.0000
0.0000
0.0000
0.0000
0.0000
0.0000
0.0000
0.0000
0.0000
0.0000
0.0000
0.0000
0.0000
0.0000
0.0000
0.0000
0.0000
0.0000
0.0000
0.0000
0.0000
0.0000
0.0000
0.0000
0.0000
0.0000
0.0000
0.0000
0.0000
0.0000
0.0000
0.0000
0.0000
0.0000
0.0000
0.0000
0.0000
0.0000
19.5312
19.5312
34.1797
34.1797
14.6484
14.6484
0.0000
0.0000
14.6484
14.6484
102.5391
102.5391
131.8359
131.8359
141.6016
141.6016
156.2500
156.2500
136.7187
136.7187
141.6016
141.6016
224.6094
224.6094
327.1484
327.1484
356.4453
356.4453
356.4453
356.4453
341.7969
341.7969
288.0859
288.0859
258.7891
258.7891
307.6172
307.6172
356.4453
356.4453
346.6797
346.6797
341.7969
341.7969
327.1484
327.1484
288.0859
288.0859
302.7344
302.7344
390.6250
390.6250
454.1016
454.1016
449.2187
449.2187
444.3359
444.3359
429.6875
429.6875
395.5078
395.5078
419.9219
419.9219
517.5781
517.5781
590.8203
590.8203
615.2344
615.2344
649.4141
649.4141
664.0625
664.0625
654.2969
654.2969
698.2422
698.2422
800.7812
800.7812
849.6094
849.6094
849.6094
849.6094
864.2578
864.2578
878.9062
878.9062
893.5547
893.5547
976.5625
976.5625
1103.5156
1103.5156
1113.2812
1113.2812
1000.9766
1000.9766
795.8984
795.8984
468.7500
468.7500
117.1875
117.1875
0.0000
0.0000
0.0000
0.0000
0.0000
0.0000
0.0000
0.0000
0.0000
0.0000
0.0000
0.0000
0.0000
0.0000
63.4766
63.4766
161.1328
161.1328
107.4219
107.4219
0.0000
0.0000
0.0000
0.0000
0.0000
0.0000
0.0000
0.0000
0.0000
0.0000
0.0000
0.0000
0.0000
0.0000
0.0000
0.0000
0.0000
0.0000
0.0000
0.0000
0.0000
0.0000
0.0000
0.0000
0.0000
0.0000
0.0000
0.0000
0.0000
0.0000
0.0000
0.0000
0.0000
0.0000
0.0000
0.0000
0.0000
0.0000
0.0000
0.0000
0.0000
0.0000
0.0000
0.0000
0.0000
0.0000
0.0000
0.0000
0.0000
0.0000
0.0000
0.0000
0.0000
0.0000
0.0000
0.0000
0.0000
0.0000
0.0000
0.0000
0.0000
0.0000
0.0000
0.0000
0.0000
0.0000
0.0000
0.0000
0.0000
0.0000
0.0000
0.0000
0.0000
0.0000
0.0000
0.0000
0.0000
0.0000
97.6562
97.6562
126.9531
126.9531
131.8359
131.8359
136.7187
136.7187
97.6562
97.6562
87.8906
87.8906
151.3672
151.3672
234.3750
234.3750
253.9062
253.9062
258.7891
258.7891
258.7891
258.7891
224.6094
224.6094
224.6094
224.6094
302.7344
302.7344
375.9766
375.9766
375.9766
375.9766
385.7422
385.7422
371.0937
371.0937
312.5000
312.5000
297.8516
297.8516
356.4453
356.4453
385.7422
385.7422
351.5625
351.5625
327.1484
327.1484
288.0859
288.0859
239.2578
239.2578
258.7891
258.7891
351.5625
351.5625
419.9219
419.9219
444.3359
444.3359
478.5156
478.5156
483.3984
483.3984
468.7500
468.7500
507.8125
507.8125
610.3516
610.3516
659.1797
659.1797
673.8281
673.8281
708.0078
708.0078
717.7734
717.7734
727.5391
727.5391
795.8984
795.8984
922.8516
922.8516
996.0937
996.0937
1030.2734
1030.2734
1064.4531
1064.4531
1044.9219
1044.9219
991.2109
991.2109
966.7969
966.7969
961.9141
961.9141
874.0234
874.0234
708.0078
708.0078
473.6328
473.6328
146.4844
146.4844
0.0000
0.0000
0.0000
0.0000
0.0000
0.0000
0.0000
0.0000
0.0000
0.0000
0.0000
0.0000
0.0000
0.0000
0.0000
0.0000
0.0000
0.0000
0.0000
0.0000
0.0000
0.0000
0.0000
0.0000
0.0000
0.0000
0.0000
0.0000
0.0000
0.0000
0.0000
0.0000
0.0000
0.0000
0.0000
0.0000
0.0000
0.0000
0.0000
0.0000
0.0000
0.0000
0.0000
0.0000
0.0000
0.0000
0.0000
0.0000
0.0000
0.0000
0.0000
0.0000
0.0000
0.0000
0.0000
0.0000
0.0000
0.0000
0.0000
0.0000
0.0000
0.0000
0.0000
0.0000
0.0000
0.0000
0.0000
0.0000
0.0000
0.0000
0.0000
0.0000
0.0000
0.0000
0.0000
0.0000
0.0000
0.0000
0.0000
0.0000
0.0000
0.0000
0.0000
0.0000
0.0000
0.0000
0.0000
0.0000
0.0000
0.0000
0.0000
0.0000
0.0000
0.0000
0.0000
0.0000
0.0000
0.0000
0.0000
0.0000
43.9453
43.9453
63.4766
63.4766
87.8906
87.8906
112.3047
112.3047
107.4219
107.4219
151.3672
151.3672
268.5547
268.5547
380.8594
380.8594
410.1562
410.1562
424.8047
424.8047
410.1562
410.1562
346.6797
346.6797
332.0312
332.0312
385.7422
385.7422
415.0391
415.0391
390.6250
390.6250
390.6250
390.6250
375.9766
375.9766
346.6797
346.6797
371.0937
371.0937
444.3359
444.3359
473.6328
473.6328
444.3359
444.3359
424.8047
424.8047
375.9766
375.9766
332.0312
332.0312
371.0937
371.0937
473.6328
473.6328
522.4609
522.4609
541.9922
541.9922
566.4062
566.4062
561.5234
561.5234
566.4062
566.4062
654.2969
654.2969
815.4297
815.4297
932.6172
932.6172
1030.2734
1030.2734
1103.5156
1103.5156
1074.2187
1074.2187
961.9141
961.9141
815.4297
815.4297
620.1172
620.1172
336.9141
336.9141
78.1250
78.1250
0.0000
0.0000
0.0000
0.0000
0.0000
0.0000
0.0000
0.0000
146.4844
146.4844
273.4375
273.4375
327.1484
327.1484
288.0859
288.0859
117.1875
117.1875
0.0000
0.0000
0.0000
0.0000
0.0000
0.0000
0.0000
0.0000
0.0000
0.0000
0.0000
0.0000
0.0000
0.0000
0.0000
0.0000
0.0000
0.0000
0.0000
0.0000
0.0000
0.0000
0.0000
0.0000
0.0000
0.0000
0.0000
0.0000
0.0000
0.0000
0.0000
0.0000
0.0000
0.0000
0.0000
0.0000
0.0000
0.0000
0.0000
0.0000
0.0000
0.0000
0.0000
0.0000
0.0000
0.0000
0.0000
0.0000
0.0000
0.0000
0.0000
0.0000
0.0000
0.0000
0.0000
0.0000
0.0000
0.0000
0.0000
0.0000
0.0000
0.0000
0.0000
0.0000
0.0000
0.0000
0.0000
0.0000
0.0000
0.0000
0.0000
0.0000
0.0000
0.0000
0.0000
0.0000
0.0000
0.0000
0.0000
0.0000
0.0000
0.0000
0.0000
0.0000
0.0000
0.0000
0.0000
0.0000
0.0000
0.0000
0.0000
0.0000
0.0000
0.0000
0.0000
0.0000
0.0000
0.0000
83.0078
156.2500
156.2500
170.8984
170.8984
190.4297
190.4297
180.6641
180.6641
156.2500
156.2500
200.1953
200.1953
307.6172
307.6172
371.0937
371.0937
395.5078
395.5078
429.6875
429.6875
419.9219
419.9219
405.2734
405.2734
449.2187
449.2187
532.2266
532.2266
551.7578
551.7578
551.7578
551.7578
585.9375
585.9375
595.7031
595.7031
644.5312
644.5312
771.4844
771.4844
917.9687
917.9687
966.7969
966.7969
966.7969
966.7969
922.8516
922.8516
815.4297
815.4297
722.6562
722.6562
668.9453
668.9453
561.5234
561.5234
351.5625
351.5625
151.3672
151.3672
0.0000
0.0000
0.0000
0.0000
0.0000
0.0000
0.0000
0.0000
0.0000
0.0000
0.0000
0.0000
9.7656
9.7656
48.8281
48.8281
9.7656
9.7656
0.0000
0.0000
0.0000
0.0000
0.0000
0.0000
0.0000
0.0000
0.0000
0.0000
0.0000
0.0000
0.0000
0.0000
0.0000
0.0000
0.0000
0.0000
0.0000
0.0000
0.0000
0.0000
0.0000
0.0000
0.0000
0.0000
0.0000
0.0000
0.0000
0.0000
0.0000
0.0000
0.0000
0.0000
0.0000
0.0000
0.0000
0.0000
0.0000
0.0000
0.0000
0.0000
0.0000
0.0000
0.0000
0.0000
0.0000
0.0000
0.0000
0.0000
0.0000
0.0000
0.0000
0.0000
0.0000
0.0000
0.0000
0.0000
63.4766
63.4766
87.8906
87.8906
97.6562
97.6562
87.8906
87.8906
34.1797
34.1797
19.5312
19.5312
92.7734
92.7734
161.1328
161.1328
175.7812
175.7812
200.1953
200.1953
195.3125
195.3125
161.1328
161.1328
161.1328
161.1328
224.6094
224.6094
249.0234
249.0234
224.6094
224.6094
219.7266
219.7266
195.3125
195.3125
156.2500
156.2500
185.5469
185.5469
278.3203
278.3203
317.3828
317.3828
307.6172
307.6172
302.7344
302.7344
249.0234
249.0234
190.4297
190.4297
209.9609
209.9609
283.2031
283.2031
307.6172
307.6172
312.5000
312.5000
327.1484
327.1484
297.8516
297.8516
288.0859
288.0859
336.9141
336.9141
424.8047
424.8047
449.2187
449.2187
463.8672
463.8672
483.3984
483.3984
478.5156
478.5156
502.9297
502.9297
595.7031
595.7031
722.6562
722.6562
800.7812
800.7812
874.0234
874.0234
952.1484
952.1484
976.5625
976.5625
986.3281
986.3281
1000.9766
1000.9766
952.1484
952.1484
761.7187
761.7187
527.3437
527.3437
268.5547
268.5547
29.2969
29.2969
0.0000
0.0000
0.0000
0.0000
0.0000
0.0000
19.5312
19.5312
92.7734
92.7734
126.9531
126.9531
87.8906
87.8906
39.0625
39.0625
29.2969
29.2969
0.0000
0.0000
0.0000
0.0000
0.0000
0.0000
0.0000
0.0000
0.0000
0.0000
0.0000
0.0000
0.0000
0.0000
0.0000
0.0000
0.0000
0.0000
0.0000
0.0000
0.0000
0.0000
0.0000
0.0000
0.0000
0.0000
0.0000
0.0000
0.0000
0.0000
0.0000
0.0000
0.0000
0.0000
0.0000
0.0000
0.0000
0.0000
0.0000
0.0000
0.0000
0.0000
0.0000
0.0000
0.0000
0.0000
0.0000
0.0000
0.0000
0.0000
0.0000
0.0000
0.0000
0.0000
0.0000
0.0000
0.0000
0.0000
0.0000
0.0000
0.0000
0.0000
0.0000
0.0000
0.0000
0.0000
0.0000
0.0000
0.0000
0.0000
0.0000
0.0000
0.0000
0.0000
0.0000
0.0000
0.0000
0.0000
0.0000
0.0000
19.5312
19.5312
92.7734
92.7734
112.3047
112.3047
151.3672
151.3672
161.1328
161.1328
166.0156
166.0156
234.3750
234.3750
366.2109
366.2109
458.9844
458.9844
488.2812
488.2812
517.5781
517.5781
498.0469
498.0469
458.9844
458.9844
478.5156
478.5156
541.9922
541.9922
566.4062
566.4062
566.4062
566.4062
585.9375
585.9375
571.2891
571.2891
561.5234
561.5234
610.3516
610.3516
683.5937
683.5937
673.8281
673.8281
629.8828
629.8828
590.8203
590.8203
517.5781
517.5781
493.1641
493.1641
566.4062
566.4062
683.5937
683.5937
747.0703
747.0703
795.8984
795.8984
844.7266
844.7266
825.1953
825.1953
786.1328
786.1328
766.6016
766.6016
693.3594
693.3594
478.5156
478.5156
205.0781
205.0781
0.0000
0.0000
0.0000
0.0000
0.0000
0.0000
0.0000
0.0000
0.0000
0.0000
0.0000
0.0000
0.0000
0.0000
24.4141
24.4141
73.2422
73.2422
97.6562
97.6562
126.9531
126.9531
78.1250
78.1250
0.0000
0.0000
0.0000
0.0000
0.0000
0.0000
0.0000
0.0000
0.0000
0.0000
0.0000
0.0000
0.0000
0.0000
0.0000
0.0000
0.0000
0.0000
0.0000
0.0000
0.0000
0.0000
0.0000
0.0000
0.0000
0.0000
0.0000
0.0000
0.0000
0.0000
0.0000
0.0000
0.0000
0.0000
0.0000
0.0000
0.0000
0.0000
0.0000
0.0000
0.0000
0.0000
0.0000
0.0000
0.0000
0.0000
0.0000
0.0000
0.0000
0.0000
0.0000
0.0000
0.0000
0.0000
0.0000
0.0000
0.0000
0.0000
0.0000
0.0000
0.0000
0.0000
0.0000
0.0000
0.0000
0.0000
0.0000
0.0000
48.8281
48.8281
107.4219
107.4219
156.2500
156.2500
166.0156
166.0156
219.7266
219.7266
336.9141
336.9141
424.8047
424.8047
449.2187
449.2187
468.7500
468.7500
444.3359
444.3359
405.2734
405.2734
424.8047
424.8047
502.9297
502.9297
532.2266
532.2266
532.2266
532.2266
546.8750
546.8750
532.2266
532.2266
517.5781
517.5781
561.5234
561.5234
644.5312
644.5312
668.9453
668.9453
659.1797
659.1797
644.5312
644.5312
585.9375
585.9375
541.9922
541.9922
576.1719
576.1719
649.4141
649.4141
659.1797
659.1797
664.0625
664.0625
673.8281
673.8281
644.5312
644.5312
634.7656
634.7656
693.3594
693.3594
761.7187
761.7187
751.9531
751.9531
747.0703
747.0703
761.7187
761.7187
766.6016
766.6016
815.4297
815.4297
922.8516
922.8516
1000.9766
1000.9766
947.2656
947.2656
800.7812
800.7812
566.4062
566.4062
253.9062
253.9062
0.0000
0.0000
0.0000
0.0000
0.0000
0.0000
0.0000
0.0000
0.0000
0.0000
0.0000
0.0000
0.0000
0.0000
92.7734
92.7734
205.0781
205.0781
229.4922
229.4922
136.7187
136.7187
19.5312
19.5312
0.0000
0.0000
0.0000
0.0000
0.0000
0.0000
0.0000
0.0000
0.0000
0.0000
0.0000
0.0000
0.0000
0.0000
0.0000
0.0000
0.0000
0.0000
0.0000
0.0000
0.0000
0.0000
0.0000
0.0000
0.0000
0.0000
0.0000
0.0000
0.0000
0.0000
0.0000
0.0000
0.0000
0.0000
0.0000
0.0000
0.0000
0.0000
0.0000
0.0000
0.0000
0.0000
0.0000
0.0000
0.0000
0.0000
0.0000
0.0000
0.0000
0.0000
0.0000
0.0000
0.0000
0.0000
0.0000
0.0000
0.0000
0.0000
0.0000
0.0000
0.0000
0.0000
0.0000
0.0000
0.0000
0.0000
0.0000
0.0000
29.2969
29.2969
29.2969
29.2969
63.4766
63.4766
175.7812
175.7812
268.5547
268.5547
292.9687
292.9687
312.5000
312.5000
297.8516
297.8516
268.5547
268.5547
283.2031
283.2031
366.2109
366.2109
400.3906
400.3906
380.8594
380.8594
366.2109
366.2109
297.8516
297.8516
224.6094
224.6094
209.9609
209.9609
253.9062
253.9062
249.0234
249.0234
229.4922
229.4922
224.6094
224.6094
195.3125
195.3125
175.7812
175.7812
219.7266
219.7266
297.8516
297.8516
312.5000
312.5000
302.7344
302.7344
302.7344
302.7344
278.3203
278.3203
288.0859
288.0859
375.9766
375.9766
498.0469
498.0469
551.7578
551.7578
571.2891
571.2891
581.0547
581.0547
546.8750
546.8750
527.3437
527.3437
590.8203
590.8203
678.7109
678.7109
722.6562
722.6562
786.1328
786.1328
859.3750
859.3750
903.3203
903.3203
966.7969
966.7969
1059.5703
1059.5703
1103.5156
1103.5156
1025.3906
1025.3906
883.7891
883.7891
654.2969
654.2969
307.6172
307.6172
4.8828
4.8828
0.0000
0.0000
0.0000
0.0000
0.0000
0.0000
0.0000
0.0000
0.0000
0.0000
0.0000
0.0000
0.0000
0.0000
0.0000
0.0000
24.4141
24.4141
9.7656
9.7656
0.0000
0.0000
0.0000
0.0000
0.0000
0.0000
0.0000
0.0000
0.0000
0.0000
0.0000
0.0000
0.0000
0.0000
0.0000
0.0000
0.0000
0.0000
0.0000
0.0000
0.0000
0.0000
0.0000
0.0000
0.0000
0.0000
0.0000
0.0000
0.0000
0.0000
0.0000
0.0000
0.0000
0.0000
0.0000
0.0000
0.0000
0.0000
0.0000
0.0000
0.0000
0.0000
0.0000
0.0000
0.0000
0.0000
0.0000
0.0000
0.0000
0.0000
0.0000
0.0000
0.0000
0.0000
0.0000
0.0000
0.0000
0.0000
0.0000
0.0000
0.0000
0.0000
0.0000
0.0000
0.0000
0.0000
0.0000
0.0000
0.0000
0.0000
0.0000
0.0000
0.0000
0.0000
0.0000
0.0000
0.0000
0.0000
43.9453
43.9453
63.4766
63.4766
73.2422
73.2422
53.7109
53.7109
19.5312
34.1797
34.1797
122.0703
122.0703
175.7812
175.7812
195.3125
195.3125
239.2578
239.2578
239.2578
253.9062
253.9062
273.4375
273.4375
341.7969
341.7969
458.9844
458.9844
498.0469
493.1641
493.1641
478.5156
478.5156
429.6875
429.6875
395.5078
395.5078
395.5078
429.6875
429.6875
498.0469
498.0469
498.0469
498.0469
478.5156
473.6328
473.6328
429.6875
429.6875
419.9219
419.9219
502.9297
502.9297
625.0000
625.0000
693.3594
693.3594
732.4219
732.4219
737.3047
737.3047
654.2969
654.2969
546.8750
546.8750
463.8672
463.8672
341.7969
341.7969
151.3672
151.3672
0.0000
0.0000
0.0000
0.0000
0.0000
0.0000
0.0000
0.0000
0.0000
0.0000
63.4766
63.4766
126.9531
126.9531
161.1328
161.1328
136.7187
136.7187
58.5937
58.5937
4.8828
4.8828
9.7656
9.7656
0.0000
0.0000
0.0000
0.0000
0.0000
0.0000
0.0000
0.0000
0.0000
0.0000
0.0000
0.0000
0.0000
0.0000
0.0000
0.0000
0.0000
0.0000
0.0000
0.0000
0.0000
0.0000
0.0000
0.0000
0.0000
0.0000
0.0000
0.0000
0.0000
0.0000
0.0000
0.0000
0.0000
0.0000
0.0000
0.0000
0.0000
0.0000
0.0000
0.0000
0.0000
0.0000
0.0000
0.0000
0.0000
0.0000
0.0000
0.0000
0.0000
0.0000
0.0000
0.0000
0.0000
0.0000
0.0000
0.0000
0.0000
0.0000
0.0000
0.0000
0.0000
0.0000
0.0000
0.0000
0.0000
0.0000
14.6484
14.6484
126.9531
126.9531
166.0156
166.0156
190.4297
190.4297
190.4297
190.4297
161.1328
161.1328
175.7812
175.7812
263.6719
263.6719
327.1484
327.1484
346.6797
346.6797
366.2109
366.2109
351.5625
351.5625
307.6172
307.6172
302.7344
302.7344
356.4453
356.4453
366.2109
366.2109
332.0312
332.0312
317.3828
317.3828
278.3203
278.3203
249.0234
249.0234
283.2031
283.2031
371.0937
371.0937
410.1562
410.1562
410.1562
410.1562
419.9219
419.9219
385.7422
385.7422
356.4453
356.4453
415.0391
415.0391
541.9922
541.9922
639.6484
639.6484
727.5391
727.5391
810.5469
810.5469
830.0781
830.0781
795.8984
795.8984
727.5391
727.5391
585.9375
585.9375
332.0312
332.0312
63.4766
63.4766
0.0000
0.0000
0.0000
0.0000
0.0000
0.0000
0.0000
0.0000
0.0000
0.0000
29.2969
29.2969
107.4219
107.4219
117.1875
117.1875
24.4141
24.4141
0.0000
0.0000
0.0000
0.0000
0.0000
0.0000
0.0000
0.0000
0.0000
0.0000
0.0000
0.0000
0.0000
0.0000
0.0000
0.0000
0.0000
0.0000
0.0000
0.0000
0.0000
0.0000
0.0000
0.0000
0.0000
0.0000
0.0000
0.0000
0.0000
0.0000
0.0000
0.0000
0.0000
0.0000
0.0000
0.0000
0.0000
0.0000
0.0000
0.0000
0.0000
0.0000
0.0000
0.0000
0.0000
0.0000
0.0000
0.0000
0.0000
0.0000
0.0000
0.0000
0.0000
0.0000
0.0000
0.0000
0.0000
0.0000
63.4766
63.4766
73.2422
73.2422
43.9453
43.9453
9.7656
9.7656
0.0000
0.0000
0.0000
0.0000
0.0000
0.0000
34.1797
34.1797
34.1797
34.1797
19.5312
19.5312
0.0000
0.0000
0.0000
0.0000
0.0000
0.0000
0.0000
0.0000
39.0625
39.0625
58.5937
58.5937
83.0078
83.0078
97.6562
97.6562
83.0078
83.0078
117.1875
117.1875
219.7266
219.7266
288.0859
288.0859
302.7344
302.7344
332.0312
332.0312
341.7969
341.7969
341.7969
341.7969
395.5078
395.5078
517.5781
517.5781
585.9375
585.9375
595.7031
595.7031
590.8203
590.8203
546.8750
546.8750
493.1641
493.1641
502.9297
502.9297
576.1719
576.1719
590.8203
590.8203
581.0547
581.0547
581.0547
581.0547
551.7578
551.7578
527.3437
527.3437
576.1719
576.1719
668.9453
668.9453
708.0078
708.0078
727.5391
727.5391
747.0703
747.0703
712.8906
712.8906
649.4141
649.4141
615.2344
615.2344
537.1094
537.1094
332.0312
332.0312
92.7734
92.7734
0.0000
0.0000
0.0000
0.0000
0.0000
0.0000
0.0000
0.0000
0.0000
0.0000
0.0000
0.0000
0.0000
0.0000
83.0078
83.0078
107.4219
107.4219
107.4219
107.4219
136.7187
136.7187
122.0703
122.0703
34.1797
34.1797
0.0000
0.0000
0.0000
0.0000
0.0000
0.0000
0.0000
0.0000
0.0000
0.0000
0.0000
0.0000
0.0000
0.0000
0.0000
0.0000
0.0000
0.0000
0.0000
0.0000
0.0000
0.0000
0.0000
0.0000
0.0000
0.0000
0.0000
0.0000
0.0000
0.0000
0.0000
0.0000
0.0000
0.0000
0.0000
0.0000
0.0000
0.0000
0.0000
0.0000
0.0000
0.0000
0.0000
0.0000
0.0000
0.0000
0.0000
0.0000
0.0000
0.0000
0.0000
0.0000
0.0000
0.0000
0.0000
0.0000
0.0000
0.0000
0.0000
0.0000
0.0000
0.0000
0.0000
0.0000
43.9453
43.9453
102.5391
102.5391
151.3672
151.3672
180.6641
180.6641
156.2500
156.2500
146.4844
146.4844
190.4297
190.4297
214.8437
214.8437
170.8984
170.8984
146.4844
146.4844
126.9531
126.9531
97.6562
97.6562
122.0703
122.0703
224.6094
224.6094
283.2031
283.2031
273.4375
273.4375
263.6719
263.6719
214.8437
214.8437
136.7187
136.7187
112.3047
112.3047
170.8984
170.8984
195.3125
195.3125
195.3125
195.3125
219.7266
219.7266
224.6094
224.6094
234.3750
234.3750
302.7344
302.7344
419.9219
419.9219
468.7500
468.7500
473.6328
473.6328
488.2812
488.2812
473.6328
473.6328
468.7500
468.7500
537.1094
537.1094
654.2969
654.2969
703.1250
703.1250
712.8906
712.8906
712.8906
712.8906
668.9453
668.9453
644.5312
644.5312
698.2422
698.2422
795.8984
795.8984
839.8437
839.8437
874.0234
874.0234
898.4375
898.4375
854.4922
854.4922
800.7812
800.7812
776.3672
776.3672
698.2422
698.2422
449.2187
449.2187
146.4844
146.4844
0.0000
0.0000
0.0000
0.0000
0.0000
0.0000
0.0000
0.0000
0.0000
0.0000
0.0000
0.0000
0.0000
0.0000
0.0000
0.0000
0.0000
0.0000
0.0000
0.0000
0.0000
0.0000
0.0000
0.0000
0.0000
0.0000
0.0000
0.0000
0.0000
0.0000
0.0000
0.0000
0.0000
0.0000
0.0000
0.0000
0.0000
0.0000
0.0000
0.0000
0.0000
0.0000
0.0000
0.0000
0.0000
0.0000
0.0000
0.0000
0.0000
0.0000
0.0000
0.0000
0.0000
0.0000
0.0000
0.0000
0.0000
0.0000
0.0000
0.0000
0.0000
0.0000
0.0000
0.0000
0.0000
0.0000
0.0000
0.0000
0.0000
0.0000
0.0000
0.0000
0.0000
0.0000
0.0000
0.0000
0.0000
0.0000
0.0000
0.0000
0.0000
0.0000
0.0000
0.0000
0.0000
0.0000
0.0000
0.0000
0.0000
0.0000
0.0000
0.0000
0.0000
0.0000
0.0000
0.0000
0.0000
0.0000
0.0000
0.0000
0.0000
0.0000
34.1797
34.1797
92.7734
92.7734
73.2422
73.2422
63.4766
63.4766
39.0625
39.0625
9.7656
9.7656
39.0625
39.0625
146.4844
146.4844
214.8437
214.8437
224.6094
224.6094
239.2578
239.2578
219.7266
219.7266
180.6641
180.6641
205.0781
205.0781
297.8516
297.8516
327.1484
327.1484
302.7344
302.7344
288.0859
288.0859
244.1406
244.1406
214.8437
214.8437
253.9062
253.9062
341.7969
341.7969
366.2109
366.2109
371.0937
371.0937
375.9766
375.9766
351.5625
351.5625
351.5625
351.5625
434.5703
434.5703
551.7578
551.7578
615.2344
615.2344
668.9453
668.9453
737.3047
737.3047
771.4844
771.4844
820.3125
820.3125
898.4375
898.4375
942.3828
942.3828
854.4922
854.4922
688.4766
688.4766
463.8672
463.8672
205.0781
205.0781
4.8828
4.8828
0.0000
0.0000
0.0000
0.0000
0.0000
0.0000
0.0000
0.0000
0.0000
0.0000
0.0000
0.0000
0.0000
0.0000
0.0000
0.0000
0.0000
0.0000
0.0000
0.0000
0.0000
0.0000
0.0000
0.0000
0.0000
0.0000
0.0000
0.0000
0.0000
0.0000
0.0000
0.0000
0.0000
0.0000
0.0000
0.0000
0.0000
0.0000
0.0000
0.0000
0.0000
0.0000
0.0000
0.0000
0.0000
0.0000
0.0000
0.0000
0.0000
0.0000
0.0000
0.0000
0.0000
0.0000
0.0000
0.0000
0.0000
0.0000
0.0000
0.0000
0.0000
0.0000
0.0000
0.0000
0.0000
0.0000
0.0000
0.0000
0.0000
0.0000
0.0000
0.0000
0.0000
0.0000
0.0000
0.0000
0.0000
0.0000
0.0000
0.0000
0.0000
0.0000
0.0000
0.0000
0.0000
0.0000
0.0000
0.0000
0.0000
0.0000
0.0000
0.0000
0.0000
0.0000
0.0000
0.0000
0.0000
0.0000
0.0000
0.0000
0.0000
0.0000
0.0000
0.0000
0.0000
0.0000
0.0000
0.0000
0.0000
0.0000
68.3594
68.3594
185.5469
185.5469
263.6719
263.6719
341.7969
341.7969
375.9766
375.9766
395.5078
395.5078
463.8672
463.8672
561.5234
561.5234
581.0547
581.0547
576.1719
576.1719
581.0547
581.0547
551.7578
551.7578
532.2266
532.2266
585.9375
585.9375
659.1797
659.1797
659.1797
659.1797
629.8828
629.8828
600.5859
600.5859
532.2266
532.2266
498.0469
498.0469
541.9922
541.9922
590.8203
590.8203
576.1719
576.1719
561.5234
537.1094
537.1094
483.3984
483.3984
488.2812
488.2812
581.0547
581.0547
581.0547
673.8281
673.8281
703.1250
703.1250
722.6562
722.6562
703.1250
703.1250
625.0000
576.1719
576.1719
581.0547
581.0547
551.7578
551.7578
483.3984
483.3984
424.8047
424.8047
424.8047
332.0312
332.0312
214.8437
214.8437
146.4844
146.4844
146.4844
146.4844
107.4219
53.7109
53.7109
34.1797
34.1797
14.6484
14.6484
24.4141
24.4141
24.4141
102.5391
102.5391
234.3750
234.3750
302.7344
312.5000
312.5000
307.6172
307.6172
244.1406
244.1406
170.8984
170.8984
151.3672
151.3672
175.7812
175.7812
141.6016
141.6016
68.3594
68.3594
0.0000
0.0000
0.0000
0.0000
0.0000
0.0000
0.0000
0.0000
0.0000
0.0000
0.0000
0.0000
0.0000
0.0000
0.0000
0.0000
0.0000
0.0000
0.0000
0.0000
0.0000
0.0000
0.0000
0.0000
0.0000
0.0000
0.0000
0.0000
0.0000
0.0000
0.0000
0.0000
0.0000
0.0000
0.0000
0.0000
0.0000
0.0000
0.0000
0.0000
0.0000
0.0000
0.0000
0.0000
0.0000
0.0000
0.0000
0.0000
0.0000
0.0000
0.0000
0.0000
0.0000
0.0000
0.0000
0.0000
0.0000
0.0000
0.0000
0.0000
0.0000
0.0000
53.7109
53.7109
83.0078
83.0078
53.7109
53.7109
14.6484
14.6484
0.0000
0.0000
0.0000
0.0000
0.0000
0.0000
0.0000
0.0000
0.0000
0.0000
0.0000
0.0000
34.1797
34.1797
39.0625
39.0625
48.8281
48.8281
122.0703
122.0703
214.8437
214.8437
229.4922
229.4922
229.4922
229.4922
224.6094
224.6094
190.4297
190.4297
205.0781
205.0781
307.6172
307.6172
415.0391
415.0391
449.2187
449.2187
468.7500
468.7500
483.3984
483.3984
449.2187
449.2187
449.2187
449.2187
517.5781
517.5781
571.2891
571.2891
571.2891
571.2891
581.0547
581.0547
595.7031
595.7031
600.5859
600.5859
654.2969
654.2969
756.8359
756.8359
791.0156
791.0156
712.8906
712.8906
566.4062
566.4062
332.0312
332.0312
53.7109
53.7109
0.0000
0.0000
0.0000
0.0000
0.0000
0.0000
0.0000
0.0000
0.0000
0.0000
0.0000
0.0000
0.0000
0.0000
0.0000
0.0000
0.0000
0.0000
0.0000
0.0000
0.0000
0.0000
0.0000
0.0000
0.0000
0.0000
0.0000
0.0000
0.0000
0.0000
0.0000
0.0000
43.9453
43.9453
43.9453
43.9453
14.6484
14.6484
0.0000
0.0000
0.0000
0.0000
0.0000
0.0000
0.0000
0.0000
0.0000
0.0000
0.0000
0.0000
0.0000
0.0000
0.0000
0.0000
0.0000
0.0000
0.0000
0.0000
0.0000
0.0000
0.0000
0.0000
0.0000
0.0000
0.0000
0.0000
0.0000
0.0000
0.0000
0.0000
0.0000
0.0000
0.0000
0.0000
0.0000
0.0000
0.0000
0.0000
0.0000
0.0000
0.0000
0.0000
0.0000
0.0000
0.0000
0.0000
24.4141
24.4141
63.4766
63.4766
102.5391
102.5391
102.5391
102.5391
92.7734
92.7734
141.6016
141.6016
244.1406
244.1406
292.9687
292.9687
312.5000
312.5000
346.6797
346.6797
341.7969
341.7969
351.5625
351.5625
415.0391
415.0391
507.8125
507.8125
517.5781
517.5781
498.0469
498.0469
478.5156
478.5156
410.1562
410.1562
366.2109
366.2109
400.3906
400.3906
458.9844
458.9844
449.2187
449.2187
439.4531
439.4531
429.6875
429.6875
385.7422
385.7422
371.0937
371.0937
424.8047
424.8047
473.6328
473.6328
458.9844
458.9844
444.3359
444.3359
419.9219
419.9219
375.9766
375.9766
390.6250
390.6250
483.3984
483.3984
561.5234
561.5234
571.2891
571.2891
581.0547
581.0547
561.5234
561.5234
522.4609
522.4609
541.9922
541.9922
649.4141
649.4141
751.9531
751.9531
820.3125
820.3125
888.6719
888.6719
917.9687
917.9687
898.4375
898.4375
878.9062
878.9062
869.1406
869.1406
781.2500
781.2500
610.3516
610.3516
424.8047
424.8047
209.9609
209.9609
24.4141
24.4141
0.0000
0.0000
0.0000
0.0000
0.0000
0.0000
0.0000
0.0000
24.4141
24.4141
19.5312
19.5312
0.0000
0.0000
0.0000
0.0000
9.7656
9.7656
0.0000
0.0000
0.0000
0.0000
0.0000
0.0000
0.0000
0.0000
0.0000
0.0000
0.0000
0.0000
0.0000
0.0000
0.0000
0.0000
0.0000
0.0000
0.0000
0.0000
0.0000
0.0000
0.0000
0.0000
0.0000
0.0000
0.0000
0.0000
0.0000
0.0000
0.0000
0.0000
0.0000
0.0000
0.0000
0.0000
0.0000
0.0000
0.0000
0.0000
0.0000
0.0000
0.0000
0.0000
0.0000
0.0000
0.0000
0.0000
0.0000
0.0000
0.0000
0.0000
0.0000
0.0000
0.0000
0.0000
0.0000
0.0000
0.0000
0.0000
0.0000
0.0000
0.0000
0.0000
0.0000
0.0000
0.0000
0.0000
0.0000
0.0000
0.0000
0.0000
0.0000
0.0000
0.0000
0.0000
0.0000
0.0000
0.0000
0.0000
0.0000
0.0000
0.0000
0.0000
0.0000
0.0000
0.0000
0.0000
0.0000
0.0000
0.0000
0.0000
0.0000
0.0000
19.5312
19.5312
48.8281
48.8281
73.2422
73.2422
102.5391
102.5391
107.4219
107.4219
146.4844
146.4844
263.6719
263.6719
380.8594
380.8594
410.1562
410.1562
424.8047
424.8047
410.1562
410.1562
366.2109
366.2109
361.3281
361.3281
434.5703
434.5703
498.0469
498.0469
517.5781
517.5781
541.9922
541.9922
551.7578
551.7578
537.1094
537.1094
561.5234
561.5234
649.4141
649.4141
703.1250
703.1250
708.0078
708.0078
722.6562
722.6562
727.5391
727.5391
737.3047
737.3047
815.4297
815.4297
957.0312
957.0312
1020.5078
1020.5078
976.5625
976.5625
844.7266
844.7266
581.0547
581.0547
249.0234
249.0234
0.0000
0.0000
0.0000
0.0000
0.0000
0.0000
0.0000
0.0000
0.0000
0.0000
0.0000
0.0000
0.0000
0.0000
0.0000
0.0000
0.0000
0.0000
0.0000
0.0000
0.0000
0.0000
0.0000
0.0000
0.0000
0.0000
0.0000
0.0000
0.0000
0.0000
0.0000
0.0000
0.0000
0.0000
0.0000
0.0000
0.0000
0.0000
0.0000
0.0000
0.0000
0.0000
0.0000
0.0000
0.0000
0.0000
0.0000
0.0000
0.0000
0.0000
0.0000
0.0000
0.0000
0.0000
0.0000
0.0000
0.0000
0.0000
0.0000
0.0000
0.0000
0.0000
0.0000
0.0000
0.0000
0.0000
0.0000
0.0000
0.0000
0.0000
0.0000
0.0000
0.0000
0.0000
14.6484
14.6484
97.6562
97.6562
146.4844
146.4844
185.5469
185.5469
283.2031
283.2031
405.2734
405.2734
444.3359
444.3359
449.2187
449.2187
444.3359
444.3359
400.3906
400.3906
375.9766
375.9766
424.8047
424.8047
463.8672
463.8672
429.6875
429.6875
385.7422
385.7422
336.9141
336.9141
263.6719
263.6719
244.1406
244.1406
307.6172
307.6172
371.0937
371.0937
371.0937
371.0937
366.2109
366.2109
341.7969
341.7969
273.4375
273.4375
249.0234
249.0234
297.8516
297.8516
332.0312
332.0312
312.5000
312.5000
322.2656
322.2656
322.2656
322.2656
322.2656
322.2656
375.9766
375.9766
493.1641
493.1641
561.5234
561.5234
571.2891
571.2891
585.9375
585.9375
571.2891
571.2891
546.8750
546.8750
590.8203
590.8203
698.2422
698.2422
747.0703
747.0703
751.9531
751.9531
756.8359
756.8359
727.5391
727.5391
683.5937
683.5937
698.2422
698.2422
756.8359
756.8359
751.9531
751.9531
722.6562
722.6562
717.7734
717.7734
698.2422
698.2422
717.7734
717.7734
805.6641
805.6641
908.2031
908.2031
893.5547
893.5547
791.0156
791.0156
629.8828
629.8828
405.2734
405.2734
195.3125
195.3125
73.2422
73.2422
4.8828
4.8828
0.0000
0.0000
0.0000
0.0000
0.0000
0.0000
0.0000
0.0000
0.0000
0.0000
0.0000
0.0000
0.0000
0.0000
0.0000
0.0000
0.0000
0.0000
0.0000
0.0000
0.0000
0.0000
0.0000
0.0000
0.0000
0.0000
0.0000
0.0000
9.7656
9.7656
9.7656
9.7656
0.0000
0.0000
0.0000
0.0000
0.0000
0.0000
0.0000
0.0000
0.0000
0.0000
0.0000
0.0000
0.0000
0.0000
0.0000
0.0000
0.0000
0.0000
0.0000
0.0000
0.0000
0.0000
0.0000
0.0000
0.0000
0.0000
0.0000
0.0000
0.0000
0.0000
0.0000
0.0000
0.0000
0.0000
0.0000
0.0000
0.0000
0.0000
0.0000
0.0000
0.0000
0.0000
0.0000
0.0000
0.0000
0.0000
0.0000
0.0000
0.0000
0.0000
0.0000
0.0000
0.0000
0.0000
0.0000
0.0000
0.0000
0.0000
0.0000
0.0000
43.9453
43.9453
151.3672
151.3672
180.6641
180.6641
185.5469
185.5469
161.1328
161.1328
97.6562
97.6562
78.1250
78.1250
141.6016
141.6016
200.1953
200.1953
209.9609
209.9609
224.6094
224.6094
219.7266
219.7266
175.7812
175.7812
166.0156
166.0156
214.8437
214.8437
224.6094
224.6094
175.7812
175.7812
136.7187
136.7187
87.8906
87.8906
39.0625
39.0625
63.4766
63.4766
161.1328
161.1328
219.7266
219.7266
244.1406
244.1406
288.0859
288.0859
288.0859
288.0859
278.3203
278.3203
332.0312
332.0312
434.5703
434.5703
483.3984
483.3984
507.8125
507.8125
551.7578
551.7578
566.4062
566.4062
600.5859
600.5859
712.8906
874.0234
874.0234
961.9141
961.9141
961.9141
986.3281
986.3281
952.1484
952.1484
810.5469
810.5469
615.2344
615.2344
434.5703
434.5703
234.3750
234.3750
0.0000
0.0000
0.0000
0.0000
0.0000
0.0000
0.0000
0.0000
0.0000
0.0000
0.0000
0.0000
4.8828
4.8828
48.8281
48.8281
24.4141
24.4141
0.0000
0.0000
0.0000
0.0000
0.0000
0.0000
0.0000
0.0000
0.0000
0.0000
0.0000
0.0000
0.0000
0.0000
0.0000
0.0000
0.0000
0.0000
0.0000
0.0000
0.0000
0.0000
0.0000
0.0000
0.0000
0.0000
0.0000
0.0000
0.0000
0.0000
0.0000
0.0000
0.0000
0.0000
0.0000
0.0000
0.0000
0.0000
0.0000
0.0000
0.0000
0.0000
0.0000
0.0000
0.0000
0.0000
0.0000
0.0000
0.0000
0.0000
0.0000
0.0000
0.0000
0.0000
0.0000
0.0000
0.0000
0.0000
0.0000
4.8828
4.8828
117.1875
117.1875
131.8359
131.8359
117.1875
117.1875
97.6562
97.6562
48.8281
48.8281
53.7109
53.7109
156.2500
156.2500
268.5547
268.5547
312.5000
312.5000
356.4453
356.4453
366.2109
366.2109
327.1484
327.1484
317.3828
317.3828
371.0937
371.0937
395.5078
395.5078
371.0937
371.0937
366.2109
366.2109
341.7969
341.7969
312.5000
312.5000
351.5625
351.5625
444.3359
444.3359
493.1641
493.1641
498.0469
498.0469
502.9297
502.9297
478.5156
478.5156
449.2187
449.2187
478.5156
478.5156
566.4062
566.4062
595.7031
595.7031
595.7031
595.7031
610.3516
610.3516
595.7031
595.7031
581.0547
581.0547
620.1172
620.1172
708.0078
708.0078
727.5391
727.5391
712.8906
712.8906
712.8906
712.8906
678.7109
678.7109
678.7109
678.7109
771.4844
771.4844
927.7344
927.7344
1030.2734
1030.2734
1098.6328
1098.6328
1142.5781
1142.5781
1093.7500
1093.7500
996.0937
996.0937
874.0234
874.0234
654.2969
654.2969
327.1484
327.1484
19.5312
19.5312
0.0000
0.0000
0.0000
0.0000
0.0000
0.0000
0.0000
0.0000
0.0000
0.0000
34.1797
34.1797
107.4219
107.4219
87.8906
87.8906
0.0000
0.0000
0.0000
0.0000
0.0000
0.0000
0.0000
0.0000
0.0000
0.0000
0.0000
0.0000
0.0000
0.0000
0.0000
0.0000
0.0000
0.0000
0.0000
0.0000
0.0000
0.0000
0.0000
0.0000
0.0000
0.0000
0.0000
0.0000
0.0000
0.0000
0.0000
0.0000
0.0000
0.0000
0.0000
0.0000
0.0000
0.0000
0.0000
0.0000
0.0000
0.0000
0.0000
0.0000
0.0000
0.0000
0.0000
0.0000
0.0000
0.0000
0.0000
0.0000
0.0000
0.0000
0.0000
0.0000
0.0000
0.0000
0.0000
0.0000
0.0000
0.0000
0.0000
0.0000
0.0000
0.0000
0.0000
0.0000
0.0000
0.0000
0.0000
0.0000
0.0000
0.0000
0.0000
0.0000
0.0000
0.0000
0.0000
0.0000
0.0000
0.0000
0.0000
0.0000
0.0000
0.0000
0.0000
0.0000
34.1797
34.1797
19.5312
19.5312
9.7656
9.7656
0.0000
0.0000
0.0000
0.0000
0.0000
0.0000
0.0000
0.0000
4.8828
4.8828
0.0000
0.0000
4.8828
4.8828
0.0000
0.0000
0.0000
0.0000
83.0078
83.0078
205.0781
205.0781
253.9062
253.9062
268.5547
268.5547
283.2031
283.2031
239.2578
239.2578
224.6094
224.6094
292.9687
292.9687
410.1562
410.1562
478.5156
478.5156
546.8750
546.8750
620.1172
620.1172
644.5312
644.5312
683.5937
683.5937
766.6016
766.6016
834.9609
834.9609
830.0781
830.0781
820.3125
820.3125
810.5469
810.5469
791.0156
791.0156
844.7266
844.7266
996.0937
996.0937
1142.5781
1142.5781
1196.2891
1196.2891
1176.7578
1176.7578
1054.6875
1054.6875
791.0156
791.0156
502.9297
502.9297
244.1406
244.1406
0.0000
0.0000
0.0000
0.0000
0.0000
0.0000
0.0000
0.0000
0.0000
0.0000
0.0000
0.0000
58.5937
58.5937
175.7812
175.7812
151.3672
151.3672
53.7109
53.7109
0.0000
0.0000
0.0000
0.0000
0.0000
0.0000
0.0000
0.0000
0.0000
0.0000
0.0000
0.0000
0.0000
0.0000
0.0000
0.0000
0.0000
0.0000
0.0000
0.0000
0.0000
0.0000
0.0000
0.0000
0.0000
0.0000
0.0000
0.0000
0.0000
0.0000
0.0000
0.0000
0.0000
0.0000
0.0000
0.0000
0.0000
0.0000
0.0000
0.0000
0.0000
0.0000
0.0000
0.0000
0.0000
0.0000
0.0000
0.0000
0.0000
0.0000
0.0000
0.0000
0.0000
0.0000
0.0000
0.0000
0.0000
0.0000
0.0000
0.0000
0.0000
0.0000
0.0000
0.0000
0.0000
0.0000
0.0000
0.0000
0.0000
0.0000
0.0000
0.0000
0.0000
0.0000
0.0000
0.0000
53.7109
53.7109
92.7734
92.7734
131.8359
131.8359
122.0703
122.0703
107.4219
107.4219
161.1328
161.1328
244.1406
244.1406
273.4375
273.4375
283.2031
283.2031
302.7344
302.7344
273.4375
273.4375
253.9062
253.9062
292.9687
292.9687
341.7969
341.7969
322.2656
322.2656
302.7344
302.7344
283.2031
283.2031
234.3750
234.3750
224.6094
224.6094
292.9687
292.9687
361.3281
361.3281
361.3281
361.3281
351.5625
351.5625
322.2656
322.2656
273.4375
273.4375
273.4375
273.4375
351.5625
351.5625
429.6875
429.6875
454.1016
454.1016
488.2812
488.2812
507.8125
507.8125
502.9297
502.9297
546.8750
546.8750
659.1797
659.1797
737.3047
737.3047
771.4844
771.4844
815.4297
815.4297
834.9609
834.9609
854.4922
854.4922
932.6172
932.6172
1083.9844
1083.9844
1191.4062
1191.4062
1254.8828
1254.8828
1289.0625
1289.0625
1245.1172
1245.1172
1142.5781
1142.5781
1040.0391
1040.0391
927.7344
927.7344
708.0078
708.0078
449.2187
449.2187
224.6094
224.6094
4.8828
4.8828
0.0000
0.0000
0.0000
0.0000
0.0000
0.0000
0.0000
0.0000
0.0000
0.0000
0.0000
0.0000
0.0000
0.0000
0.0000
0.0000
0.0000
0.0000
0.0000
0.0000
0.0000
0.0000
0.0000
0.0000
0.0000
0.0000
0.0000
0.0000
0.0000
0.0000
0.0000
0.0000
0.0000
0.0000
0.0000
0.0000
0.0000
0.0000
0.0000
0.0000
0.0000
0.0000
0.0000
0.0000
0.0000
0.0000
0.0000
0.0000
0.0000
0.0000
0.0000
0.0000
0.0000
0.0000
0.0000
0.0000
0.0000
0.0000
0.0000
0.0000
0.0000
0.0000
0.0000
0.0000
0.0000
0.0000
0.0000
0.0000
0.0000
0.0000
0.0000
0.0000
0.0000
0.0000
0.0000
0.0000
0.0000
0.0000
0.0000
0.0000
0.0000
0.0000
0.0000
0.0000
0.0000
0.0000
0.0000
0.0000
0.0000
0.0000
0.0000
0.0000
0.0000
0.0000
0.0000
0.0000
0.0000
0.0000
0.0000
0.0000
0.0000
0.0000
0.0000
0.0000
24.4141
24.4141
48.8281
48.8281
43.9453
43.9453
92.7734
92.7734
214.8437
214.8437
302.7344
302.7344
317.3828
317.3828
317.3828
317.3828
288.0859
288.0859
239.2578
239.2578
253.9062
253.9062
332.0312
332.0312
380.8594
380.8594
390.6250
390.6250
410.1562
410.1562
400.3906
400.3906
375.9766
375.9766
405.2734
405.2734
488.2812
488.2812
512.6953
512.6953
502.9297
502.9297
502.9297
502.9297
473.6328
473.6328
463.8672
463.8672
532.2266
532.2266
654.2969
654.2969
727.5391
727.5391
781.2500
781.2500
854.4922
854.4922
893.5547
893.5547
947.2656
947.2656
1040.0391
1040.0391
1108.3984
1108.3984
1035.1562
1035.1562
864.2578
864.2578
610.3516
610.3516
288.0859
288.0859
24.4141
24.4141
0.0000
0.0000
0.0000
0.0000
0.0000
0.0000
0.0000
0.0000
53.7109
53.7109
131.8359
131.8359
205.0781
205.0781
283.2031
283.2031
278.3203
278.3203
156.2500
156.2500
0.0000
0.0000
0.0000
0.0000
0.0000
0.0000
0.0000
0.0000
0.0000
0.0000
0.0000
0.0000
0.0000
0.0000
0.0000
0.0000
0.0000
0.0000
0.0000
0.0000
0.0000
0.0000
0.0000
0.0000
0.0000
0.0000
0.0000
0.0000
0.0000
0.0000
0.0000
0.0000
0.0000
0.0000
0.0000
0.0000
0.0000
0.0000
0.0000
0.0000
0.0000
0.0000
0.0000
0.0000
0.0000
0.0000
0.0000
0.0000
0.0000
0.0000
0.0000
0.0000
0.0000
0.0000
0.0000
0.0000
19.5312
19.5312
0.0000
0.0000
0.0000
0.0000
0.0000
0.0000
19.5312
19.5312
0.0000
0.0000
0.0000
0.0000
0.0000
0.0000
0.0000
0.0000
14.6484
14.6484
122.0703
122.0703
200.1953
200.1953
200.1953
200.1953
190.4297
190.4297
141.6016
141.6016
83.0078
83.0078
83.0078
83.0078
161.1328
161.1328
209.9609
209.9609
205.0781
205.0781
209.9609
209.9609
170.8984
170.8984
117.1875
117.1875
122.0703
122.0703
195.3125
195.3125
219.7266
219.7266
234.3750
234.3750
278.3203
278.3203
292.9687
292.9687
327.1484
327.1484
419.9219
419.9219
537.1094
537.1094
576.1719
576.1719
571.2891
571.2891
561.5234
561.5234
517.5781
517.5781
517.5781
517.5781
590.8203
590.8203
693.3594
693.3594
732.4219
732.4219
756.8359
756.8359
771.4844
771.4844
732.4219
732.4219
708.0078
708.0078
756.8359
756.8359
815.4297
815.4297
820.3125
820.3125
834.9609
834.9609
839.8437
839.8437
795.8984
795.8984
771.4844
771.4844
795.8984
795.8984
751.9531
751.9531
571.2891
571.2891
351.5625
351.5625
107.4219
107.4219
0.0000
0.0000
0.0000
0.0000
0.0000
0.0000
0.0000
0.0000
0.0000
0.0000
0.0000
0.0000
43.9453
43.9453
53.7109
53.7109
73.2422
73.2422
92.7734
92.7734
19.5312
19.5312
0.0000
0.0000
0.0000
0.0000
0.0000
0.0000
0.0000
0.0000
0.0000
0.0000
0.0000
0.0000
0.0000
0.0000
0.0000
0.0000
0.0000
0.0000
0.0000
0.0000
0.0000
0.0000
0.0000
0.0000
0.0000
0.0000
0.0000
0.0000
0.0000
0.0000
0.0000
0.0000
0.0000
0.0000
0.0000
0.0000
0.0000
0.0000
0.0000
0.0000
0.0000
0.0000
0.0000
0.0000
0.0000
0.0000
0.0000
0.0000
0.0000
0.0000
0.0000
0.0000
0.0000
0.0000
0.0000
0.0000
0.0000
0.0000
0.0000
0.0000
0.0000
0.0000
0.0000
53.7109
53.7109
117.1875
117.1875
122.0703
122.0703
136.7187
136.7187
117.1875
117.1875
83.0078
83.0078
97.6562
97.6562
175.7812
175.7812
200.1953
200.1953
185.5469
185.5469
190.4297
190.4297
161.1328
161.1328
136.7187
136.7187
190.4297
190.4297
283.2031
283.2031
302.7344
302.7344
283.2031
283.2031
263.6719
263.6719
200.1953
200.1953
161.1328
161.1328
195.3125
195.3125
278.3203
278.3203
302.7344
302.7344
327.1484
327.1484
361.3281
361.3281
361.3281
361.3281
390.6250
390.6250
483.3984
483.3984
571.2891
571.2891
566.4062
566.4062
551.7578
551.7578
541.9922
541.9922
507.8125
507.8125
532.2266
532.2266
659.1797
659.1797
781.2500
781.2500
830.0781
830.0781
874.0234
874.0234
908.2031
908.2031
898.4375
898.4375
937.5000
937.5000
1049.8047
1049.8047
1142.5781
1142.5781
1147.4609
1147.4609
1103.5156
1103.5156
971.6797
971.6797
732.4219
732.4219
488.2812
488.2812
273.4375
273.4375
24.4141
24.4141
0.0000
0.0000
0.0000
0.0000
0.0000
0.0000
0.0000
0.0000
0.0000
0.0000
0.0000
0.0000
0.0000
0.0000
0.0000
0.0000
0.0000
0.0000
0.0000
0.0000
0.0000
0.0000
0.0000
0.0000
0.0000
0.0000
0.0000
0.0000
0.0000
0.0000
0.0000
0.0000
0.0000
0.0000
0.0000
0.0000
0.0000
0.0000
0.0000
0.0000
0.0000
0.0000
0.0000
0.0000
0.0000
0.0000
0.0000
0.0000
0.0000
0.0000
0.0000
0.0000
0.0000
0.0000
0.0000
0.0000
0.0000
0.0000
0.0000
0.0000
0.0000
0.0000
0.0000
0.0000
0.0000
0.0000
0.0000
0.0000
0.0000
0.0000
0.0000
0.0000
0.0000
0.0000
0.0000
0.0000
0.0000
0.0000
0.0000
0.0000
0.0000
0.0000
0.0000
0.0000
0.0000
0.0000
0.0000
0.0000
0.0000
0.0000
0.0000
0.0000
78.1250
78.1250
161.1328
161.1328
200.1953
200.1953
234.3750
234.3750
214.8437
214.8437
200.1953
200.1953
253.9062
253.9062
356.4453
356.4453
400.3906
400.3906
424.8047
424.8047
454.1016
454.1016
434.5703
434.5703
424.8047
424.8047
468.7500
468.7500
517.5781
517.5781
493.1641
493.1641
463.8672
463.8672
439.4531
439.4531
385.7422
385.7422
371.0937
371.0937
449.2187
449.2187
522.4609
522.4609
527.3437
527.3437
507.8125
507.8125
473.6328
473.6328
400.3906
400.3906
380.8594
380.8594
449.2187
449.2187
541.9922
541.9922
585.9375
585.9375
639.6484
639.6484
654.2969
654.2969
605.4687
605.4687
546.8750
546.8750
478.5156
478.5156
292.9687
292.9687
29.2969
29.2969
0.0000
0.0000
0.0000
0.0000
0.0000
0.0000
0.0000
0.0000
0.0000
0.0000
0.0000
0.0000
19.5312
19.5312
126.9531
126.9531
126.9531
126.9531
34.1797
34.1797
0.0000
0.0000
0.0000
0.0000
0.0000
0.0000
0.0000
0.0000
0.0000
0.0000
0.0000
0.0000
0.0000
0.0000
0.0000
0.0000
0.0000
0.0000
0.0000
0.0000
0.0000
0.0000
0.0000
0.0000
0.0000
0.0000
0.0000
0.0000
0.0000
0.0000
0.0000
0.0000
0.0000
0.0000
0.0000
0.0000
0.0000
0.0000
0.0000
0.0000
0.0000
0.0000
0.0000
0.0000
0.0000
0.0000
0.0000
0.0000
0.0000
0.0000
0.0000
0.0000
0.0000
0.0000
0.0000
0.0000
43.9453
43.9453
146.4844
146.4844
161.1328
161.1328
156.2500
156.2500
102.5391
102.5391
24.4141
24.4141
14.6484
14.6484
73.2422
73.2422
92.7734
92.7734
87.8906
87.8906
92.7734
92.7734
68.3594
68.3594
53.7109
53.7109
107.4219
107.4219
195.3125
195.3125
205.0781
205.0781
190.4297
190.4297
180.6641
180.6641
136.7187
136.7187
122.0703
122.0703
180.6641
180.6641
263.6719
263.6719
283.2031
283.2031
297.8516
297.8516
317.3828
317.3828
307.6172
307.6172
327.1484
327.1484
424.8047
424.8047
522.4609
522.4609
551.7578
551.7578
566.4062
566.4062
561.5234
561.5234
502.9297
502.9297
483.3984
483.3984
546.8750
546.8750
585.9375
585.9375
585.9375
585.9375
620.1172
620.1172
673.8281
673.8281
717.7734
717.7734
815.4297
815.4297
952.1484
952.1484
996.0937
996.0937
913.0859
913.0859
732.4219
732.4219
439.4531
439.4531
102.5391
102.5391
0.0000
0.0000
0.0000
0.0000
0.0000
0.0000
0.0000
0.0000
0.0000
0.0000
0.0000
0.0000
0.0000
0.0000
34.1797
34.1797
136.7187
136.7187
107.4219
107.4219
19.5312
19.5312
0.0000
0.0000
0.0000
0.0000
0.0000
0.0000
0.0000
0.0000
0.0000
0.0000
83.0078
83.0078
122.0703
122.0703
117.1875
117.1875
14.6484
14.6484
0.0000
0.0000
0.0000
0.0000
0.0000
0.0000
0.0000
0.0000
0.0000
0.0000
0.0000
0.0000
0.0000
0.0000
0.0000
0.0000
0.0000
0.0000
0.0000
0.0000
0.0000
0.0000
0.0000
0.0000
0.0000
0.0000
0.0000
0.0000
0.0000
0.0000
0.0000
0.0000
0.0000
0.0000
0.0000
0.0000
0.0000
0.0000
0.0000
0.0000
0.0000
0.0000
0.0000
0.0000
0.0000
0.0000
0.0000
0.0000
0.0000
0.0000
0.0000
0.0000
0.0000
0.0000
0.0000
0.0000
92.7734
92.7734
244.1406
244.1406
322.2656
322.2656
341.7969
341.7969
351.5625
351.5625
312.5000
312.5000
283.2031
283.2031
332.0312
332.0312
434.5703
434.5703
488.2812
488.2812
532.2266
532.2266
585.9375
585.9375
600.5859
600.5859
629.8828
629.8828
708.0078
708.0078
776.3672
776.3672
756.8359
756.8359
722.6562
722.6562
678.7109
678.7109
605.4687
605.4687
590.8203
590.8203
664.0625
664.0625
742.1875
742.1875
751.9531
751.9531
742.1875
742.1875
717.7734
717.7734
644.5312
644.5312
610.3516
610.3516
649.4141
649.4141
673.8281
673.8281
654.2969
654.2969
654.2969
654.2969
668.9453
668.9453
673.8281
673.8281
742.1875
742.1875
878.9062
878.9062
981.4453
981.4453
996.0937
996.0937
971.6797
971.6797
878.9062
878.9062
727.5391
727.5391
595.7031
595.7031
527.3437
527.3437
400.3906
400.3906
214.8437
214.8437
48.8281
48.8281
0.0000
0.0000
0.0000
0.0000
0.0000
0.0000
0.0000
0.0000
0.0000
0.0000
0.0000
0.0000
0.0000
0.0000
0.0000
0.0000
0.0000
0.0000
0.0000
0.0000
0.0000
0.0000
0.0000
0.0000
0.0000
0.0000
0.0000
0.0000
0.0000
0.0000
0.0000
0.0000
0.0000
0.0000
0.0000
0.0000
0.0000
0.0000
0.0000
0.0000
0.0000
0.0000
0.0000
0.0000
0.0000
0.0000
0.0000
0.0000
0.0000
0.0000
0.0000
0.0000
0.0000
0.0000
0.0000
0.0000
0.0000
0.0000
0.0000
0.0000
0.0000
0.0000
0.0000
0.0000
0.0000
0.0000
0.0000
0.0000
0.0000
0.0000
0.0000
0.0000
0.0000
0.0000
0.0000
0.0000
0.0000
0.0000
0.0000
0.0000
0.0000
0.0000
0.0000
0.0000
0.0000
0.0000
0.0000
0.0000
0.0000
0.0000
0.0000
0.0000
0.0000
0.0000
0.0000
0.0000
0.0000
0.0000
0.0000
0.0000
0.0000
0.0000
0.0000
0.0000
0.0000
0.0000
0.0000
0.0000
0.0000
0.0000
0.0000
0.0000
0.0000
0.0000
0.0000
0.0000
97.6562
97.6562
136.7187
136.7187
151.3672
151.3672
161.1328
161.1328
126.9531
126.9531
131.8359
131.8359
224.6094
224.6094
327.1484
327.1484
375.9766
375.9766
424.8047
424.8047
473.6328
473.6328
483.3984
483.3984
527.3437
527.3437
634.7656
634.7656
732.4219
732.4219
742.1875
742.1875
737.3047
737.3047
717.7734
717.7734
668.9453
668.9453
678.7109
678.7109
776.3672
776.3672
869.1406
869.1406
913.0859
913.0859
971.6797
971.6797
1000.9766
1000.9766
957.0312
957.0312
898.4375
898.4375
844.7266
844.7266
668.9453
668.9453
410.1562
410.1562
146.4844
146.4844
0.0000
0.0000
0.0000
0.0000
0.0000
0.0000
0.0000
0.0000
0.0000
0.0000
0.0000
0.0000
0.0000
0.0000
0.0000
0.0000
0.0000
0.0000
0.0000
0.0000
0.0000
0.0000
0.0000
0.0000
0.0000
0.0000
0.0000
0.0000
0.0000
0.0000
0.0000
0.0000
0.0000
0.0000
0.0000
0.0000
0.0000
0.0000
0.0000
0.0000
0.0000
0.0000
0.0000
0.0000
0.0000
0.0000
0.0000
0.0000
0.0000
0.0000
0.0000
0.0000
0.0000
0.0000
0.0000
0.0000
0.0000
0.0000
0.0000
0.0000
0.0000
0.0000
0.0000
0.0000
0.0000
0.0000
0.0000
0.0000
0.0000
0.0000
0.0000
0.0000
0.0000
0.0000
0.0000
0.0000
0.0000
0.0000
0.0000
0.0000
0.0000
0.0000
0.0000
0.0000
0.0000
0.0000
0.0000
0.0000
0.0000
0.0000
0.0000
0.0000
29.2969
97.6562
97.6562
97.6562
122.0703
122.0703
151.3672
151.3672
244.1406
244.1406
371.0937
371.0937
429.6875
444.3359
444.3359
454.1016
454.1016
429.6875
429.6875
424.8047
424.8047
488.2812
488.2812
566.4062
566.4062
556.6406
556.6406
527.3437
527.3437
498.0469
498.0469
429.6875
429.6875
395.5078
395.5078
449.2187
449.2187
498.0469
498.0469
473.6328
473.6328
458.9844
458.9844
434.5703
434.5703
390.6250
390.6250
390.6250
390.6250
468.7500
468.7500
532.2266
532.2266
532.2266
532.2266
546.8750
546.8750
556.6406
556.6406
546.8750
546.8750
610.3516
610.3516
756.8359
756.8359
874.0234
874.0234
942.3828
942.3828
996.0937
996.0937
996.0937
996.0937
927.7344
927.7344
864.2578
864.2578
800.7812
800.7812
615.2344
615.2344
322.2656
322.2656
24.4141
24.4141
0.0000
0.0000
0.0000
0.0000
0.0000
0.0000
0.0000
0.0000
0.0000
0.0000
0.0000
0.0000
0.0000
0.0000
0.0000
0.0000
0.0000
0.0000
0.0000
0.0000
0.0000
0.0000
0.0000
0.0000
0.0000
0.0000
0.0000
0.0000
0.0000
0.0000
0.0000
0.0000
0.0000
0.0000
0.0000
0.0000
0.0000
0.0000
0.0000
0.0000
0.0000
0.0000
0.0000
0.0000
0.0000
0.0000
0.0000
0.0000
0.0000
0.0000
0.0000
0.0000
0.0000
0.0000
0.0000
0.0000
0.0000
0.0000
0.0000
0.0000
0.0000
0.0000
0.0000
0.0000
0.0000
0.0000
0.0000
0.0000
0.0000
0.0000
0.0000
0.0000
0.0000
0.0000
0.0000
0.0000
0.0000
0.0000
0.0000
0.0000
0.0000
0.0000
0.0000
0.0000
0.0000
0.0000
0.0000
0.0000
0.0000
0.0000
0.0000
0.0000
0.0000
0.0000
0.0000
0.0000
0.0000
0.0000
0.0000
0.0000
0.0000
0.0000
78.1250
78.1250
92.7734
92.7734
97.6562
97.6562
97.6562
97.6562
78.1250
78.1250
97.6562
97.6562
195.3125
195.3125
307.6172
307.6172
346.6797
346.6797
380.8594
380.8594
405.2734
405.2734
385.7422
385.7422
395.5078
395.5078
488.2812
488.2812
566.4062
566.4062
571.2891
571.2891
576.1719
576.1719
546.8750
546.8750
493.1641
493.1641
483.3984
483.3984
551.7578
551.7578
581.0547
581.0547
566.4062
566.4062
556.6406
556.6406
532.2266
532.2266
488.2812
488.2812
507.8125
507.8125
581.0547
581.0547
600.5859
600.5859
571.2891
571.2891
551.7578
551.7578
498.0469
498.0469
458.9844
458.9844
502.9297
502.9297
629.8828
629.8828
727.5391
727.5391
800.7812
800.7812
888.6719
888.6719
913.0859
913.0859
859.3750
859.3750
776.3672
776.3672
634.7656
634.7656
361.3281
361.3281
58.5937
58.5937
0.0000
0.0000
0.0000
0.0000
0.0000
0.0000
0.0000
0.0000
0.0000
0.0000
185.5469
185.5469
312.5000
312.5000
366.2109
366.2109
263.6719
263.6719
102.5391
102.5391
0.0000
0.0000
0.0000
0.0000
0.0000
0.0000
0.0000
0.0000
0.0000
0.0000
0.0000
0.0000
0.0000
0.0000
0.0000
0.0000
0.0000
0.0000
0.0000
0.0000
0.0000
0.0000
0.0000
0.0000
0.0000
0.0000
0.0000
0.0000
0.0000
0.0000
0.0000
0.0000
0.0000
0.0000
0.0000
0.0000
0.0000
0.0000
0.0000
0.0000
0.0000
0.0000
0.0000
0.0000
0.0000
0.0000
0.0000
0.0000
0.0000
0.0000
0.0000
0.0000
0.0000
0.0000
0.0000
0.0000
0.0000
0.0000
29.2969
29.2969
63.4766
63.4766
78.1250
78.1250
29.2969
29.2969
0.0000
0.0000
34.1797
34.1797
112.3047
112.3047
131.8359
131.8359
146.4844
146.4844
170.8984
170.8984
141.6016
141.6016
136.7187
136.7187
195.3125
195.3125
249.0234
249.0234
214.8437
214.8437
185.5469
185.5469
146.4844
146.4844
92.7734
92.7734
83.0078
83.0078
161.1328
161.1328
219.7266
219.7266
214.8437
214.8437
219.7266
219.7266
205.0781
205.0781
161.1328
161.1328
170.8984
170.8984
258.7891
258.7891
322.2656
322.2656
346.6797
346.6797
385.7422
385.7422
395.5078
395.5078
390.6250
390.6250
444.3359
444.3359
551.7578
551.7578
605.4687
605.4687
615.2344
615.2344
634.7656
634.7656
634.7656
634.7656
634.7656
634.7656
717.7734
717.7734
874.0234
874.0234
971.6797
971.6797
1010.7422
1010.7422
1020.5078
1020.5078
952.1484
952.1484
839.8437
839.8437
747.0703
747.0703
610.3516
610.3516
346.6797
346.6797
83.0078
83.0078
0.0000
0.0000
0.0000
0.0000
0.0000
0.0000
0.0000
0.0000
0.0000
0.0000
0.0000
0.0000
34.1797
34.1797
97.6562
97.6562
63.4766
63.4766
0.0000
0.0000
0.0000
0.0000
0.0000
0.0000
0.0000
0.0000
0.0000
0.0000
0.0000
0.0000
0.0000
0.0000
0.0000
0.0000
0.0000
0.0000
0.0000
0.0000
0.0000
0.0000
0.0000
0.0000
0.0000
0.0000
0.0000
0.0000
0.0000
0.0000
0.0000
0.0000
0.0000
0.0000
0.0000
0.0000
0.0000
0.0000
0.0000
0.0000
0.0000
0.0000
0.0000
0.0000
0.0000
0.0000
0.0000
0.0000
0.0000
0.0000
0.0000
0.0000
0.0000
0.0000
0.0000
0.0000
0.0000
0.0000
0.0000
0.0000
0.0000
0.0000
0.0000
0.0000
0.0000
0.0000
0.0000
0.0000
0.0000
0.0000
0.0000
0.0000
0.0000
0.0000
14.6484
14.6484
24.4141
24.4141
34.1797
34.1797
4.8828
4.8828
19.5312
19.5312
107.4219
107.4219
200.1953
200.1953
224.6094
224.6094
253.9062
253.9062
258.7891
258.7891
229.4922
229.4922
244.1406
244.1406
327.1484
327.1484
380.8594
380.8594
371.0937
371.0937
366.2109
366.2109
356.4453
356.4453
332.0312
332.0312
361.3281
361.3281
449.2187
449.2187
488.2812
488.2812
473.6328
473.6328
449.2187
449.2187
385.7422
385.7422
312.5000
312.5000
302.7344
302.7344
371.0937
371.0937
415.0391
415.0391
468.7500
468.7500
561.5234
561.5234
620.1172
620.1172
654.2969
654.2969
698.2422
698.2422
722.6562
722.6562
600.5859
600.5859
390.6250
390.6250
151.3672
151.3672
0.0000
0.0000
0.0000
0.0000
0.0000
0.0000
0.0000
0.0000
0.0000
0.0000
0.0000
0.0000
29.2969
29.2969
39.0625
39.0625
14.6484
14.6484
19.5312
19.5312
0.0000
0.0000
0.0000
0.0000
0.0000
0.0000
0.0000
0.0000
0.0000
0.0000
0.0000
0.0000
0.0000
0.0000
0.0000
0.0000
0.0000
0.0000
0.0000
0.0000
0.0000
0.0000
0.0000
0.0000
0.0000
0.0000
0.0000
0.0000
0.0000
0.0000
0.0000
0.0000
0.0000
0.0000
0.0000
0.0000
0.0000
0.0000
0.0000
0.0000
0.0000
0.0000
0.0000
0.0000
0.0000
0.0000
0.0000
0.0000
0.0000
0.0000
0.0000
0.0000
0.0000
0.0000
166.0156
166.0156
253.9062
253.9062
297.8516
297.8516
327.1484
327.1484
297.8516
297.8516
283.2031
283.2031
341.7969
341.7969
419.9219
419.9219
439.4531
439.4531
449.2187
449.2187
454.1016
454.1016
415.0391
415.0391
395.5078
395.5078
444.3359
444.3359
483.3984
483.3984
444.3359
444.3359
395.5078
395.5078
336.9141
336.9141
249.0234
249.0234
209.9609
209.9609
249.0234
249.0234
273.4375
273.4375
249.0234
249.0234
249.0234
249.0234
234.3750
234.3750
200.1953
200.1953
229.4922
229.4922
322.2656
322.2656
380.8594
380.8594
395.5078
395.5078
419.9219
419.9219
415.0391
415.0391
395.5078
395.5078
434.5703
434.5703
532.2266
532.2266
576.1719
576.1719
585.9375
585.9375
605.4687
605.4687
595.7031
595.7031
566.4062
566.4062
595.7031
595.7031
678.7109
678.7109
688.4766
688.4766
659.1797
659.1797
639.6484
639.6484
581.0547
581.0547
537.1094
537.1094
566.4062
566.4062
629.8828
629.8828
639.6484
639.6484
629.8828
629.8828
644.5312
644.5312
654.2969
654.2969
717.7734
717.7734
825.1953
825.1953
922.8516
922.8516
903.3203
903.3203
800.7812
800.7812
664.0625
664.0625
473.6328
473.6328
327.1484
327.1484
283.2031
283.2031
273.4375
273.4375
190.4297
190.4297
87.8906
87.8906
0.0000
0.0000
0.0000
0.0000
0.0000
0.0000
0.0000
0.0000
0.0000
0.0000
0.0000
0.0000
0.0000
0.0000
0.0000
0.0000
0.0000
0.0000
0.0000
0.0000
0.0000
0.0000
0.0000
0.0000
0.0000
0.0000
0.0000
0.0000
0.0000
0.0000
0.0000
0.0000
0.0000
0.0000
0.0000
0.0000
0.0000
0.0000
0.0000
0.0000
0.0000
0.0000
0.0000
0.0000
0.0000
0.0000
0.0000
0.0000
0.0000
0.0000
0.0000
0.0000
0.0000
0.0000
0.0000
0.0000
0.0000
0.0000
0.0000
0.0000
0.0000
0.0000
0.0000
0.0000
0.0000
0.0000
0.0000
0.0000
0.0000
0.0000
0.0000
0.0000
0.0000
0.0000
0.0000
0.0000
0.0000
0.0000
0.0000
0.0000
0.0000
0.0000
0.0000
0.0000
0.0000
0.0000
0.0000
0.0000
0.0000
0.0000
0.0000
0.0000
0.0000
0.0000
0.0000
0.0000
0.0000
0.0000
0.0000
0.0000
0.0000
0.0000
0.0000
0.0000
58.5937
58.5937
43.9453
43.9453
29.2969
29.2969
0.0000
0.0000
0.0000
0.0000
0.0000
0.0000
0.0000
0.0000
4.8828
4.8828
9.7656
9.7656
39.0625
39.0625
43.9453
43.9453
39.0625
87.8906
87.8906
190.4297
190.4297
234.3750
234.3750
229.4922
229.4922
234.3750
234.3750
200.1953
200.1953
175.7812
175.7812
224.6094
224.6094
322.2656
322.2656
361.3281
361.3281
366.2109
366.2109
390.6250
390.6250
375.9766
375.9766
380.8594
380.8594
454.1016
454.1016
551.7578
551.7578
576.1719
576.1719
595.7031
595.7031
625.0000
625.0000
639.6484
639.6484
688.4766
688.4766
805.6641
805.6641
903.3203
903.3203
874.0234
874.0234
761.7187
761.7187
571.2891
571.2891
302.7344
302.7344
58.5937
58.5937
0.0000
0.0000
0.0000
0.0000
0.0000
0.0000
0.0000
0.0000
0.0000
0.0000
0.0000
0.0000
0.0000
0.0000
73.2422
73.2422
126.9531
126.9531
58.5937
58.5937
0.0000
0.0000
0.0000
0.0000
0.0000
0.0000
0.0000
0.0000
0.0000
0.0000
0.0000
0.0000
0.0000
0.0000
0.0000
0.0000
0.0000
0.0000
0.0000
0.0000
0.0000
0.0000
0.0000
0.0000
0.0000
0.0000
0.0000
0.0000
0.0000
0.0000
0.0000
0.0000
0.0000
0.0000
0.0000
0.0000
0.0000
0.0000
0.0000
0.0000
0.0000
0.0000
0.0000
0.0000
0.0000
0.0000
0.0000
0.0000
0.0000
0.0000
0.0000
0.0000
0.0000
0.0000
0.0000
0.0000
0.0000
0.0000
0.0000
0.0000
0.0000
0.0000
9.7656
9.7656
107.4219
107.4219
131.8359
131.8359
151.3672
151.3672
166.0156
166.0156
151.3672
151.3672
190.4297
190.4297
307.6172
307.6172
400.3906
400.3906
429.6875
429.6875
458.9844
458.9844
458.9844
458.9844
434.5703
434.5703
463.8672
463.8672
551.7578
551.7578
590.8203
590.8203
571.2891
571.2891
566.4062
566.4062
517.5781
517.5781
463.8672
463.8672
468.7500
468.7500
532.2266
532.2266
537.1094
537.1094
507.8125
507.8125
493.1641
493.1641
439.4531
439.4531
410.1562
410.1562
444.3359
444.3359
527.3437
527.3437
551.7578
551.7578
541.9922
541.9922
541.9922
541.9922
498.0469
498.0469
478.5156
478.5156
532.2266
532.2266
620.1172
620.1172
649.4141
649.4141
673.8281
673.8281
708.0078
708.0078
683.5937
683.5937
654.2969
654.2969
664.0625
664.0625
659.1797
659.1797
576.1719
576.1719
473.6328
473.6328
341.7969
341.7969
151.3672
151.3672
9.7656
9.7656
0.0000
0.0000
0.0000
0.0000
0.0000
0.0000
0.0000
0.0000
0.0000
0.0000
0.0000
0.0000
0.0000
0.0000
0.0000
0.0000
0.0000
0.0000
0.0000
0.0000
0.0000
0.0000
0.0000
0.0000
0.0000
0.0000
0.0000
0.0000
0.0000
0.0000
0.0000
0.0000
0.0000
0.0000
0.0000
0.0000
0.0000
0.0000
0.0000
0.0000
0.0000
0.0000
0.0000
0.0000
0.0000
0.0000
0.0000
0.0000
0.0000
0.0000
0.0000
0.0000
0.0000
0.0000
0.0000
0.0000
0.0000
0.0000
0.0000
0.0000
0.0000
0.0000
0.0000
0.0000
0.0000
0.0000
0.0000
0.0000
0.0000
0.0000
0.0000
0.0000
0.0000
0.0000
0.0000
0.0000
0.0000
0.0000
0.0000
0.0000
0.0000
0.0000
0.0000
0.0000
43.9453
43.9453
34.1797
34.1797
29.2969
29.2969
19.5312
19.5312
0.0000
0.0000
0.0000
0.0000
78.1250
78.1250
126.9531
126.9531
122.0703
122.0703
112.3047
112.3047
73.2422
73.2422
29.2969
29.2969
48.8281
48.8281
141.6016
141.6016
195.3125
195.3125
205.0781
205.0781
219.7266
219.7266
195.3125
195.3125
170.8984
170.8984
205.0781
205.0781
292.9687
292.9687
317.3828
317.3828
327.1484
327.1484
351.5625
351.5625
346.6797
346.6797
356.4453
356.4453
449.2187
449.2187
571.2891
571.2891
620.1172
620.1172
629.8828
629.8828
639.6484
639.6484
625.0000
625.0000
644.5312
644.5312
751.9531
751.9531
883.7891
883.7891
922.8516
922.8516
893.5547
893.5547
795.8984
795.8984
576.1719
576.1719
332.0312
332.0312
141.6016
141.6016
0.0000
0.0000
0.0000
0.0000
0.0000
0.0000
0.0000
0.0000
0.0000
0.0000
0.0000
0.0000
0.0000
0.0000
0.0000
0.0000
14.6484
14.6484
0.0000
0.0000
0.0000
0.0000
0.0000
0.0000
0.0000
0.0000
0.0000
0.0000
0.0000
0.0000
0.0000
0.0000
0.0000
0.0000
0.0000
0.0000
0.0000
0.0000
0.0000
0.0000
0.0000
0.0000
0.0000
0.0000
0.0000
0.0000
0.0000
0.0000
0.0000
0.0000
0.0000
0.0000
0.0000
0.0000
0.0000
0.0000
0.0000
0.0000
0.0000
0.0000
0.0000
0.0000
0.0000
0.0000
0.0000
0.0000
0.0000
0.0000
0.0000
0.0000
0.0000
0.0000
0.0000
0.0000
0.0000
0.0000
0.0000
0.0000
0.0000
0.0000
0.0000
0.0000
0.0000
0.0000
0.0000
0.0000
0.0000
0.0000
0.0000
0.0000
0.0000
0.0000
0.0000
0.0000
0.0000
0.0000
92.7734
92.7734
141.6016
141.6016
200.1953
200.1953
234.3750
234.3750
244.1406
244.1406
307.6172
307.6172
439.4531
439.4531
527.3437
527.3437
561.5234
561.5234
595.7031
595.7031
576.1719
576.1719
541.9922
541.9922
556.6406
556.6406
610.3516
610.3516
595.7031
595.7031
556.6406
556.6406
532.2266
532.2266
478.5156
478.5156
439.4531
439.4531
473.6328
473.6328
551.7578
551.7578
566.4062
566.4062
551.7578
551.7578
541.9922
541.9922
483.3984
483.3984
449.2187
449.2187
493.1641
493.1641
566.4062
566.4062
585.9375
585.9375
600.5859
600.5859
634.7656
634.7656
634.7656
634.7656
673.8281
673.8281
800.7812
800.7812
942.3828
942.3828
1005.8594
1005.8594
1044.9219
1044.9219
1054.6875
1054.6875
976.5625
976.5625
893.5547
893.5547
854.4922
854.4922
791.0156
791.0156
649.4141
649.4141
488.2812
488.2812
288.0859
288.0859
63.4766
63.4766
0.0000
0.0000
0.0000
0.0000
0.0000
0.0000
0.0000
0.0000
0.0000
0.0000
0.0000
0.0000
0.0000
0.0000
0.0000
0.0000
0.0000
0.0000
0.0000
0.0000
0.0000
0.0000
0.0000
0.0000
0.0000
0.0000
0.0000
0.0000
0.0000
0.0000
0.0000
0.0000
0.0000
0.0000
0.0000
0.0000
0.0000
0.0000
0.0000
0.0000
0.0000
0.0000
0.0000
0.0000
0.0000
0.0000
0.0000
0.0000
0.0000
0.0000
0.0000
0.0000
0.0000
0.0000
0.0000
0.0000
0.0000
0.0000
0.0000
0.0000
0.0000
0.0000
0.0000
0.0000
0.0000
0.0000
0.0000
0.0000
0.0000
0.0000
0.0000
0.0000
0.0000
0.0000
0.0000
0.0000
0.0000
0.0000
0.0000
0.0000
0.0000
0.0000
0.0000
0.0000
24.4141
24.4141
68.3594
68.3594
53.7109
53.7109
48.8281
48.8281
24.4141
24.4141
0.0000
0.0000
0.0000
0.0000
78.1250
78.1250
126.9531
126.9531
131.8359
131.8359
151.3672
151.3672
136.7187
136.7187
122.0703
122.0703
180.6641
180.6641
292.9687
292.9687
351.5625
351.5625
366.2109
366.2109
390.6250
390.6250
380.8594
380.8594
375.9766
375.9766
439.4531
439.4531
541.9922
541.9922
576.1719
576.1719
561.5234
561.5234
546.8750
546.8750
483.3984
483.3984
429.6875
429.6875
444.3359
444.3359
493.1641
493.1641
478.5156
478.5156
458.9844
458.9844
454.1016
454.1016
415.0391
415.0391
400.3906
400.3906
463.8672
463.8672
546.8750
546.8750
571.2891
571.2891
595.7031
595.7031
625.0000
625.0000
610.3516
610.3516
600.5859
600.5859
600.5859
600.5859
522.4609
522.4609
312.5000
312.5000
53.7109
53.7109
0.0000
0.0000
0.0000
0.0000
0.0000
0.0000
0.0000
0.0000
0.0000
0.0000
0.0000
0.0000
0.0000
0.0000
0.0000
0.0000
0.0000
0.0000
0.0000
0.0000
0.0000
0.0000
0.0000
0.0000
0.0000
0.0000
0.0000
0.0000
0.0000
0.0000
0.0000
0.0000
0.0000
0.0000
0.0000
0.0000
0.0000
0.0000
0.0000
0.0000
0.0000
0.0000
0.0000
0.0000
0.0000
0.0000
0.0000
0.0000
0.0000
0.0000
0.0000
0.0000
0.0000
0.0000
0.0000
0.0000
0.0000
0.0000
0.0000
0.0000
0.0000
0.0000
0.0000
0.0000
0.0000
0.0000
0.0000
0.0000
0.0000
0.0000
0.0000
0.0000
0.0000
0.0000
0.0000
0.0000
0.0000
0.0000
0.0000
0.0000
0.0000
0.0000
0.0000
0.0000
0.0000
0.0000
0.0000
0.0000
0.0000
0.0000
53.7109
53.7109
117.1875
117.1875
170.8984
170.8984
195.3125
195.3125
185.5469
185.5469
214.8437
214.8437
307.6172
307.6172
366.2109
366.2109
380.8594
380.8594
415.0391
415.0391
429.6875
429.6875
429.6875
429.6875
478.5156
478.5156
561.5234
561.5234
561.5234
561.5234
502.9297
502.9297
444.3359
361.3281
361.3281
361.3281
297.8516
297.8516
317.3828
317.3828
380.8594
380.8594
400.3906
400.3906
410.1562
410.1562
424.8047
424.8047
385.7422
385.7422
371.0937
371.0937
424.8047
493.1641
493.1641
493.1641
498.0469
498.0469
498.0469
498.0469
507.8125
507.8125
502.9297
502.9297
551.7578
551.7578
688.4766
688.4766
834.9609
834.9609
898.4375
898.4375
913.0859
869.1406
869.1406
869.1406
747.0703
747.0703
620.1172
620.1172
517.5781
517.5781
351.5625
351.5625
117.1875
0.0000
0.0000
0.0000
0.0000
0.0000
0.0000
0.0000
0.0000
0.0000
0.0000
0.0000
0.0000
0.0000
0.0000
0.0000
0.0000
0.0000
0.0000
0.0000
0.0000
0.0000
0.0000
0.0000
0.0000
0.0000
0.0000
0.0000
0.0000
0.0000
0.0000
0.0000
0.0000
0.0000
0.0000
0.0000
0.0000
0.0000
0.0000
0.0000
0.0000
0.0000
0.0000
0.0000
0.0000
0.0000
0.0000
0.0000
0.0000
0.0000
0.0000
0.0000
0.0000
0.0000
0.0000
0.0000
0.0000
0.0000
0.0000
0.0000
0.0000
0.0000
0.0000
0.0000
0.0000
0.0000
0.0000
0.0000
0.0000
0.0000
0.0000
0.0000
0.0000
0.0000
0.0000
0.0000
0.0000
19.5312
19.5312
126.9531
126.9531
151.3672
151.3672
151.3672
151.3672
117.1875
117.1875
58.5937
58.5937
34.1797
34.1797
87.8906
87.8906
117.1875
117.1875
102.5391
102.5391
107.4219
107.4219
97.6562
97.6562
78.1250
78.1250
126.9531
126.9531
239.2578
239.2578
283.2031
283.2031
278.3203
278.3203
273.4375
273.4375
239.2578
239.2578
205.0781
205.0781
244.1406
244.1406
351.5625
351.5625
400.3906
400.3906
405.2734
405.2734
424.8047
424.8047
405.2734
405.2734
400.3906
400.3906
454.1016
454.1016
532.2266
532.2266
537.1094
537.1094
512.6953
512.6953
493.1641
493.1641
444.3359
444.3359
434.5703
434.5703
502.9297
502.9297
595.7031
595.7031
615.2344
615.2344
610.3516
610.3516
595.7031
595.7031
537.1094
537.1094
522.4609
522.4609
590.8203
590.8203
688.4766
688.4766
737.3047
737.3047
800.7812
800.7812
844.7266
844.7266
810.5469
810.5469
732.4219
732.4219
629.8828
629.8828
415.0391
415.0391
97.6562
97.6562
0.0000
0.0000
0.0000
0.0000
0.0000
0.0000
0.0000
0.0000
0.0000
0.0000
0.0000
0.0000
83.0078
83.0078
234.3750
234.3750
283.2031
283.2031
209.9609
209.9609
122.0703
122.0703
58.5937
58.5937
0.0000
0.0000
0.0000
0.0000
0.0000
0.0000
0.0000
0.0000
0.0000
0.0000
0.0000
0.0000
0.0000
0.0000
0.0000
0.0000
0.0000
0.0000
0.0000
0.0000
0.0000
0.0000
0.0000
0.0000
0.0000
0.0000
0.0000
0.0000
0.0000
0.0000
0.0000
0.0000
0.0000
0.0000
0.0000
0.0000
0.0000
0.0000
0.0000
0.0000
0.0000
0.0000
0.0000
0.0000
0.0000
0.0000
0.0000
0.0000
0.0000
0.0000
0.0000
0.0000
0.0000
0.0000
0.0000
0.0000
0.0000
0.0000
0.0000
0.0000
0.0000
0.0000
0.0000
0.0000
0.0000
0.0000
0.0000
0.0000
0.0000
0.0000
0.0000
0.0000
0.0000
0.0000
0.0000
0.0000
0.0000
0.0000
0.0000
0.0000
0.0000
0.0000
0.0000
0.0000
0.0000
0.0000
0.0000
0.0000
0.0000
0.0000
0.0000
0.0000
0.0000
0.0000
78.1250
78.1250
146.4844
146.4844
224.6094
224.6094
341.7969
341.7969
444.3359
444.3359
556.6406
556.6406
717.7734
717.7734
878.9062
878.9062
927.7344
927.7344
908.2031
908.2031
859.3750
859.3750
766.6016
766.6016
698.2422
698.2422
737.3047
737.3047
805.6641
805.6641
844.7266
844.7266
898.4375
898.4375
971.6797
971.6797
1015.6250
1015.6250
1083.9844
1083.9844
1201.1719
1201.1719
1284.1797
1284.1797
1264.6484
1264.6484
1186.5234
1186.5234
1059.5703
1059.5703
874.0234
874.0234
683.5937
683.5937
498.0469
498.0469
244.1406
244.1406
0.0000
0.0000
0.0000
0.0000
0.0000
0.0000
0.0000
0.0000
0.0000
0.0000
0.0000
0.0000
0.0000
0.0000
0.0000
0.0000
0.0000
0.0000
0.0000
0.0000
0.0000
0.0000
0.0000
0.0000
0.0000
0.0000
0.0000
0.0000
0.0000
0.0000
0.0000
0.0000
0.0000
0.0000
0.0000
0.0000
0.0000
0.0000
0.0000
0.0000
0.0000
0.0000
0.0000
0.0000
0.0000
0.0000
0.0000
0.0000
0.0000
0.0000
0.0000
0.0000
0.0000
0.0000
0.0000
0.0000
0.0000
0.0000
0.0000
0.0000
0.0000
0.0000
0.0000
0.0000
0.0000
0.0000
0.0000
0.0000
0.0000
0.0000
0.0000
0.0000
0.0000
0.0000
0.0000
0.0000
0.0000
0.0000
0.0000
0.0000
19.5312
19.5312
0.0000
0.0000
0.0000
0.0000
0.0000
0.0000
0.0000
0.0000
0.0000
0.0000
29.2969
29.2969
112.3047
112.3047
146.4844
146.4844
175.7812
175.7812
161.1328
161.1328
107.4219
107.4219
102.5391
102.5391
146.4844
146.4844
141.6016
141.6016
117.1875
117.1875
126.9531
126.9531
112.3047
112.3047
112.3047
112.3047
185.5469
185.5469
302.7344
302.7344
332.0312
332.0312
322.2656
322.2656
307.6172
307.6172
244.1406
244.1406
200.1953
200.1953
229.4922
229.4922
288.0859
288.0859
283.2031
283.2031
278.3203
278.3203
278.3203
278.3203
244.1406
244.1406
234.3750
234.3750
292.9687
292.9687
356.4453
356.4453
341.7969
341.7969
332.0312
332.0312
322.2656
322.2656
288.0859
288.0859
307.6172
307.6172
410.1562
410.1562
507.8125
507.8125
532.2266
532.2266
551.7578
551.7578
561.5234
561.5234
546.8750
546.8750
590.8203
590.8203
717.7734
717.7734
844.7266
844.7266
922.8516
922.8516
996.0937
996.0937
1030.2734
1030.2734
981.4453
981.4453
898.4375
898.4375
791.0156
791.0156
556.6406
556.6406
244.1406
244.1406
0.0000
0.0000
0.0000
0.0000
0.0000
0.0000
0.0000
0.0000
0.0000
0.0000
0.0000
0.0000
0.0000
0.0000
0.0000
0.0000
0.0000
0.0000
0.0000
0.0000
0.0000
0.0000
0.0000
0.0000
0.0000
0.0000
0.0000
0.0000
0.0000
0.0000
0.0000
0.0000
0.0000
0.0000
0.0000
0.0000
0.0000
0.0000
0.0000
0.0000
0.0000
0.0000
0.0000
0.0000
0.0000
0.0000
0.0000
0.0000
0.0000
0.0000
0.0000
0.0000
0.0000
0.0000
0.0000
0.0000
0.0000
0.0000
0.0000
0.0000
0.0000
0.0000
0.0000
0.0000
0.0000
0.0000
0.0000
0.0000
0.0000
0.0000
0.0000
0.0000
0.0000
0.0000
0.0000
0.0000
0.0000
0.0000
0.0000
0.0000
0.0000
0.0000
0.0000
0.0000
0.0000
0.0000
0.0000
0.0000
0.0000
0.0000
0.0000
0.0000
0.0000
0.0000
0.0000
0.0000
0.0000
0.0000
0.0000
0.0000
0.0000
0.0000
9.7656
9.7656
117.1875
117.1875
151.3672
151.3672
166.0156
166.0156
175.7812
175.7812
146.4844
146.4844
146.4844
146.4844
239.2578
239.2578
327.1484
327.1484
351.5625
351.5625
375.9766
375.9766
385.7422
385.7422
361.3281
361.3281
390.6250
390.6250
493.1641
493.1641
566.4062
566.4062
566.4062
566.4062
561.5234
561.5234
537.1094
537.1094
488.2812
488.2812
488.2812
488.2812
566.4062
566.4062
600.5859
600.5859
581.0547
581.0547
576.1719
576.1719
546.8750
546.8750
507.8125
507.8125
532.2266
532.2266
615.2344
615.2344
634.7656
634.7656
615.2344
615.2344
595.7031
595.7031
546.8750
546.8750
517.5781
517.5781
556.6406
556.6406
644.5312
644.5312
678.7109
678.7109
698.2422
698.2422
747.0703
747.0703
771.4844
771.4844
786.1328
786.1328
834.9609
834.9609
883.7891
883.7891
830.0781
830.0781
722.6562
722.6562
585.9375
585.9375
385.7422
385.7422
229.4922
229.4922
170.8984
170.8984
161.1328
161.1328
122.0703
122.0703
117.1875
117.1875
136.7187
136.7187
131.8359
131.8359
151.3672
151.3672
219.7266
219.7266
258.7891
258.7891
195.3125
195.3125
97.6562
97.6562
0.0000
0.0000
0.0000
0.0000
0.0000
0.0000
0.0000
0.0000
0.0000
0.0000
0.0000
0.0000
0.0000
0.0000
0.0000
0.0000
0.0000
0.0000
0.0000
0.0000
0.0000
0.0000
0.0000
0.0000
0.0000
0.0000
0.0000
0.0000
0.0000
0.0000
0.0000
0.0000
0.0000
0.0000
0.0000
0.0000
0.0000
0.0000
0.0000
0.0000
0.0000
0.0000
0.0000
0.0000
0.0000
0.0000
0.0000
0.0000
0.0000
0.0000
0.0000
0.0000
0.0000
0.0000
0.0000
0.0000
0.0000
0.0000
0.0000
0.0000
0.0000
0.0000
0.0000
0.0000
0.0000
0.0000
0.0000
0.0000
0.0000
0.0000
0.0000
0.0000
0.0000
0.0000
0.0000
0.0000
4.8828
4.8828
0.0000
0.0000
0.0000
0.0000
0.0000
0.0000
0.0000
0.0000
0.0000
0.0000
0.0000
0.0000
0.0000
0.0000
0.0000
0.0000
9.7656
9.7656
4.8828
4.8828
0.0000
0.0000
43.9453
43.9453
146.4844
146.4844
200.1953
200.1953
224.6094
224.6094
268.5547
268.5547
292.9687
292.9687
327.1484
327.1484
429.6875
429.6875
566.4062
566.4062
625.0000
625.0000
644.5312
644.5312
654.2969
654.2969
610.3516
610.3516
595.7031
595.7031
654.2969
654.2969
737.3047
737.3047
771.4844
771.4844
795.8984
795.8984
815.4297
795.8984
795.8984
795.8984
815.4297
815.4297
913.0859
913.0859
1015.6250
1015.6250
1054.6875
1054.6875
1069.3359
1069.3359
1040.0391
1040.0391
913.0859
913.0859
761.7187
620.1172
620.1172
415.0391
415.0391
415.0391
151.3672
151.3672
0.0000
0.0000
0.0000
0.0000
0.0000
0.0000
0.0000
0.0000
0.0000
0.0000
0.0000
0.0000
43.9453
43.9453
48.8281
48.8281
0.0000
0.0000
0.0000
0.0000
0.0000
0.0000
0.0000
0.0000
0.0000
0.0000
0.0000
0.0000
0.0000
0.0000
0.0000
0.0000
0.0000
0.0000
0.0000
0.0000
0.0000
0.0000
0.0000
0.0000
0.0000
0.0000
0.0000
0.0000
0.0000
0.0000
0.0000
0.0000
0.0000
0.0000
0.0000
0.0000
0.0000
0.0000
0.0000
0.0000
0.0000
0.0000
0.0000
0.0000
0.0000
0.0000
0.0000
0.0000
0.0000
0.0000
0.0000
0.0000
0.0000
0.0000
0.0000
0.0000
0.0000
0.0000
0.0000
0.0000
0.0000
0.0000
0.0000
0.0000
0.0000
0.0000
0.0000
0.0000
0.0000
0.0000
0.0000
0.0000
0.0000
126.9531
126.9531
234.3750
234.3750
288.0859
288.0859
332.0312
332.0312
312.5000
312.5000
249.0234
249.0234
224.6094
224.6094
253.9062
253.9062
234.3750
234.3750
195.3125
195.3125
195.3125
195.3125
180.6641
180.6641
175.7812
175.7812
239.2578
239.2578
332.0312
332.0312
341.7969
341.7969
302.7344
302.7344
244.1406
244.1406
146.4844
146.4844
83.0078
83.0078
112.3047
112.3047
200.1953
200.1953
249.0234
249.0234
302.7344
302.7344
356.4453
356.4453
371.0937
371.0937
400.3906
400.3906
483.3984
483.3984
556.6406
556.6406
551.7578
551.7578
546.8750
546.8750
551.7578
551.7578
537.1094
537.1094
585.9375
585.9375
712.8906
712.8906
830.0781
830.0781
874.0234
874.0234
898.4375
898.4375
893.5547
893.5547
839.8437
839.8437
825.1953
825.1953
893.5547
893.5547
937.5000
937.5000
942.3828
942.3828
966.7969
966.7969
1000.9766
1000.9766
1035.1562
1035.1562
1142.5781
1142.5781
1284.1797
1284.1797
1337.8906
1337.8906
1284.1797
1284.1797
1171.8750
1171.8750
966.7969
966.7969
698.2422
698.2422
449.2187
449.2187
244.1406
244.1406
24.4141
24.4141
0.0000
0.0000
0.0000
0.0000
0.0000
0.0000
0.0000
0.0000
0.0000
0.0000
0.0000
0.0000
0.0000
0.0000
0.0000
0.0000
0.0000
0.0000
0.0000
0.0000
0.0000
0.0000
0.0000
0.0000
0.0000
0.0000
0.0000
0.0000
0.0000
0.0000
0.0000
0.0000
0.0000
0.0000
0.0000
0.0000
0.0000
0.0000
0.0000
0.0000
0.0000
0.0000
0.0000
0.0000
0.0000
0.0000
0.0000
0.0000
0.0000
0.0000
0.0000
0.0000
0.0000
0.0000
0.0000
0.0000
0.0000
0.0000
0.0000
0.0000
0.0000
0.0000
0.0000
0.0000
0.0000
0.0000
0.0000
0.0000
0.0000
0.0000
0.0000
0.0000
0.0000
0.0000
0.0000
0.0000
0.0000
0.0000
0.0000
0.0000
0.0000
0.0000
0.0000
0.0000
0.0000
0.0000
0.0000
0.0000
0.0000
0.0000
0.0000
0.0000
0.0000
0.0000
4.8828
4.8828
34.1797
34.1797
58.5937
58.5937
19.5312
19.5312
0.0000
0.0000
58.5937
58.5937
131.8359
131.8359
141.6016
141.6016
156.2500
156.2500
161.1328
161.1328
126.9531
126.9531
126.9531
126.9531
190.4297
190.4297
239.2578
239.2578
214.8437
214.8437
200.1953
200.1953
161.1328
161.1328
102.5391
102.5391
107.4219
107.4219
190.4297
190.4297
234.3750
234.3750
229.4922
229.4922
249.0234
249.0234
244.1406
244.1406
244.1406
244.1406
307.6172
307.6172
439.4531
439.4531
517.5781
517.5781
551.7578
551.7578
595.7031
595.7031
615.2344
615.2344
654.2969
654.2969
761.7187
761.7187
922.8516
922.8516
1000.9766
1000.9766
1010.7422
1010.7422
971.6797
971.6797
815.4297
815.4297
615.2344
615.2344
458.9844
458.9844
322.2656
322.2656
151.3672
151.3672
34.1797
34.1797
0.0000
0.0000
0.0000
0.0000
39.0625
39.0625
185.5469
185.5469
327.1484
327.1484
351.5625
351.5625
317.3828
317.3828
234.3750
234.3750
97.6562
97.6562
0.0000
0.0000
0.0000
0.0000
0.0000
0.0000
0.0000
0.0000
0.0000
0.0000
0.0000
0.0000
0.0000
0.0000
0.0000
0.0000
0.0000
0.0000
0.0000
0.0000
0.0000
0.0000
0.0000
0.0000
0.0000
0.0000
0.0000
0.0000
0.0000
0.0000
0.0000
0.0000
0.0000
0.0000
0.0000
0.0000
0.0000
0.0000
0.0000
0.0000
0.0000
0.0000
0.0000
0.0000
0.0000
0.0000
0.0000
0.0000
0.0000
0.0000
0.0000
0.0000
0.0000
0.0000
0.0000
0.0000
0.0000
0.0000
112.3047
112.3047
161.1328
161.1328
175.7812
175.7812
180.6641
180.6641
122.0703
122.0703
97.6562
97.6562
151.3672
151.3672
205.0781
205.0781
200.1953
200.1953
200.1953
200.1953
195.3125
195.3125
175.7812
175.7812
195.3125
195.3125
292.9687
292.9687
366.2109
366.2109
366.2109
366.2109
366.2109
366.2109
336.9141
336.9141
283.2031
283.2031
278.3203
278.3203
356.4453
356.4453
415.0391
415.0391
434.5703
434.5703
468.7500
468.7500
478.5156
478.5156
473.6328
473.6328
517.5781
517.5781
610.3516
610.3516
639.6484
639.6484
625.0000
625.0000
610.3516
610.3516
566.4062
566.4062
527.3437
527.3437
556.6406
556.6406
639.6484
639.6484
664.0625
664.0625
664.0625
664.0625
664.0625
664.0625
620.1172
620.1172
581.0547
581.0547
610.3516
610.3516
668.9453
668.9453
659.1797
659.1797
639.6484
639.6484
634.7656
634.7656
590.8203
590.8203
585.9375
585.9375
664.0625
664.0625
791.0156
791.0156
869.1406
869.1406
937.5000
937.5000
986.3281
986.3281
957.0312
957.0312
903.3203
903.3203
883.7891
883.7891
834.9609
834.9609
703.1250
703.1250
551.7578
551.7578
385.7422
385.7422
190.4297
190.4297
53.7109
53.7109
19.5312
19.5312
0.0000
0.0000
0.0000
0.0000
0.0000
0.0000
0.0000
0.0000
0.0000
0.0000
0.0000
0.0000
0.0000
0.0000
0.0000
0.0000
0.0000
0.0000
0.0000
0.0000
0.0000
0.0000
0.0000
0.0000
0.0000
0.0000
0.0000
0.0000
0.0000
0.0000
0.0000
0.0000
0.0000
0.0000
0.0000
0.0000
0.0000
0.0000
0.0000
0.0000
0.0000
0.0000
0.0000
0.0000
0.0000
0.0000
0.0000
0.0000
0.0000
0.0000
0.0000
0.0000
0.0000
0.0000
0.0000
0.0000
0.0000
0.0000
0.0000
0.0000
0.0000
0.0000
0.0000
0.0000
0.0000
0.0000
0.0000
0.0000
0.0000
0.0000
0.0000
0.0000
0.0000
0.0000
0.0000
0.0000
0.0000
0.0000
0.0000
0.0000
0.0000
0.0000
24.4141
24.4141
14.6484
14.6484
0.0000
0.0000
0.0000
0.0000
0.0000
0.0000
0.0000
0.0000
0.0000
0.0000
0.0000
0.0000
0.0000
0.0000
0.0000
0.0000
0.0000
0.0000
0.0000
0.0000
19.5312
19.5312
117.1875
117.1875
170.8984
170.8984
175.7812
175.7812
190.4297
190.4297
180.6641
180.6641
180.6641
180.6641
253.9062
253.9062
385.7422
385.7422
463.8672
463.8672
507.8125
507.8125
551.7578
551.7578
551.7578
551.7578
546.8750
546.8750
600.5859
600.5859
688.4766
688.4766
698.2422
698.2422
693.3594
693.3594
683.5937
683.5937
634.7656
634.7656
605.4687
605.4687
644.5312
644.5312
703.1250
703.1250
698.2422
698.2422
683.5937
683.5937
668.9453
668.9453
610.3516
610.3516
585.9375
585.9375
629.8828
629.8828
673.8281
673.8281
659.1797
659.1797
649.4141
649.4141
649.4141
649.4141
634.7656
634.7656
683.5937
683.5937
825.1953
825.1953
976.5625
976.5625
1054.6875
1054.6875
1088.8672
1088.8672
1054.6875
1054.6875
903.3203
903.3203
737.3047
737.3047
600.5859
600.5859
444.3359
444.3359
258.7891
258.7891
126.9531
126.9531
34.1797
34.1797
0.0000
0.0000
0.0000
0.0000
4.8828
4.8828
0.0000
0.0000
0.0000
0.0000
0.0000
0.0000
0.0000
0.0000
0.0000
0.0000
0.0000
0.0000
0.0000
0.0000
0.0000
0.0000
0.0000
0.0000
0.0000
0.0000
0.0000
0.0000
0.0000
0.0000
0.0000
0.0000
0.0000
0.0000
0.0000
0.0000
0.0000
0.0000
0.0000
0.0000
0.0000
0.0000
0.0000
0.0000
0.0000
0.0000
0.0000
0.0000
0.0000
0.0000
0.0000
0.0000
0.0000
0.0000
0.0000
0.0000
0.0000
0.0000
0.0000
0.0000
0.0000
0.0000
0.0000
0.0000
0.0000
0.0000
0.0000
0.0000
0.0000
0.0000
0.0000
0.0000
0.0000
0.0000
9.7656
9.7656
29.2969
29.2969
34.1797
34.1797
4.8828
4.8828
0.0000
0.0000
0.0000
0.0000
83.0078
83.0078
141.6016
141.6016
156.2500
156.2500
180.6641
180.6641
166.0156
166.0156
131.8359
131.8359
156.2500
156.2500
214.8437
214.8437
214.8437
214.8437
190.4297
190.4297
175.7812
175.7812
136.7187
136.7187
131.8359
131.8359
205.0781
205.0781
307.6172
307.6172
327.1484
327.1484
336.9141
336.9141
346.6797
346.6797
317.3828
317.3828
322.2656
322.2656
419.9219
419.9219
527.3437
566.4062
566.4062
566.4062
615.2344
615.2344
654.2969
654.2969
654.2969
654.2969
708.0078
708.0078
844.7266
844.7266
971.6797
971.6797
1020.5078
1020.5078
1035.1562
1035.1562
1000.9766
1000.9766
893.5547
893.5547
810.5469
810.5469
781.2500
781.2500
698.2422
698.2422
532.2266
532.2266
327.1484
327.1484
83.0078
83.0078
0.0000
0.0000
0.0000
0.0000
0.0000
0.0000
0.0000
0.0000
0.0000
0.0000
0.0000
0.0000
0.0000
0.0000
0.0000
0.0000
0.0000
0.0000
0.0000
0.0000
0.0000
0.0000
0.0000
0.0000
0.0000
0.0000
0.0000
0.0000
0.0000
0.0000
0.0000
0.0000
0.0000
0.0000
0.0000
0.0000
0.0000
0.0000
0.0000
0.0000
0.0000
0.0000
0.0000
0.0000
0.0000
0.0000
0.0000
0.0000
0.0000
0.0000
0.0000
0.0000
0.0000
0.0000
0.0000
0.0000
0.0000
0.0000
0.0000
0.0000
0.0000
0.0000
0.0000
0.0000
0.0000
0.0000
0.0000
0.0000
0.0000
0.0000
0.0000
19.5312
19.5312
83.0078
83.0078
92.7734
92.7734
97.6562
97.6562
68.3594
68.3594
19.5312
19.5312
34.1797
34.1797
117.1875
117.1875
151.3672
151.3672
146.4844
146.4844
166.0156
166.0156
151.3672
151.3672
151.3672
151.3672
214.8437
214.8437
317.3828
317.3828
346.6797
346.6797
356.4453
356.4453
371.0937
371.0937
356.4453
356.4453
366.2109
366.2109
449.2187
449.2187
551.7578
551.7578
576.1719
576.1719
566.4062
566.4062
551.7578
551.7578
488.2812
488.2812
463.8672
463.8672
512.6953
512.6953
571.2891
571.2891
566.4062
566.4062
561.5234
561.5234
546.8750
546.8750
498.0469
498.0469
498.0469
498.0469
551.7578
551.7578
581.0547
581.0547
541.9922
541.9922
507.8125
507.8125
458.9844
458.9844
395.5078
395.5078
400.3906
400.3906
493.1641
493.1641
576.1719
576.1719
629.8828
629.8828
708.0078
708.0078
781.2500
781.2500
820.3125
820.3125
883.7891
883.7891
957.0312
957.0312
913.0859
913.0859
751.9531
751.9531
551.7578
551.7578
297.8516
297.8516
78.1250
78.1250
0.0000
0.0000
0.0000
0.0000
9.7656
9.7656
39.0625
39.0625
102.5391
102.5391
131.8359
131.8359
131.8359
131.8359
156.2500
156.2500
170.8984
170.8984
97.6562
97.6562
0.0000
0.0000
0.0000
0.0000
0.0000
0.0000
0.0000
0.0000
0.0000
0.0000
0.0000
0.0000
0.0000
0.0000
0.0000
0.0000
0.0000
0.0000
0.0000
0.0000
0.0000
0.0000
0.0000
0.0000
0.0000
0.0000
0.0000
0.0000
0.0000
0.0000
0.0000
0.0000
0.0000
0.0000
0.0000
0.0000
0.0000
0.0000
0.0000
0.0000
0.0000
0.0000
0.0000
0.0000
0.0000
0.0000
0.0000
0.0000
0.0000
0.0000
0.0000
0.0000
0.0000
0.0000
0.0000
0.0000
0.0000
0.0000
0.0000
0.0000
0.0000
0.0000
0.0000
0.0000
0.0000
0.0000
0.0000
0.0000
0.0000
0.0000
39.0625
39.0625
58.5937
58.5937
73.2422
73.2422
136.7187
136.7187
239.2578
239.2578
263.6719
263.6719
234.3750
234.3750
205.0781
205.0781
131.8359
131.8359
73.2422
73.2422
92.7734
92.7734
151.3672
151.3672
161.1328
161.1328
166.0156
166.0156
170.8984
170.8984
136.7187
136.7187
131.8359
131.8359
190.4297
190.4297
263.6719
263.6719
268.5547
268.5547
268.5547
268.5547
258.7891
258.7891
229.4922
229.4922
244.1406
244.1406
336.9141
336.9141
434.5703
434.5703
473.6328
473.6328
512.6953
512.6953
527.3437
527.3437
502.9297
502.9297
517.5781
517.5781
600.5859
600.5859
649.4141
649.4141
634.7656
634.7656
625.0000
625.0000
600.5859
600.5859
561.5234
561.5234
581.0547
581.0547
664.0625
664.0625
708.0078
708.0078
688.4766
688.4766
678.7109
678.7109
654.2969
654.2969
610.3516
610.3516
644.5312
644.5312
756.8359
756.8359
825.1953
825.1953
830.0781
830.0781
820.3125
820.3125
742.1875
742.1875
610.3516
610.3516
458.9844
458.9844
263.6719
263.6719
0.0000
0.0000
0.0000
0.0000
0.0000
0.0000
0.0000
0.0000
0.0000
0.0000
0.0000
0.0000
0.0000
0.0000
0.0000
0.0000
0.0000
0.0000
0.0000
0.0000
0.0000
0.0000
0.0000
0.0000
0.0000
0.0000
0.0000
0.0000
0.0000
0.0000
0.0000
0.0000
0.0000
0.0000
0.0000
0.0000
0.0000
0.0000
0.0000
0.0000
0.0000
0.0000
0.0000
0.0000
0.0000
0.0000
0.0000
0.0000
0.0000
0.0000
0.0000
0.0000
0.0000
0.0000
0.0000
0.0000
0.0000
0.0000
0.0000
0.0000
0.0000
0.0000
0.0000
0.0000
0.0000
0.0000
0.0000
0.0000
0.0000
0.0000
0.0000
0.0000
0.0000
0.0000
0.0000
0.0000
0.0000
0.0000
0.0000
0.0000
0.0000
0.0000
0.0000
0.0000
0.0000
0.0000
0.0000
0.0000
0.0000
0.0000
0.0000
0.0000
0.0000
0.0000
0.0000
0.0000
0.0000
0.0000
0.0000
0.0000
0.0000
0.0000
0.0000
0.0000
0.0000
0.0000
9.7656
9.7656
63.4766
63.4766
39.0625
39.0625
14.6484
14.6484
0.0000
0.0000
0.0000
0.0000
0.0000
0.0000
14.6484
14.6484
97.6562
97.6562
117.1875
117.1875
141.6016
141.6016
141.6016
141.6016
112.3047
112.3047
141.6016
141.6016
239.2578
239.2578
307.6172
307.6172
322.2656
322.2656
356.4453
356.4453
366.2109
366.2109
371.0937
371.0937
444.3359
444.3359
576.1719
576.1719
654.2969
654.2969
693.3594
693.3594
737.3047
737.3047
737.3047
737.3047
717.7734
717.7734
766.6016
766.6016
864.2578
864.2578
898.4375
898.4375
893.5547
893.5547
888.6719
888.6719
844.7266
844.7266
805.6641
805.6641
834.9609
834.9609
913.0859
913.0859
927.7344
927.7344
952.1484
952.1484
1000.9766
1000.9766
1010.7422
1010.7422
1010.7422
1010.7422
1020.5078
1020.5078
981.4453
981.4453
781.2500
781.2500
512.6953
512.6953
219.7266
219.7266
0.0000
0.0000
0.0000
0.0000
0.0000
0.0000
0.0000
0.0000
0.0000
0.0000
9.7656
9.7656
73.2422
73.2422
19.5312
19.5312
0.0000
0.0000
0.0000
0.0000
0.0000
0.0000
0.0000
0.0000
0.0000
0.0000
0.0000
0.0000
0.0000
0.0000
0.0000
0.0000
0.0000
0.0000
0.0000
0.0000
0.0000
0.0000
0.0000
0.0000
0.0000
0.0000
0.0000
0.0000
0.0000
0.0000
0.0000
0.0000
0.0000
0.0000
0.0000
0.0000
0.0000
0.0000
0.0000
0.0000
0.0000
0.0000
0.0000
0.0000
0.0000
0.0000
0.0000
0.0000
0.0000
0.0000
0.0000
0.0000
0.0000
0.0000
0.0000
0.0000
0.0000
0.0000
0.0000
0.0000
0.0000
0.0000
0.0000
0.0000
0.0000
0.0000
0.0000
0.0000
0.0000
0.0000
0.0000
0.0000
0.0000
0.0000
0.0000
0.0000
0.0000
0.0000
68.3594
68.3594
92.7734
92.7734
131.8359
131.8359
209.9609
209.9609
234.3750
234.3750
180.6641
180.6641
136.7187
136.7187
78.1250
78.1250
24.4141
24.4141
48.8281
48.8281
131.8359
131.8359
170.8984
170.8984
156.2500
156.2500
146.4844
146.4844
83.0078
83.0078
19.5312
19.5312
19.5312
19.5312
78.1250
78.1250
87.8906
87.8906
92.7734
92.7734
126.9531
126.9531
126.9531
126.9531
146.4844
146.4844
234.3750
234.3750
336.9141
336.9141
361.3281
361.3281
371.0937
371.0937
385.7422
385.7422
375.9766
375.9766
405.2734
405.2734
522.4609
522.4609
644.5312
644.5312
698.2422
698.2422
737.3047
737.3047
771.4844
771.4844
756.8359
756.8359
761.7187
761.7187
834.9609
834.9609
893.5547
893.5547
903.3203
903.3203
932.6172
932.6172
971.6797
971.6797
986.3281
986.3281
1040.0391
1040.0391
1123.0469
1123.0469
1137.6953
1137.6953
1054.6875
1054.6875
922.8516
922.8516
688.4766
688.4766
371.0937
371.0937
117.1875
117.1875
0.0000
0.0000
0.0000
0.0000
0.0000
0.0000
0.0000
0.0000
0.0000
0.0000
0.0000
0.0000
0.0000
0.0000
0.0000
0.0000
39.0625
39.0625
0.0000
0.0000
0.0000
0.0000
0.0000
0.0000
0.0000
0.0000
0.0000
0.0000
0.0000
0.0000
0.0000
0.0000
0.0000
0.0000
0.0000
0.0000
0.0000
0.0000
0.0000
0.0000
0.0000
0.0000
0.0000
0.0000
0.0000
0.0000
0.0000
0.0000
0.0000
0.0000
0.0000
0.0000
0.0000
0.0000
0.0000
0.0000
0.0000
0.0000
0.0000
0.0000
0.0000
0.0000
0.0000
0.0000
0.0000
0.0000
0.0000
0.0000
0.0000
0.0000
0.0000
0.0000
0.0000
0.0000
0.0000
0.0000
14.6484
14.6484
19.5312
19.5312
63.4766
63.4766
156.2500
156.2500
185.5469
185.5469
151.3672
151.3672
136.7187
136.7187
92.7734
92.7734
68.3594
68.3594
126.9531
126.9531
253.9062
253.9062
327.1484
327.1484
375.9766
375.9766
424.8047
424.8047
419.9219
419.9219
410.1562
410.1562
454.1016
454.1016
517.5781
517.5781
502.9297
502.9297
478.5156
478.5156
468.7500
468.7500
415.0391
415.0391
405.2734
405.2734
463.8672
463.8672
527.3437
527.3437
517.5781
517.5781
498.0469
498.0469
463.8672
463.8672
380.8594
380.8594
332.0312
332.0312
361.3281
361.3281
395.5078
395.5078
371.0937
371.0937
361.3281
361.3281
346.6797
346.6797
307.6172
307.6172
322.2656
322.2656
405.2734
473.6328
473.6328
473.6328
483.3984
483.3984
502.9297
502.9297
502.9297
502.9297
483.3984
483.3984
527.3437
527.3437
664.0625
664.0625
786.1328
786.1328
869.1406
869.1406
952.1484
976.5625
976.5625
976.5625
913.0859
913.0859
810.5469
810.5469
673.8281
673.8281
429.6875
429.6875
126.9531
126.9531
0.0000
0.0000
0.0000
0.0000
0.0000
0.0000
0.0000
0.0000
0.0000
0.0000
0.0000
0.0000
0.0000
0.0000
0.0000
0.0000
0.0000
0.0000
0.0000
0.0000
0.0000
0.0000
0.0000
0.0000
0.0000
0.0000
0.0000
0.0000
0.0000
0.0000
0.0000
0.0000
0.0000
0.0000
0.0000
0.0000
0.0000
0.0000
0.0000
0.0000
0.0000
0.0000
0.0000
0.0000
0.0000
0.0000
0.0000
0.0000
0.0000
0.0000
0.0000
0.0000
0.0000
0.0000
0.0000
0.0000
0.0000
0.0000
0.0000
0.0000
0.0000
0.0000
0.0000
0.0000
0.0000
0.0000
0.0000
0.0000
0.0000
0.0000
0.0000
0.0000
0.0000
0.0000
0.0000
0.0000
0.0000
0.0000
0.0000
0.0000
0.0000
0.0000
0.0000
0.0000
0.0000
0.0000
0.0000
0.0000
0.0000
0.0000
0.0000
0.0000
0.0000
0.0000
0.0000
0.0000
0.0000
0.0000
0.0000
0.0000
0.0000
0.0000
0.0000
0.0000
0.0000
0.0000
0.0000
0.0000
0.0000
0.0000
0.0000
0.0000
0.0000
0.0000
0.0000
87.8906
87.8906
180.6641
180.6641
195.3125
195.3125
205.0781
205.0781
185.5469
185.5469
146.4844
146.4844
166.0156
166.0156
268.5547
268.5547
341.7969
341.7969
361.3281
361.3281
380.8594
380.8594
371.0937
371.0937
346.6797
346.6797
380.8594
380.8594
458.9844
458.9844
498.0469
498.0469
483.3984
483.3984
488.2812
488.2812
468.7500
468.7500
444.3359
444.3359
483.3984
483.3984
561.5234
561.5234
576.1719
576.1719
541.9922
541.9922
507.8125
507.8125
444.3359
444.3359
410.1562
410.1562
458.9844
458.9844
566.4062
566.4062
620.1172
620.1172
678.7109
678.7109
756.8359
756.8359
825.1953
825.1953
903.3203
903.3203
1015.6250
1015.6250
1113.2812
1113.2812
1093.7500
1093.7500
1010.7422
1010.7422
903.3203
903.3203
737.3047
737.3047
581.0547
581.0547
488.2812
488.2812
410.1562
410.1562
283.2031
283.2031
180.6641
180.6641
112.3047
112.3047
39.0625
39.0625
29.2969
29.2969
92.7734
92.7734
136.7187
136.7187
87.8906
87.8906
0.0000
0.0000
0.0000
0.0000
0.0000
0.0000
0.0000
0.0000
0.0000
0.0000
0.0000
0.0000
0.0000
0.0000
0.0000
0.0000
0.0000
0.0000
0.0000
0.0000
0.0000
0.0000
0.0000
0.0000
0.0000
0.0000
0.0000
0.0000
0.0000
0.0000
0.0000
0.0000
0.0000
0.0000
0.0000
0.0000
0.0000
0.0000
0.0000
0.0000
0.0000
0.0000
0.0000
0.0000
0.0000
0.0000
0.0000
0.0000
0.0000
0.0000
0.0000
0.0000
53.7109
53.7109
73.2422
73.2422
87.8906
87.8906
48.8281
48.8281
24.4141
24.4141
73.2422
73.2422
126.9531
126.9531
117.1875
117.1875
92.7734
92.7734
58.5937
58.5937
0.0000
0.0000
0.0000
0.0000
39.0625
39.0625
73.2422
73.2422
34.1797
34.1797
0.0000
0.0000
0.0000
0.0000
0.0000
0.0000
0.0000
0.0000
0.0000
0.0000
43.9453
43.9453
63.4766
63.4766
92.7734
92.7734
102.5391
102.5391
92.7734
92.7734
131.8359
131.8359
224.6094
224.6094
263.6719
263.6719
268.5547
268.5547
297.8516
297.8516
297.8516
297.8516
307.6172
307.6172
390.6250
390.6250
532.2266
532.2266
605.4687
605.4687
639.6484
639.6484
673.8281
673.8281
673.8281
673.8281
668.9453
668.9453
722.6562
722.6562
820.3125
820.3125
864.2578
864.2578
903.3203
903.3203
957.0312
957.0312
971.6797
971.6797
976.5625
976.5625
1000.9766
1000.9766
976.5625
976.5625
795.8984
795.8984
537.1094
537.1094
239.2578
239.2578
0.0000
0.0000
0.0000
0.0000
0.0000
0.0000
0.0000
0.0000
0.0000
0.0000
0.0000
0.0000
0.0000
0.0000
0.0000
0.0000
0.0000
0.0000
0.0000
0.0000
0.0000
0.0000
0.0000
0.0000
0.0000
0.0000
0.0000
0.0000
0.0000
0.0000
0.0000
0.0000
0.0000
0.0000
0.0000
0.0000
0.0000
0.0000
0.0000
0.0000
0.0000
0.0000
0.0000
0.0000
0.0000
0.0000
0.0000
0.0000
0.0000
0.0000
0.0000
0.0000
0.0000
0.0000
0.0000
0.0000
0.0000
0.0000
0.0000
0.0000
0.0000
0.0000
0.0000
0.0000
0.0000
0.0000
0.0000
0.0000
0.0000
0.0000
0.0000
0.0000
0.0000
0.0000
0.0000
0.0000
0.0000
0.0000
0.0000
0.0000
0.0000
0.0000
4.8828
4.8828
34.1797
34.1797
112.3047
112.3047
195.3125
195.3125
219.7266
219.7266
258.7891
258.7891
278.3203
278.3203
263.6719
263.6719
288.0859
288.0859
375.9766
375.9766
429.6875
429.6875
415.0391
415.0391
395.5078
395.5078
346.6797
346.6797
283.2031
283.2031
283.2031
283.2031
356.4453
356.4453
400.3906
400.3906
400.3906
400.3906
419.9219
419.9219
405.2734
405.2734
371.0937
371.0937
380.8594
380.8594
434.5703
434.5703
429.6875
429.6875
405.2734
405.2734
405.2734
405.2734
380.8594
380.8594
366.2109
366.2109
424.8047
424.8047
532.2266
532.2266
576.1719
576.1719
585.9375
585.9375
595.7031
595.7031
571.2891
571.2891
561.5234
561.5234
625.0000
625.0000
717.7734
717.7734
756.8359
756.8359
791.0156
791.0156
854.4922
854.4922
898.4375
898.4375
952.1484
952.1484
1040.0391
1040.0391
1118.1641
1118.1641
1093.7500
1093.7500
1000.9766
1000.9766
864.2578
864.2578
625.0000
625.0000
351.5625
351.5625
141.6016
141.6016
0.0000
0.0000
0.0000
0.0000
0.0000
0.0000
0.0000
0.0000
0.0000
0.0000
0.0000
0.0000
0.0000
0.0000
0.0000
0.0000
0.0000
0.0000
0.0000
0.0000
0.0000
0.0000
0.0000
0.0000
0.0000
0.0000
0.0000
0.0000
0.0000
0.0000
0.0000
0.0000
0.0000
0.0000
0.0000
0.0000
0.0000
0.0000
0.0000
0.0000
0.0000
0.0000
0.0000
0.0000
0.0000
0.0000
0.0000
0.0000
0.0000
0.0000
0.0000
0.0000
0.0000
0.0000
0.0000
0.0000
0.0000
0.0000
0.0000
0.0000
0.0000
0.0000
0.0000
0.0000
0.0000
0.0000
0.0000
0.0000
0.0000
0.0000
0.0000
0.0000
0.0000
0.0000
0.0000
0.0000
0.0000
0.0000
0.0000
0.0000
0.0000
0.0000
0.0000
0.0000
0.0000
0.0000
0.0000
0.0000
0.0000
0.0000
0.0000
0.0000
0.0000
0.0000
0.0000
0.0000
0.0000
0.0000
0.0000
0.0000
0.0000
0.0000
14.6484
14.6484
0.0000
0.0000
14.6484
14.6484
92.7734
92.7734
141.6016
141.6016
131.8359
131.8359
141.6016
141.6016
126.9531
126.9531
107.4219
107.4219
151.3672
151.3672
263.6719
263.6719
336.9141
336.9141
356.4453
356.4453
385.7422
385.7422
361.3281
361.3281
332.0312
332.0312
351.5625
351.5625
419.9219
419.9219
424.8047
424.8047
405.2734
405.2734
405.2734
405.2734
375.9766
375.9766
361.3281
361.3281
419.9219
419.9219
512.6953
512.6953
522.4609
522.4609
507.8125
507.8125
498.0469
498.0469
449.2187
449.2187
429.6875
429.6875
483.3984
483.3984
566.4062
566.4062
590.8203
590.8203
620.1172
620.1172
649.4141
649.4141
644.5312
644.5312
664.0625
664.0625
771.4844
771.4844
898.4375
898.4375
961.9141
961.9141
1005.8594
1005.8594
996.0937
996.0937
888.6719
888.6719
732.4219
732.4219
576.1719
576.1719
361.3281
361.3281
92.7734
92.7734
0.0000
0.0000
0.0000
0.0000
0.0000
0.0000
0.0000
0.0000
0.0000
0.0000
9.7656
9.7656
43.9453
43.9453
14.6484
14.6484
0.0000
0.0000
0.0000
0.0000
0.0000
0.0000
0.0000
0.0000
0.0000
0.0000
0.0000
0.0000
0.0000
0.0000
0.0000
0.0000
0.0000
0.0000
0.0000
0.0000
0.0000
0.0000
0.0000
0.0000
0.0000
0.0000
0.0000
0.0000
0.0000
0.0000
0.0000
0.0000
0.0000
0.0000
0.0000
0.0000
0.0000
0.0000
0.0000
0.0000
0.0000
0.0000
0.0000
0.0000
0.0000
0.0000
0.0000
0.0000
0.0000
0.0000
0.0000
0.0000
0.0000
0.0000
0.0000
0.0000
0.0000
0.0000
0.0000
0.0000
0.0000
0.0000
0.0000
0.0000
0.0000
0.0000
0.0000
0.0000
0.0000
0.0000
0.0000
0.0000
0.0000
0.0000
0.0000
0.0000
0.0000
0.0000
0.0000
0.0000
0.0000
0.0000
0.0000
0.0000
0.0000
0.0000
0.0000
0.0000
0.0000
0.0000
0.0000
0.0000
0.0000
0.0000
0.0000
0.0000
0.0000
0.0000
14.6484
14.6484
92.7734
92.7734
185.5469
185.5469
200.1953
200.1953
185.5469
185.5469
185.5469
185.5469
151.3672
151.3672
161.1328
161.1328
263.6719
263.6719
380.8594
380.8594
439.4531
439.4531
488.2812
488.2812
522.4609
522.4609
502.9297
502.9297
507.8125
507.8125
576.1719
576.1719
625.0000
625.0000
610.3516
610.3516
615.2344
615.2344
605.4687
576.1719
576.1719
576.1719
605.4687
605.4687
703.1250
703.1250
766.6016
766.6016
766.6016
766.6016
781.2500
781.2500
786.1328
786.1328
776.3672
776.3672
795.8984
795.8984
854.4922
830.0781
830.0781
830.0781
727.5391
727.5391
615.2344
615.2344
463.8672
463.8672
332.0312
332.0312
297.8516
297.8516
346.6797
346.6797
366.2109
366.2109
361.3281
361.3281
356.4453
288.0859
288.0859
288.0859
200.1953
200.1953
166.0156
166.0156
180.6641
180.6641
146.4844
146.4844
117.1875
117.1875
136.7187
136.7187
131.8359
151.3672
151.3672
219.7266
219.7266
283.2031
283.2031
229.4922
229.4922
117.1875
117.1875
0.0000
0.0000
0.0000
0.0000
0.0000
0.0000
0.0000
0.0000
0.0000
0.0000
0.0000
0.0000
0.0000
0.0000
0.0000
0.0000
0.0000
0.0000
0.0000
0.0000
0.0000
0.0000
0.0000
0.0000
0.0000
0.0000
0.0000
0.0000
0.0000
0.0000
0.0000
0.0000
0.0000
0.0000
0.0000
0.0000
0.0000
0.0000
0.0000
0.0000
0.0000
0.0000
0.0000
0.0000
0.0000
0.0000
0.0000
0.0000
0.0000
0.0000
0.0000
0.0000
39.0625
39.0625
107.4219
107.4219
126.9531
126.9531
126.9531
126.9531
175.7812
175.7812
244.1406
244.1406
234.3750
234.3750
190.4297
190.4297
146.4844
146.4844
73.2422
73.2422
34.1797
34.1797
83.0078
83.0078
166.0156
166.0156
175.7812
175.7812
185.5469
185.5469
180.6641
180.6641
131.8359
131.8359
112.3047
112.3047
156.2500
156.2500
190.4297
190.4297
170.8984
170.8984
161.1328
161.1328
141.6016
141.6016
112.3047
112.3047
136.7187
136.7187
244.1406
244.1406
327.1484
327.1484
351.5625
351.5625
371.0937
371.0937
375.9766
375.9766
361.3281
361.3281
395.5078
395.5078
507.8125
507.8125
595.7031
595.7031
625.0000
625.0000
664.0625
664.0625
698.2422
698.2422
717.7734
717.7734
805.6641
805.6641
947.2656
947.2656
1035.1562
1035.1562
1035.1562
1035.1562
991.2109
991.2109
839.8437
839.8437
610.3516
610.3516
395.5078
395.5078
200.1953
200.1953
0.0000
0.0000
0.0000
0.0000
0.0000
0.0000
0.0000
0.0000
0.0000
0.0000
0.0000
0.0000
0.0000
0.0000
0.0000
0.0000
0.0000
0.0000
0.0000
0.0000
0.0000
0.0000
0.0000
0.0000
0.0000
0.0000
0.0000
0.0000
0.0000
0.0000
0.0000
0.0000
0.0000
0.0000
0.0000
0.0000
0.0000
0.0000
0.0000
0.0000
0.0000
0.0000
0.0000
0.0000
0.0000
0.0000
0.0000
0.0000
0.0000
0.0000
0.0000
0.0000
0.0000
0.0000
0.0000
0.0000
0.0000
0.0000
0.0000
0.0000
0.0000
0.0000
0.0000
0.0000
0.0000
0.0000
0.0000
0.0000
0.0000
0.0000
0.0000
0.0000
0.0000
0.0000
0.0000
0.0000
0.0000
0.0000
0.0000
0.0000
0.0000
0.0000
0.0000
0.0000
0.0000
0.0000
0.0000
0.0000
0.0000
0.0000
0.0000
0.0000
0.0000
0.0000
87.8906
87.8906
131.8359
131.8359
156.2500
156.2500
175.7812
175.7812
161.1328
161.1328
166.0156
166.0156
249.0234
249.0234
351.5625
351.5625
390.6250
390.6250
429.6875
429.6875
454.1016
454.1016
444.3359
444.3359
463.8672
463.8672
546.8750
546.8750
595.7031
595.7031
571.2891
571.2891
541.9922
541.9922
512.6953
512.6953
458.9844
458.9844
463.8672
463.8672
541.9922
541.9922
585.9375
585.9375
576.1719
576.1719
566.4062
566.4062
532.2266
532.2266
473.6328
473.6328
468.7500
468.7500
522.4609
522.4609
527.3437
527.3437
502.9297
502.9297
502.9297
502.9297
483.3984
483.3984
473.6328
473.6328
537.1094
537.1094
673.8281
673.8281
776.3672
776.3672
849.6094
849.6094
937.5000
937.5000
981.4453
981.4453
986.3281
986.3281
996.0937
996.0937
1005.8594
1005.8594
922.8516
922.8516
795.8984
795.8984
649.4141
649.4141
429.6875
429.6875
205.0781
205.0781
58.5937
58.5937
0.0000
0.0000
0.0000
0.0000
0.0000
0.0000
0.0000
0.0000
0.0000
0.0000
0.0000
0.0000
0.0000
0.0000
0.0000
0.0000
0.0000
0.0000
0.0000
0.0000
0.0000
0.0000
0.0000
0.0000
0.0000
0.0000
0.0000
0.0000
0.0000
0.0000
0.0000
0.0000
0.0000
0.0000
0.0000
0.0000
0.0000
0.0000
0.0000
0.0000
0.0000
0.0000
0.0000
0.0000
0.0000
0.0000
0.0000
0.0000
0.0000
0.0000
0.0000
0.0000
0.0000
0.0000
0.0000
0.0000
0.0000
0.0000
0.0000
0.0000
0.0000
0.0000
0.0000
0.0000
0.0000
0.0000
0.0000
0.0000
0.0000
0.0000
0.0000
0.0000
0.0000
0.0000
0.0000
0.0000
0.0000
0.0000
0.0000
0.0000
0.0000
0.0000
34.1797
34.1797
43.9453
43.9453
29.2969
29.2969
24.4141
24.4141
0.0000
0.0000
0.0000
0.0000
19.5312
19.5312
63.4766
63.4766
29.2969
29.2969
0.0000
0.0000
0.0000
0.0000
0.0000
0.0000
0.0000
0.0000
0.0000
0.0000
63.4766
63.4766
87.8906
87.8906
122.0703
122.0703
126.9531
126.9531
97.6562
97.6562
112.3047
112.3047
190.4297
190.4297
234.3750
234.3750
239.2578
239.2578
258.7891
258.7891
268.5547
268.5547
263.6719
263.6719
322.2656
322.2656
434.5703
434.5703
488.2812
488.2812
488.2812
488.2812
488.2812
488.2812
444.3359
444.3359
410.1562
410.1562
434.5703
434.5703
522.4609
522.4609
566.4062
566.4062
590.8203
590.8203
634.7656
634.7656
654.2969
654.2969
683.5937
683.5937
766.6016
766.6016
869.1406
869.1406
859.3750
859.3750
781.2500
781.2500
644.5312
644.5312
429.6875
429.6875
209.9609
209.9609
63.4766
63.4766
0.0000
0.0000
0.0000
0.0000
0.0000
0.0000
0.0000
0.0000
0.0000
0.0000
0.0000
0.0000
112.3047
112.3047
229.4922
229.4922
229.4922
229.4922
180.6641
180.6641
102.5391
102.5391
0.0000
0.0000
0.0000
0.0000
0.0000
0.0000
0.0000
0.0000
0.0000
0.0000
0.0000
0.0000
0.0000
0.0000
0.0000
0.0000
0.0000
0.0000
0.0000
0.0000
0.0000
0.0000
0.0000
0.0000
0.0000
0.0000
0.0000
0.0000
0.0000
0.0000
0.0000
0.0000
0.0000
0.0000
0.0000
0.0000
0.0000
0.0000
0.0000
0.0000
0.0000
0.0000
0.0000
0.0000
0.0000
0.0000
0.0000
0.0000
0.0000
0.0000
0.0000
0.0000
0.0000
0.0000
0.0000
0.0000
0.0000
0.0000
0.0000
0.0000
0.0000
0.0000
24.4141
24.4141
48.8281
48.8281
83.0078
83.0078
87.8906
87.8906
122.0703
122.0703
229.4922
229.4922
346.6797
346.6797
380.8594
380.8594
395.5078
395.5078
390.6250
390.6250
332.0312
332.0312
302.7344
302.7344
361.3281
361.3281
419.9219
419.9219
424.8047
424.8047
439.4531
439.4531
424.8047
424.8047
366.2109
366.2109
336.9141
336.9141
356.4453
356.4453
341.7969
341.7969
283.2031
283.2031
244.1406
244.1406
195.3125
195.3125
156.2500
156.2500
195.3125
195.3125
307.6172
307.6172
380.8594
380.8594
410.1562
410.1562
439.4531
439.4531
410.1562
410.1562
366.2109
366.2109
380.8594
380.8594
468.7500
468.7500
517.5781
517.5781
561.5234
561.5234
654.2969
654.2969
717.7734
717.7734
771.4844
771.4844
869.1406
869.1406
981.4453
981.4453
986.3281
986.3281
913.0859
913.0859
810.5469
810.5469
625.0000
625.0000
410.1562
410.1562
249.0234
249.0234
126.9531
126.9531
0.0000
0.0000
0.0000
0.0000
0.0000
0.0000
0.0000
0.0000
0.0000
0.0000
0.0000
0.0000
43.9453
43.9453
58.5937
58.5937
29.2969
29.2969
0.0000
0.0000
0.0000
0.0000
0.0000
0.0000
0.0000
0.0000
0.0000
0.0000
0.0000
0.0000
0.0000
0.0000
0.0000
0.0000
0.0000
0.0000
0.0000
0.0000
0.0000
0.0000
0.0000
0.0000
0.0000
0.0000
0.0000
0.0000
0.0000
0.0000
0.0000
0.0000
0.0000
0.0000
0.0000
0.0000
0.0000
0.0000
0.0000
0.0000
0.0000
0.0000
0.0000
0.0000
0.0000
0.0000
0.0000
0.0000
0.0000
0.0000
0.0000
0.0000
0.0000
0.0000
0.0000
0.0000
0.0000
0.0000
0.0000
0.0000
0.0000
0.0000
0.0000
0.0000
0.0000
0.0000
0.0000
0.0000
0.0000
0.0000
0.0000
0.0000
0.0000
0.0000
0.0000
0.0000
39.0625
39.0625
73.2422
73.2422
97.6562
97.6562
117.1875
117.1875
92.7734
92.7734
97.6562
97.6562
166.0156
166.0156
229.4922
229.4922
229.4922
229.4922
229.4922
229.4922
224.6094
224.6094
200.1953
200.1953
229.4922
229.4922
327.1484
327.1484
410.1562
410.1562
444.3359
444.3359
493.1641
493.1641
498.0469
498.0469
468.7500
468.7500
478.5156
478.5156
546.8750
546.8750
566.4062
566.4062
541.9922
541.9922
527.3437
527.3437
488.2812
488.2812
454.1016
454.1016
502.9297
502.9297
625.0000
625.0000
712.8906
712.8906
761.7187
761.7187
825.1953
825.1953
815.4297
815.4297
747.0703
747.0703
693.3594
693.3594
634.7656
634.7656
463.8672
463.8672
258.7891
258.7891
63.4766
63.4766
0.0000
0.0000
0.0000
0.0000
0.0000
0.0000
0.0000
0.0000
0.0000
0.0000
9.7656
9.7656
73.2422
73.2422
68.3594
68.3594
58.5937
58.5937
92.7734
92.7734
126.9531
126.9531
92.7734
92.7734
48.8281
4.8828
4.8828
0.0000
0.0000
0.0000
0.0000
0.0000
0.0000
0.0000
0.0000
0.0000
0.0000
0.0000
0.0000
0.0000
