361.3281
361.3281
395.5078
395.5078
478.5156
478.5156
546.8750
546.8750
639.6484
639.6484
820.3125
820.3125
1020.5078
1020.5078
1108.3984
1108.3984
1132.8125
1132.8125
1127.9297
1127.9297
1035.1562
1035.1562
937.5000
937.5000
917.9687
917.9687
883.7891
883.7891
781.2500
781.2500
712.8906
712.8906
629.8828
629.8828
493.1641
493.1641
405.2734
405.2734
375.9766
375.9766
302.7344
302.7344
166.0156
166.0156
53.7109
53.7109
0.0000
0.0000
0.0000
0.0000
0.0000
0.0000
0.0000
0.0000
0.0000
0.0000
0.0000
0.0000
0.0000
0.0000
0.0000
0.0000
0.0000
0.0000
0.0000
0.0000
0.0000
0.0000
0.0000
0.0000
0.0000
0.0000
0.0000
0.0000
0.0000
0.0000
0.0000
0.0000
0.0000
0.0000
0.0000
0.0000
0.0000
0.0000
0.0000
0.0000
0.0000
0.0000
0.0000
0.0000
0.0000
0.0000
0.0000
0.0000
0.0000
0.0000
0.0000
0.0000
0.0000
0.0000
0.0000
0.0000
0.0000
0.0000
0.0000
0.0000
0.0000
0.0000
0.0000
0.0000
0.0000
0.0000
0.0000
0.0000
0.0000
0.0000
0.0000
0.0000
0.0000
0.0000
0.0000
0.0000
0.0000
0.0000
0.0000
0.0000
0.0000
0.0000
0.0000
0.0000
0.0000
0.0000
39.0625
39.0625
87.8906
87.8906
112.3047
112.3047
161.1328
161.1328
170.8984
170.8984
200.1953
200.1953
322.2656
322.2656
454.1016
454.1016
507.8125
507.8125
561.5234
561.5234
595.7031
595.7031
571.2891
571.2891
571.2891
571.2891
644.5312
644.5312
688.4766
688.4766
673.8281
673.8281
703.1250
703.1250
698.2422
698.2422
664.0625
664.0625
688.4766
688.4766
771.4844
771.4844
810.5469
810.5469
834.9609
834.9609
893.5547
893.5547
908.2031
908.2031
888.6719
888.6719
913.0859
913.0859
927.7344
927.7344
839.8437
839.8437
727.5391
727.5391
620.1172
620.1172
463.8672
463.8672
351.5625
351.5625
341.7969
341.7969
341.7969
341.7969
283.2031
283.2031
249.0234
249.0234
195.3125
195.3125
92.7734
92.7734
39.0625
39.0625
43.9453
43.9453
9.7656
9.7656
0.0000
0.0000
0.0000
0.0000
0.0000
0.0000
0.0000
0.0000
0.0000
0.0000
0.0000
0.0000
0.0000
0.0000
0.0000
0.0000
0.0000
0.0000
0.0000
0.0000
0.0000
0.0000
0.0000
0.0000
0.0000
0.0000
0.0000
0.0000
0.0000
0.0000
0.0000
0.0000
0.0000
0.0000
0.0000
0.0000
0.0000
0.0000
0.0000
0.0000
0.0000
0.0000
0.0000
0.0000
0.0000
0.0000
0.0000
0.0000
0.0000
0.0000
0.0000
0.0000
0.0000
0.0000
0.0000
0.0000
0.0000
0.0000
0.0000
0.0000
0.0000
0.0000
0.0000
0.0000
0.0000
0.0000
9.7656
9.7656
63.4766
63.4766
92.7734
92.7734
48.8281
43.9453
43.9453
43.9453
92.7734
92.7734
122.0703
112.3047
112.3047
112.3047
136.7187
126.9531
126.9531
97.6562
97.6562
122.0703
122.0703
190.4297
190.4297
190.4297
190.4297
161.1328
161.1328
141.6016
141.6016
63.4766
63.4766
9.7656
9.7656
48.8281
48.8281
97.6562
97.6562
102.5391
102.5391
126.9531
126.9531
156.2500
156.2500
146.4844
146.4844
185.5469
185.5469
288.0859
288.0859
361.3281
361.3281
380.8594
380.8594
444.3359
444.3359
493.1641
493.1641
537.1094
537.1094
654.2969
654.2969
830.0781
830.0781
942.3828
942.3828
986.3281
986.3281
1030.2734
1030.2734
986.3281
986.3281
917.9687
917.9687
908.2031
908.2031
913.0859
913.0859
854.4922
854.4922
791.0156
791.0156
742.1875
742.1875
639.6484
639.6484
561.5234
561.5234
541.9922
541.9922
502.9297
502.9297
390.6250
390.6250
288.0859
288.0859
156.2500
156.2500
0.0000
0.0000
0.0000
0.0000
0.0000
0.0000
0.0000
0.0000
0.0000
0.0000
0.0000
0.0000
0.0000
0.0000
0.0000
0.0000
0.0000
0.0000
0.0000
0.0000
0.0000
0.0000
0.0000
0.0000
0.0000
0.0000
0.0000
0.0000
0.0000
0.0000
0.0000
0.0000
0.0000
0.0000
0.0000
0.0000
0.0000
0.0000
0.0000
0.0000
0.0000
0.0000
0.0000
0.0000
0.0000
0.0000
0.0000
0.0000
0.0000
0.0000
0.0000
0.0000
0.0000
0.0000
0.0000
0.0000
0.0000
0.0000
0.0000
0.0000
0.0000
0.0000
0.0000
0.0000
0.0000
0.0000
0.0000
0.0000
0.0000
0.0000
0.0000
0.0000
0.0000
0.0000
0.0000
0.0000
0.0000
0.0000
0.0000
0.0000
0.0000
0.0000
0.0000
0.0000
0.0000
0.0000
0.0000
0.0000
0.0000
0.0000
48.8281
48.8281
58.5937
58.5937
53.7109
53.7109
112.3047
112.3047
214.8437
214.8437
244.1406
244.1406
273.4375
273.4375
322.2656
322.2656
312.5000
312.5000
332.0312
332.0312
424.8047
424.8047
507.8125
507.8125
507.8125
507.8125
512.6953
512.6953
502.9297
502.9297
458.9844
458.9844
493.1641
493.1641
625.0000
625.0000
747.0703
747.0703
820.3125
820.3125
898.4375
898.4375
908.2031
908.2031
849.6094
849.6094
815.4297
815.4297
800.7812
800.7812
712.8906
712.8906
615.2344
615.2344
551.7578
551.7578
449.2187
449.2187
366.2109
366.2109
366.2109
366.2109
356.4453
356.4453
273.4375
273.4375
185.5469
185.5469
78.1250
78.1250
0.0000
0.0000
0.0000
0.0000
0.0000
0.0000
0.0000
0.0000
0.0000
0.0000
0.0000
0.0000
0.0000
0.0000
0.0000
0.0000
0.0000
0.0000
0.0000
0.0000
0.0000
0.0000
0.0000
0.0000
0.0000
0.0000
0.0000
0.0000
0.0000
0.0000
0.0000
0.0000
0.0000
0.0000
0.0000
0.0000
0.0000
0.0000
0.0000
0.0000
0.0000
0.0000
0.0000
0.0000
0.0000
0.0000
0.0000
0.0000
0.0000
0.0000
0.0000
0.0000
0.0000
0.0000
0.0000
0.0000
0.0000
0.0000
0.0000
0.0000
0.0000
0.0000
0.0000
0.0000
0.0000
0.0000
0.0000
0.0000
0.0000
0.0000
0.0000
0.0000
29.2969
29.2969
78.1250
78.1250
126.9531
126.9531
180.6641
180.6641
175.7812
175.7812
200.1953
200.1953
302.7344
302.7344
380.8594
380.8594
380.8594
380.8594
395.5078
395.5078
375.9766
375.9766
322.2656
322.2656
322.2656
322.2656
385.7422
385.7422
385.7422
385.7422
351.5625
351.5625
336.9141
336.9141
273.4375
273.4375
200.1953
200.1953
190.4297
190.4297
214.8437
214.8437
166.0156
166.0156
126.9531
126.9531
107.4219
107.4219
34.1797
34.1797
9.7656
9.7656
68.3594
68.3594
131.8359
131.8359
131.8359
131.8359
166.0156
166.0156
190.4297
190.4297
161.1328
161.1328
180.6641
180.6641
268.5547
268.5547
307.6172
307.6172
322.2656
322.2656
400.3906
400.3906
488.2812
488.2812
581.0547
581.0547
747.0703
747.0703
942.3828
942.3828
1035.1562
1035.1562
1049.8047
1049.8047
1030.2734
1030.2734
908.2031
908.2031
771.4844
771.4844
703.1250
703.1250
654.2969
654.2969
551.7578
551.7578
483.3984
483.3984
419.9219
419.9219
302.7344
302.7344
214.8437
214.8437
200.1953
200.1953
156.2500
156.2500
73.2422
73.2422
34.1797
34.1797
0.0000
0.0000
0.0000
0.0000
0.0000
0.0000
0.0000
0.0000
0.0000
0.0000
0.0000
0.0000
0.0000
0.0000
0.0000
0.0000
0.0000
0.0000
0.0000
0.0000
0.0000
0.0000
0.0000
0.0000
0.0000
0.0000
0.0000
0.0000
0.0000
0.0000
0.0000
0.0000
0.0000
0.0000
0.0000
0.0000
0.0000
0.0000
0.0000
0.0000
0.0000
0.0000
0.0000
0.0000
0.0000
0.0000
0.0000
0.0000
0.0000
0.0000
0.0000
0.0000
0.0000
0.0000
0.0000
0.0000
0.0000
0.0000
0.0000
0.0000
0.0000
0.0000
0.0000
0.0000
0.0000
0.0000
0.0000
0.0000
0.0000
0.0000
0.0000
0.0000
0.0000
0.0000
0.0000
0.0000
0.0000
0.0000
0.0000
0.0000
0.0000
0.0000
0.0000
0.0000
0.0000
0.0000
48.8281
48.8281
92.7734
92.7734
102.5391
102.5391
161.1328
161.1328
180.6641
180.6641
195.3125
195.3125
292.9687
292.9687
434.5703
434.5703
507.8125
507.8125
566.4062
566.4062
625.0000
625.0000
610.3516
610.3516
585.9375
585.9375
615.2344
615.2344
634.7656
634.7656
590.8203
590.8203
576.1719
576.1719
561.5234
561.5234
493.1641
493.1641
478.5156
478.5156
546.8750
546.8750
590.8203
590.8203
610.3516
610.3516
673.8281
673.8281
698.2422
698.2422
678.7109
678.7109
698.2422
698.2422
737.3047
737.3047
678.7109
678.7109
581.0547
581.0547
478.5156
478.5156
327.1484
327.1484
205.0781
205.0781
175.7812
175.7812
180.6641
180.6641
136.7187
136.7187
126.9531
126.9531
122.0703
122.0703
63.4766
63.4766
43.9453
43.9453
97.6562
97.6562
107.4219
107.4219
48.8281
48.8281
14.6484
14.6484
0.0000
0.0000
0.0000
0.0000
0.0000
0.0000
0.0000
0.0000
0.0000
0.0000
0.0000
0.0000
0.0000
0.0000
0.0000
0.0000
0.0000
0.0000
0.0000
0.0000
0.0000
0.0000
0.0000
0.0000
0.0000
0.0000
0.0000
0.0000
0.0000
0.0000
0.0000
0.0000
0.0000
0.0000
0.0000
0.0000
0.0000
0.0000
0.0000
0.0000
0.0000
0.0000
0.0000
0.0000
0.0000
0.0000
0.0000
0.0000
0.0000
0.0000
0.0000
0.0000
0.0000
0.0000
0.0000
0.0000
0.0000
0.0000
0.0000
0.0000
0.0000
0.0000
39.0625
39.0625
87.8906
87.8906
141.6016
141.6016
141.6016
141.6016
151.3672
151.3672
224.6094
224.6094
273.4375
273.4375
263.6719
263.6719
278.3203
278.3203
278.3203
278.3203
239.2578
239.2578
253.9062
253.9062
327.1484
327.1484
341.7969
341.7969
312.5000
312.5000
302.7344
302.7344
253.9062
253.9062
195.3125
195.3125
224.6094
224.6094
297.8516
297.8516
322.2656
322.2656
356.4453
356.4453
410.1562
410.1562
400.3906
400.3906
405.2734
405.2734
483.3984
483.3984
566.4062
566.4062
590.8203
590.8203
639.6484
639.6484
698.2422
698.2422
717.7734
717.7734
781.2500
781.2500
937.5000
937.5000
1079.1016
1079.1016
1166.9922
1166.9922
1264.6484
1264.6484
1318.3594
1318.3594
1289.0625
1289.0625
1259.7656
1259.7656
1245.1172
1245.1172
1137.6953
1137.6953
976.5625
976.5625
839.8437
839.8437
664.0625
664.0625
502.9297
502.9297
434.5703
434.5703
395.5078
395.5078
302.7344
302.7344
219.7266
219.7266
146.4844
146.4844
4.8828
4.8828
0.0000
0.0000
0.0000
0.0000
0.0000
0.0000
0.0000
0.0000
0.0000
0.0000
0.0000
0.0000
0.0000
0.0000
0.0000
0.0000
0.0000
0.0000
0.0000
0.0000
0.0000
0.0000
0.0000
0.0000
0.0000
0.0000
0.0000
0.0000
0.0000
0.0000
0.0000
0.0000
0.0000
0.0000
0.0000
0.0000
0.0000
0.0000
0.0000
0.0000
0.0000
0.0000
0.0000
0.0000
0.0000
0.0000
0.0000
0.0000
0.0000
0.0000
0.0000
0.0000
0.0000
0.0000
0.0000
0.0000
0.0000
0.0000
0.0000
0.0000
0.0000
0.0000
0.0000
0.0000
0.0000
0.0000
0.0000
0.0000
0.0000
0.0000
0.0000
0.0000
0.0000
0.0000
0.0000
0.0000
0.0000
0.0000
0.0000
0.0000
0.0000
0.0000
0.0000
0.0000
0.0000
0.0000
0.0000
0.0000
0.0000
0.0000
0.0000
0.0000
0.0000
0.0000
0.0000
0.0000
39.0625
39.0625
122.0703
122.0703
175.7812
175.7812
263.6719
322.2656
322.2656
327.1484
327.1484
385.7422
385.7422
478.5156
478.5156
507.8125
507.8125
507.8125
507.8125
507.8125
532.2266
532.2266
512.6953
512.6953
493.1641
493.1641
551.7578
629.8828
629.8828
639.6484
639.6484
664.0625
664.0625
717.7734
717.7734
717.7734
732.4219
732.4219
781.2500
781.2500
893.5547
893.5547
961.9141
961.9141
927.7344
869.1406
869.1406
742.1875
742.1875
537.1094
537.1094
380.8594
380.8594
292.9687
292.9687
292.9687
170.8984
170.8984
43.9453
43.9453
0.0000
0.0000
0.0000
0.0000
0.0000
0.0000
0.0000
0.0000
0.0000
0.0000
0.0000
0.0000
0.0000
0.0000
0.0000
0.0000
0.0000
0.0000
0.0000
0.0000
0.0000
0.0000
0.0000
0.0000
0.0000
0.0000
0.0000
0.0000
0.0000
0.0000
0.0000
0.0000
0.0000
0.0000
0.0000
0.0000
0.0000
0.0000
0.0000
0.0000
0.0000
0.0000
0.0000
0.0000
0.0000
0.0000
0.0000
0.0000
0.0000
0.0000
0.0000
0.0000
0.0000
0.0000
0.0000
0.0000
0.0000
0.0000
0.0000
0.0000
0.0000
0.0000
0.0000
0.0000
0.0000
0.0000
0.0000
0.0000
0.0000
0.0000
0.0000
0.0000
0.0000
0.0000
0.0000
0.0000
0.0000
0.0000
0.0000
73.2422
73.2422
112.3047
112.3047
122.0703
122.0703
190.4297
190.4297
283.2031
283.2031
302.7344
302.7344
283.2031
283.2031
283.2031
283.2031
234.3750
234.3750
195.3125
195.3125
239.2578
239.2578
297.8516
297.8516
283.2031
283.2031
273.4375
273.4375
249.0234
249.0234
170.8984
170.8984
136.7187
136.7187
185.5469
185.5469
214.8437
214.8437
195.3125
195.3125
209.9609
209.9609
205.0781
205.0781
170.8984
170.8984
209.9609
209.9609
312.5000
312.5000
346.6797
346.6797
346.6797
346.6797
375.9766
375.9766
361.3281
361.3281
361.3281
361.3281
458.9844
458.9844
605.4687
605.4687
708.0078
708.0078
830.0781
830.0781
981.4453
981.4453
1059.5703
1059.5703
1127.9297
1127.9297
1225.5859
1225.5859
1259.7656
1259.7656
1157.2266
1157.2266
1025.3906
1025.3906
864.2578
864.2578
659.1797
659.1797
537.1094
537.1094
512.6953
512.6953
483.3984
483.3984
429.6875
429.6875
410.1562
410.1562
317.3828
317.3828
175.7812
175.7812
73.2422
73.2422
0.0000
0.0000
0.0000
0.0000
0.0000
0.0000
0.0000
0.0000
0.0000
0.0000
0.0000
0.0000
0.0000
0.0000
0.0000
0.0000
0.0000
0.0000
0.0000
0.0000
0.0000
0.0000
0.0000
0.0000
0.0000
0.0000
0.0000
0.0000
0.0000
0.0000
0.0000
0.0000
0.0000
0.0000
0.0000
0.0000
0.0000
0.0000
0.0000
0.0000
0.0000
0.0000
0.0000
0.0000
0.0000
0.0000
0.0000
0.0000
0.0000
0.0000
0.0000
0.0000
0.0000
0.0000
0.0000
0.0000
0.0000
0.0000
0.0000
0.0000
0.0000
0.0000
0.0000
0.0000
0.0000
0.0000
0.0000
0.0000
0.0000
0.0000
0.0000
0.0000
0.0000
0.0000
0.0000
0.0000
0.0000
0.0000
0.0000
0.0000
0.0000
0.0000
0.0000
0.0000
0.0000
0.0000
0.0000
0.0000
0.0000
0.0000
0.0000
0.0000
0.0000
0.0000
0.0000
0.0000
0.0000
0.0000
73.2422
73.2422
166.0156
166.0156
205.0781
205.0781
278.3203
278.3203
410.1562
410.1562
502.9297
502.9297
522.4609
522.4609
556.6406
556.6406
546.8750
546.8750
512.6953
512.6953
537.1094
537.1094
620.1172
620.1172
659.1797
659.1797
673.8281
673.8281
712.8906
712.8906
688.4766
688.4766
649.4141
649.4141
678.7109
678.7109
742.1875
742.1875
751.9531
751.9531
791.0156
791.0156
854.4922
854.4922
869.1406
869.1406
888.6719
888.6719
942.3828
942.3828
922.8516
922.8516
786.1328
786.1328
625.0000
625.0000
429.6875
429.6875
214.8437
214.8437
87.8906
87.8906
78.1250
78.1250
73.2422
73.2422
58.5937
58.5937
97.6562
97.6562
92.7734
92.7734
53.7109
53.7109
53.7109
53.7109
73.2422
73.2422
14.6484
14.6484
0.0000
0.0000
0.0000
0.0000
0.0000
0.0000
0.0000
0.0000
0.0000
0.0000
0.0000
0.0000
0.0000
0.0000
0.0000
0.0000
0.0000
0.0000
0.0000
0.0000
0.0000
0.0000
0.0000
0.0000
0.0000
0.0000
0.0000
0.0000
0.0000
0.0000
0.0000
0.0000
0.0000
0.0000
0.0000
0.0000
0.0000
0.0000
0.0000
0.0000
0.0000
0.0000
0.0000
0.0000
0.0000
0.0000
0.0000
0.0000
0.0000
0.0000
0.0000
0.0000
0.0000
0.0000
0.0000
0.0000
0.0000
0.0000
0.0000
0.0000
0.0000
0.0000
0.0000
0.0000
83.0078
83.0078
131.8359
131.8359
200.1953
200.1953
214.8437
214.8437
180.6641
180.6641
205.0781
205.0781
263.6719
263.6719
268.5547
268.5547
258.7891
258.7891
283.2031
283.2031
253.9062
253.9062
239.2578
239.2578
288.0859
288.0859
341.7969
341.7969
312.5000
312.5000
288.0859
288.0859
263.6719
263.6719
195.3125
195.3125
180.6641
180.6641
263.6719
263.6719
332.0312
332.0312
351.5625
351.5625
405.2734
405.2734
424.8047
424.8047
405.2734
405.2734
444.3359
444.3359
532.2266
532.2266
571.2891
571.2891
590.8203
590.8203
664.0625
664.0625
698.2422
698.2422
751.9531
751.9531
898.4375
898.4375
1069.3359
1069.3359
1162.1094
1162.1094
1235.3516
1235.3516
1279.2969
1279.2969
1225.5859
1225.5859
1162.1094
1162.1094
1147.4609
1147.4609
1103.5156
1103.5156
986.3281
986.3281
893.5547
893.5547
781.2500
781.2500
615.2344
615.2344
498.0469
498.0469
439.4531
439.4531
327.1484
327.1484
170.8984
170.8984
48.8281
48.8281
0.0000
0.0000
0.0000
0.0000
0.0000
0.0000
0.0000
0.0000
0.0000
0.0000
0.0000
0.0000
0.0000
0.0000
0.0000
0.0000
0.0000
0.0000
0.0000
0.0000
0.0000
0.0000
0.0000
0.0000
0.0000
0.0000
0.0000
0.0000
0.0000
0.0000
0.0000
0.0000
0.0000
0.0000
0.0000
0.0000
0.0000
0.0000
0.0000
0.0000
0.0000
0.0000
0.0000
0.0000
0.0000
0.0000
0.0000
0.0000
0.0000
0.0000
0.0000
0.0000
0.0000
0.0000
0.0000
0.0000
0.0000
0.0000
0.0000
0.0000
0.0000
0.0000
0.0000
0.0000
0.0000
0.0000
0.0000
0.0000
0.0000
0.0000
0.0000
0.0000
0.0000
0.0000
0.0000
0.0000
0.0000
0.0000
0.0000
0.0000
0.0000
0.0000
0.0000
0.0000
0.0000
0.0000
0.0000
0.0000
0.0000
0.0000
0.0000
0.0000
48.8281
48.8281
87.8906
87.8906
126.9531
126.9531
239.2578
239.2578
375.9766
375.9766
439.4531
439.4531
502.9297
502.9297
551.7578
551.7578
537.1094
537.1094
537.1094
537.1094
615.2344
615.2344
673.8281
673.8281
678.7109
678.7109
717.7734
717.7734
727.5391
727.5391
698.2422
698.2422
727.5391
727.5391
815.4297
815.4297
854.4922
854.4922
874.0234
874.0234
932.6172
932.6172
937.5000
937.5000
917.9687
917.9687
952.1484
952.1484
971.6797
971.6797
883.7891
883.7891
756.8359
756.8359
625.0000
625.0000
449.2187
449.2187
332.0312
332.0312
317.3828
317.3828
317.3828
317.3828
278.3203
278.3203
268.5547
268.5547
239.2578
239.2578
146.4844
146.4844
78.1250
78.1250
63.4766
63.4766
0.0000
0.0000
0.0000
0.0000
0.0000
0.0000
0.0000
0.0000
0.0000
0.0000
0.0000
0.0000
0.0000
0.0000
0.0000
0.0000
0.0000
0.0000
0.0000
0.0000
0.0000
0.0000
0.0000
0.0000
0.0000
0.0000
0.0000
0.0000
0.0000
0.0000
0.0000
0.0000
0.0000
0.0000
0.0000
0.0000
0.0000
0.0000
0.0000
0.0000
0.0000
0.0000
0.0000
0.0000
0.0000
0.0000
0.0000
0.0000
0.0000
0.0000
0.0000
0.0000
0.0000
0.0000
0.0000
0.0000
0.0000
0.0000
0.0000
0.0000
0.0000
0.0000
0.0000
0.0000
0.0000
0.0000
0.0000
0.0000
0.0000
0.0000
0.0000
0.0000
0.0000
0.0000
0.0000
0.0000
0.0000
0.0000
58.5937
58.5937
117.1875
117.1875
112.3047
112.3047
131.8359
131.8359
117.1875
117.1875
78.1250
78.1250
117.1875
117.1875
195.3125
195.3125
200.1953
200.1953
185.5469
185.5469
170.8984
170.8984
97.6562
97.6562
34.1797
34.1797
48.8281
48.8281
68.3594
68.3594
29.2969
29.2969
29.2969
29.2969
34.1797
34.1797
4.8828
4.8828
29.2969
29.2969
131.8359
131.8359
200.1953
200.1953
219.7266
219.7266
283.2031
283.2031
336.9141
336.9141
395.5078
395.5078
541.9922
541.9922
747.0703
747.0703
883.7891
883.7891
961.9141
961.9141
1025.3906
1025.3906
1010.7422
1010.7422
966.7969
966.7969
976.5625
976.5625
991.2109
991.2109
922.8516
922.8516
859.3750
859.3750
791.0156
791.0156
659.1797
659.1797
561.5234
561.5234
527.3437
527.3437
473.6328
473.6328
341.7969
341.7969
234.3750
234.3750
92.7734
92.7734
0.0000
0.0000
0.0000
0.0000
0.0000
0.0000
0.0000
0.0000
0.0000
0.0000
0.0000
0.0000
0.0000
0.0000
0.0000
0.0000
0.0000
0.0000
0.0000
0.0000
0.0000
0.0000
0.0000
0.0000
0.0000
0.0000
0.0000
0.0000
0.0000
0.0000
0.0000
0.0000
0.0000
0.0000
0.0000
0.0000
0.0000
0.0000
0.0000
0.0000
0.0000
0.0000
0.0000
0.0000
0.0000
0.0000
0.0000
0.0000
0.0000
0.0000
0.0000
0.0000
0.0000
0.0000
0.0000
0.0000
0.0000
0.0000
48.8281
48.8281
73.2422
73.2422
63.4766
53.7109
53.7109
0.0000
0.0000
0.0000
0.0000
0.0000
0.0000
0.0000
0.0000
0.0000
0.0000
0.0000
0.0000
0.0000
0.0000
0.0000
0.0000
0.0000
0.0000
0.0000
0.0000
0.0000
0.0000
0.0000
0.0000
0.0000
0.0000
0.0000
0.0000
0.0000
0.0000
0.0000
0.0000
131.8359
131.8359
209.9609
209.9609
268.5547
268.5547
346.6797
346.6797
371.0937
371.0937
395.5078
395.5078
498.0469
498.0469
595.7031
595.7031
620.1172
620.1172
649.4141
649.4141
673.8281
673.8281
654.2969
654.2969
683.5937
683.5937
791.0156
791.0156
869.1406
869.1406
903.3203
903.3203
966.7969
966.7969
1000.9766
1000.9766
991.2109
991.2109
1020.5078
1020.5078
1059.5703
1059.5703
1005.8594
1005.8594
898.4375
898.4375
800.7812
800.7812
659.1797
659.1797
532.2266
532.2266
488.2812
488.2812
463.8672
463.8672
366.2109
366.2109
268.5547
268.5547
175.7812
175.7812
14.6484
14.6484
0.0000
0.0000
0.0000
0.0000
0.0000
0.0000
0.0000
0.0000
0.0000
0.0000
0.0000
0.0000
0.0000
0.0000
0.0000
0.0000
0.0000
0.0000
0.0000
0.0000
0.0000
0.0000
0.0000
0.0000
0.0000
0.0000
0.0000
0.0000
0.0000
0.0000
0.0000
0.0000
0.0000
0.0000
0.0000
0.0000
0.0000
0.0000
0.0000
0.0000
0.0000
0.0000
0.0000
0.0000
0.0000
0.0000
0.0000
0.0000
0.0000
0.0000
0.0000
0.0000
0.0000
0.0000
0.0000
0.0000
0.0000
0.0000
0.0000
0.0000
0.0000
0.0000
0.0000
0.0000
0.0000
0.0000
0.0000
0.0000
0.0000
0.0000
0.0000
0.0000
0.0000
0.0000
0.0000
0.0000
19.5312
19.5312
53.7109
53.7109
92.7734
92.7734
205.0781
205.0781
288.0859
288.0859
292.9687
292.9687
302.7344
302.7344
288.0859
288.0859
234.3750
234.3750
249.0234
249.0234
336.9141
336.9141
371.0937
371.0937
366.2109
366.2109
385.7422
385.7422
341.7969
341.7969
283.2031
283.2031
288.0859
288.0859
317.3828
317.3828
283.2031
283.2031
253.9062
253.9062
244.1406
244.1406
200.1953
200.1953
190.4297
190.4297
273.4375
273.4375
361.3281
361.3281
390.6250
390.6250
444.3359
444.3359
473.6328
473.6328
458.9844
458.9844
488.2812
488.2812
595.7031
595.7031
664.0625
664.0625
683.5937
683.5937
747.0703
747.0703
795.8984
795.8984
830.0781
830.0781
947.2656
947.2656
1113.2812
1113.2812
1206.0547
1206.0547
1235.3516
1235.3516
1245.1172
1245.1172
1176.7578
1176.7578
1079.1016
1079.1016
1049.8047
1049.8047
1040.0391
1040.0391
961.9141
961.9141
898.4375
898.4375
839.8437
839.8437
717.7734
717.7734
610.3516
610.3516
566.4062
566.4062
483.3984
483.3984
322.2656
322.2656
195.3125
195.3125
48.8281
48.8281
0.0000
0.0000
0.0000
0.0000
0.0000
0.0000
0.0000
0.0000
0.0000
0.0000
0.0000
0.0000
0.0000
0.0000
0.0000
0.0000
0.0000
0.0000
0.0000
0.0000
0.0000
0.0000
0.0000
0.0000
0.0000
0.0000
0.0000
0.0000
0.0000
0.0000
0.0000
0.0000
0.0000
0.0000
0.0000
0.0000
0.0000
0.0000
0.0000
0.0000
0.0000
0.0000
0.0000
0.0000
0.0000
0.0000
0.0000
0.0000
0.0000
0.0000
0.0000
0.0000
0.0000
0.0000
0.0000
0.0000
0.0000
0.0000
0.0000
0.0000
0.0000
0.0000
0.0000
0.0000
0.0000
0.0000
0.0000
0.0000
0.0000
0.0000
0.0000
0.0000
0.0000
0.0000
0.0000
0.0000
0.0000
0.0000
0.0000
0.0000
0.0000
0.0000
0.0000
0.0000
0.0000
0.0000
0.0000
0.0000
0.0000
0.0000
0.0000
0.0000
0.0000
0.0000
0.0000
0.0000
19.5312
19.5312
166.0156
166.0156
249.0234
249.0234
297.8516
297.8516
356.4453
356.4453
336.9141
336.9141
317.3828
317.3828
371.0937
371.0937
439.4531
439.4531
439.4531
439.4531
468.7500
468.7500
498.0469
498.0469
473.6328
473.6328
493.1641
493.1641
576.1719
576.1719
634.7656
634.7656
649.4141
649.4141
708.0078
708.0078
751.9531
751.9531
747.0703
747.0703
800.7812
800.7812
883.7891
883.7891
878.9062
878.9062
805.6641
805.6641
727.5391
727.5391
581.0547
581.0547
439.4531
439.4531
390.6250
390.6250
366.2109
366.2109
292.9687
292.9687
234.3750
234.3750
195.3125
195.3125
102.5391
102.5391
48.8281
48.8281
63.4766
63.4766
68.3594
68.3594
0.0000
0.0000
0.0000
0.0000
0.0000
0.0000
0.0000
0.0000
0.0000
0.0000
0.0000
0.0000
0.0000
0.0000
0.0000
0.0000
0.0000
0.0000
0.0000
0.0000
0.0000
0.0000
0.0000
0.0000
0.0000
0.0000
0.0000
0.0000
0.0000
0.0000
0.0000
0.0000
0.0000
0.0000
0.0000
0.0000
0.0000
0.0000
0.0000
0.0000
0.0000
0.0000
0.0000
0.0000
0.0000
0.0000
0.0000
0.0000
0.0000
0.0000
0.0000
0.0000
0.0000
0.0000
0.0000
0.0000
0.0000
0.0000
0.0000
0.0000
0.0000
0.0000
0.0000
0.0000
0.0000
0.0000
0.0000
0.0000
48.8281
48.8281
117.1875
117.1875
117.1875
117.1875
117.1875
117.1875
180.6641
180.6641
234.3750
234.3750
219.7266
219.7266
224.6094
224.6094
229.4922
229.4922
195.3125
195.3125
209.9609
209.9609
292.9687
292.9687
327.1484
327.1484
302.7344
302.7344
297.8516
297.8516
253.9062
253.9062
205.0781
205.0781
239.2578
239.2578
336.9141
336.9141
375.9766
375.9766
410.1562
410.1562
463.8672
463.8672
458.9844
458.9844
458.9844
458.9844
527.3437
527.3437
590.8203
590.8203
585.9375
585.9375
600.5859
600.5859
625.0000
625.0000
605.4687
605.4687
639.6484
639.6484
756.8359
756.8359
864.2578
864.2578
917.9687
917.9687
1015.6250
1015.6250
1088.8672
1088.8672
1108.3984
1108.3984
1152.3437
1152.3437
1215.8203
1215.8203
1191.4062
1191.4062
1088.8672
1088.8672
976.5625
976.5625
795.8984
795.8984
615.2344
615.2344
512.6953
512.6953
449.2187
449.2187
336.9141
336.9141
229.4922
229.4922
131.8359
131.8359
0.0000
0.0000
0.0000
0.0000
0.0000
0.0000
0.0000
0.0000
0.0000
0.0000
0.0000
0.0000
0.0000
0.0000
0.0000
0.0000
0.0000
0.0000
0.0000
0.0000
0.0000
0.0000
0.0000
0.0000
0.0000
0.0000
0.0000
0.0000
0.0000
0.0000
0.0000
0.0000
0.0000
0.0000
0.0000
0.0000
0.0000
0.0000
0.0000
0.0000
0.0000
0.0000
0.0000
0.0000
0.0000
0.0000
0.0000
0.0000
0.0000
0.0000
0.0000
0.0000
0.0000
0.0000
0.0000
0.0000
0.0000
0.0000
0.0000
0.0000
0.0000
0.0000
0.0000
0.0000
0.0000
0.0000
0.0000
0.0000
0.0000
0.0000
0.0000
0.0000
0.0000
0.0000
0.0000
0.0000
0.0000
0.0000
0.0000
0.0000
0.0000
0.0000
0.0000
0.0000
0.0000
0.0000
0.0000
0.0000
0.0000
0.0000
0.0000
0.0000
0.0000
0.0000
0.0000
0.0000
0.0000
0.0000
107.4219
107.4219
229.4922
229.4922
302.7344
302.7344
405.2734
405.2734
458.9844
458.9844
478.5156
478.5156
551.7578
551.7578
659.1797
659.1797
688.4766
688.4766
693.3594
693.3594
722.6562
722.6562
688.4766
688.4766
673.8281
673.8281
732.4219
732.4219
791.0156
791.0156
781.2500
781.2500
800.7812
800.7812
834.9609
834.9609
844.7266
844.7266
893.5547
893.5547
991.2109
991.2109
1025.3906
1025.3906
952.1484
952.1484
859.3750
859.3750
698.2422
698.2422
507.8125
507.8125
390.6250
390.6250
336.9141
336.9141
253.9062
253.9062
170.8984
170.8984
136.7187
136.7187
58.5937
58.5937
0.0000
0.0000
4.8828
4.8828
19.5312
19.5312
0.0000
0.0000
0.0000
0.0000
0.0000
0.0000
0.0000
0.0000
0.0000
0.0000
0.0000
0.0000
0.0000
0.0000
0.0000
0.0000
0.0000
0.0000
0.0000
0.0000
0.0000
0.0000
0.0000
0.0000
0.0000
0.0000
0.0000
0.0000
0.0000
0.0000
0.0000
0.0000
0.0000
0.0000
0.0000
0.0000
0.0000
0.0000
0.0000
0.0000
0.0000
0.0000
0.0000
0.0000
0.0000
0.0000
0.0000
0.0000
0.0000
0.0000
0.0000
0.0000
0.0000
0.0000
0.0000
0.0000
0.0000
0.0000
0.0000
0.0000
0.0000
0.0000
0.0000
0.0000
0.0000
0.0000
0.0000
0.0000
0.0000
0.0000
9.7656
9.7656
29.2969
29.2969
39.0625
39.0625
131.8359
131.8359
244.1406
244.1406
258.7891
258.7891
249.0234
249.0234
239.2578
239.2578
170.8984
170.8984
136.7187
136.7187
185.5469
185.5469
219.7266
219.7266
190.4297
190.4297
190.4297
190.4297
166.0156
166.0156
107.4219
107.4219
107.4219
107.4219
170.8984
170.8984
185.5469
185.5469
170.8984
170.8984
195.3125
195.3125
180.6641
180.6641
175.7812
175.7812
244.1406
244.1406
356.4453
356.4453
395.5078
395.5078
419.9219
458.9844
458.9844
458.9844
444.3359
444.3359
463.8672
463.8672
581.0547
581.0547
717.7734
810.5469
810.5469
937.5000
937.5000
1064.4531
1064.4531
1118.1641
1118.1641
1162.1094
1162.1094
1162.1094
1215.8203
1215.8203
1166.9922
1166.9922
1000.9766
1000.9766
830.0781
830.0781
620.1172
424.8047
424.8047
346.6797
346.6797
361.3281
361.3281
341.7969
341.7969
341.7969
307.6172
307.6172
273.4375
273.4375
156.2500
156.2500
14.6484
14.6484
0.0000
0.0000
0.0000
0.0000
0.0000
0.0000
0.0000
0.0000
0.0000
0.0000
0.0000
0.0000
0.0000
0.0000
0.0000
0.0000
0.0000
0.0000
0.0000
0.0000
0.0000
0.0000
0.0000
0.0000
0.0000
0.0000
0.0000
0.0000
0.0000
0.0000
0.0000
0.0000
0.0000
0.0000
0.0000
0.0000
0.0000
0.0000
0.0000
0.0000
0.0000
0.0000
0.0000
0.0000
0.0000
0.0000
0.0000
0.0000
0.0000
0.0000
0.0000
0.0000
0.0000
0.0000
0.0000
0.0000
0.0000
0.0000
0.0000
0.0000
0.0000
0.0000
0.0000
0.0000
0.0000
0.0000
0.0000
0.0000
0.0000
0.0000
0.0000
0.0000
0.0000
0.0000
0.0000
0.0000
0.0000
0.0000
0.0000
0.0000
0.0000
0.0000
0.0000
0.0000
0.0000
0.0000
0.0000
0.0000
0.0000
0.0000
0.0000
0.0000
0.0000
39.0625
39.0625
141.6016
141.6016
195.3125
195.3125
288.0859
288.0859
346.6797
346.6797
375.9766
375.9766
463.8672
463.8672
600.5859
600.5859
659.1797
659.1797
683.5937
683.5937
722.6562
722.6562
703.1250
703.1250
688.4766
688.4766
747.0703
747.0703
825.1953
825.1953
834.9609
834.9609
839.8437
839.8437
854.4922
854.4922
825.1953
825.1953
854.4922
854.4922
971.6797
971.6797
1074.2187
1074.2187
1093.7500
1093.7500
1103.5156
1103.5156
1059.5703
1059.5703
942.3828
942.3828
854.4922
854.4922
810.5469
810.5469
717.7734
717.7734
610.3516
610.3516
551.7578
551.7578
473.6328
473.6328
400.3906
400.3906
390.6250
390.6250
415.0391
415.0391
361.3281
361.3281
292.9687
292.9687
234.3750
234.3750
131.8359
131.8359
63.4766
63.4766
78.1250
78.1250
87.8906
87.8906
19.5312
19.5312
0.0000
0.0000
0.0000
0.0000
0.0000
0.0000
0.0000
0.0000
0.0000
0.0000
0.0000
0.0000
0.0000
0.0000
0.0000
0.0000
0.0000
0.0000
0.0000
0.0000
0.0000
0.0000
0.0000
0.0000
0.0000
0.0000
0.0000
0.0000
0.0000
0.0000
0.0000
0.0000
0.0000
0.0000
0.0000
0.0000
0.0000
0.0000
0.0000
0.0000
0.0000
0.0000
0.0000
0.0000
0.0000
0.0000
0.0000
0.0000
0.0000
0.0000
0.0000
0.0000
0.0000
0.0000
0.0000
0.0000
0.0000
0.0000
0.0000
0.0000
0.0000
0.0000
68.3594
68.3594
126.9531
126.9531
136.7187
136.7187
156.2500
156.2500
117.1875
117.1875
83.0078
83.0078
126.9531
126.9531
190.4297
190.4297
185.5469
185.5469
185.5469
185.5469
180.6641
180.6641
131.8359
131.8359
117.1875
117.1875
166.0156
166.0156
180.6641
180.6641
141.6016
141.6016
126.9531
126.9531
87.8906
87.8906
29.2969
29.2969
39.0625
39.0625
112.3047
112.3047
126.9531
126.9531
117.1875
117.1875
136.7187
136.7187
112.3047
112.3047
97.6562
97.6562
170.8984
170.8984
273.4375
273.4375
312.5000
312.5000
380.8594
380.8594
483.3984
483.3984
566.4062
566.4062
698.2422
698.2422
903.3203
903.3203
1059.5703
1059.5703
1103.5156
1103.5156
1118.1641
1118.1641
1064.4531
1064.4531
932.6172
932.6172
839.8437
839.8437
810.5469
810.5469
737.3047
737.3047
644.5312
644.5312
600.5859
600.5859
527.3437
527.3437
449.2187
449.2187
434.5703
434.5703
439.4531
439.4531
351.5625
351.5625
229.4922
229.4922
107.4219
107.4219
0.0000
0.0000
0.0000
0.0000
0.0000
0.0000
0.0000
0.0000
0.0000
0.0000
0.0000
0.0000
0.0000
0.0000
0.0000
0.0000
0.0000
0.0000
0.0000
0.0000
0.0000
0.0000
0.0000
0.0000
0.0000
0.0000
0.0000
0.0000
0.0000
0.0000
0.0000
0.0000
0.0000
0.0000
0.0000
0.0000
0.0000
0.0000
0.0000
0.0000
0.0000
0.0000
0.0000
0.0000
0.0000
0.0000
0.0000
0.0000
0.0000
0.0000
0.0000
0.0000
0.0000
0.0000
0.0000
0.0000
0.0000
0.0000
0.0000
0.0000
0.0000
0.0000
0.0000
0.0000
0.0000
0.0000
0.0000
0.0000
0.0000
0.0000
0.0000
0.0000
0.0000
0.0000
0.0000
0.0000
0.0000
0.0000
0.0000
0.0000
0.0000
0.0000
0.0000
0.0000
0.0000
0.0000
0.0000
0.0000
0.0000
0.0000
39.0625
39.0625
87.8906
87.8906
102.5391
102.5391
175.7812
175.7812
332.0312
332.0312
454.1016
454.1016
517.5781
517.5781
600.5859
600.5859
629.8828
629.8828
615.2344
615.2344
639.6484
639.6484
712.8906
712.8906
727.5391
727.5391
717.7734
717.7734
742.1875
742.1875
727.5391
727.5391
722.6562
722.6562
786.1328
786.1328
869.1406
869.1406
893.5547
893.5547
932.6172
932.6172
976.5625
976.5625
961.9141
961.9141
966.7969
966.7969
1020.5078
1020.5078
1015.6250
1015.6250
908.2031
908.2031
805.6641
805.6641
673.8281
673.8281
517.5781
517.5781
434.5703
434.5703
434.5703
434.5703
390.6250
390.6250
322.2656
322.2656
283.2031
283.2031
224.6094
224.6094
146.4844
146.4844
146.4844
146.4844
180.6641
180.6641
151.3672
151.3672
102.5391
102.5391
73.2422
73.2422
0.0000
0.0000
0.0000
0.0000
0.0000
0.0000
0.0000
0.0000
0.0000
0.0000
0.0000
0.0000
0.0000
0.0000
0.0000
0.0000
0.0000
0.0000
0.0000
0.0000
0.0000
0.0000
0.0000
0.0000
0.0000
0.0000
0.0000
0.0000
0.0000
0.0000
0.0000
0.0000
0.0000
0.0000
0.0000
0.0000
0.0000
0.0000
0.0000
0.0000
0.0000
0.0000
0.0000
0.0000
0.0000
0.0000
0.0000
0.0000
0.0000
0.0000
0.0000
0.0000
0.0000
0.0000
0.0000
0.0000
0.0000
0.0000
0.0000
0.0000
0.0000
0.0000
43.9453
43.9453
117.1875
117.1875
151.3672
151.3672
141.6016
141.6016
190.4297
190.4297
268.5547
268.5547
283.2031
283.2031
258.7891
258.7891
253.9062
253.9062
205.0781
205.0781
175.7812
175.7812
234.3750
234.3750
302.7344
302.7344
283.2031
283.2031
263.6719
263.6719
239.2578
239.2578
161.1328
161.1328
126.9531
126.9531
175.7812
175.7812
200.1953
200.1953
185.5469
185.5469
205.0781
205.0781
200.1953
200.1953
170.8984
170.8984
209.9609
209.9609
307.6172
307.6172
341.7969
341.7969
351.5625
351.5625
385.7422
385.7422
380.8594
380.8594
405.2734
405.2734
527.3437
527.3437
698.2422
698.2422
810.5469
810.5469
908.2031
908.2031
986.3281
986.3281
976.5625
976.5625
947.2656
947.2656
937.5000
937.5000
874.0234
874.0234
747.0703
747.0703
649.4141
649.4141
546.8750
546.8750
434.5703
434.5703
415.0391
415.0391
473.6328
473.6328
473.6328
473.6328
405.2734
405.2734
336.9141
336.9141
185.5469
185.5469
4.8828
4.8828
0.0000
0.0000
0.0000
0.0000
0.0000
0.0000
0.0000
0.0000
0.0000
0.0000
0.0000
0.0000
0.0000
0.0000
0.0000
0.0000
0.0000
0.0000
0.0000
0.0000
0.0000
0.0000
0.0000
0.0000
0.0000
0.0000
0.0000
0.0000
0.0000
0.0000
0.0000
0.0000
0.0000
0.0000
0.0000
0.0000
0.0000
0.0000
0.0000
0.0000
0.0000
0.0000
0.0000
0.0000
0.0000
0.0000
0.0000
0.0000
0.0000
0.0000
0.0000
0.0000
0.0000
0.0000
0.0000
0.0000
0.0000
0.0000
0.0000
0.0000
0.0000
0.0000
0.0000
0.0000
0.0000
0.0000
0.0000
0.0000
0.0000
0.0000
0.0000
0.0000
0.0000
0.0000
0.0000
0.0000
0.0000
0.0000
0.0000
0.0000
0.0000
0.0000
0.0000
0.0000
0.0000
0.0000
0.0000
0.0000
0.0000
0.0000
9.7656
9.7656
43.9453
43.9453
161.1328
161.1328
302.7344
302.7344
366.2109
366.2109
439.4531
439.4531
502.9297
502.9297
507.8125
507.8125
541.9922
541.9922
639.6484
639.6484
703.1250
703.1250
708.0078
708.0078
742.1875
742.1875
747.0703
747.0703
717.7734
717.7734
771.4844
771.4844
908.2031
908.2031
1010.7422
1010.7422
1093.7500
1093.7500
1201.1719
1201.1719
1230.4687
1230.4687
1196.2891
1196.2891
1171.8750
1171.8750
1108.3984
1108.3984
927.7344
927.7344
732.4219
732.4219
541.9922
541.9922
341.7969
341.7969
224.6094
224.6094
234.3750
234.3750
249.0234
249.0234
200.1953
200.1953
151.3672
151.3672
53.7109
53.7109
0.0000
0.0000
0.0000
0.0000
0.0000
0.0000
0.0000
0.0000
0.0000
0.0000
0.0000
0.0000
0.0000
0.0000
0.0000
0.0000
0.0000
0.0000
0.0000
0.0000
0.0000
0.0000
0.0000
0.0000
0.0000
0.0000
0.0000
0.0000
0.0000
0.0000
0.0000
0.0000
0.0000
0.0000
0.0000
0.0000
0.0000
0.0000
0.0000
0.0000
0.0000
0.0000
0.0000
0.0000
0.0000
0.0000
0.0000
0.0000
0.0000
0.0000
0.0000
0.0000
0.0000
0.0000
0.0000
0.0000
0.0000
0.0000
0.0000
0.0000
0.0000
0.0000
0.0000
0.0000
0.0000
0.0000
0.0000
0.0000
0.0000
0.0000
0.0000
0.0000
0.0000
0.0000
0.0000
0.0000
0.0000
0.0000
29.2969
29.2969
24.4141
48.8281
48.8281
131.8359
131.8359
180.6641
180.6641
161.1328
161.1328
170.8984
170.8984
170.8984
146.4844
146.4844
122.0703
122.0703
166.0156
166.0156
253.9062
253.9062
283.2031
278.3203
278.3203
292.9687
292.9687
253.9062
253.9062
219.7266
219.7266
258.7891
258.7891
307.6172
307.6172
278.3203
278.3203
268.5547
268.5547
258.7891
258.7891
214.8437
214.8437
234.3750
234.3750
336.9141
336.9141
429.6875
429.6875
483.3984
483.3984
590.8203
590.8203
678.7109
678.7109
742.1875
742.1875
859.3750
859.3750
1005.8594
1005.8594
1064.4531
1064.4531
1054.6875
1054.6875
1025.3906
1025.3906
927.7344
927.7344
815.4297
815.4297
771.4844
771.4844
751.9531
751.9531
664.0625
664.0625
581.0547
581.0547
512.6953
512.6953
395.5078
395.5078
322.2656
322.2656
312.5000
312.5000
273.4375
273.4375
156.2500
156.2500
53.7109
53.7109
0.0000
0.0000
0.0000
0.0000
0.0000
0.0000
0.0000
0.0000
0.0000
0.0000
0.0000
0.0000
0.0000
0.0000
0.0000
0.0000
0.0000
0.0000
0.0000
0.0000
0.0000
0.0000
0.0000
0.0000
0.0000
0.0000
0.0000
0.0000
0.0000
0.0000
0.0000
0.0000
0.0000
0.0000
0.0000
0.0000
0.0000
0.0000
0.0000
0.0000
0.0000
0.0000
0.0000
0.0000
0.0000
0.0000
0.0000
0.0000
0.0000
0.0000
0.0000
0.0000
0.0000
0.0000
0.0000
0.0000
0.0000
0.0000
0.0000
0.0000
0.0000
0.0000
0.0000
0.0000
4.8828
4.8828
24.4141
24.4141
0.0000
0.0000
0.0000
0.0000
24.4141
24.4141
43.9453
43.9453
0.0000
0.0000
0.0000
0.0000
0.0000
0.0000
0.0000
0.0000
0.0000
0.0000
0.0000
0.0000
0.0000
0.0000
0.0000
0.0000
9.7656
9.7656
19.5312
19.5312
9.7656
9.7656
53.7109
53.7109
122.0703
122.0703
126.9531
126.9531
136.7187
136.7187
175.7812
175.7812
175.7812
175.7812
219.7266
219.7266
356.4453
356.4453
478.5156
478.5156
527.3437
527.3437
581.0547
581.0547
585.9375
585.9375
551.7578
551.7578
576.1719
576.1719
683.5937
683.5937
751.9531
751.9531
800.7812
800.7812
908.2031
908.2031
981.4453
981.4453
1005.8594
1005.8594
1040.0391
1040.0391
1059.5703
1059.5703
952.1484
952.1484
786.1328
786.1328
625.0000
625.0000
434.5703
434.5703
302.7344
302.7344
288.0859
288.0859
297.8516
297.8516
258.7891
258.7891
234.3750
234.3750
180.6641
180.6641
63.4766
63.4766
0.0000
0.0000
0.0000
0.0000
0.0000
0.0000
0.0000
0.0000
0.0000
0.0000
0.0000
0.0000
0.0000
0.0000
0.0000
0.0000
0.0000
0.0000
0.0000
0.0000
0.0000
0.0000
0.0000
0.0000
0.0000
0.0000
0.0000
0.0000
0.0000
0.0000
0.0000
0.0000
0.0000
0.0000
0.0000
0.0000
0.0000
0.0000
0.0000
0.0000
0.0000
0.0000
0.0000
0.0000
0.0000
0.0000
0.0000
0.0000
0.0000
0.0000
0.0000
0.0000
0.0000
0.0000
0.0000
0.0000
0.0000
0.0000
0.0000
0.0000
0.0000
0.0000
0.0000
0.0000
0.0000
0.0000
0.0000
0.0000
0.0000
0.0000
0.0000
0.0000
0.0000
0.0000
0.0000
0.0000
0.0000
0.0000
0.0000
0.0000
14.6484
14.6484
141.6016
141.6016
239.2578
239.2578
253.9062
253.9062
292.9687
292.9687
288.0859
288.0859
249.0234
249.0234
283.2031
283.2031
375.9766
375.9766
415.0391
415.0391
424.8047
424.8047
449.2187
449.2187
415.0391
415.0391
371.0937
371.0937
400.3906
400.3906
444.3359
444.3359
410.1562
410.1562
375.9766
375.9766
351.5625
351.5625
278.3203
278.3203
244.1406
244.1406
292.9687
292.9687
332.0312
332.0312
312.5000
312.5000
327.1484
327.1484
332.0312
332.0312
307.6172
307.6172
346.6797
346.6797
454.1016
454.1016
527.3437
527.3437
585.9375
585.9375
698.2422
698.2422
786.1328
786.1328
834.9609
834.9609
932.6172
932.6172
1035.1562
1035.1562
1015.6250
1015.6250
922.8516
922.8516
815.4297
815.4297
654.2969
654.2969
522.4609
522.4609
502.9297
502.9297
502.9297
502.9297
454.1016
454.1016
429.6875
429.6875
380.8594
380.8594
268.5547
268.5547
185.5469
185.5469
141.6016
141.6016
34.1797
34.1797
0.0000
0.0000
0.0000
0.0000
0.0000
0.0000
0.0000
0.0000
0.0000
0.0000
0.0000
0.0000
0.0000
0.0000
0.0000
0.0000
0.0000
0.0000
0.0000
0.0000
0.0000
0.0000
0.0000
0.0000
0.0000
0.0000
0.0000
0.0000
0.0000
0.0000
0.0000
0.0000
0.0000
0.0000
0.0000
0.0000
0.0000
0.0000
0.0000
0.0000
0.0000
0.0000
0.0000
0.0000
0.0000
0.0000
0.0000
0.0000
0.0000
0.0000
0.0000
0.0000
0.0000
0.0000
0.0000
0.0000
0.0000
0.0000
0.0000
0.0000
0.0000
0.0000
0.0000
0.0000
0.0000
0.0000
0.0000
0.0000
0.0000
0.0000
0.0000
0.0000
0.0000
0.0000
0.0000
0.0000
0.0000
0.0000
0.0000
0.0000
0.0000
0.0000
0.0000
0.0000
0.0000
0.0000
0.0000
0.0000
0.0000
0.0000
43.9453
43.9453
112.3047
112.3047
136.7187
136.7187
170.8984
170.8984
156.2500
156.2500
156.2500
156.2500
234.3750
234.3750
341.7969
341.7969
390.6250
390.6250
463.8672
463.8672
541.9922
541.9922
561.5234
561.5234
600.5859
600.5859
698.2422
698.2422
751.9531
751.9531
756.8359
756.8359
800.7812
800.7812
854.4922
854.4922
893.5547
893.5547
991.2109
991.2109
1123.0469
1123.0469
1152.3437
1152.3437
1088.8672
1088.8672
971.6797
971.6797
766.6016
766.6016
551.7578
551.7578
429.6875
429.6875
361.3281
361.3281
258.7891
258.7891
200.1953
200.1953
166.0156
166.0156
87.8906
87.8906
43.9453
43.9453
58.5937
58.5937
53.7109
53.7109
0.0000
0.0000
0.0000
0.0000
0.0000
0.0000
0.0000
0.0000
0.0000
0.0000
0.0000
0.0000
0.0000
0.0000
0.0000
0.0000
0.0000
0.0000
0.0000
0.0000
0.0000
0.0000
0.0000
0.0000
0.0000
0.0000
0.0000
0.0000
0.0000
0.0000
0.0000
0.0000
0.0000
0.0000
0.0000
0.0000
0.0000
0.0000
0.0000
0.0000
0.0000
0.0000
0.0000
0.0000
0.0000
0.0000
0.0000
0.0000
0.0000
0.0000
0.0000
0.0000
0.0000
0.0000
0.0000
0.0000
0.0000
0.0000
0.0000
0.0000
0.0000
0.0000
0.0000
0.0000
0.0000
0.0000
0.0000
0.0000
0.0000
0.0000
0.0000
0.0000
0.0000
0.0000
0.0000
0.0000
39.0625
39.0625
131.8359
131.8359
156.2500
156.2500
195.3125
195.3125
244.1406
244.1406
249.0234
249.0234
292.9687
292.9687
410.1562
410.1562
493.1641
493.1641
507.8125
507.8125
527.3437
527.3437
512.6953
512.6953
463.8672
463.8672
473.6328
473.6328
541.9922
541.9922
546.8750
546.8750
512.6953
512.6953
493.1641
493.1641
434.5703
434.5703
390.6250
390.6250
419.9219
419.9219
468.7500
468.7500
439.4531
439.4531
419.9219
419.9219
400.3906
400.3906
332.0312
332.0312
302.7344
302.7344
375.9766
375.9766
439.4531
439.4531
468.7500
468.7500
551.7578
551.7578
620.1172
620.1172
625.0000
625.0000
664.0625
664.0625
732.4219
732.4219
722.6562
722.6562
639.6484
639.6484
561.5234
561.5234
449.2187
449.2187
336.9141
336.9141
317.3828
317.3828
356.4453
356.4453
341.7969
341.7969
322.2656
322.2656
307.6172
307.6172
219.7266
219.7266
131.8359
131.8359
102.5391
102.5391
63.4766
63.4766
0.0000
0.0000
0.0000
0.0000
0.0000
0.0000
0.0000
0.0000
0.0000
0.0000
0.0000
0.0000
0.0000
0.0000
0.0000
0.0000
0.0000
0.0000
0.0000
0.0000
0.0000
0.0000
0.0000
0.0000
0.0000
0.0000
0.0000
0.0000
0.0000
0.0000
0.0000
0.0000
0.0000
0.0000
0.0000
0.0000
0.0000
0.0000
0.0000
0.0000
0.0000
0.0000
0.0000
0.0000
0.0000
0.0000
0.0000
0.0000
0.0000
0.0000
0.0000
0.0000
0.0000
0.0000
0.0000
0.0000
0.0000
0.0000
0.0000
0.0000
0.0000
0.0000
0.0000
0.0000
0.0000
0.0000
0.0000
0.0000
0.0000
0.0000
0.0000
0.0000
0.0000
0.0000
0.0000
0.0000
0.0000
0.0000
4.8828
4.8828
0.0000
0.0000
0.0000
0.0000
0.0000
0.0000
0.0000
0.0000
0.0000
0.0000
48.8281
48.8281
131.8359
131.8359
161.1328
161.1328
214.8437
214.8437
229.4922
229.4922
214.8437
214.8437
273.4375
273.4375
380.8594
380.8594
429.6875
429.6875
473.6328
473.6328
541.9922
541.9922
581.0547
581.0547
625.0000
625.0000
747.0703
747.0703
883.7891
883.7891
952.1484
952.1484
1035.1562
1035.1562
1137.6953
1137.6953
1176.7578
1176.7578
1215.8203
1215.8203
1298.8281
1298.8281
1323.2422
1323.2422
1235.3516
1235.3516
1137.6953
1137.6953
1010.7422
1010.7422
854.4922
854.4922
766.6016
766.6016
756.8359
756.8359
683.5937
683.5937
561.5234
561.5234
454.1016
273.4375
273.4375
78.1250
78.1250
0.0000
0.0000
0.0000
0.0000
0.0000
0.0000
0.0000
0.0000
0.0000
0.0000
0.0000
0.0000
0.0000
0.0000
0.0000
0.0000
0.0000
0.0000
0.0000
0.0000
0.0000
0.0000
0.0000
0.0000
0.0000
0.0000
0.0000
0.0000
0.0000
0.0000
0.0000
0.0000
0.0000
0.0000
0.0000
0.0000
0.0000
0.0000
0.0000
0.0000
0.0000
0.0000
0.0000
0.0000
0.0000
0.0000
0.0000
0.0000
0.0000
0.0000
0.0000
0.0000
0.0000
0.0000
0.0000
0.0000
0.0000
0.0000
0.0000
0.0000
0.0000
0.0000
0.0000
0.0000
0.0000
0.0000
0.0000
0.0000
0.0000
0.0000
0.0000
0.0000
0.0000
0.0000
0.0000
0.0000
0.0000
0.0000
0.0000
0.0000
0.0000
0.0000
0.0000
0.0000
0.0000
0.0000
0.0000
0.0000
0.0000
0.0000
0.0000
0.0000
24.4141
24.4141
156.2500
156.2500
288.0859
288.0859
336.9141
336.9141
375.9766
375.9766
385.7422
385.7422
336.9141
336.9141
317.3828
317.3828
380.8594
380.8594
415.0391
415.0391
405.2734
405.2734
424.8047
424.8047
410.1562
410.1562
361.3281
361.3281
375.9766
375.9766
449.2187
449.2187
483.3984
483.3984
522.4609
522.4609
610.3516
610.3516
664.0625
664.0625
717.7734
717.7734
820.3125
820.3125
908.2031
908.2031
883.7891
883.7891
815.4297
815.4297
717.7734
717.7734
566.4062
566.4062
463.8672
463.8672
454.1016
454.1016
444.3359
444.3359
405.2734
405.2734
410.1562
410.1562
400.3906
400.3906
351.5625
351.5625
361.3281
361.3281
415.0391
415.0391
410.1562
410.1562
351.5625
351.5625
307.6172
307.6172
205.0781
205.0781
87.8906
87.8906
48.8281
48.8281
29.2969
29.2969
0.0000
0.0000
0.0000
0.0000
0.0000
0.0000
0.0000
0.0000
0.0000
0.0000
0.0000
0.0000
0.0000
0.0000
0.0000
0.0000
0.0000
0.0000
0.0000
0.0000
0.0000
0.0000
0.0000
0.0000
0.0000
0.0000
0.0000
0.0000
0.0000
0.0000
0.0000
0.0000
0.0000
0.0000
0.0000
0.0000
0.0000
0.0000
0.0000
0.0000
0.0000
0.0000
0.0000
0.0000
0.0000
0.0000
0.0000
0.0000
0.0000
0.0000
0.0000
0.0000
0.0000
0.0000
19.5312
19.5312
68.3594
68.3594
97.6562
97.6562
83.0078
83.0078
107.4219
107.4219
200.1953
200.1953
263.6719
263.6719
268.5547
268.5547
297.8516
297.8516
283.2031
283.2031
244.1406
244.1406
253.9062
253.9062
312.5000
312.5000
307.6172
307.6172
288.0859
288.0859
292.9687
292.9687
249.0234
249.0234
214.8437
214.8437
258.7891
258.7891
322.2656
322.2656
322.2656
322.2656
341.7969
341.7969
371.0937
371.0937
336.9141
336.9141
356.4453
356.4453
439.4531
439.4531
498.0469
498.0469
517.5781
517.5781
595.7031
595.7031
683.5937
683.5937
771.4844
771.4844
922.8516
922.8516
1132.8125
1132.8125
1274.4141
1274.4141
1308.5937
1308.5937
1293.9453
1293.9453
1166.9922
1166.9922
981.4453
981.4453
844.7266
844.7266
756.8359
756.8359
625.0000
625.0000
527.3437
527.3437
483.3984
483.3984
410.1562
410.1562
371.0937
371.0937
375.9766
375.9766
346.6797
346.6797
205.0781
205.0781
53.7109
53.7109
0.0000
0.0000
0.0000
0.0000
0.0000
0.0000
0.0000
0.0000
0.0000
0.0000
0.0000
0.0000
0.0000
0.0000
0.0000
0.0000
0.0000
0.0000
0.0000
0.0000
0.0000
0.0000
0.0000
0.0000
0.0000
0.0000
0.0000
0.0000
0.0000
0.0000
0.0000
0.0000
0.0000
0.0000
0.0000
0.0000
0.0000
0.0000
0.0000
0.0000
0.0000
0.0000
0.0000
0.0000
0.0000
0.0000
0.0000
0.0000
0.0000
0.0000
0.0000
0.0000
0.0000
0.0000
0.0000
0.0000
0.0000
0.0000
0.0000
0.0000
0.0000
0.0000
0.0000
0.0000
0.0000
0.0000
0.0000
0.0000
0.0000
0.0000
0.0000
0.0000
0.0000
0.0000
0.0000
0.0000
0.0000
0.0000
0.0000
0.0000
0.0000
0.0000
0.0000
0.0000
0.0000
0.0000
0.0000
0.0000
0.0000
0.0000
0.0000
0.0000
39.0625
39.0625
58.5937
58.5937
43.9453
43.9453
92.7734
92.7734
219.7266
219.7266
283.2031
283.2031
322.2656
322.2656
395.5078
395.5078
424.8047
424.8047
439.4531
439.4531
512.6953
512.6953
595.7031
595.7031
595.7031
595.7031
600.5859
600.5859
629.8828
629.8828
634.7656
634.7656
698.2422
698.2422
849.6094
849.6094
976.5625
976.5625
1005.8594
1005.8594
1010.7422
1010.7422
942.3828
942.3828
795.8984
795.8984
668.9453
668.9453
595.7031
595.7031
478.5156
478.5156
341.7969
341.7969
273.4375
273.4375
200.1953
200.1953
146.4844
146.4844
175.7812
175.7812
239.2578
239.2578
229.4922
229.4922
175.7812
175.7812
117.1875
117.1875
0.0000
0.0000
0.0000
0.0000
0.0000
0.0000
0.0000
0.0000
0.0000
0.0000
0.0000
0.0000
0.0000
0.0000
0.0000
0.0000
0.0000
0.0000
0.0000
0.0000
0.0000
0.0000
0.0000
0.0000
0.0000
0.0000
0.0000
0.0000
0.0000
0.0000
0.0000
0.0000
0.0000
0.0000
0.0000
0.0000
0.0000
0.0000
0.0000
0.0000
0.0000
0.0000
0.0000
0.0000
0.0000
0.0000
0.0000
0.0000
0.0000
0.0000
0.0000
0.0000
0.0000
0.0000
0.0000
0.0000
0.0000
0.0000
0.0000
0.0000
0.0000
0.0000
0.0000
0.0000
0.0000
0.0000
0.0000
0.0000
0.0000
0.0000
0.0000
0.0000
0.0000
0.0000
0.0000
0.0000
0.0000
0.0000
14.6484
14.6484
19.5312
19.5312
19.5312
19.5312
97.6562
97.6562
190.4297
190.4297
209.9609
209.9609
234.3750
234.3750
258.7891
258.7891
229.4922
229.4922
229.4922
229.4922
297.8516
297.8516
341.7969
341.7969
322.2656
322.2656
332.0312
332.0312
312.5000
312.5000
268.5547
268.5547
288.0859
288.0859
361.3281
361.3281
385.7422
385.7422
375.9766
375.9766
385.7422
385.7422
356.4453
356.4453
361.3281
361.3281
468.7500
468.7500
634.7656
634.7656
742.1875
742.1875
844.7266
844.7266
937.5000
937.5000
947.2656
947.2656
927.7344
927.7344
947.2656
947.2656
917.9687
917.9687
810.5469
810.5469
732.4219
732.4219
659.1797
659.1797
576.1719
576.1719
571.2891
571.2891
629.8828
629.8828
629.8828
629.8828
566.4062
566.4062
493.1641
493.1641
361.3281
361.3281
209.9609
209.9609
131.8359
131.8359
107.4219
107.4219
34.1797
34.1797
0.0000
0.0000
0.0000
0.0000
0.0000
0.0000
0.0000
0.0000
0.0000
0.0000
0.0000
0.0000
0.0000
0.0000
0.0000
0.0000
0.0000
0.0000
0.0000
0.0000
0.0000
0.0000
0.0000
0.0000
0.0000
0.0000
0.0000
0.0000
0.0000
0.0000
0.0000
0.0000
0.0000
0.0000
0.0000
0.0000
0.0000
0.0000
0.0000
0.0000
0.0000
0.0000
0.0000
0.0000
0.0000
0.0000
0.0000
0.0000
0.0000
0.0000
63.4766
63.4766
102.5391
102.5391
126.9531
126.9531
136.7187
136.7187
83.0078
83.0078
58.5937
58.5937
102.5391
102.5391
131.8359
131.8359
107.4219
107.4219
97.6562
97.6562
58.5937
58.5937
0.0000
0.0000
0.0000
0.0000
0.0000
0.0000
0.0000
0.0000
0.0000
0.0000
0.0000
0.0000
0.0000
0.0000
0.0000
0.0000
0.0000
0.0000
14.6484
14.6484
29.2969
29.2969
43.9453
43.9453
58.5937
58.5937
34.1797
34.1797
43.9453
43.9453
146.4844
146.4844
249.0234
249.0234
297.8516
297.8516
371.0937
371.0937
434.5703
434.5703
449.2187
449.2187
512.6953
512.6953
639.6484
639.6484
708.0078
708.0078
737.3047
737.3047
815.4297
815.4297
869.1406
869.1406
908.2031
908.2031
1010.7422
1010.7422
1127.9297
1127.9297
1147.4609
1147.4609
1108.3984
1108.3984
1059.5703
1059.5703
917.9687
917.9687
781.2500
781.2500
722.6562
722.6562
668.9453
668.9453
551.7578
551.7578
458.9844
458.9844
366.2109
366.2109
239.2578
239.2578
166.0156
166.0156
166.0156
166.0156
141.6016
141.6016
58.5937
58.5937
19.5312
19.5312
0.0000
0.0000
0.0000
0.0000
0.0000
0.0000
0.0000
0.0000
0.0000
0.0000
0.0000
0.0000
0.0000
0.0000
0.0000
0.0000
0.0000
0.0000
0.0000
0.0000
0.0000
0.0000
0.0000
0.0000
0.0000
0.0000
0.0000
0.0000
0.0000
0.0000
0.0000
0.0000
0.0000
0.0000
0.0000
0.0000
0.0000
0.0000
0.0000
0.0000
0.0000
0.0000
0.0000
0.0000
0.0000
0.0000
0.0000
0.0000
0.0000
0.0000
0.0000
0.0000
0.0000
0.0000
0.0000
0.0000
0.0000
0.0000
0.0000
0.0000
0.0000
0.0000
0.0000
0.0000
0.0000
0.0000
0.0000
0.0000
0.0000
0.0000
0.0000
0.0000
0.0000
0.0000
0.0000
0.0000
0.0000
0.0000
24.4141
24.4141
87.8906
87.8906
112.3047
112.3047
195.3125
195.3125
322.2656
322.2656
375.9766
375.9766
356.4453
356.4453
346.6797
346.6797
288.0859
288.0859
234.3750
234.3750
278.3203
278.3203
371.0937
371.0937
395.5078
395.5078
415.0391
415.0391
444.3359
444.3359
415.0391
395.5078
395.5078
395.5078
444.3359
444.3359
473.6328
473.6328
424.8047
424.8047
400.3906
400.3906
371.0937
371.0937
327.1484
327.1484
371.0937
371.0937
522.4609
664.0625
664.0625
756.8359
756.8359
859.3750
859.3750
898.4375
898.4375
898.4375
864.2578
864.2578
854.4922
854.4922
854.4922
854.4922
771.4844
673.8281
673.8281
615.2344
615.2344
537.1094
537.1094
493.1641
493.1641
532.2266
532.2266
566.4062
566.4062
507.8125
507.8125
419.9219
419.9219
307.6172
307.6172
136.7187
136.7187
14.6484
14.6484
0.0000
0.0000
0.0000
0.0000
0.0000
0.0000
0.0000
0.0000
0.0000
0.0000
0.0000
0.0000
0.0000
0.0000
0.0000
0.0000
0.0000
0.0000
0.0000
0.0000
0.0000
0.0000
0.0000
0.0000
0.0000
0.0000
0.0000
0.0000
0.0000
0.0000
0.0000
0.0000
0.0000
0.0000
0.0000
0.0000
0.0000
0.0000
0.0000
0.0000
0.0000
0.0000
0.0000
0.0000
0.0000
0.0000
0.0000
0.0000
0.0000
0.0000
0.0000
0.0000
0.0000
0.0000
0.0000
0.0000
0.0000
0.0000
34.1797
34.1797
83.0078
83.0078
73.2422
73.2422
39.0625
39.0625
73.2422
73.2422
141.6016
141.6016
136.7187
136.7187
126.9531
126.9531
131.8359
131.8359
83.0078
83.0078
63.4766
63.4766
107.4219
107.4219
151.3672
151.3672
122.0703
122.0703
112.3047
112.3047
92.7734
92.7734
29.2969
29.2969
29.2969
29.2969
107.4219
107.4219
156.2500
156.2500
161.1328
161.1328
195.3125
195.3125
190.4297
190.4297
175.7812
175.7812
224.6094
224.6094
327.1484
327.1484
375.9766
375.9766
395.5078
395.5078
444.3359
444.3359
458.9844
458.9844
493.1641
493.1641
605.4687
605.4687
732.4219
732.4219
776.3672
776.3672
815.4297
815.4297
864.2578
864.2578
869.1406
869.1406
917.9687
917.9687
1040.0391
1040.0391
1137.6953
1137.6953
1132.8125
1132.8125
1118.1641
1118.1641
1044.9219
1044.9219
903.3203
903.3203
786.1328
786.1328
717.7734
717.7734
595.7031
595.7031
444.3359
444.3359
332.0312
332.0312
200.1953
200.1953
87.8906
87.8906
63.4766
63.4766
83.0078
83.0078
39.0625
39.0625
0.0000
0.0000
0.0000
0.0000
0.0000
0.0000
0.0000
0.0000
0.0000
0.0000
0.0000
0.0000
0.0000
0.0000
0.0000
0.0000
0.0000
0.0000
0.0000
0.0000
0.0000
0.0000
0.0000
0.0000
0.0000
0.0000
0.0000
0.0000
0.0000
0.0000
0.0000
0.0000
0.0000
0.0000
0.0000
0.0000
0.0000
0.0000
0.0000
0.0000
0.0000
0.0000
0.0000
0.0000
0.0000
0.0000
0.0000
0.0000
0.0000
0.0000
0.0000
0.0000
0.0000
0.0000
0.0000
0.0000
0.0000
0.0000
0.0000
0.0000
0.0000
0.0000
0.0000
0.0000
0.0000
0.0000
0.0000
0.0000
0.0000
0.0000
0.0000
0.0000
0.0000
0.0000
0.0000
0.0000
0.0000
0.0000
0.0000
0.0000
0.0000
0.0000
0.0000
0.0000
0.0000
0.0000
0.0000
0.0000
0.0000
0.0000
126.9531
126.9531
185.5469
185.5469
239.2578
239.2578
283.2031
283.2031
263.6719
263.6719
268.5547
268.5547
346.6797
346.6797
405.2734
405.2734
400.3906
400.3906
424.8047
424.8047
429.6875
429.6875
405.2734
405.2734
444.3359
444.3359
527.3437
527.3437
532.2266
532.2266
502.9297
502.9297
493.1641
493.1641
424.8047
424.8047
356.4453
356.4453
375.9766
375.9766
449.2187
449.2187
488.2812
488.2812
556.6406
556.6406
668.9453
668.9453
727.5391
727.5391
795.8984
795.8984
898.4375
898.4375
961.9141
961.9141
903.3203
903.3203
834.9609
834.9609
742.1875
742.1875
615.2344
615.2344
566.4062
566.4062
605.4687
605.4687
620.1172
620.1172
585.9375
585.9375
571.2891
571.2891
488.2812
488.2812
371.0937
371.0937
302.7344
302.7344
258.7891
258.7891
151.3672
151.3672
34.1797
34.1797
0.0000
0.0000
0.0000
0.0000
0.0000
0.0000
0.0000
0.0000
0.0000
0.0000
0.0000
0.0000
0.0000
0.0000
0.0000
0.0000
0.0000
0.0000
0.0000
0.0000
0.0000
0.0000
0.0000
0.0000
0.0000
0.0000
0.0000
0.0000
0.0000
0.0000
0.0000
0.0000
0.0000
0.0000
0.0000
0.0000
0.0000
0.0000
0.0000
0.0000
0.0000
0.0000
0.0000
0.0000
0.0000
0.0000
0.0000
0.0000
0.0000
0.0000
0.0000
0.0000
0.0000
0.0000
4.8828
4.8828
14.6484
14.6484
29.2969
29.2969
102.5391
102.5391
151.3672
151.3672
131.8359
131.8359
146.4844
146.4844
131.8359
131.8359
92.7734
92.7734
117.1875
117.1875
209.9609
209.9609
244.1406
244.1406
224.6094
224.6094
219.7266
219.7266
161.1328
161.1328
97.6562
97.6562
107.4219
107.4219
146.4844
146.4844
126.9531
126.9531
112.3047
112.3047
122.0703
122.0703
87.8906
87.8906
97.6562
97.6562
185.5469
185.5469
263.6719
263.6719
268.5547
268.5547
288.0859
288.0859
302.7344
302.7344
273.4375
273.4375
307.6172
307.6172
424.8047
424.8047
498.0469
498.0469
532.2266
532.2266
595.7031
595.7031
634.7656
634.7656
664.0625
664.0625
771.4844
771.4844
932.6172
932.6172
1035.1562
1035.1562
1088.8672
1088.8672
1132.8125
1132.8125
1083.9844
1083.9844
996.0937
996.0937
932.6172
932.6172
849.6094
849.6094
688.4766
688.4766
532.2266
532.2266
400.3906
400.3906
253.9062
253.9062
170.8984
170.8984
185.5469
185.5469
185.5469
185.5469
126.9531
126.9531
78.1250
78.1250
4.8828
4.8828
0.0000
0.0000
0.0000
0.0000
0.0000
0.0000
0.0000
0.0000
0.0000
0.0000
0.0000
0.0000
0.0000
0.0000
0.0000
0.0000
0.0000
0.0000
0.0000
0.0000
0.0000
0.0000
0.0000
0.0000
0.0000
0.0000
0.0000
0.0000
0.0000
0.0000
0.0000
0.0000
0.0000
0.0000
0.0000
0.0000
0.0000
0.0000
0.0000
0.0000
0.0000
0.0000
0.0000
0.0000
0.0000
0.0000
0.0000
0.0000
0.0000
0.0000
0.0000
0.0000
0.0000
0.0000
0.0000
0.0000
0.0000
0.0000
0.0000
0.0000
0.0000
0.0000
0.0000
0.0000
0.0000
0.0000
0.0000
0.0000
0.0000
0.0000
0.0000
0.0000
0.0000
0.0000
0.0000
0.0000
0.0000
0.0000
0.0000
0.0000
0.0000
0.0000
0.0000
0.0000
0.0000
0.0000
58.5937
58.5937
92.7734
92.7734
146.4844
146.4844
170.8984
170.8984
161.1328
161.1328
214.8437
214.8437
322.2656
322.2656
351.5625
351.5625
361.3281
361.3281
380.8594
380.8594
356.4453
356.4453
336.9141
336.9141
395.5078
395.5078
473.6328
473.6328
473.6328
473.6328
473.6328
473.6328
463.8672
463.8672
395.5078
395.5078
361.3281
361.3281
400.3906
400.3906
419.9219
419.9219
405.2734
405.2734
454.1016
454.1016
502.9297
502.9297
546.8750
546.8750
659.1797
659.1797
810.5469
810.5469
883.7891
883.7891
874.0234
874.0234
834.9609
834.9609
727.5391
727.5391
600.5859
600.5859
566.4062
566.4062
581.0547
581.0547
546.8750
546.8750
532.2266
532.2266
551.7578
551.7578
507.8125
507.8125
483.3984
483.3984
507.8125
507.8125
502.9297
502.9297
400.3906
400.3906
297.8516
297.8516
175.7812
175.7812
19.5312
19.5312
0.0000
0.0000
0.0000
0.0000
0.0000
0.0000
0.0000
0.0000
0.0000
0.0000
0.0000
0.0000
0.0000
0.0000
0.0000
0.0000
0.0000
0.0000
0.0000
0.0000
0.0000
0.0000
0.0000
0.0000
0.0000
0.0000
0.0000
0.0000
0.0000
0.0000
0.0000
0.0000
0.0000
0.0000
0.0000
0.0000
0.0000
0.0000
0.0000
0.0000
0.0000
0.0000
0.0000
0.0000
0.0000
0.0000
0.0000
0.0000
0.0000
0.0000
0.0000
0.0000
0.0000
0.0000
58.5937
58.5937
161.1328
161.1328
195.3125
195.3125
185.5469
185.5469
195.3125
195.3125
166.0156
166.0156
136.7187
136.7187
195.3125
195.3125
278.3203
278.3203
288.0859
288.0859
292.9687
292.9687
288.0859
288.0859
214.8437
214.8437
161.1328
161.1328
185.5469
185.5469
200.1953
200.1953
146.4844
146.4844
126.9531
126.9531
97.6562
97.6562
34.1797
34.1797
39.0625
39.0625
117.1875
117.1875
161.1328
161.1328
166.0156
166.0156
205.0781
205.0781
200.1953
200.1953
175.7812
175.7812
214.8437
214.8437
302.7344
302.7344
351.5625
351.5625
415.0391
415.0391
537.1094
537.1094
644.5312
644.5312
756.8359
756.8359
913.0859
913.0859
1040.0391
1040.0391
1035.1562
1035.1562
966.7969
966.7969
844.7266
844.7266
654.2969
654.2969
507.8125
507.8125
454.1016
454.1016
405.2734
405.2734
322.2656
322.2656
283.2031
283.2031
209.9609
209.9609
83.0078
83.0078
4.8828
4.8828
0.0000
0.0000
0.0000
0.0000
0.0000
0.0000
0.0000
0.0000
0.0000
0.0000
0.0000
0.0000
0.0000
0.0000
0.0000
0.0000
0.0000
0.0000
0.0000
0.0000
0.0000
0.0000
0.0000
0.0000
0.0000
0.0000
0.0000
0.0000
0.0000
0.0000
0.0000
0.0000
0.0000
0.0000
0.0000
0.0000
0.0000
0.0000
0.0000
0.0000
0.0000
0.0000
0.0000
0.0000
0.0000
0.0000
0.0000
0.0000
0.0000
0.0000
0.0000
0.0000
0.0000
0.0000
0.0000
0.0000
0.0000
0.0000
0.0000
0.0000
0.0000
0.0000
0.0000
0.0000
0.0000
0.0000
0.0000
0.0000
0.0000
0.0000
0.0000
0.0000
0.0000
0.0000
0.0000
0.0000
0.0000
0.0000
0.0000
0.0000
0.0000
0.0000
0.0000
0.0000
0.0000
0.0000
0.0000
0.0000
0.0000
0.0000
0.0000
0.0000
0.0000
97.6562
97.6562
141.6016
141.6016
170.8984
170.8984
214.8437
214.8437
209.9609
209.9609
234.3750
234.3750
336.9141
336.9141
434.5703
434.5703
463.8672
463.8672
498.0469
498.0469
512.6953
512.6953
483.3984
483.3984
502.9297
502.9297
600.5859
600.5859
668.9453
668.9453
722.6562
722.6562
830.0781
830.0781
908.2031
908.2031
937.5000
937.5000
981.4453
981.4453
1010.7422
1010.7422
898.4375
898.4375
727.5391
727.5391
546.8750
546.8750
327.1484
327.1484
180.6641
180.6641
151.3672
151.3672
170.8984
170.8984
146.4844
146.4844
141.6016
141.6016
122.0703
122.0703
29.2969
29.2969
0.0000
0.0000
0.0000
0.0000
0.0000
0.0000
0.0000
0.0000
0.0000
0.0000
0.0000
0.0000
0.0000
0.0000
0.0000
0.0000
0.0000
0.0000
0.0000
0.0000
0.0000
0.0000
0.0000
0.0000
0.0000
0.0000
0.0000
0.0000
0.0000
0.0000
0.0000
0.0000
0.0000
0.0000
0.0000
0.0000
0.0000
0.0000
0.0000
0.0000
0.0000
0.0000
0.0000
0.0000
0.0000
0.0000
0.0000
0.0000
0.0000
0.0000
0.0000
0.0000
0.0000
0.0000
0.0000
0.0000
0.0000
0.0000
0.0000
0.0000
0.0000
0.0000
0.0000
0.0000
0.0000
0.0000
0.0000
0.0000
0.0000
0.0000
0.0000
0.0000
0.0000
0.0000
0.0000
0.0000
0.0000
0.0000
0.0000
0.0000
0.0000
0.0000
0.0000
0.0000
73.2422
73.2422
122.0703
122.0703
200.1953
200.1953
234.3750
234.3750
229.4922
229.4922
263.6719
263.6719
341.7969
341.7969
361.3281
361.3281
351.5625
351.5625
380.8594
380.8594
356.4453
356.4453
341.7969
341.7969
400.3906
400.3906
483.3984
483.3984
478.5156
478.5156
463.8672
463.8672
439.4531
439.4531
375.9766
375.9766
351.5625
351.5625
410.1562
410.1562
468.7500
468.7500
473.6328
473.6328
502.9297
502.9297
527.3437
527.3437
522.4609
522.4609
595.7031
595.7031
747.0703
747.0703
878.9062
878.9062
957.0312
957.0312
1049.8047
1049.8047
1079.1016
1079.1016
1044.9219
1044.9219
1040.0391
1040.0391
1035.1562
1035.1562
952.1484
952.1484
854.4922
854.4922
781.2500
781.2500
668.9453
668.9453
585.9375
585.9375
585.9375
585.9375
585.9375
585.9375
507.8125
507.8125
424.8047
424.8047
322.2656
322.2656
151.3672
151.3672
14.6484
14.6484
0.0000
0.0000
0.0000
0.0000
0.0000
0.0000
0.0000
0.0000
0.0000
0.0000
0.0000
0.0000
0.0000
0.0000
0.0000
0.0000
0.0000
0.0000
0.0000
0.0000
0.0000
0.0000
0.0000
0.0000
0.0000
0.0000
0.0000
0.0000
0.0000
0.0000
0.0000
0.0000
0.0000
0.0000
0.0000
0.0000
0.0000
0.0000
0.0000
0.0000
0.0000
0.0000
0.0000
0.0000
0.0000
0.0000
0.0000
0.0000
0.0000
0.0000
0.0000
0.0000
0.0000
0.0000
0.0000
0.0000
0.0000
0.0000
0.0000
0.0000
0.0000
0.0000
0.0000
0.0000
0.0000
0.0000
0.0000
0.0000
0.0000
0.0000
0.0000
0.0000
0.0000
0.0000
0.0000
0.0000
0.0000
0.0000
0.0000
0.0000
0.0000
0.0000
0.0000
0.0000
0.0000
0.0000
0.0000
0.0000
0.0000
0.0000
0.0000
0.0000
53.7109
53.7109
180.6641
180.6641
234.3750
234.3750
249.0234
249.0234
283.2031
283.2031
273.4375
273.4375
273.4375
273.4375
366.2109
366.2109
493.1641
493.1641
566.4062
566.4062
644.5312
644.5312
732.4219
732.4219
751.9531
751.9531
786.1328
786.1328
893.5547
893.5547
991.2109
991.2109
1035.1562
1035.1562
1108.3984
1108.3984
1186.5234
1186.5234
1220.7031
1220.7031
1274.4141
1274.4141
1347.6562
1347.6562
1318.3594
1318.3594
1162.1094
1162.1094
986.3281
986.3281
737.3047
737.3047
483.3984
483.3984
336.9141
336.9141
278.3203
278.3203
190.4297
190.4297
126.9531
126.9531
97.6562
97.6562
9.7656
9.7656
0.0000
0.0000
0.0000
0.0000
0.0000
0.0000
0.0000
0.0000
0.0000
0.0000
0.0000
0.0000
0.0000
0.0000
0.0000
0.0000
0.0000
0.0000
0.0000
0.0000
0.0000
0.0000
0.0000
0.0000
0.0000
0.0000
0.0000
0.0000
0.0000
0.0000
0.0000
0.0000
0.0000
0.0000
0.0000
0.0000
0.0000
0.0000
0.0000
0.0000
0.0000
0.0000
0.0000
0.0000
0.0000
0.0000
0.0000
0.0000
0.0000
0.0000
0.0000
0.0000
0.0000
0.0000
0.0000
0.0000
0.0000
0.0000
0.0000
0.0000
0.0000
0.0000
0.0000
0.0000
0.0000
0.0000
0.0000
0.0000
0.0000
0.0000
0.0000
0.0000
0.0000
0.0000
0.0000
0.0000
24.4141
24.4141
29.2969
29.2969
29.2969
29.2969
102.5391
102.5391
200.1953
200.1953
234.3750
234.3750
278.3203
278.3203
332.0312
332.0312
336.9141
336.9141
361.3281
361.3281
458.9844
458.9844
532.2266
532.2266
537.1094
537.1094
566.4062
566.4062
556.6406
556.6406
502.9297
502.9297
512.6953
512.6953
576.1719
576.1719
595.7031
595.7031
571.2891
571.2891
581.0547
581.0547
546.8750
546.8750
502.9297
502.9297
532.2266
532.2266
595.7031
595.7031
595.7031
595.7031
605.4687
605.4687
644.5312
644.5312
659.1797
659.1797
722.6562
722.6562
869.1406
869.1406
1015.6250
1015.6250
1069.3359
1069.3359
1103.5156
1103.5156
1093.7500
1093.7500
1000.9766
1000.9766
922.8516
922.8516
908.2031
908.2031
839.8437
839.8437
727.5391
727.5391
654.2969
654.2969
551.7578
551.7578
449.2187
449.2187
415.0391
415.0391
434.5703
434.5703
366.2109
366.2109
258.7891
258.7891
166.0156
166.0156
9.7656
9.7656
0.0000
0.0000
0.0000
0.0000
0.0000
0.0000
0.0000
0.0000
0.0000
0.0000
0.0000
0.0000
0.0000
0.0000
0.0000
0.0000
0.0000
0.0000
0.0000
0.0000
0.0000
0.0000
0.0000
0.0000
0.0000
0.0000
0.0000
0.0000
0.0000
0.0000
0.0000
0.0000
0.0000
0.0000
0.0000
0.0000
0.0000
0.0000
0.0000
0.0000
0.0000
0.0000
0.0000
0.0000
0.0000
0.0000
0.0000
0.0000
0.0000
0.0000
0.0000
0.0000
0.0000
0.0000
0.0000
0.0000
0.0000
0.0000
0.0000
0.0000
0.0000
0.0000
0.0000
0.0000
0.0000
0.0000
0.0000
0.0000
0.0000
0.0000
0.0000
0.0000
0.0000
0.0000
0.0000
0.0000
19.5312
19.5312
0.0000
0.0000
0.0000
0.0000
0.0000
0.0000
24.4141
24.4141
14.6484
14.6484
9.7656
9.7656
14.6484
14.6484
0.0000
0.0000
0.0000
0.0000
78.1250
78.1250
131.8359
131.8359
117.1875
117.1875
126.9531
126.9531
102.5391
102.5391
58.5937
58.5937
87.8906
87.8906
195.3125
195.3125
278.3203
278.3203
327.1484
327.1484
419.9219
419.9219
468.7500
468.7500
502.9297
502.9297
615.2344
615.2344
776.3672
776.3672
883.7891
883.7891
981.4453
981.4453
1083.9844
1083.9844
1113.2812
1113.2812
1113.2812
1113.2812
1123.0469
1123.0469
1074.2187
1074.2187
917.9687
917.9687
751.9531
751.9531
566.4062
566.4062
371.0937
371.0937
268.5547
268.5547
263.6719
263.6719
244.1406
244.1406
185.5469
185.5469
156.2500
156.2500
58.5937
58.5937
0.0000
0.0000
0.0000
0.0000
0.0000
0.0000
0.0000
0.0000
0.0000
0.0000
0.0000
0.0000
0.0000
0.0000
0.0000
0.0000
0.0000
0.0000
0.0000
0.0000
0.0000
0.0000
0.0000
0.0000
0.0000
0.0000
0.0000
0.0000
0.0000
0.0000
0.0000
0.0000
0.0000
0.0000
0.0000
0.0000
0.0000
0.0000
0.0000
0.0000
0.0000
0.0000
0.0000
0.0000
0.0000
0.0000
0.0000
0.0000
0.0000
0.0000
0.0000
0.0000
0.0000
0.0000
0.0000
0.0000
0.0000
0.0000
0.0000
0.0000
0.0000
0.0000
0.0000
0.0000
0.0000
0.0000
0.0000
0.0000
0.0000
0.0000
0.0000
0.0000
0.0000
0.0000
0.0000
0.0000
0.0000
0.0000
0.0000
0.0000
0.0000
0.0000
0.0000
0.0000
0.0000
0.0000
9.7656
9.7656
24.4141
24.4141
83.0078
83.0078
107.4219
107.4219
141.6016
141.6016
249.0234
249.0234
375.9766
375.9766
424.8047
424.8047
468.7500
468.7500
498.0469
498.0469
463.8672
463.8672
463.8672
463.8672
546.8750
546.8750
600.5859
600.5859
595.7031
595.7031
620.1172
620.1172
615.2344
615.2344
576.1719
576.1719
605.4687
605.4687
703.1250
703.1250
761.7187
761.7187
805.6641
805.6641
883.7891
883.7891
913.0859
913.0859
908.2031
908.2031
942.3828
942.3828
981.4453
981.4453
922.8516
922.8516
830.0781
830.0781
732.4219
732.4219
566.4062
566.4062
429.6875
429.6875
380.8594
380.8594
336.9141
336.9141
268.5547
268.5547
249.0234
249.0234
229.4922
190.4297
190.4297
190.4297
205.0781
205.0781
283.2031
283.2031
302.7344
302.7344
239.2578
239.2578
170.8984
170.8984
39.0625
39.0625
0.0000
0.0000
0.0000
0.0000
0.0000
0.0000
0.0000
0.0000
0.0000
0.0000
0.0000
0.0000
0.0000
0.0000
0.0000
0.0000
0.0000
0.0000
0.0000
0.0000
0.0000
0.0000
0.0000
0.0000
0.0000
0.0000
0.0000
0.0000
0.0000
0.0000
0.0000
0.0000
0.0000
0.0000
0.0000
0.0000
0.0000
0.0000
0.0000
0.0000
0.0000
0.0000
0.0000
0.0000
0.0000
0.0000
0.0000
0.0000
0.0000
0.0000
0.0000
0.0000
0.0000
0.0000
0.0000
0.0000
0.0000
9.7656
9.7656
68.3594
68.3594
117.1875
117.1875
146.4844
146.4844
107.4219
107.4219
97.6562
97.6562
161.1328
161.1328
190.4297
190.4297
161.1328
161.1328
170.8984
170.8984
146.4844
146.4844
102.5391
102.5391
112.3047
112.3047
180.6641
180.6641
185.5469
185.5469
156.2500
156.2500
151.3672
151.3672
97.6562
97.6562
58.5937
58.5937
107.4219
107.4219
190.4297
190.4297
219.7266
219.7266
258.7891
258.7891
297.8516
297.8516
288.0859
288.0859
312.5000
312.5000
405.2734
405.2734
483.3984
483.3984
507.8125
507.8125
566.4062
566.4062
634.7656
634.7656
693.3594
693.3594
830.0781
830.0781
1040.0391
1040.0391
1206.0547
1206.0547
1308.5937
1308.5937
1396.4844
1396.4844
1386.7187
1386.7187
1293.9453
1293.9453
1215.8203
1215.8203
1142.5781
1142.5781
991.2109
991.2109
825.1953
825.1953
688.4766
688.4766
522.4609
522.4609
395.5078
395.5078
356.4453
356.4453
302.7344
302.7344
170.8984
170.8984
34.1797
34.1797
0.0000
0.0000
0.0000
0.0000
0.0000
0.0000
0.0000
0.0000
0.0000
0.0000
0.0000
0.0000
0.0000
0.0000
0.0000
0.0000
0.0000
0.0000
0.0000
0.0000
0.0000
0.0000
0.0000
0.0000
0.0000
0.0000
0.0000
0.0000
0.0000
0.0000
0.0000
0.0000
0.0000
0.0000
0.0000
0.0000
0.0000
0.0000
0.0000
0.0000
0.0000
0.0000
0.0000
0.0000
0.0000
0.0000
0.0000
0.0000
0.0000
0.0000
0.0000
0.0000
0.0000
0.0000
0.0000
0.0000
0.0000
0.0000
0.0000
0.0000
0.0000
0.0000
0.0000
0.0000
0.0000
0.0000
0.0000
0.0000
0.0000
0.0000
0.0000
0.0000
0.0000
0.0000
0.0000
0.0000
0.0000
0.0000
0.0000
0.0000
0.0000
0.0000
0.0000
0.0000
0.0000
0.0000
0.0000
0.0000
0.0000
0.0000
0.0000
0.0000
0.0000
0.0000
0.0000
0.0000
0.0000
0.0000
0.0000
0.0000
136.7187
136.7187
229.4922
229.4922
302.7344
302.7344
400.3906
400.3906
434.5703
434.5703
444.3359
444.3359
512.6953
512.6953
595.7031
595.7031
595.7031
595.7031
600.5859
600.5859
615.2344
615.2344
590.8203
590.8203
615.2344
615.2344
727.5391
727.5391
830.0781
830.0781
878.9062
878.9062
961.9141
961.9141
1015.6250
1015.6250
1010.7422
1010.7422
1035.1562
1035.1562
1093.7500
1093.7500
1064.4531
1064.4531
957.0312
957.0312
849.6094
849.6094
688.4766
688.4766
527.3437
527.3437
449.2187
449.2187
429.6875
429.6875
361.3281
361.3281
307.6172
307.6172
273.4375
273.4375
190.4297
190.4297
126.9531
126.9531
136.7187
136.7187
126.9531
126.9531
34.1797
34.1797
0.0000
0.0000
0.0000
0.0000
0.0000
0.0000
0.0000
0.0000
0.0000
0.0000
0.0000
0.0000
0.0000
0.0000
0.0000
0.0000
0.0000
0.0000
0.0000
0.0000
0.0000
0.0000
0.0000
0.0000
0.0000
0.0000
0.0000
0.0000
0.0000
0.0000
0.0000
0.0000
0.0000
0.0000
0.0000
0.0000
0.0000
0.0000
0.0000
0.0000
0.0000
0.0000
0.0000
0.0000
0.0000
0.0000
0.0000
0.0000
0.0000
0.0000
0.0000
0.0000
0.0000
0.0000
0.0000
0.0000
0.0000
0.0000
0.0000
0.0000
0.0000
0.0000
0.0000
0.0000
0.0000
0.0000
0.0000
0.0000
0.0000
0.0000
0.0000
0.0000
0.0000
0.0000
9.7656
9.7656
97.6562
97.6562
122.0703
122.0703
151.3672
151.3672
166.0156
166.0156
117.1875
117.1875
112.3047
112.3047
175.7812
175.7812
209.9609
209.9609
190.4297
190.4297
214.8437
214.8437
195.3125
195.3125
166.0156
166.0156
205.0781
205.0781
283.2031
283.2031
288.0859
288.0859
283.2031
283.2031
292.9687
292.9687
253.9062
253.9062
239.2578
239.2578
312.5000
312.5000
395.5078
395.5078
424.8047
424.8047
473.6328
473.6328
517.5781
517.5781
527.3437
527.3437
595.7031
595.7031
747.0703
747.0703
893.5547
893.5547
996.0937
996.0937
1118.1641
1118.1641
1196.2891
1196.2891
1191.4062
1191.4062
1176.7578
1176.7578
1162.1094
1162.1094
1040.0391
1040.0391
874.0234
874.0234
737.3047
737.3047
576.1719
576.1719
463.8672
463.8672
449.2187
449.2187
478.5156
478.5156
444.3359
444.3359
400.3906
400.3906
341.7969
341.7969
214.8437
214.8437
97.6562
97.6562
43.9453
43.9453
0.0000
0.0000
0.0000
0.0000
0.0000
0.0000
0.0000
0.0000
0.0000
0.0000
0.0000
0.0000
0.0000
0.0000
0.0000
0.0000
0.0000
0.0000
0.0000
0.0000
0.0000
0.0000
0.0000
0.0000
0.0000
0.0000
0.0000
0.0000
0.0000
0.0000
0.0000
0.0000
0.0000
0.0000
0.0000
0.0000
0.0000
0.0000
0.0000
0.0000
0.0000
0.0000
0.0000
0.0000
0.0000
0.0000
0.0000
0.0000
0.0000
0.0000
0.0000
0.0000
0.0000
0.0000
0.0000
0.0000
0.0000
0.0000
0.0000
0.0000
0.0000
0.0000
0.0000
0.0000
0.0000
0.0000
0.0000
0.0000
0.0000
0.0000
0.0000
0.0000
0.0000
0.0000
0.0000
0.0000
0.0000
0.0000
0.0000
0.0000
0.0000
0.0000
0.0000
0.0000
0.0000
0.0000
0.0000
0.0000
0.0000
0.0000
0.0000
0.0000
34.1797
34.1797
126.9531
126.9531
175.7812
175.7812
244.1406
244.1406
283.2031
283.2031
292.9687
292.9687
361.3281
361.3281
473.6328
473.6328
507.8125
507.8125
512.6953
512.6953
537.1094
537.1094
502.9297
502.9297
473.6328
473.6328
517.5781
517.5781
581.0547
581.0547
585.9375
585.9375
605.4687
605.4687
620.1172
620.1172
595.7031
595.7031
615.2344
615.2344
712.8906
712.8906
786.1328
786.1328
800.7812
800.7812
820.3125
820.3125
795.8984
795.8984
708.0078
708.0078
644.5312
644.5312
615.2344
615.2344
512.6953
512.6953
380.8594
380.8594
292.9687
292.9687
180.6641
180.6641
83.0078
83.0078
87.8906
87.8906
141.6016
141.6016
141.6016
141.6016
131.8359
131.8359
131.8359
131.8359
63.4766
63.4766
0.0000
0.0000
0.0000
0.0000
0.0000
0.0000
0.0000
0.0000
0.0000
0.0000
0.0000
0.0000
0.0000
0.0000
0.0000
0.0000
0.0000
0.0000
0.0000
0.0000
0.0000
0.0000
0.0000
0.0000
0.0000
0.0000
0.0000
0.0000
0.0000
0.0000
0.0000
0.0000
0.0000
0.0000
0.0000
0.0000
0.0000
0.0000
0.0000
0.0000
0.0000
0.0000
0.0000
0.0000
0.0000
0.0000
0.0000
0.0000
0.0000
0.0000
0.0000
0.0000
0.0000
0.0000
0.0000
0.0000
0.0000
0.0000
0.0000
0.0000
0.0000
0.0000
0.0000
0.0000
0.0000
0.0000
0.0000
0.0000
0.0000
0.0000
63.4766
63.4766
141.6016
141.6016
190.4297
190.4297
239.2578
239.2578
214.8437
214.8437
185.5469
185.5469
239.2578
239.2578
297.8516
297.8516
297.8516
297.8516
322.2656
322.2656
346.6797
346.6797
322.2656
322.2656
322.2656
322.2656
395.5078
395.5078
424.8047
424.8047
395.5078
395.5078
380.8594
380.8594
327.1484
327.1484
263.6719
263.6719
283.2031
283.2031
371.0937
371.0937
400.3906
400.3906
410.1562
410.1562
458.9844
458.9844
458.9844
458.9844
473.6328
473.6328
576.1719
576.1719
722.6562
722.6562
820.3125
820.3125
922.8516
922.8516
1020.5078
1020.5078
1035.1562
1035.1562
1040.0391
1040.0391
1059.5703
1059.5703
1025.3906
1025.3906
893.5547
893.5547
781.2500
781.2500
654.2969
654.2969
512.6953
512.6953
473.6328
473.6328
517.5781
517.5781
502.9297
502.9297
434.5703
434.5703
380.8594
380.8594
258.7891
258.7891
112.3047
112.3047
34.1797
34.1797
0.0000
0.0000
0.0000
0.0000
0.0000
0.0000
0.0000
0.0000
0.0000
0.0000
0.0000
0.0000
0.0000
0.0000
0.0000
0.0000
0.0000
0.0000
0.0000
0.0000
0.0000
0.0000
0.0000
0.0000
0.0000
0.0000
0.0000
0.0000
0.0000
0.0000
0.0000
0.0000
0.0000
0.0000
0.0000
0.0000
0.0000
0.0000
0.0000
0.0000
0.0000
0.0000
0.0000
0.0000
0.0000
0.0000
0.0000
0.0000
0.0000
0.0000
0.0000
0.0000
0.0000
0.0000
0.0000
0.0000
0.0000
0.0000
0.0000
0.0000
0.0000
0.0000
0.0000
0.0000
0.0000
0.0000
0.0000
0.0000
0.0000
0.0000
0.0000
0.0000
0.0000
0.0000
0.0000
0.0000
0.0000
0.0000
0.0000
0.0000
0.0000
0.0000
0.0000
0.0000
0.0000
0.0000
0.0000
0.0000
0.0000
0.0000
0.0000
0.0000
0.0000
0.0000
43.9453
43.9453
43.9453
43.9453
58.5937
58.5937
92.7734
92.7734
92.7734
92.7734
156.2500
156.2500
297.8516
297.8516
405.2734
449.2187
449.2187
449.2187
502.9297
502.9297
502.9297
502.9297
463.8672
463.8672
478.5156
478.5156
546.8750
546.8750
581.0547
581.0547
610.3516
610.3516
688.4766
688.4766
742.1875
805.6641
805.6641
805.6641
913.0859
913.0859
1000.9766
1000.9766
961.9141
961.9141
874.0234
874.0234
742.1875
742.1875
551.7578
395.5078
395.5078
341.7969
341.7969
288.0859
288.0859
214.8437
214.8437
185.5469
185.5469
151.3672
151.3672
73.2422
73.2422
48.8281
48.8281
73.2422
73.2422
29.2969
29.2969
0.0000
0.0000
0.0000
0.0000
0.0000
0.0000
0.0000
0.0000
0.0000
0.0000
0.0000
0.0000
0.0000
0.0000
0.0000
0.0000
0.0000
0.0000
0.0000
0.0000
0.0000
0.0000
0.0000
0.0000
0.0000
0.0000
0.0000
0.0000
0.0000
0.0000
0.0000
0.0000
0.0000
0.0000
0.0000
0.0000
0.0000
0.0000
0.0000
0.0000
0.0000
0.0000
0.0000
0.0000
0.0000
0.0000
0.0000
0.0000
0.0000
0.0000
0.0000
0.0000
0.0000
0.0000
0.0000
0.0000
0.0000
0.0000
0.0000
0.0000
0.0000
0.0000
0.0000
0.0000
0.0000
0.0000
0.0000
0.0000
0.0000
0.0000
0.0000
0.0000
0.0000
0.0000
0.0000
0.0000
156.2500
156.2500
278.3203
278.3203
327.1484
327.1484
380.8594
380.8594
380.8594
380.8594
341.7969
341.7969
366.2109
366.2109
429.6875
429.6875
434.5703
434.5703
434.5703
434.5703
454.1016
454.1016
424.8047
424.8047
415.0391
415.0391
463.8672
463.8672
512.6953
512.6953
478.5156
478.5156
449.2187
449.2187
410.1562
410.1562
332.0312
332.0312
307.6172
307.6172
371.0937
371.0937
415.0391
415.0391
419.9219
419.9219
454.1016
454.1016
483.3984
483.3984
507.8125
507.8125
625.0000
625.0000
820.3125
820.3125
961.9141
961.9141
1040.0391
1040.0391
1103.5156
1103.5156
1069.3359
1069.3359
986.3281
986.3281
942.3828
942.3828
913.0859
913.0859
810.5469
810.5469
708.0078
708.0078
634.7656
634.7656
537.1094
537.1094
473.6328
473.6328
478.5156
478.5156
468.7500
468.7500
375.9766
375.9766
283.2031
283.2031
146.4844
146.4844
0.0000
0.0000
0.0000
0.0000
0.0000
0.0000
0.0000
0.0000
0.0000
0.0000
0.0000
0.0000
0.0000
0.0000
0.0000
0.0000
0.0000
0.0000
0.0000
0.0000
0.0000
0.0000
0.0000
0.0000
0.0000
0.0000
0.0000
0.0000
0.0000
0.0000
0.0000
0.0000
0.0000
0.0000
0.0000
0.0000
0.0000
0.0000
0.0000
0.0000
0.0000
0.0000
0.0000
0.0000
0.0000
0.0000
0.0000
0.0000
0.0000
0.0000
0.0000
0.0000
0.0000
0.0000
0.0000
0.0000
0.0000
0.0000
0.0000
0.0000
0.0000
0.0000
0.0000
0.0000
0.0000
0.0000
0.0000
0.0000
0.0000
0.0000
0.0000
0.0000
39.0625
39.0625
48.8281
48.8281
48.8281
48.8281
24.4141
24.4141
0.0000
0.0000
0.0000
0.0000
0.0000
0.0000
0.0000
0.0000
0.0000
0.0000
0.0000
0.0000
0.0000
0.0000
0.0000
0.0000
0.0000
0.0000
63.4766
63.4766
102.5391
102.5391
102.5391
102.5391
122.0703
122.0703
97.6562
97.6562
97.6562
97.6562
185.5469
185.5469
288.0859
288.0859
322.2656
322.2656
366.2109
366.2109
415.0391
415.0391
400.3906
400.3906
419.9219
419.9219
512.6953
512.6953
571.2891
571.2891
576.1719
576.1719
625.0000
625.0000
673.8281
673.8281
703.1250
703.1250
791.0156
791.0156
927.7344
927.7344
971.6797
971.6797
937.5000
937.5000
888.6719
888.6719
761.7187
761.7187
610.3516
610.3516
537.1094
537.1094
507.8125
507.8125
415.0391
415.0391
341.7969
341.7969
292.9687
292.9687
200.1953
200.1953
126.9531
126.9531
131.8359
131.8359
102.5391
102.5391
0.0000
0.0000
0.0000
0.0000
0.0000
0.0000
0.0000
0.0000
0.0000
0.0000
0.0000
0.0000
0.0000
0.0000
0.0000
0.0000
0.0000
0.0000
0.0000
0.0000
0.0000
0.0000
0.0000
0.0000
0.0000
0.0000
0.0000
0.0000
0.0000
0.0000
0.0000
0.0000
0.0000
0.0000
0.0000
0.0000
0.0000
0.0000
0.0000
0.0000
0.0000
0.0000
0.0000
0.0000
0.0000
0.0000
0.0000
0.0000
0.0000
0.0000
0.0000
0.0000
0.0000
0.0000
0.0000
0.0000
0.0000
0.0000
0.0000
0.0000
0.0000
0.0000
0.0000
0.0000
0.0000
0.0000
0.0000
0.0000
0.0000
0.0000
0.0000
0.0000
0.0000
0.0000
0.0000
0.0000
0.0000
0.0000
29.2969
29.2969
78.1250
78.1250
141.6016
141.6016
195.3125
195.3125
200.1953
200.1953
253.9062
253.9062
371.0937
371.0937
454.1016
454.1016
478.5156
478.5156
517.5781
517.5781
512.6953
512.6953
478.5156
478.5156
517.5781
517.5781
600.5859
600.5859
605.4687
605.4687
581.0547
581.0547
561.5234
561.5234
483.3984
483.3984
434.5703
434.5703
463.8672
463.8672
502.9297
502.9297
473.6328
473.6328
473.6328
473.6328
483.3984
483.3984
454.1016
454.1016
478.5156
478.5156
576.1719
576.1719
664.0625
664.0625
698.2422
698.2422
781.2500
781.2500
854.4922
854.4922
913.0859
913.0859
1035.1562
1035.1562
1206.0547
1206.0547
1303.7109
1303.7109
1318.3594
1318.3594
1318.3594
1318.3594
1230.4687
1230.4687
1103.5156
1103.5156
1030.2734
1030.2734
981.4453
981.4453
859.3750
859.3750
727.5391
727.5391
615.2344
615.2344
458.9844
458.9844
322.2656
322.2656
244.1406
244.1406
146.4844
146.4844
0.0000
0.0000
0.0000
0.0000
0.0000
0.0000
0.0000
0.0000
0.0000
0.0000
0.0000
0.0000
0.0000
0.0000
0.0000
0.0000
0.0000
0.0000
0.0000
0.0000
0.0000
0.0000
0.0000
0.0000
0.0000
0.0000
0.0000
0.0000
0.0000
0.0000
0.0000
0.0000
0.0000
0.0000
0.0000
0.0000
0.0000
0.0000
0.0000
0.0000
0.0000
0.0000
0.0000
0.0000
0.0000
0.0000
0.0000
0.0000
0.0000
0.0000
0.0000
0.0000
0.0000
0.0000
0.0000
0.0000
0.0000
0.0000
0.0000
0.0000
0.0000
0.0000
0.0000
0.0000
0.0000
0.0000
0.0000
0.0000
0.0000
0.0000
0.0000
0.0000
0.0000
0.0000
0.0000
0.0000
0.0000
0.0000
0.0000
0.0000
0.0000
0.0000
0.0000
0.0000
0.0000
0.0000
0.0000
0.0000
0.0000
0.0000
0.0000
0.0000
0.0000
0.0000
0.0000
0.0000
0.0000
0.0000
9.7656
9.7656
0.0000
0.0000
29.2969
29.2969
117.1875
117.1875
151.3672
151.3672
156.2500
156.2500
200.1953
200.1953
224.6094
224.6094
258.7891
258.7891
366.2109
366.2109
507.8125
507.8125
566.4062
566.4062
605.4687
605.4687
629.8828
629.8828
595.7031
595.7031
585.9375
585.9375
659.1797
659.1797
737.3047
737.3047
781.2500
781.2500
859.3750
859.3750
927.7344
927.7344
922.8516
922.8516
932.6172
932.6172
971.6797
971.6797
922.8516
922.8516
805.6641
805.6641
703.1250
703.1250
571.2891
571.2891
444.3359
444.3359
405.2734
405.2734
424.8047
424.8047
375.9766
375.9766
307.6172
307.6172
229.4922
229.4922
78.1250
78.1250
0.0000
0.0000
0.0000
0.0000
0.0000
0.0000
0.0000
0.0000
0.0000
0.0000
0.0000
0.0000
0.0000
0.0000
0.0000
0.0000
0.0000
0.0000
0.0000
0.0000
0.0000
0.0000
0.0000
0.0000
0.0000
0.0000
0.0000
0.0000
0.0000
0.0000
0.0000
0.0000
0.0000
0.0000
0.0000
0.0000
0.0000
0.0000
0.0000
0.0000
0.0000
0.0000
0.0000
0.0000
0.0000
0.0000
0.0000
0.0000
0.0000
0.0000
0.0000
0.0000
0.0000
0.0000
0.0000
0.0000
0.0000
0.0000
0.0000
0.0000
0.0000
0.0000
0.0000
0.0000
0.0000
0.0000
0.0000
0.0000
0.0000
0.0000
0.0000
0.0000
0.0000
0.0000
0.0000
0.0000
0.0000
0.0000
0.0000
0.0000
0.0000
0.0000
0.0000
0.0000
68.3594
68.3594
102.5391
102.5391
126.9531
126.9531
146.4844
146.4844
107.4219
107.4219
112.3047
112.3047
200.1953
200.1953
263.6719
263.6719
273.4375
273.4375
307.6172
307.6172
297.8516
297.8516
258.7891
258.7891
278.3203
278.3203
336.9141
336.9141
336.9141
336.9141
307.6172
307.6172
307.6172
307.6172
263.6719
263.6719
239.2578
239.2578
297.8516
297.8516
385.7422
385.7422
400.3906
400.3906
424.8047
424.8047
449.2187
449.2187
429.6875
429.6875
458.9844
458.9844
585.9375
585.9375
708.0078
708.0078
786.1328
786.1328
888.6719
888.6719
957.0312
957.0312
961.9141
961.9141
991.2109
991.2109
1049.8047
1049.8047
1030.2734
1030.2734
947.2656
947.2656
878.9062
878.9062
766.6016
766.6016
649.4141
649.4141
610.3516
610.3516
605.4687
605.4687
532.2266
532.2266
444.3359
444.3359
366.2109
366.2109
234.3750
234.3750
122.0703
122.0703
78.1250
78.1250
29.2969
29.2969
0.0000
0.0000
0.0000
0.0000
0.0000
0.0000
0.0000
0.0000
0.0000
0.0000
0.0000
0.0000
0.0000
0.0000
0.0000
0.0000
0.0000
0.0000
0.0000
0.0000
0.0000
0.0000
0.0000
0.0000
0.0000
0.0000
0.0000
0.0000
0.0000
0.0000
0.0000
0.0000
0.0000
0.0000
0.0000
0.0000
0.0000
0.0000
0.0000
0.0000
0.0000
0.0000
0.0000
0.0000
0.0000
0.0000
0.0000
0.0000
0.0000
0.0000
0.0000
0.0000
0.0000
0.0000
0.0000
0.0000
0.0000
0.0000
0.0000
0.0000
0.0000
0.0000
0.0000
0.0000
29.2969
24.4141
24.4141
0.0000
0.0000
0.0000
0.0000
0.0000
0.0000
0.0000
0.0000
0.0000
0.0000
0.0000
0.0000
0.0000
0.0000
0.0000
0.0000
0.0000
0.0000
0.0000
0.0000
0.0000
0.0000
4.8828
4.8828
68.3594
68.3594
68.3594
68.3594
87.8906
87.8906
78.1250
78.1250
53.7109
53.7109
107.4219
107.4219
229.4922
229.4922
307.6172
307.6172
361.3281
361.3281
439.4531
439.4531
458.9844
458.9844
468.7500
468.7500
541.9922
541.9922
625.0000
625.0000
620.1172
620.1172
620.1172
620.1172
629.8828
629.8828
620.1172
620.1172
668.9453
668.9453
820.3125
820.3125
966.7969
966.7969
1015.6250
1015.6250
1059.5703
1059.5703
1030.2734
1030.2734
913.0859
913.0859
815.4297
815.4297
737.3047
737.3047
605.4687
605.4687
449.2187
449.2187
336.9141
336.9141
219.7266
219.7266
122.0703
122.0703
126.9531
126.9531
161.1328
161.1328
112.3047
112.3047
29.2969
29.2969
0.0000
0.0000
0.0000
0.0000
0.0000
0.0000
0.0000
0.0000
0.0000
0.0000
0.0000
0.0000
0.0000
0.0000
0.0000
0.0000
0.0000
0.0000
0.0000
0.0000
0.0000
0.0000
0.0000
0.0000
0.0000
0.0000
0.0000
0.0000
0.0000
0.0000
0.0000
0.0000
0.0000
0.0000
0.0000
0.0000
0.0000
0.0000
0.0000
0.0000
0.0000
0.0000
0.0000
0.0000
0.0000
0.0000
0.0000
0.0000
0.0000
0.0000
0.0000
0.0000
0.0000
0.0000
0.0000
0.0000
0.0000
0.0000
0.0000
0.0000
0.0000
0.0000
0.0000
0.0000
0.0000
0.0000
0.0000
0.0000
0.0000
0.0000
0.0000
0.0000
0.0000
0.0000
0.0000
0.0000
0.0000
0.0000
0.0000
0.0000
48.8281
48.8281
83.0078
83.0078
107.4219
107.4219
185.5469
185.5469
249.0234
249.0234
234.3750
234.3750
244.1406
244.1406
249.0234
249.0234
209.9609
209.9609
229.4922
229.4922
317.3828
317.3828
366.2109
366.2109
361.3281
361.3281
366.2109
366.2109
327.1484
327.1484
268.5547
268.5547
283.2031
283.2031
346.6797
346.6797
361.3281
361.3281
380.8594
380.8594
439.4531
439.4531
429.6875
429.6875
429.6875
429.6875
502.9297
502.9297
600.5859
600.5859
644.5312
644.5312
722.6562
722.6562
825.1953
825.1953
888.6719
888.6719
1000.9766
1000.9766
1162.1094
1162.1094
1269.5312
1269.5312
1259.7656
1259.7656
1225.5859
1225.5859
1127.9297
1127.9297
971.6797
971.6797
869.1406
869.1406
834.9609
834.9609
761.7187
761.7187
673.8281
673.8281
639.6484
639.6484
576.1719
576.1719
502.9297
502.9297
488.2812
488.2812
478.5156
478.5156
380.8594
380.8594
249.0234
249.0234
112.3047
112.3047
0.0000
0.0000
0.0000
0.0000
0.0000
0.0000
0.0000
0.0000
0.0000
0.0000
0.0000
0.0000
0.0000
0.0000
0.0000
0.0000
0.0000
0.0000
0.0000
0.0000
0.0000
0.0000
0.0000
0.0000
0.0000
0.0000
0.0000
0.0000
0.0000
0.0000
0.0000
0.0000
0.0000
0.0000
0.0000
0.0000
0.0000
0.0000
0.0000
0.0000
0.0000
0.0000
0.0000
0.0000
0.0000
0.0000
0.0000
0.0000
0.0000
0.0000
0.0000
0.0000
0.0000
0.0000
0.0000
0.0000
0.0000
0.0000
14.6484
14.6484
43.9453
43.9453
9.7656
9.7656
0.0000
0.0000
0.0000
0.0000
0.0000
0.0000
0.0000
0.0000
0.0000
0.0000
0.0000
0.0000
0.0000
0.0000
0.0000
0.0000
0.0000
0.0000
0.0000
0.0000
0.0000
0.0000
0.0000
0.0000
0.0000
0.0000
0.0000
0.0000
9.7656
9.7656
0.0000
0.0000
9.7656
9.7656
102.5391
102.5391
180.6641
180.6641
200.1953
200.1953
263.6719
263.6719
307.6172
307.6172
317.3828
317.3828
395.5078
395.5078
517.5781
517.5781
566.4062
566.4062
576.1719
576.1719
600.5859
600.5859
585.9375
585.9375
590.8203
590.8203
688.4766
688.4766
834.9609
834.9609
917.9687
917.9687
971.6797
971.6797
1010.7422
1010.7422
942.3828
942.3828
859.3750
859.3750
810.5469
810.5469
722.6562
722.6562
561.5234
561.5234
434.5703
434.5703
283.2031
283.2031
126.9531
126.9531
58.5937
58.5937
73.2422
73.2422
48.8281
48.8281
0.0000
0.0000
0.0000
0.0000
0.0000
0.0000
0.0000
0.0000
0.0000
0.0000
0.0000
0.0000
0.0000
0.0000
0.0000
0.0000
0.0000
0.0000
0.0000
0.0000
0.0000
0.0000
0.0000
0.0000
0.0000
0.0000
0.0000
0.0000
0.0000
0.0000
0.0000
0.0000
0.0000
0.0000
0.0000
0.0000
0.0000
0.0000
0.0000
0.0000
0.0000
0.0000
0.0000
0.0000
0.0000
0.0000
0.0000
0.0000
0.0000
0.0000
0.0000
0.0000
0.0000
0.0000
0.0000
0.0000
0.0000
0.0000
0.0000
0.0000
0.0000
0.0000
0.0000
0.0000
0.0000
0.0000
0.0000
0.0000
0.0000
0.0000
0.0000
0.0000
0.0000
0.0000
0.0000
0.0000
0.0000
0.0000
0.0000
0.0000
0.0000
0.0000
0.0000
0.0000
4.8828
4.8828
29.2969
29.2969
107.4219
107.4219
224.6094
224.6094
273.4375
273.4375
292.9687
292.9687
332.0312
332.0312
307.6172
307.6172
288.0859
288.0859
341.7969
341.7969
405.2734
405.2734
400.3906
400.3906
415.0391
415.0391
429.6875
429.6875
380.8594
380.8594
366.2109
366.2109
424.8047
424.8047
449.2187
449.2187
419.9219
419.9219
429.6875
429.6875
405.2734
405.2734
361.3281
361.3281
405.2734
405.2734
522.4609
522.4609
610.3516
610.3516
688.4766
688.4766
805.6641
805.6641
869.1406
869.1406
893.5547
893.5547
947.2656
947.2656
991.2109
991.2109
932.6172
932.6172
869.1406
869.1406
800.7812
800.7812
708.0078
708.0078
654.2969
654.2969
678.7109
678.7109
683.5937
683.5937
590.8203
590.8203
498.0469
498.0469
361.3281
361.3281
180.6641
180.6641
58.5937
58.5937
24.4141
24.4141
0.0000
0.0000
0.0000
0.0000
0.0000
0.0000
0.0000
0.0000
0.0000
0.0000
0.0000
0.0000
0.0000
0.0000
0.0000
0.0000
0.0000
0.0000
0.0000
0.0000
0.0000
0.0000
0.0000
0.0000
0.0000
0.0000
0.0000
0.0000
0.0000
0.0000
0.0000
0.0000
0.0000
0.0000
0.0000
0.0000
0.0000
0.0000
0.0000
0.0000
0.0000
0.0000
0.0000
0.0000
0.0000
0.0000
0.0000
0.0000
0.0000
0.0000
0.0000
0.0000
0.0000
0.0000
0.0000
0.0000
0.0000
0.0000
0.0000
0.0000
0.0000
0.0000
0.0000
0.0000
0.0000
0.0000
0.0000
0.0000
0.0000
0.0000
29.2969
29.2969
53.7109
53.7109
9.7656
9.7656
0.0000
0.0000
19.5312
19.5312
19.5312
19.5312
0.0000
0.0000
0.0000
0.0000
0.0000
0.0000
0.0000
0.0000
0.0000
0.0000
19.5312
19.5312
29.2969
29.2969
19.5312
19.5312
24.4141
24.4141
0.0000
0.0000
0.0000
0.0000
24.4141
24.4141
102.5391
102.5391
117.1875
117.1875
161.1328
161.1328
200.1953
200.1953
190.4297
190.4297
234.3750
234.3750
341.7969
341.7969
419.9219
419.9219
449.2187
449.2187
517.5781
517.5781
566.4062
566.4062
600.5859
600.5859
703.1250
703.1250
859.3750
859.3750
937.5000
937.5000
961.9141
961.9141
981.4453
981.4453
932.6172
932.6172
864.2578
864.2578
859.3750
859.3750
869.1406
869.1406
795.8984
795.8984
717.7734
717.7734
634.7656
634.7656
483.3984
483.3984
356.4453
356.4453
302.7344
302.7344
239.2578
239.2578
131.8359
131.8359
63.4766
63.4766
0.0000
0.0000
0.0000
0.0000
0.0000
0.0000
0.0000
0.0000
0.0000
0.0000
0.0000
0.0000
0.0000
0.0000
0.0000
0.0000
0.0000
0.0000
0.0000
0.0000
0.0000
0.0000
0.0000
0.0000
0.0000
0.0000
0.0000
0.0000
0.0000
0.0000
0.0000
0.0000
0.0000
0.0000
0.0000
0.0000
0.0000
0.0000
0.0000
0.0000
0.0000
0.0000
0.0000
0.0000
0.0000
0.0000
0.0000
0.0000
0.0000
0.0000
0.0000
0.0000
0.0000
0.0000
0.0000
0.0000
0.0000
0.0000
0.0000
0.0000
0.0000
0.0000
0.0000
0.0000
0.0000
0.0000
0.0000
0.0000
0.0000
0.0000
0.0000
0.0000
0.0000
0.0000
0.0000
0.0000
0.0000
0.0000
0.0000
0.0000
0.0000
0.0000
0.0000
0.0000
0.0000
0.0000
63.4766
63.4766
151.3672
151.3672
200.1953
200.1953
273.4375
273.4375
292.9687
292.9687
268.5547
268.5547
307.6172
307.6172
385.7422
385.7422
410.1562
410.1562
410.1562
410.1562
439.4531
439.4531
424.8047
424.8047
434.5703
522.4609
522.4609
522.4609
600.5859
600.5859
600.5859
600.5859
600.5859
600.5859
576.1719
576.1719
507.8125
507.8125
498.0469
498.0469
590.8203
590.8203
673.8281
673.8281
737.3047
737.3047
859.3750
859.3750
952.1484
952.1484
996.0937
996.0937
1064.4531
1064.4531
1142.5781
1142.5781
1103.5156
1103.5156
996.0937
996.0937
869.1406
869.1406
708.0078
571.2891
571.2891
571.2891
532.2266
532.2266
527.3437
527.3437
458.9844
458.9844
395.5078
395.5078
322.2656
322.2656
180.6641
180.6641
53.7109
53.7109
0.0000
0.0000
0.0000
0.0000
0.0000
0.0000
0.0000
0.0000
0.0000
0.0000
0.0000
0.0000
0.0000
0.0000
0.0000
0.0000
0.0000
0.0000
0.0000
0.0000
0.0000
0.0000
0.0000
0.0000
0.0000
0.0000
0.0000
0.0000
0.0000
0.0000
0.0000
0.0000
0.0000
0.0000
0.0000
0.0000
0.0000
0.0000
0.0000
0.0000
0.0000
0.0000
0.0000
0.0000
0.0000
0.0000
0.0000
0.0000
0.0000
0.0000
0.0000
0.0000
0.0000
0.0000
0.0000
0.0000
0.0000
0.0000
0.0000
0.0000
0.0000
9.7656
9.7656
0.0000
0.0000
34.1797
34.1797
102.5391
102.5391
107.4219
107.4219
107.4219
107.4219
107.4219
107.4219
58.5937
58.5937
39.0625
39.0625
92.7734
92.7734
136.7187
136.7187
107.4219
107.4219
97.6562
97.6562
63.4766
63.4766
0.0000
0.0000
0.0000
0.0000
24.4141
24.4141
14.6484
14.6484
0.0000
0.0000
0.0000
0.0000
0.0000
0.0000
0.0000
0.0000
0.0000
0.0000
43.9453
43.9453
63.4766
63.4766
87.8906
87.8906
122.0703
122.0703
102.5391
102.5391
126.9531
126.9531
234.3750
234.3750
351.5625
351.5625
405.2734
405.2734
493.1641
493.1641
585.9375
585.9375
649.4141
649.4141
771.4844
771.4844
952.1484
952.1484
1059.5703
1059.5703
1074.2187
1074.2187
1074.2187
1074.2187
1000.9766
1000.9766
893.5547
893.5547
849.6094
849.6094
849.6094
849.6094
781.2500
781.2500
688.4766
688.4766
600.5859
600.5859
454.1016
454.1016
312.5000
312.5000
249.0234
249.0234
200.1953
200.1953
87.8906
87.8906
9.7656
9.7656
0.0000
0.0000
0.0000
0.0000
0.0000
0.0000
0.0000
0.0000
0.0000
0.0000
0.0000
0.0000
0.0000
0.0000
0.0000
0.0000
0.0000
0.0000
0.0000
0.0000
0.0000
0.0000
0.0000
0.0000
0.0000
0.0000
0.0000
0.0000
0.0000
0.0000
0.0000
0.0000
0.0000
0.0000
0.0000
0.0000
0.0000
0.0000
0.0000
0.0000
0.0000
0.0000
0.0000
0.0000
0.0000
0.0000
0.0000
0.0000
0.0000
0.0000
0.0000
0.0000
0.0000
0.0000
0.0000
0.0000
0.0000
0.0000
0.0000
0.0000
0.0000
0.0000
0.0000
0.0000
0.0000
0.0000
0.0000
0.0000
0.0000
0.0000
0.0000
0.0000
0.0000
0.0000
14.6484
14.6484
29.2969
29.2969
58.5937
58.5937
92.7734
92.7734
83.0078
83.0078
112.3047
112.3047
219.7266
219.7266
302.7344
302.7344
312.5000
312.5000
336.9141
336.9141
336.9141
336.9141
297.8516
297.8516
327.1484
327.1484
419.9219
419.9219
454.1016
454.1016
449.2187
449.2187
473.6328
473.6328
449.2187
449.2187
419.9219
419.9219
468.7500
468.7500
532.2266
532.2266
517.5781
517.5781
502.9297
502.9297
493.1641
493.1641
439.4531
439.4531
419.9219
419.9219
488.2812
488.2812
537.1094
537.1094
522.4609
522.4609
541.9922
541.9922
566.4062
566.4062
585.9375
585.9375
678.7109
678.7109
844.7266
844.7266
957.0312
957.0312
981.4453
981.4453
1000.9766
1000.9766
937.5000
937.5000
815.4297
815.4297
747.0703
747.0703
712.8906
712.8906
634.7656
634.7656
561.5234
561.5234
527.3437
527.3437
458.9844
458.9844
405.2734
405.2734
415.0391
415.0391
400.3906
400.3906
283.2031
283.2031
151.3672
151.3672
9.7656
9.7656
0.0000
0.0000
0.0000
0.0000
0.0000
0.0000
0.0000
0.0000
0.0000
0.0000
0.0000
0.0000
0.0000
0.0000
0.0000
0.0000
0.0000
0.0000
0.0000
0.0000
0.0000
0.0000
0.0000
0.0000
0.0000
0.0000
0.0000
0.0000
0.0000
0.0000
0.0000
0.0000
0.0000
0.0000
0.0000
0.0000
0.0000
0.0000
0.0000
0.0000
0.0000
0.0000
0.0000
0.0000
0.0000
0.0000
0.0000
0.0000
0.0000
0.0000
0.0000
0.0000
0.0000
0.0000
0.0000
0.0000
0.0000
0.0000
0.0000
0.0000
0.0000
0.0000
0.0000
0.0000
0.0000
0.0000
0.0000
0.0000
0.0000
0.0000
0.0000
0.0000
53.7109
53.7109
73.2422
73.2422
97.6562
97.6562
117.1875
117.1875
73.2422
73.2422
58.5937
58.5937
102.5391
102.5391
122.0703
122.0703
87.8906
87.8906
87.8906
87.8906
58.5937
58.5937
19.5312
19.5312
73.2422
73.2422
195.3125
195.3125
268.5547
268.5547
302.7344
302.7344
351.5625
351.5625
346.6797
346.6797
336.9141
336.9141
400.3906
400.3906
498.0469
498.0469
527.3437
527.3437
556.6406
556.6406
595.7031
595.7031
581.0547
581.0547
615.2344
615.2344
727.5391
727.5391
839.8437
839.8437
903.3203
903.3203
996.0937
996.0937
1079.1016
1079.1016
1098.6328
1098.6328
1127.9297
1127.9297
1191.4062
1191.4062
1176.7578
1176.7578
1074.2187
1074.2187
971.6797
971.6797
815.4297
815.4297
639.6484
639.6484
537.1094
537.1094
483.3984
483.3984
380.8594
380.8594
268.5547
268.5547
180.6641
180.6641
43.9453
43.9453
0.0000
0.0000
0.0000
0.0000
0.0000
0.0000
0.0000
0.0000
0.0000
0.0000
0.0000
0.0000
0.0000
0.0000
0.0000
0.0000
0.0000
0.0000
0.0000
0.0000
0.0000
0.0000
0.0000
0.0000
0.0000
0.0000
0.0000
0.0000
0.0000
0.0000
0.0000
0.0000
0.0000
0.0000
0.0000
0.0000
0.0000
0.0000
0.0000
0.0000
0.0000
0.0000
0.0000
0.0000
0.0000
0.0000
0.0000
0.0000
0.0000
0.0000
0.0000
0.0000
0.0000
0.0000
0.0000
0.0000
0.0000
0.0000
0.0000
0.0000
0.0000
0.0000
0.0000
0.0000
0.0000
0.0000
0.0000
0.0000
0.0000
0.0000
0.0000
0.0000
0.0000
0.0000
0.0000
0.0000
0.0000
0.0000
0.0000
0.0000
0.0000
0.0000
0.0000
0.0000
0.0000
0.0000
0.0000
0.0000
0.0000
0.0000
0.0000
0.0000
0.0000
0.0000
0.0000
0.0000
87.8906
87.8906
209.9609
209.9609
249.0234
249.0234
322.2656
322.2656
361.3281
361.3281
351.5625
351.5625
390.6250
390.6250
488.2812
488.2812
522.4609
522.4609
522.4609
522.4609
546.8750
546.8750
522.4609
522.4609
502.9297
502.9297
546.8750
546.8750
610.3516
610.3516
590.8203
590.8203
561.5234
561.5234
537.1094
537.1094
468.7500
468.7500
468.7500
468.7500
571.2891
571.2891
693.3594
693.3594
771.4844
771.4844
874.0234
874.0234
932.6172
932.6172
903.3203
903.3203
878.9062
878.9062
869.1406
869.1406
786.1328
786.1328
654.2969
654.2969
566.4062
566.4062
458.9844
458.9844
375.9766
375.9766
385.7422
385.7422
444.3359
444.3359
429.6875
429.6875
395.5078
395.5078
366.2109
366.2109
268.5547
268.5547
185.5469
185.5469
180.6641
180.6641
190.4297
190.4297
131.8359
131.8359
92.7734
92.7734
39.0625
39.0625
0.0000
0.0000
0.0000
0.0000
0.0000
0.0000
0.0000
0.0000
0.0000
0.0000
0.0000
0.0000
0.0000
0.0000
0.0000
0.0000
0.0000
0.0000
0.0000
0.0000
0.0000
0.0000
0.0000
0.0000
0.0000
0.0000
0.0000
0.0000
0.0000
0.0000
0.0000
0.0000
0.0000
0.0000
0.0000
0.0000
0.0000
0.0000
0.0000
0.0000
0.0000
0.0000
0.0000
0.0000
0.0000
0.0000
0.0000
0.0000
0.0000
0.0000
0.0000
0.0000
0.0000
0.0000
0.0000
0.0000
0.0000
0.0000
34.1797
34.1797
48.8281
48.8281
34.1797
34.1797
48.8281
48.8281
14.6484
14.6484
0.0000
0.0000
24.4141
24.4141
68.3594
68.3594
29.2969
29.2969
0.0000
0.0000
0.0000
0.0000
0.0000
0.0000
0.0000
0.0000
0.0000
0.0000
0.0000
0.0000
0.0000
0.0000
34.1797
34.1797
63.4766
63.4766
58.5937
58.5937
117.1875
117.1875
229.4922
229.4922
273.4375
273.4375
288.0859
288.0859
327.1484
327.1484
327.1484
327.1484
332.0312
332.0312
424.8047
424.8047
551.7578
551.7578
615.2344
615.2344
664.0625
664.0625
722.6562
722.6562
712.8906
712.8906
732.4219
732.4219
825.1953
825.1953
917.9687
917.9687
942.3828
942.3828
986.3281
986.3281
1000.9766
1000.9766
947.2656
947.2656
922.8516
922.8516
947.2656
947.2656
888.6719
888.6719
756.8359
756.8359
644.5312
644.5312
498.0469
498.0469
351.5625
351.5625
283.2031
283.2031
258.7891
258.7891
166.0156
166.0156
63.4766
63.4766
0.0000
0.0000
0.0000
0.0000
0.0000
0.0000
0.0000
0.0000
0.0000
0.0000
0.0000
0.0000
0.0000
0.0000
0.0000
0.0000
0.0000
0.0000
0.0000
0.0000
0.0000
0.0000
0.0000
0.0000
0.0000
0.0000
0.0000
0.0000
0.0000
0.0000
0.0000
0.0000
0.0000
0.0000
0.0000
0.0000
0.0000
0.0000
0.0000
0.0000
0.0000
0.0000
0.0000
0.0000
0.0000
0.0000
0.0000
0.0000
0.0000
0.0000
0.0000
0.0000
0.0000
0.0000
0.0000
0.0000
0.0000
0.0000
0.0000
0.0000
0.0000
0.0000
0.0000
0.0000
0.0000
0.0000
0.0000
0.0000
0.0000
0.0000
0.0000
0.0000
0.0000
0.0000
0.0000
0.0000
0.0000
0.0000
0.0000
0.0000
0.0000
0.0000
0.0000
0.0000
0.0000
0.0000
0.0000
0.0000
0.0000
0.0000
0.0000
39.0625
39.0625
97.6562
97.6562
107.4219
107.4219
166.0156
166.0156
283.2031
283.2031
346.6797
346.6797
341.7969
341.7969
356.4453
356.4453
317.3828
317.3828
268.5547
268.5547
302.7344
302.7344
385.7422
385.7422
405.2734
405.2734
410.1562
410.1562
429.6875
429.6875
390.6250
390.6250
361.3281
361.3281
410.1562
410.1562
468.7500
468.7500
483.3984
483.3984
546.8750
546.8750
629.8828
629.8828
688.4766
688.4766
791.0156
791.0156
927.7344
927.7344
996.0937
996.0937
966.7969
966.7969
927.7344
927.7344
834.9609
834.9609
722.6562
722.6562
693.3594
693.3594
737.3047
737.3047
732.4219
732.4219
708.0078
708.0078
703.1250
703.1250
629.8828
629.8828
537.1094
537.1094
502.9297
502.9297
468.7500
468.7500
361.3281
361.3281
278.3203
278.3203
209.9609
209.9609
112.3047
112.3047
58.5937
58.5937
73.2422
73.2422
53.7109
53.7109
0.0000
0.0000
0.0000
0.0000
0.0000
0.0000
0.0000
0.0000
0.0000
0.0000
0.0000
0.0000
0.0000
0.0000
0.0000
0.0000
0.0000
0.0000
0.0000
0.0000
0.0000
0.0000
0.0000
0.0000
0.0000
0.0000
0.0000
0.0000
0.0000
0.0000
0.0000
0.0000
0.0000
0.0000
0.0000
0.0000
0.0000
0.0000
0.0000
0.0000
0.0000
0.0000
0.0000
0.0000
0.0000
0.0000
0.0000
0.0000
48.8281
48.8281
170.8984
170.8984
239.2578
239.2578
253.9062
253.9062
283.2031
283.2031
249.0234
249.0234
190.4297
190.4297
200.1953
200.1953
234.3750
234.3750
200.1953
200.1953
156.2500
156.2500
117.1875
117.1875
34.1797
34.1797
0.0000
0.0000
4.8828
4.8828
19.5312
19.5312
0.0000
0.0000
0.0000
0.0000
0.0000
0.0000
0.0000
0.0000
0.0000
0.0000
0.0000
0.0000
0.0000
0.0000
0.0000
0.0000
4.8828
4.8828
0.0000
0.0000
0.0000
0.0000
24.4141
24.4141
122.0703
122.0703
170.8984
170.8984
209.9609
209.9609
278.3203
278.3203
302.7344
302.7344
341.7969
341.7969
463.8672
463.8672
605.4687
605.4687
678.7109
678.7109
761.7187
761.7187
849.6094
849.6094
878.9062
878.9062
922.8516
922.8516
1010.7422
1010.7422
1040.0391
1040.0391
981.4453
981.4453
917.9687
917.9687
815.4297
815.4297
683.5937
683.5937
620.1172
620.1172
610.3516
610.3516
537.1094
537.1094
444.3359
444.3359
371.0937
371.0937
249.0234
249.0234
131.8359
131.8359
92.7734
92.7734
68.3594
68.3594
0.0000
0.0000
0.0000
0.0000
0.0000
0.0000
0.0000
0.0000
0.0000
0.0000
0.0000
0.0000
0.0000
0.0000
0.0000
0.0000
0.0000
0.0000
0.0000
0.0000
0.0000
0.0000
0.0000
0.0000
0.0000
0.0000
0.0000
0.0000
0.0000
0.0000
0.0000
0.0000
0.0000
0.0000
0.0000
0.0000
0.0000
0.0000
0.0000
0.0000
0.0000
0.0000
0.0000
0.0000
0.0000
0.0000
0.0000
0.0000
0.0000
0.0000
0.0000
0.0000
0.0000
0.0000
0.0000
0.0000
0.0000
0.0000
0.0000
0.0000
0.0000
0.0000
0.0000
0.0000
0.0000
0.0000
0.0000
0.0000
0.0000
0.0000
0.0000
0.0000
0.0000
0.0000
0.0000
0.0000
0.0000
0.0000
0.0000
0.0000
0.0000
0.0000
0.0000
0.0000
34.1797
34.1797
29.2969
29.2969
63.4766
63.4766
185.5469
185.5469
292.9687
292.9687
332.0312
332.0312
380.8594
380.8594
395.5078
395.5078
361.3281
361.3281
375.9766
375.9766
449.2187
449.2187
473.6328
473.6328
458.9844
458.9844
483.3984
483.3984
458.9844
458.9844
429.6875
429.6875
463.8672
463.8672
532.2266
532.2266
522.4609
522.4609
507.8125
507.8125
507.8125
507.8125
463.8672
463.8672
478.5156
478.5156
600.5859
600.5859
742.1875
742.1875
820.3125
820.3125
893.5547
893.5547
927.7344
927.7344
883.7891
883.7891
844.7266
844.7266
849.6094
849.6094
800.7812
800.7812
708.0078
708.0078
654.2969
654.2969
590.8203
590.8203
527.3437
527.3437
541.9922
541.9922
595.7031
595.7031
561.5234
561.5234
483.3984
483.3984
405.2734
405.2734
273.4375
273.4375
161.1328
161.1328
146.4844
146.4844
151.3672
151.3672
92.7734
92.7734
48.8281
48.8281
0.0000
0.0000
0.0000
0.0000
0.0000
0.0000
0.0000
0.0000
0.0000
0.0000
0.0000
0.0000
0.0000
0.0000
0.0000
