488.2812
488.2812
229.4922
229.4922
141.6016
97.6562
97.6562
92.7734
92.7734
0.0000
0.0000
0.0000
0.0000
0.0000
0.0000
0.0000
0.0000
0.0000
0.0000
0.0000
0.0000
0.0000
0.0000
0.0000
0.0000
0.0000
0.0000
0.0000
0.0000
0.0000
0.0000
0.0000
0.0000
0.0000
0.0000
0.0000
0.0000
0.0000
0.0000
0.0000
0.0000
0.0000
0.0000
0.0000
0.0000
0.0000
0.0000
0.0000
0.0000
0.0000
0.0000
0.0000
0.0000
0.0000
0.0000
0.0000
0.0000
0.0000
0.0000
0.0000
0.0000
0.0000
0.0000
0.0000
0.0000
0.0000
0.0000
0.0000
0.0000
0.0000
0.0000
39.0625
39.0625
78.1250
78.1250
83.0078
83.0078
136.7187
136.7187
185.5469
185.5469
200.1953
200.1953
219.7266
219.7266
253.9062
253.9062
390.6250
390.6250
483.3984
483.3984
546.8750
546.8750
566.4062
566.4062
595.7031
595.7031
668.9453
668.9453
659.1797
659.1797
634.7656
634.7656
605.4687
605.4687
693.3594
693.3594
869.1406
869.1406
1015.6250
1015.6250
1127.9297
1127.9297
1142.5781
1142.5781
1123.0469
1123.0469
957.0312
957.0312
654.2969
654.2969
307.6172
307.6172
43.9453
43.9453
0.0000
0.0000
0.0000
0.0000
53.7109
53.7109
112.3047
112.3047
170.8984
170.8984
175.7812
175.7812
34.1797
34.1797
0.0000
0.0000
0.0000
0.0000
0.0000
0.0000
0.0000
0.0000
0.0000
0.0000
0.0000
0.0000
0.0000
0.0000
0.0000
0.0000
0.0000
0.0000
0.0000
0.0000
0.0000
0.0000
0.0000
0.0000
0.0000
0.0000
0.0000
0.0000
0.0000
0.0000
0.0000
0.0000
0.0000
0.0000
0.0000
0.0000
0.0000
0.0000
0.0000
0.0000
0.0000
0.0000
117.1875
117.1875
234.3750
234.3750
307.6172
307.6172
336.9141
336.9141
366.2109
366.2109
454.1016
454.1016
483.3984
483.3984
512.6953
512.6953
507.8125
507.8125
551.7578
551.7578
615.2344
615.2344
600.5859
600.5859
571.2891
571.2891
527.3437
527.3437
571.2891
571.2891
629.8828
629.8828
654.2969
654.2969
664.0625
664.0625
654.2969
654.2969
698.2422
698.2422
703.1250
703.1250
703.1250
703.1250
717.7734
717.7734
825.1953
825.1953
1049.8047
1049.8047
1235.3516
1235.3516
1347.6562
1347.6562
1333.0078
1333.0078
1240.2344
1240.2344
1040.0391
1040.0391
732.4219
732.4219
415.0391
415.0391
161.1328
161.1328
58.5937
58.5937
0.0000
0.0000
0.0000
0.0000
0.0000
0.0000
0.0000
0.0000
0.0000
0.0000
0.0000
0.0000
0.0000
0.0000
0.0000
0.0000
0.0000
0.0000
0.0000
0.0000
0.0000
0.0000
0.0000
0.0000
0.0000
0.0000
0.0000
0.0000
0.0000
0.0000
0.0000
0.0000
0.0000
0.0000
0.0000
0.0000
0.0000
0.0000
0.0000
0.0000
0.0000
0.0000
0.0000
0.0000
0.0000
0.0000
0.0000
0.0000
0.0000
0.0000
0.0000
0.0000
0.0000
0.0000
0.0000
0.0000
0.0000
0.0000
0.0000
0.0000
0.0000
0.0000
0.0000
0.0000
19.5312
19.5312
58.5937
58.5937
97.6562
97.6562
112.3047
112.3047
161.1328
161.1328
273.4375
273.4375
336.9141
336.9141
385.7422
385.7422
390.6250
390.6250
444.3359
444.3359
507.8125
507.8125
527.3437
527.3437
527.3437
527.3437
512.6953
512.6953
566.4062
566.4062
585.9375
585.9375
566.4062
566.4062
498.0469
498.0469
458.9844
458.9844
522.4609
522.4609
581.0547
581.0547
683.5937
683.5937
751.9531
751.9531
830.0781
830.0781
854.4922
854.4922
737.3047
737.3047
541.9922
541.9922
307.6172
307.6172
190.4297
190.4297
117.1875
117.1875
83.0078
83.0078
97.6562
97.6562
126.9531
126.9531
200.1953
200.1953
151.3672
151.3672
0.0000
0.0000
0.0000
0.0000
0.0000
0.0000
0.0000
0.0000
0.0000
0.0000
0.0000
0.0000
0.0000
0.0000
0.0000
0.0000
0.0000
0.0000
0.0000
0.0000
0.0000
0.0000
0.0000
0.0000
0.0000
0.0000
0.0000
0.0000
0.0000
0.0000
0.0000
0.0000
0.0000
0.0000
0.0000
0.0000
0.0000
0.0000
0.0000
0.0000
4.8828
4.8828
87.8906
87.8906
205.0781
205.0781
253.9062
253.9062
283.2031
283.2031
258.7891
258.7891
297.8516
297.8516
302.7344
302.7344
268.5547
268.5547
224.6094
224.6094
205.0781
205.0781
268.5547
268.5547
297.8516
297.8516
312.5000
312.5000
278.3203
278.3203
283.2031
283.2031
351.5625
351.5625
390.6250
390.6250
449.2187
449.2187
478.5156
478.5156
576.1719
576.1719
673.8281
673.8281
708.0078
708.0078
727.5391
727.5391
737.3047
737.3047
859.3750
859.3750
991.2109
991.2109
1127.9297
1127.9297
1240.2344
1240.2344
1289.0625
1289.0625
1303.7109
1303.7109
1137.6953
1137.6953
854.4922
854.4922
488.2812
488.2812
205.0781
205.0781
9.7656
9.7656
0.0000
0.0000
0.0000
0.0000
0.0000
0.0000
0.0000
0.0000
0.0000
0.0000
0.0000
0.0000
0.0000
0.0000
0.0000
0.0000
0.0000
0.0000
0.0000
0.0000
0.0000
0.0000
0.0000
0.0000
0.0000
0.0000
0.0000
0.0000
0.0000
0.0000
0.0000
0.0000
0.0000
0.0000
0.0000
0.0000
0.0000
0.0000
0.0000
0.0000
0.0000
0.0000
0.0000
0.0000
0.0000
0.0000
0.0000
0.0000
0.0000
0.0000
0.0000
0.0000
0.0000
0.0000
0.0000
0.0000
0.0000
0.0000
0.0000
0.0000
0.0000
0.0000
53.7109
53.7109
195.3125
195.3125
273.4375
273.4375
332.0312
332.0312
371.0937
371.0937
478.5156
478.5156
556.6406
556.6406
595.7031
595.7031
605.4687
605.4687
620.1172
620.1172
693.3594
693.3594
708.0078
708.0078
693.3594
693.3594
639.6484
639.6484
629.8828
629.8828
644.5312
644.5312
595.7031
595.7031
532.2266
532.2266
454.1016
454.1016
468.7500
468.7500
507.8125
507.8125
576.1719
576.1719
683.5937
683.5937
795.8984
795.8984
942.3828
942.3828
961.9141
961.9141
839.8437
839.8437
590.8203
590.8203
341.7969
341.7969
151.3672
151.3672
0.0000
0.0000
0.0000
0.0000
0.0000
0.0000
0.0000
0.0000
0.0000
0.0000
0.0000
0.0000
0.0000
0.0000
0.0000
0.0000
0.0000
0.0000
0.0000
0.0000
0.0000
0.0000
0.0000
0.0000
0.0000
0.0000
0.0000
0.0000
0.0000
0.0000
0.0000
0.0000
0.0000
0.0000
0.0000
0.0000
0.0000
0.0000
0.0000
0.0000
0.0000
0.0000
0.0000
0.0000
0.0000
0.0000
0.0000
0.0000
0.0000
0.0000
0.0000
0.0000
0.0000
0.0000
0.0000
0.0000
0.0000
0.0000
0.0000
0.0000
0.0000
0.0000
0.0000
0.0000
0.0000
0.0000
0.0000
0.0000
0.0000
0.0000
0.0000
0.0000
24.4141
24.4141
102.5391
102.5391
156.2500
156.2500
180.6641
180.6641
195.3125
195.3125
288.0859
288.0859
336.9141
336.9141
371.0937
371.0937
375.9766
375.9766
434.5703
434.5703
556.6406
556.6406
610.3516
610.3516
634.7656
634.7656
615.2344
615.2344
654.2969
654.2969
727.5391
727.5391
791.0156
791.0156
893.5547
893.5547
991.2109
991.2109
1118.1641
1118.1641
1118.1641
1118.1641
961.9141
961.9141
668.9453
668.9453
366.2109
366.2109
175.7812
175.7812
43.9453
43.9453
14.6484
14.6484
4.8828
4.8828
43.9453
43.9453
53.7109
53.7109
0.0000
0.0000
0.0000
0.0000
0.0000
0.0000
0.0000
0.0000
0.0000
0.0000
0.0000
0.0000
0.0000
0.0000
0.0000
0.0000
0.0000
0.0000
0.0000
0.0000
0.0000
0.0000
0.0000
0.0000
0.0000
0.0000
0.0000
0.0000
0.0000
0.0000
0.0000
0.0000
0.0000
0.0000
0.0000
0.0000
0.0000
0.0000
0.0000
0.0000
0.0000
0.0000
0.0000
0.0000
0.0000
0.0000
0.0000
0.0000
43.9453
43.9453
97.6562
97.6562
156.2500
156.2500
263.6719
263.6719
317.3828
317.3828
366.2109
366.2109
380.8594
380.8594
449.2187
449.2187
522.4609
522.4609
532.2266
532.2266
512.6953
512.6953
473.6328
473.6328
517.5781
517.5781
537.1094
537.1094
541.9922
541.9922
517.5781
517.5781
517.5781
517.5781
585.9375
585.9375
600.5859
600.5859
605.4687
605.4687
566.4062
566.4062
585.9375
585.9375
649.4141
649.4141
688.4766
688.4766
786.1328
786.1328
908.2031
908.2031
1088.8672
1088.8672
1201.1719
1201.1719
1142.5781
1142.5781
922.8516
922.8516
595.7031
595.7031
336.9141
336.9141
107.4219
107.4219
0.0000
0.0000
0.0000
0.0000
4.8828
4.8828
102.5391
102.5391
63.4766
63.4766
0.0000
0.0000
0.0000
0.0000
0.0000
0.0000
0.0000
0.0000
0.0000
0.0000
0.0000
0.0000
0.0000
0.0000
0.0000
0.0000
0.0000
0.0000
0.0000
0.0000
0.0000
0.0000
0.0000
0.0000
0.0000
0.0000
0.0000
0.0000
0.0000
0.0000
0.0000
0.0000
0.0000
0.0000
0.0000
0.0000
0.0000
0.0000
0.0000
0.0000
0.0000
0.0000
0.0000
0.0000
0.0000
0.0000
0.0000
0.0000
0.0000
0.0000
0.0000
0.0000
0.0000
0.0000
0.0000
29.2969
29.2969
43.9453
43.9453
112.3047
112.3047
112.3047
229.4922
229.4922
292.9687
292.9687
351.5625
351.5625
371.0937
371.0937
463.8672
561.5234
561.5234
615.2344
615.2344
644.5312
644.5312
649.4141
649.4141
649.4141
722.6562
722.6562
766.6016
766.6016
771.4844
771.4844
761.7187
761.7187
791.0156
932.6172
932.6172
1064.4531
1064.4531
1220.7031
1220.7031
1328.1250
1328.1250
1401.3672
1401.3672
1401.3672
1381.8359
1381.8359
1176.7578
1176.7578
830.0781
830.0781
429.6875
161.1328
161.1328
0.0000
0.0000
0.0000
0.0000
0.0000
0.0000
0.0000
0.0000
0.0000
0.0000
0.0000
0.0000
0.0000
0.0000
0.0000
0.0000
0.0000
0.0000
0.0000
0.0000
0.0000
0.0000
0.0000
0.0000
0.0000
0.0000
0.0000
0.0000
0.0000
0.0000
0.0000
0.0000
0.0000
0.0000
0.0000
0.0000
0.0000
0.0000
0.0000
0.0000
0.0000
0.0000
0.0000
0.0000
0.0000
0.0000
0.0000
0.0000
0.0000
0.0000
0.0000
0.0000
0.0000
0.0000
83.0078
83.0078
219.7266
219.7266
288.0859
288.0859
327.1484
327.1484
302.7344
302.7344
327.1484
327.1484
332.0312
332.0312
322.2656
322.2656
302.7344
302.7344
312.5000
312.5000
405.2734
405.2734
444.3359
444.3359
468.7500
468.7500
444.3359
444.3359
454.1016
454.1016
507.8125
507.8125
527.3437
527.3437
556.6406
556.6406
571.2891
571.2891
659.1797
659.1797
737.3047
737.3047
747.0703
747.0703
727.5391
727.5391
712.8906
712.8906
825.1953
825.1953
947.2656
947.2656
1079.1016
1079.1016
1147.4609
1147.4609
1147.4609
1147.4609
1083.9844
1083.9844
859.3750
859.3750
551.7578
551.7578
224.6094
224.6094
29.2969
29.2969
0.0000
0.0000
0.0000
0.0000
0.0000
0.0000
0.0000
0.0000
0.0000
0.0000
0.0000
0.0000
0.0000
0.0000
0.0000
0.0000
0.0000
0.0000
0.0000
0.0000
0.0000
0.0000
0.0000
0.0000
0.0000
0.0000
0.0000
0.0000
0.0000
0.0000
0.0000
0.0000
0.0000
0.0000
0.0000
0.0000
0.0000
0.0000
0.0000
0.0000
0.0000
0.0000
0.0000
0.0000
0.0000
0.0000
0.0000
0.0000
0.0000
0.0000
0.0000
0.0000
0.0000
0.0000
0.0000
0.0000
0.0000
0.0000
0.0000
0.0000
0.0000
0.0000
0.0000
0.0000
19.5312
19.5312
102.5391
102.5391
126.9531
126.9531
126.9531
126.9531
117.1875
117.1875
190.4297
190.4297
253.9062
253.9062
302.7344
302.7344
312.5000
312.5000
312.5000
312.5000
375.9766
375.9766
385.7422
385.7422
385.7422
385.7422
366.2109
366.2109
415.0391
415.0391
502.9297
502.9297
527.3437
527.3437
532.2266
532.2266
512.6953
512.6953
590.8203
590.8203
703.1250
703.1250
830.0781
830.0781
966.7969
966.7969
1049.8047
1049.8047
1118.1641
1118.1641
1035.1562
1035.1562
815.4297
815.4297
502.9297
502.9297
263.6719
263.6719
146.4844
146.4844
58.5937
58.5937
29.2969
29.2969
0.0000
0.0000
0.0000
0.0000
0.0000
0.0000
0.0000
0.0000
0.0000
0.0000
0.0000
0.0000
0.0000
0.0000
0.0000
0.0000
0.0000
0.0000
0.0000
0.0000
0.0000
0.0000
0.0000
0.0000
0.0000
0.0000
0.0000
0.0000
0.0000
0.0000
0.0000
0.0000
0.0000
0.0000
0.0000
0.0000
0.0000
0.0000
0.0000
0.0000
0.0000
0.0000
0.0000
0.0000
0.0000
0.0000
0.0000
0.0000
0.0000
0.0000
0.0000
0.0000
0.0000
0.0000
0.0000
0.0000
0.0000
0.0000
0.0000
0.0000
68.3594
68.3594
112.3047
112.3047
141.6016
141.6016
131.8359
131.8359
175.7812
175.7812
214.8437
214.8437
229.4922
229.4922
239.2578
239.2578
258.7891
258.7891
361.3281
361.3281
434.5703
434.5703
473.6328
473.6328
473.6328
473.6328
502.9297
502.9297
571.2891
571.2891
576.1719
576.1719
566.4062
566.4062
522.4609
522.4609
541.9922
541.9922
576.1719
576.1719
590.8203
590.8203
634.7656
634.7656
698.2422
698.2422
834.9609
834.9609
913.0859
913.0859
888.6719
888.6719
742.1875
742.1875
546.8750
546.8750
395.5078
395.5078
205.0781
205.0781
73.2422
73.2422
0.0000
0.0000
0.0000
0.0000
63.4766
63.4766
58.5937
58.5937
0.0000
0.0000
0.0000
0.0000
0.0000
0.0000
0.0000
0.0000
0.0000
0.0000
0.0000
0.0000
0.0000
0.0000
0.0000
0.0000
0.0000
0.0000
0.0000
0.0000
0.0000
0.0000
0.0000
0.0000
0.0000
0.0000
0.0000
0.0000
0.0000
0.0000
0.0000
0.0000
0.0000
0.0000
0.0000
0.0000
0.0000
0.0000
0.0000
0.0000
0.0000
0.0000
0.0000
0.0000
0.0000
0.0000
0.0000
0.0000
0.0000
0.0000
63.4766
63.4766
166.0156
166.0156
195.3125
195.3125
205.0781
205.0781
170.8984
170.8984
214.8437
214.8437
278.3203
278.3203
292.9687
292.9687
283.2031
283.2031
253.9062
253.9062
297.8516
297.8516
327.1484
327.1484
327.1484
327.1484
302.7344
302.7344
322.2656
322.2656
424.8047
424.8047
488.2812
488.2812
556.6406
556.6406
585.9375
585.9375
668.9453
668.9453
786.1328
786.1328
830.0781
830.0781
869.1406
869.1406
898.4375
898.4375
1040.0391
1040.0391
1201.1719
1201.1719
1308.5937
1308.5937
1342.7734
1342.7734
1254.8828
1254.8828
1113.2812
1113.2812
825.1953
825.1953
473.6328
473.6328
122.0703
122.0703
0.0000
0.0000
0.0000
0.0000
0.0000
0.0000
0.0000
0.0000
0.0000
0.0000
0.0000
0.0000
0.0000
0.0000
0.0000
0.0000
0.0000
0.0000
0.0000
0.0000
0.0000
0.0000
0.0000
0.0000
0.0000
0.0000
0.0000
0.0000
0.0000
0.0000
0.0000
0.0000
0.0000
0.0000
0.0000
0.0000
0.0000
0.0000
0.0000
0.0000
0.0000
0.0000
0.0000
0.0000
0.0000
0.0000
0.0000
0.0000
0.0000
0.0000
0.0000
0.0000
0.0000
0.0000
0.0000
0.0000
0.0000
0.0000
0.0000
0.0000
0.0000
0.0000
0.0000
0.0000
19.5312
19.5312
102.5391
102.5391
214.8437
214.8437
278.3203
278.3203
317.3828
317.3828
317.3828
317.3828
380.8594
380.8594
405.2734
405.2734
385.7422
385.7422
346.6797
346.6797
312.5000
312.5000
371.0937
371.0937
390.6250
390.6250
400.3906
400.3906
366.2109
366.2109
366.2109
366.2109
405.2734
405.2734
385.7422
385.7422
366.2109
366.2109
332.0312
332.0312
415.0391
415.0391
566.4062
566.4062
712.8906
712.8906
830.0781
830.0781
854.4922
854.4922
849.6094
849.6094
693.3594
693.3594
434.5703
434.5703
161.1328
161.1328
4.8828
4.8828
9.7656
9.7656
24.4141
24.4141
78.1250
78.1250
63.4766
63.4766
39.0625
39.0625
0.0000
0.0000
0.0000
0.0000
0.0000
0.0000
0.0000
0.0000
0.0000
0.0000
0.0000
0.0000
0.0000
0.0000
0.0000
0.0000
0.0000
0.0000
0.0000
0.0000
0.0000
0.0000
0.0000
0.0000
0.0000
0.0000
0.0000
0.0000
0.0000
0.0000
0.0000
0.0000
0.0000
0.0000
0.0000
0.0000
0.0000
0.0000
0.0000
0.0000
0.0000
0.0000
0.0000
0.0000
0.0000
0.0000
63.4766
63.4766
117.1875
117.1875
131.8359
131.8359
107.4219
107.4219
131.8359
131.8359
219.7266
219.7266
249.0234
249.0234
268.5547
268.5547
258.7891
258.7891
317.3828
317.3828
375.9766
375.9766
395.5078
395.5078
410.1562
410.1562
424.8047
424.8047
522.4609
522.4609
590.8203
590.8203
629.8828
629.8828
634.7656
634.7656
673.8281
673.8281
786.1328
786.1328
849.6094
849.6094
903.3203
903.3203
898.4375
898.4375
947.2656
947.2656
1049.8047
1049.8047
1137.6953
1137.6953
1245.1172
1245.1172
1308.5937
1308.5937
1367.1875
1367.1875
1313.4766
1313.4766
1103.5156
1103.5156
771.4844
771.4844
415.0391
415.0391
166.0156
166.0156
0.0000
0.0000
0.0000
0.0000
0.0000
0.0000
0.0000
0.0000
0.0000
0.0000
0.0000
0.0000
0.0000
0.0000
0.0000
0.0000
0.0000
0.0000
0.0000
0.0000
0.0000
0.0000
0.0000
0.0000
0.0000
0.0000
0.0000
0.0000
0.0000
0.0000
0.0000
0.0000
0.0000
0.0000
0.0000
0.0000
0.0000
0.0000
0.0000
0.0000
0.0000
0.0000
0.0000
0.0000
0.0000
0.0000
0.0000
0.0000
0.0000
0.0000
0.0000
0.0000
0.0000
0.0000
92.7734
92.7734
219.7266
219.7266
288.0859
288.0859
322.2656
322.2656
371.0937
371.0937
493.1641
493.1641
556.6406
556.6406
595.7031
595.7031
581.0547
581.0547
595.7031
595.7031
629.8828
629.8828
590.8203
590.8203
546.8750
546.8750
488.2812
488.2812
522.4609
522.4609
561.5234
561.5234
571.2891
571.2891
546.8750
546.8750
522.4609
522.4609
566.4062
566.4062
576.1719
576.1719
585.9375
585.9375
571.2891
571.2891
605.4687
605.4687
703.1250
703.1250
771.4844
771.4844
869.1406
869.1406
966.7969
966.7969
1103.5156
1103.5156
1196.2891
1196.2891
1147.4609
1147.4609
961.9141
961.9141
668.9453
668.9453
405.2734
405.2734
126.9531
126.9531
0.0000
0.0000
0.0000
0.0000
0.0000
0.0000
0.0000
0.0000
0.0000
0.0000
0.0000
0.0000
0.0000
0.0000
0.0000
0.0000
0.0000
0.0000
0.0000
0.0000
0.0000
0.0000
0.0000
0.0000
0.0000
0.0000
0.0000
0.0000
0.0000
0.0000
0.0000
0.0000
0.0000
0.0000
0.0000
0.0000
0.0000
0.0000
0.0000
0.0000
0.0000
0.0000
0.0000
0.0000
0.0000
0.0000
0.0000
0.0000
0.0000
0.0000
0.0000
0.0000
0.0000
0.0000
0.0000
0.0000
0.0000
14.6484
14.6484
14.6484
9.7656
9.7656
73.2422
73.2422
107.4219
107.4219
136.7187
166.0156
166.0156
214.8437
214.8437
327.1484
327.1484
371.0937
371.0937
400.3906
400.3906
380.8594
380.8594
415.0391
415.0391
478.5156
478.5156
502.9297
502.9297
522.4609
522.4609
507.8125
507.8125
551.7578
551.7578
566.4062
566.4062
522.4609
522.4609
444.3359
444.3359
385.7422
385.7422
429.6875
429.6875
478.5156
478.5156
566.4062
566.4062
673.8281
673.8281
805.6641
805.6641
922.8516
922.8516
888.6719
888.6719
747.0703
747.0703
512.6953
512.6953
351.5625
351.5625
200.1953
200.1953
68.3594
68.3594
0.0000
0.0000
0.0000
0.0000
0.0000
0.0000
0.0000
0.0000
0.0000
0.0000
0.0000
0.0000
0.0000
0.0000
0.0000
0.0000
0.0000
0.0000
0.0000
0.0000
0.0000
0.0000
0.0000
0.0000
0.0000
0.0000
0.0000
0.0000
0.0000
0.0000
0.0000
0.0000
0.0000
0.0000
0.0000
0.0000
0.0000
0.0000
0.0000
0.0000
0.0000
0.0000
0.0000
0.0000
0.0000
0.0000
0.0000
0.0000
0.0000
0.0000
0.0000
0.0000
0.0000
0.0000
0.0000
0.0000
63.4766
63.4766
87.8906
87.8906
175.7812
175.7812
239.2578
239.2578
263.6719
263.6719
268.5547
268.5547
292.9687
292.9687
410.1562
410.1562
473.6328
473.6328
498.0469
498.0469
478.5156
478.5156
498.0469
498.0469
571.2891
571.2891
590.8203
590.8203
605.4687
605.4687
610.3516
610.3516
693.3594
693.3594
771.4844
771.4844
795.8984
795.8984
781.2500
781.2500
751.9531
751.9531
800.7812
800.7812
791.0156
791.0156
761.7187
761.7187
712.8906
712.8906
747.0703
747.0703
908.2031
908.2031
1030.2734
1030.2734
1098.6328
1098.6328
1035.1562
1035.1562
898.4375
898.4375
673.8281
673.8281
351.5625
351.5625
24.4141
24.4141
0.0000
0.0000
0.0000
0.0000
0.0000
0.0000
0.0000
0.0000
0.0000
0.0000
0.0000
0.0000
0.0000
0.0000
0.0000
0.0000
0.0000
0.0000
0.0000
0.0000
0.0000
0.0000
0.0000
0.0000
0.0000
0.0000
0.0000
0.0000
0.0000
0.0000
0.0000
0.0000
0.0000
0.0000
0.0000
0.0000
0.0000
0.0000
0.0000
0.0000
0.0000
0.0000
0.0000
0.0000
0.0000
0.0000
0.0000
0.0000
0.0000
0.0000
0.0000
0.0000
0.0000
0.0000
0.0000
0.0000
0.0000
0.0000
0.0000
0.0000
0.0000
0.0000
0.0000
0.0000
14.6484
14.6484
48.8281
48.8281
151.3672
151.3672
214.8437
214.8437
244.1406
244.1406
244.1406
244.1406
263.6719
263.6719
351.5625
351.5625
356.4453
356.4453
351.5625
351.5625
302.7344
302.7344
322.2656
322.2656
380.8594
380.8594
390.6250
390.6250
400.3906
400.3906
390.6250
390.6250
468.7500
468.7500
532.2266
532.2266
576.1719
576.1719
610.3516
610.3516
673.8281
673.8281
834.9609
834.9609
976.5625
976.5625
1108.3984
1108.3984
1176.7578
1176.7578
1210.9375
1210.9375
1181.6406
1181.6406
996.0937
996.0937
722.6562
722.6562
415.0391
415.0391
234.3750
234.3750
131.8359
131.8359
58.5937
58.5937
0.0000
0.0000
0.0000
0.0000
0.0000
0.0000
0.0000
0.0000
0.0000
0.0000
0.0000
0.0000
0.0000
0.0000
0.0000
0.0000
0.0000
0.0000
0.0000
0.0000
0.0000
0.0000
0.0000
0.0000
0.0000
0.0000
0.0000
0.0000
0.0000
0.0000
0.0000
0.0000
0.0000
0.0000
0.0000
0.0000
0.0000
0.0000
0.0000
0.0000
0.0000
0.0000
0.0000
0.0000
0.0000
0.0000
0.0000
0.0000
0.0000
0.0000
0.0000
0.0000
0.0000
0.0000
0.0000
0.0000
14.6484
14.6484
4.8828
4.8828
83.0078
83.0078
161.1328
161.1328
224.6094
224.6094
263.6719
263.6719
307.6172
307.6172
424.8047
424.8047
473.6328
473.6328
502.9297
502.9297
507.8125
507.8125
576.1719
576.1719
688.4766
688.4766
727.5391
727.5391
742.1875
742.1875
708.0078
708.0078
727.5391
727.5391
742.1875
742.1875
708.0078
708.0078
664.0625
664.0625
629.8828
629.8828
668.9453
668.9453
673.8281
673.8281
693.3594
693.3594
732.4219
732.4219
810.5469
810.5469
932.6172
932.6172
942.3828
942.3828
844.7266
844.7266
620.1172
620.1172
395.5078
395.5078
190.4297
190.4297
0.0000
0.0000
0.0000
0.0000
0.0000
0.0000
0.0000
0.0000
48.8281
48.8281
0.0000
0.0000
0.0000
0.0000
0.0000
0.0000
0.0000
0.0000
0.0000
0.0000
0.0000
0.0000
0.0000
0.0000
0.0000
0.0000
0.0000
0.0000
0.0000
0.0000
0.0000
0.0000
0.0000
0.0000
0.0000
0.0000
0.0000
0.0000
0.0000
0.0000
0.0000
0.0000
0.0000
0.0000
0.0000
0.0000
0.0000
0.0000
0.0000
0.0000
0.0000
0.0000
0.0000
0.0000
0.0000
0.0000
0.0000
0.0000
0.0000
0.0000
9.7656
9.7656
83.0078
83.0078
151.3672
151.3672
156.2500
156.2500
136.7187
136.7187
122.0703
122.0703
200.1953
200.1953
244.1406
244.1406
268.5547
268.5547
258.7891
258.7891
278.3203
278.3203
371.0937
371.0937
424.8047
424.8047
493.1641
493.1641
537.1094
537.1094
639.6484
639.6484
766.6016
766.6016
825.1953
825.1953
859.3750
859.3750
864.2578
864.2578
947.2656
947.2656
1015.6250
1015.6250
1064.4531
1064.4531
1127.9297
1127.9297
1220.7031
1220.7031
1352.5391
1352.5391
1342.7734
1342.7734
1181.6406
1181.6406
874.0234
874.0234
571.2891
571.2891
322.2656
322.2656
107.4219
107.4219
0.0000
0.0000
0.0000
0.0000
0.0000
0.0000
0.0000
0.0000
0.0000
0.0000
0.0000
0.0000
0.0000
0.0000
0.0000
0.0000
0.0000
0.0000
0.0000
0.0000
0.0000
0.0000
0.0000
0.0000
0.0000
0.0000
0.0000
0.0000
0.0000
0.0000
0.0000
0.0000
0.0000
0.0000
0.0000
0.0000
0.0000
0.0000
0.0000
0.0000
0.0000
0.0000
0.0000
0.0000
0.0000
0.0000
0.0000
0.0000
0.0000
0.0000
0.0000
0.0000
0.0000
0.0000
0.0000
0.0000
0.0000
0.0000
0.0000
0.0000
0.0000
0.0000
43.9453
43.9453
87.8906
87.8906
122.0703
122.0703
136.7187
136.7187
234.3750
234.3750
317.3828
317.3828
356.4453
356.4453
361.3281
361.3281
356.4453
356.4453
410.1562
410.1562
410.1562
410.1562
390.6250
390.6250
361.3281
361.3281
390.6250
390.6250
478.5156
478.5156
507.8125
507.8125
512.6953
512.6953
483.3984
483.3984
522.4609
522.4609
571.2891
571.2891
581.0547
581.0547
581.0547
581.0547
595.7031
595.7031
717.7734
717.7734
839.8437
839.8437
981.4453
981.4453
1093.7500
1093.7500
1171.8750
1171.8750
1215.8203
1215.8203
1093.7500
1093.7500
878.9062
878.9062
576.1719
576.1719
341.7969
341.7969
175.7812
175.7812
29.2969
29.2969
0.0000
0.0000
0.0000
0.0000
0.0000
0.0000
0.0000
0.0000
0.0000
0.0000
0.0000
0.0000
0.0000
0.0000
0.0000
0.0000
0.0000
0.0000
0.0000
0.0000
0.0000
0.0000
0.0000
0.0000
0.0000
0.0000
0.0000
0.0000
0.0000
0.0000
0.0000
0.0000
0.0000
0.0000
0.0000
0.0000
0.0000
0.0000
0.0000
0.0000
0.0000
0.0000
0.0000
0.0000
0.0000
0.0000
0.0000
0.0000
0.0000
0.0000
0.0000
0.0000
9.7656
9.7656
87.8906
87.8906
126.9531
126.9531
107.4219
107.4219
141.6016
141.6016
175.7812
175.7812
185.5469
185.5469
195.3125
195.3125
205.0781
205.0781
302.7344
302.7344
366.2109
366.2109
405.2734
405.2734
410.1562
410.1562
424.8047
424.8047
498.0469
498.0469
532.2266
532.2266
566.4062
566.4062
566.4062
566.4062
615.2344
615.2344
659.1797
659.1797
620.1172
620.1172
556.6406
556.6406
502.9297
502.9297
595.7031
595.7031
712.8906
712.8906
830.0781
830.0781
898.4375
898.4375
878.9062
878.9062
815.4297
815.4297
610.3516
610.3516
356.4453
356.4453
87.8906
87.8906
0.0000
0.0000
0.0000
0.0000
0.0000
0.0000
0.0000
0.0000
0.0000
0.0000
0.0000
0.0000
0.0000
0.0000
0.0000
0.0000
0.0000
0.0000
0.0000
0.0000
0.0000
0.0000
0.0000
0.0000
0.0000
0.0000
0.0000
0.0000
0.0000
0.0000
0.0000
0.0000
0.0000
0.0000
0.0000
0.0000
0.0000
0.0000
0.0000
0.0000
0.0000
0.0000
0.0000
0.0000
0.0000
0.0000
0.0000
0.0000
0.0000
0.0000
0.0000
0.0000
0.0000
0.0000
0.0000
0.0000
0.0000
0.0000
136.7187
136.7187
244.1406
244.1406
327.1484
327.1484
336.9141
336.9141
385.7422
385.7422
439.4531
439.4531
439.4531
439.4531
434.5703
434.5703
424.8047
424.8047
507.8125
507.8125
576.1719
576.1719
605.4687
600.5859
600.5859
600.5859
600.5859
600.5859
664.0625
664.0625
683.5937
683.5937
708.0078
708.0078
698.2422
698.2422
737.3047
737.3047
825.1953
825.1953
849.6094
849.6094
859.3750
839.8437
839.8437
874.0234
874.0234
874.0234
898.4375
898.4375
908.2031
908.2031
957.0312
957.0312
1035.1562
1035.1562
1166.9922
1166.9922
1215.8203
1215.8203
1152.3437
937.5000
937.5000
673.8281
673.8281
419.9219
419.9219
117.1875
117.1875
0.0000
0.0000
0.0000
0.0000
0.0000
0.0000
0.0000
0.0000
0.0000
0.0000
0.0000
0.0000
0.0000
0.0000
0.0000
0.0000
0.0000
0.0000
0.0000
0.0000
0.0000
0.0000
0.0000
0.0000
0.0000
0.0000
0.0000
0.0000
0.0000
0.0000
0.0000
0.0000
0.0000
0.0000
0.0000
0.0000
0.0000
0.0000
0.0000
0.0000
0.0000
0.0000
0.0000
0.0000
0.0000
0.0000
0.0000
0.0000
0.0000
0.0000
0.0000
0.0000
0.0000
0.0000
0.0000
0.0000
0.0000
0.0000
0.0000
0.0000
0.0000
0.0000
29.2969
29.2969
102.5391
102.5391
156.2500
156.2500
161.1328
161.1328
219.7266
219.7266
278.3203
278.3203
297.8516
297.8516
297.8516
297.8516
283.2031
283.2031
332.0312
332.0312
346.6797
346.6797
341.7969
341.7969
312.5000
312.5000
341.7969
341.7969
434.5703
434.5703
458.9844
458.9844
463.8672
463.8672
434.5703
434.5703
483.3984
483.3984
561.5234
561.5234
615.2344
615.2344
698.2422
698.2422
795.8984
795.8984
991.2109
991.2109
1152.3437
1152.3437
1215.8203
1215.8203
1152.3437
1152.3437
1010.7422
1010.7422
864.2578
864.2578
639.6484
639.6484
424.8047
424.8047
214.8437
214.8437
112.3047
112.3047
63.4766
63.4766
0.0000
0.0000
0.0000
0.0000
0.0000
0.0000
0.0000
0.0000
0.0000
0.0000
0.0000
0.0000
0.0000
0.0000
0.0000
0.0000
0.0000
0.0000
0.0000
0.0000
0.0000
0.0000
0.0000
0.0000
0.0000
0.0000
0.0000
0.0000
0.0000
0.0000
0.0000
0.0000
0.0000
0.0000
0.0000
0.0000
0.0000
0.0000
0.0000
0.0000
0.0000
0.0000
0.0000
0.0000
0.0000
0.0000
0.0000
0.0000
0.0000
0.0000
0.0000
0.0000
0.0000
0.0000
83.0078
83.0078
126.9531
126.9531
161.1328
161.1328
170.8984
170.8984
239.2578
239.2578
327.1484
327.1484
380.8594
380.8594
429.6875
429.6875
449.2187
449.2187
541.9922
541.9922
620.1172
620.1172
664.0625
664.0625
673.8281
673.8281
688.4766
688.4766
766.6016
766.6016
795.8984
795.8984
815.4297
815.4297
781.2500
781.2500
781.2500
781.2500
810.5469
810.5469
786.1328
786.1328
751.9531
751.9531
698.2422
698.2422
732.4219
732.4219
781.2500
781.2500
830.0781
830.0781
893.5547
893.5547
961.9141
961.9141
1064.4531
1064.4531
1079.1016
1079.1016
991.2109
991.2109
776.3672
776.3672
541.9922
541.9922
341.7969
341.7969
112.3047
112.3047
0.0000
0.0000
0.0000
0.0000
0.0000
0.0000
0.0000
0.0000
0.0000
0.0000
0.0000
0.0000
0.0000
0.0000
0.0000
0.0000
0.0000
0.0000
0.0000
0.0000
0.0000
0.0000
0.0000
0.0000
0.0000
0.0000
0.0000
0.0000
0.0000
0.0000
0.0000
0.0000
0.0000
0.0000
0.0000
0.0000
0.0000
0.0000
0.0000
0.0000
0.0000
0.0000
0.0000
0.0000
0.0000
0.0000
0.0000
0.0000
0.0000
0.0000
0.0000
0.0000
0.0000
0.0000
0.0000
0.0000
0.0000
0.0000
0.0000
0.0000
0.0000
0.0000
0.0000
0.0000
0.0000
0.0000
0.0000
0.0000
0.0000
0.0000
0.0000
0.0000
14.6484
14.6484
29.2969
29.2969
39.0625
39.0625
34.1797
34.1797
117.1875
117.1875
166.0156
166.0156
209.9609
209.9609
229.4922
229.4922
302.7344
302.7344
439.4531
439.4531
517.5781
517.5781
585.9375
585.9375
610.3516
610.3516
693.3594
693.3594
781.2500
781.2500
825.1953
825.1953
869.1406
869.1406
927.7344
927.7344
1098.6328
1098.6328
1235.3516
1235.3516
1284.1797
1284.1797
1201.1719
1201.1719
1015.6250
1015.6250
791.0156
791.0156
478.5156
478.5156
195.3125
195.3125
0.0000
0.0000
0.0000
0.0000
0.0000
0.0000
0.0000
0.0000
0.0000
0.0000
0.0000
0.0000
0.0000
0.0000
0.0000
0.0000
0.0000
0.0000
0.0000
0.0000
0.0000
0.0000
0.0000
0.0000
0.0000
0.0000
0.0000
0.0000
0.0000
0.0000
0.0000
0.0000
0.0000
0.0000
0.0000
0.0000
0.0000
0.0000
0.0000
0.0000
0.0000
0.0000
0.0000
0.0000
0.0000
0.0000
0.0000
0.0000
0.0000
0.0000
0.0000
0.0000
0.0000
0.0000
0.0000
0.0000
0.0000
0.0000
0.0000
0.0000
131.8359
131.8359
205.0781
205.0781
239.2578
239.2578
239.2578
239.2578
322.2656
322.2656
419.9219
419.9219
468.7500
468.7500
493.1641
493.1641
473.6328
473.6328
507.8125
507.8125
493.1641
493.1641
463.8672
463.8672
410.1562
410.1562
405.2734
405.2734
473.6328
473.6328
502.9297
502.9297
527.3437
527.3437
498.0469
498.0469
517.5781
517.5781
556.6406
556.6406
546.8750
546.8750
561.5234
561.5234
620.1172
620.1172
825.1953
825.1953
1030.2734
1030.2734
1147.4609
1147.4609
1142.5781
1142.5781
1015.6250
1015.6250
849.6094
849.6094
595.7031
595.7031
385.7422
385.7422
224.6094
224.6094
209.9609
209.9609
288.0859
288.0859
288.0859
288.0859
214.8437
214.8437
9.7656
9.7656
0.0000
0.0000
0.0000
0.0000
0.0000
0.0000
0.0000
0.0000
0.0000
0.0000
0.0000
0.0000
0.0000
0.0000
0.0000
0.0000
0.0000
0.0000
0.0000
0.0000
0.0000
0.0000
0.0000
0.0000
0.0000
0.0000
0.0000
0.0000
0.0000
0.0000
0.0000
0.0000
0.0000
0.0000
0.0000
0.0000
0.0000
0.0000
0.0000
0.0000
0.0000
0.0000
0.0000
0.0000
0.0000
0.0000
0.0000
0.0000
34.1797
34.1797
43.9453
43.9453
53.7109
53.7109
34.1797
34.1797
83.0078
83.0078
180.6641
180.6641
229.4922
229.4922
288.0859
288.0859
317.3828
317.3828
415.0391
415.0391
512.6953
512.6953
566.4062
566.4062
595.7031
595.7031
625.0000
625.0000
742.1875
742.1875
815.4297
815.4297
864.2578
864.2578
878.9062
878.9062
913.0859
913.0859
991.2109
991.2109
1000.9766
1000.9766
1010.7422
1010.7422
1020.5078
1020.5078
1132.8125
1132.8125
1284.1797
1284.1797
1352.5391
1352.5391
1328.1250
1328.1250
1176.7578
1176.7578
981.4453
981.4453
693.3594
693.3594
405.2734
405.2734
170.8984
170.8984
68.3594
68.3594
107.4219
107.4219
92.7734
92.7734
0.0000
0.0000
0.0000
0.0000
0.0000
0.0000
0.0000
0.0000
0.0000
0.0000
0.0000
0.0000
0.0000
0.0000
0.0000
0.0000
0.0000
0.0000
0.0000
0.0000
0.0000
0.0000
0.0000
0.0000
0.0000
0.0000
0.0000
0.0000
0.0000
0.0000
0.0000
0.0000
0.0000
0.0000
0.0000
0.0000
0.0000
0.0000
0.0000
0.0000
0.0000
0.0000
0.0000
0.0000
0.0000
0.0000
0.0000
0.0000
0.0000
0.0000
0.0000
0.0000
0.0000
0.0000
0.0000
0.0000
48.8281
48.8281
83.0078
83.0078
117.1875
117.1875
180.6641
180.6641
185.5469
185.5469
175.7812
175.7812
131.8359
131.8359
170.8984
170.8984
239.2578
239.2578
263.6719
263.6719
273.4375
273.4375
258.7891
258.7891
322.2656
322.2656
356.4453
356.4453
385.7422
385.7422
405.2734
405.2734
458.9844
458.9844
595.7031
595.7031
668.9453
668.9453
717.7734
717.7734
717.7734
717.7734
795.8984
795.8984
952.1484
952.1484
1074.2187
1074.2187
1166.9922
1166.9922
1176.7578
1176.7578
1162.1094
1162.1094
1044.9219
1044.9219
849.6094
849.6094
625.0000
625.0000
424.8047
424.8047
327.1484
327.1484
219.7266
219.7266
131.8359
131.8359
34.1797
34.1797
0.0000
0.0000
0.0000
0.0000
0.0000
0.0000
0.0000
0.0000
0.0000
0.0000
0.0000
0.0000
0.0000
0.0000
0.0000
0.0000
0.0000
0.0000
0.0000
0.0000
0.0000
0.0000
0.0000
0.0000
0.0000
0.0000
0.0000
0.0000
0.0000
0.0000
0.0000
0.0000
0.0000
0.0000
0.0000
0.0000
0.0000
0.0000
0.0000
0.0000
0.0000
0.0000
0.0000
0.0000
0.0000
0.0000
0.0000
0.0000
0.0000
0.0000
4.8828
4.8828
48.8281
48.8281
73.2422
73.2422
122.0703
122.0703
253.9062
253.9062
336.9141
336.9141
390.6250
390.6250
405.2734
405.2734
463.8672
463.8672
551.7578
551.7578
571.2891
571.2891
576.1719
576.1719
556.6406
556.6406
605.4687
605.4687
659.1797
659.1797
668.9453
668.9453
649.4141
649.4141
634.7656
634.7656
698.2422
698.2422
708.0078
708.0078
703.1250
703.1250
664.0625
664.0625
673.8281
673.8281
742.1875
742.1875
771.4844
771.4844
830.0781
830.0781
917.9687
917.9687
1093.7500
1093.7500
1245.1172
1245.1172
1245.1172
1245.1172
1088.8672
1088.8672
795.8984
795.8984
527.3437
527.3437
249.0234
249.0234
53.7109
53.7109
0.0000
0.0000
0.0000
0.0000
0.0000
0.0000
0.0000
0.0000
0.0000
0.0000
0.0000
0.0000
0.0000
0.0000
0.0000
0.0000
0.0000
0.0000
0.0000
0.0000
0.0000
0.0000
0.0000
0.0000
0.0000
0.0000
0.0000
0.0000
0.0000
0.0000
0.0000
0.0000
0.0000
0.0000
0.0000
0.0000
0.0000
0.0000
0.0000
0.0000
0.0000
0.0000
0.0000
0.0000
0.0000
0.0000
0.0000
0.0000
0.0000
0.0000
0.0000
0.0000
0.0000
0.0000
0.0000
0.0000
0.0000
0.0000
0.0000
0.0000
0.0000
0.0000
0.0000
0.0000
0.0000
0.0000
0.0000
0.0000
0.0000
83.0078
83.0078
83.0078
112.3047
136.7187
136.7187
146.4844
146.4844
219.7266
219.7266
317.3828
317.3828
366.2109
366.2109
405.2734
405.2734
419.9219
419.9219
522.4609
522.4609
605.4687
605.4687
634.7656
634.7656
625.0000
625.0000
605.4687
605.4687
644.5312
644.5312
620.1172
620.1172
585.9375
585.9375
522.4609
522.4609
546.8750
546.8750
629.8828
629.8828
664.0625
664.0625
644.5312
644.5312
532.2266
532.2266
439.4531
439.4531
297.8516
297.8516
141.6016
141.6016
19.5312
19.5312
0.0000
0.0000
117.1875
117.1875
219.7266
219.7266
292.9687
292.9687
278.3203
278.3203
244.1406
244.1406
200.1953
200.1953
63.4766
63.4766
0.0000
0.0000
0.0000
0.0000
0.0000
0.0000
0.0000
0.0000
0.0000
0.0000
0.0000
0.0000
0.0000
0.0000
0.0000
0.0000
0.0000
0.0000
0.0000
0.0000
0.0000
0.0000
0.0000
0.0000
0.0000
0.0000
0.0000
0.0000
0.0000
0.0000
0.0000
0.0000
0.0000
0.0000
0.0000
0.0000
0.0000
0.0000
0.0000
0.0000
0.0000
0.0000
0.0000
0.0000
0.0000
0.0000
0.0000
0.0000
0.0000
0.0000
0.0000
0.0000
63.4766
63.4766
102.5391
102.5391
122.0703
122.0703
107.4219
107.4219
131.8359
131.8359
195.3125
195.3125
209.9609
209.9609
219.7266
219.7266
209.9609
209.9609
297.8516
297.8516
390.6250
390.6250
454.1016
454.1016
507.8125
507.8125
561.5234
561.5234
698.2422
698.2422
776.3672
776.3672
815.4297
815.4297
825.1953
825.1953
888.6719
888.6719
1005.8594
1005.8594
1088.8672
1088.8672
1196.2891
1196.2891
1284.1797
1284.1797
1391.6016
1391.6016
1425.7812
1425.7812
1289.0625
1289.0625
986.3281
986.3281
610.3516
610.3516
346.6797
346.6797
141.6016
141.6016
9.7656
9.7656
0.0000
0.0000
0.0000
0.0000
0.0000
0.0000
0.0000
0.0000
0.0000
0.0000
0.0000
0.0000
0.0000
0.0000
0.0000
0.0000
0.0000
0.0000
0.0000
0.0000
0.0000
0.0000
0.0000
0.0000
0.0000
0.0000
0.0000
0.0000
0.0000
0.0000
0.0000
0.0000
0.0000
0.0000
0.0000
0.0000
0.0000
0.0000
0.0000
0.0000
0.0000
0.0000
0.0000
0.0000
0.0000
0.0000
0.0000
0.0000
0.0000
0.0000
0.0000
0.0000
0.0000
0.0000
0.0000
0.0000
0.0000
0.0000
0.0000
0.0000
112.3047
112.3047
190.4297
190.4297
253.9062
253.9062
283.2031
283.2031
356.4453
356.4453
478.5156
478.5156
537.1094
537.1094
576.1719
576.1719
576.1719
576.1719
634.7656
634.7656
683.5937
683.5937
673.8281
673.8281
634.7656
634.7656
595.7031
595.7031
634.7656
634.7656
639.6484
639.6484
620.1172
620.1172
556.6406
556.6406
527.3437
527.3437
576.1719
576.1719
625.0000
625.0000
747.0703
747.0703
854.4922
854.4922
986.3281
986.3281
1059.5703
1059.5703
986.3281
986.3281
815.4297
815.4297
600.5859
600.5859
488.2812
488.2812
419.9219
419.9219
400.3906
400.3906
405.2734
405.2734
424.8047
424.8047
478.5156
478.5156
400.3906
400.3906
234.3750
234.3750
0.0000
0.0000
0.0000
0.0000
0.0000
0.0000
0.0000
0.0000
0.0000
0.0000
0.0000
0.0000
0.0000
0.0000
0.0000
0.0000
0.0000
0.0000
0.0000
0.0000
0.0000
0.0000
0.0000
0.0000
0.0000
0.0000
0.0000
0.0000
0.0000
0.0000
0.0000
0.0000
0.0000
0.0000
0.0000
0.0000
0.0000
0.0000
0.0000
0.0000
0.0000
0.0000
0.0000
0.0000
0.0000
0.0000
0.0000
0.0000
0.0000
0.0000
24.4141
24.4141
63.4766
63.4766
78.1250
78.1250
68.3594
68.3594
73.2422
73.2422
151.3672
151.3672
185.5469
185.5469
219.7266
219.7266
239.2578
239.2578
332.0312
332.0312
444.3359
444.3359
498.0469
498.0469
541.9922
541.9922
561.5234
561.5234
668.9453
668.9453
766.6016
766.6016
820.3125
820.3125
844.7266
844.7266
854.4922
854.4922
932.6172
932.6172
957.0312
957.0312
986.3281
986.3281
1015.6250
1015.6250
1118.1641
1118.1641
1269.5312
1269.5312
1313.4766
1313.4766
1235.3516
1235.3516
986.3281
986.3281
668.9453
668.9453
332.0312
332.0312
29.2969
29.2969
0.0000
0.0000
0.0000
0.0000
0.0000
0.0000
0.0000
0.0000
0.0000
0.0000
0.0000
0.0000
0.0000
0.0000
0.0000
0.0000
0.0000
0.0000
0.0000
0.0000
0.0000
0.0000
0.0000
0.0000
0.0000
0.0000
0.0000
0.0000
0.0000
0.0000
0.0000
0.0000
0.0000
0.0000
0.0000
0.0000
0.0000
0.0000
0.0000
0.0000
0.0000
0.0000
0.0000
0.0000
0.0000
0.0000
0.0000
0.0000
0.0000
0.0000
0.0000
0.0000
0.0000
0.0000
0.0000
0.0000
0.0000
0.0000
0.0000
0.0000
0.0000
0.0000
0.0000
0.0000
68.3594
68.3594
117.1875
117.1875
146.4844
146.4844
224.6094
224.6094
239.2578
239.2578
205.0781
205.0781
136.7187
136.7187
117.1875
117.1875
180.6641
180.6641
214.8437
214.8437
253.9062
253.9062
249.0234
249.0234
297.8516
297.8516
361.3281
361.3281
375.9766
375.9766
395.5078
395.5078
424.8047
424.8047
537.1094
537.1094
620.1172
620.1172
668.9453
668.9453
712.8906
712.8906
820.3125
820.3125
1040.0391
1040.0391
1206.0547
1206.0547
1293.9453
1293.9453
1254.8828
1254.8828
1137.6953
1137.6953
932.6172
932.6172
625.0000
625.0000
327.1484
327.1484
83.0078
83.0078
19.5312
19.5312
24.4141
24.4141
29.2969
29.2969
0.0000
0.0000
0.0000
0.0000
0.0000
0.0000
0.0000
0.0000
0.0000
0.0000
0.0000
0.0000
0.0000
0.0000
0.0000
0.0000
0.0000
0.0000
0.0000
0.0000
0.0000
0.0000
0.0000
0.0000
0.0000
0.0000
0.0000
0.0000
0.0000
0.0000
0.0000
0.0000
0.0000
0.0000
0.0000
0.0000
0.0000
0.0000
0.0000
0.0000
0.0000
0.0000
0.0000
0.0000
0.0000
0.0000
0.0000
0.0000
0.0000
0.0000
0.0000
0.0000
0.0000
0.0000
0.0000
0.0000
0.0000
0.0000
0.0000
0.0000
87.8906
87.8906
205.0781
205.0781
278.3203
278.3203
317.3828
317.3828
356.4453
356.4453
449.2187
449.2187
488.2812
488.2812
498.0469
498.0469
483.3984
483.3984
522.4609
522.4609
605.4687
605.4687
634.7656
634.7656
659.1797
659.1797
644.5312
644.5312
698.2422
698.2422
747.0703
747.0703
742.1875
742.1875
727.5391
727.5391
703.1250
703.1250
791.0156
791.0156
883.7891
883.7891
1000.9766
1000.9766
1093.7500
1093.7500
1152.3437
1152.3437
1157.2266
1157.2266
966.7969
966.7969
649.4141
649.4141
268.5547
268.5547
48.8281
48.8281
0.0000
0.0000
0.0000
0.0000
0.0000
0.0000
0.0000
0.0000
0.0000
0.0000
0.0000
0.0000
0.0000
0.0000
0.0000
0.0000
0.0000
0.0000
0.0000
0.0000
0.0000
0.0000
0.0000
0.0000
0.0000
0.0000
0.0000
0.0000
0.0000
0.0000
0.0000
0.0000
0.0000
0.0000
0.0000
0.0000
0.0000
0.0000
0.0000
0.0000
0.0000
0.0000
0.0000
0.0000
0.0000
0.0000
0.0000
0.0000
0.0000
0.0000
0.0000
0.0000
0.0000
0.0000
0.0000
0.0000
0.0000
0.0000
0.0000
0.0000
0.0000
0.0000
0.0000
0.0000
0.0000
0.0000
0.0000
0.0000
0.0000
0.0000
19.5312
19.5312
24.4141
24.4141
92.7734
92.7734
131.8359
131.8359
161.1328
161.1328
180.6641
180.6641
234.3750
234.3750
361.3281
361.3281
429.6875
429.6875
478.5156
478.5156
478.5156
478.5156
532.2266
532.2266
605.4687
605.4687
629.8828
629.8828
644.5312
644.5312
629.8828
629.8828
673.8281
673.8281
708.0078
708.0078
737.3047
737.3047
781.2500
781.2500
854.4922
854.4922
976.5625
976.5625
986.3281
986.3281
883.7891
883.7891
673.8281
673.8281
463.8672
463.8672
302.7344
302.7344
146.4844
146.4844
78.1250
78.1250
48.8281
48.8281
126.9531
126.9531
200.1953
200.1953
180.6641
180.6641
68.3594
68.3594
0.0000
0.0000
0.0000
0.0000
0.0000
0.0000
0.0000
0.0000
0.0000
0.0000
0.0000
0.0000
0.0000
0.0000
0.0000
0.0000
0.0000
0.0000
0.0000
0.0000
0.0000
0.0000
0.0000
0.0000
0.0000
0.0000
0.0000
0.0000
0.0000
0.0000
0.0000
0.0000
0.0000
0.0000
0.0000
0.0000
0.0000
0.0000
0.0000
0.0000
0.0000
0.0000
0.0000
0.0000
0.0000
0.0000
0.0000
0.0000
0.0000
0.0000
0.0000
0.0000
14.6484
14.6484
29.2969
29.2969
0.0000
0.0000
53.7109
53.7109
112.3047
112.3047
151.3672
151.3672
170.8984
170.8984
170.8984
244.1406
244.1406
244.1406
273.4375
273.4375
278.3203
278.3203
258.7891
258.7891
278.3203
278.3203
380.8594
380.8594
444.3359
444.3359
517.5781
517.5781
566.4062
566.4062
678.7109
678.7109
795.8984
795.8984
839.8437
839.8437
864.2578
864.2578
888.6719
888.6719
1025.3906
1025.3906
1186.5234
1186.5234
1333.0078
1333.0078
1406.2500
1406.2500
1376.9531
1264.6484
1264.6484
1264.6484
937.5000
937.5000
517.5781
517.5781
92.7734
92.7734
0.0000
0.0000
0.0000
0.0000
0.0000
0.0000
0.0000
0.0000
0.0000
0.0000
0.0000
0.0000
0.0000
0.0000
0.0000
0.0000
0.0000
0.0000
0.0000
0.0000
0.0000
0.0000
0.0000
0.0000
0.0000
0.0000
0.0000
0.0000
0.0000
0.0000
0.0000
0.0000
0.0000
0.0000
0.0000
0.0000
0.0000
0.0000
0.0000
0.0000
0.0000
0.0000
0.0000
0.0000
0.0000
0.0000
0.0000
0.0000
0.0000
0.0000
0.0000
0.0000
0.0000
0.0000
0.0000
0.0000
0.0000
0.0000
0.0000
0.0000
0.0000
19.5312
19.5312
58.5937
58.5937
156.2500
156.2500
273.4375
273.4375
336.9141
336.9141
375.9766
375.9766
395.5078
395.5078
493.1641
493.1641
566.4062
566.4062
615.2344
615.2344
625.0000
625.0000
634.7656
634.7656
678.7109
678.7109
659.1797
659.1797
610.3516
610.3516
517.5781
517.5781
493.1641
493.1641
517.5781
517.5781
512.6953
512.6953
502.9297
502.9297
473.6328
473.6328
527.3437
527.3437
615.2344
615.2344
737.3047
737.3047
854.4922
854.4922
917.9687
917.9687
986.3281
986.3281
908.2031
908.2031
727.5391
727.5391
463.8672
463.8672
263.6719
263.6719
185.5469
185.5469
126.9531
126.9531
122.0703
122.0703
102.5391
102.5391
126.9531
126.9531
112.3047
112.3047
0.0000
0.0000
0.0000
0.0000
0.0000
0.0000
0.0000
0.0000
0.0000
0.0000
0.0000
0.0000
0.0000
0.0000
0.0000
0.0000
0.0000
0.0000
0.0000
0.0000
0.0000
0.0000
0.0000
0.0000
0.0000
0.0000
0.0000
0.0000
0.0000
0.0000
0.0000
0.0000
0.0000
0.0000
0.0000
0.0000
0.0000
0.0000
0.0000
0.0000
0.0000
0.0000
0.0000
0.0000
0.0000
0.0000
0.0000
0.0000
0.0000
0.0000
0.0000
0.0000
0.0000
0.0000
9.7656
9.7656
43.9453
43.9453
68.3594
68.3594
58.5937
58.5937
122.0703
122.0703
190.4297
190.4297
229.4922
229.4922
263.6719
263.6719
288.0859
288.0859
400.3906
400.3906
473.6328
473.6328
512.6953
512.6953
522.4609
522.4609
556.6406
556.6406
668.9453
668.9453
717.7734
717.7734
747.0703
747.0703
727.5391
727.5391
756.8359
756.8359
786.1328
786.1328
751.9531
751.9531
722.6562
722.6562
717.7734
717.7734
839.8437
839.8437
991.2109
991.2109
1088.8672
1088.8672
1098.6328
1098.6328
991.2109
991.2109
844.7266
844.7266
576.1719
576.1719
288.0859
288.0859
39.0625
39.0625
0.0000
0.0000
0.0000
0.0000
0.0000
0.0000
0.0000
0.0000
0.0000
0.0000
0.0000
0.0000
0.0000
0.0000
0.0000
0.0000
0.0000
0.0000
0.0000
0.0000
0.0000
0.0000
0.0000
0.0000
0.0000
0.0000
0.0000
0.0000
0.0000
0.0000
0.0000
0.0000
0.0000
0.0000
0.0000
0.0000
0.0000
0.0000
0.0000
0.0000
0.0000
0.0000
0.0000
0.0000
0.0000
0.0000
0.0000
0.0000
0.0000
0.0000
0.0000
0.0000
0.0000
0.0000
0.0000
0.0000
0.0000
0.0000
0.0000
0.0000
9.7656
9.7656
63.4766
63.4766
73.2422
73.2422
131.8359
131.8359
214.8437
214.8437
229.4922
229.4922
209.9609
209.9609
170.8984
170.8984
224.6094
224.6094
283.2031
283.2031
322.2656
322.2656
336.9141
336.9141
351.5625
351.5625
424.8047
424.8047
439.4531
439.4531
439.4531
439.4531
410.1562
410.1562
439.4531
439.4531
532.2266
532.2266
561.5234
561.5234
581.0547
581.0547
566.4062
566.4062
634.7656
634.7656
737.3047
737.3047
830.0781
830.0781
913.0859
913.0859
932.6172
932.6172
937.5000
937.5000
795.8984
795.8984
551.7578
551.7578
249.0234
249.0234
24.4141
24.4141
0.0000
0.0000
0.0000
0.0000
0.0000
0.0000
0.0000
0.0000
0.0000
0.0000
0.0000
0.0000
0.0000
0.0000
0.0000
0.0000
0.0000
0.0000
0.0000
0.0000
0.0000
0.0000
0.0000
0.0000
0.0000
0.0000
0.0000
0.0000
0.0000
0.0000
0.0000
0.0000
0.0000
0.0000
0.0000
0.0000
0.0000
0.0000
0.0000
0.0000
0.0000
0.0000
0.0000
0.0000
0.0000
0.0000
0.0000
0.0000
0.0000
0.0000
0.0000
0.0000
0.0000
0.0000
0.0000
0.0000
0.0000
0.0000
0.0000
0.0000
0.0000
0.0000
0.0000
0.0000
0.0000
0.0000
53.7109
53.7109
117.1875
117.1875
180.6641
180.6641
209.9609
209.9609
297.8516
297.8516
380.8594
380.8594
410.1562
410.1562
419.9219
419.9219
415.0391
415.0391
483.3984
483.3984
527.3437
527.3437
566.4062
566.4062
581.0547
581.0547
620.1172
620.1172
712.8906
712.8906
737.3047
737.3047
751.9531
751.9531
732.4219
732.4219
781.2500
781.2500
883.7891
883.7891
981.4453
981.4453
1137.6953
1137.6953
1269.5312
1269.5312
1401.3672
1401.3672
1416.0156
1416.0156
1254.8828
1254.8828
917.9687
917.9687
532.2266
532.2266
273.4375
273.4375
78.1250
78.1250
0.0000
0.0000
0.0000
0.0000
0.0000
0.0000
0.0000
0.0000
0.0000
0.0000
0.0000
0.0000
0.0000
0.0000
0.0000
0.0000
0.0000
0.0000
0.0000
0.0000
0.0000
0.0000
0.0000
0.0000
0.0000
0.0000
0.0000
0.0000
0.0000
0.0000
0.0000
0.0000
0.0000
0.0000
0.0000
0.0000
0.0000
0.0000
0.0000
0.0000
0.0000
0.0000
0.0000
0.0000
0.0000
0.0000
0.0000
0.0000
0.0000
0.0000
0.0000
0.0000
0.0000
0.0000
58.5937
58.5937
87.8906
87.8906
78.1250
78.1250
68.3594
68.3594
141.6016
141.6016
166.0156
166.0156
195.3125
195.3125
185.5469
185.5469
214.8437
214.8437
273.4375
273.4375
288.0859
288.0859
302.7344
302.7344
307.6172
307.6172
410.1562
410.1562
512.6953
512.6953
576.1719
576.1719
595.7031
595.7031
605.4687
605.4687
673.8281
673.8281
703.1250
703.1250
708.0078
708.0078
673.8281
673.8281
668.9453
668.9453
708.0078
708.0078
732.4219
732.4219
805.6641
805.6641
883.7891
883.7891
1005.8594
1005.8594
1074.2187
1074.2187
986.3281
986.3281
766.6016
766.6016
449.2187
449.2187
200.1953
200.1953
0.0000
0.0000
0.0000
0.0000
0.0000
0.0000
0.0000
0.0000
53.7109
53.7109
63.4766
63.4766
0.0000
0.0000
0.0000
0.0000
0.0000
0.0000
0.0000
0.0000
0.0000
0.0000
0.0000
0.0000
0.0000
0.0000
0.0000
0.0000
0.0000
0.0000
0.0000
0.0000
0.0000
0.0000
0.0000
0.0000
0.0000
0.0000
0.0000
0.0000
0.0000
0.0000
0.0000
0.0000
0.0000
0.0000
0.0000
0.0000
0.0000
0.0000
0.0000
0.0000
0.0000
0.0000
0.0000
0.0000
0.0000
0.0000
0.0000
0.0000
0.0000
0.0000
0.0000
0.0000
58.5937
58.5937
117.1875
117.1875
141.6016
141.6016
117.1875
117.1875
112.3047
112.3047
151.3672
151.3672
146.4844
146.4844
141.6016
141.6016
112.3047
112.3047
146.4844
146.4844
200.1953
200.1953
214.8437
214.8437
209.9609
209.9609
200.1953
200.1953
278.3203
278.3203
351.5625
351.5625
434.5703
434.5703
507.8125
507.8125
590.8203
590.8203
712.8906
712.8906
756.8359
756.8359
776.3672
776.3672
786.1328
786.1328
888.6719
888.6719
1074.2187
1074.2187
1206.0547
1206.0547
1274.4141
1274.4141
1206.0547
1206.0547
1059.5703
1059.5703
776.3672
776.3672
419.9219
419.9219
87.8906
87.8906
0.0000
0.0000
0.0000
0.0000
0.0000
0.0000
0.0000
0.0000
0.0000
0.0000
0.0000
0.0000
0.0000
0.0000
0.0000
0.0000
0.0000
0.0000
0.0000
0.0000
0.0000
0.0000
0.0000
0.0000
0.0000
0.0000
0.0000
0.0000
0.0000
0.0000
0.0000
0.0000
0.0000
0.0000
0.0000
0.0000
0.0000
0.0000
0.0000
0.0000
0.0000
0.0000
0.0000
0.0000
0.0000
0.0000
0.0000
0.0000
0.0000
0.0000
0.0000
0.0000
0.0000
0.0000
0.0000
0.0000
0.0000
0.0000
0.0000
0.0000
73.2422
73.2422
122.0703
122.0703
156.2500
156.2500
200.1953
200.1953
312.5000
312.5000
361.3281
361.3281
390.6250
390.6250
371.0937
371.0937
395.5078
395.5078
468.7500
468.7500
488.2812
488.2812
507.8125
507.8125
498.0469
498.0469
541.9922
541.9922
571.2891
571.2891
561.5234
561.5234
532.2266
532.2266
498.0469
498.0469
546.8750
546.8750
566.4062
566.4062
566.4062
566.4062
537.1094
537.1094
541.9922
541.9922
600.5859
600.5859
649.4141
649.4141
761.7187
761.7187
883.7891
883.7891
1054.6875
1054.6875
1196.2891
1196.2891
1191.4062
1191.4062
1054.6875
1054.6875
786.1328
786.1328
537.1094
537.1094
283.2031
283.2031
107.4219
107.4219
0.0000
0.0000
0.0000
0.0000
48.8281
48.8281
29.2969
29.2969
0.0000
0.0000
0.0000
0.0000
0.0000
0.0000
0.0000
0.0000
0.0000
0.0000
0.0000
0.0000
0.0000
0.0000
0.0000
0.0000
0.0000
0.0000
0.0000
0.0000
0.0000
0.0000
0.0000
0.0000
0.0000
0.0000
0.0000
0.0000
0.0000
0.0000
0.0000
0.0000
0.0000
0.0000
0.0000
0.0000
0.0000
0.0000
0.0000
0.0000
0.0000
0.0000
0.0000
0.0000
0.0000
0.0000
0.0000
0.0000
0.0000
0.0000
0.0000
0.0000
34.1797
48.8281
48.8281
53.7109
53.7109
43.9453
43.9453
68.3594
68.3594
68.3594
166.0156
166.0156
209.9609
209.9609
253.9062
253.9062
263.6719
263.6719
327.1484
327.1484
419.9219
468.7500
468.7500
507.8125
507.8125
522.4609
522.4609
615.2344
615.2344
698.2422
698.2422
751.9531
751.9531
771.4844
771.4844
766.6016
766.6016
810.5469
810.5469
791.0156
791.0156
786.1328
786.1328
776.3672
776.3672
854.4922
854.4922
1015.6250
1015.6250
1118.1641
1118.1641
1157.2266
1157.2266
1049.8047
1049.8047
898.4375
898.4375
664.0625
664.0625
371.0937
371.0937
97.6562
97.6562
0.0000
0.0000
0.0000
0.0000
0.0000
0.0000
0.0000
0.0000
0.0000
0.0000
0.0000
0.0000
0.0000
0.0000
0.0000
0.0000
0.0000
0.0000
0.0000
0.0000
0.0000
0.0000
0.0000
0.0000
0.0000
0.0000
0.0000
0.0000
0.0000
0.0000
0.0000
0.0000
0.0000
0.0000
0.0000
0.0000
0.0000
0.0000
0.0000
0.0000
0.0000
0.0000
0.0000
0.0000
0.0000
0.0000
0.0000
0.0000
0.0000
0.0000
0.0000
0.0000
0.0000
0.0000
0.0000
0.0000
0.0000
0.0000
0.0000
0.0000
58.5937
58.5937
131.8359
131.8359
180.6641
180.6641
205.0781
205.0781
283.2031
283.2031
307.6172
307.6172
307.6172
307.6172
249.0234
249.0234
219.7266
219.7266
249.0234
249.0234
249.0234
249.0234
258.7891
258.7891
253.9062
253.9062
312.5000
312.5000
371.0937
371.0937
371.0937
371.0937
356.4453
356.4453
336.9141
336.9141
415.0391
415.0391
473.6328
473.6328
517.5781
517.5781
537.1094
537.1094
581.0547
581.0547
717.7734
717.7734
830.0781
830.0781
937.5000
937.5000
966.7969
966.7969
971.6797
971.6797
898.4375
898.4375
673.8281
673.8281
385.7422
385.7422
126.9531
126.9531
29.2969
29.2969
0.0000
0.0000
14.6484
14.6484
29.2969
29.2969
24.4141
24.4141
9.7656
9.7656
0.0000
0.0000
0.0000
0.0000
0.0000
0.0000
0.0000
0.0000
0.0000
0.0000
0.0000
0.0000
0.0000
0.0000
0.0000
0.0000
0.0000
0.0000
0.0000
0.0000
0.0000
0.0000
0.0000
0.0000
0.0000
0.0000
0.0000
0.0000
0.0000
0.0000
0.0000
0.0000
0.0000
0.0000
0.0000
0.0000
0.0000
0.0000
0.0000
0.0000
0.0000
0.0000
0.0000
0.0000
0.0000
0.0000
0.0000
0.0000
0.0000
0.0000
39.0625
39.0625
78.1250
78.1250
205.0781
205.0781
307.6172
307.6172
380.8594
380.8594
415.0391
415.0391
449.2187
449.2187
546.8750
546.8750
585.9375
585.9375
605.4687
605.4687
571.2891
571.2891
581.0547
581.0547
615.2344
615.2344
610.3516
610.3516
615.2344
615.2344
605.4687
605.4687
683.5937
683.5937
747.0703
747.0703
776.3672
776.3672
771.4844
771.4844
766.6016
766.6016
854.4922
854.4922
937.5000
937.5000
1064.4531
1064.4531
1206.0547
1206.0547
1372.0703
1372.0703
1513.6719
1513.6719
1484.3750
1484.3750
1289.0625
1289.0625
957.0312
957.0312
664.0625
664.0625
429.6875
429.6875
258.7891
258.7891
185.5469
185.5469
141.6016
141.6016
126.9531
126.9531
0.0000
0.0000
0.0000
0.0000
0.0000
0.0000
0.0000
0.0000
0.0000
0.0000
0.0000
0.0000
0.0000
0.0000
0.0000
0.0000
0.0000
0.0000
0.0000
0.0000
0.0000
0.0000
0.0000
0.0000
0.0000
0.0000
0.0000
0.0000
0.0000
0.0000
0.0000
0.0000
0.0000
0.0000
0.0000
0.0000
0.0000
0.0000
0.0000
0.0000
0.0000
0.0000
0.0000
0.0000
0.0000
0.0000
0.0000
0.0000
0.0000
0.0000
0.0000
0.0000
0.0000
0.0000
34.1797
34.1797
102.5391
102.5391
136.7187
136.7187
151.3672
151.3672
161.1328
161.1328
239.2578
239.2578
273.4375
273.4375
292.9687
292.9687
292.9687
292.9687
332.0312
332.0312
449.2187
449.2187
522.4609
522.4609
585.9375
585.9375
600.5859
600.5859
649.4141
649.4141
708.0078
708.0078
722.6562
722.6562
717.7734
717.7734
683.5937
683.5937
717.7734
717.7734
727.5391
727.5391
722.6562
722.6562
742.1875
742.1875
815.4297
815.4297
961.9141
961.9141
1020.5078
1020.5078
961.9141
961.9141
742.1875
742.1875
478.5156
478.5156
214.8437
214.8437
0.0000
0.0000
0.0000
0.0000
0.0000
0.0000
0.0000
0.0000
24.4141
24.4141
58.5937
58.5937
0.0000
0.0000
0.0000
0.0000
0.0000
0.0000
0.0000
0.0000
0.0000
0.0000
0.0000
0.0000
0.0000
0.0000
0.0000
0.0000
0.0000
0.0000
0.0000
0.0000
0.0000
0.0000
0.0000
0.0000
0.0000
0.0000
0.0000
0.0000
0.0000
0.0000
0.0000
0.0000
0.0000
0.0000
0.0000
0.0000
0.0000
0.0000
0.0000
0.0000
0.0000
0.0000
0.0000
0.0000
0.0000
0.0000
0.0000
0.0000
0.0000
0.0000
24.4141
24.4141
117.1875
117.1875
151.3672
151.3672
180.6641
180.6641
175.7812
175.7812
234.3750
234.3750
288.0859
288.0859
292.9687
292.9687
283.2031
283.2031
273.4375
273.4375
336.9141
336.9141
361.3281
361.3281
371.0937
371.0937
336.9141
336.9141
332.0312
332.0312
395.5078
395.5078
424.8047
424.8047
478.5156
478.5156
522.4609
522.4609
620.1172
620.1172
722.6562
722.6562
761.7187
761.7187
786.1328
786.1328
820.3125
820.3125
976.5625
976.5625
1142.5781
1142.5781
1274.4141
1274.4141
1308.5937
1308.5937
1210.9375
1210.9375
1035.1562
1035.1562
698.2422
698.2422
332.0312
332.0312
9.7656
9.7656
0.0000
0.0000
0.0000
0.0000
0.0000
0.0000
0.0000
0.0000
0.0000
0.0000
0.0000
0.0000
0.0000
0.0000
0.0000
0.0000
0.0000
0.0000
0.0000
0.0000
0.0000
0.0000
0.0000
0.0000
0.0000
0.0000
0.0000
0.0000
0.0000
0.0000
0.0000
0.0000
0.0000
0.0000
0.0000
0.0000
0.0000
0.0000
0.0000
0.0000
0.0000
0.0000
0.0000
0.0000
0.0000
0.0000
0.0000
0.0000
0.0000
0.0000
0.0000
0.0000
0.0000
0.0000
0.0000
0.0000
0.0000
0.0000
0.0000
0.0000
0.0000
0.0000
0.0000
0.0000
0.0000
0.0000
0.0000
0.0000
117.1875
117.1875
200.1953
200.1953
268.5547
268.5547
297.8516
297.8516
395.5078
395.5078
449.2187
449.2187
488.2812
488.2812
507.8125
507.8125
537.1094
537.1094
610.3516
610.3516
620.1172
620.1172
590.8203
590.8203
512.6953
512.6953
488.2812
488.2812
483.3984
483.3984
429.6875
429.6875
371.0937
371.0937
327.1484
327.1484
390.6250
390.6250
502.9297
502.9297
629.8828
629.8828
712.8906
712.8906
737.3047
737.3047
737.3047
737.3047
600.5859
600.5859
405.2734
405.2734
190.4297
190.4297
102.5391
102.5391
126.9531
126.9531
170.8984
170.8984
244.1406
244.1406
249.0234
249.0234
249.0234
249.0234
166.0156
166.0156
0.0000
0.0000
0.0000
0.0000
0.0000
0.0000
0.0000
0.0000
0.0000
0.0000
0.0000
0.0000
0.0000
0.0000
0.0000
0.0000
0.0000
0.0000
0.0000
0.0000
0.0000
0.0000
0.0000
0.0000
0.0000
0.0000
0.0000
0.0000
0.0000
0.0000
0.0000
0.0000
0.0000
0.0000
0.0000
0.0000
0.0000
0.0000
0.0000
0.0000
0.0000
0.0000
0.0000
0.0000
63.4766
63.4766
107.4219
107.4219
131.8359
131.8359
117.1875
117.1875
156.2500
156.2500
214.8437
214.8437
229.4922
229.4922
234.3750
234.3750
219.7266
219.7266
292.9687
292.9687
336.9141
336.9141
361.3281
361.3281
366.2109
366.2109
395.5078
395.5078
502.9297
502.9297
566.4062
566.4062
620.1172
620.1172
634.7656
634.7656
698.2422
698.2422
800.7812
800.7812
849.6094
849.6094
878.9062
878.9062
869.1406
869.1406
908.2031
908.2031
942.3828
942.3828
952.1484
952.1484
996.0937
996.0937
1079.1016
1079.1016
1220.7031
1220.7031
1254.8828
1254.8828
1142.5781
1142.5781
864.2578
864.2578
537.1094
537.1094
258.7891
258.7891
9.7656
9.7656
0.0000
0.0000
0.0000
0.0000
0.0000
0.0000
0.0000
0.0000
0.0000
0.0000
0.0000
0.0000
0.0000
0.0000
0.0000
0.0000
0.0000
0.0000
0.0000
0.0000
0.0000
0.0000
0.0000
0.0000
0.0000
0.0000
0.0000
0.0000
0.0000
0.0000
0.0000
0.0000
0.0000
0.0000
0.0000
0.0000
0.0000
0.0000
0.0000
0.0000
0.0000
0.0000
0.0000
0.0000
0.0000
0.0000
0.0000
0.0000
0.0000
0.0000
0.0000
0.0000
0.0000
0.0000
0.0000
0.0000
68.3594
68.3594
92.7734
92.7734
136.7187
136.7187
249.0234
249.0234
307.6172
307.6172
361.3281
361.3281
375.9766
375.9766
429.6875
429.6875
488.2812
488.2812
468.7500
468.7500
429.6875
429.6875
385.7422
385.7422
439.4531
439.4531
473.6328
473.6328
483.3984
483.3984
473.6328
473.6328
473.6328
473.6328
546.8750
566.4062
566.4062
566.4062
576.1719
576.1719
537.1094
537.1094
551.7578
551.7578
595.7031
595.7031
585.9375
585.9375
590.8203
590.8203
590.8203
590.8203
698.2422
698.2422
849.6094
981.4453
981.4453
981.4453
1059.5703
1059.5703
1059.5703
1059.5703
1010.7422
1010.7422
810.5469
810.5469
532.2266
532.2266
205.0781
205.0781
0.0000
0.0000
0.0000
0.0000
0.0000
0.0000
0.0000
0.0000
0.0000
0.0000
0.0000
0.0000
0.0000
0.0000
0.0000
0.0000
0.0000
0.0000
0.0000
0.0000
0.0000
0.0000
0.0000
0.0000
0.0000
0.0000
0.0000
0.0000
0.0000
0.0000
0.0000
0.0000
0.0000
0.0000
0.0000
0.0000
0.0000
0.0000
0.0000
0.0000
0.0000
0.0000
0.0000
0.0000
0.0000
0.0000
0.0000
0.0000
0.0000
0.0000
0.0000
0.0000
0.0000
0.0000
0.0000
0.0000
0.0000
0.0000
0.0000
0.0000
0.0000
0.0000
0.0000
0.0000
0.0000
0.0000
0.0000
0.0000
0.0000
0.0000
0.0000
63.4766
63.4766
102.5391
102.5391
200.1953
200.1953
292.9687
292.9687
341.7969
341.7969
375.9766
375.9766
390.6250
390.6250
473.6328
473.6328
502.9297
502.9297
507.8125
507.8125
483.3984
483.3984
502.9297
502.9297
595.7031
595.7031
629.8828
629.8828
654.2969
654.2969
625.0000
625.0000
644.5312
644.5312
698.2422
698.2422
761.7187
761.7187
864.2578
864.2578
991.2109
991.2109
1157.2266
1157.2266
1230.4687
1230.4687
1137.6953
1137.6953
888.6719
888.6719
595.7031
595.7031
361.3281
361.3281
151.3672
151.3672
24.4141
24.4141
0.0000
0.0000
0.0000
0.0000
0.0000
0.0000
0.0000
0.0000
0.0000
0.0000
0.0000
0.0000
0.0000
0.0000
0.0000
0.0000
0.0000
0.0000
0.0000
0.0000
0.0000
0.0000
0.0000
0.0000
0.0000
0.0000
0.0000
0.0000
0.0000
0.0000
0.0000
0.0000
0.0000
0.0000
0.0000
0.0000
0.0000
0.0000
0.0000
0.0000
0.0000
0.0000
0.0000
0.0000
0.0000
0.0000
0.0000
0.0000
0.0000
0.0000
0.0000
0.0000
0.0000
0.0000
0.0000
0.0000
0.0000
0.0000
0.0000
0.0000
0.0000
0.0000
19.5312
19.5312
73.2422
73.2422
87.8906
87.8906
166.0156
166.0156
253.9062
253.9062
297.8516
297.8516
341.7969
341.7969
375.9766
375.9766
502.9297
502.9297
610.3516
610.3516
678.7109
678.7109
703.1250
703.1250
722.6562
722.6562
786.1328
786.1328
781.2500
781.2500
756.8359
756.8359
683.5937
683.5937
664.0625
664.0625
678.7109
678.7109
678.7109
678.7109
712.8906
712.8906
761.7187
761.7187
883.7891
883.7891
932.6172
932.6172
839.8437
839.8437
620.1172
620.1172
346.6797
346.6797
146.4844
146.4844
0.0000
0.0000
0.0000
0.0000
0.0000
0.0000
0.0000
0.0000
112.3047
112.3047
136.7187
136.7187
58.5937
58.5937
0.0000
0.0000
0.0000
0.0000
0.0000
0.0000
0.0000
0.0000
0.0000
0.0000
0.0000
0.0000
0.0000
0.0000
0.0000
0.0000
0.0000
0.0000
0.0000
0.0000
0.0000
0.0000
0.0000
0.0000
0.0000
0.0000
0.0000
0.0000
0.0000
0.0000
0.0000
0.0000
0.0000
0.0000
0.0000
0.0000
0.0000
0.0000
0.0000
0.0000
0.0000
0.0000
112.3047
112.3047
214.8437
214.8437
263.6719
263.6719
302.7344
302.7344
390.6250
390.6250
415.0391
415.0391
415.0391
415.0391
390.6250
390.6250
410.1562
410.1562
458.9844
458.9844
458.9844
458.9844
444.3359
444.3359
410.1562
410.1562
458.9844
458.9844
498.0469
498.0469
507.8125
507.8125
498.0469
498.0469
493.1641
493.1641
571.2891
571.2891
625.0000
625.0000
673.8281
673.8281
688.4766
688.4766
742.1875
742.1875
844.7266
844.7266
888.6719
888.6719
932.6172
932.6172
957.0312
957.0312
1069.3359
1069.3359
1225.5859
1225.5859
1323.2422
1323.2422
1352.5391
1352.5391
1264.6484
1264.6484
1137.6953
1137.6953
888.6719
888.6719
571.2891
571.2891
244.1406
244.1406
29.2969
29.2969
0.0000
0.0000
0.0000
0.0000
0.0000
0.0000
0.0000
0.0000
0.0000
0.0000
0.0000
0.0000
0.0000
0.0000
0.0000
0.0000
0.0000
0.0000
0.0000
0.0000
0.0000
0.0000
0.0000
0.0000
0.0000
0.0000
0.0000
0.0000
0.0000
0.0000
0.0000
0.0000
0.0000
0.0000
0.0000
0.0000
0.0000
0.0000
0.0000
0.0000
0.0000
0.0000
0.0000
0.0000
0.0000
0.0000
0.0000
0.0000
0.0000
0.0000
0.0000
0.0000
0.0000
0.0000
0.0000
0.0000
0.0000
0.0000
0.0000
0.0000
0.0000
0.0000
0.0000
0.0000
78.1250
78.1250
239.2578
239.2578
327.1484
327.1484
390.6250
390.6250
405.2734
405.2734
488.2812
488.2812
585.9375
585.9375
639.6484
639.6484
678.7109
678.7109
688.4766
688.4766
756.8359
756.8359
781.2500
781.2500
761.7187
761.7187
717.7734
717.7734
688.4766
688.4766
727.5391
727.5391
712.8906
712.8906
683.5937
683.5937
610.3516
610.3516
590.8203
590.8203
615.2344
615.2344
615.2344
615.2344
664.0625
664.0625
732.4219
732.4219
849.6094
849.6094
917.9687
917.9687
839.8437
839.8437
625.0000
625.0000
341.7969
341.7969
112.3047
112.3047
0.0000
0.0000
0.0000
0.0000
0.0000
0.0000
0.0000
0.0000
24.4141
24.4141
63.4766
63.4766
14.6484
14.6484
0.0000
0.0000
0.0000
0.0000
0.0000
0.0000
0.0000
0.0000
0.0000
0.0000
0.0000
0.0000
0.0000
0.0000
0.0000
0.0000
0.0000
0.0000
0.0000
0.0000
0.0000
0.0000
0.0000
0.0000
0.0000
0.0000
0.0000
0.0000
0.0000
0.0000
0.0000
0.0000
0.0000
0.0000
0.0000
0.0000
0.0000
0.0000
0.0000
0.0000
0.0000
0.0000
0.0000
0.0000
0.0000
0.0000
0.0000
0.0000
0.0000
0.0000
0.0000
0.0000
0.0000
0.0000
0.0000
0.0000
0.0000
0.0000
0.0000
0.0000
83.0078
83.0078
131.8359
131.8359
185.5469
185.5469
190.4297
190.4297
268.5547
268.5547
366.2109
366.2109
419.9219
419.9219
454.1016
454.1016
488.2812
488.2812
595.7031
595.7031
668.9453
668.9453
722.6562
722.6562
737.3047
737.3047
771.4844
771.4844
844.7266
844.7266
859.3750
859.3750
844.7266
844.7266
800.7812
800.7812
859.3750
859.3750
1000.9766
1000.9766
1127.9297
1127.9297
1240.2344
1240.2344
1254.8828
1254.8828
1210.9375
1210.9375
1010.7422
1010.7422
673.8281
673.8281
288.0859
288.0859
0.0000
0.0000
0.0000
0.0000
0.0000
0.0000
0.0000
0.0000
0.0000
0.0000
0.0000
0.0000
0.0000
0.0000
0.0000
0.0000
0.0000
0.0000
0.0000
0.0000
0.0000
0.0000
0.0000
0.0000
0.0000
0.0000
0.0000
0.0000
0.0000
0.0000
0.0000
0.0000
0.0000
0.0000
0.0000
0.0000
0.0000
0.0000
0.0000
0.0000
0.0000
0.0000
0.0000
0.0000
0.0000
0.0000
0.0000
0.0000
0.0000
0.0000
0.0000
0.0000
0.0000
0.0000
0.0000
0.0000
0.0000
0.0000
0.0000
0.0000
68.3594
68.3594
146.4844
146.4844
180.6641
180.6641
209.9609
209.9609
278.3203
278.3203
283.2031
283.2031
273.4375
273.4375
234.3750
234.3750
263.6719
263.6719
336.9141
336.9141
366.2109
366.2109
385.7422
385.7422
375.9766
375.9766
439.4531
439.4531
502.9297
502.9297
546.8750
546.8750
566.4062
566.4062
590.8203
590.8203
693.3594
693.3594
727.5391
727.5391
732.4219
732.4219
703.1250
703.1250
708.0078
708.0078
781.2500
781.2500
834.9609
834.9609
932.6172
932.6172
996.0937
996.0937
1064.4531
1064.4531
1054.6875
1054.6875
878.9062
878.9062
581.0547
581.0547
234.3750
234.3750
4.8828
4.8828
0.0000
0.0000
0.0000
0.0000
0.0000
0.0000
0.0000
0.0000
0.0000
0.0000
0.0000
0.0000
0.0000
0.0000
0.0000
0.0000
0.0000
0.0000
0.0000
0.0000
0.0000
0.0000
0.0000
0.0000
0.0000
0.0000
0.0000
0.0000
0.0000
0.0000
0.0000
0.0000
0.0000
0.0000
0.0000
0.0000
0.0000
0.0000
0.0000
0.0000
0.0000
0.0000
0.0000
0.0000
0.0000
0.0000
0.0000
0.0000
0.0000
0.0000
0.0000
0.0000
0.0000
0.0000
0.0000
0.0000
0.0000
0.0000
0.0000
0.0000
0.0000
0.0000
0.0000
0.0000
58.5937
58.5937
146.4844
146.4844
209.9609
209.9609
229.4922
229.4922
278.3203
278.3203
375.9766
375.9766
410.1562
410.1562
424.8047
424.8047
410.1562
410.1562
454.1016
454.1016
512.6953
512.6953
507.8125
507.8125
483.3984
483.3984
449.2187
449.2187
512.6953
512.6953
566.4062
566.4062
605.4687
605.4687
610.3516
610.3516
629.8828
629.8828
703.1250
703.1250
727.5391
727.5391
766.6016
766.6016
825.1953
825.1953
971.6797
971.6797
1171.8750
1171.8750
1259.7656
1259.7656
1220.7031
1220.7031
1020.5078
1020.5078
776.3672
776.3672
468.7500
468.7500
146.4844
146.4844
0.0000
0.0000
0.0000
0.0000
0.0000
0.0000
0.0000
0.0000
0.0000
0.0000
0.0000
0.0000
0.0000
0.0000
0.0000
0.0000
0.0000
0.0000
0.0000
0.0000
0.0000
0.0000
0.0000
0.0000
0.0000
0.0000
0.0000
0.0000
0.0000
0.0000
0.0000
0.0000
0.0000
0.0000
0.0000
0.0000
0.0000
0.0000
0.0000
0.0000
0.0000
0.0000
0.0000
0.0000
0.0000
0.0000
0.0000
0.0000
0.0000
0.0000
0.0000
0.0000
0.0000
0.0000
0.0000
0.0000
0.0000
0.0000
0.0000
0.0000
0.0000
0.0000
29.2969
29.2969
63.4766
63.4766
58.5937
58.5937
73.2422
73.2422
156.2500
156.2500
195.3125
195.3125
229.4922
229.4922
234.3750
297.8516
297.8516
410.1562
410.1562
473.6328
473.6328
527.3437
527.3437
546.8750
546.8750
634.7656
634.7656
688.4766
688.4766
703.1250
703.1250
683.5937
683.5937
668.9453
668.9453
717.7734
717.7734
708.0078
708.0078
664.0625
664.0625
590.8203
590.8203
605.4687
605.4687
732.4219
732.4219
820.3125
820.3125
883.7891
883.7891
849.6094
849.6094
781.2500
781.2500
639.6484
639.6484
419.9219
419.9219
175.7812
175.7812
0.0000
0.0000
0.0000
0.0000
0.0000
0.0000
0.0000
0.0000
0.0000
0.0000
19.5312
19.5312
78.1250
78.1250
14.6484
14.6484
0.0000
0.0000
0.0000
0.0000
0.0000
0.0000
0.0000
0.0000
0.0000
0.0000
0.0000
0.0000
0.0000
0.0000
0.0000
0.0000
0.0000
0.0000
0.0000
0.0000
0.0000
0.0000
0.0000
0.0000
0.0000
0.0000
0.0000
0.0000
0.0000
0.0000
0.0000
0.0000
0.0000
0.0000
0.0000
0.0000
0.0000
0.0000
0.0000
0.0000
0.0000
0.0000
58.5937
58.5937
146.4844
146.4844
170.8984
170.8984
166.0156
166.0156
156.2500
156.2500
229.4922
229.4922
253.9062
253.9062
263.6719
263.6719
234.3750
234.3750
244.1406
244.1406
322.2656
322.2656
336.9141
336.9141
346.6797
346.6797
322.2656
322.2656
375.9766
375.9766
454.1016
454.1016
498.0469
498.0469
546.8750
546.8750
590.8203
590.8203
717.7734
717.7734
815.4297
815.4297
878.9062
878.9062
913.0859
913.0859
952.1484
952.1484
1059.5703
1059.5703
1132.8125
1132.8125
1215.8203
1215.8203
1308.5937
1308.5937
1445.3125
1445.3125
1577.1484
1577.1484
1562.5000
1562.5000
1396.4844
1396.4844
1069.3359
1069.3359
727.5391
727.5391
371.0937
371.0937
48.8281
48.8281
0.0000
0.0000
0.0000
0.0000
0.0000
0.0000
0.0000
0.0000
0.0000
0.0000
0.0000
0.0000
0.0000
0.0000
0.0000
0.0000
0.0000
0.0000
0.0000
0.0000
0.0000
0.0000
0.0000
0.0000
0.0000
0.0000
0.0000
0.0000
0.0000
0.0000
0.0000
0.0000
0.0000
0.0000
0.0000
0.0000
0.0000
0.0000
0.0000
0.0000
0.0000
0.0000
0.0000
0.0000
0.0000
0.0000
0.0000
0.0000
0.0000
0.0000
0.0000
0.0000
0.0000
0.0000
0.0000
0.0000
0.0000
0.0000
0.0000
0.0000
0.0000
0.0000
53.7109
53.7109
97.6562
97.6562
117.1875
117.1875
151.3672
151.3672
258.7891
258.7891
336.9141
336.9141
385.7422
385.7422
380.8594
380.8594
405.2734
405.2734
478.5156
478.5156
483.3984
483.3984
478.5156
478.5156
439.4531
439.4531
478.5156
478.5156
532.2266
532.2266
527.3437
527.3437
502.9297
502.9297
458.9844
458.9844
488.2812
488.2812
493.1641
493.1641
532.2266
532.2266
615.2344
615.2344
771.4844
771.4844
996.0937
996.0937
1103.5156
1103.5156
1088.8672
1088.8672
898.4375
898.4375
664.0625
664.0625
395.5078
395.5078
122.0703
122.0703
0.0000
0.0000
0.0000
0.0000
0.0000
0.0000
0.0000
0.0000
0.0000
0.0000
0.0000
0.0000
0.0000
0.0000
0.0000
0.0000
0.0000
0.0000
0.0000
0.0000
0.0000
0.0000
0.0000
0.0000
0.0000
0.0000
0.0000
0.0000
0.0000
0.0000
0.0000
0.0000
0.0000
0.0000
0.0000
0.0000
0.0000
0.0000
0.0000
0.0000
0.0000
0.0000
0.0000
0.0000
0.0000
0.0000
0.0000
0.0000
0.0000
0.0000
0.0000
0.0000
0.0000
0.0000
0.0000
0.0000
0.0000
0.0000
0.0000
0.0000
0.0000
0.0000
48.8281
48.8281
63.4766
63.4766
48.8281
48.8281
29.2969
29.2969
97.6562
97.6562
151.3672
151.3672
205.0781
205.0781
229.4922
229.4922
278.3203
278.3203
385.7422
385.7422
424.8047
424.8047
454.1016
454.1016
454.1016
454.1016
527.3437
527.3437
634.7656
634.7656
698.2422
698.2422
756.8359
756.8359
776.3672
776.3672
844.7266
844.7266
878.9062
878.9062
859.3750
859.3750
825.1953
825.1953
854.4922
854.4922
1010.7422
1010.7422
1157.2266
1157.2266
1254.8828
1254.8828
1245.1172
1245.1172
1142.5781
1142.5781
957.0312
957.0312
629.8828
629.8828
302.7344
302.7344
34.1797
34.1797
0.0000
0.0000
0.0000
0.0000
19.5312
19.5312
0.0000
0.0000
0.0000
0.0000
0.0000
0.0000
0.0000
0.0000
0.0000
0.0000
0.0000
0.0000
0.0000
0.0000
0.0000
0.0000
0.0000
0.0000
0.0000
0.0000
0.0000
0.0000
0.0000
0.0000
0.0000
0.0000
0.0000
0.0000
0.0000
0.0000
0.0000
0.0000
0.0000
0.0000
0.0000
0.0000
0.0000
0.0000
0.0000
0.0000
0.0000
0.0000
0.0000
0.0000
0.0000
0.0000
0.0000
0.0000
0.0000
0.0000
14.6484
14.6484
141.6016
141.6016
195.3125
195.3125
234.3750
234.3750
249.0234
249.0234
332.0312
332.0312
400.3906
400.3906
410.1562
410.1562
390.6250
390.6250
366.2109
366.2109
434.5703
434.5703
458.9844
458.9844
468.7500
468.7500
458.9844
458.9844
483.3984
483.3984
551.7578
551.7578
556.6406
556.6406
551.7578
551.7578
537.1094
537.1094
605.4687
605.4687
693.3594
693.3594
717.7734
717.7734
708.0078
708.0078
673.8281
673.8281
722.6562
722.6562
766.6016
766.6016
830.0781
830.0781
898.4375
898.4375
942.3828
942.3828
976.5625
976.5625
859.3750
859.3750
644.5312
644.5312
366.2109
366.2109
180.6641
180.6641
92.7734
92.7734
34.1797
34.1797
29.2969
29.2969
0.0000
0.0000
0.0000
0.0000
0.0000
0.0000
0.0000
0.0000
0.0000
0.0000
0.0000
0.0000
0.0000
0.0000
0.0000
0.0000
0.0000
0.0000
0.0000
0.0000
0.0000
0.0000
0.0000
0.0000
0.0000
0.0000
0.0000
0.0000
0.0000
0.0000
0.0000
0.0000
0.0000
0.0000
0.0000
0.0000
0.0000
0.0000
0.0000
0.0000
0.0000
0.0000
0.0000
0.0000
0.0000
0.0000
0.0000
0.0000
0.0000
0.0000
0.0000
0.0000
0.0000
0.0000
0.0000
0.0000
0.0000
0.0000
0.0000
0.0000
58.5937
58.5937
107.4219
107.4219
146.4844
146.4844
175.7812
175.7812
278.3203
278.3203
361.3281
361.3281
385.7422
385.7422
380.8594
380.8594
385.7422
385.7422
458.9844
458.9844
473.6328
473.6328
478.5156
478.5156
454.1016
454.1016
488.2812
488.2812
576.1719
576.1719
605.4687
605.4687
625.0000
625.0000
620.1172
620.1172
688.4766
688.4766
771.4844
771.4844
834.9609
834.9609
932.6172
932.6172
1064.4531
1064.4531
1264.6484
1264.6484
1381.8359
1381.8359
1372.0703
1372.0703
1225.5859
1225.5859
1005.8594
1005.8594
781.2500
781.2500
498.0469
498.0469
268.5547
268.5547
78.1250
78.1250
14.6484
14.6484
0.0000
0.0000
0.0000
0.0000
0.0000
0.0000
0.0000
0.0000
0.0000
0.0000
0.0000
0.0000
0.0000
0.0000
0.0000
0.0000
0.0000
0.0000
0.0000
0.0000
0.0000
0.0000
0.0000
0.0000
0.0000
0.0000
0.0000
0.0000
0.0000
0.0000
0.0000
0.0000
0.0000
0.0000
0.0000
0.0000
0.0000
0.0000
0.0000
0.0000
0.0000
0.0000
0.0000
0.0000
0.0000
0.0000
0.0000
0.0000
0.0000
0.0000
0.0000
0.0000
0.0000
0.0000
0.0000
0.0000
29.2969
29.2969
63.4766
63.4766
97.6562
97.6562
102.5391
102.5391
180.6641
180.6641
263.6719
263.6719
297.8516
297.8516
317.3828
317.3828
332.0312
332.0312
429.6875
429.6875
493.1641
493.1641
537.1094
537.1094
537.1094
537.1094
551.7578
551.7578
625.0000
625.0000
620.1172
620.1172
600.5859
600.5859
546.8750
546.8750
551.7578
551.7578
585.9375
585.9375
566.4062
566.4062
551.7578
551.7578
541.9922
541.9922
654.2969
654.2969
805.6641
805.6641
913.0859
913.0859
961.9141
961.9141
952.1484
952.1484
913.0859
913.0859
751.9531
751.9531
532.2266
532.2266
258.7891
258.7891
83.0078
83.0078
14.6484
14.6484
0.0000
0.0000
0.0000
0.0000
0.0000
0.0000
0.0000
0.0000
0.0000
0.0000
0.0000
0.0000
0.0000
0.0000
0.0000
0.0000
0.0000
0.0000
0.0000
0.0000
0.0000
0.0000
0.0000
0.0000
0.0000
0.0000
0.0000
0.0000
0.0000
0.0000
0.0000
0.0000
0.0000
0.0000
0.0000
0.0000
0.0000
0.0000
0.0000
0.0000
0.0000
0.0000
0.0000
0.0000
0.0000
0.0000
0.0000
0.0000
0.0000
0.0000
0.0000
0.0000
0.0000
0.0000
29.2969
29.2969
107.4219
107.4219
151.3672
151.3672
141.6016
141.6016
166.0156
166.0156
224.6094
224.6094
229.4922
229.4922
234.3750
234.3750
214.8437
214.8437
268.5547
268.5547
307.6172
307.6172
307.6172
283.2031
283.2031
283.2031
268.5547
268.5547
341.7969
341.7969
385.7422
385.7422
434.5703
434.5703
458.9844
458.9844
527.3437
527.3437
649.4141
649.4141
703.1250
703.1250
737.3047
737.3047
722.6562
722.6562
786.1328
786.1328
878.9062
878.9062
957.0312
957.0312
1054.6875
1054.6875
1147.4609
1147.4609
1289.0625
1289.0625
1333.0078
1333.0078
1254.8828
1064.4531
1064.4531
1064.4531
844.7266
844.7266
673.8281
673.8281
468.7500
468.7500
292.9687
292.9687
136.7187
136.7187
73.2422
73.2422
29.2969
29.2969
0.0000
0.0000
0.0000
0.0000
0.0000
0.0000
0.0000
0.0000
0.0000
0.0000
0.0000
0.0000
0.0000
0.0000
0.0000
0.0000
0.0000
0.0000
0.0000
0.0000
0.0000
0.0000
0.0000
0.0000
0.0000
0.0000
0.0000
0.0000
0.0000
0.0000
0.0000
0.0000
0.0000
0.0000
0.0000
0.0000
0.0000
0.0000
0.0000
0.0000
0.0000
0.0000
0.0000
0.0000
0.0000
0.0000
0.0000
0.0000
0.0000
0.0000
0.0000
0.0000
0.0000
53.7109
53.7109
151.3672
151.3672
214.8437
214.8437
229.4922
229.4922
302.7344
302.7344
390.6250
390.6250
434.5703
434.5703
473.6328
473.6328
483.3984
483.3984
541.9922
541.9922
561.5234
561.5234
537.1094
537.1094
483.3984
483.3984
458.9844
458.9844
502.9297
502.9297
488.2812
488.2812
454.1016
454.1016
385.7422
385.7422
385.7422
385.7422
410.1562
410.1562
390.6250
390.6250
400.3906
400.3906
444.3359
444.3359
629.8828
629.8828
820.3125
820.3125
927.7344
927.7344
917.9687
917.9687
795.8984
795.8984
664.0625
664.0625
429.6875
429.6875
224.6094
224.6094
58.5937
58.5937
24.4141
24.4141
107.4219
107.4219
141.6016
141.6016
141.6016
141.6016
58.5937
58.5937
0.0000
0.0000
0.0000
0.0000
0.0000
0.0000
0.0000
0.0000
0.0000
0.0000
0.0000
0.0000
0.0000
0.0000
0.0000
0.0000
0.0000
0.0000
0.0000
0.0000
0.0000
0.0000
0.0000
0.0000
0.0000
0.0000
0.0000
0.0000
0.0000
0.0000
0.0000
0.0000
0.0000
0.0000
0.0000
0.0000
0.0000
0.0000
0.0000
0.0000
0.0000
0.0000
0.0000
0.0000
0.0000
0.0000
0.0000
0.0000
0.0000
0.0000
19.5312
19.5312
48.8281
48.8281
34.1797
34.1797
83.0078
83.0078
175.7812
175.7812
224.6094
224.6094
283.2031
283.2031
317.3828
317.3828
424.8047
424.8047
532.2266
532.2266
585.9375
585.9375
595.7031
595.7031
615.2344
615.2344
703.1250
703.1250
756.8359
756.8359
795.8984
795.8984
810.5469
810.5469
849.6094
849.6094
917.9687
917.9687
913.0859
913.0859
874.0234
874.0234
805.6641
805.6641
834.9609
834.9609
932.6172
932.6172
1030.2734
1030.2734
1152.3437
1152.3437
1240.2344
1240.2344
1323.2422
1323.2422
1264.6484
1264.6484
1044.9219
1044.9219
698.2422
698.2422
371.0937
371.0937
190.4297
190.4297
48.8281
48.8281
0.0000
0.0000
0.0000
0.0000
0.0000
0.0000
0.0000
0.0000
0.0000
0.0000
0.0000
0.0000
0.0000
0.0000
0.0000
0.0000
0.0000
0.0000
0.0000
0.0000
0.0000
0.0000
0.0000
0.0000
0.0000
0.0000
0.0000
0.0000
0.0000
0.0000
0.0000
0.0000
0.0000
0.0000
0.0000
0.0000
0.0000
0.0000
0.0000
0.0000
0.0000
0.0000
0.0000
0.0000
0.0000
0.0000
0.0000
0.0000
0.0000
0.0000
0.0000
0.0000
0.0000
0.0000
0.0000
0.0000
39.0625
39.0625
87.8906
87.8906
131.8359
131.8359
209.9609
209.9609
219.7266
219.7266
214.8437
214.8437
190.4297
190.4297
234.3750
234.3750
312.5000
312.5000
346.6797
346.6797
361.3281
361.3281
351.5625
351.5625
415.0391
415.0391
458.9844
458.9844
478.5156
478.5156
483.3984
483.3984
498.0469
498.0469
585.9375
585.9375
610.3516
610.3516
615.2344
615.2344
571.2891
571.2891
581.0547
581.0547
629.8828
629.8828
634.7656
634.7656
654.2969
654.2969
688.4766
688.4766
815.4297
815.4297
903.3203
903.3203
869.1406
869.1406
698.2422
698.2422
405.2734
405.2734
136.7187
136.7187
0.0000
0.0000
0.0000
0.0000
0.0000
0.0000
0.0000
0.0000
0.0000
0.0000
9.7656
9.7656
0.0000
0.0000
0.0000
0.0000
0.0000
0.0000
0.0000
0.0000
0.0000
0.0000
0.0000
0.0000
0.0000
0.0000
0.0000
0.0000
0.0000
0.0000
0.0000
0.0000
0.0000
0.0000
0.0000
0.0000
0.0000
0.0000
0.0000
0.0000
0.0000
0.0000
0.0000
0.0000
0.0000
0.0000
0.0000
0.0000
0.0000
0.0000
0.0000
0.0000
0.0000
0.0000
0.0000
0.0000
0.0000
0.0000
0.0000
0.0000
0.0000
0.0000
0.0000
0.0000
48.8281
48.8281
97.6562
97.6562
112.3047
112.3047
97.6562
97.6562
146.4844
146.4844
249.0234
249.0234
302.7344
302.7344
341.7969
341.7969
332.0312
332.0312
366.2109
366.2109
380.8594
380.8594
361.3281
361.3281
336.9141
336.9141
327.1484
327.1484
405.2734
405.2734
454.1016
454.1016
478.5156
478.5156
468.7500
468.7500
488.2812
488.2812
561.5234
561.5234
585.9375
585.9375
605.4687
605.4687
610.3516
610.3516
722.6562
722.6562
893.5547
893.5547
1049.8047
1049.8047
1196.2891
1196.2891
1279.2969
1279.2969
1342.7734
1342.7734
1254.8828
1254.8828
1030.2734
1030.2734
717.7734
717.7734
439.4531
439.4531
292.9687
292.9687
180.6641
180.6641
146.4844
146.4844
112.3047
112.3047
92.7734
92.7734
29.2969
29.2969
0.0000
0.0000
0.0000
0.0000
0.0000
0.0000
0.0000
0.0000
0.0000
0.0000
0.0000
0.0000
0.0000
0.0000
0.0000
0.0000
0.0000
0.0000
0.0000
0.0000
0.0000
0.0000
0.0000
0.0000
0.0000
0.0000
0.0000
0.0000
0.0000
0.0000
0.0000
0.0000
0.0000
0.0000
0.0000
0.0000
0.0000
0.0000
0.0000
0.0000
0.0000
0.0000
0.0000
0.0000
0.0000
0.0000
0.0000
0.0000
0.0000
0.0000
0.0000
0.0000
0.0000
0.0000
78.1250
78.1250
122.0703
122.0703
166.0156
166.0156
195.3125
195.3125
297.8516
297.8516
434.5703
434.5703
517.5781
517.5781
566.4062
566.4062
571.2891
571.2891
639.6484
639.6484
683.5937
683.5937
698.2422
698.2422
673.8281
673.8281
654.2969
654.2969
698.2422
698.2422
668.9453
668.9453
610.3516
610.3516
517.5781
517.5781
488.2812
488.2812
502.9297
502.9297
488.2812
488.2812
493.1641
493.1641
522.4609
522.4609
673.8281
673.8281
854.4922
854.4922
976.5625
976.5625
1015.6250
1015.6250
932.6172
932.6172
825.1953
825.1953
595.7031
595.7031
332.0312
332.0312
63.4766
63.4766
0.0000
0.0000
0.0000
0.0000
0.0000
0.0000
0.0000
0.0000
0.0000
0.0000
0.0000
0.0000
0.0000
0.0000
0.0000
0.0000
0.0000
0.0000
0.0000
0.0000
0.0000
0.0000
0.0000
0.0000
0.0000
0.0000
0.0000
0.0000
0.0000
0.0000
0.0000
0.0000
0.0000
0.0000
0.0000
0.0000
0.0000
0.0000
0.0000
0.0000
0.0000
0.0000
0.0000
0.0000
0.0000
0.0000
0.0000
0.0000
0.0000
0.0000
0.0000
0.0000
0.0000
0.0000
0.0000
0.0000
29.2969
29.2969
141.6016
141.6016
185.5469
185.5469
195.3125
195.3125
156.2500
156.2500
170.8984
170.8984
244.1406
244.1406
253.9062
253.9062
258.7891
258.7891
229.4922
229.4922
283.2031
283.2031
332.0312
332.0312
346.6797
346.6797
361.3281
361.3281
385.7422
385.7422
502.9297
502.9297
576.1719
576.1719
615.2344
615.2344
615.2344
615.2344
639.6484
639.6484
717.7734
717.7734
732.4219
732.4219
737.3047
737.3047
737.3047
737.3047
834.9609
834.9609
981.4453
981.4453
1064.4531
1064.4531
1079.1016
1079.1016
981.4453
981.4453
869.1406
869.1406
659.1797
659.1797
419.9219
419.9219
190.4297
190.4297
73.2422
73.2422
97.6562
97.6562
107.4219
107.4219
112.3047
112.3047
48.8281
48.8281
0.0000
0.0000
0.0000
0.0000
0.0000
0.0000
0.0000
0.0000
0.0000
0.0000
0.0000
0.0000
0.0000
0.0000
0.0000
0.0000
0.0000
0.0000
0.0000
0.0000
0.0000
0.0000
0.0000
0.0000
0.0000
0.0000
0.0000
0.0000
0.0000
0.0000
0.0000
0.0000
0.0000
0.0000
0.0000
0.0000
0.0000
0.0000
0.0000
0.0000
0.0000
0.0000
0.0000
0.0000
0.0000
0.0000
0.0000
0.0000
0.0000
0.0000
0.0000
0.0000
63.4766
63.4766
112.3047
112.3047
156.2500
156.2500
258.7891
258.7891
312.5000
312.5000
351.5625
351.5625
366.2109
366.2109
424.8047
424.8047
483.3984
483.3984
478.5156
478.5156
444.3359
444.3359
400.3906
400.3906
458.9844
458.9844
498.0469
498.0469
502.9297
502.9297
483.3984
483.3984
473.6328
473.6328
532.2266
532.2266
537.1094
537.1094
537.1094
537.1094
502.9297
502.9297
522.4609
522.4609
600.5859
600.5859
664.0625
664.0625
766.6016
766.6016
834.9609
834.9609
917.9687
917.9687
922.8516
922.8516
795.8984
795.8984
581.0547
581.0547
341.7969
341.7969
214.8437
214.8437
117.1875
117.1875
73.2422
73.2422
34.1797
34.1797
39.0625
39.0625
68.3594
68.3594
0.0000
0.0000
0.0000
0.0000
0.0000
0.0000
0.0000
0.0000
0.0000
0.0000
0.0000
0.0000
0.0000
0.0000
0.0000
0.0000
0.0000
0.0000
0.0000
0.0000
0.0000
0.0000
0.0000
0.0000
0.0000
0.0000
0.0000
0.0000
0.0000
0.0000
0.0000
0.0000
0.0000
0.0000
0.0000
0.0000
0.0000
0.0000
0.0000
0.0000
0.0000
0.0000
0.0000
0.0000
0.0000
0.0000
0.0000
0.0000
0.0000
0.0000
0.0000
0.0000
0.0000
0.0000
0.0000
0.0000
24.4141
107.4219
107.4219
161.1328
161.1328
249.0234
249.0234
380.8594
380.8594
444.3359
444.3359
488.2812
488.2812
502.9297
502.9297
590.8203
590.8203
693.3594
693.3594
747.0703
747.0703
795.8984
795.8984
820.3125
820.3125
908.2031
908.2031
947.2656
947.2656
947.2656
947.2656
922.8516
922.8516
927.7344
927.7344
1005.8594
1005.8594
1030.2734
1030.2734
1059.5703
1059.5703
1088.8672
1088.8672
1191.4062
1191.4062
1333.0078
1333.0078
1376.9531
1376.9531
1323.2422
1323.2422
1132.8125
1132.8125
898.4375
898.4375
590.8203
590.8203
288.0859
288.0859
53.7109
53.7109
0.0000
0.0000
0.0000
0.0000
0.0000
0.0000
0.0000
0.0000
0.0000
0.0000
0.0000
0.0000
0.0000
0.0000
0.0000
0.0000
0.0000
0.0000
0.0000
0.0000
0.0000
0.0000
0.0000
0.0000
0.0000
0.0000
0.0000
0.0000
0.0000
0.0000
0.0000
0.0000
0.0000
0.0000
0.0000
0.0000
0.0000
0.0000
0.0000
0.0000
0.0000
0.0000
0.0000
0.0000
0.0000
0.0000
0.0000
0.0000
0.0000
0.0000
0.0000
0.0000
0.0000
0.0000
0.0000
0.0000
0.0000
0.0000
0.0000
0.0000
24.4141
24.4141
14.6484
14.6484
0.0000
0.0000
0.0000
0.0000
63.4766
63.4766
107.4219
107.4219
126.9531
126.9531
97.6562
97.6562
107.4219
107.4219
161.1328
161.1328
170.8984
170.8984
190.4297
190.4297
200.1953
200.1953
297.8516
297.8516
395.5078
395.5078
449.2187
449.2187
478.5156
478.5156
502.9297
502.9297
585.9375
585.9375
625.0000
625.0000
649.4141
649.4141
654.2969
654.2969
732.4219
732.4219
908.2031
908.2031
1020.5078
1020.5078
1079.1016
1079.1016
1005.8594
1005.8594
893.5547
893.5547
717.7734
717.7734
473.6328
473.6328
244.1406
244.1406
83.0078
83.0078
87.8906
87.8906
136.7187
136.7187
205.0781
205.0781
239.2578
239.2578
229.4922
229.4922
200.1953
200.1953
43.9453
43.9453
0.0000
0.0000
0.0000
0.0000
0.0000
0.0000
0.0000
0.0000
0.0000
0.0000
0.0000
0.0000
0.0000
0.0000
0.0000
0.0000
0.0000
0.0000
0.0000
0.0000
0.0000
0.0000
0.0000
0.0000
0.0000
0.0000
0.0000
0.0000
0.0000
0.0000
0.0000
0.0000
0.0000
0.0000
0.0000
0.0000
0.0000
0.0000
0.0000
0.0000
0.0000
0.0000
0.0000
0.0000
0.0000
0.0000
0.0000
0.0000
0.0000
0.0000
24.4141
24.4141
170.8984
170.8984
273.4375
273.4375
341.7969
341.7969
366.2109
366.2109
390.6250
390.6250
439.4531
439.4531
415.0391
415.0391
380.8594
380.8594
336.9141
336.9141
390.6250
390.6250
463.8672
463.8672
493.1641
493.1641
498.0469
498.0469
478.5156
478.5156
537.1094
537.1094
571.2891
571.2891
585.9375
585.9375
600.5859
600.5859
668.9453
668.9453
844.7266
844.7266
991.2109
991.2109
1127.9297
1127.9297
1210.9375
1210.9375
1254.8828
1254.8828
1235.3516
1235.3516
1054.6875
1054.6875
795.8984
795.8984
488.2812
488.2812
307.6172
307.6172
190.4297
190.4297
117.1875
117.1875
83.0078
83.0078
39.0625
39.0625
19.5312
19.5312
0.0000
0.0000
0.0000
0.0000
0.0000
0.0000
0.0000
0.0000
0.0000
0.0000
0.0000
0.0000
0.0000
0.0000
0.0000
0.0000
0.0000
0.0000
0.0000
0.0000
0.0000
0.0000
0.0000
0.0000
0.0000
0.0000
0.0000
0.0000
0.0000
0.0000
0.0000
0.0000
0.0000
0.0000
0.0000
0.0000
0.0000
0.0000
0.0000
0.0000
0.0000
0.0000
0.0000
0.0000
0.0000
0.0000
0.0000
0.0000
0.0000
0.0000
0.0000
0.0000
0.0000
0.0000
0.0000
0.0000
0.0000
0.0000
0.0000
0.0000
0.0000
0.0000
14.6484
14.6484
156.2500
156.2500
249.0234
249.0234
322.2656
322.2656
351.5625
351.5625
419.9219
419.9219
517.5781
517.5781
546.8750
546.8750
566.4062
566.4062
546.8750
546.8750
600.5859
600.5859
654.2969
654.2969
649.4141
649.4141
605.4687
605.4687
556.6406
556.6406
585.9375
585.9375
561.5234
561.5234
517.5781
517.5781
463.8672
463.8672
517.5781
517.5781
668.9453
668.9453
756.8359
756.8359
791.0156
791.0156
703.1250
703.1250
595.7031
595.7031
410.1562
410.1562
151.3672
151.3672
0.0000
0.0000
0.0000
0.0000
0.0000
0.0000
0.0000
0.0000
58.5937
58.5937
131.8359
131.8359
166.0156
166.0156
205.0781
205.0781
131.8359
131.8359
9.7656
9.7656
0.0000
0.0000
0.0000
0.0000
0.0000
0.0000
0.0000
0.0000
0.0000
0.0000
0.0000
0.0000
0.0000
0.0000
0.0000
0.0000
0.0000
0.0000
0.0000
0.0000
0.0000
0.0000
0.0000
0.0000
0.0000
0.0000
0.0000
0.0000
0.0000
0.0000
0.0000
0.0000
0.0000
0.0000
0.0000
0.0000
0.0000
0.0000
0.0000
0.0000
0.0000
0.0000
0.0000
0.0000
0.0000
0.0000
0.0000
0.0000
0.0000
0.0000
92.7734
92.7734
156.2500
156.2500
185.5469
185.5469
170.8984
170.8984
185.5469
185.5469
273.4375
273.4375
307.6172
307.6172
346.6797
346.6797
371.0937
371.0937
478.5156
478.5156
590.8203
590.8203
639.6484
639.6484
654.2969
654.2969
659.1797
659.1797
747.0703
747.0703
795.8984
795.8984
825.1953
825.1953
844.7266
844.7266
878.9062
878.9062
976.5625
976.5625
981.4453
981.4453
952.1484
952.1484
917.9687
917.9687
991.2109
991.2109
1152.3437
1152.3437
1259.7656
1259.7656
1289.0625
1289.0625
1186.5234
1186.5234
1010.7422
1010.7422
712.8906
712.8906
356.4453
356.4453
63.4766
63.4766
0.0000
0.0000
0.0000
0.0000
0.0000
0.0000
0.0000
0.0000
0.0000
0.0000
0.0000
0.0000
0.0000
0.0000
0.0000
0.0000
0.0000
0.0000
0.0000
0.0000
0.0000
0.0000
0.0000
0.0000
0.0000
0.0000
0.0000
0.0000
0.0000
0.0000
0.0000
0.0000
0.0000
0.0000
0.0000
0.0000
0.0000
0.0000
0.0000
0.0000
0.0000
0.0000
0.0000
0.0000
0.0000
0.0000
0.0000
0.0000
0.0000
0.0000
0.0000
0.0000
0.0000
0.0000
0.0000
0.0000
0.0000
0.0000
0.0000
0.0000
0.0000
0.0000
0.0000
0.0000
0.0000
0.0000
0.0000
0.0000
92.7734
92.7734
151.3672
151.3672
195.3125
195.3125
175.7812
175.7812
180.6641
180.6641
209.9609
209.9609
190.4297
190.4297
185.5469
185.5469
161.1328
161.1328
234.3750
234.3750
307.6172
307.6172
346.6797
346.6797
371.0937
371.0937
390.6250
390.6250
488.2812
488.2812
527.3437
527.3437
566.4062
566.4062
625.0000
625.0000
781.2500
781.2500
1000.9766
1000.9766
1118.1641
1118.1641
1127.9297
1127.9297
976.5625
976.5625
795.8984
795.8984
581.0547
581.0547
332.0312
332.0312
107.4219
107.4219
0.0000
0.0000
0.0000
0.0000
0.0000
0.0000
0.0000
0.0000
0.0000
0.0000
0.0000
0.0000
0.0000
0.0000
0.0000
0.0000
0.0000
0.0000
0.0000
0.0000
0.0000
0.0000
0.0000
0.0000
0.0000
0.0000
0.0000
0.0000
0.0000
0.0000
0.0000
0.0000
0.0000
0.0000
0.0000
0.0000
0.0000
0.0000
0.0000
0.0000
0.0000
0.0000
0.0000
0.0000
0.0000
0.0000
0.0000
0.0000
0.0000
0.0000
0.0000
0.0000
0.0000
0.0000
0.0000
0.0000
0.0000
0.0000
0.0000
0.0000
0.0000
0.0000
0.0000
0.0000
0.0000
0.0000
34.1797
34.1797
141.6016
141.6016
209.9609
209.9609
258.7891
258.7891
278.3203
278.3203
336.9141
336.9141
454.1016
454.1016
512.6953
512.6953
566.4062
566.4062
576.1719
576.1719
634.7656
634.7656
693.3594
693.3594
712.8906
712.8906
717.7734
717.7734
712.8906
712.8906
810.5469
810.5469
883.7891
883.7891
932.6172
932.6172
947.2656
947.2656
991.2109
991.2109
1127.9297
1127.9297
1245.1172
1245.1172
1372.0703
1372.0703
1455.0781
1455.0781
1503.9062
1503.9062
1464.8437
1464.8437
1215.8203
1215.8203
854.4922
854.4922
463.8672
463.8672
219.7266
219.7266
73.2422
73.2422
0.0000
0.0000
0.0000
0.0000
0.0000
0.0000
0.0000
0.0000
0.0000
0.0000
0.0000
0.0000
0.0000
0.0000
0.0000
0.0000
0.0000
0.0000
0.0000
0.0000
0.0000
0.0000
0.0000
0.0000
0.0000
0.0000
0.0000
0.0000
0.0000
0.0000
0.0000
0.0000
0.0000
0.0000
0.0000
0.0000
0.0000
0.0000
0.0000
0.0000
0.0000
0.0000
0.0000
0.0000
14.6484
14.6484
78.1250
78.1250
146.4844
146.4844
190.4297
190.4297
268.5547
268.5547
361.3281
361.3281
361.3281
361.3281
332.0312
268.5547
268.5547
268.5547
297.8516
297.8516
336.9141
336.9141
351.5625
351.5625
361.3281
361.3281
380.8594
380.8594
454.1016
454.1016
468.7500
468.7500
473.6328
473.6328
458.9844
483.3984
483.3984
483.3984
576.1719
576.1719
605.4687
605.4687
610.3516
610.3516
585.9375
585.9375
625.0000
625.0000
664.0625
664.0625
659.1797
659.1797
673.8281
673.8281
708.0078
854.4922
854.4922
854.4922
947.2656
947.2656
927.7344
927.7344
751.9531
751.9531
468.7500
468.7500
185.5469
185.5469
0.0000
0.0000
0.0000
0.0000
0.0000
0.0000
0.0000
0.0000
0.0000
0.0000
0.0000
0.0000
0.0000
0.0000
0.0000
0.0000
0.0000
0.0000
0.0000
0.0000
0.0000
0.0000
0.0000
0.0000
0.0000
0.0000
0.0000
0.0000
0.0000
0.0000
0.0000
0.0000
0.0000
0.0000
0.0000
0.0000
0.0000
0.0000
0.0000
0.0000
0.0000
0.0000
0.0000
0.0000
0.0000
0.0000
0.0000
0.0000
0.0000
0.0000
0.0000
0.0000
0.0000
0.0000
0.0000
0.0000
0.0000
0.0000
0.0000
0.0000
0.0000
0.0000
0.0000
102.5391
102.5391
146.4844
146.4844
151.3672
151.3672
122.0703
122.0703
166.0156
166.0156
253.9062
253.9062
312.5000
312.5000
366.2109
366.2109
371.0937
371.0937
419.9219
419.9219
439.4531
439.4531
424.8047
424.8047
400.3906
400.3906
415.0391
415.0391
527.3437
527.3437
590.8203
590.8203
634.7656
634.7656
644.5312
644.5312
683.5937
683.5937
761.7187
761.7187
810.5469
810.5469
893.5547
893.5547
1000.9766
1000.9766
1181.6406
1181.6406
1308.5937
1308.5937
1279.2969
1279.2969
1088.8672
1088.8672
766.6016
766.6016
493.1641
493.1641
224.6094
224.6094
43.9453
43.9453
0.0000
0.0000
0.0000
0.0000
0.0000
0.0000
0.0000
0.0000
0.0000
0.0000
0.0000
0.0000
0.0000
0.0000
0.0000
0.0000
0.0000
0.0000
0.0000
0.0000
0.0000
0.0000
0.0000
0.0000
0.0000
0.0000
0.0000
0.0000
0.0000
0.0000
0.0000
0.0000
0.0000
0.0000
0.0000
0.0000
0.0000
0.0000
0.0000
0.0000
0.0000
0.0000
0.0000
0.0000
0.0000
0.0000
0.0000
0.0000
0.0000
0.0000
0.0000
0.0000
0.0000
0.0000
0.0000
0.0000
0.0000
0.0000
0.0000
0.0000
0.0000
0.0000
0.0000
0.0000
0.0000
0.0000
0.0000
0.0000
0.0000
0.0000
87.8906
87.8906
107.4219
107.4219
117.1875
117.1875
107.4219
107.4219
195.3125
195.3125
322.2656
322.2656
410.1562
410.1562
473.6328
473.6328
517.5781
517.5781
620.1172
620.1172
678.7109
678.7109
698.2422
698.2422
683.5937
683.5937
703.1250
703.1250
781.2500
781.2500
820.3125
820.3125
859.3750
859.3750
903.3203
903.3203
1044.9219
1044.9219
1220.7031
1220.7031
1259.7656
1259.7656
1142.5781
1142.5781
815.4297
815.4297
458.9844
458.9844
97.6562
97.6562
0.0000
0.0000
0.0000
0.0000
0.0000
0.0000
0.0000
0.0000
24.4141
24.4141
0.0000
0.0000
0.0000
0.0000
0.0000
0.0000
0.0000
0.0000
0.0000
0.0000
0.0000
0.0000
0.0000
0.0000
0.0000
0.0000
0.0000
0.0000
0.0000
0.0000
0.0000
0.0000
0.0000
0.0000
0.0000
0.0000
0.0000
0.0000
0.0000
0.0000
0.0000
0.0000
0.0000
0.0000
0.0000
0.0000
0.0000
0.0000
0.0000
0.0000
0.0000
0.0000
0.0000
0.0000
0.0000
0.0000
0.0000
0.0000
0.0000
0.0000
0.0000
0.0000
78.1250
78.1250
151.3672
151.3672
195.3125
195.3125
209.9609
209.9609
249.0234
249.0234
341.7969
341.7969
375.9766
375.9766
380.8594
380.8594
356.4453
356.4453
395.5078
395.5078
458.9844
458.9844
483.3984
483.3984
498.0469
498.0469
498.0469
498.0469
581.0547
581.0547
629.8828
629.8828
659.1797
659.1797
683.5937
683.5937
751.9531
751.9531
898.4375
898.4375
986.3281
986.3281
1049.8047
1049.8047
1088.8672
1088.8672
1201.1719
1201.1719
1376.9531
1376.9531
1464.8437
1464.8437
1474.6094
1474.6094
1347.6562
1347.6562
1157.2266
1157.2266
864.2578
864.2578
541.9922
541.9922
273.4375
273.4375
112.3047
112.3047
112.3047
112.3047
78.1250
78.1250
0.0000
0.0000
0.0000
0.0000
0.0000
0.0000
0.0000
0.0000
0.0000
0.0000
0.0000
0.0000
0.0000
0.0000
0.0000
0.0000
0.0000
0.0000
0.0000
0.0000
0.0000
0.0000
0.0000
0.0000
0.0000
0.0000
0.0000
0.0000
0.0000
0.0000
0.0000
0.0000
0.0000
0.0000
0.0000
0.0000
0.0000
0.0000
0.0000
0.0000
0.0000
0.0000
0.0000
0.0000
0.0000
0.0000
0.0000
0.0000
0.0000
0.0000
0.0000
0.0000
24.4141
24.4141
117.1875
117.1875
180.6641
180.6641
229.4922
229.4922
297.8516
297.8516
463.8672
463.8672
556.6406
556.6406
629.8828
629.8828
649.4141
649.4141
708.0078
708.0078
776.3672
776.3672
766.6016
766.6016
727.5391
727.5391
649.4141
649.4141
649.4141
649.4141
639.6484
639.6484
610.3516
610.3516
556.6406
556.6406
502.9297
502.9297
512.6953
512.6953
468.7500
468.7500
424.8047
424.8047
405.2734
405.2734
502.9297
502.9297
693.3594
693.3594
805.6641
805.6641
839.8437
839.8437
722.6562
722.6562
571.2891
571.2891
366.2109
366.2109
146.4844
146.4844
0.0000
0.0000
0.0000
0.0000
87.8906
87.8906
244.1406
244.1406
356.4453
356.4453
375.9766
375.9766
317.3828
317.3828
249.0234
249.0234
97.6562
97.6562
0.0000
0.0000
0.0000
0.0000
0.0000
0.0000
0.0000
0.0000
0.0000
0.0000
0.0000
0.0000
0.0000
0.0000
0.0000
0.0000
0.0000
0.0000
0.0000
0.0000
0.0000
0.0000
0.0000
0.0000
0.0000
0.0000
0.0000
0.0000
0.0000
0.0000
0.0000
0.0000
0.0000
0.0000
0.0000
0.0000
0.0000
0.0000
9.7656
9.7656
0.0000
0.0000
48.8281
48.8281
112.3047
112.3047
131.8359
131.8359
136.7187
136.7187
136.7187
136.7187
219.7266
219.7266
268.5547
268.5547
288.0859
288.0859
273.4375
273.4375
278.3203
278.3203
341.7969
341.7969
361.3281
361.3281
385.7422
385.7422
395.5078
395.5078
473.6328
473.6328
571.2891
571.2891
610.3516
610.3516
620.1172
620.1172
600.5859
600.5859
659.1797
659.1797
712.8906
712.8906
761.7187
761.7187
791.0156
791.0156
810.5469
810.5469
874.0234
874.0234
874.0234
874.0234
874.0234
874.0234
888.6719
888.6719
996.0937
996.0937
1166.9922
1166.9922
1225.5859
1225.5859
1186.5234
1186.5234
1010.7422
1010.7422
805.6641
805.6641
566.4062
566.4062
302.7344
302.7344
97.6562
97.6562
0.0000
0.0000
0.0000
0.0000
0.0000
0.0000
0.0000
0.0000
0.0000
0.0000
0.0000
0.0000
0.0000
0.0000
0.0000
0.0000
0.0000
0.0000
0.0000
0.0000
0.0000
0.0000
0.0000
0.0000
0.0000
0.0000
0.0000
0.0000
0.0000
0.0000
0.0000
0.0000
0.0000
0.0000
0.0000
0.0000
0.0000
0.0000
0.0000
0.0000
0.0000
0.0000
0.0000
0.0000
0.0000
0.0000
0.0000
0.0000
0.0000
0.0000
0.0000
0.0000
0.0000
0.0000
0.0000
0.0000
0.0000
0.0000
0.0000
0.0000
19.5312
19.5312
87.8906
87.8906
146.4844
146.4844
180.6641
180.6641
273.4375
273.4375
302.7344
302.7344
288.0859
288.0859
239.2578
239.2578
234.3750
234.3750
297.8516
297.8516
297.8516
297.8516
292.9687
292.9687
268.5547
268.5547
317.3828
317.3828
385.7422
385.7422
395.5078
395.5078
395.5078
395.5078
380.8594
380.8594
458.9844
458.9844
512.6953
512.6953
541.9922
541.9922
537.1094
537.1094
551.7578
551.7578
629.8828
629.8828
673.8281
673.8281
742.1875
742.1875
825.1953
825.1953
976.5625
976.5625
1118.1641
1118.1641
1127.9297
1127.9297
1025.3906
1025.3906
805.6641
805.6641
620.1172
620.1172
405.2734
405.2734
185.5469
185.5469
0.0000
0.0000
0.0000
0.0000
0.0000
0.0000
0.0000
0.0000
0.0000
0.0000
0.0000
0.0000
0.0000
0.0000
0.0000
0.0000
0.0000
0.0000
0.0000
0.0000
0.0000
0.0000
0.0000
0.0000
0.0000
0.0000
0.0000
0.0000
0.0000
0.0000
0.0000
0.0000
0.0000
0.0000
0.0000
0.0000
0.0000
0.0000
0.0000
0.0000
0.0000
0.0000
0.0000
0.0000
0.0000
0.0000
0.0000
0.0000
0.0000
0.0000
0.0000
0.0000
0.0000
0.0000
0.0000
0.0000
0.0000
0.0000
0.0000
0.0000
73.2422
73.2422
195.3125
195.3125
258.7891
258.7891
268.5547
268.5547
288.0859
288.0859
380.8594
380.8594
439.4531
439.4531
498.0469
498.0469
527.3437
527.3437
585.9375
585.9375
644.5312
644.5312
610.3516
610.3516
546.8750
546.8750
473.6328
473.6328
498.0469
498.0469
551.7578
551.7578
581.0547
581.0547
605.4687
605.4687
620.1172
620.1172
688.4766
688.4766
693.3594
693.3594
683.5937
683.5937
649.4141
649.4141
668.9453
668.9453
776.3672
776.3672
849.6094
849.6094
947.2656
947.2656
1030.2734
1030.2734
1171.8750
1171.8750
1313.4766
1313.4766
1362.3047
1362.3047
1328.1250
1181.6406
1181.6406
1035.1562
1035.1562
820.3125
820.3125
576.1719
576.1719
576.1719
317.3828
317.3828
112.3047
112.3047
4.8828
4.8828
0.0000
0.0000
0.0000
0.0000
0.0000
0.0000
0.0000
0.0000
0.0000
0.0000
0.0000
0.0000
0.0000
0.0000
0.0000
0.0000
0.0000
0.0000
0.0000
0.0000
0.0000
0.0000
0.0000
0.0000
0.0000
0.0000
0.0000
0.0000
0.0000
0.0000
0.0000
0.0000
0.0000
0.0000
0.0000
0.0000
0.0000
0.0000
0.0000
0.0000
0.0000
0.0000
0.0000
0.0000
0.0000
0.0000
0.0000
0.0000
0.0000
0.0000
0.0000
0.0000
0.0000
0.0000
0.0000
78.1250
78.1250
141.6016
141.6016
175.7812
175.7812
219.7266
219.7266
336.9141
336.9141
395.5078
395.5078
439.4531
439.4531
444.3359
444.3359
498.0469
498.0469
566.4062
566.4062
556.6406
556.6406
517.5781
517.5781
454.1016
454.1016
478.5156
478.5156
488.2812
488.2812
463.8672
463.8672
419.9219
419.9219
385.7422
385.7422
429.6875
429.6875
415.0391
415.0391
375.9766
375.9766
302.7344
302.7344
292.9687
292.9687
366.2109
366.2109
444.3359
444.3359
551.7578
551.7578
605.4687
605.4687
649.4141
649.4141
600.5859
600.5859
429.6875
429.6875
190.4297
190.4297
0.0000
0.0000
0.0000
0.0000
0.0000
0.0000
0.0000
0.0000
0.0000
0.0000
0.0000
0.0000
0.0000
0.0000
0.0000
0.0000
0.0000
0.0000
0.0000
0.0000
0.0000
0.0000
0.0000
0.0000
0.0000
0.0000
0.0000
0.0000
0.0000
0.0000
0.0000
0.0000
0.0000
0.0000
0.0000
0.0000
0.0000
0.0000
0.0000
0.0000
0.0000
0.0000
0.0000
0.0000
0.0000
0.0000
0.0000
0.0000
0.0000
0.0000
0.0000
0.0000
0.0000
0.0000
9.7656
9.7656
4.8828
4.8828
83.0078
83.0078
151.3672
151.3672
175.7812
175.7812
170.8984
170.8984
161.1328
161.1328
229.4922
229.4922
249.0234
249.0234
253.9062
253.9062
219.7266
219.7266
229.4922
229.4922
297.8516
297.8516
317.3828
317.3828
346.6797
346.6797
346.6797
346.6797
424.8047
424.8047
517.5781
517.5781
566.4062
566.4062
610.3516
610.3516
639.6484
639.6484
747.0703
747.0703
830.0781
830.0781
874.0234
874.0234
878.9062
878.9062
874.0234
874.0234
913.0859
913.0859
913.0859
913.0859
942.3828
942.3828
991.2109
991.2109
1123.0469
1123.0469
1274.4141
1274.4141
1284.1797
1284.1797
1147.4609
1147.4609
839.8437
839.8437
522.4609
522.4609
195.3125
195.3125
0.0000
0.0000
0.0000
0.0000
0.0000
0.0000
0.0000
0.0000
0.0000
0.0000
0.0000
0.0000
0.0000
0.0000
0.0000
0.0000
0.0000
0.0000
0.0000
0.0000
0.0000
0.0000
0.0000
0.0000
0.0000
0.0000
0.0000
0.0000
0.0000
0.0000
0.0000
0.0000
0.0000
0.0000
0.0000
0.0000
0.0000
0.0000
0.0000
0.0000
0.0000
0.0000
0.0000
0.0000
0.0000
0.0000
0.0000
0.0000
0.0000
0.0000
0.0000
0.0000
0.0000
0.0000
0.0000
0.0000
0.0000
0.0000
53.7109
53.7109
83.0078
83.0078
180.6641
180.6641
263.6719
263.6719
292.9687
292.9687
278.3203
278.3203
268.5547
268.5547
332.0312
332.0312
351.5625
351.5625
361.3281
361.3281
332.0312
332.0312
346.6797
346.6797
405.2734
405.2734
380.8594
380.8594
336.9141
336.9141
263.6719
263.6719
278.3203
278.3203
317.3828
317.3828
346.6797
346.6797
380.8594
380.8594
405.2734
405.2734
488.2812
488.2812
522.4609
522.4609
517.5781
517.5781
478.5156
478.5156
493.1641
493.1641
644.5312
644.5312
795.8984
795.8984
917.9687
917.9687
937.5000
937.5000
874.0234
874.0234
722.6562
722.6562
439.4531
439.4531
126.9531
126.9531
0.0000
0.0000
0.0000
0.0000
0.0000
0.0000
0.0000
0.0000
0.0000
0.0000
0.0000
0.0000
0.0000
0.0000
0.0000
0.0000
0.0000
0.0000
0.0000
0.0000
0.0000
0.0000
0.0000
0.0000
0.0000
0.0000
0.0000
0.0000
0.0000
0.0000
0.0000
0.0000
0.0000
0.0000
0.0000
0.0000
0.0000
0.0000
0.0000
0.0000
0.0000
0.0000
0.0000
0.0000
0.0000
0.0000
0.0000
0.0000
0.0000
0.0000
0.0000
0.0000
0.0000
0.0000
0.0000
0.0000
0.0000
0.0000
0.0000
0.0000
0.0000
0.0000
0.0000
0.0000
0.0000
0.0000
0.0000
0.0000
0.0000
0.0000
39.0625
39.0625
102.5391
102.5391
122.0703
122.0703
131.8359
131.8359
219.7266
219.7266
273.4375
273.4375
322.2656
322.2656
346.6797
346.6797
395.5078
395.5078
468.7500
468.7500
463.8672
463.8672
439.4531
439.4531
395.5078
395.5078
444.3359
444.3359
522.4609
522.4609
571.2891
571.2891
615.2344
615.2344
639.6484
639.6484
727.5391
727.5391
781.2500
781.2500
839.8437
839.8437
917.9687
917.9687
1064.4531
1064.4531
1303.7109
1303.7109
1440.4297
1440.4297
1464.8437
1464.8437
1333.0078
1333.0078
1118.1641
1118.1641
830.0781
830.0781
478.5156
478.5156
175.7812
175.7812
0.0000
0.0000
0.0000
0.0000
0.0000
0.0000
0.0000
0.0000
0.0000
0.0000
0.0000
0.0000
0.0000
0.0000
0.0000
0.0000
0.0000
0.0000
0.0000
0.0000
0.0000
0.0000
0.0000
0.0000
0.0000
0.0000
0.0000
0.0000
0.0000
0.0000
0.0000
0.0000
0.0000
0.0000
0.0000
0.0000
0.0000
0.0000
0.0000
0.0000
0.0000
0.0000
0.0000
0.0000
0.0000
0.0000
0.0000
0.0000
0.0000
0.0000
0.0000
0.0000
0.0000
0.0000
0.0000
0.0000
0.0000
0.0000
43.9453
43.9453
126.9531
126.9531
146.4844
146.4844
161.1328
161.1328
151.3672
151.3672
239.2578
239.2578
317.3828
317.3828
371.0937
371.0937
400.3906
400.3906
429.6875
429.6875
522.4609
522.4609
571.2891
571.2891
590.8203
590.8203
576.1719
576.1719
615.2344
615.2344
698.2422
698.2422
698.2422
698.2422
673.8281
673.8281
610.3516
610.3516
605.4687
605.4687
595.7031
595.7031
566.4062
566.4062
561.5234
561.5234
615.2344
615.2344
786.1328
786.1328
908.2031
908.2031
913.0859
913.0859
771.4844
771.4844
541.9922
541.9922
297.8516
297.8516
9.7656
9.7656
0.0000
0.0000
0.0000
0.0000
0.0000
0.0000
0.0000
0.0000
0.0000
0.0000
0.0000
0.0000
0.0000
0.0000
0.0000
0.0000
0.0000
0.0000
0.0000
0.0000
0.0000
0.0000
0.0000
0.0000
0.0000
0.0000
0.0000
0.0000
0.0000
0.0000
0.0000
0.0000
0.0000
0.0000
0.0000
0.0000
0.0000
0.0000
0.0000
0.0000
0.0000
0.0000
0.0000
0.0000
0.0000
0.0000
0.0000
0.0000
0.0000
0.0000
0.0000
0.0000
0.0000
0.0000
0.0000
0.0000
0.0000
0.0000
0.0000
0.0000
0.0000
0.0000
0.0000
0.0000
0.0000
0.0000
0.0000
0.0000
0.0000
0.0000
9.7656
9.7656
107.4219
107.4219
136.7187
136.7187
131.8359
131.8359
92.7734
92.7734
151.3672
151.3672
200.1953
200.1953
239.2578
239.2578
258.7891
258.7891
302.7344
302.7344
400.3906
400.3906
434.5703
434.5703
454.1016
454.1016
434.5703
434.5703
488.2812
488.2812
605.4687
605.4687
678.7109
678.7109
751.9531
751.9531
786.1328
786.1328
878.9062
878.9062
971.6797
971.6797
1035.1562
1035.1562
1118.1641
1118.1641
1215.8203
1215.8203
1347.6562
