786.1328
805.6641
805.6641
825.1953
825.1953
825.1953
825.1953
830.0781
830.0781
844.7266
844.7266
849.6094
849.6094
854.4922
854.4922
874.0234
874.0234
893.5547
893.5547
927.7344
927.7344
981.4453
981.4453
1040.0391
1040.0391
1088.8672
1088.8672
1123.0469
1123.0469
1127.9297
1127.9297
1088.8672
1088.8672
1015.6250
1015.6250
903.3203
903.3203
771.4844
771.4844
644.5312
644.5312
541.9922
541.9922
473.6328
473.6328
454.1016
454.1016
468.7500
468.7500
483.3984
483.3984
483.3984
483.3984
458.9844
458.9844
405.2734
405.2734
336.9141
336.9141
263.6719
263.6719
185.5469
185.5469
102.5391
102.5391
19.5312
19.5312
0.0000
0.0000
0.0000
0.0000
0.0000
0.0000
0.0000
0.0000
0.0000
0.0000
0.0000
0.0000
0.0000
0.0000
0.0000
0.0000
0.0000
0.0000
0.0000
0.0000
0.0000
0.0000
0.0000
0.0000
0.0000
0.0000
0.0000
0.0000
0.0000
0.0000
0.0000
0.0000
0.0000
0.0000
0.0000
0.0000
0.0000
0.0000
0.0000
0.0000
0.0000
0.0000
0.0000
0.0000
0.0000
0.0000
0.0000
0.0000
0.0000
0.0000
0.0000
0.0000
0.0000
0.0000
0.0000
0.0000
0.0000
0.0000
0.0000
0.0000
0.0000
0.0000
0.0000
0.0000
0.0000
0.0000
0.0000
0.0000
0.0000
0.0000
0.0000
0.0000
0.0000
0.0000
0.0000
0.0000
0.0000
0.0000
0.0000
0.0000
0.0000
0.0000
0.0000
0.0000
0.0000
0.0000
53.7109
53.7109
112.3047
112.3047
185.5469
185.5469
263.6719
263.6719
341.7969
341.7969
424.8047
424.8047
507.8125
507.8125
581.0547
581.0547
659.1797
659.1797
732.4219
732.4219
791.0156
791.0156
839.8437
839.8437
883.7891
883.7891
917.9687
917.9687
961.9141
961.9141
1010.7422
1010.7422
1049.8047
1049.8047
1088.8672
1088.8672
1132.8125
1132.8125
1176.7578
1176.7578
1230.4687
1230.4687
1293.9453
1293.9453
1337.8906
1337.8906
1347.6562
1347.6562
1318.3594
1318.3594
1235.3516
1235.3516
1108.3984
1108.3984
961.9141
961.9141
805.6641
805.6641
654.2969
654.2969
532.2266
532.2266
439.4531
439.4531
375.9766
375.9766
341.7969
312.5000
312.5000
312.5000
258.7891
258.7891
180.6641
180.6641
83.0078
83.0078
0.0000
0.0000
0.0000
0.0000
0.0000
0.0000
0.0000
0.0000
0.0000
0.0000
0.0000
0.0000
0.0000
0.0000
0.0000
0.0000
0.0000
0.0000
0.0000
0.0000
0.0000
0.0000
0.0000
0.0000
0.0000
0.0000
0.0000
0.0000
0.0000
0.0000
0.0000
0.0000
0.0000
0.0000
0.0000
0.0000
0.0000
0.0000
0.0000
0.0000
0.0000
0.0000
0.0000
0.0000
0.0000
0.0000
0.0000
0.0000
0.0000
0.0000
0.0000
0.0000
0.0000
0.0000
0.0000
0.0000
0.0000
0.0000
0.0000
0.0000
0.0000
0.0000
0.0000
0.0000
0.0000
0.0000
0.0000
0.0000
0.0000
0.0000
0.0000
0.0000
0.0000
0.0000
0.0000
9.7656
9.7656
73.2422
73.2422
126.9531
126.9531
170.8984
170.8984
209.9609
209.9609
244.1406
244.1406
273.4375
273.4375
307.6172
307.6172
327.1484
327.1484
336.9141
336.9141
346.6797
346.6797
351.5625
351.5625
361.3281
361.3281
385.7422
385.7422
419.9219
419.9219
454.1016
454.1016
493.1641
493.1641
527.3437
527.3437
561.5234
561.5234
610.3516
610.3516
664.0625
664.0625
722.6562
722.6562
791.0156
791.0156
878.9062
878.9062
971.6797
971.6797
1074.2187
1074.2187
1166.9922
1166.9922
1210.9375
1210.9375
1210.9375
1210.9375
1166.9922
1166.9922
1074.2187
1074.2187
966.7969
966.7969
844.7266
844.7266
708.0078
708.0078
576.1719
576.1719
463.8672
463.8672
356.4453
356.4453
273.4375
273.4375
209.9609
209.9609
146.4844
146.4844
83.0078
83.0078
14.6484
14.6484
0.0000
0.0000
0.0000
0.0000
0.0000
0.0000
0.0000
0.0000
0.0000
0.0000
0.0000
0.0000
0.0000
0.0000
0.0000
0.0000
0.0000
0.0000
0.0000
0.0000
0.0000
0.0000
0.0000
0.0000
0.0000
0.0000
0.0000
0.0000
0.0000
0.0000
0.0000
0.0000
0.0000
0.0000
0.0000
0.0000
0.0000
0.0000
0.0000
0.0000
0.0000
0.0000
0.0000
0.0000
0.0000
0.0000
0.0000
0.0000
0.0000
0.0000
0.0000
0.0000
0.0000
0.0000
0.0000
0.0000
0.0000
0.0000
0.0000
0.0000
0.0000
0.0000
0.0000
0.0000
0.0000
0.0000
0.0000
0.0000
0.0000
0.0000
0.0000
0.0000
0.0000
0.0000
0.0000
0.0000
0.0000
0.0000
0.0000
0.0000
0.0000
0.0000
0.0000
0.0000
68.3594
68.3594
131.8359
131.8359
190.4297
190.4297
253.9062
253.9062
312.5000
312.5000
366.2109
366.2109
410.1562
410.1562
454.1016
454.1016
493.1641
493.1641
537.1094
537.1094
585.9375
585.9375
615.2344
615.2344
634.7656
634.7656
644.5312
644.5312
644.5312
644.5312
644.5312
644.5312
659.1797
659.1797
668.9453
668.9453
678.7109
678.7109
698.2422
698.2422
717.7734
717.7734
747.0703
747.0703
795.8984
795.8984
859.3750
859.3750
922.8516
922.8516
1005.8594
1005.8594
1093.7500
1093.7500
1171.8750
1171.8750
1230.4687
1230.4687
1250.0000
1250.0000
1206.0547
1206.0547
1103.5156
1103.5156
952.1484
952.1484
786.1328
786.1328
634.7656
634.7656
522.4609
522.4609
439.4531
439.4531
390.6250
390.6250
366.2109
366.2109
336.9141
336.9141
292.9687
292.9687
229.4922
229.4922
126.9531
126.9531
4.8828
4.8828
0.0000
0.0000
0.0000
0.0000
0.0000
0.0000
0.0000
0.0000
0.0000
0.0000
0.0000
0.0000
0.0000
0.0000
0.0000
0.0000
0.0000
0.0000
0.0000
0.0000
0.0000
0.0000
0.0000
0.0000
0.0000
0.0000
0.0000
0.0000
0.0000
0.0000
0.0000
0.0000
0.0000
0.0000
0.0000
0.0000
0.0000
0.0000
0.0000
0.0000
0.0000
0.0000
0.0000
0.0000
0.0000
0.0000
0.0000
0.0000
0.0000
0.0000
0.0000
0.0000
0.0000
0.0000
0.0000
0.0000
0.0000
0.0000
0.0000
0.0000
0.0000
0.0000
0.0000
0.0000
0.0000
0.0000
0.0000
0.0000
0.0000
0.0000
0.0000
0.0000
0.0000
0.0000
0.0000
0.0000
0.0000
0.0000
0.0000
0.0000
0.0000
0.0000
0.0000
0.0000
0.0000
0.0000
0.0000
0.0000
0.0000
0.0000
0.0000
0.0000
4.8828
4.8828
97.6562
97.6562
185.5469
185.5469
278.3203
278.3203
366.2109
366.2109
444.3359
444.3359
532.2266
532.2266
610.3516
610.3516
673.8281
673.8281
732.4219
732.4219
781.2500
781.2500
815.4297
815.4297
849.6094
849.6094
878.9062
878.9062
898.4375
898.4375
917.9687
917.9687
952.1484
952.1484
991.2109
991.2109
1035.1562
1035.1562
1079.1016
1079.1016
1098.6328
1098.6328
1088.8672
1088.8672
1054.6875
1054.6875
981.4453
981.4453
888.6719
888.6719
786.1328
786.1328
678.7109
678.7109
571.2891
571.2891
488.2812
488.2812
424.8047
424.8047
385.7422
385.7422
380.8594
380.8594
375.9766
375.9766
366.2109
366.2109
356.4453
356.4453
332.0312
332.0312
302.7344
302.7344
278.3203
278.3203
249.0234
249.0234
200.1953
200.1953
136.7187
136.7187
58.5937
58.5937
0.0000
0.0000
0.0000
0.0000
0.0000
0.0000
0.0000
0.0000
0.0000
0.0000
0.0000
0.0000
0.0000
0.0000
0.0000
0.0000
0.0000
0.0000
0.0000
0.0000
0.0000
0.0000
0.0000
0.0000
0.0000
0.0000
0.0000
0.0000
0.0000
0.0000
0.0000
0.0000
0.0000
0.0000
0.0000
0.0000
0.0000
0.0000
0.0000
0.0000
0.0000
0.0000
0.0000
0.0000
0.0000
0.0000
0.0000
0.0000
0.0000
0.0000
0.0000
0.0000
0.0000
0.0000
0.0000
0.0000
0.0000
0.0000
0.0000
0.0000
0.0000
0.0000
0.0000
0.0000
4.8828
4.8828
58.5937
58.5937
97.6562
97.6562
122.0703
122.0703
146.4844
146.4844
161.1328
161.1328
185.5469
185.5469
214.8437
214.8437
244.1406
244.1406
268.5547
268.5547
302.7344
302.7344
327.1484
327.1484
351.5625
351.5625
395.5078
395.5078
429.6875
429.6875
458.9844
458.9844
493.1641
493.1641
527.3437
527.3437
561.5234
561.5234
615.2344
615.2344
673.8281
673.8281
732.4219
732.4219
805.6641
805.6641
898.4375
898.4375
1000.9766
1000.9766
1123.0469
1123.0469
1240.2344
1240.2344
1323.2422
1323.2422
1357.4219
1357.4219
1328.1250
1328.1250
1245.1172
1245.1172
1132.8125
1132.8125
1010.7422
1010.7422
878.9062
878.9062
761.7187
761.7187
668.9453
668.9453
595.7031
595.7031
532.2266
532.2266
473.6328
473.6328
395.5078
395.5078
283.2031
283.2031
146.4844
146.4844
0.0000
0.0000
0.0000
0.0000
0.0000
0.0000
0.0000
0.0000
0.0000
0.0000
0.0000
0.0000
0.0000
0.0000
0.0000
0.0000
0.0000
0.0000
0.0000
0.0000
0.0000
0.0000
0.0000
0.0000
0.0000
0.0000
0.0000
0.0000
0.0000
0.0000
0.0000
0.0000
0.0000
0.0000
0.0000
0.0000
0.0000
0.0000
0.0000
0.0000
0.0000
0.0000
0.0000
0.0000
0.0000
0.0000
0.0000
0.0000
0.0000
0.0000
0.0000
0.0000
0.0000
0.0000
0.0000
0.0000
0.0000
0.0000
0.0000
0.0000
0.0000
0.0000
0.0000
0.0000
0.0000
0.0000
0.0000
0.0000
0.0000
0.0000
0.0000
0.0000
0.0000
0.0000
0.0000
0.0000
0.0000
0.0000
0.0000
0.0000
0.0000
0.0000
34.1797
34.1797
107.4219
107.4219
185.5469
185.5469
258.7891
258.7891
346.6797
346.6797
429.6875
429.6875
498.0469
498.0469
556.6406
556.6406
605.4687
605.4687
639.6484
639.6484
673.8281
673.8281
712.8906
712.8906
727.5391
727.5391
737.3047
737.3047
742.1875
742.1875
737.3047
737.3047
732.4219
732.4219
742.1875
742.1875
737.3047
737.3047
732.4219
732.4219
732.4219
732.4219
727.5391
727.5391
732.4219
732.4219
761.7187
761.7187
795.8984
795.8984
839.8437
839.8437
898.4375
898.4375
961.9141
961.9141
1030.2734
1030.2734
1093.7500
1093.7500
1127.9297
1127.9297
1113.2812
1113.2812
1059.5703
1059.5703
961.9141
961.9141
844.7266
844.7266
732.4219
732.4219
629.8828
629.8828
541.9922
541.9922
478.5156
478.5156
439.4531
439.4531
405.2734
405.2734
375.9766
375.9766
341.7969
341.7969
278.3203
278.3203
195.3125
195.3125
97.6562
97.6562
0.0000
0.0000
0.0000
0.0000
0.0000
0.0000
0.0000
0.0000
0.0000
0.0000
0.0000
0.0000
0.0000
0.0000
0.0000
0.0000
0.0000
0.0000
0.0000
0.0000
0.0000
0.0000
0.0000
0.0000
0.0000
0.0000
0.0000
0.0000
0.0000
0.0000
0.0000
0.0000
0.0000
0.0000
0.0000
0.0000
0.0000
0.0000
0.0000
0.0000
0.0000
0.0000
0.0000
0.0000
0.0000
0.0000
0.0000
0.0000
0.0000
0.0000
0.0000
0.0000
0.0000
0.0000
0.0000
0.0000
0.0000
0.0000
0.0000
0.0000
0.0000
0.0000
0.0000
0.0000
0.0000
0.0000
0.0000
0.0000
0.0000
0.0000
0.0000
0.0000
0.0000
0.0000
0.0000
0.0000
0.0000
0.0000
0.0000
0.0000
0.0000
0.0000
0.0000
0.0000
0.0000
0.0000
4.8828
4.8828
34.1797
34.1797
83.0078
83.0078
131.8359
131.8359
180.6641
180.6641
234.3750
234.3750
292.9687
351.5625
351.5625
351.5625
424.8047
424.8047
507.8125
507.8125
576.1719
576.1719
639.6484
639.6484
708.0078
708.0078
761.7187
761.7187
825.1953
825.1953
883.7891
883.7891
932.6172
932.6172
971.6797
971.6797
1010.7422
1010.7422
1044.9219
1044.9219
1093.7500
1093.7500
1162.1094
1162.1094
1225.5859
1225.5859
1269.5312
1269.5312
1289.0625
1289.0625
1259.7656
1259.7656
1181.6406
1181.6406
1064.4531
1064.4531
913.0859
913.0859
737.3047
737.3047
576.1719
576.1719
429.6875
429.6875
317.3828
317.3828
253.9062
253.9062
214.8437
214.8437
185.5469
151.3672
151.3672
102.5391
102.5391
29.2969
29.2969
0.0000
0.0000
0.0000
0.0000
0.0000
0.0000
0.0000
0.0000
0.0000
0.0000
0.0000
0.0000
0.0000
0.0000
0.0000
0.0000
0.0000
0.0000
0.0000
0.0000
0.0000
0.0000
0.0000
0.0000
0.0000
0.0000
0.0000
0.0000
0.0000
0.0000
0.0000
0.0000
0.0000
0.0000
0.0000
0.0000
0.0000
0.0000
0.0000
0.0000
0.0000
0.0000
0.0000
0.0000
0.0000
0.0000
0.0000
0.0000
0.0000
0.0000
0.0000
0.0000
0.0000
0.0000
0.0000
0.0000
0.0000
0.0000
0.0000
0.0000
0.0000
0.0000
0.0000
0.0000
0.0000
0.0000
0.0000
0.0000
0.0000
0.0000
0.0000
0.0000
0.0000
0.0000
0.0000
0.0000
0.0000
0.0000
0.0000
0.0000
19.5312
19.5312
34.1797
34.1797
48.8281
48.8281
73.2422
73.2422
112.3047
112.3047
151.3672
151.3672
175.7812
175.7812
200.1953
200.1953
209.9609
209.9609
219.7266
219.7266
239.2578
239.2578
258.7891
258.7891
283.2031
283.2031
322.2656
322.2656
366.2109
366.2109
419.9219
419.9219
488.2812
488.2812
561.5234
561.5234
620.1172
620.1172
673.8281
673.8281
727.5391
727.5391
781.2500
781.2500
854.4922
854.4922
942.3828
942.3828
1030.2734
1030.2734
1123.0469
1123.0469
1206.0547
1206.0547
1259.7656
1259.7656
1279.2969
1279.2969
1245.1172
1245.1172
1137.6953
1137.6953
966.7969
966.7969
756.8359
756.8359
537.1094
537.1094
346.6797
346.6797
209.9609
209.9609
117.1875
117.1875
58.5937
58.5937
14.6484
14.6484
0.0000
0.0000
0.0000
0.0000
0.0000
0.0000
0.0000
0.0000
0.0000
0.0000
0.0000
0.0000
0.0000
0.0000
0.0000
0.0000
0.0000
0.0000
0.0000
0.0000
0.0000
0.0000
0.0000
0.0000
0.0000
0.0000
0.0000
0.0000
0.0000
0.0000
0.0000
0.0000
0.0000
0.0000
0.0000
0.0000
0.0000
0.0000
0.0000
0.0000
0.0000
0.0000
0.0000
0.0000
0.0000
0.0000
0.0000
0.0000
0.0000
0.0000
0.0000
0.0000
0.0000
0.0000
0.0000
0.0000
0.0000
0.0000
0.0000
0.0000
0.0000
0.0000
0.0000
0.0000
0.0000
0.0000
0.0000
0.0000
0.0000
0.0000
0.0000
0.0000
0.0000
0.0000
0.0000
0.0000
0.0000
0.0000
0.0000
0.0000
0.0000
0.0000
0.0000
0.0000
0.0000
0.0000
0.0000
0.0000
34.1797
34.1797
107.4219
107.4219
185.5469
185.5469
263.6719
263.6719
341.7969
341.7969
419.9219
419.9219
488.2812
488.2812
556.6406
556.6406
625.0000
625.0000
673.8281
673.8281
712.8906
712.8906
751.9531
751.9531
771.4844
771.4844
795.8984
795.8984
820.3125
820.3125
825.1953
825.1953
820.3125
820.3125
810.5469
810.5469
791.0156
791.0156
771.4844
771.4844
766.6016
766.6016
771.4844
771.4844
786.1328
786.1328
825.1953
825.1953
874.0234
874.0234
937.5000
937.5000
1010.7422
1010.7422
1074.2187
1074.2187
1093.7500
1093.7500
1079.1016
1079.1016
1030.2734
1030.2734
947.2656
947.2656
864.2578
864.2578
786.1328
786.1328
712.8906
712.8906
654.2969
654.2969
610.3516
610.3516
576.1719
576.1719
546.8750
546.8750
527.3437
527.3437
488.2812
488.2812
429.6875
429.6875
361.3281
361.3281
283.2031
283.2031
205.0781
205.0781
131.8359
131.8359
48.8281
48.8281
0.0000
0.0000
0.0000
0.0000
0.0000
0.0000
0.0000
0.0000
0.0000
0.0000
0.0000
0.0000
0.0000
0.0000
0.0000
0.0000
0.0000
0.0000
0.0000
0.0000
0.0000
0.0000
0.0000
0.0000
0.0000
0.0000
0.0000
0.0000
0.0000
0.0000
0.0000
0.0000
0.0000
0.0000
0.0000
0.0000
0.0000
0.0000
0.0000
0.0000
0.0000
0.0000
0.0000
0.0000
0.0000
0.0000
0.0000
0.0000
0.0000
0.0000
0.0000
0.0000
0.0000
0.0000
0.0000
0.0000
0.0000
0.0000
0.0000
0.0000
0.0000
0.0000
0.0000
0.0000
34.1797
34.1797
63.4766
63.4766
87.8906
87.8906
126.9531
126.9531
166.0156
166.0156
200.1953
200.1953
239.2578
239.2578
278.3203
278.3203
312.5000
312.5000
356.4453
356.4453
395.5078
395.5078
424.8047
424.8047
458.9844
458.9844
493.1641
493.1641
527.3437
527.3437
576.1719
576.1719
634.7656
634.7656
683.5937
683.5937
727.5391
727.5391
766.6016
766.6016
795.8984
795.8984
830.0781
830.0781
874.0234
874.0234
903.3203
903.3203
927.7344
927.7344
961.9141
961.9141
1000.9766
1000.9766
1044.9219
1044.9219
1098.6328
1098.6328
1123.0469
1123.0469
1103.5156
1103.5156
1030.2734
1030.2734
888.6719
888.6719
708.0078
708.0078
507.8125
507.8125
302.7344
302.7344
117.1875
117.1875
0.0000
0.0000
0.0000
0.0000
0.0000
0.0000
0.0000
0.0000
0.0000
0.0000
0.0000
0.0000
0.0000
0.0000
0.0000
0.0000
0.0000
0.0000
0.0000
0.0000
0.0000
0.0000
0.0000
0.0000
0.0000
0.0000
0.0000
0.0000
0.0000
0.0000
0.0000
0.0000
0.0000
0.0000
0.0000
0.0000
0.0000
0.0000
0.0000
0.0000
0.0000
0.0000
0.0000
0.0000
0.0000
0.0000
0.0000
0.0000
0.0000
0.0000
0.0000
0.0000
0.0000
0.0000
0.0000
0.0000
0.0000
0.0000
0.0000
0.0000
0.0000
0.0000
0.0000
0.0000
0.0000
0.0000
0.0000
0.0000
0.0000
0.0000
0.0000
0.0000
0.0000
0.0000
0.0000
0.0000
0.0000
0.0000
0.0000
0.0000
0.0000
0.0000
0.0000
0.0000
0.0000
0.0000
14.6484
14.6484
83.0078
83.0078
141.6016
141.6016
200.1953
200.1953
258.7891
258.7891
307.6172
307.6172
346.6797
346.6797
385.7422
385.7422
415.0391
415.0391
444.3359
444.3359
478.5156
478.5156
502.9297
502.9297
507.8125
507.8125
502.9297
502.9297
488.2812
488.2812
473.6328
473.6328
478.5156
478.5156
483.3984
483.3984
483.3984
483.3984
493.1641
493.1641
507.8125
507.8125
527.3437
527.3437
566.4062
566.4062
634.7656
634.7656
708.0078
708.0078
795.8984
795.8984
878.9062
878.9062
942.3828
942.3828
976.5625
976.5625
976.5625
976.5625
917.9687
917.9687
830.0781
830.0781
722.6562
722.6562
615.2344
615.2344
537.1094
537.1094
502.9297
502.9297
488.2812
488.2812
483.3984
483.3984
483.3984
483.3984
463.8672
463.8672
419.9219
419.9219
356.4453
356.4453
273.4375
273.4375
170.8984
170.8984
63.4766
63.4766
0.0000
0.0000
0.0000
0.0000
0.0000
0.0000
0.0000
0.0000
0.0000
0.0000
0.0000
0.0000
0.0000
0.0000
0.0000
0.0000
0.0000
0.0000
0.0000
0.0000
0.0000
0.0000
0.0000
0.0000
0.0000
0.0000
0.0000
0.0000
0.0000
0.0000
0.0000
0.0000
0.0000
0.0000
0.0000
0.0000
0.0000
0.0000
0.0000
0.0000
0.0000
0.0000
0.0000
0.0000
0.0000
0.0000
0.0000
0.0000
0.0000
0.0000
0.0000
0.0000
0.0000
0.0000
0.0000
0.0000
0.0000
0.0000
0.0000
0.0000
0.0000
0.0000
0.0000
0.0000
0.0000
0.0000
34.1797
34.1797
78.1250
78.1250
117.1875
117.1875
161.1328
161.1328
205.0781
205.0781
244.1406
244.1406
302.7344
302.7344
356.4453
356.4453
410.1562
410.1562
458.9844
458.9844
512.6953
512.6953
556.6406
556.6406
615.2344
615.2344
678.7109
678.7109
732.4219
732.4219
786.1328
786.1328
834.9609
834.9609
874.0234
874.0234
917.9687
917.9687
971.6797
971.6797
1015.6250
1015.6250
1059.5703
1059.5703
1113.2812
1113.2812
1166.9922
1166.9922
1215.8203
1215.8203
1254.8828
1254.8828
1250.0000
1250.0000
1176.7578
1176.7578
1040.0391
1040.0391
834.9609
834.9609
590.8203
590.8203
356.4453
356.4453
136.7187
136.7187
0.0000
0.0000
0.0000
0.0000
0.0000
0.0000
0.0000
0.0000
0.0000
0.0000
0.0000
0.0000
0.0000
0.0000
0.0000
0.0000
0.0000
0.0000
0.0000
0.0000
0.0000
0.0000
0.0000
0.0000
0.0000
0.0000
0.0000
0.0000
0.0000
0.0000
0.0000
0.0000
0.0000
0.0000
0.0000
0.0000
0.0000
0.0000
0.0000
0.0000
0.0000
0.0000
0.0000
0.0000
0.0000
0.0000
0.0000
0.0000
0.0000
0.0000
0.0000
0.0000
0.0000
0.0000
0.0000
0.0000
0.0000
0.0000
0.0000
0.0000
0.0000
0.0000
0.0000
0.0000
0.0000
0.0000
0.0000
0.0000
0.0000
0.0000
0.0000
0.0000
0.0000
0.0000
0.0000
0.0000
0.0000
0.0000
0.0000
0.0000
0.0000
0.0000
9.7656
9.7656
87.8906
156.2500
156.2500
219.7266
219.7266
219.7266
283.2031
283.2031
336.9141
336.9141
390.6250
390.6250
454.1016
454.1016
512.6953
512.6953
561.5234
561.5234
615.2344
615.2344
654.2969
654.2969
683.5937
683.5937
717.7734
717.7734
737.3047
737.3047
742.1875
742.1875
747.0703
747.0703
742.1875
742.1875
742.1875
742.1875
756.8359
756.8359
776.3672
776.3672
786.1328
791.0156
791.0156
791.0156
795.8984
795.8984
795.8984
795.8984
810.5469
810.5469
839.8437
839.8437
874.0234
874.0234
927.7344
927.7344
991.2109
991.2109
1064.4531
1064.4531
1152.3437
1235.3516
1235.3516
1284.1797
1284.1797
1293.9453
1293.9453
1254.8828
1254.8828
1166.9922
1166.9922
1049.8047
1049.8047
917.9687
917.9687
781.2500
781.2500
654.2969
654.2969
546.8750
546.8750
458.9844
458.9844
385.7422
385.7422
327.1484
327.1484
268.5547
268.5547
185.5469
185.5469
92.7734
92.7734
0.0000
0.0000
0.0000
0.0000
0.0000
0.0000
0.0000
0.0000
0.0000
0.0000
0.0000
0.0000
0.0000
0.0000
0.0000
0.0000
0.0000
0.0000
0.0000
0.0000
0.0000
0.0000
0.0000
0.0000
0.0000
0.0000
0.0000
0.0000
0.0000
0.0000
0.0000
0.0000
0.0000
0.0000
0.0000
0.0000
0.0000
0.0000
0.0000
0.0000
0.0000
0.0000
0.0000
0.0000
0.0000
0.0000
0.0000
0.0000
0.0000
0.0000
0.0000
0.0000
0.0000
0.0000
0.0000
0.0000
0.0000
0.0000
0.0000
0.0000
0.0000
0.0000
0.0000
0.0000
0.0000
0.0000
0.0000
0.0000
0.0000
0.0000
0.0000
0.0000
0.0000
0.0000
0.0000
0.0000
0.0000
0.0000
0.0000
0.0000
0.0000
0.0000
0.0000
0.0000
53.7109
53.7109
107.4219
107.4219
166.0156
166.0156
234.3750
234.3750
322.2656
322.2656
405.2734
405.2734
493.1641
493.1641
581.0547
581.0547
659.1797
659.1797
737.3047
737.3047
815.4297
815.4297
878.9062
878.9062
922.8516
922.8516
961.9141
961.9141
1000.9766
1000.9766
1040.0391
1040.0391
1093.7500
1093.7500
1147.4609
1147.4609
1171.8750
1171.8750
1157.2266
1157.2266
1083.9844
1083.9844
942.3828
942.3828
747.0703
747.0703
507.8125
507.8125
244.1406
244.1406
0.0000
0.0000
0.0000
0.0000
0.0000
0.0000
0.0000
0.0000
0.0000
0.0000
0.0000
0.0000
0.0000
0.0000
0.0000
0.0000
0.0000
0.0000
0.0000
0.0000
0.0000
0.0000
0.0000
0.0000
0.0000
0.0000
0.0000
0.0000
0.0000
0.0000
0.0000
0.0000
0.0000
0.0000
0.0000
0.0000
0.0000
0.0000
0.0000
0.0000
0.0000
0.0000
0.0000
0.0000
0.0000
0.0000
0.0000
0.0000
0.0000
0.0000
0.0000
0.0000
0.0000
0.0000
0.0000
0.0000
0.0000
0.0000
0.0000
0.0000
0.0000
0.0000
0.0000
0.0000
0.0000
0.0000
0.0000
0.0000
0.0000
0.0000
0.0000
0.0000
0.0000
0.0000
0.0000
0.0000
0.0000
0.0000
0.0000
0.0000
0.0000
0.0000
0.0000
0.0000
0.0000
0.0000
53.7109
53.7109
131.8359
131.8359
209.9609
209.9609
288.0859
288.0859
375.9766
375.9766
454.1016
454.1016
517.5781
517.5781
576.1719
576.1719
625.0000
625.0000
664.0625
664.0625
703.1250
703.1250
732.4219
732.4219
742.1875
742.1875
742.1875
742.1875
737.3047
737.3047
727.5391
727.5391
727.5391
727.5391
727.5391
727.5391
712.8906
712.8906
698.2422
698.2422
683.5937
683.5937
673.8281
673.8281
688.4766
688.4766
732.4219
732.4219
786.1328
786.1328
844.7266
844.7266
903.3203
903.3203
932.6172
932.6172
927.7344
927.7344
883.7891
883.7891
791.0156
791.0156
673.8281
673.8281
551.7578
551.7578
434.5703
434.5703
346.6797
346.6797
307.6172
307.6172
288.0859
288.0859
273.4375
273.4375
263.6719
263.6719
239.2578
239.2578
195.3125
195.3125
146.4844
146.4844
87.8906
87.8906
14.6484
14.6484
0.0000
0.0000
0.0000
0.0000
0.0000
0.0000
0.0000
0.0000
0.0000
0.0000
0.0000
0.0000
0.0000
0.0000
0.0000
0.0000
0.0000
0.0000
0.0000
0.0000
0.0000
0.0000
0.0000
0.0000
0.0000
0.0000
0.0000
0.0000
0.0000
0.0000
0.0000
0.0000
0.0000
0.0000
0.0000
0.0000
0.0000
0.0000
0.0000
0.0000
0.0000
0.0000
0.0000
0.0000
0.0000
0.0000
0.0000
0.0000
0.0000
0.0000
0.0000
0.0000
0.0000
0.0000
0.0000
0.0000
0.0000
0.0000
0.0000
0.0000
0.0000
0.0000
0.0000
0.0000
0.0000
0.0000
0.0000
0.0000
9.7656
9.7656
43.9453
43.9453
73.2422
73.2422
92.7734
92.7734
117.1875
117.1875
136.7187
136.7187
170.8984
170.8984
214.8437
214.8437
253.9062
253.9062
292.9687
292.9687
336.9141
336.9141
375.9766
375.9766
419.9219
419.9219
478.5156
478.5156
532.2266
532.2266
585.9375
585.9375
639.6484
639.6484
693.3594
693.3594
747.0703
747.0703
810.5469
810.5469
869.1406
869.1406
917.9687
917.9687
966.7969
966.7969
1025.3906
1025.3906
1088.8672
1088.8672
1166.9922
1166.9922
1245.1172
1245.1172
1274.4141
1274.4141
1245.1172
1245.1172
1127.9297
1127.9297
937.5000
937.5000
708.0078
708.0078
468.7500
468.7500
253.9062
253.9062
87.8906
87.8906
0.0000
0.0000
0.0000
0.0000
0.0000
0.0000
0.0000
0.0000
0.0000
0.0000
0.0000
0.0000
0.0000
0.0000
0.0000
0.0000
0.0000
0.0000
0.0000
0.0000
0.0000
0.0000
0.0000
0.0000
0.0000
0.0000
0.0000
0.0000
0.0000
0.0000
0.0000
0.0000
0.0000
0.0000
0.0000
0.0000
0.0000
0.0000
0.0000
0.0000
0.0000
0.0000
0.0000
0.0000
0.0000
0.0000
0.0000
0.0000
0.0000
0.0000
0.0000
0.0000
0.0000
0.0000
0.0000
0.0000
0.0000
0.0000
0.0000
0.0000
0.0000
0.0000
0.0000
0.0000
0.0000
0.0000
0.0000
0.0000
0.0000
0.0000
0.0000
0.0000
0.0000
0.0000
0.0000
0.0000
0.0000
0.0000
0.0000
0.0000
0.0000
0.0000
0.0000
0.0000
0.0000
0.0000
0.0000
0.0000
0.0000
0.0000
0.0000
0.0000
39.0625
39.0625
117.1875
117.1875
185.5469
185.5469
253.9062
253.9062
312.5000
312.5000
361.3281
361.3281
410.1562
410.1562
454.1016
454.1016
478.5156
478.5156
493.1641
493.1641
502.9297
502.9297
502.9297
502.9297
512.6953
512.6953
522.4609
522.4609
517.5781
517.5781
512.6953
512.6953
502.9297
502.9297
493.1641
493.1641
498.0469
498.0469
532.2266
532.2266
576.1719
576.1719
634.7656
634.7656
703.1250
703.1250
756.8359
756.8359
791.0156
791.0156
795.8984
795.8984
756.8359
756.8359
683.5937
683.5937
590.8203
590.8203
502.9297
502.9297
424.8047
424.8047
390.6250
390.6250
375.9766
375.9766
375.9766
375.9766
385.7422
385.7422
385.7422
385.7422
366.2109
366.2109
327.1484
327.1484
273.4375
273.4375
190.4297
190.4297
97.6562
97.6562
4.8828
4.8828
0.0000
0.0000
0.0000
0.0000
0.0000
0.0000
0.0000
0.0000
0.0000
0.0000
0.0000
0.0000
0.0000
0.0000
0.0000
0.0000
0.0000
0.0000
0.0000
0.0000
0.0000
0.0000
0.0000
0.0000
0.0000
0.0000
0.0000
0.0000
0.0000
0.0000
0.0000
0.0000
0.0000
0.0000
0.0000
0.0000
0.0000
0.0000
0.0000
0.0000
0.0000
0.0000
0.0000
0.0000
0.0000
0.0000
0.0000
0.0000
0.0000
0.0000
0.0000
0.0000
0.0000
0.0000
0.0000
0.0000
0.0000
0.0000
0.0000
0.0000
0.0000
0.0000
0.0000
0.0000
0.0000
0.0000
0.0000
0.0000
0.0000
0.0000
9.7656
9.7656
24.4141
24.4141
34.1797
34.1797
53.7109
53.7109
87.8906
87.8906
117.1875
117.1875
151.3672
151.3672
185.5469
185.5469
214.8437
214.8437
249.0234
249.0234
292.9687
292.9687
332.0312
332.0312
371.0937
371.0937
419.9219
419.9219
468.7500
468.7500
522.4609
522.4609
590.8203
590.8203
654.2969
654.2969
703.1250
703.1250
747.0703
747.0703
781.2500
781.2500
815.4297
815.4297
854.4922
854.4922
908.2031
908.2031
952.1484
952.1484
1000.9766
1000.9766
1054.6875
1054.6875
1113.2812
1113.2812
1176.7578
1176.7578
1230.4687
1230.4687
1250.0000
1250.0000
1225.5859
1225.5859
1157.2266
1157.2266
1044.9219
1044.9219
917.9687
917.9687
791.0156
791.0156
668.9453
668.9453
571.2891
571.2891
502.9297
502.9297
458.9844
458.9844
429.6875
429.6875
415.0391
415.0391
385.7422
385.7422
322.2656
322.2656
239.2578
239.2578
131.8359
131.8359
14.6484
14.6484
0.0000
0.0000
0.0000
0.0000
0.0000
0.0000
0.0000
0.0000
0.0000
0.0000
0.0000
0.0000
0.0000
0.0000
0.0000
0.0000
0.0000
0.0000
0.0000
0.0000
0.0000
0.0000
0.0000
0.0000
0.0000
0.0000
0.0000
0.0000
0.0000
0.0000
0.0000
0.0000
0.0000
0.0000
0.0000
0.0000
0.0000
0.0000
0.0000
0.0000
0.0000
0.0000
0.0000
0.0000
0.0000
0.0000
0.0000
0.0000
0.0000
0.0000
0.0000
0.0000
0.0000
0.0000
0.0000
0.0000
0.0000
0.0000
0.0000
0.0000
0.0000
0.0000
0.0000
0.0000
43.9453
43.9453
117.1875
117.1875
185.5469
185.5469
239.2578
239.2578
283.2031
283.2031
327.1484
366.2109
366.2109
395.5078
395.5078
424.8047
424.8047
424.8047
454.1016
454.1016
468.7500
468.7500
483.3984
483.3984
498.0469
498.0469
493.1641
493.1641
473.6328
473.6328
454.1016
454.1016
429.6875
429.6875
415.0391
415.0391
415.0391
415.0391
415.0391
415.0391
415.0391
415.0391
429.6875
429.6875
449.2187
449.2187
493.1641
493.1641
576.1719
576.1719
668.9453
668.9453
761.7187
761.7187
844.7266
893.5547
893.5547
908.2031
908.2031
898.4375
898.4375
859.3750
859.3750
795.8984
795.8984
737.3047
737.3047
688.4766
688.4766
654.2969
654.2969
654.2969
654.2969
668.9453
668.9453
664.0625
664.0625
644.5312
644.5312
600.5859
600.5859
527.3437
527.3437
444.3359
444.3359
356.4453
356.4453
253.9062
253.9062
151.3672
151.3672
48.8281
48.8281
0.0000
0.0000
0.0000
0.0000
0.0000
0.0000
0.0000
0.0000
0.0000
0.0000
0.0000
0.0000
0.0000
0.0000
0.0000
0.0000
0.0000
0.0000
0.0000
0.0000
0.0000
0.0000
0.0000
0.0000
0.0000
0.0000
0.0000
0.0000
0.0000
0.0000
0.0000
0.0000
0.0000
0.0000
0.0000
0.0000
0.0000
0.0000
0.0000
0.0000
0.0000
0.0000
0.0000
0.0000
0.0000
0.0000
0.0000
0.0000
0.0000
0.0000
0.0000
0.0000
0.0000
0.0000
0.0000
0.0000
0.0000
0.0000
0.0000
0.0000
0.0000
0.0000
0.0000
0.0000
0.0000
0.0000
0.0000
0.0000
0.0000
0.0000
0.0000
0.0000
0.0000
0.0000
39.0625
39.0625
97.6562
97.6562
180.6641
180.6641
263.6719
263.6719
341.7969
341.7969
419.9219
419.9219
488.2812
488.2812
556.6406
556.6406
634.7656
634.7656
708.0078
708.0078
771.4844
771.4844
830.0781
830.0781
878.9062
878.9062
922.8516
922.8516
961.9141
961.9141
1005.8594
1005.8594
1035.1562
1035.1562
1064.4531
1064.4531
1098.6328
1098.6328
1123.0469
1123.0469
1147.4609
1147.4609
1157.2266
1157.2266
1118.1641
1118.1641
1020.5078
1020.5078
874.0234
874.0234
678.7109
678.7109
473.6328
473.6328
283.2031
283.2031
122.0703
122.0703
0.0000
0.0000
0.0000
0.0000
0.0000
0.0000
0.0000
0.0000
0.0000
0.0000
0.0000
0.0000
0.0000
0.0000
0.0000
0.0000
0.0000
0.0000
0.0000
0.0000
0.0000
0.0000
0.0000
0.0000
0.0000
0.0000
0.0000
0.0000
0.0000
0.0000
0.0000
0.0000
0.0000
0.0000
0.0000
0.0000
0.0000
0.0000
0.0000
0.0000
0.0000
0.0000
0.0000
0.0000
0.0000
0.0000
0.0000
0.0000
0.0000
0.0000
0.0000
0.0000
0.0000
0.0000
0.0000
0.0000
0.0000
0.0000
0.0000
0.0000
0.0000
0.0000
0.0000
0.0000
0.0000
0.0000
0.0000
0.0000
0.0000
0.0000
0.0000
0.0000
0.0000
0.0000
0.0000
0.0000
0.0000
0.0000
0.0000
0.0000
0.0000
0.0000
0.0000
0.0000
0.0000
0.0000
0.0000
0.0000
0.0000
0.0000
0.0000
0.0000
0.0000
0.0000
34.1797
34.1797
78.1250
78.1250
122.0703
122.0703
161.1328
161.1328
200.1953
200.1953
234.3750
234.3750
268.5547
268.5547
297.8516
297.8516
307.6172
307.6172
307.6172
307.6172
312.5000
312.5000
312.5000
312.5000
327.1484
327.1484
361.3281
361.3281
400.3906
400.3906
429.6875
429.6875
458.9844
458.9844
488.2812
488.2812
522.4609
522.4609
576.1719
576.1719
649.4141
649.4141
737.3047
737.3047
839.8437
839.8437
942.3828
942.3828
1025.3906
1025.3906
1083.9844
1083.9844
1093.7500
1093.7500
1040.0391
1040.0391
947.2656
947.2656
830.0781
830.0781
712.8906
712.8906
629.8828
629.8828
576.1719
576.1719
541.9922
541.9922
522.4609
522.4609
507.8125
507.8125
478.5156
478.5156
434.5703
434.5703
380.8594
380.8594
302.7344
302.7344
209.9609
209.9609
117.1875
117.1875
14.6484
14.6484
0.0000
0.0000
0.0000
0.0000
0.0000
0.0000
0.0000
0.0000
0.0000
0.0000
0.0000
0.0000
0.0000
0.0000
0.0000
0.0000
0.0000
0.0000
0.0000
0.0000
0.0000
0.0000
0.0000
0.0000
0.0000
0.0000
0.0000
0.0000
0.0000
0.0000
0.0000
0.0000
0.0000
0.0000
0.0000
0.0000
0.0000
0.0000
0.0000
0.0000
0.0000
0.0000
0.0000
0.0000
0.0000
0.0000
0.0000
0.0000
0.0000
0.0000
0.0000
0.0000
0.0000
0.0000
0.0000
0.0000
0.0000
0.0000
0.0000
0.0000
0.0000
0.0000
0.0000
0.0000
0.0000
0.0000
0.0000
0.0000
24.4141
24.4141
63.4766
63.4766
102.5391
102.5391
151.3672
151.3672
219.7266
219.7266
292.9687
292.9687
361.3281
361.3281
429.6875
429.6875
493.1641
493.1641
551.7578
551.7578
620.1172
620.1172
688.4766
688.4766
742.1875
742.1875
795.8984
795.8984
849.6094
849.6094
888.6719
888.6719
937.5000
937.5000
991.2109
991.2109
1040.0391
1040.0391
1093.7500
1093.7500
1142.5781
1142.5781
1186.5234
1186.5234
1210.9375
1210.9375
1220.7031
1220.7031
1181.6406
1181.6406
1083.9844
1083.9844
942.3828
942.3828
761.7187
761.7187
566.4062
566.4062
380.8594
380.8594
214.8437
214.8437
73.2422
73.2422
0.0000
0.0000
0.0000
0.0000
0.0000
0.0000
0.0000
0.0000
0.0000
0.0000
0.0000
0.0000
0.0000
0.0000
0.0000
0.0000
0.0000
0.0000
0.0000
0.0000
0.0000
0.0000
0.0000
0.0000
0.0000
0.0000
0.0000
0.0000
0.0000
0.0000
0.0000
0.0000
0.0000
0.0000
0.0000
0.0000
0.0000
0.0000
0.0000
0.0000
0.0000
0.0000
0.0000
0.0000
0.0000
0.0000
0.0000
0.0000
0.0000
0.0000
0.0000
0.0000
0.0000
0.0000
0.0000
0.0000
0.0000
0.0000
0.0000
0.0000
0.0000
0.0000
0.0000
0.0000
0.0000
0.0000
0.0000
0.0000
0.0000
0.0000
0.0000
0.0000
0.0000
0.0000
0.0000
0.0000
0.0000
0.0000
0.0000
0.0000
0.0000
0.0000
0.0000
0.0000
43.9453
43.9453
131.8359
131.8359
209.9609
209.9609
283.2031
283.2031
356.4453
356.4453
439.4531
439.4531
507.8125
507.8125
571.2891
571.2891
629.8828
629.8828
668.9453
668.9453
708.0078
708.0078
737.3047
737.3047
751.9531
751.9531
747.0703
747.0703
742.1875
742.1875
727.5391
727.5391
712.8906
712.8906
712.8906
712.8906
703.1250
703.1250
678.7109
678.7109
659.1797
659.1797
634.7656
634.7656
620.1172
620.1172
639.6484
639.6484
678.7109
678.7109
727.5391
727.5391
786.1328
786.1328
830.0781
830.0781
844.7266
844.7266
834.9609
834.9609
781.2500
781.2500
693.3594
693.3594
581.0547
581.0547
473.6328
473.6328
375.9766
375.9766
312.5000
312.5000
278.3203
278.3203
253.9062
253.9062
234.3750
234.3750
209.9609
209.9609
175.7812
175.7812
136.7187
136.7187
97.6562
97.6562
53.7109
53.7109
4.8828
4.8828
0.0000
0.0000
0.0000
0.0000
0.0000
0.0000
0.0000
0.0000
0.0000
0.0000
0.0000
0.0000
0.0000
0.0000
0.0000
0.0000
0.0000
0.0000
0.0000
0.0000
0.0000
0.0000
0.0000
0.0000
0.0000
0.0000
0.0000
0.0000
0.0000
0.0000
0.0000
0.0000
0.0000
0.0000
0.0000
0.0000
0.0000
0.0000
0.0000
0.0000
0.0000
0.0000
0.0000
0.0000
0.0000
0.0000
0.0000
0.0000
0.0000
0.0000
0.0000
0.0000
0.0000
0.0000
0.0000
0.0000
0.0000
0.0000
0.0000
0.0000
0.0000
0.0000
0.0000
0.0000
0.0000
0.0000
0.0000
0.0000
0.0000
0.0000
0.0000
0.0000
0.0000
0.0000
0.0000
0.0000
0.0000
0.0000
0.0000
0.0000
68.3594
68.3594
136.7187
136.7187
190.4297
190.4297
249.0234
249.0234
302.7344
302.7344
351.5625
351.5625
405.2734
405.2734
468.7500
468.7500
517.5781
517.5781
566.4062
566.4062
615.2344
615.2344
659.1797
659.1797
708.0078
708.0078
756.8359
756.8359
786.1328
786.1328
805.6641
805.6641
815.4297
815.4297
810.5469
810.5469
815.4297
815.4297
825.1953
825.1953
830.0781
830.0781
839.8437
839.8437
859.3750
859.3750
888.6719
888.6719
922.8516
922.8516
971.6797
971.6797
996.0937
996.0937
991.2109
991.2109
942.3828
942.3828
859.3750
859.3750
737.3047
737.3047
615.2344
615.2344
488.2812
488.2812
375.9766
375.9766
297.8516
297.8516
253.9062
253.9062
239.2578
239.2578
249.0234
249.0234
268.5547
268.5547
268.5547
268.5547
244.1406
244.1406
200.1953
200.1953
131.8359
131.8359
58.5937
58.5937
0.0000
0.0000
0.0000
0.0000
0.0000
0.0000
0.0000
0.0000
0.0000
0.0000
0.0000
0.0000
0.0000
0.0000
0.0000
0.0000
0.0000
0.0000
0.0000
0.0000
0.0000
0.0000
0.0000
0.0000
0.0000
0.0000
0.0000
0.0000
0.0000
0.0000
0.0000
0.0000
0.0000
0.0000
0.0000
0.0000
0.0000
0.0000
0.0000
0.0000
0.0000
0.0000
0.0000
0.0000
0.0000
0.0000
0.0000
0.0000
0.0000
0.0000
0.0000
0.0000
0.0000
0.0000
0.0000
0.0000
0.0000
0.0000
0.0000
0.0000
0.0000
0.0000
0.0000
0.0000
0.0000
0.0000
0.0000
14.6484
14.6484
53.7109
53.7109
87.8906
87.8906
126.9531
126.9531
126.9531
151.3672
151.3672
170.8984
170.8984
185.5469
185.5469
195.3125
195.3125
200.1953
200.1953
219.7266
234.3750
234.3750
239.2578
239.2578
249.0234
249.0234
258.7891
258.7891
258.7891
268.5547
268.5547
297.8516
297.8516
332.0312
332.0312
366.2109
366.2109
405.2734
405.2734
454.1016
454.1016
507.8125
507.8125
585.9375
698.2422
698.2422
698.2422
820.3125
820.3125
957.0312
1093.7500
1093.7500
1093.7500
1206.0547
1284.1797
1284.1797
1318.3594
1318.3594
1284.1797
1284.1797
1191.4062
1191.4062
1069.3359
1069.3359
922.8516
922.8516
791.0156
791.0156
698.2422
698.2422
625.0000
625.0000
566.4062
566.4062
512.6953
512.6953
439.4531
439.4531
341.7969
341.7969
219.7266
219.7266
68.3594
68.3594
0.0000
0.0000
0.0000
0.0000
0.0000
0.0000
0.0000
0.0000
0.0000
0.0000
0.0000
0.0000
0.0000
0.0000
0.0000
0.0000
0.0000
0.0000
0.0000
0.0000
0.0000
0.0000
0.0000
0.0000
0.0000
0.0000
0.0000
0.0000
0.0000
0.0000
0.0000
0.0000
0.0000
0.0000
0.0000
0.0000
0.0000
0.0000
0.0000
0.0000
0.0000
0.0000
0.0000
0.0000
0.0000
0.0000
0.0000
0.0000
0.0000
0.0000
0.0000
0.0000
0.0000
0.0000
0.0000
0.0000
0.0000
0.0000
0.0000
0.0000
0.0000
0.0000
0.0000
0.0000
0.0000
0.0000
0.0000
0.0000
0.0000
0.0000
0.0000
0.0000
0.0000
0.0000
0.0000
0.0000
0.0000
0.0000
0.0000
0.0000
0.0000
0.0000
48.8281
48.8281
126.9531
126.9531
200.1953
200.1953
273.4375
273.4375
346.6797
346.6797
415.0391
415.0391
478.5156
478.5156
541.9922
541.9922
595.7031
595.7031
634.7656
634.7656
673.8281
673.8281
698.2422
698.2422
727.5391
727.5391
761.7187
761.7187
795.8984
795.8984
820.3125
820.3125
849.6094
849.6094
883.7891
883.7891
922.8516
922.8516
971.6797
971.6797
1020.5078
1020.5078
1040.0391
1040.0391
1040.0391
1040.0391
1005.8594
1005.8594
937.5000
937.5000
854.4922
854.4922
751.9531
751.9531
629.8828
629.8828
507.8125
507.8125
405.2734
405.2734
322.2656
322.2656
273.4375
273.4375
258.7891
258.7891
253.9062
253.9062
239.2578
239.2578
219.7266
219.7266
180.6641
180.6641
126.9531
126.9531
68.3594
68.3594
0.0000
0.0000
0.0000
0.0000
0.0000
0.0000
0.0000
0.0000
0.0000
0.0000
0.0000
0.0000
0.0000
0.0000
0.0000
0.0000
0.0000
0.0000
0.0000
0.0000
0.0000
0.0000
0.0000
0.0000
0.0000
0.0000
0.0000
0.0000
0.0000
0.0000
0.0000
0.0000
0.0000
0.0000
0.0000
0.0000
0.0000
0.0000
0.0000
0.0000
0.0000
0.0000
0.0000
0.0000
0.0000
0.0000
0.0000
0.0000
0.0000
0.0000
0.0000
0.0000
0.0000
0.0000
0.0000
0.0000
0.0000
0.0000
0.0000
0.0000
0.0000
0.0000
0.0000
0.0000
24.4141
24.4141
87.8906
87.8906
126.9531
126.9531
161.1328
161.1328
190.4297
190.4297
209.9609
209.9609
214.8437
214.8437
219.7266
219.7266
219.7266
219.7266
219.7266
219.7266
229.4922
229.4922
234.3750
234.3750
229.4922
229.4922
229.4922
229.4922
224.6094
224.6094
214.8437
214.8437
224.6094
224.6094
249.0234
249.0234
268.5547
268.5547
297.8516
297.8516
336.9141
336.9141
375.9766
375.9766
424.8047
424.8047
483.3984
483.3984
532.2266
532.2266
585.9375
585.9375
659.1797
659.1797
742.1875
742.1875
834.9609
834.9609
937.5000
937.5000
1010.7422
1010.7422
1044.9219
1044.9219
1035.1562
1035.1562
966.7969
966.7969
864.2578
864.2578
751.9531
751.9531
629.8828
629.8828
507.8125
507.8125
410.1562
410.1562
332.0312
332.0312
268.5547
268.5547
224.6094
224.6094
170.8984
170.8984
107.4219
107.4219
29.2969
29.2969
0.0000
0.0000
0.0000
0.0000
0.0000
0.0000
0.0000
0.0000
0.0000
0.0000
0.0000
0.0000
0.0000
0.0000
0.0000
0.0000
0.0000
0.0000
0.0000
0.0000
0.0000
0.0000
0.0000
0.0000
0.0000
0.0000
0.0000
0.0000
0.0000
0.0000
0.0000
0.0000
0.0000
0.0000
0.0000
0.0000
0.0000
0.0000
0.0000
0.0000
0.0000
0.0000
0.0000
0.0000
0.0000
0.0000
0.0000
0.0000
0.0000
0.0000
0.0000
0.0000
0.0000
0.0000
0.0000
0.0000
0.0000
0.0000
0.0000
0.0000
0.0000
0.0000
0.0000
0.0000
0.0000
0.0000
0.0000
0.0000
0.0000
0.0000
0.0000
0.0000
0.0000
0.0000
0.0000
0.0000
0.0000
0.0000
53.7109
53.7109
146.4844
146.4844
234.3750
234.3750
332.0312
332.0312
434.5703
434.5703
532.2266
532.2266
625.0000
625.0000
722.6562
722.6562
800.7812
800.7812
859.3750
859.3750
903.3203
903.3203
932.6172
932.6172
957.0312
957.0312
986.3281
986.3281
1005.8594
1005.8594
1010.7422
1010.7422
1015.6250
1015.6250
1005.8594
1005.8594
991.2109
991.2109
986.3281
986.3281
976.5625
976.5625
957.0312
957.0312
952.1484
952.1484
957.0312
957.0312
971.6797
971.6797
1010.7422
1010.7422
1054.6875
1054.6875
1069.3359
1069.3359
1054.6875
1054.6875
996.0937
996.0937
888.6719
888.6719
756.8359
756.8359
620.1172
620.1172
483.3984
483.3984
371.0937
371.0937
288.0859
288.0859
234.3750
234.3750
209.9609
209.9609
200.1953
200.1953
185.5469
185.5469
141.6016
141.6016
83.0078
83.0078
4.8828
4.8828
0.0000
0.0000
0.0000
0.0000
0.0000
0.0000
0.0000
0.0000
0.0000
0.0000
0.0000
0.0000
0.0000
0.0000
0.0000
0.0000
0.0000
0.0000
0.0000
0.0000
0.0000
0.0000
0.0000
0.0000
0.0000
0.0000
0.0000
0.0000
0.0000
0.0000
0.0000
0.0000
0.0000
0.0000
0.0000
0.0000
0.0000
0.0000
0.0000
0.0000
0.0000
0.0000
0.0000
0.0000
0.0000
0.0000
0.0000
0.0000
0.0000
0.0000
0.0000
0.0000
0.0000
0.0000
0.0000
0.0000
0.0000
0.0000
0.0000
0.0000
0.0000
0.0000
0.0000
0.0000
0.0000
0.0000
0.0000
0.0000
0.0000
0.0000
0.0000
0.0000
24.4141
24.4141
48.8281
48.8281
78.1250
78.1250
102.5391
102.5391
122.0703
122.0703
146.4844
146.4844
166.0156
166.0156
180.6641
180.6641
205.0781
205.0781
234.3750
234.3750
253.9062
253.9062
273.4375
273.4375
302.7344
302.7344
327.1484
327.1484
371.0937
371.0937
429.6875
429.6875
478.5156
478.5156
527.3437
527.3437
571.2891
571.2891
605.4687
605.4687
649.4141
649.4141
708.0078
708.0078
776.3672
776.3672
854.4922
854.4922
947.2656
947.2656
1025.3906
1025.3906
1083.9844
1083.9844
1118.1641
1118.1641
1098.6328
1098.6328
1025.3906
1025.3906
913.0859
913.0859
776.3672
776.3672
644.5312
644.5312
537.1094
537.1094
449.2187
449.2187
366.2109
366.2109
297.8516
297.8516
229.4922
229.4922
156.2500
156.2500
92.7734
92.7734
29.2969
29.2969
0.0000
0.0000
0.0000
0.0000
0.0000
0.0000
0.0000
0.0000
0.0000
0.0000
0.0000
0.0000
0.0000
0.0000
0.0000
0.0000
0.0000
0.0000
0.0000
0.0000
0.0000
0.0000
0.0000
0.0000
0.0000
0.0000
0.0000
0.0000
0.0000
0.0000
0.0000
0.0000
0.0000
0.0000
0.0000
0.0000
0.0000
0.0000
0.0000
0.0000
0.0000
0.0000
0.0000
0.0000
0.0000
0.0000
0.0000
0.0000
0.0000
0.0000
0.0000
0.0000
0.0000
0.0000
0.0000
0.0000
0.0000
0.0000
0.0000
0.0000
0.0000
0.0000
0.0000
0.0000
0.0000
0.0000
0.0000
0.0000
0.0000
0.0000
0.0000
0.0000
0.0000
0.0000
0.0000
0.0000
9.7656
9.7656
92.7734
92.7734
166.0156
166.0156
244.1406
244.1406
332.0312
332.0312
405.2734
405.2734
468.7500
468.7500
527.3437
527.3437
571.2891
571.2891
610.3516
610.3516
654.2969
654.2969
693.3594
693.3594
717.7734
717.7734
737.3047
737.3047
747.0703
747.0703
747.0703
747.0703
751.9531
751.9531
747.0703
747.0703
722.6562
722.6562
698.2422
698.2422
668.9453
668.9453
644.5312
644.5312
639.6484
639.6484
654.2969
654.2969
678.7109
678.7109
712.8906
712.8906
761.7187
761.7187
800.7812
800.7812
830.0781
830.0781
839.8437
839.8437
805.6641
805.6641
732.4219
732.4219
639.6484
639.6484
522.4609
522.4609
415.0391
415.0391
341.7969
341.7969
283.2031
283.2031
244.1406
244.1406
229.4922
229.4922
209.9609
209.9609
180.6641
180.6641
141.6016
141.6016
73.2422
73.2422
0.0000
0.0000
0.0000
0.0000
0.0000
0.0000
0.0000
0.0000
0.0000
0.0000
0.0000
0.0000
0.0000
0.0000
0.0000
0.0000
0.0000
0.0000
0.0000
0.0000
0.0000
0.0000
0.0000
0.0000
0.0000
0.0000
0.0000
0.0000
0.0000
0.0000
0.0000
0.0000
0.0000
0.0000
0.0000
0.0000
0.0000
0.0000
0.0000
0.0000
0.0000
0.0000
0.0000
0.0000
0.0000
0.0000
0.0000
0.0000
0.0000
0.0000
0.0000
0.0000
0.0000
0.0000
0.0000
0.0000
0.0000
0.0000
0.0000
0.0000
0.0000
0.0000
0.0000
0.0000
0.0000
0.0000
0.0000
34.1797
34.1797
34.1797
83.0078
83.0078
126.9531
126.9531
156.2500
156.2500
180.6641
190.4297
190.4297
195.3125
195.3125
205.0781
205.0781
214.8437
214.8437
224.6094
224.6094
224.6094
234.3750
234.3750
249.0234
249.0234
268.5547
268.5547
297.8516
297.8516
341.7969
380.8594
380.8594
415.0391
415.0391
454.1016
454.1016
483.3984
483.3984
483.3984
522.4609
522.4609
576.1719
576.1719
629.8828
629.8828
698.2422
698.2422
781.2500
781.2500
869.1406
952.1484
952.1484
1020.5078
1020.5078
1040.0391
1040.0391
996.0937
996.0937
996.0937
888.6719
742.1875
742.1875
571.2891
571.2891
419.9219
419.9219
292.9687
292.9687
185.5469
185.5469
102.5391
102.5391
43.9453
43.9453
0.0000
0.0000
0.0000
0.0000
0.0000
0.0000
0.0000
0.0000
0.0000
0.0000
0.0000
0.0000
0.0000
0.0000
0.0000
0.0000
0.0000
0.0000
0.0000
0.0000
0.0000
0.0000
0.0000
0.0000
0.0000
0.0000
0.0000
0.0000
0.0000
0.0000
0.0000
0.0000
0.0000
0.0000
0.0000
0.0000
0.0000
0.0000
0.0000
0.0000
0.0000
0.0000
0.0000
0.0000
0.0000
0.0000
0.0000
0.0000
0.0000
0.0000
0.0000
0.0000
0.0000
0.0000
0.0000
0.0000
0.0000
0.0000
0.0000
0.0000
0.0000
0.0000
0.0000
0.0000
0.0000
0.0000
0.0000
0.0000
0.0000
0.0000
0.0000
0.0000
0.0000
0.0000
0.0000
0.0000
0.0000
0.0000
0.0000
0.0000
0.0000
0.0000
68.3594
68.3594
141.6016
141.6016
209.9609
209.9609
273.4375
273.4375
351.5625
351.5625
419.9219
419.9219
483.3984
483.3984
546.8750
546.8750
600.5859
600.5859
654.2969
654.2969
708.0078
708.0078
751.9531
751.9531
781.2500
781.2500
800.7812
800.7812
805.6641
805.6641
805.6641
805.6641
815.4297
815.4297
820.3125
820.3125
815.4297
815.4297
805.6641
805.6641
795.8984
795.8984
776.3672
776.3672
771.4844
771.4844
776.3672
776.3672
776.3672
776.3672
781.2500
781.2500
800.7812
800.7812
825.1953
825.1953
869.1406
869.1406
932.6172
932.6172
1000.9766
1000.9766
1054.6875
1054.6875
1093.7500
1093.7500
1103.5156
1103.5156
1074.2187
1074.2187
1020.5078
1020.5078
927.7344
927.7344
805.6641
805.6641
683.5937
683.5937
566.4062
566.4062
473.6328
473.6328
419.9219
419.9219
390.6250
390.6250
356.4453
356.4453
327.1484
327.1484
273.4375
273.4375
205.0781
205.0781
122.0703
122.0703
34.1797
34.1797
0.0000
0.0000
0.0000
0.0000
0.0000
0.0000
0.0000
0.0000
0.0000
0.0000
0.0000
0.0000
0.0000
0.0000
0.0000
0.0000
0.0000
0.0000
0.0000
0.0000
0.0000
0.0000
0.0000
0.0000
0.0000
0.0000
0.0000
0.0000
0.0000
0.0000
0.0000
0.0000
0.0000
0.0000
0.0000
0.0000
0.0000
0.0000
0.0000
0.0000
0.0000
0.0000
0.0000
0.0000
0.0000
0.0000
0.0000
0.0000
0.0000
0.0000
0.0000
0.0000
0.0000
0.0000
0.0000
0.0000
0.0000
0.0000
0.0000
0.0000
0.0000
0.0000
0.0000
0.0000
0.0000
0.0000
0.0000
0.0000
0.0000
0.0000
0.0000
0.0000
0.0000
0.0000
0.0000
0.0000
0.0000
0.0000
0.0000
0.0000
0.0000
0.0000
0.0000
0.0000
0.0000
0.0000
73.2422
73.2422
136.7187
136.7187
200.1953
200.1953
253.9062
253.9062
312.5000
312.5000
385.7422
385.7422
454.1016
454.1016
512.6953
512.6953
576.1719
576.1719
629.8828
629.8828
678.7109
678.7109
732.4219
732.4219
786.1328
786.1328
825.1953
825.1953
869.1406
869.1406
922.8516
922.8516
981.4453
981.4453
1054.6875
1054.6875
1113.2812
1113.2812
1127.9297
1127.9297
1088.8672
1088.8672
991.2109
991.2109
849.6094
849.6094
688.4766
688.4766
527.3437
527.3437
380.8594
380.8594
258.7891
258.7891
180.6641
180.6641
122.0703
122.0703
92.7734
92.7734
78.1250
78.1250
53.7109
53.7109
9.7656
9.7656
0.0000
0.0000
0.0000
0.0000
0.0000
0.0000
0.0000
0.0000
0.0000
0.0000
0.0000
0.0000
0.0000
0.0000
0.0000
0.0000
0.0000
0.0000
0.0000
0.0000
0.0000
0.0000
0.0000
0.0000
0.0000
0.0000
0.0000
0.0000
0.0000
0.0000
0.0000
0.0000
0.0000
0.0000
0.0000
0.0000
0.0000
0.0000
0.0000
0.0000
0.0000
0.0000
0.0000
0.0000
0.0000
0.0000
0.0000
0.0000
0.0000
0.0000
0.0000
0.0000
0.0000
0.0000
0.0000
0.0000
0.0000
0.0000
0.0000
0.0000
0.0000
0.0000
0.0000
0.0000
0.0000
0.0000
0.0000
0.0000
0.0000
0.0000
0.0000
0.0000
0.0000
0.0000
0.0000
0.0000
0.0000
0.0000
0.0000
0.0000
0.0000
0.0000
19.5312
19.5312
102.5391
102.5391
190.4297
190.4297
263.6719
263.6719
332.0312
332.0312
400.3906
400.3906
463.8672
463.8672
502.9297
502.9297
532.2266
532.2266
546.8750
546.8750
546.8750
546.8750
551.7578
551.7578
566.4062
566.4062
571.2891
571.2891
576.1719
576.1719
590.8203
590.8203
605.4687
605.4687
644.5312
644.5312
712.8906
712.8906
791.0156
791.0156
874.0234
874.0234
942.3828
942.3828
981.4453
981.4453
971.6797
971.6797
927.7344
927.7344
834.9609
834.9609
717.7734
717.7734
610.3516
610.3516
522.4609
522.4609
463.8672
463.8672
454.1016
454.1016
458.9844
458.9844
458.9844
458.9844
439.4531
439.4531
385.7422
385.7422
302.7344
302.7344
209.9609
209.9609
112.3047
112.3047
4.8828
4.8828
0.0000
0.0000
0.0000
0.0000
0.0000
0.0000
0.0000
0.0000
0.0000
0.0000
0.0000
0.0000
0.0000
0.0000
0.0000
0.0000
0.0000
0.0000
0.0000
0.0000
0.0000
0.0000
0.0000
0.0000
0.0000
0.0000
0.0000
0.0000
0.0000
0.0000
0.0000
0.0000
0.0000
0.0000
0.0000
0.0000
0.0000
0.0000
0.0000
0.0000
0.0000
0.0000
0.0000
0.0000
0.0000
0.0000
0.0000
0.0000
0.0000
0.0000
0.0000
0.0000
0.0000
0.0000
0.0000
0.0000
0.0000
0.0000
19.5312
19.5312
34.1797
34.1797
43.9453
43.9453
48.8281
48.8281
48.8281
48.8281
58.5937
58.5937
78.1250
78.1250
97.6562
97.6562
117.1875
117.1875
151.3672
151.3672
180.6641
180.6641
219.7266
219.7266
268.5547
268.5547
317.3828
317.3828
356.4453
356.4453
395.5078
395.5078
434.5703
434.5703
478.5156
478.5156
541.9922
541.9922
605.4687
605.4687
664.0625
664.0625
722.6562
722.6562
771.4844
771.4844
815.4297
815.4297
869.1406
869.1406
917.9687
917.9687
966.7969
966.7969
1030.2734
1030.2734
1088.8672
1088.8672
1137.6953
1137.6953
1176.7578
1176.7578
1181.6406
1181.6406
1127.9297
1127.9297
1030.2734
1030.2734
893.5547
893.5547
737.3047
737.3047
600.5859
600.5859
493.1641
493.1641
410.1562
410.1562
351.5625
351.5625
312.5000
312.5000
273.4375
273.4375
239.2578
239.2578
205.0781
205.0781
156.2500
156.2500
97.6562
97.6562
43.9453
43.9453
0.0000
0.0000
0.0000
0.0000
0.0000
0.0000
0.0000
0.0000
0.0000
0.0000
0.0000
0.0000
0.0000
0.0000
0.0000
0.0000
0.0000
0.0000
0.0000
0.0000
0.0000
0.0000
0.0000
0.0000
0.0000
0.0000
0.0000
0.0000
0.0000
0.0000
0.0000
0.0000
0.0000
0.0000
0.0000
0.0000
0.0000
0.0000
0.0000
0.0000
0.0000
0.0000
0.0000
0.0000
0.0000
0.0000
0.0000
0.0000
0.0000
0.0000
0.0000
0.0000
0.0000
0.0000
0.0000
0.0000
0.0000
0.0000
0.0000
0.0000
0.0000
0.0000
0.0000
0.0000
0.0000
0.0000
0.0000
0.0000
0.0000
0.0000
0.0000
0.0000
0.0000
0.0000
0.0000
0.0000
53.7109
53.7109
151.3672
151.3672
244.1406
244.1406
317.3828
317.3828
385.7422
385.7422
439.4531
439.4531
483.3984
483.3984
527.3437
527.3437
561.5234
561.5234
576.1719
576.1719
571.2891
571.2891
556.6406
556.6406
527.3437
527.3437
502.9297
502.9297
483.3984
483.3984
463.8672
463.8672
444.3359
444.3359
429.6875
429.6875
415.0391
415.0391
415.0391
415.0391
429.6875
429.6875
454.1016
454.1016
483.3984
483.3984
537.1094
537.1094
610.3516
610.3516
703.1250
703.1250
815.4297
815.4297
913.0859
913.0859
976.5625
976.5625
996.0937
996.0937
952.1484
952.1484
854.4922
854.4922
732.4219
732.4219
590.8203
590.8203
449.2187
449.2187
336.9141
336.9141
258.7891
258.7891
209.9609
209.9609
195.3125
195.3125
195.3125
195.3125
180.6641
180.6641
141.6016
141.6016
83.0078
83.0078
14.6484
14.6484
0.0000
0.0000
0.0000
0.0000
0.0000
0.0000
0.0000
0.0000
0.0000
0.0000
0.0000
0.0000
0.0000
0.0000
0.0000
0.0000
0.0000
0.0000
0.0000
0.0000
0.0000
0.0000
0.0000
0.0000
0.0000
0.0000
0.0000
0.0000
0.0000
0.0000
0.0000
0.0000
0.0000
0.0000
0.0000
0.0000
0.0000
0.0000
0.0000
0.0000
0.0000
0.0000
0.0000
0.0000
0.0000
0.0000
0.0000
0.0000
0.0000
0.0000
0.0000
0.0000
0.0000
0.0000
0.0000
0.0000
0.0000
0.0000
0.0000
0.0000
0.0000
0.0000
0.0000
0.0000
0.0000
0.0000
0.0000
0.0000
0.0000
14.6484
14.6484
48.8281
48.8281
87.8906
87.8906
87.8906
141.6016
141.6016
185.5469
185.5469
229.4922
229.4922
273.4375
273.4375
312.5000
361.3281
361.3281
424.8047
424.8047
488.2812
488.2812
541.9922
541.9922
600.5859
600.5859
600.5859
644.5312
644.5312
683.5937
683.5937
727.5391
727.5391
761.7187
781.2500
781.2500
791.0156
791.0156
791.0156
791.0156
781.2500
781.2500
791.0156
791.0156
791.0156
820.3125
849.6094
849.6094
888.6719
888.6719
927.7344
927.7344
942.3828
942.3828
932.6172
932.6172
883.7891
883.7891
786.1328
786.1328
649.4141
649.4141
493.1641
493.1641
346.6797
346.6797
224.6094
224.6094
151.3672
151.3672
107.4219
107.4219
83.0078
83.0078
73.2422
73.2422
58.5937
58.5937
29.2969
29.2969
0.0000
0.0000
0.0000
0.0000
0.0000
0.0000
0.0000
0.0000
0.0000
0.0000
0.0000
0.0000
0.0000
0.0000
0.0000
0.0000
0.0000
0.0000
0.0000
0.0000
0.0000
0.0000
0.0000
0.0000
0.0000
0.0000
0.0000
0.0000
0.0000
0.0000
0.0000
0.0000
0.0000
0.0000
0.0000
0.0000
0.0000
0.0000
0.0000
0.0000
0.0000
0.0000
0.0000
0.0000
0.0000
0.0000
0.0000
0.0000
0.0000
0.0000
0.0000
0.0000
0.0000
0.0000
0.0000
0.0000
0.0000
0.0000
0.0000
0.0000
0.0000
0.0000
0.0000
0.0000
0.0000
0.0000
0.0000
0.0000
0.0000
0.0000
0.0000
0.0000
0.0000
0.0000
0.0000
0.0000
73.2422
73.2422
141.6016
141.6016
200.1953
200.1953
244.1406
244.1406
273.4375
273.4375
307.6172
307.6172
341.7969
341.7969
356.4453
356.4453
366.2109
366.2109
371.0937
371.0937
371.0937
371.0937
375.9766
375.9766
380.8594
380.8594
371.0937
371.0937
356.4453
356.4453
341.7969
341.7969
322.2656
322.2656
317.3828
317.3828
336.9141
336.9141
361.3281
361.3281
390.6250
390.6250
434.5703
434.5703
483.3984
483.3984
541.9922
541.9922
620.1172
620.1172
703.1250
703.1250
786.1328
786.1328
874.0234
874.0234
971.6797
971.6797
1074.2187
1074.2187
1201.1719
1201.1719
1342.7734
1342.7734
1479.4922
1479.4922
1596.6797
1596.6797
1684.5703
1684.5703
1708.9844
1708.9844
1679.6875
1679.6875
1577.1484
1577.1484
1411.1328
1411.1328
1210.9375
1210.9375
1010.7422
1010.7422
834.9609
834.9609
703.1250
703.1250
620.1172
620.1172
546.8750
546.8750
463.8672
463.8672
356.4453
356.4453
205.0781
205.0781
24.4141
24.4141
0.0000
0.0000
0.0000
0.0000
0.0000
0.0000
0.0000
0.0000
0.0000
0.0000
0.0000
0.0000
0.0000
0.0000
0.0000
0.0000
0.0000
0.0000
0.0000
0.0000
0.0000
0.0000
0.0000
0.0000
0.0000
0.0000
0.0000
0.0000
0.0000
0.0000
0.0000
0.0000
0.0000
0.0000
0.0000
0.0000
0.0000
0.0000
0.0000
0.0000
0.0000
0.0000
0.0000
0.0000
0.0000
0.0000
0.0000
0.0000
0.0000
0.0000
0.0000
0.0000
0.0000
0.0000
0.0000
0.0000
0.0000
0.0000
0.0000
0.0000
0.0000
0.0000
0.0000
0.0000
0.0000
0.0000
0.0000
0.0000
0.0000
0.0000
0.0000
0.0000
0.0000
0.0000
0.0000
0.0000
0.0000
0.0000
0.0000
0.0000
0.0000
0.0000
0.0000
0.0000
14.6484
14.6484
92.7734
92.7734
175.7812
175.7812
249.0234
249.0234
322.2656
322.2656
385.7422
385.7422
439.4531
439.4531
493.1641
493.1641
546.8750
546.8750
585.9375
585.9375
615.2344
615.2344
639.6484
639.6484
664.0625
664.0625
708.0078
708.0078
766.6016
766.6016
839.8437
839.8437
908.2031
908.2031
976.5625
976.5625
1020.5078
1020.5078
1030.2734
1030.2734
1010.7422
1010.7422
937.5000
937.5000
820.3125
820.3125
683.5937
683.5937
537.1094
537.1094
410.1562
410.1562
317.3828
317.3828
253.9062
253.9062
209.9609
209.9609
180.6641
180.6641
151.3672
151.3672
102.5391
102.5391
39.0625
39.0625
0.0000
0.0000
0.0000
0.0000
0.0000
0.0000
0.0000
0.0000
0.0000
0.0000
0.0000
0.0000
0.0000
0.0000
0.0000
0.0000
0.0000
0.0000
0.0000
0.0000
0.0000
0.0000
0.0000
0.0000
0.0000
0.0000
0.0000
0.0000
0.0000
0.0000
0.0000
0.0000
0.0000
0.0000
0.0000
0.0000
0.0000
0.0000
0.0000
0.0000
0.0000
0.0000
0.0000
0.0000
0.0000
0.0000
0.0000
0.0000
0.0000
0.0000
0.0000
0.0000
0.0000
0.0000
0.0000
0.0000
0.0000
0.0000
0.0000
0.0000
0.0000
0.0000
0.0000
0.0000
0.0000
0.0000
0.0000
0.0000
4.8828
4.8828
58.5937
58.5937
126.9531
126.9531
195.3125
195.3125
249.0234
249.0234
292.9687
292.9687
327.1484
327.1484
351.5625
351.5625
371.0937
371.0937
395.5078
395.5078
415.0391
415.0391
424.8047
424.8047
444.3359
444.3359
458.9844
458.9844
483.3984
483.3984
522.4609
522.4609
551.7578
551.7578
576.1719
576.1719
605.4687
605.4687
634.7656
634.7656
668.9453
668.9453
722.6562
722.6562
781.2500
781.2500
839.8437
839.8437
908.2031
908.2031
981.4453
981.4453
1054.6875
1054.6875
1142.5781
1142.5781
1206.0547
1206.0547
1230.4687
1230.4687
1191.4062
1191.4062
1083.9844
1083.9844
908.2031
908.2031
698.2422
698.2422
483.3984
483.3984
278.3203
278.3203
112.3047
112.3047
0.0000
0.0000
0.0000
0.0000
0.0000
0.0000
0.0000
0.0000
0.0000
0.0000
0.0000
0.0000
0.0000
0.0000
0.0000
0.0000
0.0000
0.0000
0.0000
0.0000
0.0000
0.0000
0.0000
0.0000
0.0000
0.0000
0.0000
0.0000
0.0000
0.0000
0.0000
0.0000
0.0000
0.0000
0.0000
0.0000
0.0000
0.0000
0.0000
0.0000
0.0000
0.0000
0.0000
0.0000
0.0000
0.0000
0.0000
0.0000
0.0000
0.0000
0.0000
0.0000
0.0000
0.0000
0.0000
0.0000
0.0000
0.0000
0.0000
0.0000
0.0000
0.0000
0.0000
0.0000
0.0000
0.0000
0.0000
0.0000
0.0000
0.0000
0.0000
0.0000
0.0000
0.0000
0.0000
0.0000
0.0000
0.0000
0.0000
0.0000
0.0000
0.0000
0.0000
0.0000
0.0000
0.0000
0.0000
0.0000
0.0000
0.0000
14.6484
14.6484
68.3594
68.3594
122.0703
122.0703
175.7812
175.7812
239.2578
239.2578
297.8516
297.8516
356.4453
356.4453
424.8047
424.8047
483.3984
483.3984
537.1094
537.1094
585.9375
585.9375
629.8828
629.8828
673.8281
673.8281
727.5391
727.5391
781.2500
781.2500
820.3125
820.3125
844.7266
844.7266
864.2578
864.2578
864.2578
864.2578
869.1406
869.1406
878.9062
878.9062
878.9062
878.9062
878.9062
878.9062
893.5547
893.5547
917.9687
917.9687
971.6797
971.6797
1049.8047
1049.8047
1123.0469
1123.0469
1181.6406
1181.6406
1210.9375
1210.9375
1186.5234
1186.5234
1118.1641
1118.1641
1015.6250
1015.6250
883.7891
883.7891
732.4219
732.4219
605.4687
605.4687
502.9297
502.9297
439.4531
439.4531
419.9219
419.9219
419.9219
419.9219
410.1562
410.1562
380.8594
380.8594
322.2656
322.2656
224.6094
224.6094
122.0703
122.0703
4.8828
4.8828
0.0000
0.0000
0.0000
0.0000
0.0000
0.0000
0.0000
0.0000
0.0000
0.0000
0.0000
0.0000
0.0000
0.0000
0.0000
0.0000
0.0000
0.0000
0.0000
0.0000
0.0000
0.0000
0.0000
0.0000
0.0000
0.0000
0.0000
0.0000
0.0000
0.0000
0.0000
0.0000
0.0000
0.0000
0.0000
0.0000
0.0000
0.0000
0.0000
0.0000
0.0000
0.0000
0.0000
0.0000
0.0000
0.0000
0.0000
0.0000
0.0000
0.0000
0.0000
0.0000
0.0000
0.0000
0.0000
0.0000
0.0000
0.0000
0.0000
0.0000
0.0000
0.0000
0.0000
0.0000
0.0000
0.0000
0.0000
0.0000
0.0000
0.0000
24.4141
24.4141
53.7109
53.7109
68.3594
68.3594
73.2422
73.2422
78.1250
78.1250
83.0078
83.0078
97.6562
97.6562
131.8359
131.8359
166.0156
166.0156
190.4297
190.4297
224.6094
224.6094
249.0234
249.0234
278.3203
278.3203
317.3828
317.3828
356.4453
356.4453
395.5078
395.5078
439.4531
439.4531
488.2812
488.2812
541.9922
541.9922
615.2344
615.2344
688.4766
688.4766
756.8359
756.8359
825.1953
825.1953
893.5547
893.5547
961.9141
961.9141
1049.8047
1049.8047
1132.8125
1132.8125
1186.5234
1186.5234
1215.8203
1215.8203
1201.1719
1201.1719
1123.0469
1123.0469
1005.8594
1005.8594
849.6094
849.6094
664.0625
664.0625
468.7500
468.7500
302.7344
302.7344
166.0156
166.0156
78.1250
78.1250
39.0625
39.0625
4.8828
4.8828
0.0000
0.0000
0.0000
0.0000
0.0000
0.0000
0.0000
0.0000
0.0000
0.0000
0.0000
0.0000
0.0000
0.0000
0.0000
0.0000
0.0000
0.0000
0.0000
0.0000
0.0000
0.0000
0.0000
0.0000
0.0000
0.0000
0.0000
0.0000
0.0000
0.0000
0.0000
0.0000
0.0000
0.0000
0.0000
0.0000
0.0000
0.0000
0.0000
0.0000
0.0000
0.0000
0.0000
0.0000
0.0000
0.0000
0.0000
0.0000
0.0000
0.0000
0.0000
0.0000
0.0000
0.0000
0.0000
0.0000
0.0000
0.0000
0.0000
0.0000
0.0000
0.0000
0.0000
0.0000
0.0000
0.0000
0.0000
0.0000
0.0000
0.0000
0.0000
0.0000
0.0000
0.0000
0.0000
0.0000
0.0000
0.0000
0.0000
0.0000
0.0000
0.0000
0.0000
29.2969
29.2969
29.2969
87.8906
87.8906
146.4844
146.4844
205.0781
205.0781
253.9062
253.9062
312.5000
366.2109
366.2109
400.3906
400.3906
419.9219
419.9219
429.6875
429.6875
424.8047
424.8047
424.8047
424.8047
424.8047
424.8047
419.9219
419.9219
415.0391
415.0391
410.1562
410.1562
405.2734
405.2734
410.1562
410.1562
429.6875
429.6875
454.1016
454.1016
488.2812
488.2812
546.8750
546.8750
620.1172
620.1172
712.8906
712.8906
815.4297
815.4297
888.6719
888.6719
913.0859
913.0859
898.4375
898.4375
839.8437
839.8437
751.9531
751.9531
673.8281
673.8281
600.5859
600.5859
546.8750
546.8750
522.4609
522.4609
517.5781
517.5781
522.4609
522.4609
532.2266
532.2266
522.4609
522.4609
478.5156
478.5156
405.2734
405.2734
312.5000
312.5000
205.0781
205.0781
102.5391
102.5391
9.7656
9.7656
0.0000
0.0000
0.0000
0.0000
0.0000
0.0000
0.0000
0.0000
0.0000
0.0000
0.0000
0.0000
0.0000
0.0000
0.0000
0.0000
0.0000
0.0000
0.0000
0.0000
0.0000
0.0000
0.0000
0.0000
0.0000
0.0000
0.0000
0.0000
0.0000
0.0000
0.0000
0.0000
0.0000
0.0000
0.0000
0.0000
0.0000
0.0000
0.0000
0.0000
0.0000
0.0000
0.0000
0.0000
0.0000
0.0000
0.0000
0.0000
0.0000
0.0000
0.0000
0.0000
4.8828
4.8828
63.4766
63.4766
122.0703
122.0703
185.5469
185.5469
244.1406
244.1406
278.3203
278.3203
302.7344
302.7344
322.2656
322.2656
332.0312
332.0312
356.4453
356.4453
395.5078
395.5078
434.5703
434.5703
473.6328
473.6328
512.6953
512.6953
541.9922
541.9922
576.1719
576.1719
615.2344
615.2344
649.4141
649.4141
673.8281
673.8281
708.0078
708.0078
742.1875
742.1875
786.1328
786.1328
849.6094
849.6094
917.9687
917.9687
976.5625
976.5625
1030.2734
1030.2734
1079.1016
1079.1016
1123.0469
1123.0469
1176.7578
1176.7578
1240.2344
1240.2344
1279.2969
1279.2969
1293.9453
1293.9453
1274.4141
1274.4141
1201.1719
1201.1719
1093.7500
1093.7500
952.1484
952.1484
786.1328
786.1328
615.2344
615.2344
463.8672
463.8672
332.0312
332.0312
234.3750
234.3750
170.8984
170.8984
117.1875
117.1875
58.5937
58.5937
0.0000
0.0000
0.0000
0.0000
0.0000
0.0000
0.0000
0.0000
0.0000
0.0000
0.0000
0.0000
0.0000
0.0000
0.0000
0.0000
0.0000
0.0000
0.0000
0.0000
0.0000
0.0000
0.0000
0.0000
0.0000
0.0000
0.0000
0.0000
0.0000
0.0000
0.0000
0.0000
0.0000
0.0000
0.0000
0.0000
0.0000
0.0000
0.0000
0.0000
0.0000
0.0000
0.0000
0.0000
0.0000
0.0000
0.0000
0.0000
0.0000
0.0000
0.0000
0.0000
0.0000
0.0000
0.0000
0.0000
0.0000
0.0000
0.0000
0.0000
0.0000
0.0000
0.0000
0.0000
0.0000
0.0000
0.0000
0.0000
0.0000
0.0000
0.0000
0.0000
0.0000
0.0000
0.0000
0.0000
0.0000
0.0000
0.0000
0.0000
0.0000
0.0000
0.0000
0.0000
19.5312
19.5312
83.0078
83.0078
141.6016
141.6016
190.4297
190.4297
249.0234
249.0234
297.8516
297.8516
336.9141
336.9141
371.0937
371.0937
400.3906
400.3906
415.0391
415.0391
444.3359
444.3359
468.7500
468.7500
483.3984
483.3984
493.1641
493.1641
498.0469
498.0469
502.9297
502.9297
522.4609
522.4609
571.2891
571.2891
629.8828
629.8828
703.1250
703.1250
781.2500
781.2500
844.7266
844.7266
874.0234
874.0234
878.9062
878.9062
830.0781
830.0781
742.1875
742.1875
644.5312
644.5312
546.8750
546.8750
463.8672
463.8672
424.8047
424.8047
410.1562
410.1562
400.3906
400.3906
395.5078
395.5078
371.0937
371.0937
327.1484
327.1484
273.4375
273.4375
200.1953
200.1953
102.5391
102.5391
4.8828
4.8828
0.0000
0.0000
0.0000
0.0000
0.0000
0.0000
0.0000
0.0000
0.0000
0.0000
0.0000
0.0000
0.0000
0.0000
0.0000
0.0000
0.0000
0.0000
0.0000
0.0000
0.0000
0.0000
0.0000
0.0000
0.0000
0.0000
0.0000
0.0000
0.0000
0.0000
0.0000
0.0000
0.0000
0.0000
0.0000
0.0000
0.0000
0.0000
0.0000
0.0000
0.0000
0.0000
0.0000
0.0000
0.0000
0.0000
0.0000
0.0000
0.0000
0.0000
0.0000
0.0000
0.0000
0.0000
0.0000
0.0000
0.0000
0.0000
0.0000
0.0000
0.0000
0.0000
43.9453
43.9453
92.7734
92.7734
141.6016
141.6016
190.4297
190.4297
219.7266
219.7266
234.3750
234.3750
244.1406
244.1406
244.1406
244.1406
253.9062
253.9062
278.3203
278.3203
302.7344
302.7344
322.2656
322.2656
346.6797
346.6797
371.0937
371.0937
395.5078
395.5078
434.5703
434.5703
468.7500
468.7500
498.0469
498.0469
537.1094
537.1094
576.1719
576.1719
625.0000
625.0000
698.2422
698.2422
771.4844
771.4844
834.9609
834.9609
893.5547
893.5547
952.1484
952.1484
1000.9766
1000.9766
1069.3359
1069.3359
1142.5781
1142.5781
1210.9375
1210.9375
1274.4141
1274.4141
1313.4766
1313.4766
1323.2422
1323.2422
1303.7109
1303.7109
1245.1172
1245.1172
1137.6953
1137.6953
996.0937
996.0937
839.8437
839.8437
668.9453
668.9453
512.6953
512.6953
385.7422
385.7422
278.3203
278.3203
185.5469
185.5469
122.0703
122.0703
58.5937
58.5937
0.0000
0.0000
0.0000
0.0000
0.0000
0.0000
0.0000
0.0000
0.0000
0.0000
0.0000
0.0000
0.0000
0.0000
0.0000
0.0000
0.0000
0.0000
0.0000
0.0000
0.0000
0.0000
0.0000
0.0000
0.0000
0.0000
0.0000
0.0000
0.0000
0.0000
0.0000
0.0000
0.0000
0.0000
0.0000
0.0000
0.0000
0.0000
0.0000
0.0000
0.0000
0.0000
0.0000
0.0000
0.0000
0.0000
0.0000
0.0000
0.0000
0.0000
0.0000
0.0000
0.0000
0.0000
0.0000
0.0000
0.0000
0.0000
0.0000
0.0000
0.0000
0.0000
0.0000
0.0000
0.0000
0.0000
0.0000
0.0000
0.0000
0.0000
0.0000
0.0000
0.0000
0.0000
0.0000
0.0000
0.0000
0.0000
0.0000
0.0000
0.0000
0.0000
0.0000
0.0000
0.0000
0.0000
0.0000
0.0000
83.0078
83.0078
200.1953
200.1953
297.8516
297.8516
395.5078
395.5078
483.3984
483.3984
566.4062
566.4062
659.1797
659.1797
747.0703
747.0703
820.3125
820.3125
878.9062
878.9062
922.8516
922.8516
952.1484
952.1484
976.5625
976.5625
1010.7422
1010.7422
1044.9219
1044.9219
1083.9844
1083.9844
1137.6953
1137.6953
1186.5234
1186.5234
1215.8203
1215.8203
1220.7031
1220.7031
1181.6406
1181.6406
1093.7500
1093.7500
976.5625
976.5625
839.8437
839.8437
717.7734
717.7734
629.8828
629.8828
566.4062
566.4062
527.3437
527.3437
502.9297
502.9297
488.2812
488.2812
468.7500
468.7500
458.9844
458.9844
449.2187
449.2187
429.6875
429.6875
410.1562
410.1562
400.3906
400.3906
385.7422
385.7422
366.2109
366.2109
341.7969
341.7969
283.2031
283.2031
190.4297
190.4297
73.2422
73.2422
0.0000
0.0000
0.0000
0.0000
0.0000
0.0000
0.0000
0.0000
0.0000
0.0000
0.0000
0.0000
0.0000
0.0000
0.0000
0.0000
0.0000
0.0000
0.0000
0.0000
0.0000
0.0000
0.0000
0.0000
0.0000
0.0000
0.0000
0.0000
0.0000
0.0000
0.0000
0.0000
0.0000
0.0000
0.0000
0.0000
0.0000
0.0000
0.0000
0.0000
0.0000
0.0000
0.0000
0.0000
0.0000
0.0000
0.0000
0.0000
0.0000
0.0000
0.0000
0.0000
0.0000
0.0000
24.4141
24.4141
58.5937
58.5937
83.0078
83.0078
102.5391
102.5391
112.3047
112.3047
131.8359
131.8359
156.2500
156.2500
180.6641
180.6641
205.0781
205.0781
234.3750
234.3750
263.6719
263.6719
297.8516
297.8516
346.6797
346.6797
395.5078
395.5078
444.3359
444.3359
498.0469
498.0469
551.7578
551.7578
605.4687
605.4687
673.8281
673.8281
737.3047
737.3047
786.1328
786.1328
830.0781
830.0781
864.2578
864.2578
893.5547
893.5547
942.3828
942.3828
1005.8594
1005.8594
1064.4531
1064.4531
1123.0469
1123.0469
1166.9922
1166.9922
1166.9922
1166.9922
1127.9297
1127.9297
1044.9219
1044.9219
903.3203
903.3203
722.6562
722.6562
537.1094
537.1094
351.5625
351.5625
205.0781
205.0781
102.5391
102.5391
29.2969
29.2969
0.0000
0.0000
0.0000
0.0000
0.0000
0.0000
0.0000
0.0000
0.0000
0.0000
0.0000
0.0000
0.0000
0.0000
0.0000
0.0000
0.0000
0.0000
0.0000
0.0000
0.0000
0.0000
0.0000
0.0000
0.0000
0.0000
0.0000
0.0000
0.0000
0.0000
0.0000
0.0000
0.0000
0.0000
0.0000
0.0000
0.0000
0.0000
0.0000
0.0000
0.0000
0.0000
0.0000
0.0000
0.0000
0.0000
0.0000
0.0000
0.0000
0.0000
0.0000
0.0000
0.0000
0.0000
0.0000
0.0000
0.0000
0.0000
0.0000
0.0000
0.0000
0.0000
0.0000
0.0000
0.0000
0.0000
0.0000
0.0000
0.0000
0.0000
0.0000
0.0000
0.0000
0.0000
0.0000
0.0000
0.0000
0.0000
0.0000
0.0000
0.0000
0.0000
29.2969
29.2969
112.3047
185.5469
185.5469
258.7891
258.7891
332.0312
332.0312
395.5078
395.5078
473.6328
473.6328
473.6328
541.9922
541.9922
600.5859
600.5859
644.5312
644.5312
673.8281
688.4766
688.4766
703.1250
703.1250
712.8906
712.8906
708.0078
708.0078
698.2422
698.2422
683.5937
683.5937
668.9453
668.9453
664.0625
664.0625
693.3594
693.3594
727.5391
727.5391
756.8359
756.8359
781.2500
781.2500
761.7187
761.7187
703.1250
703.1250
600.5859
600.5859
458.9844
458.9844
297.8516
297.8516
146.4844
146.4844
24.4141
24.4141
0.0000
0.0000
0.0000
0.0000
0.0000
0.0000
0.0000
0.0000
0.0000
0.0000
0.0000
0.0000
0.0000
0.0000
0.0000
0.0000
0.0000
0.0000
0.0000
0.0000
0.0000
0.0000
0.0000
0.0000
0.0000
0.0000
0.0000
0.0000
0.0000
0.0000
0.0000
0.0000
0.0000
0.0000
0.0000
0.0000
0.0000
0.0000
0.0000
0.0000
0.0000
0.0000
0.0000
0.0000
0.0000
0.0000
0.0000
0.0000
0.0000
0.0000
0.0000
0.0000
0.0000
0.0000
0.0000
0.0000
0.0000
0.0000
0.0000
0.0000
0.0000
0.0000
0.0000
0.0000
0.0000
0.0000
0.0000
0.0000
0.0000
0.0000
0.0000
0.0000
0.0000
0.0000
0.0000
0.0000
0.0000
0.0000
0.0000
0.0000
0.0000
0.0000
0.0000
0.0000
0.0000
0.0000
0.0000
0.0000
0.0000
0.0000
83.0078
83.0078
151.3672
151.3672
209.9609
209.9609
263.6719
263.6719
307.6172
307.6172
351.5625
351.5625
405.2734
405.2734
439.4531
439.4531
458.9844
458.9844
473.6328
473.6328
473.6328
473.6328
473.6328
473.6328
483.3984
483.3984
488.2812
488.2812
493.1641
493.1641
512.6953
512.6953
527.3437
527.3437
556.6406
556.6406
595.7031
595.7031
639.6484
639.6484
673.8281
673.8281
708.0078
708.0078
737.3047
737.3047
771.4844
771.4844
830.0781
830.0781
903.3203
903.3203
981.4453
981.4453
1054.6875
1054.6875
1113.2812
1113.2812
1137.6953
1137.6953
1123.0469
1123.0469
1074.2187
1074.2187
976.5625
976.5625
844.7266
844.7266
698.2422
698.2422
556.6406
556.6406
434.5703
434.5703
351.5625
351.5625
288.0859
288.0859
239.2578
239.2578
200.1953
200.1953
156.2500
156.2500
122.0703
122.0703
92.7734
92.7734
63.4766
63.4766
24.4141
24.4141
0.0000
0.0000
0.0000
0.0000
0.0000
0.0000
0.0000
0.0000
0.0000
0.0000
0.0000
0.0000
0.0000
0.0000
0.0000
0.0000
0.0000
0.0000
0.0000
0.0000
0.0000
0.0000
0.0000
0.0000
0.0000
0.0000
0.0000
0.0000
0.0000
0.0000
0.0000
0.0000
0.0000
0.0000
0.0000
0.0000
0.0000
0.0000
0.0000
0.0000
0.0000
0.0000
0.0000
0.0000
0.0000
0.0000
0.0000
0.0000
0.0000
0.0000
0.0000
0.0000
0.0000
0.0000
0.0000
0.0000
0.0000
0.0000
0.0000
0.0000
0.0000
0.0000
0.0000
0.0000
0.0000
0.0000
0.0000
0.0000
0.0000
0.0000
29.2969
29.2969
112.3047
112.3047
185.5469
185.5469
263.6719
263.6719
332.0312
332.0312
415.0391
415.0391
493.1641
493.1641
561.5234
561.5234
615.2344
615.2344
664.0625
664.0625
698.2422
698.2422
732.4219
732.4219
766.6016
766.6016
781.2500
781.2500
781.2500
781.2500
771.4844
771.4844
747.0703
747.0703
717.7734
717.7734
693.3594
693.3594
659.1797
659.1797
629.8828
629.8828
620.1172
620.1172
625.0000
625.0000
654.2969
654.2969
708.0078
708.0078
742.1875
742.1875
742.1875
742.1875
703.1250
703.1250
625.0000
625.0000
512.6953
512.6953
400.3906
400.3906
292.9687
292.9687
200.1953
200.1953
131.8359
131.8359
92.7734
92.7734
78.1250
78.1250
92.7734
92.7734
112.3047
112.3047
117.1875
117.1875
107.4219
107.4219
83.0078
83.0078
48.8281
48.8281
24.4141
24.4141
0.0000
0.0000
0.0000
0.0000
0.0000
0.0000
0.0000
0.0000
0.0000
0.0000
0.0000
0.0000
0.0000
0.0000
0.0000
0.0000
0.0000
0.0000
0.0000
0.0000
0.0000
0.0000
0.0000
0.0000
0.0000
0.0000
0.0000
0.0000
0.0000
0.0000
0.0000
0.0000
0.0000
0.0000
0.0000
0.0000
0.0000
0.0000
0.0000
0.0000
0.0000
0.0000
0.0000
0.0000
0.0000
0.0000
0.0000
0.0000
0.0000
0.0000
0.0000
0.0000
0.0000
0.0000
0.0000
0.0000
0.0000
0.0000
0.0000
0.0000
0.0000
0.0000
0.0000
0.0000
24.4141
24.4141
87.8906
87.8906
141.6016
141.6016
175.7812
175.7812
200.1953
200.1953
224.6094
224.6094
234.3750
234.3750
234.3750
234.3750
239.2578
239.2578
239.2578
239.2578
253.9062
253.9062
278.3203
278.3203
302.7344
302.7344
322.2656
322.2656
341.7969
341.7969
361.3281
361.3281
385.7422
385.7422
434.5703
434.5703
488.2812
488.2812
541.9922
541.9922
600.5859
600.5859
664.0625
664.0625
722.6562
722.6562
791.0156
791.0156
864.2578
864.2578
927.7344
927.7344
991.2109
991.2109
1054.6875
1054.6875
1123.0469
1123.0469
1191.4062
1191.4062
1259.7656
1259.7656
1289.0625
1289.0625
1274.4141
1274.4141
1210.9375
1210.9375
1098.6328
1098.6328
952.1484
952.1484
786.1328
786.1328
605.4687
605.4687
429.6875
429.6875
278.3203
278.3203
146.4844
146.4844
48.8281
48.8281
0.0000
0.0000
0.0000
0.0000
0.0000
0.0000
0.0000
0.0000
0.0000
0.0000
0.0000
0.0000
0.0000
0.0000
0.0000
0.0000
0.0000
0.0000
0.0000
0.0000
0.0000
0.0000
0.0000
0.0000
0.0000
0.0000
0.0000
0.0000
0.0000
0.0000
0.0000
0.0000
0.0000
0.0000
0.0000
0.0000
0.0000
0.0000
0.0000
0.0000
0.0000
0.0000
0.0000
0.0000
0.0000
0.0000
0.0000
0.0000
0.0000
0.0000
0.0000
0.0000
0.0000
0.0000
0.0000
0.0000
0.0000
0.0000
0.0000
0.0000
0.0000
0.0000
0.0000
0.0000
0.0000
0.0000
0.0000
0.0000
0.0000
0.0000
0.0000
0.0000
0.0000
0.0000
0.0000
0.0000
0.0000
0.0000
0.0000
0.0000
0.0000
0.0000
0.0000
0.0000
53.7109
53.7109
117.1875
117.1875
190.4297
190.4297
258.7891
258.7891
317.3828
317.3828
375.9766
375.9766
419.9219
419.9219
463.8672
463.8672
507.8125
507.8125
537.1094
537.1094
556.6406
556.6406
576.1719
576.1719
581.0547
581.0547
585.9375
585.9375
600.5859
600.5859
600.5859
600.5859
590.8203
590.8203
585.9375
585.9375
585.9375
585.9375
605.4687
605.4687
664.0625
664.0625
732.4219
732.4219
786.1328
786.1328
825.1953
825.1953
815.4297
815.4297
751.9531
751.9531
659.1797
659.1797
532.2266
532.2266
385.7422
385.7422
253.9062
253.9062
156.2500
156.2500
97.6562
97.6562
92.7734
92.7734
117.1875
117.1875
136.7187
136.7187
146.4844
146.4844
131.8359
131.8359
87.8906
87.8906
39.0625
39.0625
0.0000
0.0000
0.0000
0.0000
0.0000
0.0000
0.0000
0.0000
0.0000
0.0000
0.0000
0.0000
0.0000
0.0000
0.0000
0.0000
0.0000
0.0000
0.0000
0.0000
0.0000
0.0000
0.0000
0.0000
0.0000
0.0000
0.0000
0.0000
0.0000
0.0000
0.0000
0.0000
0.0000
0.0000
0.0000
0.0000
0.0000
0.0000
0.0000
0.0000
0.0000
0.0000
0.0000
0.0000
0.0000
0.0000
0.0000
0.0000
0.0000
0.0000
0.0000
0.0000
0.0000
0.0000
0.0000
0.0000
0.0000
0.0000
34.1797
34.1797
102.5391
102.5391
175.7812
175.7812
244.1406
244.1406
302.7344
302.7344
346.6797
346.6797
380.8594
380.8594
405.2734
405.2734
434.5703
434.5703
444.3359
444.3359
449.2187
449.2187
449.2187
449.2187
454.1016
454.1016
463.8672
463.8672
493.1641
493.1641
522.4609
522.4609
541.9922
541.9922
566.4062
566.4062
585.9375
585.9375
600.5859
600.5859
634.7656
634.7656
668.9453
668.9453
698.2422
698.2422
732.4219
732.4219
771.4844
771.4844
810.5469
810.5469
874.0234
874.0234
952.1484
952.1484
1040.0391
1040.0391
1118.1641
1118.1641
1191.4062
1191.4062
1225.5859
1225.5859
1225.5859
1225.5859
1181.6406
1181.6406
1074.2187
1074.2187
917.9687
917.9687
737.3047
737.3047
556.6406
556.6406
410.1562
410.1562
302.7344
302.7344
224.6094
224.6094
146.4844
146.4844
73.2422
73.2422
0.0000
0.0000
0.0000
0.0000
0.0000
0.0000
0.0000
0.0000
0.0000
0.0000
0.0000
0.0000
0.0000
0.0000
0.0000
0.0000
0.0000
0.0000
0.0000
0.0000
0.0000
0.0000
0.0000
0.0000
0.0000
0.0000
0.0000
0.0000
0.0000
0.0000
0.0000
0.0000
0.0000
0.0000
0.0000
0.0000
0.0000
0.0000
0.0000
0.0000
0.0000
0.0000
0.0000
0.0000
0.0000
0.0000
0.0000
0.0000
0.0000
0.0000
0.0000
0.0000
0.0000
0.0000
0.0000
0.0000
0.0000
0.0000
0.0000
0.0000
0.0000
0.0000
0.0000
0.0000
0.0000
0.0000
0.0000
0.0000
0.0000
0.0000
0.0000
0.0000
0.0000
0.0000
0.0000
0.0000
0.0000
0.0000
0.0000
0.0000
0.0000
0.0000
0.0000
0.0000
0.0000
0.0000
0.0000
0.0000
0.0000
0.0000
0.0000
63.4766
63.4766
151.3672
151.3672
239.2578
239.2578
322.2656
322.2656
322.2656
390.6250
390.6250
463.8672
463.8672
537.1094
537.1094
590.8203
590.8203
629.8828
664.0625
664.0625
688.4766
688.4766
717.7734
717.7734
751.9531
751.9531
786.1328
786.1328
820.3125
820.3125
869.1406
869.1406
927.7344
927.7344
991.2109
991.2109
1059.5703
1059.5703
1103.5156
1103.5156
1098.6328
1098.6328
1054.6875
1054.6875
961.9141
961.9141
849.6094
849.6094
742.1875
742.1875
654.2969
654.2969
581.0547
581.0547
541.9922
541.9922
532.2266
532.2266
532.2266
532.2266
541.9922
541.9922
537.1094
537.1094
498.0469
498.0469
424.8047
424.8047
317.3828
317.3828
195.3125
195.3125
83.0078
83.0078
0.0000
0.0000
0.0000
0.0000
0.0000
0.0000
0.0000
0.0000
0.0000
0.0000
0.0000
0.0000
0.0000
0.0000
0.0000
0.0000
0.0000
0.0000
0.0000
0.0000
0.0000
0.0000
0.0000
0.0000
0.0000
0.0000
0.0000
0.0000
0.0000
0.0000
0.0000
0.0000
0.0000
0.0000
0.0000
0.0000
0.0000
0.0000
0.0000
0.0000
0.0000
0.0000
0.0000
0.0000
0.0000
0.0000
0.0000
0.0000
0.0000
0.0000
0.0000
0.0000
0.0000
0.0000
0.0000
0.0000
0.0000
0.0000
0.0000
0.0000
0.0000
0.0000
0.0000
0.0000
39.0625
39.0625
161.1328
161.1328
258.7891
258.7891
327.1484
327.1484
375.9766
375.9766
424.8047
424.8047
454.1016
454.1016
468.7500
468.7500
488.2812
488.2812
498.0469
498.0469
517.5781
517.5781
541.9922
541.9922
561.5234
561.5234
566.4062
566.4062
566.4062
566.4062
561.5234
561.5234
556.6406
556.6406
571.2891
571.2891
590.8203
590.8203
610.3516
610.3516
634.7656
634.7656
668.9453
668.9453
712.8906
712.8906
786.1328
786.1328
878.9062
878.9062
966.7969
966.7969
1054.6875
1054.6875
1113.2812
1113.2812
1132.8125
1132.8125
1127.9297
1127.9297
1079.1016
1079.1016
986.3281
986.3281
864.2578
864.2578
732.4219
732.4219
600.5859
600.5859
493.1641
493.1641
419.9219
419.9219
356.4453
356.4453
297.8516
297.8516
249.0234
249.0234
185.5469
185.5469
126.9531
126.9531
83.0078
83.0078
34.1797
34.1797
0.0000
0.0000
0.0000
0.0000
0.0000
0.0000
0.0000
0.0000
0.0000
0.0000
0.0000
0.0000
0.0000
0.0000
0.0000
0.0000
0.0000
0.0000
0.0000
0.0000
0.0000
0.0000
0.0000
0.0000
0.0000
0.0000
0.0000
0.0000
0.0000
0.0000
0.0000
0.0000
0.0000
0.0000
0.0000
0.0000
0.0000
0.0000
0.0000
0.0000
0.0000
0.0000
0.0000
0.0000
0.0000
0.0000
0.0000
0.0000
0.0000
0.0000
0.0000
0.0000
0.0000
0.0000
0.0000
0.0000
0.0000
0.0000
0.0000
0.0000
0.0000
0.0000
0.0000
0.0000
0.0000
0.0000
0.0000
0.0000
0.0000
0.0000
0.0000
0.0000
9.7656
9.7656
68.3594
68.3594
131.8359
131.8359
200.1953
200.1953
278.3203
278.3203
366.2109
366.2109
463.8672
463.8672
541.9922
541.9922
615.2344
615.2344
683.5937
683.5937
732.4219
732.4219
786.1328
786.1328
839.8437
839.8437
874.0234
874.0234
888.6719
888.6719
893.5547
893.5547
874.0234
874.0234
849.6094
849.6094
834.9609
834.9609
810.5469
810.5469
791.0156
791.0156
791.0156
791.0156
800.7812
800.7812
825.1953
825.1953
864.2578
864.2578
878.9062
878.9062
859.3750
859.3750
795.8984
795.8984
698.2422
698.2422
576.1719
576.1719
458.9844
458.9844
356.4453
356.4453
268.5547
268.5547
209.9609
209.9609
180.6641
180.6641
166.0156
166.0156
175.7812
175.7812
190.4297
190.4297
190.4297
190.4297
180.6641
180.6641
166.0156
166.0156
141.6016
141.6016
131.8359
131.8359
131.8359
131.8359
122.0703
122.0703
97.6562
97.6562
53.7109
53.7109
0.0000
0.0000
0.0000
0.0000
0.0000
0.0000
0.0000
0.0000
0.0000
0.0000
0.0000
0.0000
0.0000
0.0000
0.0000
0.0000
0.0000
0.0000
0.0000
0.0000
0.0000
0.0000
0.0000
0.0000
0.0000
0.0000
0.0000
0.0000
0.0000
0.0000
0.0000
0.0000
0.0000
0.0000
0.0000
0.0000
0.0000
0.0000
0.0000
0.0000
0.0000
0.0000
0.0000
0.0000
0.0000
0.0000
0.0000
0.0000
0.0000
0.0000
0.0000
0.0000
0.0000
0.0000
0.0000
0.0000
0.0000
0.0000
0.0000
0.0000
58.5937
58.5937
117.1875
117.1875
180.6641
180.6641
244.1406
244.1406
307.6172
307.6172
356.4453
356.4453
410.1562
410.1562
454.1016
454.1016
498.0469
498.0469
546.8750
546.8750
581.0547
581.0547
605.4687
605.4687
620.1172
620.1172
629.8828
629.8828
629.8828
629.8828
644.5312
644.5312
659.1797
659.1797
668.9453
668.9453
683.5937
683.5937
703.1250
703.1250
717.7734
717.7734
751.9531
751.9531
805.6641
805.6641
864.2578
864.2578
932.6172
932.6172
1005.8594
1005.8594
1059.5703
1059.5703
1093.7500
1093.7500
1098.6328
1098.6328
1049.8047
1049.8047
952.1484
952.1484
820.3125
820.3125
668.9453
668.9453
532.2266
532.2266
429.6875
429.6875
356.4453
356.4453
297.8516
297.8516
253.9062
253.9062
205.0781
205.0781
146.4844
146.4844
87.8906
87.8906
14.6484
14.6484
0.0000
0.0000
0.0000
0.0000
0.0000
0.0000
0.0000
0.0000
0.0000
0.0000
0.0000
0.0000
0.0000
0.0000
0.0000
0.0000
0.0000
0.0000
0.0000
0.0000
0.0000
0.0000
0.0000
0.0000
0.0000
0.0000
0.0000
0.0000
0.0000
0.0000
0.0000
0.0000
0.0000
0.0000
0.0000
0.0000
0.0000
0.0000
0.0000
0.0000
0.0000
0.0000
0.0000
0.0000
0.0000
0.0000
0.0000
0.0000
0.0000
0.0000
0.0000
0.0000
0.0000
0.0000
0.0000
0.0000
0.0000
0.0000
0.0000
0.0000
0.0000
0.0000
0.0000
0.0000
0.0000
0.0000
0.0000
0.0000
0.0000
0.0000
0.0000
0.0000
0.0000
0.0000
0.0000
0.0000
0.0000
0.0000
0.0000
0.0000
29.2969
29.2969
73.2422
73.2422
126.9531
126.9531
175.7812
175.7812
229.4922
229.4922
288.0859
288.0859
341.7969
341.7969
400.3906
400.3906
463.8672
463.8672
507.8125
507.8125
541.9922
541.9922
571.2891
571.2891
581.0547
581.0547
595.7031
595.7031
615.2344
615.2344
634.7656
634.7656
654.2969
654.2969
683.5937
683.5937
727.5391
727.5391
781.2500
781.2500
854.4922
854.4922
917.9687
917.9687
952.1484
952.1484
947.2656
947.2656
893.5547
893.5547
791.0156
791.0156
668.9453
668.9453
537.1094
537.1094
410.1562
410.1562
307.6172
307.6172
249.0234
249.0234
219.7266
219.7266
229.4922
229.4922
258.7891
258.7891
278.3203
278.3203
273.4375
273.4375
239.2578
239.2578
175.7812
175.7812
97.6562
97.6562
19.5312
19.5312
0.0000
0.0000
0.0000
0.0000
0.0000
0.0000
0.0000
0.0000
0.0000
0.0000
0.0000
0.0000
0.0000
0.0000
0.0000
0.0000
0.0000
0.0000
0.0000
0.0000
0.0000
0.0000
0.0000
0.0000
0.0000
0.0000
0.0000
0.0000
0.0000
0.0000
0.0000
0.0000
0.0000
0.0000
0.0000
0.0000
0.0000
0.0000
0.0000
0.0000
0.0000
0.0000
0.0000
0.0000
0.0000
0.0000
0.0000
0.0000
0.0000
0.0000
0.0000
0.0000
0.0000
0.0000
0.0000
0.0000
0.0000
0.0000
0.0000
0.0000
0.0000
0.0000
58.5937
58.5937
161.1328
161.1328
249.0234
249.0234
312.5000
312.5000
366.2109
366.2109
415.0391
415.0391
454.1016
454.1016
483.3984
483.3984
507.8125
507.8125
532.2266
532.2266
556.6406
556.6406
585.9375
585.9375
610.3516
610.3516
615.2344
615.2344
610.3516
610.3516
600.5859
600.5859
585.9375
585.9375
590.8203
590.8203
605.4687
605.4687
629.8828
629.8828
668.9453
668.9453
727.5391
727.5391
795.8984
795.8984
878.9062
878.9062
976.5625
976.5625
1059.5703
1059.5703
1113.2812
1113.2812
1142.5781
1142.5781
1127.9297
1127.9297
1069.3359
1069.3359
981.4453
981.4453
849.6094
849.6094
698.2422
698.2422
561.5234
561.5234
444.3359
444.3359
356.4453
356.4453
312.5000
312.5000
278.3203
278.3203
239.2578
239.2578
195.3125
195.3125
131.8359
131.8359
53.7109
53.7109
0.0000
0.0000
0.0000
0.0000
0.0000
0.0000
0.0000
0.0000
0.0000
0.0000
0.0000
0.0000
0.0000
0.0000
0.0000
0.0000
0.0000
0.0000
0.0000
0.0000
0.0000
0.0000
0.0000
0.0000
0.0000
0.0000
0.0000
0.0000
0.0000
0.0000
0.0000
0.0000
0.0000
0.0000
0.0000
0.0000
0.0000
0.0000
0.0000
0.0000
0.0000
0.0000
0.0000
0.0000
0.0000
0.0000
0.0000
0.0000
0.0000
0.0000
0.0000
0.0000
0.0000
0.0000
0.0000
0.0000
0.0000
0.0000
0.0000
0.0000
0.0000
0.0000
0.0000
0.0000
0.0000
0.0000
0.0000
0.0000
0.0000
0.0000
0.0000
0.0000
0.0000
0.0000
0.0000
0.0000
0.0000
0.0000
0.0000
0.0000
0.0000
0.0000
0.0000
0.0000
0.0000
0.0000
39.0625
39.0625
117.1875
117.1875
185.5469
185.5469
244.1406
302.7344
302.7344
351.5625
351.5625
400.3906
400.3906
454.1016
454.1016
498.0469
498.0469
498.0469
532.2266
532.2266
571.2891
571.2891
600.5859
634.7656
634.7656
673.8281
673.8281
708.0078
708.0078
732.4219
732.4219
771.4844
771.4844
820.3125
820.3125
874.0234
874.0234
932.6172
932.6172
976.5625
976.5625
966.7969
966.7969
908.2031
908.2031
795.8984
795.8984
639.6484
639.6484
473.6328
473.6328
327.1484
327.1484
205.0781
205.0781
122.0703
122.0703
83.0078
83.0078
78.1250
78.1250
92.7734
92.7734
112.3047
112.3047
117.1875
117.1875
97.6562
97.6562
58.5937
58.5937
4.8828
4.8828
0.0000
0.0000
0.0000
0.0000
0.0000
0.0000
0.0000
0.0000
0.0000
0.0000
0.0000
0.0000
0.0000
0.0000
0.0000
0.0000
0.0000
0.0000
0.0000
0.0000
0.0000
0.0000
0.0000
0.0000
0.0000
0.0000
0.0000
0.0000
0.0000
0.0000
0.0000
0.0000
0.0000
0.0000
0.0000
0.0000
0.0000
0.0000
0.0000
0.0000
0.0000
0.0000
0.0000
0.0000
0.0000
0.0000
0.0000
0.0000
0.0000
0.0000
0.0000
0.0000
0.0000
0.0000
0.0000
0.0000
0.0000
0.0000
0.0000
0.0000
0.0000
0.0000
0.0000
0.0000
0.0000
0.0000
0.0000
0.0000
0.0000
0.0000
19.5312
19.5312
58.5937
58.5937
97.6562
97.6562
136.7187
136.7187
175.7812
175.7812
205.0781
205.0781
234.3750
234.3750
253.9062
253.9062
268.5547
268.5547
288.0859
288.0859
307.6172
307.6172
312.5000
312.5000
322.2656
322.2656
332.0312
332.0312
346.6797
346.6797
371.0937
371.0937
405.2734
405.2734
439.4531
439.4531
478.5156
478.5156
541.9922
541.9922
615.2344
615.2344
712.8906
712.8906
834.9609
834.9609
957.0312
957.0312
1064.4531
1064.4531
1147.4609
1147.4609
1176.7578
1176.7578
1147.4609
1147.4609
1064.4531
1064.4531
927.7344
927.7344
756.8359
756.8359
595.7031
595.7031
458.9844
458.9844
366.2109
366.2109
327.1484
327.1484
317.3828
317.3828
302.7344
302.7344
273.4375
273.4375
214.8437
214.8437
122.0703
122.0703
19.5312
19.5312
0.0000
0.0000
0.0000
0.0000
0.0000
0.0000
0.0000
0.0000
0.0000
0.0000
0.0000
0.0000
0.0000
0.0000
0.0000
0.0000
0.0000
0.0000
0.0000
0.0000
0.0000
0.0000
0.0000
0.0000
0.0000
0.0000
0.0000
0.0000
0.0000
0.0000
0.0000
0.0000
0.0000
0.0000
0.0000
0.0000
0.0000
0.0000
0.0000
0.0000
0.0000
0.0000
0.0000
0.0000
0.0000
0.0000
0.0000
0.0000
0.0000
0.0000
0.0000
0.0000
0.0000
0.0000
0.0000
0.0000
0.0000
0.0000
0.0000
0.0000
0.0000
0.0000
0.0000
0.0000
0.0000
0.0000
0.0000
0.0000
0.0000
0.0000
0.0000
0.0000
0.0000
0.0000
0.0000
0.0000
0.0000
0.0000
0.0000
0.0000
0.0000
0.0000
0.0000
0.0000
0.0000
0.0000
19.5312
19.5312
78.1250
78.1250
131.8359
131.8359
195.3125
195.3125
258.7891
258.7891
327.1484
327.1484
410.1562
410.1562
478.5156
478.5156
532.2266
532.2266
585.9375
585.9375
634.7656
634.7656
693.3594
693.3594
771.4844
771.4844
864.2578
864.2578
947.2656
947.2656
1020.5078
1020.5078
1049.8047
1049.8047
1020.5078
1020.5078
937.5000
937.5000
795.8984
795.8984
610.3516
610.3516
415.0391
415.0391
239.2578
239.2578
102.5391
102.5391
24.4141
24.4141
0.0000
0.0000
0.0000
0.0000
0.0000
0.0000
0.0000
0.0000
0.0000
0.0000
0.0000
0.0000
0.0000
0.0000
0.0000
0.0000
0.0000
0.0000
0.0000
0.0000
0.0000
0.0000
0.0000
0.0000
0.0000
0.0000
0.0000
0.0000
0.0000
0.0000
0.0000
0.0000
0.0000
0.0000
0.0000
0.0000
0.0000
0.0000
0.0000
0.0000
0.0000
0.0000
0.0000
0.0000
0.0000
0.0000
0.0000
0.0000
0.0000
0.0000
0.0000
0.0000
0.0000
0.0000
0.0000
0.0000
0.0000
0.0000
0.0000
0.0000
0.0000
0.0000
0.0000
0.0000
0.0000
0.0000
0.0000
0.0000
0.0000
0.0000
0.0000
0.0000
0.0000
0.0000
0.0000
0.0000
0.0000
0.0000
29.2969
29.2969
117.1875
117.1875
200.1953
200.1953
283.2031
283.2031
371.0937
371.0937
444.3359
444.3359
498.0469
498.0469
551.7578
551.7578
590.8203
590.8203
629.8828
629.8828
678.7109
678.7109
722.6562
722.6562
747.0703
747.0703
766.6016
766.6016
771.4844
771.4844
761.7187
761.7187
756.8359
756.8359
742.1875
742.1875
712.8906
712.8906
683.5937
683.5937
649.4141
649.4141
620.1172
620.1172
610.3516
610.3516
629.8828
629.8828
659.1797
659.1797
712.8906
712.8906
781.2500
781.2500
849.6094
849.6094
917.9687
917.9687
971.6797
971.6797
981.4453
981.4453
947.2656
947.2656
878.9062
878.9062
766.6016
766.6016
644.5312
644.5312
532.2266
532.2266
429.6875
429.6875
346.6797
346.6797
288.0859
288.0859
244.1406
244.1406
209.9609
209.9609
185.5469
185.5469
146.4844
146.4844
87.8906
87.8906
24.4141
24.4141
0.0000
0.0000
0.0000
0.0000
0.0000
0.0000
0.0000
0.0000
0.0000
0.0000
0.0000
0.0000
0.0000
0.0000
0.0000
0.0000
0.0000
0.0000
0.0000
0.0000
0.0000
0.0000
0.0000
0.0000
0.0000
0.0000
0.0000
0.0000
0.0000
0.0000
0.0000
0.0000
0.0000
0.0000
0.0000
0.0000
0.0000
0.0000
0.0000
0.0000
0.0000
0.0000
0.0000
0.0000
0.0000
0.0000
0.0000
0.0000
0.0000
0.0000
0.0000
0.0000
0.0000
0.0000
0.0000
0.0000
0.0000
0.0000
0.0000
0.0000
0.0000
0.0000
0.0000
0.0000
0.0000
0.0000
24.4141
24.4141
58.5937
58.5937
78.1250
78.1250
92.7734
92.7734
107.4219
107.4219
122.0703
122.0703
141.6016
141.6016
170.8984
170.8984
200.1953
200.1953
229.4922
229.4922
263.6719
263.6719
302.7344
302.7344
346.6797
346.6797
410.1562
410.1562
463.8672
463.8672
507.8125
507.8125
556.6406
556.6406
595.7031
595.7031
634.7656
634.7656
683.5937
683.5937
732.4219
732.4219
766.6016
766.6016
805.6641
805.6641
844.7266
844.7266
888.6719
888.6719
952.1484
952.1484
1015.6250
1015.6250
1054.6875
1054.6875
1059.5703
1059.5703
1020.5078
1020.5078
927.7344
927.7344
795.8984
795.8984
629.8828
629.8828
444.3359
444.3359
263.6719
263.6719
117.1875
117.1875
0.0000
0.0000
0.0000
0.0000
0.0000
0.0000
0.0000
0.0000
0.0000
0.0000
0.0000
0.0000
0.0000
0.0000
0.0000
0.0000
0.0000
0.0000
0.0000
0.0000
0.0000
0.0000
0.0000
0.0000
0.0000
0.0000
0.0000
0.0000
0.0000
0.0000
0.0000
0.0000
0.0000
0.0000
0.0000
0.0000
0.0000
0.0000
0.0000
0.0000
0.0000
0.0000
0.0000
0.0000
0.0000
0.0000
0.0000
0.0000
0.0000
0.0000
0.0000
0.0000
0.0000
0.0000
0.0000
0.0000
0.0000
0.0000
0.0000
0.0000
0.0000
0.0000
0.0000
0.0000
0.0000
0.0000
0.0000
0.0000
0.0000
0.0000
0.0000
0.0000
0.0000
0.0000
0.0000
0.0000
0.0000
0.0000
0.0000
0.0000
0.0000
0.0000
0.0000
0.0000
0.0000
0.0000
0.0000
0.0000
0.0000
0.0000
73.2422
73.2422
170.8984
170.8984
258.7891
258.7891
341.7969
341.7969
419.9219
419.9219
488.2812
488.2812
566.4062
566.4062
639.6484
639.6484
683.5937
683.5937
717.7734
717.7734
732.4219
732.4219
737.3047
737.3047
742.1875
742.1875
742.1875
742.1875
722.6562
722.6562
698.2422
698.2422
673.8281
673.8281
639.6484
639.6484
625.0000
625.0000
620.1172
620.1172
615.2344
615.2344
620.1172
620.1172
639.6484
639.6484
673.8281
673.8281
727.5391
727.5391
795.8984
795.8984
849.6094
849.6094
864.2578
864.2578
834.9609
834.9609
747.0703
747.0703
620.1172
620.1172
478.5156
478.5156
332.0312
332.0312
200.1953
200.1953
117.1875
117.1875
73.2422
73.2422
68.3594
68.3594
92.7734
92.7734
117.1875
117.1875
112.3047
112.3047
78.1250
78.1250
9.7656
9.7656
0.0000
0.0000
0.0000
0.0000
0.0000
0.0000
0.0000
0.0000
0.0000
0.0000
0.0000
0.0000
0.0000
0.0000
0.0000
0.0000
0.0000
0.0000
0.0000
0.0000
0.0000
0.0000
0.0000
0.0000
0.0000
0.0000
0.0000
0.0000
0.0000
0.0000
0.0000
0.0000
0.0000
0.0000
0.0000
0.0000
0.0000
0.0000
0.0000
0.0000
0.0000
0.0000
0.0000
0.0000
0.0000
0.0000
0.0000
0.0000
0.0000
0.0000
0.0000
0.0000
0.0000
0.0000
0.0000
0.0000
0.0000
0.0000
0.0000
0.0000
0.0000
0.0000
0.0000
0.0000
0.0000
0.0000
0.0000
0.0000
0.0000
0.0000
0.0000
0.0000
0.0000
0.0000
0.0000
0.0000
0.0000
0.0000
0.0000
0.0000
4.8828
4.8828
24.4141
24.4141
53.7109
53.7109
87.8906
87.8906
131.8359
131.8359
190.4297
190.4297
244.1406
244.1406
283.2031
283.2031
322.2656
322.2656
351.5625
351.5625
390.6250
390.6250
439.4531
439.4531
493.1641
537.1094
537.1094
537.1094
585.9375
585.9375
629.8828
629.8828
678.7109
678.7109
742.1875
742.1875
810.5469
810.5469
874.0234
942.3828
942.3828
1005.8594
1005.8594
1005.8594
1044.9219
1069.3359
1069.3359
1054.6875
1054.6875
986.3281
986.3281
878.9062
878.9062
747.0703
747.0703
600.5859
600.5859
468.7500
468.7500
366.2109
366.2109
283.2031
283.2031
214.8437
214.8437
170.8984
170.8984
131.8359
131.8359
102.5391
102.5391
87.8906
87.8906
73.2422
73.2422
48.8281
48.8281
34.1797
34.1797
19.5312
19.5312
4.8828
4.8828
0.0000
0.0000
0.0000
0.0000
0.0000
0.0000
0.0000
0.0000
0.0000
0.0000
0.0000
0.0000
0.0000
0.0000
0.0000
0.0000
0.0000
0.0000
0.0000
0.0000
0.0000
0.0000
0.0000
0.0000
0.0000
0.0000
0.0000
0.0000
0.0000
0.0000
0.0000
0.0000
0.0000
0.0000
0.0000
0.0000
0.0000
0.0000
0.0000
0.0000
0.0000
0.0000
0.0000
0.0000
0.0000
0.0000
0.0000
0.0000
0.0000
0.0000
0.0000
0.0000
0.0000
0.0000
0.0000
0.0000
0.0000
0.0000
0.0000
0.0000
0.0000
0.0000
0.0000
0.0000
0.0000
0.0000
92.7734
92.7734
195.3125
195.3125
292.9687
292.9687
385.7422
385.7422
483.3984
483.3984
576.1719
576.1719
649.4141
649.4141
712.8906
712.8906
761.7187
761.7187
791.0156
791.0156
825.1953
825.1953
849.6094
849.6094
854.4922
854.4922
844.7266
844.7266
825.1953
825.1953
800.7812
800.7812
781.2500
781.2500
771.4844
771.4844
761.7187
761.7187
751.9531
751.9531
751.9531
751.9531
761.7187
761.7187
795.8984
795.8984
854.4922
854.4922
917.9687
917.9687
961.9141
961.9141
991.2109
991.2109
971.6797
971.6797
908.2031
908.2031
805.6641
805.6641
668.9453
668.9453
507.8125
507.8125
361.3281
361.3281
244.1406
244.1406
166.0156
166.0156
131.8359
131.8359
122.0703
122.0703
112.3047
112.3047
83.0078
83.0078
24.4141
24.4141
0.0000
0.0000
0.0000
0.0000
0.0000
0.0000
0.0000
0.0000
0.0000
0.0000
0.0000
0.0000
0.0000
0.0000
0.0000
0.0000
0.0000
0.0000
0.0000
0.0000
0.0000
0.0000
0.0000
0.0000
0.0000
0.0000
0.0000
0.0000
0.0000
0.0000
0.0000
0.0000
0.0000
0.0000
0.0000
0.0000
0.0000
0.0000
0.0000
0.0000
0.0000
0.0000
0.0000
0.0000
0.0000
0.0000
0.0000
0.0000
0.0000
0.0000
0.0000
0.0000
0.0000
0.0000
0.0000
0.0000
0.0000
0.0000
0.0000
0.0000
0.0000
0.0000
0.0000
0.0000
0.0000
0.0000
43.9453
43.9453
97.6562
97.6562
136.7187
136.7187
161.1328
161.1328
166.0156
166.0156
170.8984
170.8984
180.6641
180.6641
175.7812
175.7812
175.7812
175.7812
190.4297
190.4297
205.0781
205.0781
234.3750
234.3750
283.2031
283.2031
322.2656
322.2656
356.4453
356.4453
390.6250
390.6250
419.9219
419.9219
458.9844
458.9844
517.5781
517.5781
585.9375
585.9375
654.2969
654.2969
727.5391
727.5391
795.8984
795.8984
854.4922
854.4922
917.9687
917.9687
976.5625
976.5625
1025.3906
1025.3906
1074.2187
1074.2187
1127.9297
1127.9297
1181.6406
1181.6406
1245.1172
1245.1172
1293.9453
1293.9453
1303.7109
1303.7109
1259.7656
1259.7656
1166.9922
1166.9922
1025.3906
1025.3906
869.1406
869.1406
708.0078
708.0078
546.8750
546.8750
410.1562
410.1562
302.7344
302.7344
214.8437
214.8437
156.2500
156.2500
126.9531
126.9531
102.5391
102.5391
63.4766
63.4766
29.2969
29.2969
0.0000
0.0000
0.0000
0.0000
0.0000
0.0000
0.0000
0.0000
0.0000
0.0000
0.0000
0.0000
0.0000
0.0000
0.0000
0.0000
0.0000
0.0000
0.0000
0.0000
0.0000
0.0000
0.0000
0.0000
0.0000
0.0000
0.0000
0.0000
0.0000
0.0000
0.0000
0.0000
0.0000
0.0000
0.0000
0.0000
0.0000
0.0000
0.0000
0.0000
0.0000
0.0000
0.0000
0.0000
0.0000
0.0000
0.0000
0.0000
0.0000
0.0000
0.0000
0.0000
0.0000
0.0000
0.0000
0.0000
0.0000
0.0000
0.0000
0.0000
0.0000
0.0000
0.0000
0.0000
0.0000
0.0000
0.0000
0.0000
0.0000
0.0000
0.0000
0.0000
0.0000
0.0000
0.0000
0.0000
0.0000
0.0000
73.2422
73.2422
151.3672
151.3672
214.8437
214.8437
263.6719
263.6719
307.6172
307.6172
341.7969
341.7969
380.8594
380.8594
424.8047
424.8047
454.1016
454.1016
483.3984
483.3984
502.9297
502.9297
517.5781
517.5781
532.2266
532.2266
551.7578
551.7578
566.4062
566.4062
576.1719
576.1719
595.7031
595.7031
610.3516
610.3516
634.7656
634.7656
683.5937
683.5937
727.5391
727.5391
776.3672
776.3672
825.1953
825.1953
883.7891
883.7891
952.1484
952.1484
1049.8047
1049.8047
1162.1094
1162.1094
1274.4141
1274.4141
1376.9531
1376.9531
1455.0781
1455.0781
1484.3750
1484.3750
1474.6094
1474.6094
1396.4844
1396.4844
1250.0000
1250.0000
1064.4531
1064.4531
869.1406
869.1406
688.4766
688.4766
556.6406
556.6406
483.3984
483.3984
439.4531
439.4531
410.1562
410.1562
380.8594
380.8594
317.3828
317.3828
229.4922
229.4922
117.1875
117.1875
0.0000
0.0000
0.0000
0.0000
0.0000
0.0000
0.0000
0.0000
0.0000
0.0000
0.0000
0.0000
0.0000
0.0000
0.0000
0.0000
0.0000
0.0000
0.0000
0.0000
0.0000
0.0000
0.0000
0.0000
0.0000
0.0000
0.0000
0.0000
0.0000
0.0000
0.0000
0.0000
0.0000
0.0000
0.0000
0.0000
0.0000
0.0000
0.0000
0.0000
0.0000
0.0000
0.0000
0.0000
0.0000
0.0000
0.0000
0.0000
0.0000
0.0000
0.0000
0.0000
0.0000
0.0000
0.0000
0.0000
0.0000
0.0000
0.0000
0.0000
0.0000
0.0000
0.0000
0.0000
0.0000
0.0000
0.0000
0.0000
0.0000
0.0000
0.0000
0.0000
0.0000
0.0000
0.0000
0.0000
0.0000
0.0000
0.0000
0.0000
0.0000
0.0000
0.0000
0.0000
0.0000
0.0000
48.8281
48.8281
126.9531
126.9531
205.0781
205.0781
278.3203
278.3203
346.6797
346.6797
419.9219
419.9219
493.1641
493.1641
551.7578
551.7578
605.4687
605.4687
654.2969
654.2969
698.2422
698.2422
742.1875
742.1875
791.0156
791.0156
830.0781
830.0781
864.2578
864.2578
908.2031
908.2031
957.0312
957.0312
1010.7422
1010.7422
1069.3359
1069.3359
1093.7500
1093.7500
1074.2187
1074.2187
1000.9766
1000.9766
878.9062
878.9062
727.5391
727.5391
576.1719
576.1719
439.4531
439.4531
327.1484
327.1484
249.0234
249.0234
205.0781
205.0781
175.7812
175.7812
161.1328
161.1328
131.8359
131.8359
68.3594
68.3594
0.0000
0.0000
0.0000
0.0000
0.0000
0.0000
0.0000
0.0000
0.0000
0.0000
0.0000
0.0000
0.0000
0.0000
0.0000
0.0000
0.0000
0.0000
0.0000
0.0000
0.0000
0.0000
0.0000
0.0000
0.0000
0.0000
0.0000
0.0000
0.0000
0.0000
0.0000
0.0000
0.0000
0.0000
0.0000
0.0000
0.0000
0.0000
0.0000
0.0000
0.0000
0.0000
0.0000
0.0000
0.0000
0.0000
0.0000
0.0000
0.0000
0.0000
0.0000
0.0000
0.0000
0.0000
0.0000
0.0000
0.0000
0.0000
0.0000
0.0000
0.0000
0.0000
0.0000
0.0000
0.0000
0.0000
0.0000
0.0000
0.0000
0.0000
0.0000
0.0000
0.0000
0.0000
53.7109
53.7109
122.0703
122.0703
180.6641
180.6641
234.3750
234.3750
292.9687
292.9687
341.7969
341.7969
380.8594
380.8594
419.9219
419.9219
444.3359
444.3359
468.7500
468.7500
493.1641
493.1641
502.9297
502.9297
502.9297
502.9297
507.8125
507.8125
507.8125
507.8125
517.5781
517.5781
546.8750
546.8750
576.1719
576.1719
615.2344
615.2344
678.7109
678.7109
751.9531
751.9531
844.7266
844.7266
937.5000
937.5000
1005.8594
1005.8594
1015.6250
1015.6250
957.0312
957.0312
839.8437
839.8437
683.5937
683.5937
532.2266
532.2266
405.2734
405.2734
312.5000
312.5000
268.5547
268.5547
258.7891
258.7891
258.7891
258.7891
258.7891
258.7891
239.2578
239.2578
175.7812
175.7812
78.1250
78.1250
0.0000
0.0000
0.0000
0.0000
0.0000
0.0000
0.0000
0.0000
0.0000
0.0000
0.0000
0.0000
0.0000
0.0000
0.0000
0.0000
0.0000
0.0000
0.0000
0.0000
0.0000
0.0000
0.0000
0.0000
0.0000
0.0000
0.0000
0.0000
0.0000
0.0000
0.0000
0.0000
0.0000
0.0000
0.0000
0.0000
0.0000
0.0000
0.0000
0.0000
0.0000
0.0000
0.0000
0.0000
0.0000
0.0000
0.0000
0.0000
0.0000
0.0000
0.0000
0.0000
0.0000
0.0000
0.0000
0.0000
0.0000
0.0000
0.0000
0.0000
0.0000
0.0000
0.0000
0.0000
0.0000
0.0000
0.0000
0.0000
24.4141
24.4141
43.9453
43.9453
53.7109
53.7109
63.4766
63.4766
73.2422
73.2422
92.7734
92.7734
136.7187
136.7187
180.6641
229.4922
229.4922
229.4922
288.0859
288.0859
341.7969
341.7969
400.3906
400.3906
468.7500
468.7500
537.1094
537.1094
600.5859
600.5859
664.0625
664.0625
717.7734
717.7734
766.6016
825.1953
825.1953
825.1953
883.7891
883.7891
942.3828
942.3828
1000.9766
1000.9766
1069.3359
1069.3359
1123.0469
1123.0469
1166.9922
1166.9922
1181.6406
1181.6406
1137.6953
1137.6953
1044.9219
898.4375
898.4375
722.6562
722.6562
722.6562
541.9922
541.9922
380.8594
380.8594
234.3750
234.3750
117.1875
117.1875
29.2969
0.0000
0.0000
0.0000
0.0000
0.0000
0.0000
0.0000
0.0000
0.0000
0.0000
0.0000
0.0000
0.0000
0.0000
0.0000
0.0000
0.0000
0.0000
0.0000
0.0000
0.0000
0.0000
0.0000
0.0000
0.0000
0.0000
0.0000
0.0000
0.0000
0.0000
0.0000
0.0000
0.0000
0.0000
0.0000
0.0000
0.0000
0.0000
0.0000
0.0000
0.0000
0.0000
0.0000
0.0000
0.0000
0.0000
0.0000
0.0000
0.0000
0.0000
0.0000
0.0000
0.0000
0.0000
0.0000
0.0000
0.0000
0.0000
0.0000
0.0000
0.0000
0.0000
0.0000
0.0000
0.0000
0.0000
0.0000
0.0000
0.0000
0.0000
0.0000
0.0000
0.0000
0.0000
0.0000
0.0000
0.0000
0.0000
0.0000
0.0000
0.0000
0.0000
19.5312
19.5312
107.4219
107.4219
190.4297
190.4297
263.6719
263.6719
346.6797
346.6797
429.6875
429.6875
493.1641
493.1641
551.7578
551.7578
610.3516
610.3516
654.2969
654.2969
708.0078
708.0078
756.8359
756.8359
791.0156
791.0156
815.4297
815.4297
825.1953
825.1953
825.1953
825.1953
820.3125
820.3125
820.3125
820.3125
805.6641
805.6641
791.0156
791.0156
776.3672
776.3672
761.7187
761.7187
761.7187
761.7187
781.2500
781.2500
810.5469
810.5469
854.4922
854.4922
903.3203
903.3203
952.1484
952.1484
981.4453
981.4453
986.3281
986.3281
952.1484
952.1484
859.3750
859.3750
732.4219
732.4219
590.8203
590.8203
458.9844
458.9844
371.0937
371.0937
327.1484
327.1484
317.3828
317.3828
332.0312
332.0312
356.4453
356.4453
366.2109
366.2109
361.3281
361.3281
341.7969
341.7969
288.0859
288.0859
214.8437
214.8437
141.6016
141.6016
63.4766
63.4766
0.0000
0.0000
0.0000
0.0000
0.0000
0.0000
0.0000
0.0000
0.0000
0.0000
0.0000
0.0000
0.0000
0.0000
0.0000
0.0000
0.0000
0.0000
0.0000
0.0000
0.0000
0.0000
0.0000
0.0000
0.0000
0.0000
0.0000
0.0000
0.0000
0.0000
0.0000
0.0000
0.0000
0.0000
0.0000
0.0000
0.0000
0.0000
0.0000
0.0000
0.0000
0.0000
0.0000
0.0000
0.0000
0.0000
0.0000
0.0000
0.0000
0.0000
0.0000
0.0000
0.0000
0.0000
0.0000
0.0000
0.0000
0.0000
0.0000
0.0000
0.0000
0.0000
0.0000
0.0000
0.0000
0.0000
0.0000
0.0000
0.0000
0.0000
0.0000
0.0000
0.0000
0.0000
0.0000
0.0000
0.0000
0.0000
0.0000
0.0000
0.0000
0.0000
0.0000
0.0000
4.8828
4.8828
53.7109
53.7109
112.3047
112.3047
175.7812
175.7812
234.3750
234.3750
297.8516
297.8516
361.3281
361.3281
424.8047
424.8047
502.9297
502.9297
585.9375
585.9375
649.4141
649.4141
708.0078
708.0078
771.4844
771.4844
839.8437
839.8437
927.7344
927.7344
1035.1562
1035.1562
1132.8125
1132.8125
1206.0547
1206.0547
1235.3516
1235.3516
1191.4062
1191.4062
1074.2187
1074.2187
898.4375
898.4375
673.8281
673.8281
434.5703
434.5703
229.4922
229.4922
68.3594
68.3594
0.0000
0.0000
0.0000
0.0000
0.0000
0.0000
0.0000
0.0000
0.0000
0.0000
0.0000
0.0000
0.0000
0.0000
0.0000
0.0000
0.0000
0.0000
0.0000
0.0000
0.0000
0.0000
0.0000
0.0000
0.0000
0.0000
0.0000
0.0000
0.0000
0.0000
0.0000
0.0000
0.0000
0.0000
0.0000
0.0000
0.0000
0.0000
0.0000
0.0000
0.0000
0.0000
0.0000
0.0000
0.0000
0.0000
0.0000
0.0000
0.0000
0.0000
0.0000
0.0000
0.0000
0.0000
0.0000
0.0000
0.0000
0.0000
0.0000
0.0000
0.0000
0.0000
0.0000
0.0000
0.0000
0.0000
0.0000
0.0000
0.0000
0.0000
0.0000
0.0000
0.0000
0.0000
0.0000
0.0000
0.0000
0.0000
0.0000
0.0000
78.1250
78.1250
175.7812
175.7812
273.4375
273.4375
361.3281
361.3281
454.1016
454.1016
537.1094
537.1094
605.4687
605.4687
664.0625
664.0625
717.7734
717.7734
766.6016
766.6016
825.1953
825.1953
883.7891
883.7891
927.7344
927.7344
957.0312
957.0312
966.7969
966.7969
957.0312
957.0312
937.5000
937.5000
913.0859
913.0859
878.9062
878.9062
849.6094
849.6094
830.0781
830.0781
820.3125
820.3125
834.9609
834.9609
874.0234
874.0234
913.0859
913.0859
937.5000
937.5000
942.3828
942.3828
908.2031
908.2031
