810.5469
810.5469
820.3125
820.3125
810.5469
810.5469
747.0703
747.0703
625.0000
625.0000
463.8672
463.8672
283.2031
283.2031
87.8906
87.8906
0.0000
0.0000
0.0000
0.0000
0.0000
0.0000
0.0000
0.0000
0.0000
0.0000
0.0000
0.0000
0.0000
0.0000
0.0000
0.0000
0.0000
0.0000
0.0000
0.0000
0.0000
0.0000
0.0000
0.0000
0.0000
0.0000
0.0000
0.0000
0.0000
0.0000
0.0000
0.0000
0.0000
0.0000
0.0000
0.0000
0.0000
0.0000
0.0000
0.0000
0.0000
0.0000
0.0000
0.0000
0.0000
0.0000
0.0000
0.0000
0.0000
0.0000
0.0000
0.0000
0.0000
0.0000
0.0000
0.0000
0.0000
0.0000
0.0000
0.0000
0.0000
0.0000
0.0000
0.0000
53.7109
53.7109
185.5469
185.5469
317.3828
317.3828
444.3359
444.3359
576.1719
576.1719
693.3594
693.3594
795.8984
795.8984
883.7891
883.7891
976.5625
976.5625
1069.3359
1069.3359
1176.7578
1176.7578
1298.8281
1298.8281
1425.7812
1425.7812
1533.2031
1533.2031
1591.7969
1591.7969
1582.0312
1582.0312
1518.5547
1518.5547
1430.6641
1430.6641
1328.1250
1328.1250
1230.4687
1230.4687
1142.5781
1142.5781
1049.8047
1049.8047
922.8516
922.8516
742.1875
742.1875
512.6953
512.6953
268.5547
268.5547
24.4141
24.4141
0.0000
0.0000
0.0000
0.0000
0.0000
0.0000
0.0000
0.0000
0.0000
0.0000
0.0000
0.0000
0.0000
0.0000
0.0000
0.0000
0.0000
0.0000
0.0000
0.0000
0.0000
0.0000
0.0000
0.0000
0.0000
0.0000
0.0000
0.0000
0.0000
0.0000
0.0000
0.0000
0.0000
0.0000
0.0000
0.0000
0.0000
0.0000
0.0000
0.0000
0.0000
0.0000
0.0000
0.0000
0.0000
0.0000
0.0000
0.0000
0.0000
0.0000
0.0000
0.0000
0.0000
0.0000
0.0000
0.0000
43.9453
43.9453
131.8359
131.8359
214.8437
214.8437
302.7344
302.7344
390.6250
390.6250
478.5156
478.5156
561.5234
561.5234
649.4141
649.4141
737.3047
737.3047
820.3125
820.3125
888.6719
888.6719
952.1484
952.1484
1010.7422
1010.7422
1059.5703
1059.5703
1098.6328
1098.6328
1137.6953
1137.6953
1191.4062
1191.4062
1259.7656
1259.7656
1352.5391
1352.5391
1459.9609
1459.9609
1557.6172
1557.6172
1621.0937
1621.0937
1625.9766
1625.9766
1572.2656
1572.2656
1484.3750
1484.3750
1372.0703
1372.0703
1254.8828
1254.8828
1147.4609
1147.4609
1059.5703
1059.5703
996.0937
996.0937
922.8516
922.8516
820.3125
820.3125
683.5937
683.5937
517.5781
517.5781
332.0312
332.0312
141.6016
141.6016
0.0000
0.0000
0.0000
0.0000
0.0000
0.0000
0.0000
0.0000
0.0000
0.0000
0.0000
0.0000
0.0000
0.0000
0.0000
0.0000
0.0000
0.0000
0.0000
0.0000
0.0000
0.0000
0.0000
0.0000
0.0000
0.0000
0.0000
0.0000
0.0000
0.0000
0.0000
0.0000
0.0000
0.0000
0.0000
0.0000
0.0000
0.0000
0.0000
0.0000
0.0000
0.0000
0.0000
0.0000
0.0000
0.0000
0.0000
0.0000
0.0000
0.0000
0.0000
0.0000
0.0000
0.0000
0.0000
0.0000
0.0000
0.0000
0.0000
0.0000
0.0000
0.0000
0.0000
0.0000
0.0000
0.0000
0.0000
0.0000
34.1797
34.1797
136.7187
136.7187
234.3750
234.3750
332.0312
332.0312
429.6875
429.6875
532.2266
532.2266
629.8828
629.8828
722.6562
722.6562
820.3125
820.3125
937.5000
937.5000
1074.2187
1074.2187
1206.0547
1206.0547
1303.7109
1303.7109
1347.6562
1347.6562
1328.1250
1328.1250
1245.1172
1245.1172
1132.8125
1132.8125
1015.6250
1015.6250
917.9687
917.9687
820.3125
820.3125
712.8906
712.8906
576.1719
576.1719
400.3906
400.3906
190.4297
190.4297
0.0000
0.0000
0.0000
0.0000
0.0000
0.0000
0.0000
0.0000
0.0000
0.0000
0.0000
0.0000
0.0000
0.0000
0.0000
0.0000
0.0000
0.0000
0.0000
0.0000
0.0000
0.0000
0.0000
0.0000
0.0000
0.0000
0.0000
0.0000
0.0000
0.0000
0.0000
0.0000
0.0000
0.0000
0.0000
0.0000
0.0000
0.0000
0.0000
0.0000
0.0000
0.0000
0.0000
0.0000
0.0000
0.0000
0.0000
0.0000
0.0000
0.0000
0.0000
0.0000
0.0000
0.0000
0.0000
0.0000
48.8281
48.8281
141.6016
141.6016
214.8437
214.8437
288.0859
288.0859
361.3281
361.3281
424.8047
424.8047
488.2812
488.2812
551.7578
551.7578
615.2344
615.2344
673.8281
673.8281
737.3047
737.3047
800.7812
800.7812
874.0234
874.0234
942.3828
942.3828
1005.8594
1005.8594
1064.4531
1064.4531
1118.1641
1118.1641
1171.8750
1171.8750
1245.1172
1245.1172
1333.0078
1333.0078
1440.4297
1440.4297
1538.0859
1538.0859
1591.7969
1591.7969
1577.1484
1577.1484
1489.2578
1489.2578
1328.1250
1328.1250
1127.9297
1127.9297
932.6172
932.6172
786.1328
786.1328
698.2422
698.2422
654.2969
654.2969
625.0000
625.0000
581.0547
581.0547
498.0469
498.0469
361.3281
361.3281
195.3125
195.3125
19.5312
19.5312
0.0000
0.0000
0.0000
0.0000
0.0000
0.0000
0.0000
0.0000
0.0000
0.0000
0.0000
0.0000
0.0000
0.0000
0.0000
0.0000
0.0000
0.0000
0.0000
0.0000
0.0000
0.0000
0.0000
0.0000
0.0000
0.0000
0.0000
0.0000
0.0000
0.0000
0.0000
0.0000
0.0000
0.0000
0.0000
0.0000
0.0000
0.0000
0.0000
0.0000
0.0000
0.0000
0.0000
0.0000
0.0000
0.0000
0.0000
0.0000
0.0000
0.0000
0.0000
0.0000
0.0000
0.0000
0.0000
0.0000
0.0000
0.0000
0.0000
0.0000
14.6484
14.6484
68.3594
68.3594
126.9531
126.9531
190.4297
190.4297
263.6719
346.6797
346.6797
346.6797
434.5703
434.5703
527.3437
527.3437
629.8828
629.8828
727.5391
727.5391
815.4297
815.4297
898.4375
898.4375
1000.9766
1000.9766
1118.1641
1118.1641
1250.0000
1386.7187
1386.7187
1386.7187
1499.0234
1499.0234
1552.7344
1552.7344
1528.3203
1528.3203
1430.6641
1430.6641
1293.9453
1293.9453
1162.1094
1162.1094
1040.0391
1040.0391
947.2656
947.2656
864.2578
864.2578
766.6016
766.6016
629.8828
629.8828
449.2187
449.2187
234.3750
234.3750
19.5312
19.5312
0.0000
0.0000
0.0000
0.0000
0.0000
0.0000
0.0000
0.0000
0.0000
0.0000
0.0000
0.0000
0.0000
0.0000
0.0000
0.0000
0.0000
0.0000
0.0000
0.0000
0.0000
0.0000
0.0000
0.0000
0.0000
0.0000
0.0000
0.0000
0.0000
0.0000
0.0000
0.0000
0.0000
0.0000
0.0000
0.0000
0.0000
0.0000
0.0000
0.0000
0.0000
0.0000
0.0000
0.0000
0.0000
0.0000
0.0000
0.0000
0.0000
0.0000
0.0000
0.0000
0.0000
0.0000
0.0000
0.0000
0.0000
83.0078
83.0078
170.8984
170.8984
249.0234
249.0234
322.2656
322.2656
390.6250
390.6250
458.9844
458.9844
522.4609
522.4609
590.8203
590.8203
664.0625
664.0625
727.5391
727.5391
781.2500
781.2500
825.1953
825.1953
874.0234
874.0234
913.0859
913.0859
947.2656
947.2656
996.0937
996.0937
1074.2187
1074.2187
1176.7578
1176.7578
1284.1797
1284.1797
1367.1875
1367.1875
1406.2500
1406.2500
1372.0703
1372.0703
1254.8828
1254.8828
1088.8672
1088.8672
922.8516
922.8516
786.1328
786.1328
693.3594
693.3594
644.5312
644.5312
620.1172
620.1172
600.5859
600.5859
546.8750
546.8750
458.9844
458.9844
332.0312
332.0312
200.1953
200.1953
58.5937
58.5937
0.0000
0.0000
0.0000
0.0000
0.0000
0.0000
0.0000
0.0000
0.0000
0.0000
0.0000
0.0000
0.0000
0.0000
0.0000
0.0000
0.0000
0.0000
0.0000
0.0000
0.0000
0.0000
0.0000
0.0000
0.0000
0.0000
0.0000
0.0000
0.0000
0.0000
0.0000
0.0000
0.0000
0.0000
0.0000
0.0000
0.0000
0.0000
0.0000
0.0000
0.0000
0.0000
0.0000
0.0000
0.0000
0.0000
0.0000
0.0000
0.0000
0.0000
0.0000
0.0000
0.0000
0.0000
0.0000
0.0000
0.0000
0.0000
0.0000
0.0000
39.0625
39.0625
78.1250
78.1250
126.9531
126.9531
180.6641
180.6641
239.2578
239.2578
302.7344
302.7344
385.7422
385.7422
468.7500
468.7500
561.5234
561.5234
654.2969
654.2969
761.7187
761.7187
878.9062
878.9062
1015.6250
1015.6250
1171.8750
1171.8750
1337.8906
1337.8906
1474.6094
1474.6094
1552.7344
1552.7344
1557.6172
1557.6172
1494.1406
1494.1406
1386.7187
1386.7187
1254.8828
1254.8828
1127.9297
1127.9297
1015.6250
1015.6250
913.0859
913.0859
795.8984
795.8984
649.4141
649.4141
473.6328
473.6328
278.3203
278.3203
78.1250
78.1250
0.0000
0.0000
0.0000
0.0000
0.0000
0.0000
0.0000
0.0000
0.0000
0.0000
0.0000
0.0000
0.0000
0.0000
0.0000
0.0000
0.0000
0.0000
0.0000
0.0000
0.0000
0.0000
0.0000
0.0000
0.0000
0.0000
0.0000
0.0000
0.0000
0.0000
0.0000
0.0000
0.0000
0.0000
0.0000
0.0000
0.0000
0.0000
0.0000
0.0000
0.0000
0.0000
0.0000
0.0000
0.0000
0.0000
0.0000
0.0000
0.0000
0.0000
0.0000
0.0000
43.9453
43.9453
166.0156
166.0156
273.4375
273.4375
366.2109
366.2109
439.4531
439.4531
507.8125
507.8125
576.1719
576.1719
629.8828
629.8828
678.7109
678.7109
722.6562
722.6562
766.6016
766.6016
800.7812
800.7812
830.0781
830.0781
859.3750
859.3750
898.4375
898.4375
937.5000
937.5000
976.5625
976.5625
1025.3906
1025.3906
1093.7500
1093.7500
1191.4062
1191.4062
1303.7109
1303.7109
1406.2500
1406.2500
1484.3750
1484.3750
1499.0234
1499.0234
1425.7812
1425.7812
1279.2969
1279.2969
1103.5156
1103.5156
937.5000
937.5000
800.7812
800.7812
683.5937
683.5937
576.1719
576.1719
463.8672
463.8672
317.3828
317.3828
136.7187
136.7187
0.0000
0.0000
0.0000
0.0000
0.0000
0.0000
0.0000
0.0000
0.0000
0.0000
0.0000
0.0000
0.0000
0.0000
0.0000
0.0000
0.0000
0.0000
0.0000
0.0000
0.0000
0.0000
0.0000
0.0000
0.0000
0.0000
0.0000
0.0000
0.0000
0.0000
0.0000
0.0000
0.0000
0.0000
0.0000
0.0000
0.0000
0.0000
0.0000
0.0000
0.0000
0.0000
0.0000
0.0000
0.0000
0.0000
0.0000
0.0000
0.0000
0.0000
0.0000
0.0000
0.0000
0.0000
0.0000
0.0000
0.0000
0.0000
0.0000
0.0000
0.0000
0.0000
0.0000
0.0000
63.4766
63.4766
131.8359
131.8359
205.0781
205.0781
283.2031
283.2031
351.5625
351.5625
419.9219
419.9219
493.1641
493.1641
566.4062
566.4062
639.6484
639.6484
717.7734
717.7734
795.8984
795.8984
898.4375
898.4375
1020.5078
1020.5078
1166.9922
1166.9922
1328.1250
1328.1250
1489.2578
1489.2578
1611.3281
1611.3281
1660.1562
1660.1562
1635.7422
1635.7422
1552.7344
1552.7344
1440.4297
1440.4297
1318.3594
1318.3594
1210.9375
1210.9375
1113.2812
1113.2812
1010.7422
1010.7422
869.1406
869.1406
668.9453
668.9453
429.6875
429.6875
175.7812
175.7812
0.0000
0.0000
0.0000
0.0000
0.0000
0.0000
0.0000
0.0000
0.0000
0.0000
0.0000
0.0000
0.0000
0.0000
0.0000
0.0000
0.0000
0.0000
0.0000
0.0000
0.0000
0.0000
0.0000
0.0000
0.0000
0.0000
0.0000
0.0000
0.0000
0.0000
0.0000
0.0000
0.0000
0.0000
0.0000
0.0000
0.0000
0.0000
0.0000
0.0000
0.0000
0.0000
0.0000
0.0000
0.0000
0.0000
0.0000
0.0000
0.0000
0.0000
0.0000
0.0000
0.0000
0.0000
0.0000
0.0000
0.0000
0.0000
0.0000
0.0000
73.2422
73.2422
175.7812
175.7812
278.3203
278.3203
375.9766
375.9766
458.9844
458.9844
532.2266
532.2266
595.7031
595.7031
649.4141
649.4141
688.4766
688.4766
712.8906
712.8906
732.4219
732.4219
761.7187
761.7187
791.0156
791.0156
825.1953
825.1953
878.9062
878.9062
957.0312
957.0312
1064.4531
1064.4531
1181.6406
1181.6406
1269.5312
1269.5312
1298.8281
1298.8281
1250.0000
1250.0000
1137.6953
1137.6953
996.0937
996.0937
874.0234
874.0234
795.8984
795.8984
751.9531
751.9531
708.0078
708.0078
639.6484
639.6484
522.4609
522.4609
346.6797
346.6797
131.8359
131.8359
0.0000
0.0000
0.0000
0.0000
0.0000
0.0000
0.0000
0.0000
0.0000
0.0000
0.0000
0.0000
0.0000
0.0000
0.0000
0.0000
0.0000
0.0000
0.0000
0.0000
0.0000
0.0000
0.0000
0.0000
0.0000
0.0000
0.0000
0.0000
0.0000
0.0000
0.0000
0.0000
0.0000
0.0000
0.0000
0.0000
0.0000
0.0000
0.0000
0.0000
0.0000
0.0000
0.0000
0.0000
0.0000
0.0000
0.0000
0.0000
0.0000
0.0000
0.0000
0.0000
0.0000
0.0000
0.0000
0.0000
43.9453
43.9453
161.1328
161.1328
278.3203
278.3203
400.3906
400.3906
512.6953
512.6953
620.1172
620.1172
732.4219
732.4219
834.9609
834.9609
927.7344
927.7344
1010.7422
1010.7422
1079.1016
1079.1016
1147.4609
1147.4609
1201.1719
1201.1719
1259.7656
1259.7656
1333.0078
1333.0078
1440.4297
1440.4297
1552.7344
1552.7344
1660.1562
1660.1562
1728.5156
1728.5156
1743.1641
1743.1641
1699.2187
1699.2187
1606.4453
1606.4453
1494.1406
1494.1406
1391.6016
1391.6016
1303.7109
1303.7109
1210.9375
1210.9375
1093.7500
1093.7500
937.5000
937.5000
742.1875
742.1875
502.9297
502.9297
244.1406
244.1406
0.0000
0.0000
0.0000
0.0000
0.0000
0.0000
0.0000
0.0000
0.0000
0.0000
0.0000
0.0000
0.0000
0.0000
0.0000
0.0000
0.0000
0.0000
0.0000
0.0000
0.0000
0.0000
0.0000
0.0000
0.0000
0.0000
0.0000
0.0000
0.0000
0.0000
0.0000
0.0000
0.0000
0.0000
0.0000
0.0000
0.0000
0.0000
0.0000
0.0000
0.0000
0.0000
0.0000
0.0000
0.0000
0.0000
0.0000
0.0000
0.0000
0.0000
0.0000
0.0000
0.0000
0.0000
0.0000
0.0000
0.0000
0.0000
0.0000
0.0000
0.0000
0.0000
83.0078
83.0078
190.4297
190.4297
297.8516
297.8516
410.1562
410.1562
517.5781
517.5781
615.2344
615.2344
693.3594
693.3594
756.8359
756.8359
815.4297
815.4297
849.6094
849.6094
864.2578
864.2578
874.0234
874.0234
898.4375
898.4375
932.6172
932.6172
991.2109
991.2109
1079.1016
1079.1016
1176.7578
1176.7578
1245.1172
1245.1172
1254.8828
1254.8828
1196.2891
1196.2891
1093.7500
1093.7500
976.5625
976.5625
869.1406
869.1406
800.7812
800.7812
771.4844
771.4844
761.7187
761.7187
732.4219
732.4219
654.2969
654.2969
527.3437
527.3437
366.2109
366.2109
180.6641
180.6641
0.0000
0.0000
0.0000
0.0000
0.0000
0.0000
0.0000
0.0000
0.0000
0.0000
0.0000
0.0000
0.0000
0.0000
0.0000
0.0000
0.0000
0.0000
0.0000
0.0000
0.0000
0.0000
0.0000
0.0000
0.0000
0.0000
0.0000
0.0000
0.0000
0.0000
0.0000
0.0000
0.0000
0.0000
0.0000
0.0000
0.0000
0.0000
0.0000
0.0000
0.0000
0.0000
0.0000
0.0000
0.0000
0.0000
0.0000
0.0000
0.0000
0.0000
0.0000
0.0000
0.0000
0.0000
0.0000
0.0000
0.0000
0.0000
0.0000
0.0000
0.0000
0.0000
58.5937
58.5937
161.1328
161.1328
273.4375
273.4375
385.7422
385.7422
507.8125
507.8125
629.8828
747.0703
747.0703
747.0703
854.4922
854.4922
961.9141
961.9141
1079.1016
1079.1016
1196.2891
1196.2891
1328.1250
1328.1250
1464.8437
1464.8437
1596.6797
1596.6797
1679.6875
1684.5703
1684.5703
1611.3281
1611.3281
1484.3750
1484.3750
1328.1250
1328.1250
1176.7578
1176.7578
1035.1562
1035.1562
913.0859
913.0859
771.4844
771.4844
590.8203
590.8203
361.3281
361.3281
117.1875
117.1875
0.0000
0.0000
0.0000
0.0000
0.0000
0.0000
0.0000
0.0000
0.0000
0.0000
0.0000
0.0000
0.0000
0.0000
0.0000
0.0000
0.0000
0.0000
0.0000
0.0000
0.0000
0.0000
0.0000
0.0000
0.0000
0.0000
0.0000
0.0000
0.0000
0.0000
0.0000
0.0000
0.0000
0.0000
0.0000
0.0000
0.0000
0.0000
0.0000
0.0000
0.0000
0.0000
0.0000
0.0000
0.0000
0.0000
0.0000
0.0000
0.0000
0.0000
0.0000
0.0000
0.0000
0.0000
0.0000
0.0000
0.0000
0.0000
63.4766
63.4766
136.7187
136.7187
205.0781
205.0781
268.5547
268.5547
336.9141
336.9141
405.2734
405.2734
483.3984
483.3984
551.7578
551.7578
625.0000
625.0000
688.4766
688.4766
742.1875
742.1875
786.1328
786.1328
839.8437
839.8437
913.0859
913.0859
1005.8594
1005.8594
1123.0469
1123.0469
1245.1172
1245.1172
1357.4219
1357.4219
1411.1328
1411.1328
1376.9531
1376.9531
1269.5312
1269.5312
1132.8125
1132.8125
996.0937
996.0937
898.4375
898.4375
844.7266
844.7266
815.4297
815.4297
786.1328
786.1328
712.8906
712.8906
590.8203
590.8203
434.5703
434.5703
258.7891
258.7891
83.0078
83.0078
0.0000
0.0000
0.0000
0.0000
0.0000
0.0000
0.0000
0.0000
0.0000
0.0000
0.0000
0.0000
0.0000
0.0000
0.0000
0.0000
0.0000
0.0000
0.0000
0.0000
0.0000
0.0000
0.0000
0.0000
0.0000
0.0000
0.0000
0.0000
0.0000
0.0000
0.0000
0.0000
0.0000
0.0000
0.0000
0.0000
0.0000
0.0000
0.0000
0.0000
0.0000
0.0000
0.0000
0.0000
0.0000
0.0000
0.0000
0.0000
0.0000
0.0000
0.0000
0.0000
0.0000
0.0000
0.0000
0.0000
0.0000
0.0000
78.1250
78.1250
156.2500
156.2500
229.4922
229.4922
297.8516
297.8516
366.2109
366.2109
429.6875
429.6875
512.6953
512.6953
595.7031
595.7031
683.5937
683.5937
771.4844
771.4844
874.0234
874.0234
991.2109
991.2109
1132.8125
1132.8125
1298.8281
1298.8281
1489.2578
1489.2578
1679.6875
1679.6875
1826.1719
1826.1719
1899.4141
1899.4141
1894.5312
1894.5312
1831.0547
1831.0547
1713.8672
1713.8672
1586.9141
1586.9141
1459.9609
1459.9609
1347.6562
1347.6562
1201.1719
1201.1719
1000.9766
1000.9766
742.1875
742.1875
449.2187
449.2187
151.3672
151.3672
0.0000
0.0000
0.0000
0.0000
0.0000
0.0000
0.0000
0.0000
0.0000
0.0000
0.0000
0.0000
0.0000
0.0000
0.0000
0.0000
0.0000
0.0000
0.0000
0.0000
0.0000
0.0000
0.0000
0.0000
0.0000
0.0000
0.0000
0.0000
0.0000
0.0000
0.0000
0.0000
0.0000
0.0000
0.0000
0.0000
0.0000
0.0000
0.0000
0.0000
0.0000
0.0000
0.0000
0.0000
0.0000
0.0000
0.0000
0.0000
0.0000
0.0000
0.0000
0.0000
0.0000
0.0000
0.0000
0.0000
48.8281
48.8281
161.1328
161.1328
258.7891
258.7891
341.7969
341.7969
419.9219
419.9219
483.3984
483.3984
541.9922
541.9922
595.7031
595.7031
649.4141
649.4141
703.1250
703.1250
751.9531
751.9531
795.8984
795.8984
844.7266
844.7266
898.4375
898.4375
966.7969
966.7969
1064.4531
1064.4531
1210.9375
1210.9375
1391.6016
1391.6016
1582.0312
1582.0312
1748.0469
1748.0469
1850.5859
1850.5859
1855.4687
1855.4687
1752.9297
1752.9297
1586.9141
1586.9141
1406.2500
1406.2500
1254.8828
1254.8828
1137.6953
1137.6953
1035.1562
1035.1562
908.2031
908.2031
737.3047
737.3047
507.8125
507.8125
234.3750
234.3750
0.0000
0.0000
0.0000
0.0000
0.0000
0.0000
0.0000
0.0000
0.0000
0.0000
0.0000
0.0000
0.0000
0.0000
0.0000
0.0000
0.0000
0.0000
0.0000
0.0000
0.0000
0.0000
0.0000
0.0000
0.0000
0.0000
0.0000
0.0000
0.0000
0.0000
0.0000
0.0000
0.0000
0.0000
0.0000
0.0000
0.0000
0.0000
0.0000
0.0000
0.0000
0.0000
0.0000
0.0000
0.0000
0.0000
0.0000
0.0000
0.0000
0.0000
0.0000
0.0000
0.0000
0.0000
0.0000
0.0000
0.0000
0.0000
0.0000
0.0000
0.0000
0.0000
97.6562
97.6562
185.5469
185.5469
263.6719
263.6719
327.1484
327.1484
400.3906
400.3906
458.9844
458.9844
512.6953
512.6953
561.5234
561.5234
610.3516
610.3516
654.2969
654.2969
708.0078
708.0078
781.2500
781.2500
893.5547
893.5547
1044.9219
1044.9219
1215.8203
1215.8203
1376.9531
1376.9531
1508.7891
1508.7891
1586.9141
1586.9141
1596.6797
1596.6797
1557.6172
1557.6172
1499.0234
1499.0234
1445.3125
1445.3125
1386.7187
1386.7187
1308.5937
1308.5937
1196.2891
1196.2891
1030.2734
1030.2734
805.6641
805.6641
532.2266
532.2266
249.0234
249.0234
0.0000
0.0000
0.0000
0.0000
0.0000
0.0000
0.0000
0.0000
0.0000
0.0000
0.0000
0.0000
0.0000
0.0000
0.0000
0.0000
0.0000
0.0000
0.0000
0.0000
0.0000
0.0000
0.0000
0.0000
0.0000
0.0000
0.0000
0.0000
0.0000
0.0000
0.0000
0.0000
0.0000
0.0000
0.0000
0.0000
0.0000
0.0000
0.0000
0.0000
0.0000
0.0000
0.0000
0.0000
0.0000
0.0000
0.0000
0.0000
0.0000
0.0000
0.0000
0.0000
0.0000
0.0000
0.0000
0.0000
0.0000
0.0000
0.0000
0.0000
14.6484
14.6484
136.7187
136.7187
249.0234
249.0234
356.4453
356.4453
458.9844
458.9844
546.8750
546.8750
634.7656
634.7656
708.0078
708.0078
781.2500
781.2500
834.9609
834.9609
874.0234
874.0234
908.2031
908.2031
961.9141
961.9141
1040.0391
1040.0391
1152.3437
1152.3437
1274.4141
1274.4141
1386.7187
1386.7187
1459.9609
1459.9609
1455.0781
1455.0781
1372.0703
1372.0703
1240.2344
1240.2344
1093.7500
1093.7500
971.6797
971.6797
893.5547
893.5547
854.4922
854.4922
839.8437
839.8437
795.8984
795.8984
703.1250
703.1250
551.7578
551.7578
361.3281
361.3281
156.2500
156.2500
0.0000
0.0000
0.0000
0.0000
0.0000
0.0000
0.0000
0.0000
0.0000
0.0000
0.0000
0.0000
0.0000
0.0000
0.0000
0.0000
0.0000
0.0000
0.0000
0.0000
0.0000
0.0000
0.0000
0.0000
0.0000
0.0000
0.0000
0.0000
0.0000
0.0000
0.0000
0.0000
0.0000
0.0000
0.0000
0.0000
0.0000
0.0000
0.0000
0.0000
0.0000
0.0000
0.0000
0.0000
0.0000
0.0000
0.0000
0.0000
0.0000
0.0000
0.0000
0.0000
0.0000
0.0000
0.0000
0.0000
0.0000
0.0000
0.0000
0.0000
0.0000
0.0000
53.7109
53.7109
166.0156
166.0156
278.3203
278.3203
385.7422
385.7422
498.0469
498.0469
615.2344
615.2344
717.7734
717.7734
810.5469
810.5469
888.6719
888.6719
966.7969
966.7969
1035.1562
1035.1562
1118.1641
1118.1641
1215.8203
1215.8203
1347.6562
1347.6562
1484.3750
1484.3750
1586.9141
1586.9141
1635.7422
1635.7422
1621.0937
1621.0937
1552.7344
1552.7344
1445.3125
1445.3125
1328.1250
1328.1250
1220.7031
1220.7031
1118.1641
1118.1641
996.0937
996.0937
839.8437
839.8437
639.6484
639.6484
410.1562
410.1562
161.1328
161.1328
0.0000
0.0000
0.0000
0.0000
0.0000
0.0000
0.0000
0.0000
0.0000
0.0000
0.0000
0.0000
0.0000
0.0000
0.0000
0.0000
0.0000
0.0000
0.0000
0.0000
0.0000
0.0000
0.0000
0.0000
0.0000
0.0000
0.0000
0.0000
0.0000
0.0000
0.0000
0.0000
0.0000
0.0000
0.0000
0.0000
0.0000
0.0000
0.0000
0.0000
0.0000
0.0000
0.0000
0.0000
0.0000
0.0000
0.0000
0.0000
0.0000
0.0000
0.0000
0.0000
0.0000
0.0000
73.2422
73.2422
156.2500
156.2500
249.0234
249.0234
341.7969
341.7969
444.3359
444.3359
546.8750
546.8750
649.4141
649.4141
751.9531
751.9531
859.3750
859.3750
971.6797
971.6797
1074.2187
1074.2187
1171.8750
1171.8750
1254.8828
1254.8828
1323.2422
1323.2422
1376.9531
1376.9531
1411.1328
1411.1328
1435.5469
1435.5469
1455.0781
1455.0781
1464.8437
1464.8437
1474.6094
1474.6094
1494.1406
1494.1406
1538.0859
1538.0859
1611.3281
1611.3281
1684.5703
1684.5703
1748.0469
1748.0469
1772.4609
1772.4609
1733.3984
1733.3984
1601.5625
1601.5625
1391.6016
1391.6016
1147.4609
1147.4609
917.9687
917.9687
722.6562
722.6562
576.1719
576.1719
458.9844
458.9844
346.6797
346.6797
205.0781
205.0781
19.5312
19.5312
0.0000
0.0000
0.0000
0.0000
0.0000
0.0000
0.0000
0.0000
0.0000
0.0000
0.0000
0.0000
0.0000
0.0000
0.0000
0.0000
0.0000
0.0000
0.0000
0.0000
0.0000
0.0000
0.0000
0.0000
0.0000
0.0000
0.0000
0.0000
0.0000
0.0000
0.0000
0.0000
0.0000
0.0000
0.0000
0.0000
0.0000
0.0000
0.0000
0.0000
0.0000
0.0000
0.0000
0.0000
0.0000
0.0000
0.0000
0.0000
0.0000
0.0000
0.0000
0.0000
0.0000
0.0000
0.0000
0.0000
0.0000
0.0000
0.0000
0.0000
0.0000
0.0000
0.0000
0.0000
0.0000
0.0000
0.0000
0.0000
0.0000
34.1797
34.1797
141.6016
141.6016
234.3750
234.3750
322.2656
322.2656
405.2734
405.2734
478.5156
478.5156
541.9922
541.9922
595.7031
595.7031
654.2969
654.2969
722.6562
722.6562
800.7812
800.7812
898.4375
898.4375
1015.6250
1015.6250
1118.1641
1118.1641
1186.5234
1186.5234
1191.4062
1191.4062
1142.5781
1142.5781
1064.4531
1064.4531
971.6797
971.6797
883.7891
883.7891
815.4297
815.4297
766.6016
766.6016
717.7734
717.7734
644.5312
644.5312
541.9922
541.9922
405.2734
405.2734
239.2578
239.2578
53.7109
53.7109
0.0000
0.0000
0.0000
0.0000
0.0000
0.0000
0.0000
0.0000
0.0000
0.0000
0.0000
0.0000
0.0000
0.0000
0.0000
0.0000
0.0000
0.0000
0.0000
0.0000
0.0000
0.0000
0.0000
0.0000
0.0000
0.0000
0.0000
0.0000
0.0000
0.0000
0.0000
0.0000
0.0000
0.0000
0.0000
0.0000
0.0000
0.0000
0.0000
0.0000
0.0000
0.0000
0.0000
0.0000
0.0000
0.0000
0.0000
0.0000
0.0000
0.0000
48.8281
48.8281
126.9531
126.9531
209.9609
209.9609
283.2031
283.2031
356.4453
356.4453
439.4531
439.4531
532.2266
532.2266
625.0000
625.0000
712.8906
712.8906
800.7812
800.7812
898.4375
898.4375
986.3281
986.3281
1069.3359
1069.3359
1142.5781
1142.5781
1210.9375
1210.9375
1259.7656
1259.7656
1293.9453
1293.9453
1303.7109
1303.7109
1318.3594
1318.3594
1333.0078
1333.0078
1357.4219
1357.4219
1391.6016
1391.6016
1416.0156
1416.0156
1376.9531
1376.9531
1240.2344
1240.2344
1030.2734
1030.2734
795.8984
795.8984
595.7031
595.7031
463.8672
463.8672
400.3906
400.3906
385.7422
385.7422
375.9766
375.9766
332.0312
332.0312
234.3750
234.3750
92.7734
92.7734
0.0000
0.0000
0.0000
0.0000
0.0000
0.0000
0.0000
0.0000
0.0000
0.0000
0.0000
0.0000
0.0000
0.0000
0.0000
0.0000
0.0000
0.0000
0.0000
0.0000
0.0000
0.0000
0.0000
0.0000
0.0000
0.0000
0.0000
0.0000
0.0000
0.0000
0.0000
0.0000
0.0000
0.0000
0.0000
0.0000
0.0000
0.0000
0.0000
0.0000
0.0000
0.0000
0.0000
0.0000
0.0000
0.0000
0.0000
0.0000
0.0000
0.0000
0.0000
0.0000
0.0000
0.0000
0.0000
0.0000
0.0000
0.0000
0.0000
0.0000
0.0000
0.0000
0.0000
0.0000
68.3594
68.3594
151.3672
151.3672
244.1406
244.1406
336.9141
336.9141
434.5703
434.5703
537.1094
537.1094
649.4141
649.4141
756.8359
756.8359
854.4922
854.4922
947.2656
947.2656
1044.9219
1044.9219
1132.8125
1132.8125
1235.3516
1235.3516
1347.6562
1347.6562
1474.6094
1474.6094
1577.1484
1577.1484
1625.9766
1625.9766
1596.6797
1596.6797
1494.1406
1494.1406
1347.6562
1347.6562
1181.6406
1181.6406
1035.1562
1035.1562
913.0859
913.0859
815.4297
815.4297
688.4766
688.4766
512.6953
512.6953
283.2031
283.2031
34.1797
34.1797
0.0000
0.0000
0.0000
0.0000
0.0000
0.0000
0.0000
0.0000
0.0000
0.0000
0.0000
0.0000
0.0000
0.0000
0.0000
0.0000
0.0000
0.0000
0.0000
0.0000
0.0000
0.0000
0.0000
0.0000
0.0000
0.0000
0.0000
0.0000
0.0000
0.0000
0.0000
0.0000
0.0000
0.0000
0.0000
0.0000
0.0000
0.0000
0.0000
0.0000
0.0000
0.0000
0.0000
0.0000
0.0000
0.0000
0.0000
0.0000
0.0000
0.0000
0.0000
0.0000
0.0000
0.0000
0.0000
0.0000
0.0000
0.0000
4.8828
4.8828
83.0078
83.0078
156.2500
156.2500
229.4922
229.4922
302.7344
302.7344
366.2109
366.2109
434.5703
434.5703
502.9297
502.9297
585.9375
585.9375
673.8281
673.8281
771.4844
771.4844
874.0234
874.0234
986.3281
986.3281
1093.7500
1093.7500
1196.2891
1196.2891
1308.5937
1308.5937
1450.1953
1450.1953
1606.4453
1606.4453
1762.6953
1762.6953
1884.7656
1884.7656
1938.4766
1938.4766
1894.5312
1894.5312
1748.0469
1748.0469
1538.0859
1538.0859
1333.0078
1333.0078
1166.9922
1166.9922
1040.0391
1040.0391
932.6172
932.6172
810.5469
810.5469
649.4141
649.4141
434.5703
434.5703
185.5469
185.5469
0.0000
0.0000
0.0000
0.0000
0.0000
0.0000
0.0000
0.0000
0.0000
0.0000
0.0000
0.0000
0.0000
0.0000
0.0000
0.0000
0.0000
0.0000
0.0000
0.0000
0.0000
0.0000
0.0000
0.0000
0.0000
0.0000
0.0000
0.0000
0.0000
0.0000
0.0000
0.0000
0.0000
0.0000
0.0000
0.0000
0.0000
0.0000
0.0000
0.0000
0.0000
0.0000
0.0000
0.0000
0.0000
0.0000
0.0000
0.0000
0.0000
0.0000
0.0000
0.0000
0.0000
0.0000
0.0000
0.0000
0.0000
0.0000
4.8828
4.8828
107.4219
107.4219
195.3125
195.3125
268.5547
268.5547
332.0312
332.0312
390.6250
390.6250
454.1016
454.1016
522.4609
522.4609
590.8203
590.8203
668.9453
668.9453
761.7187
761.7187
849.6094
849.6094
952.1484
952.1484
1064.4531
1064.4531
1206.0547
1206.0547
1367.1875
1367.1875
1533.2031
1533.2031
1684.5703
1684.5703
1787.1094
1787.1094
1821.2891
1821.2891
1787.1094
1787.1094
1694.3359
1694.3359
1577.1484
1577.1484
1455.0781
1455.0781
1333.0078
1333.0078
1201.1719
1201.1719
1040.0391
1040.0391
839.8437
839.8437
585.9375
585.9375
307.6172
307.6172
24.4141
24.4141
0.0000
0.0000
0.0000
0.0000
0.0000
0.0000
0.0000
0.0000
0.0000
0.0000
0.0000
0.0000
0.0000
0.0000
0.0000
0.0000
0.0000
0.0000
0.0000
0.0000
0.0000
0.0000
0.0000
0.0000
0.0000
0.0000
0.0000
0.0000
0.0000
0.0000
0.0000
0.0000
0.0000
0.0000
0.0000
0.0000
0.0000
0.0000
0.0000
0.0000
0.0000
0.0000
0.0000
0.0000
0.0000
0.0000
0.0000
0.0000
0.0000
0.0000
0.0000
0.0000
0.0000
0.0000
0.0000
0.0000
0.0000
0.0000
34.1797
34.1797
136.7187
136.7187
229.4922
229.4922
307.6172
307.6172
375.9766
375.9766
434.5703
434.5703
483.3984
483.3984
517.5781
517.5781
556.6406
556.6406
595.7031
595.7031
634.7656
634.7656
683.5937
683.5937
732.4219
732.4219
795.8984
795.8984
869.1406
869.1406
961.9141
961.9141
1093.7500
1093.7500
1264.6484
1264.6484
1455.0781
1455.0781
1625.9766
1625.9766
1728.5156
1728.5156
1733.3984
1733.3984
1611.3281
1611.3281
1391.6016
1391.6016
1137.6953
1137.6953
927.7344
927.7344
776.3672
776.3672
668.9453
668.9453
581.0547
581.0547
463.8672
463.8672
297.8516
297.8516
78.1250
78.1250
0.0000
0.0000
0.0000
0.0000
0.0000
0.0000
0.0000
0.0000
0.0000
0.0000
0.0000
0.0000
0.0000
0.0000
0.0000
0.0000
0.0000
0.0000
0.0000
0.0000
0.0000
0.0000
0.0000
0.0000
0.0000
0.0000
0.0000
0.0000
0.0000
0.0000
0.0000
0.0000
0.0000
0.0000
0.0000
0.0000
0.0000
0.0000
0.0000
0.0000
0.0000
0.0000
0.0000
0.0000
0.0000
0.0000
0.0000
0.0000
0.0000
0.0000
0.0000
0.0000
0.0000
0.0000
0.0000
0.0000
0.0000
0.0000
14.6484
14.6484
141.6016
141.6016
268.5547
268.5547
375.9766
375.9766
473.6328
473.6328
556.6406
556.6406
634.7656
634.7656
708.0078
708.0078
771.4844
771.4844
830.0781
830.0781
888.6719
888.6719
947.2656
947.2656
1000.9766
1000.9766
1054.6875
1054.6875
1113.2812
1113.2812
1196.2891
1196.2891
1303.7109
1303.7109
1445.3125
1445.3125
1601.5625
1601.5625
1752.9297
1752.9297
1855.4687
1855.4687
1884.7656
1884.7656
1835.9375
1835.9375
1738.2812
1738.2812
1611.3281
1611.3281
1484.3750
1484.3750
1362.3047
1362.3047
1235.3516
1235.3516
1079.1016
1079.1016
878.9062
878.9062
629.8828
629.8828
366.2109
366.2109
107.4219
107.4219
0.0000
0.0000
0.0000
0.0000
0.0000
0.0000
0.0000
0.0000
0.0000
0.0000
0.0000
0.0000
0.0000
0.0000
0.0000
0.0000
0.0000
0.0000
0.0000
0.0000
0.0000
0.0000
0.0000
0.0000
0.0000
0.0000
0.0000
0.0000
0.0000
0.0000
0.0000
0.0000
0.0000
0.0000
0.0000
0.0000
0.0000
0.0000
0.0000
0.0000
0.0000
0.0000
0.0000
0.0000
0.0000
0.0000
0.0000
0.0000
0.0000
0.0000
0.0000
0.0000
0.0000
0.0000
0.0000
0.0000
0.0000
0.0000
4.8828
4.8828
122.0703
122.0703
229.4922
229.4922
327.1484
327.1484
419.9219
419.9219
493.1641
493.1641
561.5234
561.5234
620.1172
620.1172
673.8281
673.8281
717.7734
717.7734
747.0703
747.0703
766.6016
766.6016
791.0156
791.0156
815.4297
815.4297
859.3750
859.3750
937.5000
937.5000
1044.9219
1044.9219
1162.1094
1162.1094
1235.3516
1220.7031
1220.7031
1220.7031
1118.1641
1118.1641
942.3828
942.3828
747.0703
747.0703
585.9375
585.9375
493.1641
493.1641
458.9844
458.9844
449.2187
449.2187
419.9219
419.9219
336.9141
205.0781
205.0781
205.0781
39.0625
39.0625
0.0000
0.0000
0.0000
0.0000
0.0000
0.0000
0.0000
0.0000
0.0000
0.0000
0.0000
0.0000
0.0000
0.0000
0.0000
0.0000
0.0000
0.0000
0.0000
0.0000
0.0000
0.0000
0.0000
0.0000
0.0000
0.0000
0.0000
0.0000
0.0000
0.0000
0.0000
0.0000
0.0000
0.0000
0.0000
0.0000
0.0000
0.0000
0.0000
0.0000
0.0000
0.0000
0.0000
0.0000
0.0000
0.0000
0.0000
0.0000
0.0000
0.0000
0.0000
0.0000
0.0000
0.0000
0.0000
0.0000
0.0000
29.2969
29.2969
175.7812
175.7812
327.1484
327.1484
463.8672
463.8672
581.0547
581.0547
683.5937
683.5937
781.2500
781.2500
869.1406
869.1406
947.2656
947.2656
1010.7422
1010.7422
1064.4531
1064.4531
1108.3984
1108.3984
1142.5781
1142.5781
1166.9922
1166.9922
1201.1719
1201.1719
1259.7656
1259.7656
1337.8906
1337.8906
1440.4297
1440.4297
1547.8516
1547.8516
1645.5078
1645.5078
1699.2187
1699.2187
1699.2187
1699.2187
1650.3906
1650.3906
1582.0312
1582.0312
1494.1406
1494.1406
1401.3672
1401.3672
1289.0625
1289.0625
1147.4609
1147.4609
957.0312
957.0312
717.7734
717.7734
434.5703
434.5703
151.3672
151.3672
0.0000
0.0000
0.0000
0.0000
0.0000
0.0000
0.0000
0.0000
0.0000
0.0000
0.0000
0.0000
0.0000
0.0000
0.0000
0.0000
0.0000
0.0000
0.0000
0.0000
0.0000
0.0000
0.0000
0.0000
0.0000
0.0000
0.0000
0.0000
0.0000
0.0000
0.0000
0.0000
0.0000
0.0000
0.0000
0.0000
0.0000
0.0000
0.0000
0.0000
0.0000
0.0000
0.0000
0.0000
0.0000
0.0000
0.0000
0.0000
0.0000
0.0000
0.0000
0.0000
0.0000
0.0000
0.0000
0.0000
19.5312
19.5312
156.2500
156.2500
288.0859
288.0859
415.0391
415.0391
537.1094
537.1094
664.0625
664.0625
781.2500
781.2500
883.7891
883.7891
971.6797
971.6797
1044.9219
1044.9219
1103.5156
1103.5156
1137.6953
1137.6953
1147.4609
1147.4609
1142.5781
1142.5781
1142.5781
1142.5781
1152.3437
1152.3437
1191.4062
1191.4062
1264.6484
1264.6484
1352.5391
1352.5391
1420.8984
1420.8984
1435.5469
1435.5469
1376.9531
1376.9531
1250.0000
1250.0000
1079.1016
1079.1016
913.0859
913.0859
786.1328
786.1328
717.7734
717.7734
688.4766
688.4766
664.0625
664.0625
620.1172
620.1172
537.1094
537.1094
410.1562
410.1562
249.0234
249.0234
68.3594
68.3594
0.0000
0.0000
0.0000
0.0000
0.0000
0.0000
0.0000
0.0000
0.0000
0.0000
0.0000
0.0000
0.0000
0.0000
0.0000
0.0000
0.0000
0.0000
0.0000
0.0000
0.0000
0.0000
0.0000
0.0000
0.0000
0.0000
0.0000
0.0000
0.0000
0.0000
0.0000
0.0000
0.0000
0.0000
0.0000
0.0000
0.0000
0.0000
0.0000
0.0000
0.0000
0.0000
0.0000
0.0000
0.0000
0.0000
0.0000
0.0000
0.0000
0.0000
0.0000
0.0000
0.0000
0.0000
0.0000
0.0000
0.0000
0.0000
0.0000
0.0000
0.0000
0.0000
24.4141
24.4141
122.0703
122.0703
224.6094
224.6094
327.1484
327.1484
429.6875
429.6875
517.5781
517.5781
585.9375
585.9375
644.5312
644.5312
688.4766
688.4766
712.8906
712.8906
732.4219
732.4219
761.7187
761.7187
815.4297
815.4297
888.6719
888.6719
986.3281
986.3281
1088.8672
1088.8672
1171.8750
1171.8750
1215.8203
1215.8203
1210.9375
1210.9375
1171.8750
1171.8750
1132.8125
1132.8125
1083.9844
1083.9844
1035.1562
1035.1562
986.3281
986.3281
937.5000
937.5000
859.3750
859.3750
742.1875
742.1875
590.8203
590.8203
415.0391
415.0391
224.6094
224.6094
24.4141
24.4141
0.0000
0.0000
0.0000
0.0000
0.0000
0.0000
0.0000
0.0000
0.0000
0.0000
0.0000
0.0000
0.0000
0.0000
0.0000
0.0000
0.0000
0.0000
0.0000
0.0000
0.0000
0.0000
0.0000
0.0000
0.0000
0.0000
0.0000
0.0000
0.0000
0.0000
0.0000
0.0000
0.0000
0.0000
0.0000
0.0000
0.0000
0.0000
0.0000
0.0000
0.0000
0.0000
0.0000
0.0000
0.0000
0.0000
0.0000
0.0000
0.0000
0.0000
0.0000
0.0000
19.5312
19.5312
102.5391
102.5391
180.6641
180.6641
258.7891
258.7891
341.7969
341.7969
434.5703
434.5703
532.2266
532.2266
625.0000
625.0000
712.8906
712.8906
800.7812
800.7812
878.9062
878.9062
947.2656
947.2656
1005.8594
1005.8594
1059.5703
1059.5703
1103.5156
1103.5156
1142.5781
1142.5781
1171.8750
1171.8750
1191.4062
1191.4062
1220.7031
1220.7031
1259.7656
1259.7656
1328.1250
1328.1250
1411.1328
1411.1328
1508.7891
1508.7891
1577.1484
1577.1484
1586.9141
1586.9141
1518.5547
1518.5547
1386.7187
1386.7187
1210.9375
1210.9375
1049.8047
1049.8047
922.8516
922.8516
854.4922
854.4922
820.3125
820.3125
786.1328
786.1328
708.0078
708.0078
585.9375
585.9375
410.1562
410.1562
200.1953
200.1953
0.0000
0.0000
0.0000
0.0000
0.0000
0.0000
0.0000
0.0000
0.0000
0.0000
0.0000
0.0000
0.0000
0.0000
0.0000
0.0000
0.0000
0.0000
0.0000
0.0000
0.0000
0.0000
0.0000
0.0000
0.0000
0.0000
0.0000
0.0000
0.0000
0.0000
0.0000
0.0000
0.0000
0.0000
0.0000
0.0000
0.0000
0.0000
0.0000
0.0000
0.0000
0.0000
0.0000
0.0000
0.0000
0.0000
0.0000
0.0000
0.0000
0.0000
0.0000
0.0000
0.0000
0.0000
0.0000
0.0000
0.0000
0.0000
0.0000
0.0000
0.0000
0.0000
0.0000
0.0000
0.0000
0.0000
92.7734
92.7734
209.9609
209.9609
327.1484
327.1484
439.4531
439.4531
541.9922
541.9922
629.8828
629.8828
712.8906
712.8906
791.0156
791.0156
859.3750
859.3750
927.7344
927.7344
1010.7422
1010.7422
1123.0469
1123.0469
1245.1172
1245.1172
1352.5391
1352.5391
1425.7812
1425.7812
1450.1953
1450.1953
1425.7812
1425.7812
1357.4219
1357.4219
1264.6484
1264.6484
1176.7578
1176.7578
1098.6328
1098.6328
1010.7422
1010.7422
888.6719
888.6719
732.4219
732.4219
527.3437
527.3437
283.2031
283.2031
24.4141
24.4141
0.0000
0.0000
0.0000
0.0000
0.0000
0.0000
0.0000
0.0000
0.0000
0.0000
0.0000
0.0000
0.0000
0.0000
0.0000
0.0000
0.0000
0.0000
0.0000
0.0000
0.0000
0.0000
0.0000
0.0000
0.0000
0.0000
0.0000
0.0000
0.0000
0.0000
0.0000
0.0000
0.0000
0.0000
0.0000
0.0000
0.0000
0.0000
0.0000
0.0000
0.0000
0.0000
0.0000
0.0000
0.0000
0.0000
0.0000
0.0000
0.0000
0.0000
0.0000
0.0000
0.0000
0.0000
58.5937
58.5937
131.8359
131.8359
205.0781
205.0781
292.9687
292.9687
385.7422
385.7422
478.5156
478.5156
576.1719
576.1719
678.7109
678.7109
781.2500
781.2500
874.0234
874.0234
957.0312
957.0312
1035.1562
1035.1562
1103.5156
1103.5156
1157.2266
1157.2266
1191.4062
1191.4062
1210.9375
1210.9375
1235.3516
1235.3516
1269.5312
1269.5312
1328.1250
1328.1250
1406.2500
1406.2500
1489.2578
1489.2578
1542.9687
1542.9687
1533.2031
1533.2031
1445.3125
1445.3125
1298.8281
1298.8281
1108.3984
1108.3984
927.7344
927.7344
786.1328
786.1328
708.0078
708.0078
664.0625
664.0625
634.7656
634.7656
585.9375
585.9375
498.0469
498.0469
361.3281
361.3281
190.4297
190.4297
4.8828
4.8828
0.0000
0.0000
0.0000
0.0000
0.0000
0.0000
0.0000
0.0000
0.0000
0.0000
0.0000
0.0000
0.0000
0.0000
0.0000
0.0000
0.0000
0.0000
0.0000
0.0000
0.0000
0.0000
0.0000
0.0000
0.0000
0.0000
0.0000
0.0000
0.0000
0.0000
0.0000
0.0000
0.0000
0.0000
0.0000
0.0000
0.0000
0.0000
0.0000
0.0000
0.0000
0.0000
0.0000
0.0000
0.0000
0.0000
0.0000
0.0000
0.0000
0.0000
0.0000
0.0000
0.0000
0.0000
0.0000
0.0000
0.0000
0.0000
0.0000
0.0000
0.0000
0.0000
24.4141
24.4141
107.4219
107.4219
195.3125
195.3125
297.8516
297.8516
400.3906
400.3906
498.0469
498.0469
590.8203
590.8203
673.8281
673.8281
747.0703
747.0703
805.6641
805.6641
874.0234
874.0234
961.9141
961.9141
1083.9844
1083.9844
1210.9375
1210.9375
1318.3594
1318.3594
1381.8359
1381.8359
1381.8359
1381.8359
1323.2422
1323.2422
1235.3516
1235.3516
1132.8125
1132.8125
1049.8047
1049.8047
991.2109
991.2109
942.3828
942.3828
883.7891
883.7891
810.5469
810.5469
703.1250
703.1250
551.7578
551.7578
371.0937
371.0937
185.5469
185.5469
4.8828
4.8828
0.0000
0.0000
0.0000
0.0000
0.0000
0.0000
0.0000
0.0000
0.0000
0.0000
0.0000
0.0000
0.0000
0.0000
0.0000
0.0000
0.0000
0.0000
0.0000
0.0000
0.0000
0.0000
0.0000
0.0000
0.0000
0.0000
0.0000
0.0000
0.0000
0.0000
0.0000
0.0000
0.0000
0.0000
0.0000
0.0000
0.0000
0.0000
0.0000
0.0000
0.0000
0.0000
0.0000
0.0000
0.0000
0.0000
0.0000
0.0000
0.0000
0.0000
0.0000
0.0000
0.0000
0.0000
0.0000
0.0000
78.1250
78.1250
161.1328
161.1328
244.1406
244.1406
317.3828
317.3828
395.5078
395.5078
473.6328
473.6328
551.7578
629.8828
629.8828
629.8828
717.7734
717.7734
810.5469
810.5469
893.5547
893.5547
961.9141
961.9141
1025.3906
1025.3906
1083.9844
1083.9844
1132.8125
1132.8125
1181.6406
1259.7656
1259.7656
1367.1875
1367.1875
1367.1875
1489.2578
1489.2578
1601.5625
1601.5625
1674.8047
1674.8047
1684.5703
1684.5703
1601.5625
1601.5625
1435.5469
1435.5469
1225.5859
1225.5859
1030.2734
1030.2734
874.0234
874.0234
761.7187
683.5937
683.5937
605.4687
605.4687
498.0469
498.0469
336.9141
336.9141
141.6016
141.6016
0.0000
0.0000
0.0000
0.0000
0.0000
0.0000
0.0000
0.0000
0.0000
0.0000
0.0000
0.0000
0.0000
0.0000
0.0000
0.0000
0.0000
0.0000
0.0000
0.0000
0.0000
0.0000
0.0000
0.0000
0.0000
0.0000
0.0000
0.0000
0.0000
0.0000
0.0000
0.0000
0.0000
0.0000
0.0000
0.0000
0.0000
0.0000
0.0000
0.0000
0.0000
0.0000
0.0000
0.0000
0.0000
0.0000
0.0000
0.0000
0.0000
0.0000
0.0000
0.0000
0.0000
0.0000
0.0000
0.0000
0.0000
0.0000
0.0000
0.0000
0.0000
0.0000
0.0000
0.0000
0.0000
0.0000
0.0000
0.0000
0.0000
0.0000
0.0000
0.0000
9.7656
9.7656
122.0703
122.0703
239.2578
239.2578
351.5625
351.5625
458.9844
458.9844
556.6406
556.6406
649.4141
649.4141
751.9531
751.9531
854.4922
854.4922
981.4453
981.4453
1118.1641
1118.1641
1254.8828
1254.8828
1357.4219
1357.4219
1406.2500
1406.2500
1396.4844
1396.4844
1347.6562
1347.6562
1284.1797
1284.1797
1215.8203
1215.8203
1147.4609
1147.4609
1093.7500
1093.7500
1025.3906
1025.3906
927.7344
927.7344
800.7812
800.7812
639.6484
639.6484
454.1016
454.1016
253.9062
253.9062
53.7109
53.7109
0.0000
0.0000
0.0000
0.0000
0.0000
0.0000
0.0000
0.0000
0.0000
0.0000
0.0000
0.0000
0.0000
0.0000
0.0000
0.0000
0.0000
0.0000
0.0000
0.0000
0.0000
0.0000
0.0000
0.0000
0.0000
0.0000
0.0000
0.0000
0.0000
0.0000
0.0000
0.0000
0.0000
0.0000
0.0000
0.0000
0.0000
0.0000
0.0000
0.0000
0.0000
0.0000
0.0000
0.0000
0.0000
0.0000
0.0000
0.0000
0.0000
0.0000
4.8828
4.8828
122.0703
122.0703
224.6094
224.6094
312.5000
312.5000
395.5078
395.5078
488.2812
488.2812
571.2891
571.2891
644.5312
644.5312
712.8906
712.8906
786.1328
786.1328
849.6094
849.6094
908.2031
908.2031
961.9141
961.9141
1020.5078
1020.5078
1079.1016
1079.1016
1132.8125
1132.8125
1171.8750
1171.8750
1215.8203
1215.8203
1264.6484
1264.6484
1333.0078
1333.0078
1425.7812
1425.7812
1538.0859
1538.0859
1655.2734
1655.2734
1738.2812
1738.2812
1757.8125
1757.8125
1689.4531
1689.4531
1547.8516
1547.8516
1333.0078
1333.0078
1103.5156
1103.5156
893.5547
893.5547
742.1875
742.1875
644.5312
644.5312
576.1719
576.1719
502.9297
502.9297
400.3906
400.3906
268.5547
268.5547
102.5391
102.5391
0.0000
0.0000
0.0000
0.0000
0.0000
0.0000
0.0000
0.0000
0.0000
0.0000
0.0000
0.0000
0.0000
0.0000
0.0000
0.0000
0.0000
0.0000
0.0000
0.0000
0.0000
0.0000
0.0000
0.0000
0.0000
0.0000
0.0000
0.0000
0.0000
0.0000
0.0000
0.0000
0.0000
0.0000
0.0000
0.0000
0.0000
0.0000
0.0000
0.0000
0.0000
0.0000
0.0000
0.0000
0.0000
0.0000
0.0000
0.0000
0.0000
0.0000
0.0000
0.0000
0.0000
0.0000
0.0000
0.0000
0.0000
0.0000
0.0000
0.0000
0.0000
0.0000
0.0000
0.0000
0.0000
0.0000
0.0000
0.0000
0.0000
0.0000
39.0625
39.0625
122.0703
122.0703
205.0781
205.0781
297.8516
297.8516
390.6250
390.6250
493.1641
493.1641
585.9375
585.9375
678.7109
678.7109
771.4844
771.4844
888.6719
888.6719
1020.5078
1020.5078
1171.8750
1171.8750
1328.1250
1328.1250
1459.9609
1459.9609
1533.2031
1533.2031
1528.3203
1528.3203
1464.8437
1464.8437
1362.3047
1362.3047
1240.2344
1240.2344
1118.1641
1118.1641
1005.8594
1005.8594
898.4375
898.4375
766.6016
766.6016
595.7031
595.7031
385.7422
385.7422
151.3672
151.3672
0.0000
0.0000
0.0000
0.0000
0.0000
0.0000
0.0000
0.0000
0.0000
0.0000
0.0000
0.0000
0.0000
0.0000
0.0000
0.0000
0.0000
0.0000
0.0000
0.0000
0.0000
0.0000
0.0000
0.0000
0.0000
0.0000
0.0000
0.0000
0.0000
0.0000
0.0000
0.0000
0.0000
0.0000
0.0000
0.0000
0.0000
0.0000
0.0000
0.0000
0.0000
0.0000
0.0000
0.0000
0.0000
0.0000
0.0000
0.0000
0.0000
0.0000
0.0000
0.0000
0.0000
0.0000
0.0000
0.0000
0.0000
0.0000
83.0078
83.0078
161.1328
161.1328
229.4922
229.4922
278.3203
278.3203
332.0312
332.0312
375.9766
375.9766
419.9219
419.9219
463.8672
463.8672
517.5781
517.5781
581.0547
581.0547
649.4141
649.4141
708.0078
708.0078
771.4844
771.4844
825.1953
825.1953
878.9062
878.9062
932.6172
932.6172
1000.9766
1000.9766
1108.3984
1108.3984
1230.4687
1230.4687
1357.4219
1357.4219
1455.0781
1455.0781
1503.9062
1503.9062
1459.9609
1459.9609
1328.1250
1328.1250
1142.5781
1142.5781
966.7969
966.7969
820.3125
820.3125
722.6562
722.6562
664.0625
664.0625
615.2344
615.2344
546.8750
546.8750
429.6875
429.6875
278.3203
278.3203
112.3047
112.3047
0.0000
0.0000
0.0000
0.0000
0.0000
0.0000
0.0000
0.0000
0.0000
0.0000
0.0000
0.0000
0.0000
0.0000
0.0000
0.0000
0.0000
0.0000
0.0000
0.0000
0.0000
0.0000
0.0000
0.0000
0.0000
0.0000
0.0000
0.0000
0.0000
0.0000
0.0000
0.0000
0.0000
0.0000
0.0000
0.0000
0.0000
0.0000
0.0000
0.0000
0.0000
0.0000
0.0000
0.0000
0.0000
0.0000
0.0000
0.0000
0.0000
0.0000
0.0000
0.0000
0.0000
0.0000
0.0000
0.0000
0.0000
0.0000
0.0000
0.0000
0.0000
0.0000
0.0000
0.0000
39.0625
39.0625
112.3047
112.3047
185.5469
185.5469
249.0234
249.0234
312.5000
312.5000
380.8594
380.8594
449.2187
449.2187
517.5781
517.5781
581.0547
581.0547
659.1797
659.1797
751.9531
751.9531
854.4922
854.4922
986.3281
986.3281
1132.8125
1132.8125
1289.0625
1289.0625
1411.1328
1411.1328
1479.4922
1479.4922
1479.4922
1479.4922
1425.7812
1425.7812
1323.2422
1323.2422
1206.0547
1206.0547
1079.1016
1079.1016
961.9141
961.9141
834.9609
834.9609
678.7109
678.7109
493.1641
493.1641
283.2031
283.2031
58.5937
58.5937
0.0000
0.0000
0.0000
0.0000
0.0000
0.0000
0.0000
0.0000
0.0000
0.0000
0.0000
0.0000
0.0000
0.0000
0.0000
0.0000
0.0000
0.0000
0.0000
0.0000
0.0000
0.0000
0.0000
0.0000
0.0000
0.0000
0.0000
0.0000
0.0000
0.0000
0.0000
0.0000
0.0000
0.0000
0.0000
0.0000
0.0000
0.0000
0.0000
0.0000
0.0000
0.0000
0.0000
0.0000
0.0000
0.0000
0.0000
0.0000
0.0000
0.0000
0.0000
0.0000
0.0000
0.0000
0.0000
0.0000
73.2422
73.2422
190.4297
190.4297
292.9687
292.9687
375.9766
375.9766
458.9844
458.9844
527.3437
527.3437
590.8203
590.8203
644.5312
644.5312
703.1250
703.1250
756.8359
756.8359
800.7812
800.7812
830.0781
830.0781
854.4922
854.4922
878.9062
878.9062
903.3203
903.3203
937.5000
937.5000
991.2109
991.2109
1083.9844
1083.9844
1206.0547
1206.0547
1328.1250
1328.1250
1430.6641
1430.6641
1484.3750
1484.3750
1445.3125
1445.3125
1323.2422
1323.2422
1147.4609
1147.4609
966.7969
966.7969
805.6641
805.6641
688.4766
688.4766
605.4687
605.4687
551.7578
551.7578
493.1641
493.1641
405.2734
405.2734
283.2031
283.2031
136.7187
136.7187
0.0000
0.0000
0.0000
0.0000
0.0000
0.0000
0.0000
0.0000
0.0000
0.0000
0.0000
0.0000
0.0000
0.0000
0.0000
0.0000
0.0000
0.0000
0.0000
0.0000
0.0000
0.0000
0.0000
0.0000
0.0000
0.0000
0.0000
0.0000
0.0000
0.0000
0.0000
0.0000
0.0000
0.0000
0.0000
0.0000
0.0000
0.0000
0.0000
0.0000
0.0000
0.0000
0.0000
0.0000
0.0000
0.0000
0.0000
0.0000
0.0000
0.0000
0.0000
0.0000
0.0000
0.0000
0.0000
0.0000
0.0000
0.0000
0.0000
0.0000
0.0000
0.0000
34.1797
34.1797
126.9531
126.9531
214.8437
214.8437
288.0859
288.0859
351.5625
351.5625
400.3906
400.3906
458.9844
458.9844
512.6953
512.6953
561.5234
561.5234
615.2344
615.2344
678.7109
678.7109
747.0703
747.0703
830.0781
830.0781
922.8516
922.8516
1044.9219
1044.9219
1191.4062
1191.4062
1347.6562
1347.6562
1484.3750
1484.3750
1577.1484
1577.1484
1611.3281
1611.3281
1577.1484
1577.1484
1503.9062
1503.9062
1411.1328
1411.1328
1318.3594
1318.3594
1230.4687
1230.4687
1137.6953
1137.6953
1020.5078
1020.5078
869.1406
673.8281
673.8281
439.4531
439.4531
190.4297
190.4297
0.0000
0.0000
0.0000
0.0000
0.0000
0.0000
0.0000
0.0000
0.0000
0.0000
0.0000
0.0000
0.0000
0.0000
0.0000
0.0000
0.0000
0.0000
0.0000
0.0000
0.0000
0.0000
0.0000
0.0000
0.0000
0.0000
0.0000
0.0000
0.0000
0.0000
0.0000
0.0000
0.0000
0.0000
0.0000
0.0000
0.0000
0.0000
0.0000
0.0000
0.0000
0.0000
0.0000
0.0000
0.0000
0.0000
0.0000
0.0000
0.0000
0.0000
0.0000
0.0000
0.0000
0.0000
0.0000
0.0000
0.0000
63.4766
170.8984
170.8984
170.8984
273.4375
366.2109
366.2109
444.3359
444.3359
512.6953
512.6953
576.1719
576.1719
629.8828
629.8828
683.5937
683.5937
722.6562
722.6562
766.6016
766.6016
805.6641
805.6641
844.7266
844.7266
878.9062
878.9062
917.9687
917.9687
961.9141
961.9141
1015.6250
1015.6250
1083.9844
1083.9844
1176.7578
1176.7578
1289.0625
1289.0625
1381.8359
1381.8359
1440.4297
1440.4297
1450.1953
1450.1953
1416.0156
1416.0156
1337.8906
1337.8906
1230.4687
1230.4687
1108.3984
1108.3984
1000.9766
1000.9766
903.3203
903.3203
820.3125
820.3125
737.3047
737.3047
639.6484
639.6484
507.8125
507.8125
346.6797
346.6797
161.1328
161.1328
0.0000
0.0000
0.0000
0.0000
0.0000
0.0000
0.0000
0.0000
0.0000
0.0000
0.0000
0.0000
0.0000
0.0000
0.0000
0.0000
0.0000
0.0000
0.0000
0.0000
0.0000
0.0000
0.0000
0.0000
0.0000
0.0000
0.0000
0.0000
0.0000
0.0000
0.0000
0.0000
0.0000
0.0000
0.0000
0.0000
0.0000
0.0000
0.0000
0.0000
0.0000
0.0000
0.0000
0.0000
0.0000
0.0000
0.0000
0.0000
0.0000
0.0000
0.0000
0.0000
0.0000
0.0000
0.0000
0.0000
0.0000
0.0000
0.0000
0.0000
39.0625
39.0625
117.1875
117.1875
180.6641
180.6641
229.4922
229.4922
278.3203
278.3203
327.1484
327.1484
371.0937
371.0937
419.9219
419.9219
478.5156
478.5156
532.2266
532.2266
585.9375
585.9375
644.5312
644.5312
717.7734
717.7734
830.0781
830.0781
971.6797
971.6797
1137.6953
1137.6953
1293.9453
1293.9453
1425.7812
1425.7812
1484.3750
1484.3750
1479.4922
1479.4922
1420.8984
1420.8984
1347.6562
1347.6562
1269.5312
1269.5312
1201.1719
1201.1719
1127.9297
1127.9297
1035.1562
1035.1562
893.5547
893.5547
693.3594
693.3594
449.2187
449.2187
190.4297
190.4297
0.0000
0.0000
0.0000
0.0000
0.0000
0.0000
0.0000
0.0000
0.0000
0.0000
0.0000
0.0000
0.0000
0.0000
0.0000
0.0000
0.0000
0.0000
0.0000
0.0000
0.0000
0.0000
0.0000
0.0000
0.0000
0.0000
0.0000
0.0000
0.0000
0.0000
0.0000
0.0000
0.0000
0.0000
0.0000
0.0000
0.0000
0.0000
0.0000
0.0000
0.0000
0.0000
0.0000
0.0000
0.0000
0.0000
0.0000
0.0000
0.0000
0.0000
0.0000
0.0000
0.0000
0.0000
0.0000
0.0000
0.0000
0.0000
73.2422
73.2422
190.4297
190.4297
302.7344
302.7344
405.2734
405.2734
502.9297
502.9297
590.8203
590.8203
664.0625
664.0625
727.5391
727.5391
795.8984
795.8984
854.4922
854.4922
898.4375
898.4375
922.8516
922.8516
947.2656
947.2656
966.7969
966.7969
986.3281
986.3281
1025.3906
1025.3906
1098.6328
1098.6328
1210.9375
1210.9375
1337.8906
1337.8906
1455.0781
1455.0781
1518.5547
1518.5547
1508.7891
1508.7891
1416.0156
1416.0156
1264.6484
1264.6484
1108.3984
1108.3984
991.2109
991.2109
917.9687
917.9687
883.7891
883.7891
854.4922
854.4922
805.6641
805.6641
698.2422
698.2422
537.1094
537.1094
341.7969
341.7969
151.3672
151.3672
0.0000
0.0000
0.0000
0.0000
0.0000
0.0000
0.0000
0.0000
0.0000
0.0000
0.0000
0.0000
0.0000
0.0000
0.0000
0.0000
0.0000
0.0000
0.0000
0.0000
0.0000
0.0000
0.0000
0.0000
0.0000
0.0000
0.0000
0.0000
0.0000
0.0000
0.0000
0.0000
0.0000
0.0000
0.0000
0.0000
0.0000
0.0000
0.0000
0.0000
0.0000
0.0000
0.0000
0.0000
0.0000
0.0000
0.0000
0.0000
0.0000
0.0000
0.0000
0.0000
0.0000
0.0000
0.0000
0.0000
0.0000
0.0000
0.0000
0.0000
92.7734
92.7734
214.8437
214.8437
322.2656
322.2656
429.6875
429.6875
527.3437
527.3437
615.2344
615.2344
698.2422
698.2422
776.3672
776.3672
844.7266
844.7266
908.2031
908.2031
961.9141
961.9141
1030.2734
1030.2734
1118.1641
1118.1641
1230.4687
1230.4687
1362.3047
1362.3047
1503.9062
1503.9062
1621.0937
1621.0937
1674.8047
1674.8047
1669.9219
1669.9219
1601.5625
1601.5625
1513.6719
1513.6719
1406.2500
1406.2500
1293.9453
1293.9453
1171.8750
1171.8750
1020.5078
1020.5078
820.3125
820.3125
571.2891
571.2891
283.2031
283.2031
0.0000
0.0000
0.0000
0.0000
0.0000
0.0000
0.0000
0.0000
0.0000
0.0000
0.0000
0.0000
0.0000
0.0000
0.0000
0.0000
0.0000
0.0000
0.0000
0.0000
0.0000
0.0000
0.0000
0.0000
0.0000
0.0000
0.0000
0.0000
0.0000
0.0000
0.0000
0.0000
0.0000
0.0000
0.0000
0.0000
0.0000
0.0000
0.0000
0.0000
0.0000
0.0000
0.0000
0.0000
0.0000
0.0000
0.0000
0.0000
0.0000
0.0000
0.0000
0.0000
0.0000
0.0000
0.0000
0.0000
4.8828
4.8828
122.0703
122.0703
239.2578
239.2578
356.4453
356.4453
463.8672
463.8672
576.1719
576.1719
693.3594
693.3594
800.7812
800.7812
903.3203
903.3203
1000.9766
1000.9766
1083.9844
1083.9844
1142.5781
1142.5781
1171.8750
1171.8750
1186.5234
1186.5234
1196.2891
1196.2891
1210.9375
1210.9375
1235.3516
1235.3516
1298.8281
1298.8281
1396.4844
1396.4844
1508.7891
1508.7891
1596.6797
1596.6797
1621.0937
1621.0937
1562.5000
1562.5000
1420.8984
1420.8984
1225.5859
1225.5859
1035.1562
1035.1562
883.7891
883.7891
795.8984
795.8984
751.9531
751.9531
708.0078
708.0078
634.7656
634.7656
517.5781
517.5781
351.5625
351.5625
156.2500
156.2500
0.0000
0.0000
0.0000
0.0000
0.0000
0.0000
0.0000
0.0000
0.0000
0.0000
0.0000
0.0000
0.0000
0.0000
0.0000
0.0000
0.0000
0.0000
0.0000
0.0000
0.0000
0.0000
0.0000
0.0000
0.0000
0.0000
0.0000
0.0000
0.0000
0.0000
0.0000
0.0000
0.0000
0.0000
0.0000
0.0000
0.0000
0.0000
0.0000
0.0000
0.0000
0.0000
0.0000
0.0000
0.0000
0.0000
0.0000
0.0000
0.0000
0.0000
0.0000
0.0000
0.0000
0.0000
0.0000
0.0000
0.0000
0.0000
0.0000
0.0000
0.0000
0.0000
0.0000
0.0000
0.0000
0.0000
73.2422
73.2422
200.1953
200.1953
327.1484
327.1484
439.4531
439.4531
546.8750
546.8750
639.6484
639.6484
722.6562
722.6562
800.7812
800.7812
864.2578
864.2578
927.7344
927.7344
1015.6250
1015.6250
1123.0469
1123.0469
1250.0000
1250.0000
1381.8359
1381.8359
1494.1406
1494.1406
1567.3828
1567.3828
1572.2656
1572.2656
1523.4375
1523.4375
1445.3125
1445.3125
1357.4219
1357.4219
1269.5312
1269.5312
1186.5234
1186.5234
1093.7500
1093.7500
996.0937
996.0937
864.2578
864.2578
688.4766
688.4766
483.3984
483.3984
268.5547
268.5547
48.8281
48.8281
0.0000
0.0000
0.0000
0.0000
0.0000
0.0000
0.0000
0.0000
0.0000
0.0000
0.0000
0.0000
0.0000
0.0000
0.0000
0.0000
0.0000
0.0000
0.0000
0.0000
0.0000
0.0000
0.0000
0.0000
0.0000
0.0000
0.0000
0.0000
0.0000
0.0000
0.0000
0.0000
0.0000
0.0000
0.0000
0.0000
0.0000
0.0000
0.0000
0.0000
0.0000
0.0000
0.0000
0.0000
0.0000
0.0000
0.0000
0.0000
0.0000
0.0000
0.0000
0.0000
0.0000
0.0000
63.4766
63.4766
180.6641
180.6641
288.0859
288.0859
395.5078
395.5078
507.8125
507.8125
634.7656
634.7656
761.7187
761.7187
878.9062
878.9062
991.2109
991.2109
1093.7500
1093.7500
1171.8750
1171.8750
1230.4687
1230.4687
1259.7656
1259.7656
1284.1797
1284.1797
1289.0625
1289.0625
1293.9453
1293.9453
1303.7109
1303.7109
1347.6562
1347.6562
1411.1328
1411.1328
1469.7266
1469.7266
1499.0234
1499.0234
1479.4922
1479.4922
1391.6016
1391.6016
1230.4687
1230.4687
1035.1562
1035.1562
844.7266
844.7266
703.1250
703.1250
610.3516
610.3516
561.5234
561.5234
537.1094
537.1094
512.6953
512.6953
454.1016
454.1016
346.6797
346.6797
205.0781
205.0781
48.8281
48.8281
0.0000
0.0000
0.0000
0.0000
0.0000
0.0000
0.0000
0.0000
0.0000
0.0000
0.0000
0.0000
0.0000
0.0000
0.0000
0.0000
0.0000
0.0000
0.0000
0.0000
0.0000
0.0000
0.0000
0.0000
0.0000
0.0000
0.0000
0.0000
0.0000
0.0000
0.0000
0.0000
0.0000
0.0000
0.0000
0.0000
0.0000
0.0000
0.0000
0.0000
0.0000
0.0000
0.0000
0.0000
0.0000
0.0000
0.0000
0.0000
0.0000
0.0000
0.0000
0.0000
0.0000
0.0000
0.0000
0.0000
0.0000
0.0000
0.0000
0.0000
0.0000
0.0000
0.0000
0.0000
0.0000
0.0000
39.0625
39.0625
126.9531
126.9531
209.9609
209.9609
292.9687
292.9687
375.9766
375.9766
458.9844
458.9844
527.3437
527.3437
590.8203
590.8203
654.2969
654.2969
717.7734
717.7734
791.0156
791.0156
893.5547
893.5547
1010.7422
1127.9297
1127.9297
1206.0547
1206.0547
1225.5859
1225.5859
1201.1719
1201.1719
1201.1719
1132.8125
1132.8125
1040.0391
1040.0391
942.3828
942.3828
854.4922
854.4922
781.2500
708.0078
708.0078
610.3516
610.3516
473.6328
473.6328
297.8516
297.8516
297.8516
92.7734
92.7734
0.0000
0.0000
0.0000
0.0000
0.0000
0.0000
0.0000
0.0000
0.0000
0.0000
0.0000
0.0000
0.0000
0.0000
0.0000
0.0000
0.0000
0.0000
0.0000
0.0000
0.0000
0.0000
0.0000
0.0000
0.0000
0.0000
0.0000
0.0000
0.0000
0.0000
0.0000
0.0000
0.0000
0.0000
0.0000
0.0000
0.0000
0.0000
0.0000
0.0000
0.0000
0.0000
0.0000
0.0000
0.0000
0.0000
0.0000
0.0000
0.0000
0.0000
0.0000
29.2969
29.2969
131.8359
131.8359
234.3750
234.3750
322.2656
322.2656
400.3906
400.3906
483.3984
483.3984
566.4062
566.4062
649.4141
649.4141
722.6562
722.6562
800.7812
800.7812
888.6719
888.6719
971.6797
971.6797
1040.0391
1040.0391
1103.5156
1103.5156
1162.1094
1162.1094
1210.9375
1210.9375
1240.2344
1240.2344
1264.6484
1264.6484
1303.7109
1303.7109
1362.3047
1362.3047
1425.7812
1425.7812
1469.7266
1469.7266
1459.9609
1459.9609
1362.3047
1362.3047
1166.9922
1166.9922
917.9687
917.9687
683.5937
683.5937
507.8125
507.8125
405.2734
405.2734
356.4453
356.4453
332.0312
332.0312
312.5000
312.5000
263.6719
263.6719
180.6641
180.6641
78.1250
78.1250
0.0000
0.0000
0.0000
0.0000
0.0000
0.0000
0.0000
0.0000
0.0000
0.0000
0.0000
0.0000
0.0000
0.0000
0.0000
0.0000
0.0000
0.0000
0.0000
0.0000
0.0000
0.0000
0.0000
0.0000
0.0000
0.0000
0.0000
0.0000
0.0000
0.0000
0.0000
0.0000
0.0000
0.0000
0.0000
0.0000
0.0000
0.0000
0.0000
0.0000
0.0000
0.0000
0.0000
0.0000
0.0000
0.0000
0.0000
0.0000
0.0000
0.0000
0.0000
0.0000
0.0000
0.0000
9.7656
9.7656
53.7109
53.7109
97.6562
97.6562
141.6016
141.6016
175.7812
175.7812
214.8437
214.8437
258.7891
258.7891
307.6172
307.6172
356.4453
356.4453
405.2734
405.2734
463.8672
463.8672
541.9922
541.9922
625.0000
625.0000
712.8906
712.8906
810.5469
810.5469
913.0859
913.0859
1025.3906
1025.3906
1142.5781
1142.5781
1279.2969
1279.2969
1445.3125
1445.3125
1621.0937
1621.0937
1767.5781
1767.5781
1855.4687
1855.4687
1875.0000
1875.0000
1826.1719
1826.1719
1713.8672
1713.8672
1577.1484
1577.1484
1435.5469
1435.5469
1318.3594
1318.3594
1191.4062
1191.4062
1044.9219
1044.9219
854.4922
854.4922
625.0000
625.0000
356.4453
356.4453
73.2422
73.2422
0.0000
0.0000
0.0000
0.0000
0.0000
0.0000
0.0000
0.0000
0.0000
0.0000
0.0000
0.0000
0.0000
0.0000
0.0000
0.0000
0.0000
0.0000
0.0000
0.0000
0.0000
0.0000
0.0000
0.0000
0.0000
0.0000
0.0000
0.0000
0.0000
0.0000
0.0000
0.0000
0.0000
0.0000
0.0000
0.0000
0.0000
0.0000
0.0000
0.0000
0.0000
0.0000
0.0000
0.0000
0.0000
0.0000
0.0000
0.0000
0.0000
0.0000
0.0000
0.0000
0.0000
0.0000
0.0000
0.0000
0.0000
0.0000
58.5937
58.5937
117.1875
117.1875
175.7812
175.7812
224.6094
224.6094
268.5547
268.5547
317.3828
317.3828
371.0937
371.0937
429.6875
429.6875
488.2812
488.2812
556.6406
556.6406
634.7656
634.7656
708.0078
708.0078
781.2500
781.2500
849.6094
849.6094
937.5000
937.5000
1040.0391
1040.0391
1142.5781
1142.5781
1225.5859
1225.5859
1269.5312
1269.5312
1254.8828
1254.8828
1166.9922
1166.9922
1010.7422
1010.7422
825.1953
825.1953
649.4141
649.4141
493.1641
493.1641
375.9766
375.9766
278.3203
278.3203
190.4297
190.4297
83.0078
83.0078
0.0000
0.0000
0.0000
0.0000
0.0000
0.0000
0.0000
0.0000
0.0000
0.0000
0.0000
0.0000
0.0000
0.0000
0.0000
0.0000
0.0000
0.0000
0.0000
0.0000
0.0000
0.0000
0.0000
0.0000
0.0000
0.0000
0.0000
0.0000
0.0000
0.0000
0.0000
0.0000
0.0000
0.0000
0.0000
0.0000
0.0000
0.0000
0.0000
0.0000
0.0000
0.0000
0.0000
0.0000
0.0000
0.0000
0.0000
0.0000
0.0000
0.0000
0.0000
0.0000
0.0000
0.0000
0.0000
0.0000
0.0000
0.0000
9.7656
9.7656
107.4219
107.4219
205.0781
205.0781
292.9687
292.9687
366.2109
366.2109
429.6875
429.6875
493.1641
493.1641
561.5234
561.5234
625.0000
625.0000
683.5937
683.5937
737.3047
737.3047
805.6641
805.6641
878.9062
878.9062
952.1484
952.1484
1025.3906
1025.3906
1113.2812
1113.2812
1206.0547
1206.0547
1308.5937
1308.5937
1430.6641
1430.6641
1582.0312
1582.0312
1733.3984
1733.3984
1840.8203
1840.8203
1889.6484
1889.6484
1865.2344
1865.2344
1782.2266
1782.2266
1645.5078
1645.5078
1494.1406
1494.1406
1347.6562
1347.6562
1215.8203
1215.8203
1059.5703
1059.5703
859.3750
859.3750
610.3516
610.3516
341.7969
341.7969
53.7109
53.7109
0.0000
0.0000
0.0000
0.0000
0.0000
0.0000
0.0000
0.0000
0.0000
0.0000
0.0000
0.0000
0.0000
0.0000
0.0000
0.0000
0.0000
0.0000
0.0000
0.0000
0.0000
0.0000
0.0000
0.0000
0.0000
0.0000
0.0000
0.0000
0.0000
0.0000
0.0000
0.0000
0.0000
0.0000
0.0000
0.0000
0.0000
0.0000
0.0000
0.0000
0.0000
0.0000
0.0000
0.0000
0.0000
0.0000
0.0000
0.0000
0.0000
0.0000
0.0000
0.0000
0.0000
0.0000
0.0000
0.0000
0.0000
0.0000
0.0000
0.0000
102.5391
102.5391
209.9609
209.9609
312.5000
312.5000
400.3906
400.3906
483.3984
483.3984
566.4062
566.4062
654.2969
654.2969
727.5391
727.5391
791.0156
791.0156
834.9609
834.9609
874.0234
874.0234
893.5547
893.5547
913.0859
913.0859
937.5000
937.5000
1000.9766
1000.9766
1098.6328
1098.6328
1225.5859
1225.5859
1357.4219
1357.4219
1459.9609
1459.9609
1494.1406
1494.1406
1430.6641
1430.6641
1274.4141
1274.4141
1069.3359
1069.3359
874.0234
874.0234
717.7734
717.7734
610.3516
610.3516
541.9922
541.9922
483.3984
483.3984
385.7422
385.7422
244.1406
244.1406
73.2422
73.2422
0.0000
0.0000
0.0000
0.0000
0.0000
0.0000
0.0000
0.0000
0.0000
0.0000
0.0000
0.0000
0.0000
0.0000
0.0000
0.0000
0.0000
0.0000
0.0000
0.0000
0.0000
0.0000
0.0000
0.0000
0.0000
0.0000
0.0000
0.0000
0.0000
0.0000
0.0000
0.0000
0.0000
0.0000
0.0000
0.0000
0.0000
0.0000
0.0000
0.0000
0.0000
0.0000
0.0000
0.0000
0.0000
0.0000
0.0000
0.0000
0.0000
0.0000
0.0000
0.0000
0.0000
0.0000
0.0000
0.0000
0.0000
0.0000
0.0000
0.0000
43.9453
43.9453
141.6016
141.6016
224.6094
224.6094
307.6172
307.6172
385.7422
385.7422
454.1016
454.1016
512.6953
512.6953
561.5234
561.5234
615.2344
615.2344
664.0625
664.0625
703.1250
703.1250
742.1875
742.1875
800.7812
800.7812
883.7891
883.7891
996.0937
996.0937
1142.5781
1142.5781
1308.5937
1308.5937
1459.9609
1459.9609
1567.3828
1567.3828
1606.4453
1606.4453
1591.7969
1591.7969
1538.0859
1538.0859
1455.0781
1455.0781
1362.3047
1362.3047
1269.5312
1269.5312
1181.6406
1181.6406
1064.4531
1064.4531
903.3203
903.3203
703.1250
703.1250
468.7500
468.7500
214.8437
214.8437
0.0000
0.0000
0.0000
0.0000
0.0000
0.0000
0.0000
0.0000
0.0000
0.0000
0.0000
0.0000
0.0000
0.0000
0.0000
0.0000
0.0000
0.0000
0.0000
0.0000
0.0000
0.0000
0.0000
0.0000
0.0000
0.0000
0.0000
0.0000
0.0000
0.0000
0.0000
0.0000
0.0000
0.0000
0.0000
0.0000
0.0000
0.0000
0.0000
0.0000
0.0000
0.0000
0.0000
0.0000
0.0000
0.0000
0.0000
0.0000
0.0000
0.0000
0.0000
0.0000
0.0000
0.0000
0.0000
0.0000
0.0000
0.0000
87.8906
87.8906
209.9609
209.9609
322.2656
322.2656
429.6875
429.6875
517.5781
517.5781
590.8203
590.8203
654.2969
654.2969
722.6562
722.6562
776.3672
776.3672
820.3125
820.3125
859.3750
859.3750
893.5547
893.5547
913.0859
913.0859
927.7344
927.7344
947.2656
947.2656
986.3281
986.3281
1064.4531
1064.4531
1176.7578
1176.7578
1328.1250
1328.1250
1494.1406
1494.1406
1640.6250
1640.6250
1718.7500
1718.7500
1699.2187
1699.2187
1577.1484
1577.1484
1376.9531
1376.9531
1137.6953
1137.6953
917.9687
917.9687
747.0703
747.0703
639.6484
639.6484
561.5234
561.5234
468.7500
468.7500
336.9141
336.9141
170.8984
170.8984
0.0000
0.0000
0.0000
0.0000
0.0000
0.0000
0.0000
0.0000
0.0000
0.0000
0.0000
0.0000
0.0000
0.0000
0.0000
0.0000
0.0000
0.0000
0.0000
0.0000
0.0000
0.0000
0.0000
0.0000
0.0000
0.0000
0.0000
0.0000
0.0000
0.0000
0.0000
0.0000
0.0000
0.0000
0.0000
0.0000
0.0000
0.0000
0.0000
0.0000
0.0000
0.0000
0.0000
0.0000
0.0000
0.0000
0.0000
0.0000
0.0000
0.0000
0.0000
0.0000
0.0000
0.0000
0.0000
0.0000
0.0000
0.0000
0.0000
0.0000
0.0000
0.0000
0.0000
0.0000
0.0000
0.0000
0.0000
0.0000
58.5937
58.5937
151.3672
224.6094
224.6094
292.9687
292.9687
346.6797
346.6797
385.7422
385.7422
424.8047
424.8047
424.8047
473.6328
473.6328
522.4609
522.4609
581.0547
581.0547
654.2969
756.8359
756.8359
893.5547
893.5547
1054.6875
1054.6875
1220.7031
1220.7031
1362.3047
1362.3047
1362.3047
1459.9609
1489.2578
1489.2578
1455.0781
1455.0781
1372.0703
1372.0703
1279.2969
1279.2969
1171.8750
1171.8750
1054.6875
1054.6875
913.0859
913.0859
737.3047
737.3047
507.8125
507.8125
239.2578
239.2578
0.0000
0.0000
0.0000
0.0000
0.0000
0.0000
0.0000
0.0000
0.0000
0.0000
0.0000
0.0000
0.0000
0.0000
0.0000
0.0000
0.0000
0.0000
0.0000
0.0000
0.0000
0.0000
0.0000
0.0000
0.0000
0.0000
0.0000
0.0000
0.0000
0.0000
0.0000
0.0000
0.0000
0.0000
0.0000
0.0000
0.0000
0.0000
0.0000
0.0000
0.0000
0.0000
0.0000
0.0000
0.0000
0.0000
0.0000
0.0000
0.0000
0.0000
0.0000
0.0000
0.0000
0.0000
0.0000
0.0000
0.0000
0.0000
0.0000
0.0000
53.7109
53.7109
170.8984
170.8984
278.3203
278.3203
385.7422
385.7422
483.3984
483.3984
585.9375
585.9375
668.9453
668.9453
742.1875
742.1875
800.7812
800.7812
854.4922
854.4922
893.5547
893.5547
917.9687
917.9687
932.6172
932.6172
952.1484
952.1484
971.6797
971.6797
1005.8594
1005.8594
1064.4531
1064.4531
1162.1094
1162.1094
1284.1797
1284.1797
1401.3672
1401.3672
1479.4922
1479.4922
1489.2578
1489.2578
1420.8984
1420.8984
1289.0625
1289.0625
1123.0469
1123.0469
976.5625
976.5625
883.7891
883.7891
825.1953
825.1953
781.2500
781.2500
712.8906
712.8906
610.3516
610.3516
444.3359
444.3359
239.2578
239.2578
14.6484
14.6484
0.0000
0.0000
0.0000
0.0000
0.0000
0.0000
0.0000
0.0000
0.0000
0.0000
0.0000
0.0000
0.0000
0.0000
0.0000
0.0000
0.0000
0.0000
0.0000
0.0000
0.0000
0.0000
0.0000
0.0000
0.0000
0.0000
0.0000
0.0000
0.0000
0.0000
0.0000
0.0000
0.0000
0.0000
0.0000
0.0000
0.0000
0.0000
0.0000
0.0000
0.0000
0.0000
0.0000
0.0000
0.0000
0.0000
0.0000
0.0000
0.0000
0.0000
0.0000
0.0000
0.0000
0.0000
0.0000
0.0000
0.0000
0.0000
0.0000
0.0000
0.0000
0.0000
0.0000
0.0000
117.1875
117.1875
229.4922
229.4922
332.0312
332.0312
415.0391
415.0391
483.3984
483.3984
541.9922
541.9922
600.5859
600.5859
649.4141
649.4141
688.4766
688.4766
722.6562
722.6562
761.7187
761.7187
815.4297
815.4297
893.5547
893.5547
1005.8594
1005.8594
1142.5781
1142.5781
1274.4141
1274.4141
1372.0703
1372.0703
1416.0156
1416.0156
1420.8984
1420.8984
1396.4844
1396.4844
1362.3047
1362.3047
1328.1250
1328.1250
1289.0625
1289.0625
1245.1172
1245.1172
1162.1094
1162.1094
1025.3906
1025.3906
839.8437
839.8437
620.1172
620.1172
371.0937
371.0937
126.9531
126.9531
0.0000
0.0000
0.0000
0.0000
0.0000
0.0000
0.0000
0.0000
0.0000
0.0000
0.0000
0.0000
0.0000
0.0000
0.0000
0.0000
0.0000
0.0000
0.0000
0.0000
0.0000
0.0000
0.0000
0.0000
0.0000
0.0000
0.0000
0.0000
0.0000
0.0000
0.0000
0.0000
0.0000
0.0000
0.0000
0.0000
0.0000
0.0000
0.0000
0.0000
0.0000
0.0000
0.0000
0.0000
0.0000
0.0000
0.0000
0.0000
0.0000
0.0000
0.0000
0.0000
0.0000
0.0000
0.0000
0.0000
107.4219
107.4219
234.3750
234.3750
366.2109
366.2109
502.9297
502.9297
634.7656
634.7656
761.7187
761.7187
888.6719
888.6719
1010.7422
1010.7422
1108.3984
1108.3984
1181.6406
1181.6406
1230.4687
1230.4687
1264.6484
1264.6484
1274.4141
1274.4141
1269.5312
1269.5312
1259.7656
1259.7656
1279.2969
1279.2969
1323.2422
1323.2422
1386.7187
1386.7187
1455.0781
1455.0781
1508.7891
1508.7891
1513.6719
1513.6719
1445.3125
1445.3125
1303.7109
1303.7109
1123.0469
1123.0469
957.0312
957.0312
820.3125
820.3125
732.4219
732.4219
688.4766
688.4766
678.7109
678.7109
659.1797
659.1797
605.4687
605.4687
512.6953
512.6953
385.7422
385.7422
239.2578
239.2578
83.0078
83.0078
0.0000
0.0000
0.0000
0.0000
0.0000
0.0000
0.0000
0.0000
0.0000
0.0000
0.0000
0.0000
0.0000
0.0000
0.0000
0.0000
0.0000
0.0000
0.0000
0.0000
0.0000
0.0000
0.0000
0.0000
0.0000
0.0000
0.0000
0.0000
0.0000
0.0000
0.0000
0.0000
0.0000
0.0000
0.0000
0.0000
0.0000
0.0000
0.0000
0.0000
0.0000
0.0000
0.0000
0.0000
0.0000
0.0000
0.0000
0.0000
0.0000
0.0000
0.0000
0.0000
0.0000
0.0000
0.0000
0.0000
0.0000
0.0000
0.0000
0.0000
63.4766
63.4766
180.6641
180.6641
288.0859
288.0859
385.7422
385.7422
483.3984
483.3984
581.0547
581.0547
668.9453
668.9453
742.1875
742.1875
810.5469
810.5469
878.9062
878.9062
942.3828
942.3828
996.0937
996.0937
1049.8047
1049.8047
1118.1641
1118.1641
1210.9375
1210.9375
1328.1250
1328.1250
1455.0781
1455.0781
1577.1484
1577.1484
1660.1562
1660.1562
1679.6875
1679.6875
1625.9766
1625.9766
1528.3203
1528.3203
1416.0156
1416.0156
1298.8281
1298.8281
1181.6406
1181.6406
1054.6875
1054.6875
903.3203
903.3203
688.4766
688.4766
419.9219
419.9219
117.1875
117.1875
0.0000
0.0000
0.0000
0.0000
0.0000
0.0000
0.0000
0.0000
0.0000
0.0000
0.0000
0.0000
0.0000
0.0000
0.0000
0.0000
0.0000
0.0000
0.0000
0.0000
0.0000
0.0000
0.0000
0.0000
0.0000
0.0000
0.0000
0.0000
0.0000
0.0000
0.0000
0.0000
0.0000
0.0000
0.0000
0.0000
0.0000
0.0000
0.0000
0.0000
0.0000
0.0000
0.0000
0.0000
0.0000
0.0000
0.0000
0.0000
0.0000
0.0000
0.0000
0.0000
0.0000
0.0000
0.0000
0.0000
0.0000
0.0000
0.0000
0.0000
9.7656
9.7656
97.6562
97.6562
190.4297
190.4297
288.0859
288.0859
390.6250
390.6250
488.2812
488.2812
571.2891
571.2891
644.5312
644.5312
712.8906
712.8906
766.6016
766.6016
810.5469
810.5469
844.7266
844.7266
878.9062
878.9062
913.0859
913.0859
952.1484
952.1484
1010.7422
1010.7422
1093.7500
1093.7500
1201.1719
1201.1719
1293.9453
1293.9453
1347.6562
1347.6562
1342.7734
1342.7734
1269.5312
1269.5312
1137.6953
1137.6953
986.3281
986.3281
854.4922
854.4922
781.2500
781.2500
742.1875
742.1875
732.4219
732.4219
717.7734
717.7734
668.9453
668.9453
566.4062
566.4062
415.0391
415.0391
234.3750
234.3750
53.7109
53.7109
0.0000
0.0000
0.0000
0.0000
0.0000
0.0000
0.0000
0.0000
0.0000
0.0000
0.0000
0.0000
0.0000
0.0000
0.0000
0.0000
0.0000
0.0000
0.0000
0.0000
0.0000
0.0000
0.0000
0.0000
0.0000
0.0000
0.0000
0.0000
0.0000
0.0000
0.0000
0.0000
0.0000
0.0000
0.0000
0.0000
0.0000
0.0000
0.0000
0.0000
0.0000
0.0000
0.0000
0.0000
0.0000
0.0000
0.0000
0.0000
0.0000
0.0000
0.0000
0.0000
0.0000
0.0000
0.0000
0.0000
0.0000
0.0000
0.0000
0.0000
0.0000
0.0000
9.7656
9.7656
122.0703
122.0703
239.2578
239.2578
336.9141
336.9141
419.9219
419.9219
493.1641
493.1641
561.5234
561.5234
610.3516
610.3516
649.4141
649.4141
678.7109
678.7109
712.8906
712.8906
751.9531
751.9531
800.7812
800.7812
869.1406
869.1406
966.7969
966.7969
1064.4531
1064.4531
1132.8125
1132.8125
1166.9922
1166.9922
1171.8750
1171.8750
1157.2266
1157.2266
1127.9297
1127.9297
1093.7500
1093.7500
1069.3359
1069.3359
1049.8047
1049.8047
1000.9766
1000.9766
917.9687
917.9687
805.6641
805.6641
664.0625
664.0625
488.2812
488.2812
292.9687
292.9687
83.0078
83.0078
0.0000
0.0000
0.0000
0.0000
0.0000
0.0000
0.0000
0.0000
0.0000
0.0000
0.0000
0.0000
0.0000
0.0000
0.0000
0.0000
0.0000
0.0000
0.0000
0.0000
0.0000
0.0000
0.0000
0.0000
0.0000
0.0000
0.0000
0.0000
0.0000
0.0000
0.0000
0.0000
0.0000
0.0000
0.0000
0.0000
0.0000
0.0000
0.0000
0.0000
0.0000
0.0000
0.0000
0.0000
0.0000
0.0000
0.0000
0.0000
0.0000
0.0000
0.0000
0.0000
0.0000
0.0000
48.8281
48.8281
136.7187
136.7187
234.3750
234.3750
336.9141
336.9141
434.5703
434.5703
522.4609
522.4609
615.2344
615.2344
708.0078
708.0078
791.0156
791.0156
864.2578
864.2578
932.6172
932.6172
996.0937
996.0937
1040.0391
1040.0391
1059.5703
1059.5703
1059.5703
1059.5703
1049.8047
1049.8047
1035.1562
1035.1562
1030.2734
1030.2734
1049.8047
1049.8047
1098.6328
1098.6328
1162.1094
1162.1094
1206.0547
1206.0547
1191.4062
1191.4062
1108.3984
1108.3984
976.5625
976.5625
820.3125
820.3125
683.5937
683.5937
600.5859
600.5859
576.1719
576.1719
571.2891
571.2891
571.2891
571.2891
537.1094
537.1094
468.7500
356.4453
356.4453
209.9609
209.9609
58.5937
58.5937
0.0000
0.0000
0.0000
0.0000
0.0000
0.0000
0.0000
0.0000
0.0000
0.0000
0.0000
0.0000
0.0000
0.0000
0.0000
0.0000
0.0000
0.0000
0.0000
0.0000
0.0000
0.0000
0.0000
0.0000
0.0000
0.0000
0.0000
0.0000
0.0000
0.0000
0.0000
0.0000
0.0000
0.0000
0.0000
0.0000
0.0000
0.0000
0.0000
0.0000
0.0000
0.0000
0.0000
0.0000
0.0000
0.0000
0.0000
0.0000
0.0000
0.0000
0.0000
0.0000
0.0000
0.0000
0.0000
0.0000
0.0000
0.0000
0.0000
0.0000
39.0625
39.0625
112.3047
112.3047
190.4297
190.4297
278.3203
278.3203
380.8594
380.8594
483.3984
483.3984
576.1719
576.1719
664.0625
664.0625
761.7187
761.7187
844.7266
844.7266
917.9687
917.9687
991.2109
991.2109
1093.7500
1093.7500
1215.8203
1215.8203
1352.5391
1352.5391
1479.4922
1479.4922
1567.3828
1567.3828
1601.5625
1601.5625
1552.7344
1552.7344
1455.0781
1455.0781
1333.0078
1333.0078
1220.7031
1220.7031
1113.2812
1113.2812
1015.6250
1015.6250
898.4375
898.4375
751.9531
751.9531
551.7578
551.7578
307.6172
307.6172
43.9453
43.9453
0.0000
0.0000
0.0000
0.0000
0.0000
0.0000
0.0000
0.0000
0.0000
0.0000
0.0000
0.0000
0.0000
0.0000
0.0000
0.0000
0.0000
0.0000
0.0000
0.0000
0.0000
0.0000
0.0000
0.0000
0.0000
0.0000
0.0000
0.0000
0.0000
0.0000
0.0000
0.0000
0.0000
0.0000
0.0000
0.0000
0.0000
0.0000
0.0000
0.0000
0.0000
0.0000
0.0000
0.0000
0.0000
0.0000
0.0000
0.0000
0.0000
0.0000
0.0000
0.0000
0.0000
0.0000
0.0000
0.0000
73.2422
73.2422
156.2500
156.2500
239.2578
239.2578
317.3828
317.3828
395.5078
395.5078
483.3984
483.3984
585.9375
585.9375
688.4766
688.4766
791.0156
791.0156
883.7891
883.7891
966.7969
966.7969
1035.1562
1035.1562
1079.1016
1079.1016
1103.5156
1103.5156
1127.9297
1127.9297
1157.2266
1157.2266
1191.4062
1191.4062
1240.2344
1240.2344
1293.9453
1293.9453
1318.3594
1318.3594
1284.1797
1284.1797
1176.7578
1176.7578
1025.3906
1025.3906
859.3750
859.3750
717.7734
717.7734
625.0000
625.0000
581.0547
581.0547
576.1719
576.1719
571.2891
571.2891
537.1094
537.1094
473.6328
473.6328
380.8594
380.8594
258.7891
258.7891
131.8359
131.8359
0.0000
0.0000
0.0000
0.0000
0.0000
0.0000
0.0000
0.0000
0.0000
0.0000
0.0000
0.0000
0.0000
0.0000
0.0000
0.0000
0.0000
0.0000
0.0000
0.0000
0.0000
0.0000
0.0000
0.0000
0.0000
0.0000
0.0000
0.0000
0.0000
0.0000
0.0000
0.0000
0.0000
0.0000
0.0000
0.0000
0.0000
0.0000
0.0000
0.0000
0.0000
0.0000
0.0000
0.0000
0.0000
0.0000
0.0000
0.0000
0.0000
0.0000
0.0000
0.0000
0.0000
0.0000
0.0000
0.0000
0.0000
0.0000
0.0000
0.0000
0.0000
0.0000
4.8828
4.8828
83.0078
83.0078
166.0156
166.0156
253.9062
253.9062
356.4453
356.4453
454.1016
454.1016
551.7578
551.7578
644.5312
644.5312
742.1875
742.1875
830.0781
830.0781
913.0859
913.0859
1000.9766
1000.9766
1113.2812
1113.2812
1245.1172
1245.1172
1381.8359
1381.8359
1503.9062
1503.9062
1586.9141
1586.9141
1606.4453
1606.4453
1552.7344
1552.7344
1455.0781
1455.0781
1337.8906
1337.8906
1235.3516
1235.3516
1132.8125
1132.8125
1030.2734
1030.2734
898.4375
898.4375
727.5391
727.5391
507.8125
507.8125
258.7891
258.7891
0.0000
0.0000
0.0000
0.0000
0.0000
0.0000
0.0000
0.0000
0.0000
0.0000
0.0000
0.0000
0.0000
0.0000
0.0000
0.0000
0.0000
0.0000
0.0000
0.0000
0.0000
0.0000
0.0000
0.0000
0.0000
0.0000
0.0000
0.0000
0.0000
0.0000
0.0000
0.0000
0.0000
0.0000
0.0000
0.0000
0.0000
0.0000
0.0000
0.0000
0.0000
0.0000
0.0000
0.0000
0.0000
0.0000
0.0000
0.0000
0.0000
0.0000
0.0000
0.0000
0.0000
0.0000
0.0000
0.0000
0.0000
0.0000
14.6484
14.6484
107.4219
107.4219
195.3125
195.3125
268.5547
268.5547
332.0312
332.0312
405.2734
405.2734
483.3984
483.3984
551.7578
551.7578
615.2344
615.2344
673.8281
673.8281
732.4219
732.4219
781.2500
781.2500
825.1953
825.1953
869.1406
869.1406
932.6172
932.6172
1005.8594
1005.8594
1098.6328
1098.6328
1206.0547
1206.0547
1313.4766
1313.4766
1391.6016
1391.6016
1396.4844
1396.4844
1318.3594
1318.3594
1176.7578
1176.7578
1015.6250
1015.6250
859.3750
859.3750
751.9531
751.9531
698.2422
698.2422
678.7109
678.7109
654.2969
654.2969
595.7031
595.7031
498.0469
498.0469
366.2109
366.2109
209.9609
209.9609
48.8281
48.8281
0.0000
0.0000
0.0000
0.0000
0.0000
0.0000
0.0000
0.0000
0.0000
0.0000
0.0000
0.0000
0.0000
0.0000
0.0000
0.0000
0.0000
0.0000
0.0000
0.0000
0.0000
0.0000
0.0000
0.0000
0.0000
0.0000
0.0000
0.0000
0.0000
0.0000
0.0000
0.0000
0.0000
0.0000
0.0000
0.0000
0.0000
0.0000
0.0000
0.0000
0.0000
0.0000
0.0000
0.0000
0.0000
0.0000
0.0000
0.0000
0.0000
0.0000
0.0000
0.0000
0.0000
0.0000
0.0000
0.0000
0.0000
0.0000
39.0625
39.0625
117.1875
117.1875
195.3125
195.3125
258.7891
258.7891
317.3828
317.3828
380.8594
380.8594
449.2187
449.2187
512.6953
512.6953
576.1719
576.1719
644.5312
644.5312
722.6562
722.6562
805.6641
805.6641
903.3203
903.3203
1020.5078
1020.5078
1171.8750
1171.8750
1337.8906
1337.8906
1494.1406
1494.1406
1616.2109
1616.2109
1689.4531
1689.4531
1704.1016
1704.1016
1665.0391
1665.0391
1591.7969
1591.7969
1503.9062
1503.9062
1420.8984
1420.8984
1323.2422
1323.2422
1201.1719
1201.1719
1054.6875
1054.6875
869.1406
869.1406
639.6484
639.6484
395.5078
395.5078
151.3672
151.3672
0.0000
0.0000
0.0000
0.0000
0.0000
0.0000
0.0000
0.0000
0.0000
0.0000
0.0000
0.0000
0.0000
0.0000
0.0000
0.0000
0.0000
0.0000
0.0000
0.0000
0.0000
0.0000
0.0000
0.0000
0.0000
0.0000
0.0000
0.0000
0.0000
0.0000
0.0000
0.0000
0.0000
0.0000
0.0000
0.0000
0.0000
0.0000
0.0000
0.0000
0.0000
0.0000
0.0000
0.0000
0.0000
0.0000
0.0000
0.0000
0.0000
0.0000
0.0000
0.0000
0.0000
0.0000
0.0000
0.0000
107.4219
107.4219
209.9609
209.9609
307.6172
307.6172
385.7422
385.7422
458.9844
458.9844
537.1094
537.1094
610.3516
610.3516
673.8281
673.8281
727.5391
727.5391
771.4844
771.4844
825.1953
825.1953
864.2578
864.2578
903.3203
903.3203
952.1484
952.1484
1025.3906
1025.3906
1123.0469
1123.0469
1240.2344
1240.2344
1362.3047
1362.3047
1469.7266
1469.7266
1508.7891
1508.7891
1455.0781
1455.0781
1313.4766
1313.4766
1147.4609
1147.4609
986.3281
986.3281
864.2578
864.2578
786.1328
786.1328
742.1875
742.1875
703.1250
703.1250
629.8828
629.8828
512.6953
512.6953
361.3281
361.3281
205.0781
205.0781
39.0625
39.0625
0.0000
0.0000
0.0000
0.0000
0.0000
0.0000
0.0000
0.0000
0.0000
0.0000
0.0000
0.0000
0.0000
0.0000
0.0000
0.0000
0.0000
0.0000
0.0000
0.0000
0.0000
0.0000
0.0000
0.0000
0.0000
0.0000
0.0000
0.0000
0.0000
0.0000
0.0000
0.0000
0.0000
0.0000
0.0000
0.0000
0.0000
0.0000
0.0000
0.0000
0.0000
0.0000
0.0000
0.0000
0.0000
0.0000
0.0000
0.0000
0.0000
0.0000
0.0000
0.0000
0.0000
0.0000
0.0000
0.0000
112.3047
112.3047
214.8437
214.8437
307.6172
307.6172
405.2734
405.2734
493.1641
493.1641
561.5234
561.5234
610.3516
610.3516
659.1797
659.1797
708.0078
708.0078
751.9531
751.9531
800.7812
800.7812
859.3750
859.3750
927.7344
927.7344
996.0937
996.0937
1083.9844
1083.9844
1196.2891
1196.2891
1347.6562
1347.6562
1518.5547
1518.5547
1669.9219
1669.9219
1772.4609
1772.4609
1811.5234
1811.5234
1777.3437
1777.3437
1684.5703
1684.5703
1562.5000
1562.5000
1445.3125
1445.3125
1337.8906
1337.8906
1210.9375
1210.9375
1040.0391
1040.0391
815.4297
815.4297
537.1094
537.1094
234.3750
234.3750
0.0000
0.0000
0.0000
0.0000
0.0000
0.0000
0.0000
0.0000
0.0000
0.0000
0.0000
0.0000
0.0000
0.0000
0.0000
0.0000
0.0000
0.0000
0.0000
0.0000
0.0000
0.0000
0.0000
0.0000
0.0000
0.0000
0.0000
0.0000
0.0000
0.0000
0.0000
0.0000
0.0000
0.0000
0.0000
0.0000
0.0000
0.0000
0.0000
0.0000
0.0000
0.0000
0.0000
0.0000
0.0000
0.0000
0.0000
0.0000
0.0000
0.0000
0.0000
0.0000
0.0000
0.0000
0.0000
0.0000
0.0000
0.0000
0.0000
0.0000
14.6484
14.6484
122.0703
122.0703
224.6094
224.6094
317.3828
317.3828
405.2734
405.2734
488.2812
488.2812
561.5234
561.5234
625.0000
625.0000
673.8281
673.8281
717.7734
717.7734
761.7187
761.7187
800.7812
800.7812
834.9609
834.9609
888.6719
971.6797
971.6797
1079.1016
1079.1016
1201.1719
1201.1719
1298.8281
1298.8281
1298.8281
1333.0078
1333.0078
1264.6484
1264.6484
1118.1641
1118.1641
937.5000
937.5000
791.0156
703.1250
703.1250
649.4141
649.4141
600.5859
600.5859
527.3437
527.3437
405.2734
405.2734
405.2734
229.4922
229.4922
19.5312
19.5312
0.0000
0.0000
0.0000
0.0000
0.0000
0.0000
0.0000
0.0000
0.0000
0.0000
0.0000
0.0000
0.0000
0.0000
0.0000
0.0000
0.0000
0.0000
0.0000
0.0000
0.0000
0.0000
0.0000
0.0000
0.0000
0.0000
0.0000
0.0000
0.0000
0.0000
0.0000
0.0000
0.0000
0.0000
0.0000
0.0000
0.0000
0.0000
0.0000
0.0000
0.0000
0.0000
0.0000
0.0000
0.0000
0.0000
0.0000
0.0000
0.0000
0.0000
0.0000
0.0000
0.0000
0.0000
0.0000
0.0000
0.0000
0.0000
0.0000
73.2422
73.2422
209.9609
209.9609
351.5625
351.5625
483.3984
483.3984
620.1172
620.1172
751.9531
751.9531
864.2578
864.2578
961.9141
961.9141
1049.8047
1049.8047
1127.9297
1127.9297
1196.2891
1196.2891
1254.8828
1254.8828
1313.4766
1313.4766
1386.7187
1386.7187
1474.6094
1474.6094
1577.1484
1577.1484
1684.5703
1684.5703
1777.3437
1777.3437
1821.2891
1821.2891
1801.7578
1801.7578
1718.7500
1718.7500
1606.4453
1606.4453
1474.6094
1474.6094
1333.0078
1333.0078
1196.2891
1196.2891
1049.8047
1049.8047
874.0234
874.0234
649.4141
649.4141
385.7422
385.7422
112.3047
112.3047
0.0000
0.0000
0.0000
0.0000
0.0000
0.0000
0.0000
0.0000
0.0000
0.0000
0.0000
0.0000
0.0000
0.0000
0.0000
0.0000
0.0000
0.0000
0.0000
0.0000
0.0000
0.0000
0.0000
0.0000
0.0000
0.0000
0.0000
0.0000
0.0000
0.0000
0.0000
0.0000
0.0000
0.0000
0.0000
0.0000
0.0000
0.0000
0.0000
0.0000
0.0000
0.0000
0.0000
0.0000
0.0000
0.0000
0.0000
0.0000
0.0000
0.0000
0.0000
0.0000
0.0000
0.0000
0.0000
0.0000
9.7656
9.7656
83.0078
83.0078
161.1328
161.1328
244.1406
244.1406
332.0312
332.0312
424.8047
424.8047
527.3437
527.3437
620.1172
620.1172
712.8906
712.8906
805.6641
805.6641
893.5547
893.5547
966.7969
966.7969
1020.5078
1020.5078
1059.5703
1059.5703
1088.8672
1088.8672
1108.3984
1108.3984
1132.8125
1132.8125
1181.6406
1181.6406
1264.6484
1264.6484
1367.1875
1367.1875
1459.9609
1459.9609
1518.5547
1518.5547
1518.5547
1518.5547
1440.4297
1440.4297
1293.9453
1293.9453
1103.5156
1103.5156
927.7344
927.7344
791.0156
791.0156
693.3594
693.3594
625.0000
625.0000
571.2891
571.2891
507.8125
507.8125
395.5078
395.5078
244.1406
244.1406
63.4766
63.4766
0.0000
0.0000
0.0000
0.0000
0.0000
0.0000
0.0000
0.0000
0.0000
0.0000
0.0000
0.0000
0.0000
0.0000
0.0000
0.0000
0.0000
0.0000
0.0000
0.0000
0.0000
0.0000
0.0000
0.0000
0.0000
0.0000
0.0000
0.0000
0.0000
0.0000
0.0000
0.0000
0.0000
0.0000
0.0000
0.0000
0.0000
0.0000
0.0000
0.0000
0.0000
0.0000
0.0000
0.0000
0.0000
0.0000
0.0000
0.0000
0.0000
0.0000
0.0000
0.0000
0.0000
0.0000
0.0000
0.0000
0.0000
0.0000
0.0000
0.0000
0.0000
0.0000
0.0000
0.0000
0.0000
0.0000
0.0000
0.0000
0.0000
0.0000
97.6562
97.6562
205.0781
205.0781
312.5000
312.5000
419.9219
419.9219
512.6953
512.6953
595.7031
595.7031
673.8281
673.8281
751.9531
751.9531
825.1953
825.1953
908.2031
908.2031
1010.7422
1010.7422
1142.5781
1142.5781
1269.5312
1269.5312
1372.0703
1372.0703
1416.0156
1416.0156
1406.2500
1406.2500
1333.0078
1333.0078
1215.8203
1215.8203
1083.9844
1083.9844
976.5625
976.5625
878.9062
878.9062
781.2500
781.2500
654.2969
654.2969
502.9297
502.9297
312.5000
312.5000
97.6562
97.6562
0.0000
0.0000
0.0000
0.0000
0.0000
0.0000
0.0000
0.0000
0.0000
0.0000
0.0000
0.0000
0.0000
0.0000
0.0000
0.0000
0.0000
0.0000
0.0000
0.0000
0.0000
0.0000
0.0000
0.0000
0.0000
0.0000
0.0000
0.0000
0.0000
0.0000
0.0000
0.0000
0.0000
0.0000
0.0000
0.0000
0.0000
0.0000
0.0000
0.0000
0.0000
0.0000
0.0000
0.0000
0.0000
0.0000
0.0000
0.0000
0.0000
0.0000
0.0000
0.0000
0.0000
0.0000
53.7109
53.7109
141.6016
141.6016
219.7266
219.7266
292.9687
292.9687
375.9766
375.9766
458.9844
458.9844
541.9922
541.9922
625.0000
625.0000
717.7734
717.7734
815.4297
815.4297
908.2031
908.2031
991.2109
991.2109
1064.4531
1064.4531
1132.8125
1132.8125
1181.6406
1181.6406
1210.9375
1210.9375
1235.3516
1235.3516
1269.5312
1269.5312
1313.4766
1313.4766
1386.7187
1386.7187
1474.6094
1474.6094
1562.5000
1562.5000
1611.3281
1611.3281
1586.9141
1586.9141
1469.7266
1469.7266
1293.9453
1293.9453
1093.7500
1093.7500
917.9687
917.9687
795.8984
795.8984
722.6562
722.6562
688.4766
688.4766
639.6484
639.6484
556.6406
556.6406
424.8047
424.8047
258.7891
258.7891
73.2422
73.2422
0.0000
0.0000
0.0000
0.0000
0.0000
0.0000
0.0000
0.0000
0.0000
0.0000
0.0000
0.0000
0.0000
0.0000
0.0000
0.0000
0.0000
0.0000
0.0000
0.0000
0.0000
0.0000
0.0000
0.0000
0.0000
0.0000
0.0000
0.0000
0.0000
0.0000
0.0000
0.0000
0.0000
0.0000
0.0000
0.0000
0.0000
0.0000
0.0000
0.0000
0.0000
0.0000
0.0000
0.0000
0.0000
0.0000
0.0000
0.0000
0.0000
0.0000
0.0000
0.0000
0.0000
0.0000
0.0000
0.0000
0.0000
0.0000
0.0000
0.0000
0.0000
0.0000
0.0000
0.0000
0.0000
0.0000
0.0000
0.0000
53.7109
53.7109
166.0156
166.0156
278.3203
278.3203
385.7422
385.7422
483.3984
483.3984
571.2891
571.2891
654.2969
654.2969
722.6562
722.6562
771.4844
771.4844
820.3125
820.3125
888.6719
888.6719
971.6797
971.6797
1074.2187
1074.2187
1176.7578
1176.7578
1274.4141
1274.4141
1318.3594
1318.3594
1303.7109
1303.7109
1240.2344
1240.2344
1157.2266
1157.2266
1074.2187
1074.2187
996.0937
996.0937
927.7344
927.7344
859.3750
859.3750
766.6016
766.6016
634.7656
634.7656
449.2187
449.2187
239.2578
239.2578
29.2969
29.2969
0.0000
0.0000
0.0000
0.0000
0.0000
0.0000
0.0000
0.0000
0.0000
0.0000
0.0000
0.0000
0.0000
0.0000
0.0000
0.0000
0.0000
0.0000
0.0000
0.0000
0.0000
0.0000
0.0000
0.0000
0.0000
0.0000
0.0000
0.0000
0.0000
0.0000
0.0000
0.0000
0.0000
0.0000
0.0000
0.0000
0.0000
0.0000
0.0000
0.0000
0.0000
0.0000
0.0000
0.0000
0.0000
0.0000
0.0000
0.0000
0.0000
0.0000
0.0000
0.0000
0.0000
0.0000
0.0000
0.0000
58.5937
58.5937
136.7187
136.7187
209.9609
209.9609
283.2031
283.2031
371.0937
371.0937
458.9844
458.9844
551.7578
551.7578
639.6484
639.6484
732.4219
732.4219
815.4297
815.4297
893.5547
893.5547
952.1484
952.1484
1005.8594
1005.8594
1054.6875
1054.6875
1088.8672
1088.8672
1113.2812
1113.2812
1132.8125
1132.8125
1166.9922
1166.9922
1210.9375
1210.9375
1284.1797
1284.1797
1367.1875
1367.1875
1450.1953
1450.1953
1479.4922
1479.4922
1430.6641
1430.6641
1289.0625
1289.0625
1103.5156
1103.5156
903.3203
903.3203
742.1875
742.1875
634.7656
634.7656
581.0547
581.0547
551.7578
551.7578
507.8125
507.8125
419.9219
419.9219
302.7344
302.7344
156.2500
156.2500
9.7656
9.7656
0.0000
0.0000
0.0000
0.0000
0.0000
0.0000
0.0000
0.0000
0.0000
0.0000
0.0000
0.0000
0.0000
0.0000
0.0000
0.0000
0.0000
0.0000
0.0000
0.0000
0.0000
0.0000
0.0000
0.0000
0.0000
0.0000
0.0000
0.0000
0.0000
0.0000
0.0000
0.0000
0.0000
0.0000
0.0000
0.0000
0.0000
0.0000
0.0000
0.0000
0.0000
0.0000
0.0000
0.0000
0.0000
0.0000
0.0000
0.0000
0.0000
0.0000
0.0000
0.0000
0.0000
0.0000
0.0000
0.0000
0.0000
0.0000
0.0000
0.0000
0.0000
0.0000
0.0000
0.0000
34.1797
34.1797
102.5391
102.5391
175.7812
175.7812
258.7891
258.7891
346.6797
346.6797
429.6875
429.6875
512.6953
512.6953
600.5859
600.5859
688.4766
688.4766
771.4844
771.4844
854.4922
854.4922
952.1484
952.1484
1074.2187
1074.2187
1206.0547
1206.0547
1323.2422
1323.2422
1401.3672
1401.3672
1435.5469
1435.5469
1406.2500
1406.2500
1328.1250
1328.1250
1220.7031
1220.7031
1127.9297
1127.9297
1044.9219
1044.9219
966.7969
966.7969
869.1406
869.1406
742.1875
742.1875
566.4062
566.4062
346.6797
346.6797
112.3047
112.3047
0.0000
0.0000
0.0000
0.0000
0.0000
0.0000
0.0000
0.0000
0.0000
0.0000
0.0000
0.0000
0.0000
0.0000
0.0000
0.0000
0.0000
0.0000
0.0000
0.0000
0.0000
0.0000
0.0000
0.0000
0.0000
0.0000
0.0000
0.0000
0.0000
0.0000
0.0000
0.0000
0.0000
0.0000
0.0000
0.0000
0.0000
0.0000
0.0000
0.0000
0.0000
0.0000
0.0000
0.0000
0.0000
0.0000
0.0000
0.0000
0.0000
0.0000
0.0000
0.0000
0.0000
0.0000
63.4766
63.4766
136.7187
200.1953
200.1953
263.6719
263.6719
327.1484
327.1484
390.6250
390.6250
449.2187
449.2187
449.2187
517.5781
517.5781
581.0547
581.0547
644.5312
644.5312
712.8906
712.8906
786.1328
864.2578
864.2578
932.6172
932.6172
986.3281
986.3281
1035.1562
1035.1562
1035.1562
1093.7500
1093.7500
1166.9922
1166.9922
1245.1172
1245.1172
1308.5937
1337.8906
1337.8906
1284.1797
1284.1797
1142.5781
1142.5781
942.3828
942.3828
742.1875
742.1875
571.2891
571.2891
463.8672
463.8672
405.2734
405.2734
385.7422
385.7422
375.9766
375.9766
332.0312
332.0312
258.7891
258.7891
166.0156
166.0156
58.5937
58.5937
0.0000
0.0000
0.0000
0.0000
0.0000
0.0000
0.0000
0.0000
0.0000
0.0000
0.0000
0.0000
0.0000
0.0000
0.0000
0.0000
0.0000
0.0000
0.0000
0.0000
0.0000
0.0000
0.0000
0.0000
0.0000
0.0000
0.0000
0.0000
0.0000
0.0000
0.0000
0.0000
0.0000
0.0000
0.0000
0.0000
0.0000
0.0000
0.0000
0.0000
0.0000
0.0000
0.0000
0.0000
0.0000
0.0000
0.0000
0.0000
0.0000
0.0000
0.0000
0.0000
0.0000
0.0000
0.0000
0.0000
0.0000
0.0000
34.1797
34.1797
126.9531
126.9531
209.9609
209.9609
297.8516
297.8516
380.8594
380.8594
463.8672
463.8672
541.9922
541.9922
634.7656
634.7656
732.4219
732.4219
839.8437
839.8437
947.2656
947.2656
1054.6875
1054.6875
1162.1094
1162.1094
1254.8828
1254.8828
1342.7734
1342.7734
1435.5469
1435.5469
1552.7344
1552.7344
1679.6875
1679.6875
1801.7578
1801.7578
1894.5312
1894.5312
1938.4766
1938.4766
1904.2969
1904.2969
1791.9922
1791.9922
1635.7422
1635.7422
1474.6094
1474.6094
1323.2422
1323.2422
1181.6406
1181.6406
1030.2734
1030.2734
844.7266
844.7266
615.2344
615.2344
346.6797
346.6797
63.4766
63.4766
0.0000
0.0000
0.0000
0.0000
0.0000
0.0000
0.0000
0.0000
0.0000
0.0000
0.0000
0.0000
0.0000
0.0000
0.0000
0.0000
0.0000
0.0000
0.0000
0.0000
0.0000
0.0000
0.0000
0.0000
0.0000
0.0000
0.0000
0.0000
0.0000
0.0000
0.0000
0.0000
0.0000
0.0000
0.0000
0.0000
0.0000
0.0000
0.0000
0.0000
0.0000
0.0000
0.0000
0.0000
0.0000
0.0000
0.0000
0.0000
0.0000
0.0000
0.0000
0.0000
0.0000
0.0000
0.0000
0.0000
0.0000
0.0000
0.0000
0.0000
0.0000
0.0000
68.3594
68.3594
141.6016
141.6016
209.9609
209.9609
273.4375
273.4375
332.0312
332.0312
390.6250
390.6250
449.2187
449.2187
512.6953
512.6953
576.1719
576.1719
639.6484
639.6484
698.2422
698.2422
751.9531
751.9531
810.5469
810.5469
888.6719
888.6719
996.0937
996.0937
1127.9297
1127.9297
1264.6484
1264.6484
1362.3047
1362.3047
1391.6016
1391.6016
1318.3594
1318.3594
1166.9922
1166.9922
971.6797
971.6797
776.3672
776.3672
625.0000
625.0000
537.1094
537.1094
493.1641
493.1641
449.2187
449.2187
375.9766
375.9766
263.6719
263.6719
117.1875
117.1875
0.0000
0.0000
0.0000
0.0000
0.0000
0.0000
0.0000
0.0000
0.0000
0.0000
0.0000
0.0000
0.0000
0.0000
0.0000
0.0000
0.0000
0.0000
0.0000
0.0000
0.0000
0.0000
0.0000
0.0000
0.0000
0.0000
0.0000
0.0000
0.0000
0.0000
0.0000
0.0000
0.0000
0.0000
0.0000
0.0000
0.0000
0.0000
0.0000
0.0000
0.0000
0.0000
0.0000
0.0000
0.0000
0.0000
0.0000
0.0000
0.0000
0.0000
0.0000
0.0000
0.0000
0.0000
0.0000
0.0000
0.0000
0.0000
0.0000
0.0000
0.0000
0.0000
0.0000
0.0000
29.2969
29.2969
92.7734
92.7734
141.6016
141.6016
190.4297
190.4297
239.2578
239.2578
288.0859
288.0859
336.9141
336.9141
380.8594
380.8594
429.6875
429.6875
483.3984
483.3984
541.9922
541.9922
625.0000
625.0000
737.3047
737.3047
893.5547
893.5547
1064.4531
1064.4531
1230.4687
1230.4687
1357.4219
1357.4219
1435.5469
1435.5469
1455.0781
1455.0781
1425.7812
1425.7812
1376.9531
1376.9531
1328.1250
1328.1250
1274.4141
1274.4141
1201.1719
1201.1719
1103.5156
1103.5156
966.7969
966.7969
786.1328
786.1328
566.4062
566.4062
327.1484
327.1484
92.7734
92.7734
0.0000
0.0000
0.0000
0.0000
0.0000
0.0000
0.0000
0.0000
0.0000
0.0000
0.0000
0.0000
0.0000
0.0000
0.0000
0.0000
0.0000
0.0000
0.0000
0.0000
0.0000
0.0000
0.0000
0.0000
0.0000
0.0000
0.0000
0.0000
0.0000
0.0000
0.0000
0.0000
0.0000
0.0000
0.0000
0.0000
0.0000
0.0000
0.0000
0.0000
0.0000
0.0000
0.0000
0.0000
0.0000
0.0000
0.0000
0.0000
0.0000
0.0000
0.0000
0.0000
161.1328
161.1328
312.5000
312.5000
454.1016
454.1016
590.8203
590.8203
703.1250
703.1250
800.7812
800.7812
883.7891
883.7891
966.7969
966.7969
1035.1562
1035.1562
1088.8672
1088.8672
1127.9297
1127.9297
1166.9922
1166.9922
1196.2891
1196.2891
1210.9375
1210.9375
1220.7031
1220.7031
1235.3516
1235.3516
1274.4141
1274.4141
1337.8906
1337.8906
1430.6641
1430.6641
1538.0859
1538.0859
1630.8594
1630.8594
1674.8047
1674.8047
1645.5078
1645.5078
1528.3203
1528.3203
1352.5391
1352.5391
1147.4609
1147.4609
942.3828
942.3828
776.3672
776.3672
664.0625
664.0625
585.9375
585.9375
502.9297
502.9297
405.2734
405.2734
278.3203
278.3203
122.0703
122.0703
0.0000
0.0000
0.0000
0.0000
0.0000
0.0000
0.0000
0.0000
0.0000
0.0000
0.0000
0.0000
0.0000
0.0000
0.0000
0.0000
0.0000
0.0000
0.0000
0.0000
0.0000
0.0000
0.0000
0.0000
0.0000
0.0000
0.0000
0.0000
0.0000
0.0000
0.0000
0.0000
0.0000
0.0000
0.0000
0.0000
0.0000
0.0000
0.0000
0.0000
0.0000
0.0000
0.0000
0.0000
0.0000
0.0000
0.0000
0.0000
0.0000
0.0000
0.0000
0.0000
0.0000
0.0000
0.0000
0.0000
0.0000
0.0000
4.8828
4.8828
126.9531
126.9531
229.4922
229.4922
336.9141
336.9141
424.8047
424.8047
502.9297
502.9297
566.4062
566.4062
620.1172
620.1172
654.2969
654.2969
668.9453
668.9453
664.0625
664.0625
654.2969
654.2969
649.4141
649.4141
649.4141
649.4141
688.4766
688.4766
776.3672
776.3672
903.3203
903.3203
1030.2734
1030.2734
1142.5781
1142.5781
1220.7031
1220.7031
1269.5312
1269.5312
1298.8281
1298.8281
1303.7109
1303.7109
1303.7109
1303.7109
1289.0625
1289.0625
1245.1172
1245.1172
1166.9922
1166.9922
1049.8047
1049.8047
913.0859
913.0859
747.0703
747.0703
546.8750
546.8750
327.1484
327.1484
102.5391
102.5391
0.0000
0.0000
0.0000
0.0000
0.0000
0.0000
0.0000
0.0000
0.0000
0.0000
0.0000
0.0000
0.0000
0.0000
0.0000
0.0000
0.0000
0.0000
0.0000
0.0000
0.0000
0.0000
0.0000
0.0000
0.0000
0.0000
0.0000
0.0000
0.0000
0.0000
0.0000
0.0000
0.0000
0.0000
0.0000
0.0000
0.0000
0.0000
0.0000
0.0000
0.0000
0.0000
0.0000
0.0000
0.0000
0.0000
0.0000
0.0000
0.0000
0.0000
0.0000
0.0000
0.0000
0.0000
68.3594
68.3594
200.1953
200.1953
332.0312
332.0312
449.2187
449.2187
561.5234
561.5234
659.1797
659.1797
766.6016
766.6016
859.3750
859.3750
942.3828
942.3828
1005.8594
1005.8594
1069.3359
1069.3359
1113.2812
1113.2812
1142.5781
1142.5781
1152.3437
1152.3437
1171.8750
1171.8750
1206.0547
1206.0547
1254.8828
1254.8828
1333.0078
1333.0078
1425.7812
1425.7812
1513.6719
1513.6719
1547.8516
1547.8516
1503.9062
1503.9062
1372.0703
1372.0703
1196.2891
1196.2891
996.0937
996.0937
815.4297
815.4297
683.5937
683.5937
605.4687
605.4687
566.4062
566.4062
522.4609
522.4609
458.9844
458.9844
366.2109
366.2109
244.1406
244.1406
92.7734
92.7734
0.0000
0.0000
0.0000
0.0000
0.0000
0.0000
0.0000
0.0000
0.0000
0.0000
0.0000
0.0000
0.0000
0.0000
0.0000
0.0000
0.0000
0.0000
0.0000
0.0000
0.0000
0.0000
0.0000
0.0000
0.0000
0.0000
0.0000
0.0000
0.0000
0.0000
0.0000
0.0000
0.0000
0.0000
0.0000
0.0000
0.0000
0.0000
0.0000
0.0000
0.0000
0.0000
0.0000
0.0000
0.0000
0.0000
0.0000
0.0000
0.0000
0.0000
0.0000
0.0000
0.0000
0.0000
0.0000
0.0000
0.0000
0.0000
0.0000
0.0000
0.0000
0.0000
0.0000
0.0000
34.1797
34.1797
175.7812
175.7812
292.9687
292.9687
405.2734
405.2734
488.2812
488.2812
556.6406
556.6406
600.5859
600.5859
644.5312
644.5312
673.8281
673.8281
698.2422
698.2422
727.5391
727.5391
776.3672
776.3672
859.3750
859.3750
966.7969
966.7969
1093.7500
1093.7500
1210.9375
1210.9375
1298.8281
1298.8281
1323.2422
1323.2422
1298.8281
1298.8281
1235.3516
1235.3516
1162.1094
1162.1094
1079.1016
1079.1016
996.0937
996.0937
908.2031
908.2031
810.5469
810.5469
673.8281
673.8281
498.0469
498.0469
283.2031
283.2031
53.7109
0.0000
0.0000
0.0000
0.0000
0.0000
0.0000
0.0000
0.0000
0.0000
0.0000
0.0000
0.0000
0.0000
0.0000
0.0000
0.0000
0.0000
0.0000
0.0000
0.0000
0.0000
0.0000
0.0000
0.0000
0.0000
0.0000
0.0000
0.0000
0.0000
0.0000
0.0000
0.0000
0.0000
0.0000
0.0000
0.0000
0.0000
0.0000
0.0000
0.0000
0.0000
0.0000
0.0000
0.0000
0.0000
0.0000
0.0000
0.0000
0.0000
0.0000
0.0000
0.0000
0.0000
0.0000
0.0000
0.0000
0.0000
0.0000
0.0000
0.0000
34.1797
34.1797
141.6016
141.6016
249.0234
249.0234
361.3281
361.3281
468.7500
468.7500
561.5234
561.5234
644.5312
644.5312
722.6562
722.6562
786.1328
786.1328
830.0781
830.0781
859.3750
859.3750
878.9062
878.9062
893.5547
893.5547
898.4375
898.4375
917.9687
917.9687
961.9141
961.9141
1049.8047
1049.8047
1147.4609
1147.4609
1240.2344
1240.2344
1293.9453
1293.9453
1279.2969
1279.2969
1186.5234
1186.5234
1030.2734
1030.2734
854.4922
854.4922
708.0078
708.0078
600.5859
600.5859
532.2266
532.2266
473.6328
473.6328
410.1562
410.1562
307.6172
307.6172
151.3672
151.3672
0.0000
0.0000
0.0000
0.0000
0.0000
0.0000
0.0000
0.0000
0.0000
0.0000
0.0000
0.0000
0.0000
0.0000
0.0000
0.0000
0.0000
0.0000
0.0000
0.0000
0.0000
0.0000
0.0000
0.0000
0.0000
0.0000
0.0000
0.0000
0.0000
0.0000
0.0000
0.0000
0.0000
0.0000
0.0000
0.0000
0.0000
0.0000
0.0000
0.0000
0.0000
0.0000
0.0000
0.0000
0.0000
0.0000
0.0000
0.0000
0.0000
0.0000
0.0000
0.0000
0.0000
0.0000
0.0000
0.0000
0.0000
0.0000
0.0000
0.0000
0.0000
0.0000
4.8828
4.8828
117.1875
117.1875
229.4922
229.4922
336.9141
336.9141
449.2187
449.2187
551.7578
551.7578
649.4141
649.4141
732.4219
732.4219
815.4297
815.4297
888.6719
888.6719
952.1484
952.1484
1000.9766
1000.9766
1059.5703
1059.5703
1127.9297
1127.9297
1210.9375
1210.9375
1318.3594
1318.3594
1445.3125
1445.3125
1577.1484
1577.1484
1669.9219
1669.9219
1704.1016
1704.1016
1679.6875
1679.6875
1606.4453
1606.4453
1499.0234
1499.0234
1372.0703
1372.0703
1240.2344
1240.2344
1118.1641
1118.1641
971.6797
971.6797
776.3672
776.3672
541.9922
541.9922
278.3203
278.3203
4.8828
4.8828
0.0000
0.0000
0.0000
0.0000
0.0000
0.0000
0.0000
0.0000
0.0000
0.0000
0.0000
0.0000
0.0000
0.0000
0.0000
0.0000
0.0000
0.0000
0.0000
0.0000
0.0000
0.0000
0.0000
0.0000
0.0000
0.0000
0.0000
0.0000
0.0000
0.0000
0.0000
0.0000
0.0000
0.0000
0.0000
0.0000
0.0000
0.0000
0.0000
0.0000
0.0000
0.0000
0.0000
0.0000
0.0000
0.0000
0.0000
0.0000
0.0000
0.0000
0.0000
0.0000
0.0000
0.0000
102.5391
102.5391
209.9609
209.9609
312.5000
312.5000
410.1562
410.1562
507.8125
507.8125
605.4687
605.4687
698.2422
698.2422
781.2500
781.2500
854.4922
854.4922
927.7344
927.7344
991.2109
991.2109
1040.0391
1040.0391
1074.2187
1074.2187
1098.6328
1098.6328
1118.1641
1118.1641
1127.9297
1127.9297
1152.3437
1152.3437
1206.0547
1206.0547
1284.1797
1284.1797
1362.3047
1362.3047
1396.4844
1396.4844
1362.3047
1362.3047
1240.2344
1240.2344
1044.9219
1044.9219
839.8437
839.8437
673.8281
673.8281
585.9375
585.9375
556.6406
556.6406
561.5234
561.5234
551.7578
551.7578
507.8125
507.8125
400.3906
400.3906
244.1406
244.1406
58.5937
58.5937
0.0000
0.0000
0.0000
0.0000
0.0000
0.0000
0.0000
0.0000
0.0000
0.0000
0.0000
0.0000
0.0000
0.0000
0.0000
0.0000
0.0000
0.0000
0.0000
0.0000
0.0000
0.0000
0.0000
0.0000
0.0000
0.0000
0.0000
0.0000
0.0000
0.0000
0.0000
0.0000
0.0000
0.0000
0.0000
0.0000
0.0000
0.0000
0.0000
0.0000
0.0000
0.0000
0.0000
0.0000
0.0000
0.0000
0.0000
0.0000
0.0000
0.0000
0.0000
0.0000
0.0000
0.0000
0.0000
0.0000
0.0000
0.0000
0.0000
0.0000
0.0000
0.0000
19.5312
19.5312
112.3047
112.3047
205.0781
205.0781
312.5000
312.5000
424.8047
424.8047
532.2266
532.2266
639.6484
639.6484
751.9531
751.9531
849.6094
849.6094
937.5000
937.5000
1005.8594
1005.8594
1088.8672
1088.8672
1181.6406
1181.6406
1289.0625
1289.0625
1406.2500
1406.2500
1508.7891
1508.7891
1562.5000
1562.5000
1542.9687
1542.9687
1445.3125
1445.3125
1303.7109
1303.7109
1157.2266
1157.2266
1010.7422
1010.7422
883.7891
883.7891
756.8359
756.8359
620.1172
620.1172
439.4531
439.4531
214.8437
214.8437
0.0000
0.0000
0.0000
0.0000
0.0000
0.0000
0.0000
0.0000
0.0000
0.0000
0.0000
0.0000
0.0000
0.0000
0.0000
0.0000
0.0000
0.0000
0.0000
0.0000
0.0000
0.0000
0.0000
0.0000
0.0000
0.0000
0.0000
0.0000
0.0000
0.0000
0.0000
0.0000
0.0000
0.0000
0.0000
0.0000
0.0000
0.0000
0.0000
0.0000
0.0000
0.0000
0.0000
0.0000
0.0000
0.0000
0.0000
0.0000
0.0000
0.0000
0.0000
0.0000
0.0000
0.0000
0.0000
0.0000
0.0000
0.0000
0.0000
0.0000
63.4766
63.4766
141.6016
141.6016
209.9609
209.9609
263.6719
263.6719
317.3828
317.3828
375.9766
375.9766
429.6875
429.6875
478.5156
478.5156
527.3437
527.3437
585.9375
585.9375
634.7656
634.7656
678.7109
678.7109
708.0078
708.0078
747.0703
747.0703
791.0156
791.0156
854.4922
854.4922
947.2656
947.2656
1064.4531
1064.4531
1181.6406
1181.6406
1259.7656
1259.7656
1269.5312
1269.5312
1210.9375
1210.9375
1093.7500
1093.7500
947.2656
947.2656
810.5469
810.5469
712.8906
712.8906
668.9453
668.9453
654.2969
654.2969
644.5312
644.5312
625.0000
625.0000
581.0547
581.0547
493.1641
493.1641
380.8594
380.8594
258.7891
258.7891
151.3672
151.3672
43.9453
43.9453
0.0000
0.0000
0.0000
0.0000
0.0000
0.0000
0.0000
0.0000
0.0000
0.0000
0.0000
0.0000
0.0000
0.0000
0.0000
0.0000
0.0000
0.0000
0.0000
0.0000
0.0000
0.0000
0.0000
0.0000
0.0000
0.0000
0.0000
0.0000
0.0000
0.0000
0.0000
0.0000
0.0000
0.0000
0.0000
0.0000
0.0000
0.0000
0.0000
0.0000
0.0000
0.0000
0.0000
0.0000
0.0000
0.0000
0.0000
0.0000
29.2969
29.2969
102.5391
102.5391
161.1328
161.1328
224.6094
224.6094
288.0859
288.0859
346.6797
346.6797
395.5078
395.5078
454.1016
454.1016
517.5781
517.5781
585.9375
585.9375
659.1797
659.1797
732.4219
732.4219
815.4297
815.4297
898.4375
898.4375
971.6797
971.6797
1049.8047
1049.8047
1152.3437
1152.3437
1284.1797
1284.1797
1425.7812
1425.7812
1562.5000
1562.5000
1665.0391
1665.0391
1708.9844
1708.9844
1665.0391
1665.0391
1542.9687
1542.9687
1386.7187
1386.7187
1225.5859
1225.5859
1074.2187
1074.2187
942.3828
942.3828
815.4297
815.4297
673.8281
673.8281
493.1641
493.1641
263.6719
263.6719
14.6484
14.6484
0.0000
0.0000
0.0000
0.0000
0.0000
0.0000
0.0000
0.0000
0.0000
0.0000
0.0000
0.0000
0.0000
0.0000
0.0000
0.0000
0.0000
0.0000
0.0000
0.0000
0.0000
0.0000
0.0000
0.0000
0.0000
0.0000
0.0000
0.0000
0.0000
0.0000
0.0000
0.0000
0.0000
0.0000
0.0000
0.0000
0.0000
0.0000
0.0000
0.0000
0.0000
0.0000
0.0000
0.0000
0.0000
0.0000
0.0000
0.0000
0.0000
0.0000
0.0000
0.0000
0.0000
0.0000
0.0000
0.0000
0.0000
0.0000
29.2969
29.2969
122.0703
122.0703
200.1953
200.1953
258.7891
258.7891
307.6172
307.6172
351.5625
351.5625
385.7422
385.7422
419.9219
419.9219
449.2187
449.2187
488.2812
488.2812
517.5781
517.5781
551.7578
551.7578
585.9375
585.9375
634.7656
634.7656
688.4766
688.4766
761.7187
761.7187
859.3750
859.3750
996.0937
996.0937
1162.1094
1162.1094
1323.2422
1323.2422
1459.9609
1459.9609
1538.0859
1538.0859
1538.0859
1538.0859
1445.3125
1445.3125
1289.0625
1289.0625
1118.1641
1118.1641
976.5625
976.5625
859.3750
859.3750
771.4844
771.4844
668.9453
668.9453
541.9922
541.9922
361.3281
361.3281
151.3672
151.3672
0.0000
0.0000
0.0000
0.0000
0.0000
0.0000
0.0000
0.0000
0.0000
0.0000
0.0000
0.0000
0.0000
0.0000
0.0000
0.0000
0.0000
0.0000
0.0000
0.0000
0.0000
0.0000
0.0000
0.0000
0.0000
0.0000
0.0000
0.0000
0.0000
0.0000
0.0000
0.0000
0.0000
0.0000
0.0000
0.0000
0.0000
0.0000
0.0000
0.0000
0.0000
0.0000
0.0000
0.0000
0.0000
0.0000
0.0000
0.0000
0.0000
0.0000
0.0000
0.0000
0.0000
0.0000
0.0000
0.0000
0.0000
0.0000
0.0000
0.0000
0.0000
0.0000
0.0000
0.0000
87.8906
87.8906
185.5469
185.5469
268.5547
268.5547
346.6797
346.6797
410.1562
410.1562
454.1016
454.1016
488.2812
488.2812
522.4609
522.4609
546.8750
546.8750
581.0547
581.0547
639.6484
639.6484
737.3047
737.3047
878.9062
878.9062
1025.3906
1025.3906
1162.1094
1162.1094
1254.8828
1254.8828
1298.8281
1298.8281
1284.1797
1284.1797
1235.3516
1235.3516
1191.4062
1152.3437
1152.3437
1113.2812
1113.2812
1113.2812
1064.4531
1064.4531
1000.9766
1000.9766
917.9687
917.9687
800.7812
800.7812
654.2969
654.2969
493.1641
493.1641
327.1484
327.1484
166.0156
9.7656
9.7656
0.0000
0.0000
0.0000
0.0000
0.0000
0.0000
0.0000
0.0000
0.0000
0.0000
0.0000
0.0000
0.0000
0.0000
0.0000
0.0000
0.0000
0.0000
0.0000
0.0000
0.0000
0.0000
0.0000
0.0000
0.0000
0.0000
0.0000
0.0000
0.0000
0.0000
0.0000
0.0000
0.0000
0.0000
0.0000
0.0000
0.0000
0.0000
0.0000
0.0000
0.0000
0.0000
0.0000
0.0000
0.0000
0.0000
0.0000
0.0000
112.3047
112.3047
249.0234
249.0234
380.8594
380.8594
502.9297
502.9297
610.3516
610.3516
703.1250
703.1250
786.1328
786.1328
869.1406
869.1406
937.5000
937.5000
996.0937
996.0937
1044.9219
1044.9219
1088.8672
1088.8672
1118.1641
1118.1641
1137.6953
1137.6953
1147.4609
1147.4609
1166.9922
1166.9922
1181.6406
1181.6406
1201.1719
1201.1719
1240.2344
1240.2344
1313.4766
1313.4766
1406.2500
1406.2500
1499.0234
1499.0234
1572.2656
1572.2656
1606.4453
1606.4453
1577.1484
1577.1484
1474.6094
1474.6094
1318.3594
1318.3594
1147.4609
1147.4609
1000.9766
1000.9766
878.9062
878.9062
791.0156
791.0156
722.6562
722.6562
659.1797
659.1797
566.4062
566.4062
444.3359
444.3359
292.9687
292.9687
131.8359
131.8359
0.0000
