576.1719
576.1719
561.5234
561.5234
493.1641
493.1641
263.6719
263.6719
0.0000
0.0000
0.0000
0.0000
0.0000
0.0000
0.0000
0.0000
0.0000
0.0000
0.0000
0.0000
0.0000
0.0000
0.0000
0.0000
0.0000
0.0000
0.0000
0.0000
0.0000
0.0000
0.0000
0.0000
24.4141
24.4141
239.2578
239.2578
410.1562
410.1562
537.1094
537.1094
605.4687
605.4687
605.4687
605.4687
561.5234
561.5234
502.9297
502.9297
512.6953
512.6953
502.9297
502.9297
498.0469
498.0469
512.6953
512.6953
537.1094
537.1094
551.7578
551.7578
561.5234
561.5234
590.8203
590.8203
610.3516
610.3516
581.0547
581.0547
537.1094
537.1094
429.6875
429.6875
83.0078
83.0078
0.0000
0.0000
0.0000
0.0000
0.0000
0.0000
0.0000
0.0000
0.0000
0.0000
0.0000
0.0000
0.0000
0.0000
0.0000
0.0000
0.0000
0.0000
0.0000
0.0000
0.0000
0.0000
0.0000
0.0000
0.0000
0.0000
0.0000
0.0000
131.8359
131.8359
205.0781
205.0781
258.7891
258.7891
292.9687
292.9687
322.2656
322.2656
322.2656
322.2656
312.5000
312.5000
332.0312
332.0312
351.5625
351.5625
371.0937
371.0937
395.5078
395.5078
419.9219
419.9219
458.9844
458.9844
483.3984
483.3984
512.6953
512.6953
532.2266
532.2266
527.3437
527.3437
502.9297
502.9297
429.6875
429.6875
205.0781
205.0781
0.0000
0.0000
0.0000
0.0000
0.0000
0.0000
0.0000
0.0000
0.0000
0.0000
0.0000
0.0000
0.0000
0.0000
0.0000
0.0000
0.0000
0.0000
0.0000
0.0000
0.0000
0.0000
0.0000
0.0000
0.0000
0.0000
68.3594
68.3594
244.1406
244.1406
375.9766
375.9766
458.9844
468.7500
468.7500
458.9844
458.9844
458.9844
458.9844
444.3359
444.3359
444.3359
429.6875
429.6875
429.6875
429.6875
458.9844
458.9844
498.0469
498.0469
512.6953
517.5781
517.5781
541.9922
541.9922
571.2891
571.2891
576.1719
576.1719
522.4609
522.4609
522.4609
415.0391
415.0391
141.6016
141.6016
0.0000
0.0000
0.0000
0.0000
0.0000
0.0000
0.0000
0.0000
0.0000
0.0000
0.0000
0.0000
0.0000
0.0000
0.0000
0.0000
0.0000
0.0000
0.0000
0.0000
0.0000
0.0000
0.0000
0.0000
0.0000
146.4844
146.4844
312.5000
312.5000
429.6875
429.6875
502.9297
502.9297
517.5781
517.5781
483.3984
483.3984
454.1016
454.1016
449.2187
449.2187
463.8672
463.8672
488.2812
488.2812
493.1641
493.1641
498.0469
498.0469
522.4609
522.4609
551.7578
551.7578
581.0547
581.0547
600.5859
600.5859
605.4687
605.4687
595.7031
595.7031
556.6406
556.6406
385.7422
385.7422
0.0000
0.0000
0.0000
0.0000
0.0000
0.0000
0.0000
0.0000
0.0000
0.0000
0.0000
0.0000
0.0000
0.0000
0.0000
0.0000
0.0000
0.0000
0.0000
0.0000
0.0000
0.0000
0.0000
0.0000
0.0000
0.0000
0.0000
0.0000
166.0156
166.0156
307.6172
307.6172
385.7422
385.7422
434.5703
434.5703
463.8672
463.8672
449.2187
449.2187
434.5703
434.5703
439.4531
439.4531
434.5703
434.5703
468.7500
468.7500
478.5156
478.5156
502.9297
502.9297
512.6953
512.6953
546.8750
546.8750
585.9375
585.9375
585.9375
585.9375
541.9922
541.9922
498.0469
498.0469
341.7969
341.7969
9.7656
9.7656
0.0000
0.0000
0.0000
0.0000
0.0000
0.0000
0.0000
0.0000
0.0000
0.0000
0.0000
0.0000
0.0000
0.0000
0.0000
0.0000
0.0000
0.0000
0.0000
0.0000
0.0000
0.0000
0.0000
0.0000
29.2969
29.2969
214.8437
214.8437
356.4453
356.4453
478.5156
478.5156
512.6953
512.6953
483.3984
483.3984
478.5156
478.5156
463.8672
463.8672
468.7500
468.7500
468.7500
468.7500
493.1641
493.1641
517.5781
517.5781
537.1094
537.1094
556.6406
556.6406
581.0547
581.0547
585.9375
585.9375
581.0547
581.0547
546.8750
546.8750
527.3437
527.3437
375.9766
375.9766
29.2969
29.2969
0.0000
0.0000
0.0000
0.0000
0.0000
0.0000
0.0000
0.0000
0.0000
0.0000
0.0000
0.0000
0.0000
0.0000
0.0000
0.0000
0.0000
0.0000
0.0000
0.0000
0.0000
0.0000
0.0000
0.0000
0.0000
0.0000
200.1953
200.1953
341.7969
341.7969
434.5703
434.5703
493.1641
493.1641
512.6953
512.6953
473.6328
473.6328
439.4531
439.4531
449.2187
449.2187
473.6328
473.6328
498.0469
498.0469
488.2812
488.2812
522.4609
522.4609
541.9922
541.9922
556.6406
556.6406
576.1719
576.1719
551.7578
551.7578
502.9297
502.9297
390.6250
390.6250
83.0078
83.0078
0.0000
0.0000
0.0000
0.0000
0.0000
0.0000
0.0000
0.0000
0.0000
0.0000
0.0000
0.0000
0.0000
0.0000
0.0000
0.0000
0.0000
0.0000
0.0000
0.0000
0.0000
0.0000
0.0000
0.0000
0.0000
0.0000
63.4766
63.4766
214.8437
214.8437
332.0312
332.0312
410.1562
410.1562
415.0391
415.0391
395.5078
395.5078
405.2734
405.2734
424.8047
424.8047
444.3359
444.3359
429.6875
429.6875
449.2187
449.2187
493.1641
493.1641
522.4609
522.4609
541.9922
541.9922
566.4062
566.4062
585.9375
585.9375
585.9375
585.9375
566.4062
566.4062
527.3437
527.3437
346.6797
346.6797
0.0000
0.0000
0.0000
0.0000
0.0000
0.0000
0.0000
0.0000
0.0000
0.0000
0.0000
0.0000
0.0000
0.0000
0.0000
0.0000
0.0000
0.0000
0.0000
0.0000
0.0000
0.0000
0.0000
0.0000
0.0000
0.0000
131.8359
131.8359
297.8516
297.8516
415.0391
415.0391
493.1641
493.1641
546.8750
546.8750
546.8750
546.8750
517.5781
517.5781
493.1641
493.1641
483.3984
483.3984
512.6953
512.6953
512.6953
512.6953
532.2266
532.2266
566.4062
566.4062
595.7031
595.7031
620.1172
620.1172
615.2344
615.2344
571.2891
571.2891
502.9297
502.9297
356.4453
356.4453
53.7109
53.7109
0.0000
0.0000
0.0000
0.0000
0.0000
0.0000
0.0000
0.0000
0.0000
0.0000
0.0000
0.0000
0.0000
0.0000
0.0000
0.0000
0.0000
0.0000
0.0000
0.0000
0.0000
0.0000
0.0000
0.0000
126.9531
126.9531
292.9687
292.9687
444.3359
444.3359
532.2266
532.2266
561.5234
561.5234
551.7578
551.7578
541.9922
541.9922
512.6953
512.6953
493.1641
493.1641
498.0469
498.0469
507.8125
507.8125
532.2266
532.2266
566.4062
566.4062
595.7031
595.7031
605.4687
605.4687
600.5859
600.5859
600.5859
600.5859
566.4062
566.4062
498.0469
498.0469
283.2031
283.2031
0.0000
0.0000
0.0000
0.0000
0.0000
0.0000
0.0000
0.0000
0.0000
0.0000
0.0000
0.0000
0.0000
0.0000
0.0000
0.0000
0.0000
0.0000
0.0000
0.0000
0.0000
0.0000
0.0000
0.0000
0.0000
0.0000
170.8984
170.8984
322.2656
322.2656
439.4531
439.4531
532.2266
532.2266
581.0547
581.0547
556.6406
556.6406
502.9297
502.9297
502.9297
502.9297
498.0469
498.0469
502.9297
502.9297
522.4609
522.4609
537.1094
537.1094
551.7578
551.7578
551.7578
551.7578
576.1719
576.1719
600.5859
600.5859
581.0547
581.0547
532.2266
532.2266
473.6328
473.6328
214.8437
214.8437
0.0000
0.0000
0.0000
0.0000
0.0000
0.0000
0.0000
0.0000
0.0000
0.0000
0.0000
0.0000
0.0000
0.0000
0.0000
0.0000
0.0000
0.0000
0.0000
0.0000
0.0000
0.0000
0.0000
0.0000
73.2422
73.2422
249.0234
249.0234
405.2734
405.2734
517.5781
517.5781
561.5234
561.5234
537.1094
537.1094
512.6953
512.6953
522.4609
522.4609
502.9297
502.9297
488.2812
488.2812
502.9297
502.9297
527.3437
527.3437
541.9922
541.9922
561.5234
561.5234
576.1719
576.1719
595.7031
595.7031
571.2891
571.2891
556.6406
556.6406
502.9297
502.9297
361.3281
361.3281
43.9453
43.9453
0.0000
0.0000
0.0000
0.0000
0.0000
0.0000
0.0000
0.0000
0.0000
0.0000
0.0000
0.0000
0.0000
0.0000
0.0000
0.0000
0.0000
0.0000
0.0000
0.0000
0.0000
0.0000
0.0000
0.0000
9.7656
9.7656
214.8437
214.8437
356.4453
356.4453
449.2187
449.2187
512.6953
512.6953
527.3437
527.3437
493.1641
493.1641
439.4531
439.4531
429.6875
429.6875
454.1016
454.1016
473.6328
473.6328
483.3984
483.3984
507.8125
507.8125
522.4609
522.4609
532.2266
532.2266
546.8750
546.8750
546.8750
546.8750
498.0469
498.0469
444.3359
444.3359
273.4375
273.4375
0.0000
0.0000
0.0000
0.0000
0.0000
0.0000
0.0000
0.0000
0.0000
0.0000
0.0000
0.0000
0.0000
0.0000
0.0000
0.0000
0.0000
0.0000
0.0000
0.0000
0.0000
0.0000
0.0000
0.0000
0.0000
0.0000
102.5391
102.5391
297.8516
297.8516
429.6875
429.6875
498.0469
498.0469
517.5781
517.5781
493.1641
493.1641
473.6328
473.6328
454.1016
454.1016
444.3359
444.3359
444.3359
444.3359
473.6328
473.6328
522.4609
522.4609
541.9922
541.9922
537.1094
537.1094
546.8750
546.8750
566.4062
566.4062
556.6406
556.6406
522.4609
522.4609
478.5156
478.5156
297.8516
297.8516
0.0000
0.0000
0.0000
0.0000
0.0000
0.0000
0.0000
0.0000
0.0000
0.0000
0.0000
0.0000
0.0000
0.0000
0.0000
0.0000
0.0000
0.0000
0.0000
0.0000
0.0000
0.0000
0.0000
0.0000
0.0000
0.0000
39.0625
39.0625
214.8437
214.8437
346.6797
346.6797
449.2187
449.2187
478.5156
478.5156
478.5156
478.5156
444.3359
444.3359
424.8047
424.8047
419.9219
419.9219
439.4531
439.4531
449.2187
449.2187
463.8672
463.8672
473.6328
473.6328
512.6953
512.6953
532.2266
532.2266
551.7578
551.7578
532.2266
532.2266
502.9297
502.9297
419.9219
419.9219
161.1328
161.1328
0.0000
0.0000
0.0000
0.0000
0.0000
0.0000
0.0000
0.0000
0.0000
0.0000
0.0000
0.0000
0.0000
0.0000
0.0000
0.0000
0.0000
0.0000
0.0000
0.0000
0.0000
0.0000
0.0000
0.0000
0.0000
0.0000
180.6641
180.6641
351.5625
351.5625
449.2187
449.2187
478.5156
478.5156
488.2812
488.2812
473.6328
473.6328
458.9844
458.9844
444.3359
444.3359
444.3359
444.3359
468.7500
468.7500
478.5156
478.5156
507.8125
507.8125
532.2266
532.2266
546.8750
546.8750
566.4062
566.4062
571.2891
571.2891
541.9922
541.9922
478.5156
478.5156
341.7969
341.7969
34.1797
34.1797
0.0000
0.0000
0.0000
0.0000
0.0000
0.0000
0.0000
0.0000
0.0000
0.0000
0.0000
0.0000
0.0000
0.0000
0.0000
0.0000
0.0000
0.0000
0.0000
0.0000
0.0000
0.0000
0.0000
0.0000
0.0000
0.0000
205.0781
205.0781
317.3828
317.3828
429.6875
429.6875
498.0469
498.0469
512.6953
512.6953
478.5156
478.5156
439.4531
439.4531
444.3359
444.3359
454.1016
454.1016
473.6328
473.6328
483.3984
483.3984
488.2812
488.2812
527.3437
546.8750
546.8750
551.7578
551.7578
541.9922
541.9922
502.9297
502.9297
424.8047
424.8047
424.8047
224.6094
224.6094
0.0000
0.0000
0.0000
0.0000
0.0000
0.0000
0.0000
0.0000
0.0000
0.0000
0.0000
0.0000
0.0000
0.0000
0.0000
0.0000
0.0000
0.0000
0.0000
0.0000
0.0000
0.0000
0.0000
0.0000
0.0000
48.8281
48.8281
239.2578
239.2578
385.7422
385.7422
483.3984
483.3984
502.9297
502.9297
502.9297
468.7500
468.7500
458.9844
458.9844
463.8672
449.2187
449.2187
449.2187
458.9844
483.3984
483.3984
517.5781
517.5781
522.4609
522.4609
532.2266
532.2266
551.7578
551.7578
571.2891
571.2891
561.5234
561.5234
537.1094
537.1094
468.7500
468.7500
302.7344
302.7344
0.0000
0.0000
0.0000
0.0000
0.0000
0.0000
0.0000
0.0000
0.0000
0.0000
0.0000
0.0000
0.0000
0.0000
0.0000
0.0000
0.0000
0.0000
0.0000
0.0000
0.0000
0.0000
0.0000
0.0000
0.0000
0.0000
151.3672
151.3672
327.1484
327.1484
449.2187
449.2187
527.3437
527.3437
541.9922
541.9922
532.2266
532.2266
488.2812
488.2812
483.3984
483.3984
498.0469
498.0469
517.5781
517.5781
512.6953
512.6953
507.8125
507.8125
537.1094
537.1094
571.2891
571.2891
585.9375
585.9375
590.8203
590.8203
566.4062
566.4062
522.4609
522.4609
390.6250
390.6250
92.7734
92.7734
0.0000
0.0000
0.0000
0.0000
0.0000
0.0000
0.0000
0.0000
0.0000
0.0000
0.0000
0.0000
0.0000
0.0000
0.0000
0.0000
0.0000
0.0000
0.0000
0.0000
0.0000
0.0000
0.0000
0.0000
0.0000
0.0000
136.7187
136.7187
292.9687
292.9687
390.6250
390.6250
458.9844
458.9844
478.5156
478.5156
454.1016
454.1016
449.2187
449.2187
444.3359
444.3359
429.6875
429.6875
444.3359
444.3359
458.9844
458.9844
502.9297
502.9297
517.5781
517.5781
527.3437
527.3437
551.7578
551.7578
581.0547
581.0547
551.7578
551.7578
502.9297
502.9297
429.6875
429.6875
229.4922
229.4922
0.0000
0.0000
0.0000
0.0000
0.0000
0.0000
0.0000
0.0000
0.0000
0.0000
0.0000
0.0000
0.0000
0.0000
0.0000
0.0000
0.0000
0.0000
0.0000
0.0000
0.0000
0.0000
0.0000
0.0000
0.0000
0.0000
141.6016
141.6016
312.5000
312.5000
463.8672
463.8672
546.8750
546.8750
551.7578
551.7578
537.1094
537.1094
498.0469
498.0469
493.1641
493.1641
458.9844
458.9844
473.6328
473.6328
493.1641
493.1641
507.8125
507.8125
537.1094
537.1094
566.4062
566.4062
566.4062
566.4062
561.5234
561.5234
522.4609
522.4609
473.6328
473.6328
297.8516
297.8516
0.0000
0.0000
0.0000
0.0000
0.0000
0.0000
0.0000
0.0000
0.0000
0.0000
0.0000
0.0000
0.0000
0.0000
0.0000
0.0000
0.0000
0.0000
0.0000
0.0000
0.0000
0.0000
0.0000
0.0000
0.0000
0.0000
0.0000
0.0000
209.9609
209.9609
371.0937
371.0937
434.5703
434.5703
478.5156
478.5156
488.2812
488.2812
468.7500
468.7500
458.9844
458.9844
439.4531
439.4531
449.2187
449.2187
454.1016
454.1016
488.2812
488.2812
512.6953
512.6953
507.8125
507.8125
532.2266
532.2266
566.4062
566.4062
566.4062
566.4062
541.9922
541.9922
493.1641
493.1641
356.4453
356.4453
24.4141
24.4141
0.0000
0.0000
0.0000
0.0000
0.0000
0.0000
0.0000
0.0000
0.0000
0.0000
0.0000
0.0000
0.0000
0.0000
0.0000
0.0000
0.0000
0.0000
0.0000
0.0000
0.0000
0.0000
0.0000
0.0000
0.0000
0.0000
175.7812
175.7812
307.6172
307.6172
415.0391
415.0391
463.8672
463.8672
478.5156
478.5156
454.1016
454.1016
449.2187
449.2187
463.8672
463.8672
454.1016
454.1016
463.8672
463.8672
473.6328
473.6328
493.1641
493.1641
532.2266
532.2266
537.1094
537.1094
566.4062
566.4062
566.4062
566.4062
556.6406
556.6406
502.9297
502.9297
327.1484
327.1484
0.0000
0.0000
0.0000
0.0000
0.0000
0.0000
0.0000
0.0000
0.0000
0.0000
0.0000
0.0000
0.0000
0.0000
0.0000
0.0000
0.0000
0.0000
0.0000
0.0000
0.0000
0.0000
0.0000
0.0000
0.0000
0.0000
92.7734
92.7734
258.7891
258.7891
380.8594
380.8594
454.1016
454.1016
478.5156
478.5156
483.3984
483.3984
493.1641
493.1641
478.5156
478.5156
458.9844
458.9844
478.5156
478.5156
493.1641
493.1641
527.3437
527.3437
532.2266
532.2266
541.9922
541.9922
576.1719
576.1719
590.8203
590.8203
576.1719
576.1719
537.1094
537.1094
498.0469
498.0469
361.3281
361.3281
19.5312
19.5312
0.0000
0.0000
0.0000
0.0000
0.0000
0.0000
0.0000
0.0000
0.0000
0.0000
0.0000
0.0000
0.0000
0.0000
0.0000
0.0000
0.0000
0.0000
0.0000
0.0000
0.0000
0.0000
0.0000
0.0000
126.9531
126.9531
297.8516
297.8516
449.2187
449.2187
527.3437
527.3437
556.6406
556.6406
546.8750
546.8750
493.1641
493.1641
493.1641
493.1641
488.2812
488.2812
498.0469
498.0469
498.0469
498.0469
527.3437
527.3437
556.6406
556.6406
576.1719
576.1719
566.4062
566.4062
537.1094
537.1094
488.2812
488.2812
434.5703
434.5703
219.7266
219.7266
0.0000
0.0000
0.0000
0.0000
0.0000
0.0000
0.0000
0.0000
0.0000
0.0000
0.0000
0.0000
0.0000
0.0000
0.0000
0.0000
0.0000
0.0000
0.0000
0.0000
0.0000
0.0000
0.0000
0.0000
0.0000
0.0000
117.1875
117.1875
297.8516
297.8516
424.8047
424.8047
493.1641
493.1641
537.1094
537.1094
522.4609
522.4609
498.0469
498.0469
478.5156
478.5156
458.9844
458.9844
483.3984
483.3984
502.9297
502.9297
527.3437
527.3437
537.1094
537.1094
537.1094
537.1094
556.6406
556.6406
590.8203
590.8203
600.5859
600.5859
571.2891
571.2891
517.5781
517.5781
371.0937
371.0937
39.0625
39.0625
0.0000
0.0000
0.0000
0.0000
0.0000
0.0000
0.0000
0.0000
0.0000
0.0000
0.0000
0.0000
0.0000
0.0000
0.0000
0.0000
0.0000
0.0000
0.0000
0.0000
0.0000
0.0000
0.0000
0.0000
53.7109
53.7109
234.3750
234.3750
375.9766
375.9766
488.2812
488.2812
527.3437
527.3437
527.3437
527.3437
512.6953
512.6953
493.1641
493.1641
493.1641
493.1641
468.7500
468.7500
483.3984
483.3984
488.2812
488.2812
522.4609
522.4609
556.6406
556.6406
561.5234
561.5234
576.1719
576.1719
561.5234
561.5234
512.6953
512.6953
434.5703
434.5703
146.4844
146.4844
0.0000
0.0000
0.0000
0.0000
0.0000
0.0000
0.0000
0.0000
0.0000
0.0000
0.0000
0.0000
0.0000
0.0000
0.0000
0.0000
0.0000
0.0000
0.0000
0.0000
0.0000
0.0000
0.0000
0.0000
0.0000
0.0000
166.0156
166.0156
327.1484
327.1484
439.4531
439.4531
512.6953
512.6953
546.8750
546.8750
541.9922
541.9922
502.9297
502.9297
478.5156
478.5156
463.8672
463.8672
478.5156
478.5156
493.1641
493.1641
512.6953
512.6953
527.3437
527.3437
546.8750
546.8750
581.0547
581.0547
581.0547
581.0547
541.9922
541.9922
488.2812
488.2812
405.2734
405.2734
166.0156
166.0156
0.0000
0.0000
0.0000
0.0000
0.0000
0.0000
0.0000
0.0000
0.0000
0.0000
0.0000
0.0000
0.0000
0.0000
0.0000
0.0000
0.0000
0.0000
0.0000
0.0000
0.0000
0.0000
0.0000
0.0000
0.0000
0.0000
141.6016
141.6016
366.2109
366.2109
522.4609
522.4609
625.0000
625.0000
654.2969
654.2969
615.2344
615.2344
566.4062
566.4062
551.7578
551.7578
527.3437
527.3437
507.8125
507.8125
517.5781
517.5781
537.1094
537.1094
561.5234
561.5234
576.1719
576.1719
576.1719
576.1719
581.0547
581.0547
576.1719
576.1719
517.5781
517.5781
385.7422
385.7422
73.2422
73.2422
0.0000
0.0000
0.0000
0.0000
0.0000
0.0000
0.0000
0.0000
0.0000
0.0000
0.0000
0.0000
0.0000
0.0000
0.0000
0.0000
0.0000
0.0000
0.0000
0.0000
0.0000
0.0000
0.0000
0.0000
107.4219
107.4219
297.8516
297.8516
439.4531
439.4531
546.8750
546.8750
600.5859
600.5859
581.0547
581.0547
537.1094
537.1094
522.4609
522.4609
502.9297
502.9297
502.9297
502.9297
522.4609
522.4609
532.2266
532.2266
537.1094
537.1094
537.1094
537.1094
561.5234
561.5234
610.3516
610.3516
595.7031
595.7031
551.7578
551.7578
498.0469
498.0469
361.3281
361.3281
34.1797
34.1797
0.0000
0.0000
0.0000
0.0000
0.0000
0.0000
0.0000
0.0000
0.0000
0.0000
0.0000
0.0000
0.0000
0.0000
0.0000
0.0000
0.0000
0.0000
0.0000
0.0000
0.0000
0.0000
0.0000
0.0000
0.0000
0.0000
190.4297
190.4297
366.2109
366.2109
473.6328
473.6328
507.8125
507.8125
507.8125
507.8125
493.1641
493.1641
449.2187
449.2187
439.4531
439.4531
434.5703
434.5703
458.9844
458.9844
468.7500
468.7500
488.2812
488.2812
527.3437
527.3437
541.9922
541.9922
532.2266
532.2266
532.2266
532.2266
483.3984
483.3984
415.0391
415.0391
205.0781
205.0781
0.0000
0.0000
0.0000
0.0000
0.0000
0.0000
0.0000
0.0000
0.0000
0.0000
0.0000
0.0000
0.0000
0.0000
0.0000
0.0000
0.0000
0.0000
0.0000
0.0000
0.0000
0.0000
0.0000
0.0000
0.0000
0.0000
0.0000
161.1328
161.1328
283.2031
283.2031
385.7422
385.7422
439.4531
439.4531
419.9219
419.9219
419.9219
395.5078
395.5078
375.9766
375.9766
380.8594
380.8594
400.3906
400.3906
434.5703
444.3359
444.3359
463.8672
463.8672
478.5156
478.5156
522.4609
522.4609
522.4609
537.1094
537.1094
517.5781
517.5781
468.7500
468.7500
400.3906
209.9609
209.9609
0.0000
0.0000
0.0000
0.0000
0.0000
0.0000
0.0000
0.0000
0.0000
0.0000
0.0000
0.0000
0.0000
0.0000
0.0000
0.0000
0.0000
0.0000
0.0000
0.0000
0.0000
0.0000
0.0000
0.0000
0.0000
0.0000
34.1797
34.1797
234.3750
234.3750
400.3906
400.3906
483.3984
483.3984
498.0469
498.0469
488.2812
488.2812
478.5156
478.5156
463.8672
463.8672
454.1016
454.1016
449.2187
449.2187
478.5156
478.5156
488.2812
488.2812
512.6953
512.6953
537.1094
537.1094
541.9922
541.9922
556.6406
556.6406
556.6406
556.6406
502.9297
502.9297
400.3906
400.3906
92.7734
92.7734
0.0000
0.0000
0.0000
0.0000
0.0000
0.0000
0.0000
0.0000
0.0000
0.0000
0.0000
0.0000
0.0000
0.0000
0.0000
0.0000
0.0000
0.0000
0.0000
0.0000
0.0000
0.0000
0.0000
0.0000
0.0000
0.0000
190.4297
190.4297
332.0312
332.0312
424.8047
424.8047
493.1641
493.1641
522.4609
522.4609
498.0469
498.0469
488.2812
488.2812
468.7500
468.7500
488.2812
488.2812
498.0469
498.0469
498.0469
498.0469
512.6953
512.6953
537.1094
537.1094
561.5234
561.5234
605.4687
605.4687
581.0547
581.0547
517.5781
517.5781
439.4531
439.4531
278.3203
278.3203
0.0000
0.0000
0.0000
0.0000
0.0000
0.0000
0.0000
0.0000
0.0000
0.0000
0.0000
0.0000
0.0000
0.0000
0.0000
0.0000
0.0000
0.0000
0.0000
0.0000
0.0000
0.0000
0.0000
0.0000
0.0000
0.0000
0.0000
0.0000
107.4219
107.4219
273.4375
273.4375
390.6250
390.6250
444.3359
444.3359
478.5156
478.5156
473.6328
473.6328
449.2187
449.2187
429.6875
429.6875
429.6875
429.6875
449.2187
449.2187
483.3984
483.3984
502.9297
502.9297
527.3437
527.3437
541.9922
541.9922
551.7578
551.7578
561.5234
561.5234
551.7578
551.7578
512.6953
512.6953
410.1562
410.1562
122.0703
122.0703
0.0000
0.0000
0.0000
0.0000
0.0000
0.0000
0.0000
0.0000
0.0000
0.0000
0.0000
0.0000
0.0000
0.0000
0.0000
0.0000
0.0000
0.0000
0.0000
0.0000
0.0000
0.0000
0.0000
0.0000
0.0000
0.0000
180.6641
180.6641
322.2656
322.2656
439.4531
439.4531
512.6953
512.6953
502.9297
502.9297
473.6328
473.6328
468.7500
468.7500
468.7500
468.7500
478.5156
478.5156
488.2812
488.2812
517.5781
517.5781
541.9922
541.9922
551.7578
551.7578
576.1719
576.1719
590.8203
590.8203
581.0547
581.0547
551.7578
551.7578
512.6953
512.6953
458.9844
458.9844
166.0156
166.0156
0.0000
0.0000
0.0000
0.0000
0.0000
0.0000
0.0000
0.0000
0.0000
0.0000
0.0000
0.0000
0.0000
0.0000
0.0000
0.0000
0.0000
0.0000
0.0000
0.0000
0.0000
0.0000
0.0000
0.0000
112.3047
112.3047
332.0312
332.0312
488.2812
488.2812
576.1719
576.1719
615.2344
615.2344
629.8828
629.8828
610.3516
610.3516
566.4062
566.4062
532.2266
532.2266
541.9922
541.9922
566.4062
566.4062
566.4062
566.4062
585.9375
585.9375
610.3516
610.3516
610.3516
610.3516
625.0000
625.0000
610.3516
610.3516
561.5234
561.5234
473.6328
473.6328
288.0859
288.0859
0.0000
0.0000
0.0000
0.0000
0.0000
0.0000
0.0000
0.0000
0.0000
0.0000
0.0000
0.0000
0.0000
0.0000
0.0000
0.0000
0.0000
0.0000
0.0000
0.0000
0.0000
0.0000
0.0000
0.0000
0.0000
0.0000
19.5312
19.5312
180.6641
180.6641
307.6172
307.6172
429.6875
429.6875
488.2812
488.2812
473.6328
473.6328
458.9844
458.9844
434.5703
434.5703
444.3359
444.3359
449.2187
449.2187
444.3359
444.3359
478.5156
478.5156
517.5781
517.5781
537.1094
537.1094
551.7578
551.7578
561.5234
561.5234
556.6406
556.6406
527.3437
527.3437
478.5156
478.5156
371.0937
371.0937
78.1250
78.1250
0.0000
0.0000
0.0000
0.0000
0.0000
0.0000
0.0000
0.0000
0.0000
0.0000
0.0000
0.0000
0.0000
0.0000
0.0000
0.0000
0.0000
0.0000
0.0000
0.0000
0.0000
0.0000
0.0000
0.0000
0.0000
0.0000
107.4219
107.4219
278.3203
278.3203
390.6250
390.6250
463.8672
463.8672
473.6328
473.6328
463.8672
463.8672
434.5703
434.5703
410.1562
410.1562
410.1562
410.1562
454.1016
454.1016
473.6328
473.6328
488.2812
488.2812
507.8125
507.8125
522.4609
522.4609
541.9922
541.9922
537.1094
537.1094
507.8125
507.8125
458.9844
458.9844
336.9141
336.9141
43.9453
43.9453
0.0000
0.0000
0.0000
0.0000
0.0000
0.0000
0.0000
0.0000
0.0000
0.0000
0.0000
0.0000
0.0000
0.0000
0.0000
0.0000
0.0000
0.0000
0.0000
0.0000
0.0000
0.0000
0.0000
0.0000
34.1797
34.1797
219.7266
219.7266
375.9766
375.9766
468.7500
468.7500
493.1641
493.1641
478.5156
478.5156
473.6328
473.6328
449.2187
449.2187
463.8672
463.8672
463.8672
463.8672
483.3984
483.3984
502.9297
502.9297
522.4609
522.4609
546.8750
546.8750
551.7578
551.7578
551.7578
551.7578
556.6406
556.6406
541.9922
541.9922
493.1641
493.1641
307.6172
307.6172
0.0000
0.0000
0.0000
0.0000
0.0000
0.0000
0.0000
0.0000
0.0000
0.0000
0.0000
0.0000
0.0000
0.0000
0.0000
0.0000
0.0000
0.0000
0.0000
0.0000
0.0000
0.0000
0.0000
0.0000
0.0000
0.0000
170.8984
170.8984
351.5625
351.5625
454.1016
454.1016
527.3437
527.3437
581.0547
581.0547
556.6406
556.6406
507.8125
507.8125
502.9297
502.9297
502.9297
502.9297
512.6953
512.6953
522.4609
522.4609
537.1094
537.1094
546.8750
546.8750
546.8750
546.8750
590.8203
590.8203
600.5859
600.5859
576.1719
576.1719
493.1641
493.1641
375.9766
375.9766
102.5391
102.5391
0.0000
0.0000
0.0000
0.0000
0.0000
0.0000
0.0000
0.0000
0.0000
0.0000
0.0000
0.0000
0.0000
0.0000
0.0000
0.0000
0.0000
0.0000
0.0000
0.0000
0.0000
0.0000
0.0000
0.0000
24.4141
24.4141
200.1953
200.1953
351.5625
351.5625
463.8672
463.8672
512.6953
512.6953
493.1641
493.1641
478.5156
478.5156
493.1641
493.1641
483.3984
483.3984
458.9844
458.9844
468.7500
468.7500
502.9297
502.9297
507.8125
507.8125
522.4609
522.4609
556.6406
556.6406
561.5234
561.5234
546.8750
546.8750
527.3437
527.3437
473.6328
473.6328
361.3281
361.3281
43.9453
43.9453
0.0000
0.0000
0.0000
0.0000
0.0000
0.0000
0.0000
0.0000
0.0000
0.0000
0.0000
0.0000
0.0000
0.0000
0.0000
0.0000
0.0000
0.0000
0.0000
0.0000
0.0000
0.0000
0.0000
0.0000
19.5312
19.5312
229.4922
229.4922
380.8594
380.8594
478.5156
478.5156
537.1094
537.1094
566.4062
566.4062
517.5781
517.5781
478.5156
478.5156
458.9844
458.9844
493.1641
493.1641
507.8125
507.8125
502.9297
502.9297
522.4609
522.4609
537.1094
537.1094
546.8750
546.8750
551.7578
551.7578
541.9922
541.9922
502.9297
502.9297
434.5703
434.5703
244.1406
244.1406
0.0000
0.0000
0.0000
0.0000
0.0000
0.0000
0.0000
0.0000
0.0000
0.0000
0.0000
0.0000
0.0000
0.0000
0.0000
0.0000
0.0000
0.0000
0.0000
0.0000
0.0000
0.0000
0.0000
0.0000
0.0000
0.0000
180.6641
180.6641
336.9141
336.9141
444.3359
444.3359
541.9922
541.9922
556.6406
556.6406
517.5781
517.5781
498.0469
498.0469
493.1641
493.1641
493.1641
493.1641
483.3984
483.3984
498.0469
498.0469
527.3437
527.3437
532.2266
532.2266
541.9922
541.9922
556.6406
556.6406
576.1719
576.1719
551.7578
551.7578
488.2812
488.2812
380.8594
380.8594
107.4219
107.4219
0.0000
0.0000
0.0000
0.0000
0.0000
0.0000
0.0000
0.0000
0.0000
0.0000
0.0000
0.0000
0.0000
0.0000
0.0000
0.0000
0.0000
0.0000
0.0000
0.0000
0.0000
0.0000
0.0000
0.0000
0.0000
0.0000
0.0000
0.0000
78.1250
78.1250
219.7266
219.7266
327.1484
327.1484
380.8594
380.8594
385.7422
385.7422
375.9766
375.9766
361.3281
361.3281
356.4453
356.4453
380.8594
380.8594
400.3906
400.3906
400.3906
400.3906
419.9219
419.9219
458.9844
458.9844
493.1641
493.1641
493.1641
493.1641
454.1016
454.1016
429.6875
429.6875
346.6797
346.6797
73.2422
73.2422
0.0000
0.0000
0.0000
0.0000
0.0000
0.0000
0.0000
0.0000
0.0000
0.0000
0.0000
0.0000
0.0000
0.0000
0.0000
0.0000
0.0000
0.0000
0.0000
0.0000
0.0000
0.0000
0.0000
0.0000
0.0000
0.0000
131.8359
131.8359
283.2031
283.2031
400.3906
400.3906
463.8672
463.8672
468.7500
468.7500
483.3984
483.3984
458.9844
458.9844
439.4531
439.4531
454.1016
454.1016
458.9844
473.6328
473.6328
473.6328
498.0469
498.0469
522.4609
522.4609
541.9922
541.9922
537.1094
537.1094
576.1719
576.1719
585.9375
585.9375
551.7578
551.7578
498.0469
498.0469
263.6719
0.0000
0.0000
0.0000
0.0000
0.0000
0.0000
0.0000
0.0000
0.0000
0.0000
0.0000
0.0000
0.0000
0.0000
0.0000
0.0000
0.0000
0.0000
0.0000
0.0000
0.0000
0.0000
0.0000
0.0000
0.0000
0.0000
214.8437
214.8437
214.8437
385.7422
385.7422
498.0469
498.0469
576.1719
610.3516
610.3516
566.4062
566.4062
546.8750
546.8750
532.2266
532.2266
532.2266
532.2266
532.2266
532.2266
527.3437
527.3437
541.9922
541.9922
561.5234
561.5234
576.1719
576.1719
600.5859
600.5859
581.0547
581.0547
541.9922
541.9922
468.7500
468.7500
327.1484
327.1484
43.9453
43.9453
0.0000
0.0000
0.0000
0.0000
0.0000
0.0000
0.0000
0.0000
0.0000
0.0000
0.0000
0.0000
0.0000
0.0000
0.0000
0.0000
0.0000
0.0000
0.0000
0.0000
0.0000
0.0000
0.0000
0.0000
107.4219
107.4219
292.9687
292.9687
429.6875
429.6875
532.2266
532.2266
537.1094
537.1094
527.3437
527.3437
522.4609
522.4609
517.5781
517.5781
498.0469
498.0469
502.9297
502.9297
512.6953
512.6953
541.9922
541.9922
541.9922
541.9922
541.9922
541.9922
556.6406
556.6406
590.8203
590.8203
566.4062
566.4062
512.6953
512.6953
424.8047
424.8047
190.4297
190.4297
0.0000
0.0000
0.0000
0.0000
0.0000
0.0000
0.0000
0.0000
0.0000
0.0000
0.0000
0.0000
0.0000
0.0000
0.0000
0.0000
0.0000
0.0000
0.0000
0.0000
0.0000
0.0000
0.0000
0.0000
0.0000
0.0000
146.4844
146.4844
307.6172
307.6172
419.9219
419.9219
488.2812
488.2812
527.3437
527.3437
522.4609
522.4609
478.5156
478.5156
468.7500
468.7500
468.7500
468.7500
498.0469
498.0469
483.3984
483.3984
488.2812
488.2812
522.4609
522.4609
551.7578
551.7578
566.4062
566.4062
571.2891
571.2891
541.9922
541.9922
507.8125
507.8125
434.5703
434.5703
195.3125
195.3125
0.0000
0.0000
0.0000
0.0000
0.0000
0.0000
0.0000
0.0000
0.0000
0.0000
0.0000
0.0000
0.0000
0.0000
0.0000
0.0000
0.0000
0.0000
0.0000
0.0000
0.0000
0.0000
0.0000
0.0000
0.0000
0.0000
39.0625
39.0625
205.0781
205.0781
322.2656
322.2656
415.0391
415.0391
439.4531
439.4531
444.3359
444.3359
424.8047
424.8047
410.1562
410.1562
400.3906
400.3906
400.3906
400.3906
424.8047
424.8047
478.5156
478.5156
483.3984
483.3984
502.9297
502.9297
517.5781
517.5781
546.8750
546.8750
561.5234
561.5234
532.2266
532.2266
507.8125
507.8125
405.2734
405.2734
92.7734
92.7734
0.0000
0.0000
0.0000
0.0000
0.0000
0.0000
0.0000
0.0000
0.0000
0.0000
0.0000
0.0000
0.0000
0.0000
0.0000
0.0000
0.0000
0.0000
0.0000
0.0000
0.0000
0.0000
0.0000
0.0000
92.7734
92.7734
297.8516
297.8516
449.2187
449.2187
541.9922
541.9922
585.9375
585.9375
551.7578
551.7578
522.4609
522.4609
507.8125
507.8125
488.2812
488.2812
488.2812
488.2812
488.2812
488.2812
507.8125
507.8125
541.9922
541.9922
546.8750
546.8750
571.2891
571.2891
590.8203
590.8203
576.1719
576.1719
546.8750
546.8750
493.1641
493.1641
273.4375
273.4375
0.0000
0.0000
0.0000
0.0000
0.0000
0.0000
0.0000
0.0000
0.0000
0.0000
0.0000
0.0000
0.0000
0.0000
0.0000
0.0000
0.0000
0.0000
0.0000
0.0000
0.0000
0.0000
0.0000
0.0000
0.0000
0.0000
234.3750
234.3750
400.3906
400.3906
507.8125
507.8125
566.4062
566.4062
585.9375
585.9375
576.1719
576.1719
532.2266
532.2266
498.0469
498.0469
473.6328
473.6328
488.2812
488.2812
512.6953
512.6953
517.5781
517.5781
512.6953
512.6953
566.4062
566.4062
595.7031
595.7031
610.3516
610.3516
581.0547
581.0547
527.3437
527.3437
424.8047
424.8047
170.8984
170.8984
0.0000
0.0000
0.0000
0.0000
0.0000
0.0000
0.0000
0.0000
0.0000
0.0000
0.0000
0.0000
0.0000
0.0000
0.0000
0.0000
0.0000
0.0000
0.0000
0.0000
0.0000
0.0000
0.0000
0.0000
0.0000
0.0000
68.3594
68.3594
219.7266
219.7266
366.2109
366.2109
454.1016
454.1016
478.5156
478.5156
444.3359
444.3359
419.9219
419.9219
400.3906
400.3906
410.1562
410.1562
419.9219
419.9219
415.0391
415.0391
458.9844
458.9844
498.0469
498.0469
502.9297
502.9297
512.6953
512.6953
522.4609
522.4609
502.9297
502.9297
449.2187
449.2187
366.2109
366.2109
78.1250
78.1250
0.0000
0.0000
0.0000
0.0000
0.0000
0.0000
0.0000
0.0000
0.0000
0.0000
0.0000
0.0000
0.0000
0.0000
0.0000
0.0000
0.0000
0.0000
0.0000
0.0000
0.0000
0.0000
0.0000
0.0000
24.4141
24.4141
229.4922
229.4922
366.2109
366.2109
473.6328
473.6328
498.0469
498.0469
493.1641
493.1641
483.3984
483.3984
439.4531
439.4531
434.5703
434.5703
439.4531
439.4531
463.8672
463.8672
493.1641
493.1641
493.1641
493.1641
507.8125
507.8125
537.1094
537.1094
561.5234
561.5234
576.1719
576.1719
556.6406
556.6406
541.9922
541.9922
488.2812
488.2812
263.6719
263.6719
0.0000
0.0000
0.0000
0.0000
0.0000
0.0000
0.0000
0.0000
0.0000
0.0000
0.0000
0.0000
0.0000
0.0000
0.0000
0.0000
0.0000
0.0000
0.0000
0.0000
0.0000
0.0000
0.0000
0.0000
0.0000
0.0000
151.3672
151.3672
312.5000
312.5000
419.9219
419.9219
483.3984
483.3984
488.2812
488.2812
458.9844
458.9844
439.4531
439.4531
429.6875
429.6875
449.2187
449.2187
439.4531
439.4531
454.1016
454.1016
488.2812
488.2812
512.6953
512.6953
522.4609
522.4609
537.1094
537.1094
541.9922
541.9922
537.1094
537.1094
473.6328
473.6328
341.7969
341.7969
48.8281
48.8281
0.0000
0.0000
0.0000
0.0000
0.0000
0.0000
0.0000
0.0000
0.0000
0.0000
0.0000
0.0000
0.0000
0.0000
0.0000
0.0000
0.0000
0.0000
0.0000
0.0000
0.0000
0.0000
0.0000
0.0000
219.7266
219.7266
380.8594
380.8594
493.1641
493.1641
581.0547
581.0547
600.5859
600.5859
581.0547
581.0547
532.2266
532.2266
502.9297
502.9297
473.6328
473.6328
488.2812
488.2812
507.8125
507.8125
522.4609
522.4609
537.1094
537.1094
566.4062
566.4062
590.8203
590.8203
610.3516
610.3516
595.7031
595.7031
532.2266
532.2266
483.3984
483.3984
336.9141
336.9141
4.8828
4.8828
0.0000
0.0000
0.0000
0.0000
0.0000
0.0000
0.0000
0.0000
0.0000
0.0000
0.0000
0.0000
0.0000
0.0000
0.0000
0.0000
0.0000
0.0000
0.0000
0.0000
0.0000
0.0000
0.0000
0.0000
131.8359
131.8359
317.3828
317.3828
468.7500
468.7500
537.1094
537.1094
556.6406
556.6406
532.2266
532.2266
502.9297
502.9297
468.7500
468.7500
429.6875
429.6875
449.2187
449.2187
463.8672
463.8672
493.1641
493.1641
527.3437
527.3437
532.2266
532.2266
546.8750
546.8750
537.1094
537.1094
502.9297
502.9297
444.3359
444.3359
297.8516
297.8516
0.0000
0.0000
0.0000
0.0000
0.0000
0.0000
0.0000
0.0000
0.0000
0.0000
0.0000
0.0000
0.0000
0.0000
0.0000
0.0000
0.0000
0.0000
0.0000
0.0000
0.0000
0.0000
0.0000
0.0000
0.0000
0.0000
39.0625
39.0625
253.9062
253.9062
390.6250
390.6250
473.6328
473.6328
517.5781
517.5781
507.8125
507.8125
478.5156
478.5156
434.5703
434.5703
419.9219
419.9219
434.5703
434.5703
449.2187
449.2187
473.6328
473.6328
468.7500
468.7500
478.5156
478.5156
537.1094
537.1094
537.1094
537.1094
546.8750
546.8750
517.5781
517.5781
463.8672
463.8672
346.6797
346.6797
53.7109
53.7109
0.0000
0.0000
0.0000
0.0000
0.0000
0.0000
0.0000
0.0000
0.0000
0.0000
0.0000
0.0000
0.0000
0.0000
0.0000
0.0000
0.0000
0.0000
0.0000
0.0000
0.0000
0.0000
0.0000
0.0000
0.0000
0.0000
0.0000
0.0000
166.0156
166.0156
278.3203
278.3203
356.4453
356.4453
361.3281
361.3281
366.2109
366.2109
366.2109
366.2109
356.4453
356.4453
351.5625
351.5625
366.2109
366.2109
380.8594
380.8594
410.1562
410.1562
434.5703
434.5703
439.4531
439.4531
463.8672
463.8672
488.2812
488.2812
458.9844
458.9844
390.6250
390.6250
229.4922
229.4922
0.0000
0.0000
0.0000
0.0000
0.0000
0.0000
0.0000
0.0000
0.0000
0.0000
0.0000
0.0000
0.0000
0.0000
0.0000
0.0000
0.0000
0.0000
0.0000
0.0000
0.0000
0.0000
0.0000
0.0000
0.0000
0.0000
156.2500
156.2500
312.5000
312.5000
434.5703
434.5703
522.4609
522.4609
546.8750
546.8750
537.1094
537.1094
493.1641
493.1641
473.6328
473.6328
478.5156
478.5156
473.6328
473.6328
498.0469
498.0469
502.9297
502.9297
522.4609
522.4609
541.9922
541.9922
581.0547
581.0547
595.7031
595.7031
561.5234
561.5234
517.5781
517.5781
498.0469
498.0469
375.9766
34.1797
34.1797
34.1797
0.0000
0.0000
0.0000
0.0000
0.0000
0.0000
0.0000
0.0000
0.0000
0.0000
0.0000
0.0000
0.0000
0.0000
0.0000
0.0000
0.0000
0.0000
0.0000
0.0000
0.0000
0.0000
0.0000
161.1328
161.1328
161.1328
356.4453
356.4453
498.0469
498.0469
551.7578
551.7578
581.0547
581.0547
566.4062
566.4062
537.1094
493.1641
493.1641
493.1641
478.5156
478.5156
493.1641
502.9297
502.9297
502.9297
532.2266
532.2266
556.6406
566.4062
566.4062
566.4062
566.4062
571.2891
571.2891
561.5234
561.5234
493.1641
493.1641
366.2109
366.2109
68.3594
68.3594
0.0000
0.0000
0.0000
0.0000
0.0000
0.0000
0.0000
0.0000
0.0000
0.0000
0.0000
0.0000
0.0000
0.0000
0.0000
0.0000
0.0000
0.0000
0.0000
0.0000
0.0000
0.0000
0.0000
0.0000
0.0000
0.0000
175.7812
175.7812
312.5000
312.5000
424.8047
424.8047
493.1641
493.1641
478.5156
478.5156
444.3359
444.3359
415.0391
415.0391
415.0391
415.0391
434.5703
434.5703
439.4531
439.4531
454.1016
454.1016
478.5156
478.5156
493.1641
493.1641
522.4609
522.4609
546.8750
546.8750
561.5234
561.5234
546.8750
546.8750
507.8125
507.8125
473.6328
473.6328
302.7344
302.7344
0.0000
0.0000
0.0000
0.0000
0.0000
0.0000
0.0000
0.0000
0.0000
0.0000
0.0000
0.0000
0.0000
0.0000
0.0000
0.0000
0.0000
0.0000
0.0000
0.0000
0.0000
0.0000
0.0000
0.0000
0.0000
0.0000
9.7656
9.7656
214.8437
214.8437
351.5625
351.5625
429.6875
429.6875
468.7500
468.7500
478.5156
478.5156
458.9844
458.9844
424.8047
424.8047
400.3906
400.3906
429.6875
429.6875
434.5703
434.5703
463.8672
463.8672
483.3984
483.3984
502.9297
502.9297
527.3437
527.3437
541.9922
541.9922
546.8750
546.8750
512.6953
512.6953
449.2187
449.2187
214.8437
214.8437
0.0000
0.0000
0.0000
0.0000
0.0000
0.0000
0.0000
0.0000
0.0000
0.0000
0.0000
0.0000
0.0000
0.0000
0.0000
0.0000
0.0000
0.0000
0.0000
0.0000
0.0000
0.0000
0.0000
0.0000
0.0000
0.0000
166.0156
166.0156
327.1484
327.1484
463.8672
463.8672
546.8750
546.8750
546.8750
546.8750
527.3437
527.3437
478.5156
478.5156
483.3984
483.3984
478.5156
478.5156
473.6328
473.6328
488.2812
488.2812
512.6953
512.6953
541.9922
541.9922
566.4062
566.4062
571.2891
571.2891
581.0547
581.0547
551.7578
551.7578
522.4609
522.4609
444.3359
444.3359
229.4922
229.4922
0.0000
0.0000
0.0000
0.0000
0.0000
0.0000
0.0000
0.0000
0.0000
0.0000
0.0000
0.0000
0.0000
0.0000
0.0000
0.0000
0.0000
0.0000
0.0000
0.0000
0.0000
0.0000
0.0000
0.0000
0.0000
0.0000
224.6094
224.6094
410.1562
410.1562
527.3437
527.3437
620.1172
620.1172
634.7656
634.7656
600.5859
600.5859
556.6406
556.6406
512.6953
512.6953
512.6953
512.6953
517.5781
517.5781
527.3437
527.3437
537.1094
537.1094
532.2266
532.2266
551.7578
551.7578
585.9375
585.9375
581.0547
581.0547
527.3437
527.3437
434.5703
434.5703
229.4922
229.4922
0.0000
0.0000
0.0000
0.0000
0.0000
0.0000
0.0000
0.0000
0.0000
0.0000
0.0000
0.0000
0.0000
0.0000
0.0000
0.0000
0.0000
0.0000
0.0000
0.0000
0.0000
0.0000
0.0000
0.0000
0.0000
0.0000
185.5469
185.5469
356.4453
356.4453
473.6328
473.6328
551.7578
551.7578
551.7578
551.7578
527.3437
527.3437
512.6953
512.6953
493.1641
493.1641
488.2812
488.2812
493.1641
493.1641
502.9297
502.9297
517.5781
517.5781
512.6953
512.6953
546.8750
546.8750
566.4062
566.4062
581.0547
581.0547
585.9375
585.9375
576.1719
576.1719
527.3437
527.3437
366.2109
366.2109
14.6484
14.6484
0.0000
0.0000
0.0000
0.0000
0.0000
0.0000
0.0000
0.0000
0.0000
0.0000
0.0000
0.0000
0.0000
0.0000
0.0000
0.0000
0.0000
0.0000
0.0000
0.0000
0.0000
0.0000
0.0000
0.0000
0.0000
0.0000
43.9453
43.9453
156.2500
156.2500
224.6094
224.6094
312.5000
312.5000
346.6797
346.6797
322.2656
322.2656
317.3828
317.3828
322.2656
322.2656
346.6797
346.6797
361.3281
361.3281
380.8594
380.8594
410.1562
410.1562
429.6875
429.6875
454.1016
454.1016
478.5156
478.5156
478.5156
478.5156
439.4531
439.4531
380.8594
380.8594
214.8437
214.8437
0.0000
0.0000
0.0000
0.0000
0.0000
0.0000
0.0000
0.0000
0.0000
0.0000
0.0000
0.0000
0.0000
0.0000
0.0000
0.0000
0.0000
0.0000
0.0000
0.0000
0.0000
0.0000
0.0000
0.0000
0.0000
0.0000
53.7109
53.7109
219.7266
219.7266
371.0937
371.0937
458.9844
458.9844
473.6328
473.6328
458.9844
458.9844
419.9219
419.9219
439.4531
439.4531
424.8047
424.8047
419.9219
419.9219
449.2187
449.2187
488.2812
488.2812
507.8125
507.8125
522.4609
522.4609
541.9922
541.9922
566.4062
566.4062
556.6406
556.6406
527.3437
527.3437
478.5156
478.5156
283.2031
283.2031
0.0000
0.0000
0.0000
0.0000
0.0000
0.0000
0.0000
0.0000
0.0000
0.0000
0.0000
0.0000
0.0000
0.0000
0.0000
0.0000
0.0000
0.0000
0.0000
0.0000
0.0000
0.0000
0.0000
0.0000
0.0000
0.0000
0.0000
0.0000
92.7734
92.7734
234.3750
234.3750
346.6797
346.6797
419.9219
419.9219
429.6875
429.6875
419.9219
419.9219
371.0937
371.0937
380.8594
380.8594
429.6875
429.6875
429.6875
429.6875
439.4531
439.4531
454.1016
454.1016
502.9297
502.9297
527.3437
527.3437
541.9922
541.9922
537.1094
537.1094
493.1641
493.1641
390.6250
390.6250
131.8359
131.8359
0.0000
0.0000
0.0000
0.0000
0.0000
0.0000
0.0000
0.0000
0.0000
0.0000
0.0000
0.0000
0.0000
0.0000
0.0000
0.0000
0.0000
0.0000
0.0000
0.0000
0.0000
0.0000
0.0000
0.0000
43.9453
43.9453
224.6094
224.6094
385.7422
385.7422
493.1641
493.1641
546.8750
546.8750
551.7578
551.7578
537.1094
537.1094
522.4609
522.4609
532.2266
532.2266
512.6953
512.6953
517.5781
517.5781
522.4609
522.4609
551.7578
551.7578
576.1719
576.1719
595.7031
595.7031
610.3516
610.3516
639.6484
639.6484
610.3516
610.3516
551.7578
551.7578
454.1016
454.1016
205.0781
205.0781
0.0000
0.0000
0.0000
0.0000
0.0000
0.0000
0.0000
0.0000
0.0000
0.0000
0.0000
0.0000
0.0000
0.0000
0.0000
0.0000
0.0000
0.0000
0.0000
0.0000
0.0000
0.0000
0.0000
0.0000
0.0000
0.0000
161.1328
161.1328
322.2656
322.2656
449.2187
449.2187
561.5234
561.5234
585.9375
585.9375
561.5234
561.5234
527.3437
527.3437
517.5781
517.5781
512.6953
512.6953
512.6953
512.6953
522.4609
522.4609
546.8750
546.8750
546.8750
546.8750
595.7031
595.7031
620.1172
620.1172
610.3516
610.3516
576.1719
576.1719
551.7578
551.7578
498.0469
498.0469
229.4922
229.4922
0.0000
0.0000
0.0000
0.0000
0.0000
0.0000
0.0000
0.0000
0.0000
0.0000
0.0000
0.0000
0.0000
0.0000
0.0000
0.0000
0.0000
0.0000
0.0000
0.0000
0.0000
0.0000
0.0000
0.0000
0.0000
0.0000
58.5937
58.5937
244.1406
244.1406
361.3281
361.3281
410.1562
410.1562
439.4531
439.4531
444.3359
444.3359
429.6875
429.6875
415.0391
415.0391
419.9219
419.9219
454.1016
454.1016
468.7500
468.7500
488.2812
488.2812
507.8125
507.8125
522.4609
522.4609
537.1094
537.1094
561.5234
561.5234
561.5234
561.5234
541.9922
541.9922
449.2187
449.2187
185.5469
185.5469
0.0000
0.0000
0.0000
0.0000
0.0000
0.0000
0.0000
0.0000
0.0000
0.0000
0.0000
0.0000
0.0000
0.0000
0.0000
0.0000
0.0000
0.0000
0.0000
0.0000
0.0000
0.0000
0.0000
0.0000
34.1797
34.1797
224.6094
224.6094
346.6797
346.6797
463.8672
463.8672
532.2266
532.2266
527.3437
527.3437
498.0469
498.0469
468.7500
468.7500
493.1641
493.1641
498.0469
498.0469
478.5156
478.5156
488.2812
488.2812
527.3437
527.3437
551.7578
551.7578
581.0547
581.0547
581.0547
581.0547
585.9375
585.9375
527.3437
527.3437
468.7500
468.7500
219.7266
219.7266
0.0000
0.0000
0.0000
0.0000
0.0000
0.0000
0.0000
0.0000
0.0000
0.0000
0.0000
0.0000
0.0000
0.0000
0.0000
0.0000
0.0000
0.0000
0.0000
0.0000
0.0000
0.0000
0.0000
0.0000
0.0000
0.0000
107.4219
107.4219
263.6719
263.6719
400.3906
400.3906
454.1016
454.1016
463.8672
463.8672
473.6328
473.6328
454.1016
454.1016
463.8672
463.8672
429.6875
429.6875
444.3359
444.3359
478.5156
478.5156
502.9297
502.9297
532.2266
532.2266
546.8750
546.8750
576.1719
576.1719
581.0547
581.0547
537.1094
537.1094
493.1641
493.1641
351.5625
351.5625
24.4141
24.4141
0.0000
0.0000
0.0000
0.0000
0.0000
0.0000
0.0000
0.0000
0.0000
0.0000
0.0000
0.0000
0.0000
0.0000
0.0000
0.0000
0.0000
0.0000
0.0000
0.0000
0.0000
0.0000
0.0000
0.0000
53.7109
53.7109
229.4922
229.4922
361.3281
361.3281
458.9844
458.9844
512.6953
512.6953
512.6953
512.6953
488.2812
458.9844
458.9844
458.9844
444.3359
444.3359
458.9844
458.9844
502.9297
502.9297
502.9297
502.9297
522.4609
522.4609
561.5234
561.5234
581.0547
581.0547
566.4062
566.4062
527.3437
502.9297
502.9297
375.9766
375.9766
375.9766
97.6562
97.6562
0.0000
0.0000
0.0000
0.0000
0.0000
0.0000
0.0000
0.0000
0.0000
0.0000
0.0000
0.0000
0.0000
0.0000
0.0000
0.0000
0.0000
0.0000
0.0000
0.0000
0.0000
0.0000
0.0000
107.4219
107.4219
107.4219
292.9687
439.4531
439.4531
527.3437
527.3437
546.8750
546.8750
532.2266
532.2266
517.5781
517.5781
488.2812
488.2812
473.6328
473.6328
498.0469
498.0469
498.0469
498.0469
517.5781
517.5781
546.8750
546.8750
576.1719
576.1719
585.9375
585.9375
585.9375
585.9375
566.4062
566.4062
556.6406
556.6406
493.1641
493.1641
278.3203
278.3203
0.0000
0.0000
0.0000
0.0000
0.0000
0.0000
0.0000
0.0000
0.0000
0.0000
0.0000
0.0000
0.0000
0.0000
0.0000
0.0000
0.0000
0.0000
0.0000
0.0000
0.0000
0.0000
0.0000
0.0000
0.0000
0.0000
146.4844
146.4844
317.3828
317.3828
429.6875
429.6875
488.2812
488.2812
507.8125
507.8125
507.8125
507.8125
449.2187
449.2187
444.3359
444.3359
458.9844
458.9844
478.5156
478.5156
483.3984
483.3984
498.0469
498.0469
522.4609
522.4609
532.2266
532.2266
546.8750
546.8750
546.8750
546.8750
498.0469
498.0469
395.5078
395.5078
146.4844
146.4844
0.0000
0.0000
0.0000
0.0000
0.0000
0.0000
0.0000
0.0000
0.0000
0.0000
0.0000
0.0000
0.0000
0.0000
0.0000
0.0000
0.0000
0.0000
0.0000
0.0000
0.0000
0.0000
0.0000
0.0000
190.4297
190.4297
380.8594
380.8594
502.9297
502.9297
590.8203
590.8203
625.0000
625.0000
605.4687
605.4687
541.9922
541.9922
512.6953
512.6953
532.2266
532.2266
522.4609
522.4609
517.5781
517.5781
527.3437
527.3437
551.7578
551.7578
585.9375
585.9375
590.8203
590.8203
595.7031
595.7031
576.1719
576.1719
512.6953
512.6953
419.9219
419.9219
234.3750
234.3750
0.0000
0.0000
0.0000
0.0000
0.0000
0.0000
0.0000
0.0000
0.0000
0.0000
0.0000
0.0000
0.0000
0.0000
0.0000
0.0000
0.0000
0.0000
0.0000
0.0000
0.0000
0.0000
0.0000
0.0000
0.0000
0.0000
29.2969
29.2969
209.9609
209.9609
341.7969
341.7969
434.5703
434.5703
458.9844
458.9844
444.3359
444.3359
434.5703
434.5703
415.0391
415.0391
380.8594
380.8594
395.5078
395.5078
424.8047
424.8047
458.9844
458.9844
468.7500
468.7500
493.1641
493.1641
527.3437
527.3437
537.1094
537.1094
498.0469
498.0469
434.5703
434.5703
317.3828
317.3828
14.6484
14.6484
0.0000
0.0000
0.0000
0.0000
0.0000
0.0000
0.0000
0.0000
0.0000
0.0000
0.0000
0.0000
0.0000
0.0000
0.0000
0.0000
0.0000
0.0000
0.0000
0.0000
0.0000
0.0000
0.0000
0.0000
92.7734
92.7734
283.2031
283.2031
439.4531
439.4531
556.6406
556.6406
590.8203
590.8203
566.4062
566.4062
546.8750
546.8750
488.2812
488.2812
458.9844
458.9844
473.6328
473.6328
483.3984
483.3984
502.9297
502.9297
512.6953
512.6953
551.7578
551.7578
590.8203
590.8203
581.0547
581.0547
551.7578
551.7578
502.9297
502.9297
429.6875
429.6875
229.4922
229.4922
0.0000
0.0000
0.0000
0.0000
0.0000
0.0000
0.0000
0.0000
0.0000
0.0000
0.0000
0.0000
0.0000
0.0000
0.0000
0.0000
0.0000
0.0000
0.0000
0.0000
0.0000
0.0000
0.0000
0.0000
0.0000
0.0000
0.0000
0.0000
0.0000
0.0000
146.4844
146.4844
234.3750
234.3750
307.6172
307.6172
346.6797
346.6797
336.9141
336.9141
327.1484
327.1484
322.2656
322.2656
346.6797
346.6797
351.5625
351.5625
375.9766
375.9766
415.0391
415.0391
424.8047
424.8047
434.5703
434.5703
473.6328
473.6328
507.8125
507.8125
498.0469
498.0469
468.7500
468.7500
390.6250
390.6250
136.7187
136.7187
0.0000
0.0000
0.0000
0.0000
0.0000
0.0000
0.0000
0.0000
0.0000
0.0000
0.0000
0.0000
0.0000
0.0000
0.0000
0.0000
0.0000
0.0000
0.0000
0.0000
0.0000
0.0000
0.0000
0.0000
24.4141
24.4141
200.1953
200.1953
356.4453
356.4453
478.5156
478.5156
512.6953
512.6953
493.1641
493.1641
483.3984
483.3984
473.6328
473.6328
493.1641
493.1641
468.7500
468.7500
478.5156
478.5156
512.6953
512.6953
537.1094
537.1094
551.7578
551.7578
561.5234
561.5234
581.0547
581.0547
600.5859
600.5859
566.4062
566.4062
532.2266
532.2266
424.8047
424.8047
151.3672
151.3672
0.0000
0.0000
0.0000
0.0000
0.0000
0.0000
0.0000
0.0000
0.0000
0.0000
0.0000
0.0000
0.0000
0.0000
0.0000
0.0000
0.0000
0.0000
0.0000
0.0000
0.0000
0.0000
0.0000
0.0000
0.0000
0.0000
63.4766
63.4766
224.6094
224.6094
336.9141
336.9141
424.8047
424.8047
473.6328
473.6328
478.5156
478.5156
439.4531
439.4531
419.9219
419.9219
434.5703
434.5703
449.2187
449.2187
478.5156
478.5156
502.9297
502.9297
512.6953
512.6953
541.9922
541.9922
561.5234
561.5234
556.6406
556.6406
522.4609
522.4609
473.6328
473.6328
351.5625
351.5625
39.0625
39.0625
0.0000
0.0000
0.0000
0.0000
0.0000
0.0000
0.0000
0.0000
0.0000
0.0000
0.0000
0.0000
0.0000
0.0000
0.0000
0.0000
0.0000
0.0000
0.0000
0.0000
0.0000
0.0000
0.0000
0.0000
0.0000
0.0000
185.5469
185.5469
351.5625
351.5625
454.1016
454.1016
498.0469
498.0469
502.9297
502.9297
468.7500
468.7500
468.7500
468.7500
468.7500
468.7500
463.8672
463.8672
483.3984
483.3984
512.6953
512.6953
546.8750
546.8750
556.6406
556.6406
566.4062
566.4062
585.9375
585.9375
590.8203
590.8203
585.9375
585.9375
527.3437
527.3437
410.1562
410.1562
166.0156
166.0156
0.0000
0.0000
0.0000
0.0000
0.0000
0.0000
0.0000
0.0000
0.0000
0.0000
0.0000
0.0000
0.0000
0.0000
0.0000
0.0000
0.0000
0.0000
0.0000
0.0000
0.0000
0.0000
0.0000
0.0000
0.0000
0.0000
0.0000
0.0000
126.9531
126.9531
292.9687
292.9687
375.9766
375.9766
419.9219
419.9219
434.5703
434.5703
419.9219
419.9219
410.1562
410.1562
424.8047
424.8047
454.1016
454.1016
468.7500
468.7500
468.7500
468.7500
488.2812
488.2812
522.4609
522.4609
561.5234
561.5234
576.1719
576.1719
551.7578
551.7578
507.8125
507.8125
473.6328
473.6328
244.1406
244.1406
0.0000
0.0000
0.0000
0.0000
0.0000
0.0000
0.0000
0.0000
0.0000
0.0000
0.0000
0.0000
0.0000
0.0000
0.0000
0.0000
0.0000
0.0000
0.0000
0.0000
0.0000
0.0000
0.0000
0.0000
0.0000
0.0000
166.0156
166.0156
361.3281
361.3281
463.8672
463.8672
551.7578
551.7578
605.4687
605.4687
600.5859
600.5859
571.2891
571.2891
537.1094
537.1094
532.2266
532.2266
527.3437
527.3437
532.2266
532.2266
576.1719
576.1719
595.7031
595.7031
600.5859
600.5859
625.0000
625.0000
649.4141
649.4141
659.1797
659.1797
590.8203
590.8203
512.6953
512.6953
390.6250
390.6250
112.3047
112.3047
0.0000
0.0000
0.0000
0.0000
0.0000
0.0000
0.0000
0.0000
0.0000
0.0000
0.0000
0.0000
0.0000
0.0000
0.0000
0.0000
0.0000
0.0000
0.0000
0.0000
0.0000
0.0000
0.0000
0.0000
0.0000
0.0000
97.6562
97.6562
297.8516
297.8516
439.4531
439.4531
512.6953
512.6953
512.6953
512.6953
502.9297
502.9297
493.1641
493.1641
468.7500
468.7500
483.3984
483.3984
468.7500
468.7500
488.2812
488.2812
532.2266
532.2266
541.9922
541.9922
561.5234
561.5234
571.2891
571.2891
561.5234
561.5234
541.9922
541.9922
473.6328
473.6328
283.2031
283.2031
0.0000
0.0000
0.0000
0.0000
0.0000
0.0000
0.0000
0.0000
0.0000
0.0000
0.0000
0.0000
0.0000
0.0000
0.0000
0.0000
0.0000
0.0000
0.0000
0.0000
0.0000
0.0000
0.0000
0.0000
0.0000
0.0000
48.8281
48.8281
244.1406
244.1406
375.9766
375.9766
458.9844
458.9844
507.8125
507.8125
532.2266
532.2266
502.9297
502.9297
478.5156
478.5156
483.3984
483.3984
488.2812
488.2812
502.9297
502.9297
517.5781
517.5781
527.3437
527.3437
546.8750
546.8750
571.2891
571.2891
605.4687
605.4687
605.4687
605.4687
590.8203
590.8203
556.6406
556.6406
488.2812
488.2812
283.2031
283.2031
0.0000
0.0000
0.0000
0.0000
0.0000
0.0000
0.0000
0.0000
0.0000
0.0000
0.0000
0.0000
0.0000
0.0000
0.0000
0.0000
0.0000
0.0000
0.0000
0.0000
0.0000
0.0000
0.0000
0.0000
19.5312
19.5312
239.2578
239.2578
400.3906
400.3906
517.5781
517.5781
595.7031
595.7031
610.3516
610.3516
610.3516
610.3516
590.8203
590.8203
551.7578
551.7578
527.3437
527.3437
517.5781
517.5781
537.1094
537.1094
576.1719
576.1719
581.0547
581.0547
585.9375
585.9375
600.5859
600.5859
610.3516
576.1719
576.1719
576.1719
483.3984
483.3984
312.5000
312.5000
0.0000
0.0000
0.0000
0.0000
0.0000
0.0000
0.0000
0.0000
0.0000
0.0000
0.0000
0.0000
0.0000
0.0000
0.0000
0.0000
0.0000
0.0000
0.0000
0.0000
0.0000
0.0000
0.0000
0.0000
0.0000
0.0000
48.8281
48.8281
229.4922
229.4922
380.8594
493.1641
493.1641
493.1641
541.9922
541.9922
566.4062
566.4062
532.2266
532.2266
502.9297
502.9297
468.7500
468.7500
478.5156
507.8125
507.8125
502.9297
502.9297
512.6953
512.6953
541.9922
541.9922
566.4062
566.4062
585.9375
585.9375
581.0547
581.0547
556.6406
556.6406
546.8750
546.8750
473.6328
473.6328
258.7891
258.7891
0.0000
0.0000
0.0000
0.0000
0.0000
0.0000
0.0000
0.0000
0.0000
0.0000
0.0000
0.0000
0.0000
0.0000
0.0000
0.0000
0.0000
0.0000
0.0000
0.0000
0.0000
0.0000
0.0000
0.0000
0.0000
0.0000
131.8359
131.8359
307.6172
307.6172
449.2187
449.2187
541.9922
541.9922
581.0547
581.0547
561.5234
561.5234
522.4609
522.4609
498.0469
498.0469
498.0469
498.0469
483.3984
483.3984
507.8125
507.8125
522.4609
522.4609
532.2266
532.2266
527.3437
527.3437
556.6406
556.6406
590.8203
590.8203
576.1719
576.1719
522.4609
522.4609
424.8047
424.8047
166.0156
166.0156
0.0000
0.0000
0.0000
0.0000
0.0000
0.0000
0.0000
0.0000
0.0000
0.0000
0.0000
0.0000
0.0000
0.0000
0.0000
0.0000
0.0000
0.0000
0.0000
0.0000
0.0000
0.0000
0.0000
