703.1250
625.0000
625.0000
576.1719
576.1719
566.4062
566.4062
576.1719
576.1719
590.8203
590.8203
625.0000
625.0000
664.0625
664.0625
683.5937
683.5937
698.2422
698.2422
693.3594
693.3594
634.7656
634.7656
571.2891
571.2891
415.0391
415.0391
53.7109
53.7109
0.0000
0.0000
0.0000
0.0000
0.0000
0.0000
0.0000
0.0000
0.0000
0.0000
0.0000
0.0000
0.0000
0.0000
0.0000
0.0000
0.0000
0.0000
0.0000
0.0000
0.0000
0.0000
0.0000
0.0000
0.0000
0.0000
283.2031
283.2031
532.2266
532.2266
698.2422
698.2422
791.0156
791.0156
820.3125
820.3125
795.8984
795.8984
727.5391
727.5391
644.5312
644.5312
585.9375
585.9375
566.4062
566.4062
561.5234
561.5234
561.5234
561.5234
590.8203
590.8203
620.1172
620.1172
644.5312
644.5312
664.0625
664.0625
683.5937
683.5937
668.9453
668.9453
639.6484
639.6484
590.8203
590.8203
424.8047
424.8047
24.4141
24.4141
0.0000
0.0000
0.0000
0.0000
0.0000
0.0000
0.0000
0.0000
0.0000
0.0000
0.0000
0.0000
0.0000
0.0000
0.0000
0.0000
0.0000
0.0000
0.0000
0.0000
0.0000
0.0000
0.0000
0.0000
0.0000
0.0000
200.1953
200.1953
444.3359
444.3359
600.5859
600.5859
688.4766
688.4766
698.2422
698.2422
678.7109
678.7109
634.7656
634.7656
571.2891
571.2891
541.9922
541.9922
527.3437
527.3437
522.4609
522.4609
532.2266
532.2266
556.6406
556.6406
581.0547
581.0547
610.3516
610.3516
639.6484
639.6484
659.1797
659.1797
629.8828
629.8828
566.4062
566.4062
478.5156
478.5156
258.7891
258.7891
0.0000
0.0000
0.0000
0.0000
0.0000
0.0000
0.0000
0.0000
0.0000
0.0000
0.0000
0.0000
0.0000
0.0000
0.0000
0.0000
0.0000
0.0000
0.0000
0.0000
0.0000
0.0000
0.0000
0.0000
0.0000
0.0000
0.0000
0.0000
166.0156
166.0156
439.4531
439.4531
620.1172
620.1172
717.7734
717.7734
756.8359
756.8359
732.4219
732.4219
668.9453
668.9453
610.3516
610.3516
571.2891
571.2891
546.8750
546.8750
561.5234
561.5234
585.9375
585.9375
605.4687
605.4687
615.2344
615.2344
634.7656
634.7656
668.9453
668.9453
678.7109
678.7109
659.1797
659.1797
595.7031
595.7031
541.9922
541.9922
351.5625
351.5625
0.0000
0.0000
0.0000
0.0000
0.0000
0.0000
0.0000
0.0000
0.0000
0.0000
0.0000
0.0000
0.0000
0.0000
0.0000
0.0000
0.0000
0.0000
0.0000
0.0000
0.0000
0.0000
0.0000
0.0000
0.0000
0.0000
107.4219
107.4219
434.5703
434.5703
688.4766
688.4766
844.7266
844.7266
927.7344
927.7344
937.5000
937.5000
878.9062
878.9062
800.7812
800.7812
708.0078
708.0078
644.5312
644.5312
620.1172
620.1172
629.8828
629.8828
659.1797
659.1797
688.4766
688.4766
717.7734
717.7734
712.8906
712.8906
732.4219
732.4219
722.6562
722.6562
698.2422
698.2422
654.2969
654.2969
546.8750
546.8750
209.9609
209.9609
0.0000
0.0000
0.0000
0.0000
0.0000
0.0000
0.0000
0.0000
0.0000
0.0000
0.0000
0.0000
0.0000
0.0000
0.0000
0.0000
0.0000
0.0000
0.0000
0.0000
0.0000
0.0000
0.0000
0.0000
0.0000
0.0000
0.0000
0.0000
185.5469
185.5469
429.6875
429.6875
590.8203
590.8203
693.3594
693.3594
722.6562
722.6562
698.2422
698.2422
639.6484
639.6484
571.2891
571.2891
527.3437
527.3437
502.9297
502.9297
532.2266
532.2266
556.6406
556.6406
585.9375
585.9375
634.7656
634.7656
673.8281
673.8281
688.4766
688.4766
683.5937
683.5937
664.0625
664.0625
649.4141
649.4141
615.2344
615.2344
419.9219
419.9219
14.6484
14.6484
0.0000
0.0000
0.0000
0.0000
0.0000
0.0000
0.0000
0.0000
0.0000
0.0000
0.0000
0.0000
0.0000
0.0000
0.0000
0.0000
0.0000
0.0000
0.0000
0.0000
0.0000
0.0000
0.0000
0.0000
209.9609
209.9609
493.1641
493.1641
712.8906
712.8906
859.3750
859.3750
922.8516
922.8516
898.4375
898.4375
815.4297
815.4297
732.4219
732.4219
668.9453
668.9453
620.1172
620.1172
600.5859
600.5859
620.1172
620.1172
654.2969
654.2969
683.5937
683.5937
698.2422
698.2422
722.6562
722.6562
737.3047
737.3047
732.4219
732.4219
698.2422
698.2422
659.1797
659.1797
517.5781
517.5781
175.7812
175.7812
0.0000
0.0000
0.0000
0.0000
0.0000
0.0000
0.0000
0.0000
0.0000
0.0000
0.0000
0.0000
0.0000
0.0000
0.0000
0.0000
0.0000
0.0000
0.0000
0.0000
0.0000
0.0000
0.0000
0.0000
0.0000
0.0000
53.7109
53.7109
327.1484
327.1484
527.3437
527.3437
668.9453
668.9453
742.1875
742.1875
751.9531
751.9531
717.7734
717.7734
654.2969
654.2969
595.7031
595.7031
541.9922
541.9922
537.1094
537.1094
546.8750
546.8750
571.2891
571.2891
595.7031
595.7031
629.8828
629.8828
654.2969
654.2969
654.2969
654.2969
634.7656
634.7656
600.5859
600.5859
556.6406
556.6406
351.5625
351.5625
0.0000
0.0000
0.0000
0.0000
0.0000
0.0000
0.0000
0.0000
0.0000
0.0000
0.0000
0.0000
0.0000
0.0000
0.0000
0.0000
0.0000
0.0000
0.0000
0.0000
0.0000
0.0000
0.0000
0.0000
0.0000
0.0000
14.6484
14.6484
297.8516
297.8516
541.9922
541.9922
708.0078
708.0078
795.8984
795.8984
800.7812
800.7812
766.6016
766.6016
708.0078
708.0078
639.6484
639.6484
571.2891
571.2891
546.8750
546.8750
546.8750
546.8750
576.1719
576.1719
605.4687
605.4687
649.4141
649.4141
688.4766
688.4766
712.8906
712.8906
708.0078
708.0078
703.1250
703.1250
668.9453
668.9453
600.5859
600.5859
385.7422
385.7422
0.0000
0.0000
0.0000
0.0000
0.0000
0.0000
0.0000
0.0000
0.0000
0.0000
0.0000
0.0000
0.0000
0.0000
0.0000
0.0000
0.0000
0.0000
0.0000
0.0000
0.0000
0.0000
0.0000
0.0000
0.0000
0.0000
0.0000
0.0000
151.3672
151.3672
410.1562
410.1562
615.2344
615.2344
742.1875
742.1875
786.1328
786.1328
771.4844
771.4844
712.8906
712.8906
644.5312
644.5312
585.9375
585.9375
561.5234
561.5234
537.1094
537.1094
556.6406
556.6406
595.7031
595.7031
644.5312
644.5312
668.9453
668.9453
678.7109
678.7109
688.4766
688.4766
664.0625
664.0625
629.8828
629.8828
566.4062
566.4062
366.2109
366.2109
0.0000
0.0000
0.0000
0.0000
0.0000
0.0000
0.0000
0.0000
0.0000
0.0000
0.0000
0.0000
0.0000
0.0000
0.0000
0.0000
0.0000
0.0000
0.0000
0.0000
0.0000
0.0000
0.0000
0.0000
0.0000
0.0000
175.7812
175.7812
439.4531
439.4531
639.6484
639.6484
781.2500
781.2500
859.3750
859.3750
869.1406
869.1406
825.1953
737.3047
737.3047
737.3047
654.2969
654.2969
605.4687
605.4687
581.0547
581.0547
571.2891
571.2891
581.0547
581.0547
625.0000
625.0000
678.7109
678.7109
712.8906
712.8906
732.4219
742.1875
742.1875
717.7734
717.7734
717.7734
654.2969
654.2969
561.5234
561.5234
278.3203
278.3203
0.0000
0.0000
0.0000
0.0000
0.0000
0.0000
0.0000
0.0000
0.0000
0.0000
0.0000
0.0000
0.0000
0.0000
0.0000
0.0000
0.0000
0.0000
0.0000
0.0000
0.0000
0.0000
0.0000
0.0000
0.0000
58.5937
58.5937
332.0312
332.0312
541.9922
541.9922
673.8281
673.8281
732.4219
732.4219
751.9531
751.9531
727.5391
727.5391
668.9453
668.9453
605.4687
605.4687
561.5234
561.5234
541.9922
541.9922
537.1094
537.1094
551.7578
551.7578
590.8203
590.8203
625.0000
625.0000
654.2969
654.2969
673.8281
673.8281
668.9453
668.9453
625.0000
625.0000
571.2891
571.2891
410.1562
410.1562
29.2969
29.2969
0.0000
0.0000
0.0000
0.0000
0.0000
0.0000
0.0000
0.0000
0.0000
0.0000
0.0000
0.0000
0.0000
0.0000
0.0000
0.0000
0.0000
0.0000
0.0000
0.0000
0.0000
0.0000
0.0000
0.0000
9.7656
9.7656
278.3203
278.3203
502.9297
502.9297
649.4141
649.4141
732.4219
732.4219
751.9531
751.9531
742.1875
742.1875
693.3594
693.3594
634.7656
634.7656
585.9375
585.9375
566.4062
566.4062
556.6406
556.6406
576.1719
576.1719
590.8203
590.8203
615.2344
615.2344
634.7656
634.7656
659.1797
659.1797
678.7109
678.7109
673.8281
673.8281
644.5312
644.5312
590.8203
590.8203
385.7422
385.7422
0.0000
0.0000
0.0000
0.0000
0.0000
0.0000
0.0000
0.0000
0.0000
0.0000
0.0000
0.0000
0.0000
0.0000
0.0000
0.0000
0.0000
0.0000
0.0000
0.0000
0.0000
0.0000
0.0000
0.0000
0.0000
0.0000
0.0000
0.0000
39.0625
39.0625
312.5000
312.5000
512.6953
512.6953
629.8828
629.8828
693.3594
693.3594
703.1250
703.1250
644.5312
644.5312
585.9375
585.9375
541.9922
541.9922
512.6953
512.6953
512.6953
512.6953
532.2266
532.2266
566.4062
566.4062
585.9375
585.9375
620.1172
620.1172
654.2969
654.2969
668.9453
668.9453
644.5312
644.5312
610.3516
610.3516
576.1719
576.1719
385.7422
385.7422
0.0000
0.0000
0.0000
0.0000
0.0000
0.0000
0.0000
0.0000
0.0000
0.0000
0.0000
0.0000
0.0000
0.0000
0.0000
0.0000
0.0000
0.0000
0.0000
0.0000
0.0000
0.0000
0.0000
0.0000
0.0000
0.0000
73.2422
73.2422
385.7422
385.7422
639.6484
639.6484
791.0156
791.0156
869.1406
869.1406
878.9062
878.9062
825.1953
825.1953
751.9531
751.9531
678.7109
678.7109
615.2344
615.2344
605.4687
605.4687
610.3516
610.3516
629.8828
629.8828
654.2969
654.2969
683.5937
683.5937
712.8906
712.8906
751.9531
751.9531
756.8359
756.8359
712.8906
712.8906
668.9453
668.9453
610.3516
610.3516
351.5625
351.5625
0.0000
0.0000
0.0000
0.0000
0.0000
0.0000
0.0000
0.0000
0.0000
0.0000
0.0000
0.0000
0.0000
0.0000
0.0000
0.0000
0.0000
0.0000
0.0000
0.0000
0.0000
0.0000
0.0000
0.0000
0.0000
0.0000
0.0000
0.0000
126.9531
126.9531
390.6250
390.6250
571.2891
571.2891
673.8281
673.8281
717.7734
717.7734
698.2422
698.2422
668.9453
668.9453
615.2344
615.2344
556.6406
556.6406
532.2266
532.2266
532.2266
532.2266
556.6406
556.6406
571.2891
571.2891
595.7031
595.7031
634.7656
634.7656
668.9453
668.9453
673.8281
673.8281
659.1797
659.1797
639.6484
639.6484
517.5781
517.5781
175.7812
175.7812
0.0000
0.0000
0.0000
0.0000
0.0000
0.0000
0.0000
0.0000
0.0000
0.0000
0.0000
0.0000
0.0000
0.0000
0.0000
0.0000
0.0000
0.0000
0.0000
0.0000
0.0000
0.0000
0.0000
0.0000
102.5391
102.5391
400.3906
400.3906
664.0625
664.0625
830.0781
830.0781
922.8516
922.8516
942.3828
942.3828
903.3203
903.3203
820.3125
820.3125
737.3047
737.3047
668.9453
668.9453
629.8828
629.8828
620.1172
620.1172
644.5312
644.5312
683.5937
683.5937
732.4219
732.4219
747.0703
747.0703
766.6016
766.6016
776.3672
776.3672
756.8359
756.8359
727.5391
727.5391
673.8281
673.8281
473.6328
473.6328
58.5937
58.5937
0.0000
0.0000
0.0000
0.0000
0.0000
0.0000
0.0000
0.0000
0.0000
0.0000
0.0000
0.0000
0.0000
0.0000
0.0000
0.0000
0.0000
0.0000
0.0000
0.0000
0.0000
0.0000
0.0000
0.0000
34.1797
34.1797
346.6797
346.6797
605.4687
605.4687
781.2500
781.2500
854.4922
854.4922
854.4922
854.4922
800.7812
800.7812
732.4219
732.4219
664.0625
664.0625
610.3516
610.3516
585.9375
585.9375
581.0547
581.0547
600.5859
600.5859
634.7656
634.7656
659.1797
659.1797
673.8281
673.8281
703.1250
703.1250
703.1250
703.1250
668.9453
668.9453
639.6484
639.6484
576.1719
576.1719
273.4375
273.4375
0.0000
0.0000
0.0000
0.0000
0.0000
0.0000
0.0000
0.0000
0.0000
0.0000
0.0000
0.0000
0.0000
0.0000
0.0000
0.0000
0.0000
0.0000
0.0000
0.0000
0.0000
0.0000
0.0000
0.0000
0.0000
0.0000
263.6719
263.6719
527.3437
527.3437
732.4219
732.4219
844.7266
844.7266
869.1406
869.1406
839.8437
839.8437
747.0703
747.0703
664.0625
664.0625
605.4687
605.4687
576.1719
576.1719
576.1719
576.1719
595.7031
595.7031
629.8828
629.8828
664.0625
664.0625
678.7109
678.7109
688.4766
688.4766
693.3594
693.3594
688.4766
688.4766
654.2969
654.2969
620.1172
620.1172
512.6953
512.6953
170.8984
170.8984
0.0000
0.0000
0.0000
0.0000
0.0000
0.0000
0.0000
0.0000
0.0000
0.0000
0.0000
0.0000
0.0000
0.0000
0.0000
0.0000
0.0000
0.0000
0.0000
0.0000
0.0000
0.0000
0.0000
0.0000
0.0000
0.0000
43.9453
43.9453
336.9141
336.9141
556.6406
556.6406
698.2422
698.2422
766.6016
766.6016
771.4844
771.4844
722.6562
722.6562
649.4141
649.4141
576.1719
576.1719
522.4609
522.4609
502.9297
502.9297
517.5781
517.5781
546.8750
546.8750
585.9375
585.9375
625.0000
625.0000
644.5312
644.5312
629.8828
629.8828
595.7031
595.7031
561.5234
561.5234
522.4609
522.4609
292.9687
292.9687
0.0000
0.0000
0.0000
0.0000
0.0000
0.0000
0.0000
0.0000
0.0000
0.0000
0.0000
0.0000
0.0000
0.0000
0.0000
0.0000
0.0000
0.0000
0.0000
0.0000
0.0000
0.0000
0.0000
0.0000
0.0000
0.0000
43.9453
43.9453
336.9141
336.9141
571.2891
571.2891
737.3047
737.3047
825.1953
825.1953
839.8437
839.8437
786.1328
786.1328
708.0078
708.0078
625.0000
625.0000
566.4062
566.4062
532.2266
532.2266
546.8750
546.8750
571.2891
571.2891
600.5859
600.5859
629.8828
629.8828
664.0625
664.0625
703.1250
703.1250
708.0078
708.0078
668.9453
668.9453
625.0000
625.0000
581.0547
581.0547
375.9766
375.9766
0.0000
0.0000
0.0000
0.0000
0.0000
0.0000
0.0000
0.0000
0.0000
0.0000
0.0000
0.0000
0.0000
0.0000
0.0000
0.0000
0.0000
0.0000
0.0000
0.0000
0.0000
0.0000
0.0000
0.0000
0.0000
0.0000
0.0000
0.0000
53.7109
53.7109
307.6172
307.6172
488.2812
488.2812
620.1172
620.1172
683.5937
683.5937
688.4766
688.4766
654.2969
654.2969
590.8203
590.8203
532.2266
532.2266
502.9297
502.9297
498.0469
498.0469
502.9297
502.9297
541.9922
541.9922
585.9375
585.9375
610.3516
610.3516
625.0000
625.0000
659.1797
659.1797
664.0625
664.0625
634.7656
634.7656
585.9375
585.9375
405.2734
405.2734
0.0000
0.0000
0.0000
0.0000
0.0000
0.0000
0.0000
0.0000
0.0000
0.0000
0.0000
0.0000
0.0000
0.0000
0.0000
0.0000
0.0000
0.0000
0.0000
0.0000
0.0000
0.0000
0.0000
0.0000
0.0000
0.0000
0.0000
0.0000
224.6094
224.6094
458.9844
458.9844
625.0000
625.0000
717.7734
717.7734
751.9531
751.9531
737.3047
737.3047
678.7109
678.7109
600.5859
600.5859
561.5234
561.5234
541.9922
541.9922
541.9922
541.9922
571.2891
571.2891
610.3516
610.3516
649.4141
649.4141
678.7109
678.7109
693.3594
693.3594
703.1250
703.1250
673.8281
673.8281
654.2969
654.2969
634.7656
634.7656
512.6953
512.6953
126.9531
126.9531
0.0000
0.0000
0.0000
0.0000
0.0000
0.0000
0.0000
0.0000
0.0000
0.0000
0.0000
0.0000
0.0000
0.0000
0.0000
0.0000
0.0000
0.0000
0.0000
0.0000
0.0000
0.0000
0.0000
0.0000
0.0000
0.0000
190.4297
190.4297
458.9844
458.9844
659.1797
659.1797
776.3672
776.3672
825.1953
825.1953
834.9609
834.9609
786.1328
786.1328
703.1250
703.1250
634.7656
634.7656
595.7031
595.7031
581.0547
581.0547
590.8203
590.8203
620.1172
644.5312
644.5312
644.5312
673.8281
673.8281
717.7734
717.7734
727.5391
727.5391
703.1250
703.1250
659.1797
659.1797
615.2344
615.2344
424.8047
424.8047
19.5312
19.5312
0.0000
0.0000
0.0000
0.0000
0.0000
0.0000
0.0000
0.0000
0.0000
0.0000
0.0000
0.0000
0.0000
0.0000
0.0000
0.0000
0.0000
0.0000
0.0000
0.0000
0.0000
0.0000
0.0000
0.0000
0.0000
0.0000
229.4922
229.4922
498.0469
498.0469
698.2422
698.2422
810.5469
854.4922
854.4922
820.3125
820.3125
747.0703
747.0703
668.9453
668.9453
605.4687
605.4687
556.6406
556.6406
541.9922
541.9922
566.4062
566.4062
610.3516
610.3516
654.2969
654.2969
673.8281
673.8281
703.1250
703.1250
727.5391
727.5391
722.6562
722.6562
693.3594
693.3594
688.4766
688.4766
620.1172
620.1172
332.0312
332.0312
0.0000
0.0000
0.0000
0.0000
0.0000
0.0000
0.0000
0.0000
0.0000
0.0000
0.0000
0.0000
0.0000
0.0000
0.0000
0.0000
0.0000
0.0000
0.0000
0.0000
0.0000
0.0000
0.0000
0.0000
0.0000
0.0000
190.4297
190.4297
468.7500
468.7500
668.9453
668.9453
795.8984
795.8984
864.2578
864.2578
854.4922
854.4922
791.0156
791.0156
683.5937
683.5937
615.2344
615.2344
556.6406
556.6406
556.6406
556.6406
566.4062
566.4062
595.7031
595.7031
634.7656
634.7656
673.8281
673.8281
703.1250
703.1250
717.7734
717.7734
678.7109
678.7109
625.0000
625.0000
556.6406
556.6406
361.3281
361.3281
0.0000
0.0000
0.0000
0.0000
0.0000
0.0000
0.0000
0.0000
0.0000
0.0000
0.0000
0.0000
0.0000
0.0000
0.0000
0.0000
0.0000
0.0000
0.0000
0.0000
0.0000
0.0000
0.0000
0.0000
0.0000
0.0000
117.1875
117.1875
419.9219
419.9219
678.7109
678.7109
834.9609
834.9609
913.0859
913.0859
917.9687
917.9687
883.7891
883.7891
795.8984
795.8984
717.7734
717.7734
634.7656
634.7656
585.9375
585.9375
566.4062
566.4062
581.0547
581.0547
610.3516
610.3516
629.8828
629.8828
664.0625
664.0625
698.2422
698.2422
722.6562
722.6562
698.2422
698.2422
639.6484
639.6484
581.0547
581.0547
375.9766
375.9766
0.0000
0.0000
0.0000
0.0000
0.0000
0.0000
0.0000
0.0000
0.0000
0.0000
0.0000
0.0000
0.0000
0.0000
0.0000
0.0000
0.0000
0.0000
0.0000
0.0000
0.0000
0.0000
0.0000
0.0000
0.0000
0.0000
0.0000
0.0000
14.6484
14.6484
312.5000
312.5000
546.8750
546.8750
688.4766
688.4766
761.7187
761.7187
776.3672
776.3672
742.1875
742.1875
668.9453
668.9453
595.7031
595.7031
537.1094
537.1094
512.6953
512.6953
517.5781
517.5781
527.3437
527.3437
556.6406
556.6406
595.7031
595.7031
620.1172
620.1172
644.5312
644.5312
634.7656
634.7656
610.3516
610.3516
581.0547
581.0547
434.5703
434.5703
83.0078
83.0078
0.0000
0.0000
0.0000
0.0000
0.0000
0.0000
0.0000
0.0000
0.0000
0.0000
0.0000
0.0000
0.0000
0.0000
0.0000
0.0000
0.0000
0.0000
0.0000
0.0000
0.0000
0.0000
0.0000
0.0000
112.3047
112.3047
371.0937
371.0937
581.0547
581.0547
732.4219
732.4219
800.7812
800.7812
810.5469
810.5469
766.6016
766.6016
708.0078
708.0078
644.5312
644.5312
595.7031
595.7031
571.2891
571.2891
561.5234
561.5234
576.1719
576.1719
600.5859
600.5859
639.6484
639.6484
659.1797
659.1797
678.7109
678.7109
683.5937
683.5937
668.9453
668.9453
634.7656
634.7656
585.9375
585.9375
410.1562
410.1562
29.2969
29.2969
0.0000
0.0000
0.0000
0.0000
0.0000
0.0000
0.0000
0.0000
0.0000
0.0000
0.0000
0.0000
0.0000
0.0000
0.0000
0.0000
0.0000
0.0000
0.0000
0.0000
0.0000
0.0000
0.0000
0.0000
78.1250
78.1250
375.9766
375.9766
605.4687
605.4687
766.6016
766.6016
844.7266
844.7266
844.7266
844.7266
810.5469
810.5469
737.3047
737.3047
649.4141
649.4141
585.9375
585.9375
561.5234
561.5234
556.6406
556.6406
561.5234
561.5234
590.8203
590.8203
629.8828
629.8828
659.1797
659.1797
678.7109
678.7109
668.9453
668.9453
639.6484
639.6484
590.8203
590.8203
478.5156
478.5156
151.3672
151.3672
0.0000
0.0000
0.0000
0.0000
0.0000
0.0000
0.0000
0.0000
0.0000
0.0000
0.0000
0.0000
0.0000
0.0000
0.0000
0.0000
0.0000
0.0000
0.0000
0.0000
0.0000
0.0000
0.0000
0.0000
0.0000
0.0000
0.0000
0.0000
180.6641
180.6641
410.1562
410.1562
541.9922
541.9922
590.8203
590.8203
595.7031
595.7031
561.5234
561.5234
507.8125
507.8125
468.7500
468.7500
454.1016
454.1016
444.3359
444.3359
468.7500
468.7500
498.0469
498.0469
532.2266
532.2266
556.6406
556.6406
585.9375
585.9375
629.8828
629.8828
634.7656
634.7656
610.3516
610.3516
590.8203
590.8203
488.2812
488.2812
170.8984
170.8984
0.0000
0.0000
0.0000
0.0000
0.0000
0.0000
0.0000
0.0000
0.0000
0.0000
0.0000
0.0000
0.0000
0.0000
0.0000
0.0000
0.0000
0.0000
0.0000
0.0000
0.0000
0.0000
0.0000
0.0000
0.0000
0.0000
151.3672
151.3672
439.4531
439.4531
644.5312
644.5312
771.4844
771.4844
825.1953
825.1953
815.4297
815.4297
761.7187
761.7187
698.2422
698.2422
644.5312
644.5312
600.5859
600.5859
581.0547
581.0547
595.7031
595.7031
615.2344
615.2344
644.5312
644.5312
664.0625
664.0625
683.5937
683.5937
698.2422
698.2422
698.2422
698.2422
688.4766
688.4766
664.0625
664.0625
502.9297
502.9297
97.6562
97.6562
0.0000
0.0000
0.0000
0.0000
0.0000
0.0000
0.0000
0.0000
0.0000
0.0000
0.0000
0.0000
0.0000
0.0000
0.0000
0.0000
0.0000
0.0000
0.0000
0.0000
0.0000
0.0000
0.0000
0.0000
0.0000
0.0000
166.0156
166.0156
449.2187
449.2187
644.5312
644.5312
761.7187
761.7187
810.5469
810.5469
800.7812
800.7812
747.0703
747.0703
683.5937
683.5937
620.1172
620.1172
576.1719
576.1719
566.4062
566.4062
585.9375
585.9375
605.4687
605.4687
629.8828
629.8828
668.9453
668.9453
693.3594
693.3594
708.0078
708.0078
698.2422
698.2422
698.2422
698.2422
678.7109
678.7109
522.4609
522.4609
126.9531
126.9531
0.0000
0.0000
0.0000
0.0000
0.0000
0.0000
0.0000
0.0000
0.0000
0.0000
0.0000
0.0000
0.0000
0.0000
0.0000
0.0000
0.0000
0.0000
0.0000
0.0000
0.0000
0.0000
0.0000
0.0000
0.0000
0.0000
278.3203
278.3203
546.8750
546.8750
737.3047
737.3047
849.6094
849.6094
878.9062
878.9062
839.8437
839.8437
761.7187
761.7187
693.3594
693.3594
649.4141
649.4141
610.3516
610.3516
605.4687
605.4687
625.0000
625.0000
639.6484
639.6484
664.0625
664.0625
683.5937
683.5937
693.3594
693.3594
683.5937
683.5937
634.7656
634.7656
585.9375
585.9375
498.0469
498.0469
234.3750
234.3750
0.0000
0.0000
0.0000
0.0000
0.0000
0.0000
0.0000
0.0000
0.0000
0.0000
0.0000
0.0000
0.0000
0.0000
0.0000
0.0000
0.0000
0.0000
0.0000
0.0000
0.0000
0.0000
0.0000
0.0000
73.2422
73.2422
371.0937
371.0937
644.5312
644.5312
839.8437
839.8437
947.2656
947.2656
991.2109
991.2109
952.1484
952.1484
859.3750
859.3750
747.0703
747.0703
659.1797
659.1797
615.2344
615.2344
600.5859
600.5859
625.0000
625.0000
659.1797
659.1797
693.3594
693.3594
712.8906
712.8906
722.6562
722.6562
732.4219
732.4219
717.7734
717.7734
668.9453
668.9453
600.5859
600.5859
458.9844
458.9844
102.5391
102.5391
0.0000
0.0000
0.0000
0.0000
0.0000
0.0000
0.0000
0.0000
0.0000
0.0000
0.0000
0.0000
0.0000
0.0000
0.0000
0.0000
0.0000
0.0000
0.0000
0.0000
0.0000
0.0000
0.0000
0.0000
0.0000
0.0000
0.0000
0.0000
229.4922
229.4922
463.8672
463.8672
620.1172
620.1172
703.1250
703.1250
708.0078
708.0078
654.2969
654.2969
571.2891
571.2891
502.9297
502.9297
468.7500
468.7500
463.8672
463.8672
473.6328
473.6328
498.0469
498.0469
546.8750
546.8750
600.5859
600.5859
634.7656
634.7656
615.2344
615.2344
556.6406
556.6406
512.6953
512.6953
449.2187
449.2187
175.7812
175.7812
0.0000
0.0000
0.0000
0.0000
0.0000
0.0000
0.0000
0.0000
0.0000
0.0000
0.0000
0.0000
0.0000
0.0000
0.0000
0.0000
0.0000
0.0000
0.0000
0.0000
0.0000
0.0000
0.0000
0.0000
0.0000
0.0000
0.0000
0.0000
107.4219
107.4219
336.9141
336.9141
537.1094
537.1094
654.2969
654.2969
703.1250
703.1250
678.7109
678.7109
634.7656
634.7656
561.5234
561.5234
522.4609
522.4609
498.0469
498.0469
502.9297
502.9297
517.5781
517.5781
566.4062
566.4062
600.5859
600.5859
629.8828
629.8828
639.6484
639.6484
668.9453
668.9453
678.7109
678.7109
649.4141
649.4141
644.5312
644.5312
585.9375
585.9375
288.0859
288.0859
0.0000
0.0000
0.0000
0.0000
0.0000
0.0000
0.0000
0.0000
0.0000
0.0000
0.0000
0.0000
0.0000
0.0000
0.0000
0.0000
0.0000
0.0000
0.0000
0.0000
0.0000
0.0000
0.0000
0.0000
0.0000
0.0000
0.0000
0.0000
141.6016
141.6016
390.6250
390.6250
576.1719
698.2422
698.2422
698.2422
747.0703
747.0703
727.5391
727.5391
673.8281
673.8281
620.1172
620.1172
566.4062
566.4062
537.1094
537.1094
537.1094
537.1094
561.5234
561.5234
600.5859
600.5859
634.7656
634.7656
664.0625
664.0625
668.9453
668.9453
634.7656
634.7656
629.8828
629.8828
610.3516
375.9766
375.9766
0.0000
0.0000
0.0000
0.0000
0.0000
0.0000
0.0000
0.0000
0.0000
0.0000
0.0000
0.0000
0.0000
0.0000
0.0000
0.0000
0.0000
0.0000
0.0000
0.0000
0.0000
0.0000
0.0000
0.0000
0.0000
0.0000
9.7656
9.7656
297.8516
297.8516
551.7578
551.7578
717.7734
717.7734
815.4297
815.4297
849.6094
849.6094
830.0781
830.0781
756.8359
756.8359
683.5937
683.5937
629.8828
629.8828
605.4687
605.4687
610.3516
610.3516
634.7656
634.7656
668.9453
668.9453
693.3594
693.3594
732.4219
732.4219
776.3672
776.3672
781.2500
781.2500
751.9531
751.9531
722.6562
722.6562
698.2422
698.2422
551.7578
551.7578
175.7812
175.7812
0.0000
0.0000
0.0000
0.0000
0.0000
0.0000
0.0000
0.0000
0.0000
0.0000
0.0000
0.0000
0.0000
0.0000
0.0000
0.0000
0.0000
0.0000
0.0000
0.0000
0.0000
0.0000
0.0000
0.0000
19.5312
19.5312
302.7344
302.7344
556.6406
556.6406
727.5391
727.5391
805.6641
805.6641
839.8437
839.8437
820.3125
820.3125
766.6016
766.6016
708.0078
708.0078
649.4141
649.4141
610.3516
610.3516
595.7031
595.7031
620.1172
620.1172
659.1797
659.1797
683.5937
683.5937
712.8906
712.8906
742.1875
742.1875
751.9531
751.9531
722.6562
722.6562
698.2422
698.2422
659.1797
659.1797
424.8047
424.8047
14.6484
14.6484
0.0000
0.0000
0.0000
0.0000
0.0000
0.0000
0.0000
0.0000
0.0000
0.0000
0.0000
0.0000
0.0000
0.0000
0.0000
0.0000
0.0000
0.0000
0.0000
0.0000
0.0000
0.0000
24.4141
24.4141
322.2656
322.2656
566.4062
566.4062
756.8359
756.8359
859.3750
859.3750
898.4375
898.4375
883.7891
883.7891
820.3125
820.3125
737.3047
737.3047
654.2969
654.2969
620.1172
620.1172
595.7031
595.7031
600.5859
600.5859
615.2344
615.2344
664.0625
664.0625
703.1250
703.1250
722.6562
722.6562
742.1875
742.1875
751.9531
751.9531
717.7734
717.7734
659.1797
659.1797
556.6406
556.6406
249.0234
249.0234
0.0000
0.0000
0.0000
0.0000
0.0000
0.0000
0.0000
0.0000
0.0000
0.0000
0.0000
0.0000
0.0000
0.0000
0.0000
0.0000
0.0000
0.0000
0.0000
0.0000
0.0000
0.0000
0.0000
0.0000
0.0000
0.0000
97.6562
97.6562
390.6250
390.6250
605.4687
605.4687
732.4219
732.4219
786.1328
786.1328
795.8984
795.8984
766.6016
766.6016
693.3594
693.3594
610.3516
610.3516
556.6406
556.6406
522.4609
522.4609
522.4609
522.4609
551.7578
551.7578
585.9375
585.9375
615.2344
615.2344
649.4141
649.4141
683.5937
683.5937
693.3594
693.3594
664.0625
664.0625
620.1172
620.1172
566.4062
566.4062
292.9687
292.9687
0.0000
0.0000
0.0000
0.0000
0.0000
0.0000
0.0000
0.0000
0.0000
0.0000
0.0000
0.0000
0.0000
0.0000
0.0000
0.0000
0.0000
0.0000
0.0000
0.0000
0.0000
0.0000
0.0000
0.0000
0.0000
0.0000
58.5937
58.5937
341.7969
341.7969
571.2891
571.2891
708.0078
708.0078
756.8359
756.8359
766.6016
766.6016
717.7734
717.7734
654.2969
654.2969
585.9375
585.9375
541.9922
541.9922
517.5781
517.5781
527.3437
527.3437
546.8750
546.8750
571.2891
571.2891
585.9375
585.9375
625.0000
625.0000
654.2969
654.2969
673.8281
673.8281
659.1797
659.1797
639.6484
639.6484
595.7031
595.7031
449.2187
449.2187
73.2422
73.2422
0.0000
0.0000
0.0000
0.0000
0.0000
0.0000
0.0000
0.0000
0.0000
0.0000
0.0000
0.0000
0.0000
0.0000
0.0000
0.0000
0.0000
0.0000
0.0000
0.0000
0.0000
0.0000
0.0000
0.0000
0.0000
0.0000
219.7266
219.7266
483.3984
483.3984
673.8281
673.8281
786.1328
786.1328
820.3125
820.3125
810.5469
810.5469
756.8359
756.8359
693.3594
693.3594
615.2344
615.2344
571.2891
571.2891
561.5234
561.5234
571.2891
571.2891
595.7031
595.7031
625.0000
625.0000
649.4141
649.4141
668.9453
668.9453
683.5937
683.5937
673.8281
673.8281
634.7656
634.7656
576.1719
576.1719
380.8594
380.8594
4.8828
4.8828
0.0000
0.0000
0.0000
0.0000
0.0000
0.0000
0.0000
0.0000
0.0000
0.0000
0.0000
0.0000
0.0000
0.0000
0.0000
0.0000
0.0000
0.0000
0.0000
0.0000
0.0000
0.0000
9.7656
9.7656
292.9687
292.9687
551.7578
551.7578
727.5391
727.5391
844.7266
844.7266
893.5547
893.5547
869.1406
869.1406
800.7812
800.7812
732.4219
732.4219
664.0625
664.0625
615.2344
615.2344
595.7031
595.7031
600.5859
600.5859
610.3516
610.3516
629.8828
629.8828
659.1797
659.1797
688.4766
688.4766
688.4766
688.4766
668.9453
668.9453
600.5859
600.5859
502.9297
502.9297
322.2656
322.2656
0.0000
0.0000
0.0000
0.0000
0.0000
0.0000
0.0000
0.0000
0.0000
0.0000
0.0000
0.0000
0.0000
0.0000
0.0000
0.0000
0.0000
0.0000
0.0000
0.0000
0.0000
0.0000
0.0000
0.0000
0.0000
0.0000
0.0000
0.0000
0.0000
0.0000
170.8984
170.8984
424.8047
424.8047
585.9375
585.9375
659.1797
659.1797
664.0625
664.0625
644.5312
644.5312
595.7031
595.7031
527.3437
527.3437
488.2812
488.2812
463.8672
463.8672
454.1016
454.1016
468.7500
468.7500
517.5781
517.5781
551.7578
551.7578
595.7031
595.7031
615.2344
615.2344
625.0000
625.0000
600.5859
600.5859
566.4062
566.4062
444.3359
444.3359
92.7734
92.7734
0.0000
0.0000
0.0000
0.0000
0.0000
0.0000
0.0000
0.0000
0.0000
0.0000
0.0000
0.0000
0.0000
0.0000
0.0000
0.0000
0.0000
0.0000
0.0000
0.0000
0.0000
0.0000
0.0000
0.0000
0.0000
0.0000
224.6094
224.6094
493.1641
493.1641
693.3594
693.3594
825.1953
825.1953
864.2578
864.2578
825.1953
825.1953
732.4219
732.4219
644.5312
644.5312
595.7031
595.7031
571.2891
571.2891
561.5234
561.5234
576.1719
576.1719
605.4687
605.4687
639.6484
639.6484
654.2969
654.2969
673.8281
673.8281
688.4766
688.4766
678.7109
678.7109
610.3516
610.3516
512.6953
512.6953
292.9687
292.9687
0.0000
0.0000
0.0000
0.0000
0.0000
0.0000
0.0000
0.0000
0.0000
0.0000
0.0000
0.0000
0.0000
0.0000
0.0000
0.0000
0.0000
0.0000
0.0000
0.0000
0.0000
0.0000
0.0000
0.0000
0.0000
0.0000
0.0000
0.0000
0.0000
0.0000
170.8984
170.8984
375.9766
375.9766
517.5781
517.5781
590.8203
590.8203
620.1172
620.1172
600.5859
600.5859
561.5234
561.5234
512.6953
512.6953
473.6328
473.6328
473.6328
473.6328
488.2812
488.2812
512.6953
512.6953
541.9922
541.9922
590.8203
590.8203
620.1172
620.1172
639.6484
639.6484
644.5312
644.5312
639.6484
639.6484
620.1172
620.1172
551.7578
551.7578
258.7891
258.7891
0.0000
0.0000
0.0000
0.0000
0.0000
0.0000
0.0000
0.0000
0.0000
0.0000
0.0000
0.0000
0.0000
0.0000
0.0000
0.0000
0.0000
0.0000
0.0000
0.0000
0.0000
0.0000
0.0000
0.0000
0.0000
0.0000
244.1406
244.1406
512.6953
512.6953
727.5391
727.5391
869.1406
869.1406
908.2031
908.2031
883.7891
883.7891
825.1953
825.1953
761.7187
761.7187
708.0078
708.0078
678.7109
678.7109
664.0625
664.0625
659.1797
659.1797
668.9453
668.9453
708.0078
708.0078
732.4219
732.4219
756.8359
756.8359
771.4844
771.4844
747.0703
747.0703
673.8281
673.8281
576.1719
576.1719
371.0937
371.0937
0.0000
0.0000
0.0000
0.0000
0.0000
0.0000
0.0000
0.0000
0.0000
0.0000
0.0000
0.0000
0.0000
0.0000
0.0000
0.0000
0.0000
0.0000
0.0000
0.0000
0.0000
0.0000
0.0000
0.0000
0.0000
0.0000
0.0000
0.0000
0.0000
0.0000
195.3125
195.3125
439.4531
439.4531
625.0000
625.0000
712.8906
712.8906
727.5391
727.5391
703.1250
703.1250
644.5312
644.5312
590.8203
590.8203
566.4062
566.4062
561.5234
561.5234
576.1719
576.1719
605.4687
605.4687
639.6484
639.6484
659.1797
659.1797
668.9453
668.9453
683.5937
683.5937
683.5937
683.5937
668.9453
668.9453
634.7656
634.7656
517.5781
517.5781
170.8984
170.8984
0.0000
0.0000
0.0000
0.0000
0.0000
0.0000
0.0000
0.0000
0.0000
0.0000
0.0000
0.0000
0.0000
0.0000
0.0000
0.0000
0.0000
0.0000
0.0000
0.0000
0.0000
0.0000
0.0000
0.0000
0.0000
0.0000
190.4297
190.4297
463.8672
463.8672
678.7109
678.7109
820.3125
820.3125
893.5547
893.5547
893.5547
893.5547
839.8437
839.8437
761.7187
761.7187
698.2422
698.2422
654.2969
654.2969
634.7656
634.7656
639.6484
639.6484
668.9453
668.9453
727.5391
727.5391
766.6016
766.6016
776.3672
776.3672
776.3672
776.3672
781.2500
781.2500
751.9531
751.9531
698.2422
698.2422
585.9375
585.9375
288.0859
288.0859
0.0000
0.0000
0.0000
0.0000
0.0000
0.0000
0.0000
0.0000
0.0000
0.0000
0.0000
0.0000
0.0000
0.0000
0.0000
0.0000
0.0000
0.0000
0.0000
0.0000
0.0000
0.0000
0.0000
0.0000
0.0000
0.0000
19.5312
19.5312
332.0312
332.0312
595.7031
791.0156
791.0156
791.0156
878.9062
878.9062
913.0859
913.0859
878.9062
878.9062
805.6641
805.6641
727.5391
673.8281
673.8281
649.4141
649.4141
644.5312
644.5312
659.1797
659.1797
688.4766
688.4766
727.5391
727.5391
756.8359
756.8359
766.6016
766.6016
742.1875
742.1875
693.3594
693.3594
644.5312
644.5312
493.1641
493.1641
146.4844
146.4844
0.0000
0.0000
0.0000
0.0000
0.0000
0.0000
0.0000
0.0000
0.0000
0.0000
0.0000
0.0000
0.0000
0.0000
0.0000
0.0000
0.0000
0.0000
0.0000
0.0000
0.0000
0.0000
0.0000
0.0000
0.0000
0.0000
53.7109
53.7109
341.7969
341.7969
566.4062
566.4062
722.6562
722.6562
791.0156
791.0156
805.6641
805.6641
761.7187
761.7187
693.3594
693.3594
620.1172
620.1172
595.7031
595.7031
590.8203
590.8203
600.5859
600.5859
620.1172
620.1172
659.1797
659.1797
683.5937
683.5937
698.2422
698.2422
712.8906
712.8906
722.6562
722.6562
703.1250
703.1250
664.0625
664.0625
600.5859
600.5859
375.9766
375.9766
0.0000
0.0000
0.0000
0.0000
0.0000
0.0000
0.0000
0.0000
0.0000
0.0000
0.0000
0.0000
0.0000
0.0000
0.0000
0.0000
0.0000
0.0000
0.0000
0.0000
0.0000
0.0000
0.0000
0.0000
0.0000
0.0000
112.3047
112.3047
395.5078
395.5078
654.2969
654.2969
825.1953
825.1953
922.8516
922.8516
937.5000
937.5000
888.6719
888.6719
815.4297
815.4297
737.3047
737.3047
678.7109
678.7109
649.4141
649.4141
634.7656
634.7656
644.5312
644.5312
678.7109
678.7109
717.7734
717.7734
737.3047
737.3047
751.9531
751.9531
747.0703
747.0703
703.1250
703.1250
649.4141
649.4141
566.4062
566.4062
283.2031
283.2031
0.0000
0.0000
0.0000
0.0000
0.0000
0.0000
0.0000
0.0000
0.0000
0.0000
0.0000
0.0000
0.0000
0.0000
0.0000
0.0000
0.0000
0.0000
0.0000
0.0000
0.0000
0.0000
0.0000
0.0000
0.0000
0.0000
0.0000
0.0000
283.2031
283.2031
517.5781
517.5781
688.4766
688.4766
766.6016
766.6016
800.7812
800.7812
771.4844
771.4844
698.2422
698.2422
610.3516
610.3516
571.2891
571.2891
561.5234
561.5234
571.2891
571.2891
585.9375
585.9375
620.1172
620.1172
649.4141
649.4141
683.5937
683.5937
693.3594
693.3594
708.0078
708.0078
693.3594
693.3594
664.0625
664.0625
639.6484
639.6484
571.2891
571.2891
273.4375
273.4375
0.0000
0.0000
0.0000
0.0000
0.0000
0.0000
0.0000
0.0000
0.0000
0.0000
0.0000
0.0000
0.0000
0.0000
0.0000
0.0000
0.0000
0.0000
0.0000
0.0000
0.0000
0.0000
0.0000
0.0000
0.0000
0.0000
0.0000
0.0000
239.2578
239.2578
493.1641
493.1641
673.8281
673.8281
781.2500
781.2500
815.4297
815.4297
795.8984
795.8984
722.6562
722.6562
634.7656
634.7656
581.0547
581.0547
551.7578
551.7578
561.5234
561.5234
576.1719
576.1719
610.3516
610.3516
644.5312
644.5312
678.7109
678.7109
693.3594
693.3594
688.4766
688.4766
654.2969
654.2969
634.7656
634.7656
546.8750
546.8750
249.0234
249.0234
0.0000
0.0000
0.0000
0.0000
0.0000
0.0000
0.0000
0.0000
0.0000
0.0000
0.0000
0.0000
0.0000
0.0000
0.0000
0.0000
0.0000
0.0000
0.0000
0.0000
0.0000
0.0000
0.0000
0.0000
0.0000
0.0000
14.6484
14.6484
288.0859
288.0859
522.4609
522.4609
688.4766
688.4766
776.3672
776.3672
786.1328
786.1328
751.9531
751.9531
683.5937
683.5937
610.3516
610.3516
546.8750
546.8750
537.1094
537.1094
551.7578
551.7578
581.0547
581.0547
620.1172
620.1172
654.2969
654.2969
683.5937
683.5937
693.3594
693.3594
683.5937
683.5937
664.0625
664.0625
634.7656
634.7656
561.5234
561.5234
283.2031
283.2031
0.0000
0.0000
0.0000
0.0000
0.0000
0.0000
0.0000
0.0000
0.0000
0.0000
0.0000
0.0000
0.0000
0.0000
0.0000
0.0000
0.0000
0.0000
0.0000
0.0000
0.0000
0.0000
0.0000
0.0000
0.0000
0.0000
200.1953
200.1953
478.5156
478.5156
683.5937
683.5937
834.9609
834.9609
903.3203
903.3203
903.3203
903.3203
854.4922
854.4922
766.6016
766.6016
683.5937
683.5937
620.1172
620.1172
605.4687
605.4687
610.3516
610.3516
634.7656
634.7656
659.1797
659.1797
703.1250
703.1250
722.6562
722.6562
747.0703
747.0703
732.4219
732.4219
703.1250
703.1250
659.1797
659.1797
551.7578
551.7578
229.4922
229.4922
0.0000
0.0000
0.0000
0.0000
0.0000
0.0000
0.0000
0.0000
0.0000
0.0000
0.0000
0.0000
0.0000
0.0000
0.0000
0.0000
0.0000
0.0000
0.0000
0.0000
0.0000
0.0000
0.0000
0.0000
0.0000
0.0000
185.5469
185.5469
444.3359
444.3359
634.7656
634.7656
766.6016
766.6016
820.3125
820.3125
830.0781
830.0781
766.6016
766.6016
693.3594
693.3594
615.2344
615.2344
581.0547
581.0547
566.4062
566.4062
561.5234
561.5234
581.0547
581.0547
610.3516
610.3516
649.4141
649.4141
678.7109
678.7109
693.3594
693.3594
683.5937
683.5937
654.2969
654.2969
610.3516
610.3516
463.8672
463.8672
97.6562
97.6562
0.0000
0.0000
0.0000
0.0000
0.0000
0.0000
0.0000
0.0000
0.0000
0.0000
0.0000
0.0000
0.0000
0.0000
0.0000
0.0000
0.0000
0.0000
0.0000
0.0000
0.0000
0.0000
0.0000
0.0000
0.0000
0.0000
190.4297
190.4297
454.1016
454.1016
664.0625
664.0625
766.6016
766.6016
820.3125
820.3125
791.0156
791.0156
742.1875
742.1875
673.8281
673.8281
590.8203
590.8203
541.9922
541.9922
541.9922
541.9922
556.6406
556.6406
590.8203
590.8203
620.1172
620.1172
644.5312
644.5312
664.0625
664.0625
678.7109
678.7109
654.2969
654.2969
605.4687
605.4687
576.1719
576.1719
405.2734
405.2734
0.0000
0.0000
0.0000
0.0000
0.0000
0.0000
0.0000
0.0000
0.0000
0.0000
0.0000
0.0000
0.0000
0.0000
0.0000
0.0000
0.0000
0.0000
0.0000
0.0000
0.0000
0.0000
0.0000
0.0000
0.0000
0.0000
0.0000
0.0000
229.4922
229.4922
463.8672
463.8672
629.8828
629.8828
717.7734
717.7734
766.6016
766.6016
761.7187
761.7187
717.7734
717.7734
644.5312
644.5312
590.8203
590.8203
551.7578
551.7578
537.1094
537.1094
556.6406
556.6406
590.8203
590.8203
625.0000
625.0000
639.6484
639.6484
668.9453
668.9453
678.7109
678.7109
668.9453
668.9453
625.0000
625.0000
600.5859
600.5859
473.6328
473.6328
151.3672
151.3672
0.0000
0.0000
0.0000
0.0000
0.0000
0.0000
0.0000
0.0000
0.0000
0.0000
0.0000
0.0000
0.0000
0.0000
0.0000
0.0000
0.0000
0.0000
0.0000
0.0000
0.0000
0.0000
0.0000
0.0000
9.7656
9.7656
312.5000
312.5000
581.0547
581.0547
756.8359
756.8359
859.3750
859.3750
898.4375
898.4375
878.9062
878.9062
810.5469
810.5469
712.8906
712.8906
634.7656
634.7656
585.9375
585.9375
566.4062
566.4062
571.2891
571.2891
605.4687
605.4687
649.4141
649.4141
683.5937
683.5937
703.1250
703.1250
712.8906
712.8906
683.5937
683.5937
620.1172
620.1172
537.1094
537.1094
292.9687
292.9687
0.0000
0.0000
0.0000
0.0000
0.0000
0.0000
0.0000
0.0000
0.0000
0.0000
0.0000
0.0000
0.0000
0.0000
0.0000
0.0000
0.0000
0.0000
0.0000
0.0000
0.0000
0.0000
0.0000
0.0000
0.0000
0.0000
200.1953
200.1953
463.8672
463.8672
693.3594
693.3594
825.1953
825.1953
864.2578
864.2578
844.7266
844.7266
786.1328
786.1328
698.2422
698.2422
620.1172
620.1172
566.4062
566.4062
532.2266
532.2266
541.9922
541.9922
581.0547
581.0547
615.2344
615.2344
639.6484
639.6484
668.9453
668.9453
693.3594
693.3594
698.2422
698.2422
673.8281
673.8281
620.1172
620.1172
537.1094
537.1094
278.3203
278.3203
0.0000
0.0000
0.0000
0.0000
0.0000
0.0000
0.0000
0.0000
0.0000
0.0000
0.0000
0.0000
0.0000
0.0000
0.0000
0.0000
0.0000
0.0000
0.0000
0.0000
0.0000
0.0000
0.0000
0.0000
0.0000
0.0000
0.0000
0.0000
239.2578
239.2578
488.2812
488.2812
634.7656
634.7656
722.6562
722.6562
756.8359
756.8359
732.4219
732.4219
664.0625
664.0625
600.5859
600.5859
532.2266
532.2266
502.9297
502.9297
498.0469
498.0469
522.4609
522.4609
551.7578
551.7578
571.2891
571.2891
600.5859
600.5859
620.1172
620.1172
615.2344
615.2344
585.9375
585.9375
537.1094
537.1094
410.1562
410.1562
102.5391
102.5391
0.0000
0.0000
0.0000
0.0000
0.0000
0.0000
0.0000
0.0000
0.0000
0.0000
0.0000
0.0000
0.0000
0.0000
0.0000
0.0000
0.0000
0.0000
0.0000
0.0000
0.0000
0.0000
0.0000
0.0000
0.0000
0.0000
273.4375
273.4375
546.8750
546.8750
712.8906
712.8906
820.3125
820.3125
844.7266
844.7266
810.5469
810.5469
737.3047
673.8281
673.8281
673.8281
615.2344
615.2344
566.4062
566.4062
541.9922
541.9922
556.6406
556.6406
576.1719
576.1719
610.3516
610.3516
639.6484
639.6484
673.8281
673.8281
678.7109
649.4141
649.4141
649.4141
576.1719
576.1719
483.3984
483.3984
268.5547
268.5547
0.0000
0.0000
0.0000
0.0000
0.0000
0.0000
0.0000
0.0000
0.0000
0.0000
0.0000
0.0000
0.0000
0.0000
0.0000
0.0000
0.0000
0.0000
0.0000
0.0000
0.0000
0.0000
0.0000
0.0000
0.0000
0.0000
0.0000
258.7891
258.7891
517.5781
517.5781
717.7734
717.7734
815.4297
815.4297
834.9609
834.9609
791.0156
791.0156
712.8906
712.8906
639.6484
639.6484
576.1719
576.1719
546.8750
546.8750
556.6406
556.6406
566.4062
566.4062
585.9375
585.9375
610.3516
610.3516
634.7656
634.7656
654.2969
654.2969
664.0625
664.0625
644.5312
644.5312
620.1172
620.1172
556.6406
556.6406
312.5000
312.5000
0.0000
0.0000
0.0000
0.0000
0.0000
0.0000
0.0000
0.0000
0.0000
0.0000
0.0000
0.0000
0.0000
0.0000
0.0000
0.0000
0.0000
0.0000
0.0000
0.0000
0.0000
0.0000
0.0000
0.0000
0.0000
0.0000
14.6484
14.6484
307.6172
307.6172
541.9922
541.9922
708.0078
708.0078
791.0156
791.0156
791.0156
791.0156
747.0703
747.0703
673.8281
673.8281
600.5859
600.5859
551.7578
551.7578
527.3437
527.3437
522.4609
522.4609
546.8750
546.8750
590.8203
590.8203
639.6484
639.6484
659.1797
659.1797
664.0625
664.0625
683.5937
683.5937
683.5937
683.5937
634.7656
634.7656
561.5234
561.5234
371.0937
371.0937
0.0000
0.0000
0.0000
0.0000
0.0000
0.0000
0.0000
0.0000
0.0000
0.0000
0.0000
0.0000
0.0000
0.0000
0.0000
0.0000
0.0000
0.0000
0.0000
0.0000
0.0000
0.0000
0.0000
0.0000
0.0000
0.0000
0.0000
0.0000
9.7656
9.7656
302.7344
302.7344
537.1094
537.1094
683.5937
683.5937
747.0703
747.0703
747.0703
747.0703
688.4766
688.4766
610.3516
610.3516
566.4062
566.4062
532.2266
532.2266
522.4609
522.4609
537.1094
537.1094
566.4062
566.4062
590.8203
590.8203
620.1172
620.1172
654.2969
654.2969
664.0625
664.0625
654.2969
654.2969
620.1172
620.1172
615.2344
615.2344
478.5156
478.5156
83.0078
83.0078
0.0000
0.0000
0.0000
0.0000
0.0000
0.0000
0.0000
0.0000
0.0000
0.0000
0.0000
0.0000
0.0000
0.0000
0.0000
0.0000
0.0000
0.0000
0.0000
0.0000
0.0000
0.0000
0.0000
0.0000
0.0000
0.0000
24.4141
24.4141
292.9687
292.9687
483.3984
483.3984
615.2344
615.2344
673.8281
673.8281
688.4766
688.4766
654.2969
654.2969
615.2344
615.2344
576.1719
576.1719
537.1094
537.1094
527.3437
527.3437
551.7578
551.7578
571.2891
571.2891
590.8203
590.8203
615.2344
615.2344
644.5312
644.5312
673.8281
673.8281
683.5937
683.5937
659.1797
659.1797
629.8828
629.8828
463.8672
463.8672
73.2422
73.2422
0.0000
0.0000
0.0000
0.0000
0.0000
0.0000
0.0000
0.0000
0.0000
0.0000
0.0000
0.0000
0.0000
0.0000
0.0000
0.0000
0.0000
0.0000
0.0000
0.0000
0.0000
0.0000
0.0000
0.0000
0.0000
0.0000
297.8516
297.8516
561.5234
561.5234
751.9531
751.9531
869.1406
869.1406
913.0859
913.0859
883.7891
883.7891
820.3125
820.3125
751.9531
751.9531
678.7109
678.7109
639.6484
639.6484
629.8828
629.8828
649.4141
649.4141
664.0625
664.0625
693.3594
693.3594
727.5391
727.5391
742.1875
742.1875
747.0703
747.0703
732.4219
732.4219
693.3594
693.3594
634.7656
634.7656
410.1562
410.1562
0.0000
0.0000
0.0000
0.0000
0.0000
0.0000
0.0000
0.0000
0.0000
0.0000
0.0000
0.0000
0.0000
0.0000
0.0000
0.0000
0.0000
0.0000
0.0000
0.0000
0.0000
0.0000
0.0000
0.0000
0.0000
0.0000
0.0000
0.0000
97.6562
97.6562
371.0937
371.0937
576.1719
576.1719
712.8906
712.8906
766.6016
766.6016
751.9531
751.9531
693.3594
693.3594
605.4687
605.4687
556.6406
556.6406
546.8750
546.8750
556.6406
556.6406
576.1719
576.1719
600.5859
600.5859
639.6484
639.6484
668.9453
668.9453
688.4766
688.4766
678.7109
678.7109
654.2969
654.2969
615.2344
615.2344
537.1094
537.1094
322.2656
322.2656
0.0000
0.0000
0.0000
0.0000
0.0000
0.0000
0.0000
0.0000
0.0000
0.0000
0.0000
0.0000
0.0000
0.0000
0.0000
0.0000
0.0000
0.0000
0.0000
0.0000
0.0000
0.0000
0.0000
0.0000
0.0000
0.0000
0.0000
0.0000
156.2500
156.2500
415.0391
415.0391
605.4687
605.4687
737.3047
737.3047
781.2500
781.2500
776.3672
776.3672
722.6562
722.6562
654.2969
654.2969
600.5859
600.5859
571.2891
571.2891
576.1719
576.1719
590.8203
590.8203
620.1172
620.1172
659.1797
659.1797
683.5937
683.5937
703.1250
703.1250
737.3047
737.3047
722.6562
722.6562
698.2422
698.2422
683.5937
683.5937
502.9297
502.9297
97.6562
97.6562
0.0000
0.0000
0.0000
0.0000
0.0000
0.0000
0.0000
0.0000
0.0000
0.0000
0.0000
0.0000
0.0000
0.0000
0.0000
0.0000
0.0000
0.0000
0.0000
0.0000
0.0000
0.0000
0.0000
0.0000
0.0000
0.0000
263.6719
263.6719
512.6953
512.6953
717.7734
717.7734
834.9609
834.9609
869.1406
869.1406
844.7266
844.7266
771.4844
771.4844
678.7109
678.7109
610.3516
610.3516
595.7031
595.7031
605.4687
605.4687
625.0000
625.0000
659.1797
659.1797
698.2422
698.2422
727.5391
727.5391
727.5391
727.5391
708.0078
708.0078
649.4141
649.4141
585.9375
585.9375
424.8047
424.8047
92.7734
92.7734
0.0000
0.0000
0.0000
0.0000
0.0000
0.0000
0.0000
0.0000
0.0000
0.0000
0.0000
0.0000
0.0000
0.0000
0.0000
0.0000
0.0000
0.0000
0.0000
0.0000
0.0000
0.0000
0.0000
0.0000
0.0000
0.0000
297.8516
297.8516
576.1719
576.1719
771.4844
771.4844
903.3203
903.3203
952.1484
952.1484
952.1484
952.1484
878.9062
878.9062
795.8984
795.8984
712.8906
712.8906
664.0625
664.0625
644.5312
644.5312
644.5312
644.5312
668.9453
668.9453
698.2422
698.2422
727.5391
727.5391
751.9531
751.9531
751.9531
751.9531
727.5391
727.5391
688.4766
688.4766
634.7656
634.7656
434.5703
434.5703
24.4141
24.4141
0.0000
0.0000
0.0000
0.0000
0.0000
0.0000
0.0000
0.0000
0.0000
0.0000
0.0000
0.0000
0.0000
0.0000
0.0000
0.0000
0.0000
0.0000
0.0000
0.0000
0.0000
0.0000
0.0000
0.0000
0.0000
0.0000
136.7187
136.7187
385.7422
385.7422
576.1719
576.1719
693.3594
693.3594
727.5391
727.5391
717.7734
717.7734
678.7109
678.7109
620.1172
620.1172
556.6406
556.6406
522.4609
522.4609
537.1094
537.1094
561.5234
561.5234
585.9375
585.9375
605.4687
605.4687
634.7656
634.7656
654.2969
654.2969
664.0625
664.0625
629.8828
629.8828
566.4062
566.4062
473.6328
473.6328
234.3750
234.3750
0.0000
0.0000
0.0000
0.0000
0.0000
0.0000
0.0000
0.0000
0.0000
0.0000
0.0000
0.0000
0.0000
0.0000
0.0000
0.0000
0.0000
0.0000
0.0000
0.0000
0.0000
0.0000
0.0000
0.0000
0.0000
0.0000
68.3594
68.3594
332.0312
332.0312
561.5234
561.5234
717.7734
717.7734
791.0156
791.0156
815.4297
815.4297
795.8984
795.8984
732.4219
732.4219
659.1797
659.1797
600.5859
600.5859
585.9375
585.9375
576.1719
576.1719
610.3516
610.3516
649.4141
649.4141
688.4766
688.4766
712.8906
712.8906
737.3047
737.3047
737.3047
737.3047
712.8906
712.8906
664.0625
664.0625
610.3516
610.3516
405.2734
405.2734
4.8828
4.8828
0.0000
0.0000
0.0000
0.0000
0.0000
0.0000
0.0000
0.0000
0.0000
0.0000
0.0000
0.0000
0.0000
0.0000
0.0000
0.0000
0.0000
0.0000
0.0000
0.0000
0.0000
0.0000
0.0000
0.0000
63.4766
63.4766
366.2109
366.2109
610.3516
610.3516
771.4844
771.4844
844.7266
844.7266
869.1406
869.1406
839.8437
839.8437
781.2500
781.2500
703.1250
703.1250
649.4141
649.4141
615.2344
615.2344
605.4687
605.4687
615.2344
615.2344
659.1797
659.1797
693.3594
693.3594
717.7734
717.7734
732.4219
732.4219
747.0703
747.0703
722.6562
722.6562
668.9453
668.9453
590.8203
590.8203
434.5703
434.5703
53.7109
53.7109
0.0000
0.0000
0.0000
0.0000
0.0000
0.0000
0.0000
0.0000
0.0000
0.0000
0.0000
0.0000
0.0000
0.0000
0.0000
0.0000
0.0000
0.0000
0.0000
0.0000
0.0000
0.0000
0.0000
0.0000
0.0000
0.0000
0.0000
0.0000
185.5469
185.5469
429.6875
429.6875
576.1719
576.1719
639.6484
639.6484
668.9453
668.9453
654.2969
654.2969
610.3516
610.3516
561.5234
561.5234
512.6953
512.6953
493.1641
493.1641
517.5781
551.7578
551.7578
551.7578
590.8203
590.8203
620.1172
620.1172
664.0625
664.0625
693.3594
693.3594
688.4766
688.4766
659.1797
659.1797
634.7656
634.7656
527.3437
527.3437
161.1328
0.0000
0.0000
0.0000
0.0000
0.0000
0.0000
0.0000
0.0000
0.0000
0.0000
0.0000
0.0000
0.0000
0.0000
0.0000
0.0000
0.0000
0.0000
0.0000
0.0000
0.0000
0.0000
0.0000
0.0000
0.0000
0.0000
0.0000
200.1953
200.1953
468.7500
468.7500
654.2969
654.2969
776.3672
776.3672
834.9609
834.9609
834.9609
834.9609
791.0156
791.0156
732.4219
732.4219
673.8281
673.8281
634.7656
634.7656
615.2344
615.2344
634.7656
634.7656
649.4141
678.7109
678.7109
712.8906
712.8906
732.4219
732.4219
751.9531
751.9531
742.1875
742.1875
708.0078
708.0078
659.1797
659.1797
488.2812
488.2812
102.5391
102.5391
0.0000
0.0000
0.0000
0.0000
0.0000
0.0000
0.0000
0.0000
0.0000
0.0000
0.0000
0.0000
0.0000
0.0000
0.0000
0.0000
0.0000
0.0000
0.0000
0.0000
0.0000
0.0000
0.0000
0.0000
0.0000
0.0000
29.2969
29.2969
312.5000
312.5000
527.3437
527.3437
673.8281
673.8281
756.8359
756.8359
781.2500
781.2500
776.3672
776.3672
727.5391
727.5391
668.9453
668.9453
605.4687
605.4687
585.9375
585.9375
590.8203
590.8203
605.4687
605.4687
639.6484
639.6484
673.8281
673.8281
693.3594
693.3594
708.0078
708.0078
717.7734
717.7734
712.8906
712.8906
698.2422
698.2422
537.1094
537.1094
151.3672
151.3672
0.0000
0.0000
0.0000
0.0000
0.0000
0.0000
0.0000
0.0000
0.0000
0.0000
0.0000
0.0000
0.0000
0.0000
0.0000
0.0000
0.0000
0.0000
0.0000
0.0000
0.0000
0.0000
0.0000
0.0000
0.0000
0.0000
244.1406
244.1406
498.0469
498.0469
678.7109
678.7109
786.1328
786.1328
825.1953
825.1953
810.5469
810.5469
766.6016
766.6016
712.8906
712.8906
664.0625
664.0625
634.7656
634.7656
615.2344
615.2344
620.1172
620.1172
634.7656
634.7656
664.0625
664.0625
703.1250
703.1250
727.5391
727.5391
751.9531
751.9531
756.8359
756.8359
732.4219
732.4219
703.1250
703.1250
595.7031
595.7031
278.3203
278.3203
0.0000
0.0000
0.0000
0.0000
0.0000
0.0000
0.0000
0.0000
0.0000
0.0000
0.0000
0.0000
0.0000
0.0000
0.0000
0.0000
0.0000
0.0000
0.0000
0.0000
0.0000
0.0000
0.0000
0.0000
73.2422
73.2422
380.8594
380.8594
654.2969
654.2969
844.7266
844.7266
961.9141
961.9141
991.2109
991.2109
966.7969
966.7969
883.7891
883.7891
795.8984
795.8984
712.8906
712.8906
664.0625
664.0625
659.1797
659.1797
678.7109
678.7109
698.2422
698.2422
698.2422
698.2422
712.8906
712.8906
742.1875
742.1875
756.8359
756.8359
727.5391
727.5391
673.8281
673.8281
600.5859
600.5859
380.8594
380.8594
0.0000
0.0000
0.0000
0.0000
0.0000
0.0000
0.0000
0.0000
0.0000
0.0000
0.0000
0.0000
0.0000
0.0000
0.0000
0.0000
0.0000
0.0000
0.0000
0.0000
0.0000
0.0000
0.0000
0.0000
0.0000
0.0000
0.0000
0.0000
156.2500
156.2500
405.2734
405.2734
581.0547
581.0547
693.3594
693.3594
722.6562
722.6562
703.1250
703.1250
649.4141
649.4141
600.5859
600.5859
551.7578
551.7578
512.6953
512.6953
507.8125
507.8125
517.5781
517.5781
551.7578
551.7578
595.7031
595.7031
634.7656
634.7656
649.4141
649.4141
664.0625
664.0625
664.0625
664.0625
634.7656
634.7656
615.2344
615.2344
488.2812
488.2812
151.3672
151.3672
0.0000
0.0000
0.0000
0.0000
0.0000
0.0000
0.0000
0.0000
0.0000
0.0000
0.0000
0.0000
0.0000
0.0000
0.0000
0.0000
0.0000
0.0000
0.0000
0.0000
0.0000
0.0000
0.0000
0.0000
0.0000
0.0000
244.1406
244.1406
502.9297
502.9297
703.1250
703.1250
800.7812
800.7812
834.9609
834.9609
810.5469
810.5469
751.9531
751.9531
678.7109
678.7109
610.3516
610.3516
581.0547
581.0547
571.2891
571.2891
581.0547
581.0547
600.5859
600.5859
634.7656
634.7656
664.0625
664.0625
693.3594
693.3594
712.8906
712.8906
712.8906
712.8906
678.7109
678.7109
610.3516
610.3516
429.6875
429.6875
29.2969
29.2969
0.0000
0.0000
0.0000
0.0000
0.0000
0.0000
0.0000
0.0000
0.0000
0.0000
0.0000
0.0000
0.0000
0.0000
0.0000
0.0000
0.0000
0.0000
0.0000
0.0000
0.0000
0.0000
0.0000
0.0000
0.0000
0.0000
292.9687
292.9687
532.2266
532.2266
693.3594
693.3594
781.2500
781.2500
791.0156
791.0156
766.6016
766.6016
708.0078
708.0078
634.7656
634.7656
585.9375
585.9375
566.4062
566.4062
566.4062
566.4062
576.1719
576.1719
595.7031
595.7031
629.8828
629.8828
649.4141
649.4141
664.0625
664.0625
688.4766
688.4766
712.8906
712.8906
688.4766
688.4766
639.6484
639.6484
537.1094
537.1094
239.2578
239.2578
0.0000
0.0000
0.0000
0.0000
0.0000
0.0000
0.0000
0.0000
0.0000
0.0000
0.0000
0.0000
0.0000
0.0000
0.0000
0.0000
0.0000
0.0000
0.0000
0.0000
0.0000
0.0000
0.0000
0.0000
0.0000
0.0000
0.0000
0.0000
180.6641
180.6641
434.5703
434.5703
615.2344
615.2344
722.6562
722.6562
747.0703
747.0703
712.8906
712.8906
664.0625
664.0625
600.5859
600.5859
546.8750
546.8750
512.6953
512.6953
517.5781
517.5781
537.1094
537.1094
566.4062
566.4062
600.5859
600.5859
625.0000
625.0000
644.5312
644.5312
654.2969
654.2969
639.6484
639.6484
639.6484
639.6484
585.9375
585.9375
312.5000
312.5000
0.0000
0.0000
0.0000
0.0000
0.0000
0.0000
0.0000
0.0000
0.0000
0.0000
0.0000
0.0000
0.0000
0.0000
0.0000
0.0000
0.0000
0.0000
0.0000
0.0000
0.0000
0.0000
0.0000
0.0000
0.0000
0.0000
200.1953
200.1953
478.5156
478.5156
688.4766
688.4766
820.3125
820.3125
878.9062
878.9062
859.3750
859.3750
795.8984
795.8984
703.1250
703.1250
639.6484
