0.0000
0.0000
0.0000
0.0000
0.0000
0.0000
0.0000
0.0000
0.0000
0.0000
0.0000
0.0000
0.0000
0.0000
63.4766
415.0391
415.0391
751.9531
751.9531
937.5000
937.5000
1103.5156
1103.5156
1230.4687
1230.4687
1230.4687
1362.3047
1362.3047
1484.3750
1484.3750
1572.2656
1572.2656
1684.5703
1728.5156
1728.5156
1752.9297
1752.9297
1718.7500
1718.7500
1669.9219
1669.9219
1596.6797
1596.6797
1596.6797
1552.7344
1552.7344
1557.6172
1557.6172
1586.9141
1621.0937
1621.0937
1616.2109
1616.2109
1606.4453
1606.4453
1630.8594
1630.8594
1572.2656
1572.2656
1118.1641
1118.1641
278.3203
278.3203
0.0000
0.0000
0.0000
0.0000
0.0000
0.0000
0.0000
0.0000
0.0000
0.0000
0.0000
0.0000
0.0000
0.0000
0.0000
0.0000
0.0000
0.0000
0.0000
0.0000
0.0000
0.0000
0.0000
0.0000
0.0000
0.0000
0.0000
0.0000
0.0000
0.0000
0.0000
0.0000
258.7891
258.7891
527.3437
527.3437
825.1953
825.1953
1049.8047
1049.8047
1269.5312
1269.5312
1406.2500
1406.2500
1513.6719
1513.6719
1547.8516
1547.8516
1557.6172
1557.6172
1557.6172
1557.6172
1494.1406
1494.1406
1552.7344
1552.7344
1533.2031
1533.2031
1601.5625
1601.5625
1582.0312
1582.0312
1601.5625
1601.5625
1586.9141
1586.9141
1542.9687
1542.9687
1474.6094
1474.6094
1342.7734
1342.7734
1274.4141
1274.4141
1083.9844
1083.9844
737.3047
737.3047
117.1875
117.1875
0.0000
0.0000
0.0000
0.0000
0.0000
0.0000
0.0000
0.0000
0.0000
0.0000
0.0000
0.0000
0.0000
0.0000
0.0000
0.0000
0.0000
0.0000
0.0000
0.0000
0.0000
0.0000
0.0000
0.0000
0.0000
0.0000
0.0000
0.0000
0.0000
0.0000
170.8984
170.8984
527.3437
527.3437
893.5547
893.5547
1186.5234
1186.5234
1357.4219
1357.4219
1459.9609
1459.9609
1474.6094
1474.6094
1503.9062
1503.9062
1459.9609
1459.9609
1552.7344
1552.7344
1577.1484
1577.1484
1635.7422
1635.7422
1650.3906
1650.3906
1635.7422
1635.7422
1586.9141
1586.9141
1499.0234
1499.0234
1430.6641
1430.6641
1352.5391
1352.5391
1347.6562
1347.6562
1357.4219
1357.4219
1469.7266
1469.7266
1411.1328
1411.1328
966.7969
966.7969
68.3594
68.3594
0.0000
0.0000
0.0000
0.0000
0.0000
0.0000
0.0000
0.0000
0.0000
0.0000
0.0000
0.0000
0.0000
0.0000
0.0000
0.0000
0.0000
0.0000
0.0000
0.0000
0.0000
0.0000
0.0000
0.0000
0.0000
0.0000
0.0000
0.0000
0.0000
0.0000
0.0000
0.0000
102.5391
102.5391
371.0937
371.0937
605.4687
605.4687
786.1328
786.1328
917.9687
917.9687
1059.5703
1059.5703
1191.4062
1191.4062
1279.2969
1279.2969
1391.6016
1391.6016
1435.5469
1435.5469
1479.4922
1479.4922
1430.6641
1430.6641
1396.4844
1396.4844
1313.4766
1313.4766
1274.4141
1274.4141
1308.5937
1308.5937
1323.2422
1323.2422
1396.4844
1396.4844
1367.1875
1367.1875
1303.7109
1303.7109
1103.5156
1103.5156
712.8906
712.8906
14.6484
14.6484
0.0000
0.0000
0.0000
0.0000
0.0000
0.0000
0.0000
0.0000
0.0000
0.0000
0.0000
0.0000
0.0000
0.0000
0.0000
0.0000
0.0000
0.0000
0.0000
0.0000
0.0000
0.0000
0.0000
0.0000
0.0000
0.0000
0.0000
0.0000
0.0000
0.0000
0.0000
0.0000
9.7656
9.7656
263.6719
263.6719
600.5859
600.5859
849.6094
849.6094
1147.4609
1147.4609
1298.8281
1298.8281
1479.4922
1479.4922
1523.4375
1523.4375
1538.0859
1538.0859
1528.3203
1528.3203
1494.1406
1494.1406
1528.3203
1528.3203
1533.2031
1533.2031
1601.5625
1601.5625
1606.4453
1606.4453
1616.2109
1616.2109
1513.6719
1513.6719
1425.7812
1425.7812
1337.8906
1337.8906
1323.2422
1323.2422
1254.8828
1254.8828
957.0312
957.0312
478.5156
478.5156
0.0000
0.0000
0.0000
0.0000
0.0000
0.0000
0.0000
0.0000
0.0000
0.0000
0.0000
0.0000
0.0000
0.0000
0.0000
0.0000
0.0000
0.0000
0.0000
0.0000
0.0000
0.0000
0.0000
0.0000
0.0000
0.0000
0.0000
0.0000
0.0000
0.0000
175.7812
175.7812
566.4062
566.4062
834.9609
834.9609
1113.2812
1113.2812
1284.1797
1284.1797
1435.5469
1435.5469
1469.7266
1469.7266
1494.1406
1494.1406
1469.7266
1469.7266
1440.4297
1440.4297
1445.3125
1445.3125
1435.5469
1435.5469
1455.0781
1455.0781
1435.5469
1435.5469
1406.2500
1406.2500
1328.1250
1328.1250
1289.0625
1289.0625
1235.3516
1235.3516
1171.8750
1171.8750
1083.9844
1083.9844
1035.1562
1035.1562
937.5000
937.5000
566.4062
566.4062
0.0000
0.0000
0.0000
0.0000
0.0000
0.0000
0.0000
0.0000
0.0000
0.0000
0.0000
0.0000
0.0000
0.0000
0.0000
0.0000
0.0000
0.0000
0.0000
0.0000
0.0000
0.0000
0.0000
0.0000
0.0000
0.0000
0.0000
0.0000
0.0000
0.0000
0.0000
0.0000
0.0000
0.0000
307.6172
307.6172
620.1172
620.1172
883.7891
883.7891
1025.3906
1025.3906
1152.3437
1152.3437
1171.8750
1171.8750
1230.4687
1230.4687
1303.7109
1303.7109
1367.1875
1367.1875
1464.8437
1464.8437
1508.7891
1508.7891
1572.2656
1572.2656
1508.7891
1508.7891
1464.8437
1464.8437
1337.8906
1337.8906
1279.2969
1279.2969
1225.5859
1225.5859
1176.7578
1176.7578
1181.6406
1181.6406
1176.7578
1176.7578
1162.1094
1162.1094
771.4844
771.4844
131.8359
131.8359
0.0000
0.0000
0.0000
0.0000
0.0000
0.0000
0.0000
0.0000
0.0000
0.0000
0.0000
0.0000
0.0000
0.0000
0.0000
0.0000
0.0000
0.0000
0.0000
0.0000
0.0000
0.0000
0.0000
0.0000
0.0000
0.0000
0.0000
0.0000
0.0000
0.0000
0.0000
0.0000
268.5547
268.5547
546.8750
546.8750
776.3672
776.3672
952.1484
952.1484
1069.3359
1069.3359
1215.8203
1215.8203
1313.4766
1313.4766
1406.2500
1406.2500
1450.1953
1450.1953
1445.3125
1445.3125
1406.2500
1406.2500
1362.3047
1362.3047
1269.5312
1269.5312
1289.0625
1289.0625
1289.0625
1289.0625
1367.1875
1367.1875
1406.2500
1406.2500
1425.7812
1425.7812
1357.4219
1357.4219
1269.5312
1269.5312
1186.5234
1186.5234
878.9062
878.9062
302.7344
302.7344
0.0000
0.0000
0.0000
0.0000
0.0000
0.0000
0.0000
0.0000
0.0000
0.0000
0.0000
0.0000
0.0000
0.0000
0.0000
0.0000
0.0000
0.0000
0.0000
0.0000
0.0000
0.0000
0.0000
0.0000
0.0000
0.0000
0.0000
0.0000
0.0000
0.0000
0.0000
0.0000
253.9062
253.9062
507.8125
507.8125
834.9609
834.9609
1054.6875
1054.6875
1274.4141
1274.4141
1435.5469
1435.5469
1528.3203
1528.3203
1586.9141
1586.9141
1567.3828
1567.3828
1567.3828
1567.3828
1503.9062
1503.9062
1547.8516
1547.8516
1528.3203
1528.3203
1528.3203
1528.3203
1508.7891
1508.7891
1469.7266
1469.7266
1440.4297
1440.4297
1347.6562
1347.6562
1284.1797
1284.1797
1201.1719
1201.1719
1235.3516
1235.3516
1010.7422
1010.7422
439.4531
439.4531
0.0000
0.0000
0.0000
0.0000
0.0000
0.0000
0.0000
0.0000
0.0000
0.0000
0.0000
0.0000
0.0000
0.0000
0.0000
0.0000
0.0000
0.0000
0.0000
0.0000
0.0000
0.0000
0.0000
0.0000
0.0000
0.0000
0.0000
0.0000
0.0000
0.0000
0.0000
0.0000
0.0000
0.0000
200.1953
200.1953
527.3437
527.3437
834.9609
834.9609
991.2109
991.2109
1083.9844
1083.9844
1142.5781
1142.5781
1157.2266
1157.2266
1235.3516
1235.3516
1308.5937
1308.5937
1376.9531
1376.9531
1455.0781
1455.0781
1484.3750
1484.3750
1479.4922
1479.4922
1416.0156
1416.0156
1376.9531
1376.9531
1323.2422
1323.2422
1347.6562
1347.6562
1376.9531
1376.9531
1362.3047
1362.3047
1357.4219
1357.4219
1171.8750
1171.8750
732.4219
732.4219
0.0000
0.0000
0.0000
0.0000
0.0000
0.0000
0.0000
0.0000
0.0000
0.0000
0.0000
0.0000
0.0000
0.0000
0.0000
0.0000
0.0000
0.0000
0.0000
0.0000
0.0000
0.0000
0.0000
0.0000
0.0000
0.0000
0.0000
0.0000
0.0000
0.0000
0.0000
0.0000
87.8906
87.8906
439.4531
439.4531
737.3047
737.3047
981.4453
981.4453
1127.9297
1127.9297
1298.8281
1298.8281
1372.0703
1372.0703
1508.7891
1508.7891
1552.7344
1552.7344
1640.6250
1640.6250
1621.0937
1621.0937
1606.4453
1606.4453
1562.5000
1562.5000
1474.6094
1474.6094
1464.8437
1464.8437
1425.7812
1425.7812
1489.2578
1489.2578
1484.3750
1484.3750
1513.6719
1513.6719
1459.9609
1459.9609
1484.3750
1484.3750
1420.8984
1420.8984
1079.1016
1079.1016
366.2109
366.2109
0.0000
0.0000
0.0000
0.0000
0.0000
0.0000
0.0000
0.0000
0.0000
0.0000
0.0000
0.0000
0.0000
0.0000
0.0000
0.0000
0.0000
0.0000
0.0000
0.0000
0.0000
0.0000
0.0000
0.0000
0.0000
0.0000
0.0000
0.0000
0.0000
0.0000
0.0000
0.0000
151.3672
151.3672
380.8594
380.8594
683.5937
683.5937
864.2578
864.2578
1098.6328
1098.6328
1240.2344
1240.2344
1386.7187
1386.7187
1455.0781
1455.0781
1479.4922
1479.4922
1474.6094
1474.6094
1416.0156
1416.0156
1411.1328
1411.1328
1440.4297
1440.4297
1479.4922
1479.4922
1508.7891
1508.7891
1547.8516
1547.8516
1562.5000
1562.5000
1533.2031
1533.2031
1450.1953
1450.1953
1333.0078
1333.0078
1235.3516
1235.3516
1162.1094
1162.1094
834.9609
834.9609
278.3203
278.3203
0.0000
0.0000
0.0000
0.0000
0.0000
0.0000
0.0000
0.0000
0.0000
0.0000
0.0000
0.0000
0.0000
0.0000
0.0000
0.0000
0.0000
0.0000
0.0000
0.0000
0.0000
0.0000
0.0000
0.0000
0.0000
0.0000
0.0000
0.0000
0.0000
131.8359
131.8359
498.0469
498.0469
839.8437
839.8437
839.8437
1079.1016
1079.1016
1274.4141
1274.4141
1333.0078
1333.0078
1347.6562
1347.6562
1318.3594
1298.8281
1298.8281
1347.6562
1347.6562
1411.1328
1411.1328
1513.6719
1513.6719
1552.7344
1552.7344
1552.7344
1582.0312
1582.0312
1503.9062
1445.3125
1445.3125
1342.7734
1342.7734
1293.9453
1293.9453
1220.7031
1220.7031
1225.5859
1225.5859
1284.1797
1284.1797
1250.0000
1250.0000
981.4453
981.4453
268.5547
268.5547
0.0000
0.0000
0.0000
0.0000
0.0000
0.0000
0.0000
0.0000
0.0000
0.0000
0.0000
0.0000
0.0000
0.0000
0.0000
0.0000
0.0000
0.0000
0.0000
0.0000
0.0000
0.0000
0.0000
0.0000
0.0000
0.0000
0.0000
0.0000
0.0000
0.0000
0.0000
0.0000
278.3203
278.3203
615.2344
615.2344
781.2500
781.2500
942.3828
942.3828
1030.2734
1030.2734
1098.6328
1098.6328
1235.3516
1235.3516
1313.4766
1313.4766
1435.5469
1435.5469
1484.3750
1484.3750
1552.7344
1552.7344
1518.5547
1518.5547
1484.3750
1484.3750
1391.6016
1391.6016
1303.7109
1303.7109
1279.2969
1279.2969
1279.2969
1279.2969
1293.9453
1293.9453
1264.6484
1264.6484
1225.5859
1225.5859
1142.5781
1142.5781
839.8437
839.8437
185.5469
185.5469
0.0000
0.0000
0.0000
0.0000
0.0000
0.0000
0.0000
0.0000
0.0000
0.0000
0.0000
0.0000
0.0000
0.0000
0.0000
0.0000
0.0000
0.0000
0.0000
0.0000
0.0000
0.0000
0.0000
0.0000
0.0000
0.0000
0.0000
0.0000
0.0000
0.0000
0.0000
0.0000
0.0000
0.0000
292.9687
292.9687
522.4609
522.4609
791.0156
791.0156
1015.6250
1015.6250
1210.9375
1210.9375
1386.7187
1386.7187
1469.7266
1469.7266
1542.9687
1542.9687
1503.9062
1503.9062
1499.0234
1499.0234
1416.0156
1416.0156
1455.0781
1455.0781
1450.1953
1450.1953
1489.2578
1489.2578
1494.1406
1494.1406
1450.1953
1450.1953
1381.8359
1381.8359
1254.8828
1254.8828
1176.7578
1176.7578
1108.3984
1108.3984
1083.9844
1083.9844
722.6562
722.6562
180.6641
180.6641
0.0000
0.0000
0.0000
0.0000
0.0000
0.0000
0.0000
0.0000
0.0000
0.0000
0.0000
0.0000
0.0000
0.0000
0.0000
0.0000
0.0000
0.0000
0.0000
0.0000
0.0000
0.0000
0.0000
0.0000
0.0000
0.0000
0.0000
0.0000
0.0000
0.0000
0.0000
0.0000
156.2500
156.2500
527.3437
527.3437
781.2500
781.2500
1025.3906
1025.3906
1118.1641
1118.1641
1250.0000
1250.0000
1279.2969
1279.2969
1376.9531
1376.9531
1406.2500
1406.2500
1450.1953
1450.1953
1484.3750
1484.3750
1479.4922
1479.4922
1518.5547
1518.5547
1479.4922
1479.4922
1435.5469
1435.5469
1352.5391
1352.5391
1342.7734
1342.7734
1279.2969
1279.2969
1254.8828
1254.8828
1210.9375
1210.9375
1181.6406
1181.6406
996.0937
996.0937
410.1562
410.1562
0.0000
0.0000
0.0000
0.0000
0.0000
0.0000
0.0000
0.0000
0.0000
0.0000
0.0000
0.0000
0.0000
0.0000
0.0000
0.0000
0.0000
0.0000
0.0000
0.0000
0.0000
0.0000
0.0000
0.0000
0.0000
0.0000
0.0000
0.0000
0.0000
0.0000
0.0000
0.0000
48.8281
48.8281
410.1562
410.1562
683.5937
683.5937
908.2031
908.2031
1059.5703
1059.5703
1186.5234
1186.5234
1264.6484
1264.6484
1367.1875
1367.1875
1445.3125
1445.3125
1528.3203
1528.3203
1567.3828
1567.3828
1596.6797
1596.6797
1572.2656
1572.2656
1508.7891
1508.7891
1459.9609
1459.9609
1362.3047
1362.3047
1372.0703
1372.0703
1284.1797
1284.1797
1284.1797
1284.1797
1245.1172
1245.1172
1259.7656
1259.7656
1054.6875
1054.6875
522.4609
522.4609
0.0000
0.0000
0.0000
0.0000
0.0000
0.0000
0.0000
0.0000
0.0000
0.0000
0.0000
0.0000
0.0000
0.0000
0.0000
0.0000
0.0000
0.0000
0.0000
0.0000
0.0000
0.0000
0.0000
0.0000
0.0000
0.0000
0.0000
0.0000
0.0000
0.0000
0.0000
0.0000
0.0000
0.0000
263.6719
263.6719
488.2812
488.2812
766.6016
766.6016
917.9687
917.9687
1157.2266
1157.2266
1269.5312
1269.5312
1391.6016
1391.6016
1445.3125
1445.3125
1435.5469
1435.5469
1450.1953
1450.1953
1396.4844
1396.4844
1416.0156
1416.0156
1416.0156
1416.0156
1464.8437
1464.8437
1455.0781
1455.0781
1455.0781
1455.0781
1416.0156
1416.0156
1337.8906
1337.8906
1235.3516
1235.3516
1108.3984
1108.3984
927.7344
927.7344
439.4531
439.4531
0.0000
0.0000
0.0000
0.0000
0.0000
0.0000
0.0000
0.0000
0.0000
0.0000
0.0000
0.0000
0.0000
0.0000
0.0000
0.0000
0.0000
0.0000
0.0000
0.0000
0.0000
0.0000
0.0000
0.0000
0.0000
0.0000
0.0000
0.0000
0.0000
0.0000
0.0000
0.0000
0.0000
0.0000
332.0312
332.0312
649.4141
649.4141
932.6172
932.6172
1147.4609
1147.4609
1318.3594
1318.3594
1406.2500
1406.2500
1445.3125
1445.3125
1450.1953
1450.1953
1445.3125
1445.3125
1464.8437
1464.8437
1494.1406
1494.1406
1557.6172
1557.6172
1582.0312
1582.0312
1621.0937
1621.0937
1577.1484
1577.1484
1499.0234
1499.0234
1347.6562
1347.6562
1196.2891
1196.2891
1074.2187
1074.2187
1098.6328
1098.6328
1162.1094
1162.1094
942.3828
942.3828
424.8047
424.8047
0.0000
0.0000
0.0000
0.0000
0.0000
0.0000
0.0000
0.0000
0.0000
0.0000
0.0000
0.0000
0.0000
0.0000
0.0000
0.0000
0.0000
0.0000
0.0000
0.0000
0.0000
0.0000
0.0000
0.0000
0.0000
0.0000
0.0000
0.0000
0.0000
0.0000
0.0000
0.0000
151.3672
151.3672
444.3359
444.3359
756.8359
756.8359
888.6719
888.6719
1015.6250
1015.6250
1074.2187
1074.2187
1127.9297
1127.9297
1250.0000
1250.0000
1323.2422
1323.2422
1455.0781
1455.0781
1484.3750
1484.3750
1547.8516
1547.8516
1499.0234
1499.0234
1455.0781
1455.0781
1372.0703
1372.0703
1274.4141
1274.4141
1284.1797
1284.1797
1254.8828
1254.8828
1274.4141
1274.4141
1191.4062
1191.4062
1137.6953
1137.6953
869.1406
869.1406
302.7344
302.7344
0.0000
0.0000
0.0000
0.0000
0.0000
0.0000
0.0000
0.0000
0.0000
0.0000
0.0000
0.0000
0.0000
0.0000
0.0000
0.0000
0.0000
0.0000
0.0000
0.0000
0.0000
0.0000
0.0000
0.0000
0.0000
0.0000
0.0000
0.0000
0.0000
0.0000
0.0000
0.0000
0.0000
0.0000
29.2969
29.2969
307.6172
307.6172
571.2891
571.2891
795.8984
795.8984
1025.3906
1025.3906
1206.0547
1206.0547
1352.5391
1352.5391
1445.3125
1445.3125
1528.3203
1528.3203
1533.2031
1533.2031
1542.9687
1542.9687
1474.6094
1474.6094
1494.1406
1494.1406
1494.1406
1494.1406
1523.4375
1523.4375
1528.3203
1528.3203
1494.1406
1494.1406
1430.6641
1430.6641
1298.8281
1298.8281
1279.2969
1279.2969
1206.0547
1206.0547
1054.6875
1054.6875
527.3437
527.3437
0.0000
0.0000
0.0000
0.0000
0.0000
0.0000
0.0000
0.0000
0.0000
0.0000
0.0000
0.0000
0.0000
0.0000
0.0000
0.0000
0.0000
0.0000
0.0000
0.0000
0.0000
0.0000
0.0000
0.0000
0.0000
0.0000
0.0000
0.0000
0.0000
0.0000
0.0000
0.0000
0.0000
0.0000
239.2578
239.2578
610.3516
610.3516
883.7891
883.7891
1166.9922
1166.9922
1298.8281
1298.8281
1396.4844
1396.4844
1396.4844
1396.4844
1435.5469
1435.5469
1420.8984
1420.8984
1459.9609
1459.9609
1494.1406
1494.1406
1528.3203
1528.3203
1591.7969
1591.7969
1562.5000
1562.5000
1538.0859
1538.0859
1416.0156
1416.0156
1362.3047
1362.3047
1250.0000
1250.0000
1225.5859
1225.5859
1220.7031
1220.7031
1186.5234
1186.5234
883.7891
883.7891
234.3750
234.3750
0.0000
0.0000
0.0000
0.0000
0.0000
0.0000
0.0000
0.0000
0.0000
0.0000
0.0000
0.0000
0.0000
0.0000
0.0000
0.0000
0.0000
0.0000
0.0000
0.0000
0.0000
0.0000
0.0000
0.0000
0.0000
0.0000
0.0000
0.0000
0.0000
0.0000
0.0000
0.0000
131.8359
131.8359
498.0469
498.0469
712.8906
712.8906
913.0859
913.0859
1035.1562
1035.1562
1142.5781
1142.5781
1235.3516
1235.3516
1333.0078
1333.0078
1416.0156
1416.0156
1508.7891
1508.7891
1582.0312
1582.0312
1586.9141
1586.9141
1572.2656
1572.2656
1489.2578
1489.2578
1425.7812
1425.7812
1313.4766
1313.4766
1245.1172
1245.1172
1162.1094
1162.1094
1142.5781
1142.5781
1137.6953
1137.6953
1137.6953
1137.6953
893.5547
893.5547
336.9141
336.9141
0.0000
0.0000
0.0000
0.0000
0.0000
0.0000
0.0000
0.0000
0.0000
0.0000
0.0000
0.0000
0.0000
0.0000
0.0000
0.0000
0.0000
0.0000
0.0000
0.0000
0.0000
0.0000
0.0000
0.0000
0.0000
0.0000
0.0000
0.0000
0.0000
0.0000
0.0000
0.0000
126.9531
126.9531
419.9219
419.9219
629.8828
629.8828
834.9609
834.9609
971.6797
971.6797
1142.5781
1142.5781
1264.6484
1264.6484
1381.8359
1381.8359
1464.8437
1464.8437
1450.1953
1450.1953
1440.4297
1440.4297
1347.6562
1347.6562
1333.0078
1333.0078
1289.0625
1289.0625
1352.5391
1352.5391
1372.0703
1372.0703
1440.4297
1440.4297
1455.0781
1455.0781
1406.2500
1406.2500
1303.7109
1303.7109
1162.1094
1162.1094
1040.0391
1040.0391
664.0625
664.0625
107.4219
107.4219
0.0000
0.0000
0.0000
0.0000
0.0000
0.0000
0.0000
0.0000
0.0000
0.0000
0.0000
0.0000
0.0000
0.0000
0.0000
0.0000
0.0000
0.0000
0.0000
0.0000
0.0000
0.0000
0.0000
0.0000
0.0000
0.0000
0.0000
0.0000
0.0000
0.0000
0.0000
0.0000
0.0000
0.0000
122.0703
122.0703
498.0469
498.0469
830.0781
1079.1016
1079.1016
1240.2344
1240.2344
1333.0078
1333.0078
1367.1875
1367.1875
1367.1875
1362.3047
1362.3047
1381.8359
1381.8359
1420.8984
1420.8984
1489.2578
1489.2578
1503.9062
1547.8516
1547.8516
1489.2578
1489.2578
1445.3125
1445.3125
1328.1250
1328.1250
1328.1250
1250.0000
1250.0000
1176.7578
1176.7578
1171.8750
1284.1797
1284.1797
1328.1250
1328.1250
1186.5234
1186.5234
576.1719
576.1719
0.0000
0.0000
0.0000
0.0000
0.0000
0.0000
0.0000
0.0000
0.0000
0.0000
0.0000
0.0000
0.0000
0.0000
0.0000
0.0000
0.0000
0.0000
0.0000
0.0000
0.0000
0.0000
0.0000
0.0000
0.0000
0.0000
0.0000
0.0000
0.0000
0.0000
0.0000
0.0000
307.6172
307.6172
649.4141
649.4141
859.3750
859.3750
1015.6250
1015.6250
1118.1641
1118.1641
1152.3437
1152.3437
1245.1172
1245.1172
1298.8281
1298.8281
1420.8984
1420.8984
1469.7266
1469.7266
1552.7344
1552.7344
1552.7344
1552.7344
1538.0859
1538.0859
1455.0781
1455.0781
1352.5391
1352.5391
1318.3594
1318.3594
1235.3516
1235.3516
1240.2344
1240.2344
1171.8750
1171.8750
1201.1719
1201.1719
1088.8672
1088.8672
747.0703
747.0703
131.8359
131.8359
0.0000
0.0000
0.0000
0.0000
0.0000
0.0000
0.0000
0.0000
0.0000
0.0000
0.0000
0.0000
0.0000
0.0000
0.0000
0.0000
0.0000
0.0000
0.0000
0.0000
0.0000
0.0000
0.0000
0.0000
0.0000
0.0000
0.0000
0.0000
0.0000
0.0000
34.1797
34.1797
346.6797
346.6797
576.1719
576.1719
810.5469
810.5469
966.7969
966.7969
1142.5781
1142.5781
1250.0000
1250.0000
1376.9531
1376.9531
1430.6641
1430.6641
1479.4922
1479.4922
1445.3125
1445.3125
1416.0156
1416.0156
1342.7734
1342.7734
1342.7734
1342.7734
1333.0078
1333.0078
1333.0078
1333.0078
1333.0078
1333.0078
1308.5937
1308.5937
1269.5312
1269.5312
1132.8125
1132.8125
1069.3359
1069.3359
1000.9766
1000.9766
834.9609
834.9609
346.6797
346.6797
0.0000
0.0000
0.0000
0.0000
0.0000
0.0000
0.0000
0.0000
0.0000
0.0000
0.0000
0.0000
0.0000
0.0000
0.0000
0.0000
0.0000
0.0000
0.0000
0.0000
0.0000
0.0000
0.0000
0.0000
0.0000
0.0000
0.0000
0.0000
0.0000
0.0000
0.0000
0.0000
0.0000
0.0000
234.3750
234.3750
561.5234
561.5234
781.2500
781.2500
1030.2734
1030.2734
1152.3437
1152.3437
1289.0625
1289.0625
1337.8906
1337.8906
1372.0703
1372.0703
1367.1875
1367.1875
1372.0703
1372.0703
1401.3672
1401.3672
1406.2500
1406.2500
1450.1953
1450.1953
1396.4844
1396.4844
1386.7187
1386.7187
1313.4766
1313.4766
1279.2969
1279.2969
1196.2891
1196.2891
1132.8125
1132.8125
1079.1016
1079.1016
947.2656
947.2656
561.5234
561.5234
0.0000
0.0000
0.0000
0.0000
0.0000
0.0000
0.0000
0.0000
0.0000
0.0000
0.0000
0.0000
0.0000
0.0000
0.0000
0.0000
0.0000
0.0000
0.0000
0.0000
0.0000
0.0000
0.0000
0.0000
0.0000
0.0000
0.0000
0.0000
0.0000
0.0000
0.0000
0.0000
0.0000
0.0000
278.3203
278.3203
639.6484
639.6484
883.7891
883.7891
1064.4531
1064.4531
1157.2266
1157.2266
1220.7031
1220.7031
1240.2344
1240.2344
1284.1797
1284.1797
1337.8906
1337.8906
1440.4297
1440.4297
1494.1406
1494.1406
1533.2031
1533.2031
1518.5547
1518.5547
1445.3125
1445.3125
1352.5391
1352.5391
1240.2344
1240.2344
1245.1172
1245.1172
1176.7578
1176.7578
1235.3516
1235.3516
1279.2969
1279.2969
1254.8828
1254.8828
913.0859
913.0859
190.4297
190.4297
0.0000
0.0000
0.0000
0.0000
0.0000
0.0000
0.0000
0.0000
0.0000
0.0000
0.0000
0.0000
0.0000
0.0000
0.0000
0.0000
0.0000
0.0000
0.0000
0.0000
0.0000
0.0000
0.0000
0.0000
0.0000
0.0000
0.0000
0.0000
0.0000
0.0000
0.0000
0.0000
258.7891
258.7891
610.3516
610.3516
786.1328
786.1328
1010.7422
1010.7422
1142.5781
1142.5781
1289.0625
1289.0625
1396.4844
1396.4844
1479.4922
1479.4922
1547.8516
1547.8516
1533.2031
1533.2031
1518.5547
1518.5547
1420.8984
1420.8984
1406.2500
1406.2500
1347.6562
1347.6562
1367.1875
1367.1875
1386.7187
1386.7187
1440.4297
1440.4297
1425.7812
1425.7812
1352.5391
1352.5391
1264.6484
1264.6484
1113.2812
1113.2812
830.0781
830.0781
200.1953
200.1953
0.0000
0.0000
0.0000
0.0000
0.0000
0.0000
0.0000
0.0000
0.0000
0.0000
0.0000
0.0000
0.0000
0.0000
0.0000
0.0000
0.0000
0.0000
0.0000
0.0000
0.0000
0.0000
0.0000
0.0000
0.0000
0.0000
0.0000
0.0000
0.0000
0.0000
0.0000
0.0000
92.7734
92.7734
395.5078
395.5078
708.0078
708.0078
922.8516
922.8516
1118.1641
1118.1641
1264.6484
1264.6484
1367.1875
1367.1875
1396.4844
1396.4844
1396.4844
1396.4844
1376.9531
1376.9531
1367.1875
1367.1875
1376.9531
1376.9531
1411.1328
1411.1328
1435.5469
1435.5469
1489.2578
1489.2578
1474.6094
1474.6094
1489.2578
1489.2578
1430.6641
1430.6641
1303.7109
1303.7109
1171.8750
1171.8750
1103.5156
1103.5156
1064.4531
1064.4531
678.7109
678.7109
68.3594
68.3594
0.0000
0.0000
0.0000
0.0000
0.0000
0.0000
0.0000
0.0000
0.0000
0.0000
0.0000
0.0000
0.0000
0.0000
0.0000
0.0000
0.0000
0.0000
0.0000
0.0000
0.0000
0.0000
0.0000
0.0000
0.0000
0.0000
0.0000
0.0000
0.0000
0.0000
0.0000
0.0000
336.9141
336.9141
673.8281
673.8281
942.3828
942.3828
1118.1641
1118.1641
1201.1719
1201.1719
1259.7656
1259.7656
1245.1172
1245.1172
1313.4766
1313.4766
1342.7734
1342.7734
1464.8437
1464.8437
1523.4375
1523.4375
1596.6797
1596.6797
1596.6797
1596.6797
1533.2031
1533.2031
1440.4297
1440.4297
1308.5937
1308.5937
1293.9453
1293.9453
1250.0000
1250.0000
1254.8828
1254.8828
1191.4062
1191.4062
1113.2812
1113.2812
717.7734
717.7734
112.3047
112.3047
0.0000
0.0000
0.0000
0.0000
0.0000
0.0000
0.0000
0.0000
0.0000
0.0000
0.0000
0.0000
0.0000
0.0000
0.0000
0.0000
0.0000
0.0000
0.0000
0.0000
0.0000
0.0000
0.0000
0.0000
0.0000
0.0000
0.0000
0.0000
0.0000
0.0000
0.0000
0.0000
141.6016
141.6016
483.3984
483.3984
712.8906
712.8906
917.9687
917.9687
1044.9219
1044.9219
1201.1719
1201.1719
1328.1250
1328.1250
1455.0781
1455.0781
1533.2031
1533.2031
1611.3281
1611.3281
1606.4453
1606.4453
1606.4453
1606.4453
1557.6172
1557.6172
1508.7891
1508.7891
1455.0781
1455.0781
1411.1328
1411.1328
1376.9531
1376.9531
1333.0078
1333.0078
1313.4766
1313.4766
1254.8828
1254.8828
1274.4141
1274.4141
1059.5703
1059.5703
566.4062
566.4062
0.0000
0.0000
0.0000
0.0000
0.0000
0.0000
0.0000
0.0000
0.0000
0.0000
0.0000
0.0000
0.0000
0.0000
0.0000
0.0000
0.0000
0.0000
0.0000
0.0000
0.0000
0.0000
0.0000
0.0000
0.0000
0.0000
0.0000
0.0000
0.0000
0.0000
0.0000
0.0000
131.8359
131.8359
361.3281
361.3281
615.2344
615.2344
864.2578
864.2578
1040.0391
1040.0391
1264.6484
1264.6484
1376.9531
1376.9531
1484.3750
1484.3750
1494.1406
1494.1406
1484.3750
1484.3750
1411.1328
1411.1328
1362.3047
1362.3047
1376.9531
1376.9531
1372.0703
1372.0703
1401.3672
1401.3672
1401.3672
1401.3672
1430.6641
1430.6641
1362.3047
1362.3047
1279.2969
1279.2969
1127.9297
1127.9297
1044.9219
1044.9219
922.8516
922.8516
493.1641
493.1641
0.0000
0.0000
0.0000
0.0000
0.0000
0.0000
0.0000
0.0000
0.0000
0.0000
0.0000
0.0000
0.0000
0.0000
0.0000
0.0000
0.0000
0.0000
0.0000
0.0000
0.0000
0.0000
0.0000
0.0000
0.0000
0.0000
0.0000
0.0000
0.0000
0.0000
0.0000
0.0000
0.0000
0.0000
73.2422
73.2422
424.8047
424.8047
742.1875
742.1875
961.9141
961.9141
1132.8125
1132.8125
1220.7031
1220.7031
1279.2969
1279.2969
1318.3594
1318.3594
1391.6016
1391.6016
1435.5469
1435.5469
1508.7891
1508.7891
1538.0859
1538.0859
1552.7344
1552.7344
1538.0859
1538.0859
1455.0781
1455.0781
1372.0703
1372.0703
1303.7109
1303.7109
1313.4766
1313.4766
1259.7656
1259.7656
1313.4766
1313.4766
1372.0703
1372.0703
1337.8906
1337.8906
957.0312
957.0312
268.5547
268.5547
0.0000
0.0000
0.0000
0.0000
0.0000
0.0000
0.0000
0.0000
0.0000
0.0000
0.0000
0.0000
0.0000
0.0000
0.0000
0.0000
0.0000
0.0000
0.0000
0.0000
0.0000
0.0000
0.0000
0.0000
0.0000
0.0000
0.0000
0.0000
0.0000
0.0000
200.1953
200.1953
512.6953
512.6953
800.7812
800.7812
971.6797
971.6797
1142.5781
1142.5781
1240.2344
1240.2344
1328.1250
1328.1250
1406.2500
1406.2500
1459.9609
1459.9609
1528.3203
1528.3203
1518.5547
1518.5547
1528.3203
1528.3203
1445.3125
1445.3125
1401.3672
1401.3672
1303.7109
1303.7109
1289.0625
1289.0625
1293.9453
1293.9453
1333.0078
1333.0078
1347.6562
1347.6562
1289.0625
1289.0625
1215.8203
1215.8203
1020.5078
1020.5078
693.3594
693.3594
24.4141
24.4141
0.0000
0.0000
0.0000
0.0000
0.0000
0.0000
0.0000
0.0000
0.0000
0.0000
0.0000
0.0000
0.0000
0.0000
0.0000
0.0000
0.0000
0.0000
0.0000
0.0000
0.0000
0.0000
0.0000
0.0000
0.0000
0.0000
0.0000
0.0000
0.0000
0.0000
0.0000
0.0000
0.0000
0.0000
0.0000
0.0000
341.7969
341.7969
644.5312
644.5312
937.5000
937.5000
1152.3437
1152.3437
1303.7109
1303.7109
1352.5391
1352.5391
1362.3047
1347.6562
1347.6562
1347.6562
1347.6562
1347.6562
1347.6562
1347.6562
1420.8984
1420.8984
1459.9609
1459.9609
1518.5547
1518.5547
1489.2578
1474.6094
1474.6094
1381.8359
1381.8359
1274.4141
1274.4141
1191.4062
1191.4062
1181.6406
1181.6406
1196.2891
1196.2891
908.2031
908.2031
405.2734
405.2734
0.0000
0.0000
0.0000
0.0000
0.0000
0.0000
0.0000
0.0000
0.0000
0.0000
0.0000
0.0000
0.0000
0.0000
0.0000
0.0000
0.0000
0.0000
0.0000
0.0000
0.0000
0.0000
0.0000
0.0000
0.0000
0.0000
0.0000
0.0000
0.0000
0.0000
0.0000
0.0000
302.7344
302.7344
595.7031
595.7031
878.9062
878.9062
1064.4531
1064.4531
1166.9922
1166.9922
1264.6484
1264.6484
1284.1797
1284.1797
1357.4219
1357.4219
1352.5391
1352.5391
1445.3125
1445.3125
1479.4922
1479.4922
1547.8516
1547.8516
1562.5000
1562.5000
1533.2031
1533.2031
1469.7266
1469.7266
1347.6562
1347.6562
1313.4766
1313.4766
1245.1172
1245.1172
1264.6484
1264.6484
1240.2344
1240.2344
1289.0625
1289.0625
1118.1641
1118.1641
610.3516
610.3516
0.0000
0.0000
0.0000
0.0000
0.0000
0.0000
0.0000
0.0000
0.0000
0.0000
0.0000
0.0000
0.0000
0.0000
0.0000
0.0000
0.0000
0.0000
0.0000
0.0000
0.0000
0.0000
0.0000
0.0000
0.0000
0.0000
