732.4219
732.4219
249.0234
249.0234
0.0000
0.0000
0.0000
0.0000
0.0000
0.0000
0.0000
0.0000
0.0000
0.0000
0.0000
0.0000
0.0000
0.0000
0.0000
0.0000
0.0000
0.0000
0.0000
0.0000
0.0000
0.0000
0.0000
0.0000
0.0000
0.0000
0.0000
0.0000
83.0078
83.0078
429.6875
429.6875
795.8984
795.8984
1118.1641
1118.1641
1323.2422
1323.2422
1499.0234
1499.0234
1547.8516
1547.8516
1596.6797
1596.6797
1586.9141
1586.9141
1640.6250
1640.6250
1635.7422
1635.7422
1699.2187
1699.2187
1743.1641
1743.1641
1757.8125
1757.8125
1748.0469
1748.0469
1655.2734
1655.2734
1567.3828
1567.3828
1450.1953
1450.1953
1416.0156
1416.0156
1367.1875
1367.1875
1323.2422
1323.2422
1274.4141
1274.4141
1225.5859
1225.5859
942.3828
942.3828
385.7422
385.7422
0.0000
0.0000
0.0000
0.0000
0.0000
0.0000
0.0000
0.0000
0.0000
0.0000
0.0000
0.0000
0.0000
0.0000
0.0000
0.0000
0.0000
0.0000
0.0000
0.0000
0.0000
0.0000
0.0000
0.0000
0.0000
0.0000
0.0000
0.0000
0.0000
0.0000
0.0000
0.0000
219.7266
219.7266
541.9922
541.9922
771.4844
771.4844
942.3828
942.3828
1054.6875
1054.6875
1152.3437
1152.3437
1230.4687
1230.4687
1352.5391
1352.5391
1411.1328
1411.1328
1494.1406
1494.1406
1518.5547
1518.5547
1518.5547
1518.5547
1494.1406
1494.1406
1435.5469
1435.5469
1406.2500
1406.2500
1381.8359
1381.8359
1440.4297
1440.4297
1420.8984
1420.8984
1425.7812
1425.7812
1308.5937
1308.5937
1186.5234
1186.5234
1015.6250
1015.6250
722.6562
214.8437
214.8437
0.0000
0.0000
0.0000
0.0000
0.0000
0.0000
0.0000
0.0000
0.0000
0.0000
0.0000
0.0000
0.0000
0.0000
0.0000
0.0000
0.0000
0.0000
0.0000
0.0000
0.0000
0.0000
0.0000
0.0000
0.0000
0.0000
0.0000
0.0000
0.0000
0.0000
0.0000
0.0000
0.0000
180.6641
180.6641
449.2187
795.8984
795.8984
1005.8594
1005.8594
1206.0547
1206.0547
1333.0078
1333.0078
1420.8984
1420.8984
1420.8984
1459.9609
1459.9609
1435.5469
1435.5469
1440.4297
1440.4297
1386.7187
1386.7187
1425.7812
1425.7812
1425.7812
1459.9609
1459.9609
1455.0781
1455.0781
1445.3125
1445.3125
1386.7187
1386.7187
1293.9453
1293.9453
1132.8125
1132.8125
952.1484
952.1484
844.7266
844.7266
688.4766
688.4766
302.7344
302.7344
0.0000
0.0000
0.0000
0.0000
0.0000
0.0000
0.0000
0.0000
0.0000
0.0000
0.0000
0.0000
0.0000
0.0000
0.0000
0.0000
0.0000
0.0000
0.0000
0.0000
0.0000
0.0000
0.0000
0.0000
0.0000
0.0000
0.0000
0.0000
0.0000
0.0000
0.0000
0.0000
0.0000
0.0000
0.0000
0.0000
205.0781
205.0781
493.1641
493.1641
781.2500
781.2500
932.6172
932.6172
1123.0469
1123.0469
1206.0547
1206.0547
1308.5937
1308.5937
1425.7812
1425.7812
1459.9609
1459.9609
1577.1484
1577.1484
1572.2656
1572.2656
1601.5625
1601.5625
1499.0234
1499.0234
1464.8437
1464.8437
1425.7812
1425.7812
1469.7266
1469.7266
1542.9687
1542.9687
1552.7344
1552.7344
1586.9141
1586.9141
1508.7891
1508.7891
1367.1875
1367.1875
800.7812
800.7812
146.4844
146.4844
0.0000
0.0000
0.0000
0.0000
0.0000
0.0000
0.0000
0.0000
0.0000
0.0000
0.0000
0.0000
0.0000
0.0000
0.0000
0.0000
0.0000
0.0000
0.0000
0.0000
0.0000
0.0000
0.0000
0.0000
0.0000
0.0000
0.0000
0.0000
0.0000
0.0000
234.3750
234.3750
576.1719
576.1719
786.1328
786.1328
1005.8594
1005.8594
1186.5234
1186.5234
1269.5312
1269.5312
1420.8984
1420.8984
1469.7266
1469.7266
1591.7969
1591.7969
1611.3281
1611.3281
1665.0391
1665.0391
1635.7422
1635.7422
1611.3281
1611.3281
1591.7969
1591.7969
1538.0859
1538.0859
1542.9687
1542.9687
1484.3750
1484.3750
1469.7266
1469.7266
1357.4219
1357.4219
1289.0625
1289.0625
1235.3516
1235.3516
1181.6406
1181.6406
844.7266
844.7266
200.1953
200.1953
0.0000
0.0000
0.0000
0.0000
0.0000
0.0000
0.0000
0.0000
0.0000
0.0000
0.0000
0.0000
0.0000
0.0000
0.0000
0.0000
0.0000
0.0000
0.0000
0.0000
0.0000
0.0000
0.0000
0.0000
0.0000
0.0000
0.0000
0.0000
0.0000
0.0000
0.0000
0.0000
0.0000
0.0000
380.8594
380.8594
649.4141
649.4141
937.5000
937.5000
1147.4609
1147.4609
1308.5937
1308.5937
1391.6016
1391.6016
1445.3125
1445.3125
1445.3125
1445.3125
1459.9609
1459.9609
1440.4297
1440.4297
1489.2578
1489.2578
1528.3203
1528.3203
1591.7969
1591.7969
1616.2109
1616.2109
1591.7969
1591.7969
1557.6172
1557.6172
1459.9609
1459.9609
1367.1875
1367.1875
1210.9375
1210.9375
1147.4609
1147.4609
1049.8047
1049.8047
800.7812
800.7812
151.3672
151.3672
0.0000
0.0000
0.0000
0.0000
0.0000
0.0000
0.0000
0.0000
0.0000
0.0000
0.0000
0.0000
0.0000
0.0000
0.0000
0.0000
0.0000
0.0000
0.0000
0.0000
0.0000
0.0000
0.0000
0.0000
0.0000
0.0000
0.0000
0.0000
0.0000
0.0000
0.0000
0.0000
97.6562
97.6562
434.5703
434.5703
776.3672
776.3672
971.6797
971.6797
1186.5234
1186.5234
1269.5312
1269.5312
1367.1875
1367.1875
1425.7812
1425.7812
1489.2578
1489.2578
1567.3828
1567.3828
1596.6797
1596.6797
1650.3906
1650.3906
1616.2109
1616.2109
1621.0937
1621.0937
1518.5547
1518.5547
1474.6094
1474.6094
1406.2500
1406.2500
1391.6016
1391.6016
1362.3047
1362.3047
1303.7109
1303.7109
1323.2422
1323.2422
1225.5859
1225.5859
898.4375
898.4375
195.3125
195.3125
0.0000
0.0000
0.0000
0.0000
0.0000
0.0000
0.0000
0.0000
0.0000
0.0000
0.0000
0.0000
0.0000
0.0000
0.0000
0.0000
0.0000
0.0000
0.0000
0.0000
0.0000
0.0000
0.0000
0.0000
0.0000
0.0000
0.0000
0.0000
0.0000
0.0000
0.0000
0.0000
307.6172
307.6172
581.0547
581.0547
815.4297
815.4297
942.3828
942.3828
1069.3359
1069.3359
1196.2891
1196.2891
1333.0078
1333.0078
1459.9609
1459.9609
1552.7344
1552.7344
1591.7969
1591.7969
1586.9141
1586.9141
1533.2031
1533.2031
1459.9609
1459.9609
1376.9531
1376.9531
1406.2500
1406.2500
1416.0156
1416.0156
1464.8437
1464.8437
1445.3125
1445.3125
1391.6016
1391.6016
1264.6484
1264.6484
1108.3984
1108.3984
708.0078
708.0078
48.8281
48.8281
0.0000
0.0000
0.0000
0.0000
0.0000
0.0000
0.0000
0.0000
0.0000
0.0000
0.0000
0.0000
0.0000
0.0000
0.0000
0.0000
0.0000
0.0000
0.0000
0.0000
0.0000
0.0000
0.0000
0.0000
0.0000
0.0000
0.0000
0.0000
0.0000
0.0000
0.0000
0.0000
117.1875
117.1875
502.9297
502.9297
781.2500
781.2500
1074.2187
1074.2187
1250.0000
1250.0000
1376.9531
1376.9531
1455.0781
1455.0781
1459.9609
1459.9609
1508.7891
1508.7891
1479.4922
1479.4922
1552.7344
1552.7344
1562.5000
1562.5000
1640.6250
1640.6250
1621.0937
1621.0937
1601.5625
1601.5625
1538.0859
1538.0859
1440.4297
1440.4297
1376.9531
1376.9531
1235.3516
1235.3516
1254.8828
1254.8828
1230.4687
1230.4687
1103.5156
1103.5156
590.8203
590.8203
0.0000
0.0000
0.0000
0.0000
0.0000
0.0000
0.0000
0.0000
0.0000
0.0000
0.0000
0.0000
0.0000
0.0000
0.0000
0.0000
0.0000
0.0000
0.0000
0.0000
0.0000
0.0000
0.0000
0.0000
0.0000
0.0000
0.0000
0.0000
0.0000
0.0000
0.0000
0.0000
0.0000
0.0000
258.7891
258.7891
615.2344
615.2344
844.7266
844.7266
1088.8672
1088.8672
1196.2891
1196.2891
1318.3594
1318.3594
1372.0703
1372.0703
1440.4297
1440.4297
1484.3750
1484.3750
1523.4375
1523.4375
1547.8516
1547.8516
1557.6172
1557.6172
1542.9687
1542.9687
1494.1406
1494.1406
1445.3125
1445.3125
1416.0156
1416.0156
1420.8984
1420.8984
1440.4297
1440.4297
1450.1953
1450.1953
1411.1328
1411.1328
1381.8359
1381.8359
1166.9922
1166.9922
595.7031
595.7031
0.0000
0.0000
0.0000
0.0000
0.0000
0.0000
0.0000
0.0000
0.0000
0.0000
0.0000
0.0000
0.0000
0.0000
0.0000
0.0000
0.0000
0.0000
0.0000
0.0000
0.0000
0.0000
0.0000
0.0000
0.0000
0.0000
0.0000
0.0000
0.0000
0.0000
0.0000
0.0000
131.8359
131.8359
434.5703
434.5703
683.5937
683.5937
903.3203
903.3203
1103.5156
1103.5156
1279.2969
1279.2969
1396.4844
1396.4844
1523.4375
1523.4375
1572.2656
1572.2656
1616.2109
1616.2109
1577.1484
1577.1484
1552.7344
1552.7344
1508.7891
1508.7891
1489.2578
1489.2578
1508.7891
1508.7891
1469.7266
1469.7266
1499.0234
1499.0234
1396.4844
1396.4844
1342.7734
1342.7734
1230.4687
1230.4687
1215.8203
1215.8203
1088.8672
1088.8672
644.5312
644.5312
4.8828
4.8828
0.0000
0.0000
0.0000
0.0000
0.0000
0.0000
0.0000
0.0000
0.0000
0.0000
0.0000
0.0000
0.0000
0.0000
0.0000
0.0000
0.0000
0.0000
0.0000
0.0000
0.0000
0.0000
0.0000
0.0000
0.0000
0.0000
0.0000
0.0000
0.0000
0.0000
0.0000
0.0000
175.7812
175.7812
473.6328
473.6328
825.1953
825.1953
1010.7422
1010.7422
1157.2266
1157.2266
1235.3516
1235.3516
1289.0625
1289.0625
1357.4219
1357.4219
1386.7187
1386.7187
1459.9609
1459.9609
1464.8437
1464.8437
1518.5547
1518.5547
1523.4375
1523.4375
1533.2031
1533.2031
1489.2578
1489.2578
1425.7812
1425.7812
1352.5391
1352.5391
1245.1172
1245.1172
1118.1641
1118.1641
1005.8594
1005.8594
849.6094
849.6094
512.6953
512.6953
39.0625
39.0625
0.0000
0.0000
0.0000
0.0000
0.0000
0.0000
0.0000
0.0000
0.0000
0.0000
0.0000
0.0000
0.0000
0.0000
0.0000
0.0000
0.0000
0.0000
0.0000
0.0000
0.0000
0.0000
0.0000
0.0000
0.0000
0.0000
0.0000
0.0000
0.0000
0.0000
0.0000
0.0000
346.6797
346.6797
717.7734
717.7734
996.0937
996.0937
1186.5234
1186.5234
1333.0078
1333.0078
1386.7187
1386.7187
1435.5469
1435.5469
1459.9609
1459.9609
1508.7891
1508.7891
1567.3828
1567.3828
1601.5625
1601.5625
1650.3906
1650.3906
1611.3281
1611.3281
1586.9141
1586.9141
1469.7266
1469.7266
1420.8984
1420.8984
1323.2422
1323.2422
1245.1172
1245.1172
1196.2891
1196.2891
1191.4062
1191.4062
1181.6406
1181.6406
830.0781
830.0781
249.0234
249.0234
0.0000
0.0000
0.0000
0.0000
0.0000
0.0000
0.0000
0.0000
0.0000
0.0000
0.0000
0.0000
0.0000
0.0000
0.0000
0.0000
0.0000
0.0000
0.0000
0.0000
0.0000
0.0000
0.0000
0.0000
0.0000
0.0000
0.0000
0.0000
0.0000
0.0000
0.0000
0.0000
219.7266
219.7266
434.5703
434.5703
668.9453
668.9453
820.3125
820.3125
976.5625
976.5625
1123.0469
1123.0469
1225.5859
1225.5859
1372.0703
1372.0703
1416.0156
1416.0156
1494.1406
1494.1406
1469.7266
1469.7266
1459.9609
1459.9609
1425.7812
1425.7812
1381.8359
1381.8359
1376.9531
1376.9531
1376.9531
1376.9531
1450.1953
1450.1953
1440.4297
1440.4297
1425.7812
1425.7812
1303.7109
1303.7109
1206.0547
1206.0547
922.8516
922.8516
356.4453
356.4453
0.0000
0.0000
0.0000
0.0000
0.0000
0.0000
0.0000
0.0000
0.0000
0.0000
0.0000
0.0000
0.0000
0.0000
0.0000
0.0000
0.0000
0.0000
0.0000
0.0000
0.0000
0.0000
0.0000
0.0000
0.0000
0.0000
0.0000
0.0000
0.0000
0.0000
0.0000
0.0000
0.0000
278.3203
278.3203
278.3203
595.7031
595.7031
869.1406
869.1406
1118.1641
1118.1641
1293.9453
1435.5469
1435.5469
1518.5547
1518.5547
1538.0859
1538.0859
1557.6172
1557.6172
1533.2031
1533.2031
1572.2656
1572.2656
1567.3828
1567.3828
1611.3281
1611.3281
1601.5625
1601.5625
1562.5000
1562.5000
1499.0234
1499.0234
1352.5391
1352.5391
1284.1797
1284.1797
1235.3516
1235.3516
1323.2422
1323.2422
1152.3437
1152.3437
766.6016
766.6016
102.5391
102.5391
0.0000
0.0000
0.0000
0.0000
0.0000
0.0000
0.0000
0.0000
0.0000
0.0000
0.0000
0.0000
0.0000
0.0000
0.0000
0.0000
0.0000
0.0000
0.0000
0.0000
0.0000
0.0000
0.0000
0.0000
0.0000
0.0000
0.0000
0.0000
0.0000
0.0000
258.7891
258.7891
566.4062
566.4062
874.0234
874.0234
1118.1641
1118.1641
1235.3516
1235.3516
1352.5391
1352.5391
1367.1875
1367.1875
1440.4297
1440.4297
1430.6641
1430.6641
1479.4922
1479.4922
1489.2578
1489.2578
1513.6719
1513.6719
1533.2031
1533.2031
1499.0234
1499.0234
1484.3750
1484.3750
1391.6016
1391.6016
1372.0703
1372.0703
1284.1797
1284.1797
1250.0000
1250.0000
1152.3437
1152.3437
1118.1641
1118.1641
922.8516
922.8516
312.5000
312.5000
0.0000
0.0000
0.0000
0.0000
0.0000
0.0000
0.0000
0.0000
0.0000
0.0000
0.0000
0.0000
0.0000
0.0000
0.0000
0.0000
0.0000
0.0000
0.0000
0.0000
0.0000
0.0000
0.0000
0.0000
0.0000
0.0000
0.0000
0.0000
0.0000
0.0000
0.0000
0.0000
0.0000
0.0000
185.5469
185.5469
493.1641
493.1641
791.0156
791.0156
986.3281
986.3281
1147.4609
1147.4609
1235.3516
1235.3516
1323.2422
1323.2422
1386.7187
1386.7187
1479.4922
1479.4922
1542.9687
1542.9687
1582.0312
1582.0312
1562.5000
1562.5000
1503.9062
1503.9062
1450.1953
1450.1953
1357.4219
1357.4219
1372.0703
1372.0703
1333.0078
1333.0078
1362.3047
1362.3047
1308.5937
1308.5937
1381.8359
1381.8359
1333.0078
1333.0078
1044.9219
1044.9219
463.8672
463.8672
0.0000
0.0000
0.0000
0.0000
0.0000
0.0000
0.0000
0.0000
0.0000
0.0000
0.0000
0.0000
0.0000
0.0000
0.0000
0.0000
0.0000
0.0000
0.0000
0.0000
0.0000
0.0000
0.0000
0.0000
0.0000
0.0000
0.0000
0.0000
0.0000
0.0000
0.0000
0.0000
219.7266
219.7266
478.5156
478.5156
786.1328
786.1328
947.2656
947.2656
1171.8750
1171.8750
1293.9453
1293.9453
1435.5469
1435.5469
1484.3750
1484.3750
1503.9062
1503.9062
1518.5547
1518.5547
1459.9609
1459.9609
1479.4922
1479.4922
1425.7812
1425.7812
1469.7266
1469.7266
1459.9609
1459.9609
1459.9609
1459.9609
1435.5469
1435.5469
1386.7187
1386.7187
1284.1797
1284.1797
1137.6953
1137.6953
1123.0469
1123.0469
971.6797
971.6797
610.3516
610.3516
0.0000
0.0000
0.0000
0.0000
0.0000
0.0000
0.0000
0.0000
0.0000
0.0000
0.0000
0.0000
0.0000
0.0000
0.0000
0.0000
0.0000
0.0000
0.0000
0.0000
0.0000
0.0000
0.0000
0.0000
0.0000
0.0000
0.0000
0.0000
0.0000
0.0000
0.0000
0.0000
0.0000
0.0000
87.8906
87.8906
444.3359
444.3359
781.2500
781.2500
1020.5078
1020.5078
1215.8203
1215.8203
1293.9453
1293.9453
1367.1875
1367.1875
1391.6016
1391.6016
1425.7812
1425.7812
1445.3125
1445.3125
1494.1406
1494.1406
1538.0859
1538.0859
1586.9141
1586.9141
1582.0312
1582.0312
1567.3828
1567.3828
1484.3750
1484.3750
1420.8984
1420.8984
1323.2422
1323.2422
1259.7656
1259.7656
1264.6484
1264.6484
1293.9453
1293.9453
1210.9375
1210.9375
732.4219
732.4219
73.2422
73.2422
0.0000
0.0000
0.0000
0.0000
0.0000
0.0000
0.0000
0.0000
0.0000
0.0000
0.0000
0.0000
0.0000
0.0000
0.0000
0.0000
0.0000
0.0000
0.0000
0.0000
0.0000
0.0000
0.0000
0.0000
0.0000
0.0000
0.0000
0.0000
0.0000
0.0000
0.0000
0.0000
322.2656
322.2656
585.9375
585.9375
839.8437
839.8437
981.4453
981.4453
1103.5156
1103.5156
1220.7031
1220.7031
1289.0625
1289.0625
1425.7812
1425.7812
1464.8437
1464.8437
1542.9687
1542.9687
1503.9062
1503.9062
1469.7266
1469.7266
1401.3672
1401.3672
1333.0078
1333.0078
1308.5937
1308.5937
1279.2969
1279.2969
1352.5391
1352.5391
1323.2422
1323.2422
1303.7109
1303.7109
1201.1719
1201.1719
1074.2187
1074.2187
605.4687
605.4687
0.0000
0.0000
0.0000
0.0000
0.0000
0.0000
0.0000
0.0000
0.0000
0.0000
0.0000
0.0000
0.0000
0.0000
0.0000
0.0000
0.0000
0.0000
0.0000
0.0000
0.0000
0.0000
0.0000
0.0000
0.0000
0.0000
0.0000
0.0000
0.0000
0.0000
0.0000
0.0000
0.0000
0.0000
0.0000
0.0000
302.7344
302.7344
571.2891
571.2891
854.4922
854.4922
1074.2187
1074.2187
1245.1172
1245.1172
1352.5391
1352.5391
1430.6641
1430.6641
1469.7266
1469.7266
1494.1406
1494.1406
1518.5547
1518.5547
1542.9687
1542.9687
1562.5000
1562.5000
1582.0312
1582.0312
1577.1484
1577.1484
1542.9687
1542.9687
1474.6094
1474.6094
1372.0703
1372.0703
1284.1797
1284.1797
1250.0000
1250.0000
1357.4219
1357.4219
1352.5391
1352.5391
1083.9844
1083.9844
439.4531
439.4531
0.0000
0.0000
0.0000
0.0000
0.0000
0.0000
0.0000
0.0000
0.0000
0.0000
0.0000
0.0000
0.0000
0.0000
0.0000
0.0000
0.0000
0.0000
0.0000
0.0000
0.0000
0.0000
0.0000
0.0000
0.0000
0.0000
0.0000
0.0000
0.0000
0.0000
0.0000
0.0000
0.0000
0.0000
322.2656
322.2656
673.8281
673.8281
888.6719
888.6719
1083.9844
1083.9844
1152.3437
1152.3437
1250.0000
1250.0000
1254.8828
1254.8828
1313.4766
1313.4766
1367.1875
1367.1875
1406.2500
1406.2500
1474.6094
1474.6094
1474.6094
1474.6094
1528.3203
1528.3203
1455.0781
1455.0781
1430.6641
1430.6641
1333.0078
1333.0078
1303.7109
1303.7109
1240.2344
1240.2344
1201.1719
1201.1719
1186.5234
1186.5234
942.3828
942.3828
502.9297
502.9297
0.0000
0.0000
0.0000
0.0000
0.0000
0.0000
0.0000
0.0000
0.0000
0.0000
0.0000
0.0000
0.0000
0.0000
0.0000
0.0000
0.0000
0.0000
0.0000
0.0000
0.0000
0.0000
0.0000
0.0000
0.0000
0.0000
0.0000
0.0000
0.0000
0.0000
0.0000
0.0000
185.5469
185.5469
415.0391
415.0391
712.8906
712.8906
893.5547
893.5547
1083.9844
1083.9844
1220.7031
1220.7031
1328.1250
1328.1250
1435.5469
1435.5469
1503.9062
1503.9062
1557.6172
1557.6172
1557.6172
1557.6172
1542.9687
1542.9687
1484.3750
1484.3750
1435.5469
1435.5469
1401.3672
1401.3672
1372.0703
1372.0703
1357.4219
1357.4219
1337.8906
1337.8906
1293.9453
1293.9453
1269.5312
1269.5312
1235.3516
1235.3516
991.2109
991.2109
546.8750
546.8750
0.0000
0.0000
0.0000
0.0000
0.0000
0.0000
0.0000
0.0000
0.0000
0.0000
0.0000
0.0000
0.0000
0.0000
0.0000
0.0000
0.0000
0.0000
0.0000
0.0000
0.0000
0.0000
0.0000
0.0000
0.0000
0.0000
0.0000
0.0000
0.0000
0.0000
0.0000
0.0000
126.9531
126.9531
400.3906
400.3906
693.3594
693.3594
869.1406
869.1406
1054.6875
1054.6875
1171.8750
1171.8750
1269.5312
1269.5312
1347.6562
1347.6562
1376.9531
1376.9531
1411.1328
1411.1328
1381.8359
1381.8359
1386.7187
1386.7187
1337.8906
1337.8906
1376.9531
1376.9531
1347.6562
1347.6562
1357.4219
1357.4219
1347.6562
1347.6562
1323.2422
1323.2422
1259.7656
1259.7656
1132.8125
1132.8125
1079.1016
1079.1016
908.2031
908.2031
615.2344
615.2344
34.1797
34.1797
0.0000
0.0000
0.0000
0.0000
0.0000
0.0000
0.0000
0.0000
0.0000
0.0000
0.0000
0.0000
0.0000
0.0000
0.0000
0.0000
0.0000
0.0000
0.0000
0.0000
0.0000
0.0000
0.0000
0.0000
0.0000
0.0000
0.0000
0.0000
0.0000
0.0000
0.0000
0.0000
0.0000
0.0000
351.5625
351.5625
708.0078
708.0078
947.2656
947.2656
1166.9922
1166.9922
1250.0000
1250.0000
1333.0078
1333.0078
1337.8906
1337.8906
1333.0078
1333.0078
1333.0078
1333.0078
1372.0703
1372.0703
1411.1328
1411.1328
1474.6094
1474.6094
1499.0234
1499.0234
1479.4922
1479.4922
1420.8984
1420.8984
1308.5937
1308.5937
1176.7578
1176.7578
1083.9844
1083.9844
1113.2812
1113.2812
1093.7500
1093.7500
869.1406
869.1406
297.8516
297.8516
0.0000
0.0000
0.0000
0.0000
0.0000
0.0000
0.0000
0.0000
0.0000
0.0000
0.0000
0.0000
0.0000
0.0000
0.0000
0.0000
0.0000
0.0000
0.0000
0.0000
0.0000
0.0000
0.0000
0.0000
0.0000
0.0000
0.0000
0.0000
0.0000
0.0000
0.0000
0.0000
209.9609
209.9609
556.6406
556.6406
781.2500
781.2500
942.3828
942.3828
1083.9844
1083.9844
1157.2266
1157.2266
1274.4141
1274.4141
1308.5937
1308.5937
1420.8984
1420.8984
1430.6641
1430.6641
1489.2578
1489.2578
1450.1953
1450.1953
1435.5469
1435.5469
1367.1875
1367.1875
1293.9453
1293.9453
1303.7109
1303.7109
1250.0000
1250.0000
1269.5312
1269.5312
1176.7578
1176.7578
1196.2891
1196.2891
976.5625
976.5625
439.4531
439.4531
0.0000
0.0000
0.0000
0.0000
0.0000
0.0000
0.0000
0.0000
0.0000
0.0000
0.0000
0.0000
0.0000
0.0000
0.0000
0.0000
0.0000
0.0000
0.0000
0.0000
0.0000
0.0000
0.0000
0.0000
0.0000
0.0000
0.0000
0.0000
0.0000
0.0000
0.0000
0.0000
0.0000
0.0000
361.3281
361.3281
610.3516
610.3516
893.5547
1010.7422
1010.7422
1176.7578
1176.7578
1254.8828
1254.8828
1342.7734
1342.7734
1420.8984
1420.8984
1420.8984
1494.1406
1494.1406
1542.9687
1542.9687
1547.8516
1547.8516
1567.3828
1567.3828
1528.3203
1469.7266
1469.7266
1416.0156
1416.0156
1396.4844
1396.4844
1391.6016
1391.6016
1381.8359
1381.8359
1328.1250
1328.1250
1333.0078
1333.0078
1259.7656
1259.7656
991.2109
991.2109
439.4531
439.4531
0.0000
0.0000
0.0000
0.0000
0.0000
0.0000
0.0000
0.0000
0.0000
0.0000
0.0000
0.0000
0.0000
0.0000
0.0000
0.0000
0.0000
0.0000
0.0000
0.0000
0.0000
0.0000
0.0000
0.0000
0.0000
0.0000
0.0000
0.0000
0.0000
0.0000
0.0000
0.0000
268.5547
268.5547
576.1719
576.1719
869.1406
869.1406
1093.7500
1093.7500
1289.0625
1289.0625
1386.7187
1386.7187
1469.7266
1469.7266
1450.1953
1450.1953
1450.1953
1450.1953
1416.0156
1416.0156
1406.2500
1406.2500
1420.8984
1420.8984
1445.3125
1445.3125
1494.1406
1494.1406
1469.7266
1469.7266
1464.8437
1464.8437
1357.4219
1357.4219
1298.8281
1298.8281
1152.3437
1152.3437
1079.1016
1079.1016
991.2109
991.2109
771.4844
771.4844
297.8516
297.8516
0.0000
0.0000
0.0000
0.0000
0.0000
0.0000
0.0000
0.0000
0.0000
0.0000
0.0000
0.0000
0.0000
0.0000
0.0000
0.0000
0.0000
0.0000
0.0000
0.0000
0.0000
0.0000
0.0000
0.0000
0.0000
0.0000
0.0000
0.0000
0.0000
0.0000
0.0000
0.0000
53.7109
53.7109
332.0312
332.0312
668.9453
668.9453
849.6094
849.6094
1030.2734
1030.2734
1162.1094
1162.1094
1269.5312
1269.5312
1367.1875
1367.1875
1420.8984
1420.8984
1499.0234
1499.0234
1499.0234
1499.0234
1523.4375
1523.4375
1494.1406
1494.1406
1459.9609
1459.9609
1401.3672
1401.3672
1362.3047
1362.3047
1303.7109
1303.7109
1279.2969
1279.2969
1245.1172
1245.1172
1245.1172
1245.1172
1279.2969
1279.2969
1215.8203
1215.8203
830.0781
830.0781
117.1875
117.1875
0.0000
0.0000
0.0000
0.0000
0.0000
0.0000
0.0000
0.0000
0.0000
0.0000
0.0000
0.0000
0.0000
0.0000
0.0000
0.0000
0.0000
0.0000
0.0000
0.0000
0.0000
0.0000
0.0000
0.0000
0.0000
0.0000
0.0000
0.0000
0.0000
0.0000
0.0000
0.0000
156.2500
156.2500
449.2187
449.2187
654.2969
654.2969
878.9062
878.9062
986.3281
986.3281
1166.9922
1166.9922
1269.5312
1269.5312
1372.0703
1372.0703
1450.1953
1450.1953
1464.8437
1464.8437
1499.0234
1499.0234
1435.5469
1435.5469
1435.5469
1435.5469
1342.7734
1342.7734
1372.0703
1372.0703
1357.4219
1357.4219
1381.8359
1381.8359
1367.1875
1367.1875
1284.1797
1284.1797
1220.7031
1220.7031
1025.3906
1025.3906
668.9453
668.9453
0.0000
0.0000
0.0000
0.0000
0.0000
0.0000
0.0000
0.0000
0.0000
0.0000
0.0000
0.0000
0.0000
0.0000
0.0000
0.0000
0.0000
0.0000
0.0000
0.0000
0.0000
0.0000
0.0000
0.0000
0.0000
0.0000
0.0000
0.0000
0.0000
0.0000
0.0000
0.0000
0.0000
0.0000
43.9453
43.9453
385.7422
385.7422
708.0078
708.0078
971.6797
971.6797
1206.0547
1206.0547
1328.1250
1328.1250
1430.6641
1430.6641
1401.3672
1401.3672
1425.7812
1425.7812
1406.2500
1406.2500
1425.7812
1425.7812
1455.0781
1455.0781
1494.1406
1494.1406
1518.5547
1518.5547
1513.6719
1513.6719
1489.2578
1489.2578
1416.0156
1416.0156
1337.8906
1337.8906
1245.1172
1245.1172
1245.1172
1245.1172
1215.8203
1215.8203
981.4453
981.4453
458.9844
458.9844
0.0000
0.0000
0.0000
0.0000
0.0000
0.0000
0.0000
0.0000
0.0000
0.0000
0.0000
0.0000
0.0000
0.0000
0.0000
0.0000
0.0000
0.0000
0.0000
0.0000
0.0000
0.0000
0.0000
0.0000
0.0000
0.0000
0.0000
0.0000
0.0000
0.0000
0.0000
0.0000
209.9609
209.9609
541.9922
541.9922
830.0781
830.0781
1054.6875
1054.6875
1220.7031
1220.7031
1298.8281
1298.8281
1376.9531
1376.9531
1406.2500
1406.2500
1425.7812
1425.7812
1416.0156
1416.0156
1464.8437
1464.8437
1455.0781
1455.0781
1499.0234
1499.0234
1479.4922
1479.4922
1445.3125
1445.3125
1386.7187
1386.7187
1308.5937
1308.5937
1250.0000
1250.0000
1127.9297
1127.9297
1132.8125
1132.8125
991.2109
991.2109
717.7734
717.7734
170.8984
170.8984
0.0000
0.0000
0.0000
0.0000
0.0000
0.0000
0.0000
0.0000
0.0000
0.0000
0.0000
0.0000
0.0000
0.0000
0.0000
0.0000
0.0000
0.0000
0.0000
0.0000
0.0000
0.0000
0.0000
0.0000
0.0000
0.0000
0.0000
0.0000
0.0000
0.0000
0.0000
0.0000
263.6719
263.6719
610.3516
610.3516
869.1406
869.1406
986.3281
986.3281
1137.6953
1137.6953
1157.2266
1157.2266
1274.4141
1274.4141
1333.0078
1333.0078
1420.8984
1420.8984
1479.4922
1479.4922
1503.9062
1503.9062
1508.7891
1508.7891
1484.3750
1484.3750
1459.9609
1459.9609
1391.6016
1391.6016
1372.0703
1372.0703
1303.7109
1303.7109
1269.5312
1269.5312
1240.2344
1240.2344
1298.8281
1298.8281
1279.2969
1279.2969
1005.8594
1005.8594
444.3359
444.3359
0.0000
0.0000
0.0000
0.0000
0.0000
0.0000
0.0000
0.0000
0.0000
0.0000
0.0000
0.0000
0.0000
0.0000
0.0000
0.0000
0.0000
0.0000
0.0000
0.0000
0.0000
0.0000
0.0000
0.0000
0.0000
0.0000
0.0000
0.0000
0.0000
0.0000
0.0000
0.0000
209.9609
209.9609
502.9297
502.9297
761.7187
761.7187
937.5000
937.5000
1113.2812
1113.2812
1235.3516
1235.3516
1342.7734
1342.7734
1425.7812
1425.7812
1484.3750
1484.3750
1479.4922
1479.4922
1494.1406
1494.1406
1455.0781
1455.0781
1420.8984
1420.8984
1386.7187
1386.7187
1367.1875
1367.1875
1386.7187
1386.7187
1342.7734
1342.7734
1333.0078
1333.0078
1186.5234
1186.5234
1103.5156
1103.5156
917.9687
917.9687
551.7578
551.7578
0.0000
0.0000
0.0000
0.0000
0.0000
0.0000
0.0000
0.0000
0.0000
0.0000
0.0000
0.0000
0.0000
0.0000
0.0000
0.0000
0.0000
0.0000
0.0000
0.0000
0.0000
0.0000
0.0000
0.0000
0.0000
0.0000
0.0000
0.0000
0.0000
0.0000
0.0000
0.0000
0.0000
0.0000
190.4297
190.4297
400.3906
400.3906
727.5391
727.5391
903.3203
903.3203
1162.1094
1162.1094
1289.0625
1289.0625
1396.4844
1396.4844
1416.0156
1416.0156
1401.3672
1401.3672
1420.8984
1420.8984
1401.3672
1401.3672
1450.1953
1450.1953
1479.4922
1479.4922
1523.4375
1523.4375
1489.2578
1489.2578
1469.7266
1469.7266
1391.6016
1391.6016
1303.7109
1303.7109
1210.9375
1210.9375
1162.1094
1162.1094
1220.7031
1220.7031
1074.2187
1074.2187
581.0547
581.0547
0.0000
0.0000
0.0000
0.0000
0.0000
0.0000
0.0000
0.0000
0.0000
0.0000
0.0000
0.0000
0.0000
0.0000
0.0000
0.0000
0.0000
0.0000
0.0000
0.0000
0.0000
0.0000
0.0000
0.0000
0.0000
0.0000
0.0000
0.0000
0.0000
0.0000
0.0000
0.0000
0.0000
0.0000
200.1953
200.1953
522.4609
522.4609
766.6016
766.6016
937.5000
937.5000
1069.3359
1069.3359
1171.8750
1171.8750
1215.8203
1215.8203
1313.4766
1313.4766
1357.4219
1357.4219
1416.0156
1416.0156
1469.7266
1469.7266
1459.9609
1459.9609
1464.8437
1464.8437
1381.8359
1381.8359
1357.4219
1357.4219
1250.0000
1250.0000
1274.4141
1274.4141
1215.8203
1215.8203
1210.9375
1210.9375
1215.8203
1215.8203
1040.0391
1040.0391
590.8203
590.8203
0.0000
0.0000
0.0000
0.0000
0.0000
0.0000
0.0000
0.0000
0.0000
0.0000
0.0000
0.0000
0.0000
0.0000
0.0000
0.0000
0.0000
0.0000
0.0000
0.0000
0.0000
0.0000
0.0000
0.0000
0.0000
0.0000
0.0000
0.0000
0.0000
0.0000
0.0000
0.0000
0.0000
0.0000
288.0859
288.0859
644.5312
644.5312
839.8437
839.8437
1020.5078
1020.5078
1162.1094
1162.1094
1274.4141
1274.4141
1411.1328
1411.1328
1464.8437
1464.8437
1562.5000
1562.5000
1557.6172
1557.6172
1586.9141
1586.9141
1533.2031
1533.2031
1513.6719
1513.6719
1469.7266
1469.7266
1450.1953
1450.1953
1445.3125
1445.3125
1411.1328
1411.1328
1411.1328
1411.1328
1337.8906
1337.8906
1362.3047
1362.3047
1323.2422
1323.2422
1093.7500
1093.7500
473.6328
473.6328
0.0000
0.0000
0.0000
0.0000
0.0000
0.0000
0.0000
0.0000
0.0000
0.0000
0.0000
0.0000
0.0000
0.0000
0.0000
0.0000
0.0000
0.0000
0.0000
0.0000
0.0000
0.0000
0.0000
0.0000
0.0000
0.0000
0.0000
0.0000
0.0000
0.0000
0.0000
0.0000
0.0000
0.0000
0.0000
0.0000
361.3281
361.3281
673.8281
673.8281
932.6172
932.6172
1132.8125
1132.8125
1235.3516
1235.3516
1308.5937
1308.5937
1362.3047
1362.3047
1362.3047
1362.3047
1396.4844
1396.4844
1391.6016
1391.6016
1445.3125
1445.3125
1425.7812
1425.7812
1469.7266
1469.7266
1450.1953
1450.1953
1435.5469
1435.5469
1425.7812
1425.7812
1381.8359
1381.8359
1352.5391
1352.5391
1274.4141
1274.4141
1303.7109
1303.7109
1113.2812
1113.2812
668.9453
668.9453
4.8828
4.8828
0.0000
0.0000
0.0000
