405.2734
444.3359
444.3359
512.6953
512.6953
517.5781
517.5781
478.5156
478.5156
478.5156
478.5156
468.7500
468.7500
444.3359
444.3359
419.9219
419.9219
502.9297
502.9297
600.5859
600.5859
693.3594
693.3594
825.1953
825.1953
971.6797
971.6797
986.3281
986.3281
888.6719
888.6719
756.8359
756.8359
585.9375
585.9375
375.9766
375.9766
200.1953
200.1953
136.7187
136.7187
63.4766
63.4766
0.0000
0.0000
0.0000
0.0000
0.0000
0.0000
0.0000
0.0000
0.0000
0.0000
0.0000
0.0000
0.0000
0.0000
0.0000
0.0000
0.0000
0.0000
0.0000
0.0000
0.0000
0.0000
0.0000
0.0000
0.0000
0.0000
0.0000
0.0000
0.0000
0.0000
0.0000
0.0000
0.0000
0.0000
68.3594
68.3594
102.5391
102.5391
97.6562
97.6562
170.8984
170.8984
224.6094
224.6094
229.4922
229.4922
234.3750
234.3750
302.7344
302.7344
312.5000
312.5000
292.9687
292.9687
346.6797
346.6797
429.6875
429.6875
468.7500
468.7500
488.2812
488.2812
571.2891
571.2891
629.8828
629.8828
625.0000
625.0000
610.3516
610.3516
659.1797
659.1797
664.0625
664.0625
639.6484
639.6484
659.1797
659.1797
717.7734
717.7734
717.7734
717.7734
703.1250
703.1250
766.6016
766.6016
825.1953
825.1953
859.3750
859.3750
942.3828
942.3828
1118.1641
1118.1641
1235.3516
1235.3516
1245.1172
1245.1172
1181.6406
1181.6406
1049.8047
1049.8047
791.0156
791.0156
478.5156
478.5156
244.1406
244.1406
39.0625
39.0625
0.0000
0.0000
0.0000
0.0000
0.0000
0.0000
0.0000
0.0000
0.0000
0.0000
0.0000
0.0000
0.0000
0.0000
0.0000
0.0000
0.0000
0.0000
0.0000
0.0000
0.0000
0.0000
0.0000
0.0000
0.0000
0.0000
0.0000
0.0000
0.0000
0.0000
0.0000
0.0000
0.0000
0.0000
0.0000
0.0000
0.0000
0.0000
0.0000
0.0000
0.0000
0.0000
0.0000
0.0000
0.0000
0.0000
0.0000
0.0000
19.5312
19.5312
63.4766
63.4766
83.0078
83.0078
131.8359
131.8359
239.2578
239.2578
283.2031
283.2031
288.0859
288.0859
351.5625
351.5625
410.1562
410.1562
405.2734
405.2734
371.0937
371.0937
400.3906
400.3906
385.7422
385.7422
332.0312
332.0312
292.9687
292.9687
307.6172
307.6172
273.4375
273.4375
234.3750
234.3750
258.7891
258.7891
312.5000
312.5000
346.6797
346.6797
385.7422
385.7422
507.8125
507.8125
625.0000
625.0000
722.6562
722.6562
805.6641
805.6641
859.3750
859.3750
751.9531
751.9531
502.9297
502.9297
244.1406
244.1406
0.0000
0.0000
0.0000
0.0000
0.0000
0.0000
0.0000
0.0000
0.0000
0.0000
0.0000
0.0000
0.0000
0.0000
0.0000
0.0000
0.0000
0.0000
0.0000
0.0000
0.0000
0.0000
0.0000
0.0000
0.0000
0.0000
0.0000
0.0000
0.0000
0.0000
0.0000
0.0000
0.0000
0.0000
0.0000
0.0000
0.0000
0.0000
0.0000
0.0000
0.0000
0.0000
0.0000
0.0000
0.0000
0.0000
0.0000
0.0000
0.0000
0.0000
0.0000
0.0000
0.0000
0.0000
29.2969
29.2969
97.6562
97.6562
224.6094
224.6094
292.9687
292.9687
312.5000
312.5000
361.3281
361.3281
429.6875
429.6875
434.5703
434.5703
395.5078
395.5078
405.2734
405.2734
390.6250
390.6250
327.1484
327.1484
292.9687
292.9687
351.5625
351.5625
375.9766
375.9766
371.0937
371.0937
419.9219
419.9219
493.1641
493.1641
527.3437
527.3437
551.7578
551.7578
659.1797
659.1797
751.9531
751.9531
781.2500
781.2500
805.6641
805.6641
893.5547
893.5547
966.7969
966.7969
1005.8594
1005.8594
1049.8047
1049.8047
1049.8047
1049.8047
893.5547
893.5547
610.3516
610.3516
341.7969
341.7969
53.7109
53.7109
0.0000
0.0000
0.0000
0.0000
0.0000
0.0000
0.0000
0.0000
0.0000
0.0000
0.0000
0.0000
0.0000
0.0000
0.0000
0.0000
0.0000
0.0000
0.0000
0.0000
0.0000
0.0000
0.0000
0.0000
0.0000
0.0000
0.0000
0.0000
0.0000
0.0000
0.0000
0.0000
0.0000
0.0000
0.0000
0.0000
0.0000
0.0000
0.0000
0.0000
0.0000
0.0000
0.0000
0.0000
0.0000
0.0000
0.0000
0.0000
87.8906
87.8906
175.7812
175.7812
205.0781
205.0781
258.7891
258.7891
332.0312
332.0312
312.5000
312.5000
239.2578
239.2578
229.4922
229.4922
229.4922
229.4922
195.3125
195.3125
161.1328
161.1328
200.1953
200.1953
209.9609
209.9609
185.5469
185.5469
195.3125
195.3125
258.7891
258.7891
292.9687
292.9687
292.9687
292.9687
356.4453
356.4453
429.6875
429.6875
449.2187
449.2187
468.7500
468.7500
561.5234
561.5234
605.4687
605.4687
600.5859
600.5859
615.2344
615.2344
673.8281
673.8281
673.8281
673.8281
668.9453
668.9453
751.9531
751.9531
854.4922
854.4922
834.9609
834.9609
693.3594
693.3594
532.2266
532.2266
288.0859
288.0859
9.7656
9.7656
0.0000
0.0000
0.0000
0.0000
0.0000
0.0000
0.0000
0.0000
0.0000
0.0000
0.0000
0.0000
0.0000
0.0000
0.0000
0.0000
0.0000
0.0000
0.0000
0.0000
0.0000
0.0000
0.0000
0.0000
0.0000
0.0000
0.0000
0.0000
0.0000
0.0000
0.0000
0.0000
0.0000
0.0000
0.0000
0.0000
0.0000
0.0000
0.0000
0.0000
0.0000
0.0000
0.0000
0.0000
43.9453
43.9453
151.3672
151.3672
205.0781
205.0781
209.9609
209.9609
244.1406
244.1406
288.0859
288.0859
273.4375
273.4375
229.4922
229.4922
258.7891
258.7891
278.3203
278.3203
258.7891
258.7891
263.6719
263.6719
351.5625
351.5625
390.6250
390.6250
400.3906
400.3906
454.1016
454.1016
522.4609
522.4609
522.4609
522.4609
507.8125
507.8125
561.5234
561.5234
585.9375
585.9375
556.6406
556.6406
527.3437
527.3437
551.7578
551.7578
537.1094
537.1094
502.9297
502.9297
527.3437
527.3437
600.5859
600.5859
629.8828
629.8828
634.7656
634.7656
727.5391
727.5391
815.4297
815.4297
903.3203
903.3203
991.2109
991.2109
1093.7500
1093.7500
1054.6875
893.5547
893.5547
893.5547
698.2422
698.2422
483.3984
483.3984
195.3125
195.3125
0.0000
0.0000
0.0000
0.0000
0.0000
0.0000
0.0000
0.0000
0.0000
0.0000
0.0000
0.0000
0.0000
0.0000
0.0000
0.0000
0.0000
0.0000
0.0000
0.0000
0.0000
0.0000
0.0000
0.0000
0.0000
0.0000
0.0000
0.0000
0.0000
0.0000
0.0000
0.0000
0.0000
0.0000
0.0000
0.0000
0.0000
0.0000
0.0000
0.0000
0.0000
0.0000
0.0000
0.0000
0.0000
0.0000
0.0000
0.0000
9.7656
34.1797
34.1797
58.5937
58.5937
156.2500
156.2500
219.7266
219.7266
249.0234
249.0234
288.0859
288.0859
366.2109
366.2109
375.9766
375.9766
341.7969
341.7969
351.5625
351.5625
351.5625
351.5625
302.7344
302.7344
239.2578
239.2578
273.4375
273.4375
283.2031
283.2031
249.0234
249.0234
244.1406
244.1406
312.5000
312.5000
341.7969
341.7969
356.4453
356.4453
463.8672
463.8672
585.9375
585.9375
649.4141
649.4141
693.3594
693.3594
825.1953
825.1953
942.3828
942.3828
1000.9766
1000.9766
996.0937
996.0937
932.6172
932.6172
698.2422
698.2422
361.3281
361.3281
73.2422
73.2422
0.0000
0.0000
0.0000
0.0000
0.0000
0.0000
0.0000
0.0000
0.0000
0.0000
0.0000
0.0000
0.0000
0.0000
0.0000
0.0000
0.0000
0.0000
0.0000
0.0000
0.0000
0.0000
0.0000
0.0000
0.0000
0.0000
0.0000
0.0000
0.0000
0.0000
0.0000
0.0000
0.0000
0.0000
0.0000
0.0000
0.0000
0.0000
0.0000
0.0000
0.0000
0.0000
0.0000
0.0000
0.0000
0.0000
0.0000
0.0000
0.0000
0.0000
122.0703
122.0703
229.4922
229.4922
288.0859
288.0859
341.7969
341.7969
444.3359
444.3359
483.3984
483.3984
458.9844
458.9844
473.6328
473.6328
498.0469
498.0469
458.9844
458.9844
390.6250
390.6250
395.5078
395.5078
385.7422
385.7422
332.0312
332.0312
292.9687
292.9687
341.7969
341.7969
361.3281
361.3281
366.2109
366.2109
415.0391
415.0391
512.6953
512.6953
551.7578
551.7578
571.2891
571.2891
664.0625
664.0625
742.1875
742.1875
771.4844
771.4844
786.1328
786.1328
859.3750
859.3750
898.4375
898.4375
913.0859
913.0859
952.1484
952.1484
981.4453
981.4453
869.1406
869.1406
639.6484
639.6484
400.3906
400.3906
122.0703
122.0703
0.0000
0.0000
0.0000
0.0000
0.0000
0.0000
0.0000
0.0000
0.0000
0.0000
0.0000
0.0000
0.0000
0.0000
0.0000
0.0000
0.0000
0.0000
0.0000
0.0000
0.0000
0.0000
0.0000
0.0000
0.0000
0.0000
0.0000
0.0000
0.0000
0.0000
0.0000
0.0000
0.0000
0.0000
0.0000
0.0000
0.0000
0.0000
0.0000
0.0000
0.0000
0.0000
0.0000
0.0000
0.0000
0.0000
0.0000
0.0000
0.0000
0.0000
0.0000
0.0000
0.0000
0.0000
19.5312
19.5312
83.0078
83.0078
73.2422
73.2422
29.2969
29.2969
39.0625
39.0625
63.4766
63.4766
43.9453
43.9453
24.4141
24.4141
87.8906
87.8906
126.9531
126.9531
141.6016
141.6016
185.5469
185.5469
302.7344
302.7344
385.7422
385.7422
444.3359
444.3359
546.8750
546.8750
644.5312
644.5312
673.8281
673.8281
664.0625
664.0625
712.8906
712.8906
712.8906
712.8906
664.0625
664.0625
639.6484
639.6484
708.0078
708.0078
761.7187
761.7187
751.9531
751.9531
732.4219
732.4219
649.4141
649.4141
458.9844
458.9844
224.6094
224.6094
78.1250
78.1250
0.0000
0.0000
0.0000
0.0000
0.0000
0.0000
0.0000
0.0000
0.0000
0.0000
0.0000
0.0000
0.0000
0.0000
0.0000
0.0000
0.0000
0.0000
0.0000
0.0000
0.0000
0.0000
0.0000
0.0000
0.0000
0.0000
0.0000
0.0000
0.0000
0.0000
0.0000
0.0000
0.0000
0.0000
0.0000
0.0000
0.0000
0.0000
0.0000
0.0000
0.0000
0.0000
34.1797
34.1797
141.6016
141.6016
180.6641
180.6641
200.1953
200.1953
258.7891
258.7891
263.6719
263.6719
219.7266
219.7266
214.8437
214.8437
229.4922
229.4922
200.1953
200.1953
166.0156
166.0156
219.7266
219.7266
273.4375
273.4375
292.9687
292.9687
322.2656
322.2656
419.9219
419.9219
463.8672
463.8672
463.8672
463.8672
498.0469
498.0469
541.9922
541.9922
527.3437
527.3437
463.8672
463.8672
468.7500
468.7500
468.7500
468.7500
439.4531
439.4531
424.8047
424.8047
488.2812
488.2812
527.3437
527.3437
556.6406
556.6406
625.0000
625.0000
751.9531
751.9531
864.2578
864.2578
966.7969
966.7969
1093.7500
1093.7500
1118.1641
1118.1641
981.4453
981.4453
722.6562
722.6562
454.1016
454.1016
151.3672
151.3672
0.0000
0.0000
0.0000
0.0000
0.0000
0.0000
0.0000
0.0000
0.0000
0.0000
0.0000
0.0000
0.0000
0.0000
0.0000
0.0000
0.0000
0.0000
0.0000
0.0000
0.0000
0.0000
0.0000
0.0000
0.0000
0.0000
0.0000
0.0000
0.0000
0.0000
0.0000
0.0000
0.0000
0.0000
0.0000
0.0000
0.0000
0.0000
0.0000
0.0000
0.0000
0.0000
0.0000
0.0000
0.0000
0.0000
0.0000
0.0000
0.0000
0.0000
0.0000
0.0000
0.0000
0.0000
14.6484
14.6484
102.5391
102.5391
136.7187
136.7187
170.8984
170.8984
268.5547
268.5547
317.3828
317.3828
327.1484
327.1484
341.7969
341.7969
395.5078
395.5078
385.7422
385.7422
322.2656
322.2656
302.7344
302.7344
283.2031
283.2031
244.1406
244.1406
200.1953
200.1953
249.0234
249.0234
297.8516
297.8516
322.2656
322.2656
390.6250
390.6250
507.8125
507.8125
576.1719
576.1719
620.1172
620.1172
717.7734
717.7734
830.0781
830.0781
917.9687
917.9687
996.0937
996.0937
1088.8672
1088.8672
1064.4531
1064.4531
903.3203
903.3203
673.8281
673.8281
473.6328
473.6328
229.4922
229.4922
0.0000
0.0000
0.0000
0.0000
0.0000
0.0000
0.0000
0.0000
0.0000
0.0000
0.0000
0.0000
0.0000
0.0000
0.0000
0.0000
0.0000
0.0000
0.0000
0.0000
0.0000
0.0000
0.0000
0.0000
0.0000
0.0000
0.0000
0.0000
0.0000
0.0000
0.0000
0.0000
0.0000
0.0000
0.0000
0.0000
0.0000
0.0000
0.0000
0.0000
0.0000
0.0000
0.0000
0.0000
0.0000
0.0000
0.0000
0.0000
0.0000
0.0000
39.0625
39.0625
83.0078
83.0078
195.3125
195.3125
288.0859
288.0859
332.0312
332.0312
366.2109
366.2109
444.3359
444.3359
444.3359
444.3359
400.3906
400.3906
405.2734
405.2734
429.6875
429.6875
400.3906
400.3906
361.3281
361.3281
390.6250
390.6250
410.1562
410.1562
415.0391
415.0391
449.2187
449.2187
566.4062
566.4062
644.5312
644.5312
698.2422
698.2422
791.0156
791.0156
908.2031
908.2031
961.9141
961.9141
996.0937
996.0937
1123.0469
1123.0469
1215.8203
1215.8203
1196.2891
1196.2891
1069.3359
1069.3359
869.1406
869.1406
498.0469
498.0469
43.9453
43.9453
0.0000
0.0000
0.0000
0.0000
0.0000
0.0000
0.0000
0.0000
0.0000
0.0000
0.0000
0.0000
0.0000
0.0000
0.0000
0.0000
0.0000
0.0000
0.0000
0.0000
0.0000
0.0000
0.0000
0.0000
0.0000
0.0000
0.0000
0.0000
0.0000
0.0000
0.0000
0.0000
0.0000
0.0000
0.0000
0.0000
0.0000
0.0000
0.0000
0.0000
0.0000
0.0000
0.0000
0.0000
0.0000
0.0000
4.8828
4.8828
97.6562
97.6562
156.2500
156.2500
258.7891
258.7891
332.0312
332.0312
341.7969
341.7969
317.3828
317.3828
336.9141
336.9141
312.5000
312.5000
263.6719
263.6719
239.2578
239.2578
263.6719
263.6719
219.7266
219.7266
146.4844
146.4844
156.2500
156.2500
180.6641
180.6641
190.4297
190.4297
214.8437
214.8437
317.3828
317.3828
375.9766
375.9766
385.7422
385.7422
415.0391
415.0391
498.0469
498.0469
532.2266
532.2266
532.2266
532.2266
571.2891
571.2891
605.4687
605.4687
605.4687
605.4687
620.1172
620.1172
708.0078
708.0078
708.0078
708.0078
595.7031
595.7031
434.5703
434.5703
292.9687
292.9687
102.5391
102.5391
0.0000
0.0000
0.0000
0.0000
0.0000
0.0000
0.0000
0.0000
0.0000
0.0000
0.0000
0.0000
0.0000
0.0000
0.0000
0.0000
0.0000
0.0000
0.0000
0.0000
0.0000
0.0000
0.0000
0.0000
0.0000
0.0000
0.0000
0.0000
0.0000
0.0000
0.0000
0.0000
0.0000
0.0000
0.0000
0.0000
0.0000
0.0000
0.0000
0.0000
0.0000
0.0000
0.0000
0.0000
0.0000
0.0000
43.9453
43.9453
151.3672
151.3672
200.1953
200.1953
219.7266
219.7266
283.2031
283.2031
292.9687
292.9687
239.2578
239.2578
190.4297
190.4297
209.9609
209.9609
195.3125
195.3125
185.5469
185.5469
244.1406
244.1406
307.6172
307.6172
322.2656
322.2656
317.3828
317.3828
390.6250
390.6250
434.5703
434.5703
434.5703
434.5703
458.9844
458.9844
537.1094
537.1094
546.8750
546.8750
517.5781
517.5781
527.3437
527.3437
561.5234
561.5234
571.2891
571.2891
571.2891
571.2891
639.6484
639.6484
688.4766
688.4766
722.6562
722.6562
791.0156
791.0156
937.5000
937.5000
1025.3906
1025.3906
1010.7422
1010.7422
932.6172
932.6172
786.1328
786.1328
546.8750
546.8750
288.0859
288.0859
117.1875
117.1875
0.0000
0.0000
0.0000
0.0000
0.0000
0.0000
0.0000
0.0000
0.0000
0.0000
0.0000
0.0000
0.0000
0.0000
0.0000
0.0000
0.0000
0.0000
0.0000
0.0000
0.0000
0.0000
0.0000
0.0000
0.0000
0.0000
0.0000
0.0000
0.0000
0.0000
0.0000
0.0000
0.0000
0.0000
0.0000
0.0000
0.0000
0.0000
0.0000
0.0000
0.0000
0.0000
0.0000
0.0000
0.0000
0.0000
0.0000
0.0000
0.0000
4.8828
4.8828
19.5312
19.5312
0.0000
0.0000
24.4141
24.4141
102.5391
102.5391
102.5391
146.4844
146.4844
151.3672
224.6094
224.6094
278.3203
278.3203
273.4375
273.4375
263.6719
263.6719
322.2656
322.2656
341.7969
341.7969
312.5000
312.5000
307.6172
307.6172
336.9141
336.9141
327.1484
327.1484
307.6172
307.6172
351.5625
351.5625
400.3906
400.3906
405.2734
405.2734
410.1562
410.1562
507.8125
507.8125
595.7031
595.7031
678.7109
678.7109
776.3672
776.3672
854.4922
854.4922
781.2500
781.2500
585.9375
585.9375
400.3906
400.3906
195.3125
195.3125
0.0000
0.0000
0.0000
0.0000
0.0000
0.0000
0.0000
0.0000
0.0000
0.0000
0.0000
0.0000
0.0000
0.0000
0.0000
0.0000
0.0000
0.0000
0.0000
0.0000
0.0000
0.0000
0.0000
0.0000
0.0000
0.0000
0.0000
0.0000
0.0000
0.0000
0.0000
0.0000
0.0000
0.0000
0.0000
0.0000
0.0000
0.0000
0.0000
0.0000
0.0000
0.0000
0.0000
0.0000
0.0000
0.0000
0.0000
0.0000
0.0000
0.0000
0.0000
0.0000
0.0000
0.0000
19.5312
19.5312
131.8359
131.8359
200.1953
200.1953
219.7266
219.7266
292.9687
292.9687
361.3281
361.3281
371.0937
371.0937
366.2109
366.2109
424.8047
424.8047
434.5703
434.5703
390.6250
390.6250
366.2109
366.2109
371.0937
371.0937
332.0312
332.0312
278.3203
278.3203
297.8516
297.8516
346.6797
346.6797
380.8594
380.8594
410.1562
410.1562
517.5781
517.5781
600.5859
600.5859
654.2969
654.2969
727.5391
727.5391
874.0234
874.0234
996.0937
996.0937
1098.6328
1098.6328
1196.2891
1196.2891
1206.0547
1206.0547
1049.8047
1049.8047
776.3672
776.3672
537.1094
537.1094
273.4375
273.4375
9.7656
9.7656
0.0000
0.0000
0.0000
0.0000
0.0000
0.0000
0.0000
0.0000
0.0000
0.0000
0.0000
0.0000
0.0000
0.0000
0.0000
0.0000
0.0000
0.0000
0.0000
0.0000
0.0000
0.0000
0.0000
0.0000
0.0000
0.0000
0.0000
0.0000
0.0000
0.0000
0.0000
0.0000
0.0000
0.0000
0.0000
0.0000
0.0000
0.0000
0.0000
0.0000
0.0000
0.0000
0.0000
0.0000
0.0000
0.0000
87.8906
87.8906
166.0156
166.0156
200.1953
200.1953
253.9062
253.9062
317.3828
317.3828
317.3828
317.3828
297.8516
297.8516
327.1484
327.1484
322.2656
322.2656
268.5547
268.5547
219.7266
219.7266
234.3750
234.3750
224.6094
224.6094
195.3125
195.3125
209.9609
209.9609
263.6719
263.6719
283.2031
283.2031
278.3203
278.3203
361.3281
361.3281
424.8047
424.8047
463.8672
463.8672
507.8125
507.8125
605.4687
605.4687
654.2969
654.2969
664.0625
664.0625
712.8906
712.8906
800.7812
800.7812
859.3750
859.3750
849.6094
849.6094
830.0781
830.0781
703.1250
703.1250
458.9844
458.9844
214.8437
214.8437
73.2422
73.2422
0.0000
0.0000
0.0000
0.0000
0.0000
0.0000
0.0000
0.0000
0.0000
0.0000
0.0000
0.0000
0.0000
0.0000
0.0000
0.0000
0.0000
0.0000
0.0000
0.0000
0.0000
0.0000
0.0000
0.0000
0.0000
0.0000
0.0000
0.0000
0.0000
0.0000
0.0000
0.0000
0.0000
0.0000
0.0000
0.0000
0.0000
0.0000
0.0000
0.0000
0.0000
0.0000
0.0000
0.0000
0.0000
0.0000
0.0000
0.0000
68.3594
68.3594
190.4297
190.4297
239.2578
239.2578
239.2578
239.2578
273.4375
273.4375
283.2031
283.2031
258.7891
258.7891
214.8437
214.8437
249.0234
249.0234
258.7891
258.7891
224.6094
224.6094
209.9609
209.9609
249.0234
249.0234
258.7891
258.7891
263.6719
263.6719
356.4453
356.4453
454.1016
454.1016
498.0469
498.0469
527.3437
527.3437
620.1172
620.1172
664.0625
664.0625
673.8281
673.8281
717.7734
717.7734
795.8984
795.8984
805.6641
805.6641
786.1328
786.1328
834.9609
834.9609
922.8516
922.8516
957.0312
957.0312
932.6172
932.6172
888.6719
888.6719
712.8906
712.8906
439.4531
439.4531
195.3125
195.3125
29.2969
29.2969
0.0000
0.0000
0.0000
0.0000
0.0000
0.0000
0.0000
0.0000
0.0000
0.0000
0.0000
0.0000
0.0000
0.0000
0.0000
0.0000
0.0000
0.0000
0.0000
0.0000
0.0000
0.0000
0.0000
0.0000
0.0000
0.0000
0.0000
0.0000
0.0000
0.0000
0.0000
0.0000
0.0000
0.0000
0.0000
0.0000
0.0000
0.0000
0.0000
0.0000
0.0000
0.0000
0.0000
0.0000
0.0000
0.0000
0.0000
0.0000
68.3594
68.3594
141.6016
141.6016
141.6016
141.6016
107.4219
107.4219
146.4844
146.4844
146.4844
146.4844
122.0703
122.0703
122.0703
122.0703
200.1953
200.1953
229.4922
229.4922
219.7266
219.7266
263.6719
263.6719
317.3828
317.3828
341.7969
341.7969
356.4453
356.4453
444.3359
444.3359
517.5781
517.5781
537.1094
537.1094
541.9922
541.9922
581.0547
581.0547
581.0547
581.0547
556.6406
556.6406
590.8203
590.8203
654.2969
654.2969
673.8281
673.8281
712.8906
712.8906
854.4922
854.4922
1010.7422
1010.7422
1103.5156
1103.5156
1118.1641
1118.1641
1098.6328
1098.6328
932.6172
932.6172
673.8281
673.8281
405.2734
405.2734
126.9531
126.9531
0.0000
0.0000
0.0000
0.0000
0.0000
0.0000
0.0000
0.0000
0.0000
0.0000
0.0000
0.0000
0.0000
0.0000
0.0000
0.0000
0.0000
0.0000
0.0000
0.0000
0.0000
0.0000
0.0000
0.0000
0.0000
0.0000
0.0000
0.0000
0.0000
0.0000
0.0000
0.0000
0.0000
0.0000
0.0000
0.0000
0.0000
0.0000
0.0000
0.0000
0.0000
0.0000
0.0000
0.0000
0.0000
0.0000
0.0000
0.0000
29.2969
29.2969
87.8906
87.8906
92.7734
92.7734
102.5391
102.5391
190.4297
190.4297
253.9062
253.9062
278.3203
278.3203
341.7969
341.7969
424.8047
424.8047
449.2187
449.2187
454.1016
454.1016
507.8125
507.8125
537.1094
537.1094
507.8125
507.8125
473.6328
473.6328
493.1641
493.1641
483.3984
483.3984
439.4531
439.4531
434.5703
434.5703
473.6328
473.6328
483.3984
483.3984
478.5156
478.5156
556.6406
556.6406
659.1797
659.1797
756.8359
756.8359
869.1406
869.1406
1035.1562
1035.1562
1079.1016
1079.1016
996.0937
996.0937
849.6094
849.6094
688.4766
688.4766
468.7500
468.7500
249.0234
249.0234
136.7187
136.7187
34.1797
34.1797
0.0000
0.0000
0.0000
0.0000
0.0000
0.0000
0.0000
0.0000
0.0000
0.0000
0.0000
0.0000
0.0000
0.0000
0.0000
0.0000
0.0000
0.0000
0.0000
0.0000
0.0000
0.0000
0.0000
0.0000
0.0000
0.0000
0.0000
0.0000
0.0000
0.0000
0.0000
0.0000
0.0000
0.0000
0.0000
0.0000
0.0000
0.0000
0.0000
0.0000
0.0000
0.0000
0.0000
0.0000
0.0000
0.0000
0.0000
0.0000
0.0000
0.0000
63.4766
63.4766
97.6562
97.6562
141.6016
141.6016
224.6094
224.6094
244.1406
244.1406
229.4922
229.4922
244.1406
244.1406
273.4375
273.4375
253.9062
253.9062
209.9609
209.9609
239.2578
239.2578
229.4922
229.4922
180.6641
180.6641
156.2500
156.2500
209.9609
209.9609
229.4922
229.4922
244.1406
244.1406
327.1484
327.1484
429.6875
429.6875
488.2812
488.2812
522.4609
522.4609
629.8828
629.8828
727.5391
727.5391
815.4297
815.4297
917.9687
917.9687
996.0937
996.0937
903.3203
903.3203
649.4141
649.4141
380.8594
380.8594
122.0703
122.0703
0.0000
0.0000
0.0000
0.0000
0.0000
0.0000
0.0000
0.0000
0.0000
0.0000
0.0000
0.0000
0.0000
0.0000
0.0000
0.0000
0.0000
0.0000
0.0000
0.0000
0.0000
0.0000
0.0000
0.0000
0.0000
0.0000
0.0000
0.0000
0.0000
0.0000
0.0000
0.0000
0.0000
0.0000
0.0000
0.0000
0.0000
0.0000
0.0000
0.0000
0.0000
0.0000
0.0000
0.0000
0.0000
0.0000
0.0000
0.0000
24.4141
24.4141
117.1875
117.1875
170.8984
170.8984
229.4922
229.4922
351.5625
351.5625
405.2734
405.2734
419.9219
419.9219
468.7500
468.7500
522.4609
522.4609
493.1641
493.1641
405.2734
405.2734
385.7422
385.7422
322.2656
322.2656
224.6094
224.6094
146.4844
146.4844
170.8984
170.8984
180.6641
180.6641
175.7812
175.7812
229.4922
229.4922
327.1484
327.1484
395.5078
395.5078
454.1016
454.1016
585.9375
585.9375
703.1250
703.1250
761.7187
761.7187
800.7812
800.7812
888.6719
888.6719
937.5000
937.5000
957.0312
957.0312
986.3281
986.3281
986.3281
986.3281
859.3750
859.3750
605.4687
605.4687
375.9766
375.9766
146.4844
146.4844
0.0000
0.0000
0.0000
0.0000
0.0000
0.0000
0.0000
0.0000
0.0000
0.0000
0.0000
0.0000
0.0000
0.0000
0.0000
0.0000
0.0000
0.0000
0.0000
0.0000
0.0000
0.0000
0.0000
0.0000
0.0000
0.0000
0.0000
0.0000
0.0000
0.0000
0.0000
0.0000
0.0000
0.0000
0.0000
0.0000
0.0000
0.0000
0.0000
0.0000
0.0000
0.0000
0.0000
0.0000
0.0000
0.0000
0.0000
0.0000
9.7656
9.7656
73.2422
73.2422
78.1250
78.1250
87.8906
87.8906
107.4219
107.4219
48.8281
0.0000
0.0000
0.0000
0.0000
0.0000
0.0000
0.0000
0.0000
0.0000
0.0000
0.0000
0.0000
0.0000
0.0000
0.0000
0.0000
68.3594
68.3594
190.4297
190.4297
268.5547
268.5547
317.3828
317.3828
405.2734
405.2734
483.3984
483.3984
512.6953
512.6953
537.1094
537.1094
620.1172
620.1172
664.0625
664.0625
659.1797
659.1797
654.2969
654.2969
693.3594
693.3594
712.8906
712.8906
737.3047
737.3047
854.4922
854.4922
961.9141
961.9141
961.9141
961.9141
859.3750
859.3750
747.0703
747.0703
566.4062
566.4062
346.6797
346.6797
161.1328
161.1328
53.7109
53.7109
0.0000
0.0000
0.0000
0.0000
0.0000
0.0000
0.0000
0.0000
0.0000
0.0000
0.0000
0.0000
0.0000
0.0000
0.0000
0.0000
0.0000
0.0000
0.0000
0.0000
0.0000
0.0000
0.0000
0.0000
0.0000
0.0000
0.0000
0.0000
0.0000
0.0000
0.0000
0.0000
0.0000
0.0000
0.0000
0.0000
0.0000
0.0000
0.0000
0.0000
0.0000
0.0000
19.5312
19.5312
58.5937
58.5937
39.0625
39.0625
68.3594
68.3594
107.4219
107.4219
102.5391
102.5391
83.0078
83.0078
151.3672
151.3672
205.0781
205.0781
209.9609
209.9609
244.1406
244.1406
327.1484
327.1484
346.6797
346.6797
336.9141
336.9141
390.6250
390.6250
458.9844
458.9844
463.8672
463.8672
429.6875
429.6875
439.4531
439.4531
424.8047
424.8047
385.7422
385.7422
375.9766
375.9766
444.3359
444.3359
473.6328
473.6328
478.5156
478.5156
532.2266
532.2266
629.8828
629.8828
708.0078
708.0078
800.7812
800.7812
957.0312
957.0312
1040.0391
1040.0391
1005.8594
1005.8594
898.4375
898.4375
805.6641
805.6641
639.6484
639.6484
439.4531
439.4531
302.7344
302.7344
180.6641
180.6641
0.0000
0.0000
0.0000
0.0000
0.0000
0.0000
0.0000
0.0000
0.0000
0.0000
0.0000
0.0000
0.0000
0.0000
0.0000
0.0000
0.0000
0.0000
0.0000
0.0000
0.0000
0.0000
0.0000
0.0000
0.0000
0.0000
0.0000
0.0000
0.0000
0.0000
0.0000
0.0000
0.0000
0.0000
0.0000
0.0000
0.0000
0.0000
0.0000
0.0000
0.0000
0.0000
0.0000
0.0000
0.0000
0.0000
0.0000
0.0000
0.0000
0.0000
68.3594
68.3594
102.5391
102.5391
122.0703
122.0703
214.8437
214.8437
273.4375
273.4375
297.8516
297.8516
341.7969
341.7969
410.1562
410.1562
405.2734
405.2734
346.6797
346.6797
341.7969
341.7969
332.0312
332.0312
297.8516
297.8516
273.4375
273.4375
327.1484
327.1484
336.9141
336.9141
312.5000
312.5000
336.9141
336.9141
405.2734
405.2734
463.8672
463.8672
512.6953
512.6953
629.8828
629.8828
742.1875
742.1875
815.4297
815.4297
878.9062
878.9062
1015.6250
1015.6250
1113.2812
1113.2812
1127.9297
1127.9297
1083.9844
1083.9844
981.4453
981.4453
737.3047
737.3047
380.8594
380.8594
58.5937
58.5937
0.0000
0.0000
0.0000
0.0000
0.0000
0.0000
0.0000
0.0000
0.0000
0.0000
0.0000
0.0000
0.0000
0.0000
0.0000
0.0000
0.0000
0.0000
0.0000
0.0000
0.0000
0.0000
0.0000
0.0000
0.0000
0.0000
0.0000
0.0000
0.0000
0.0000
0.0000
0.0000
0.0000
0.0000
0.0000
0.0000
0.0000
0.0000
0.0000
0.0000
0.0000
0.0000
0.0000
0.0000
0.0000
0.0000
0.0000
0.0000
0.0000
0.0000
131.8359
131.8359
214.8437
214.8437
244.1406
244.1406
273.4375
273.4375
341.7969
341.7969
346.6797
346.6797
297.8516
297.8516
302.7344
302.7344
302.7344
302.7344
249.0234
249.0234
175.7812
175.7812
185.5469
185.5469
180.6641
180.6641
170.8984
170.8984
214.8437
214.8437
327.1484
327.1484
390.6250
390.6250
429.6875
429.6875
522.4609
522.4609
610.3516
610.3516
668.9453
668.9453
712.8906
712.8906
810.5469
810.5469
869.1406
869.1406
878.9062
878.9062
913.0859
913.0859
1010.7422
1010.7422
1040.0391
1040.0391
976.5625
976.5625
874.0234
874.0234
708.0078
708.0078
454.1016
454.1016
209.9609
209.9609
107.4219
107.4219
48.8281
48.8281
0.0000
0.0000
0.0000
0.0000
0.0000
0.0000
0.0000
0.0000
0.0000
0.0000
0.0000
0.0000
0.0000
0.0000
0.0000
0.0000
0.0000
0.0000
0.0000
0.0000
0.0000
0.0000
0.0000
0.0000
0.0000
0.0000
0.0000
0.0000
0.0000
0.0000
0.0000
0.0000
0.0000
0.0000
0.0000
0.0000
0.0000
0.0000
0.0000
0.0000
73.2422
73.2422
151.3672
151.3672
180.6641
180.6641
200.1953
200.1953
268.5547
268.5547
278.3203
278.3203
239.2578
239.2578
244.1406
244.1406
263.6719
263.6719
244.1406
244.1406
190.4297
190.4297
214.8437
214.8437
239.2578
239.2578
234.3750
234.3750
234.3750
234.3750
283.2031
283.2031
283.2031
283.2031
253.9062
253.9062
258.7891
258.7891
307.6172
307.6172
327.1484
327.1484
332.0312
332.0312
405.2734
405.2734
449.2187
449.2187
434.5703
434.5703
434.5703
434.5703
512.6953
512.6953
561.5234
561.5234
576.1719
576.1719
620.1172
620.1172
708.0078
708.0078
781.2500
781.2500
849.6094
849.6094
942.3828
942.3828
952.1484
952.1484
825.1953
825.1953
610.3516
610.3516
405.2734
405.2734
131.8359
131.8359
0.0000
0.0000
0.0000
0.0000
0.0000
0.0000
0.0000
0.0000
0.0000
0.0000
0.0000
0.0000
0.0000
0.0000
0.0000
0.0000
0.0000
0.0000
0.0000
0.0000
0.0000
0.0000
0.0000
0.0000
0.0000
0.0000
0.0000
0.0000
0.0000
0.0000
0.0000
0.0000
0.0000
0.0000
0.0000
0.0000
0.0000
0.0000
0.0000
0.0000
0.0000
0.0000
0.0000
0.0000
0.0000
0.0000
0.0000
0.0000
34.1797
34.1797
68.3594
68.3594
68.3594
68.3594
107.4219
107.4219
141.6016
141.6016
131.8359
131.8359
122.0703
122.0703
200.1953
200.1953
253.9062
253.9062
273.4375
273.4375
307.6172
307.6172
375.9766
375.9766
375.9766
375.9766
356.4453
356.4453
400.3906
400.3906
454.1016
454.1016
449.2187
449.2187
419.9219
419.9219
449.2187
449.2187
449.2187
449.2187
429.6875
429.6875
458.9844
458.9844
551.7578
551.7578
610.3516
610.3516
659.1797
659.1797
771.4844
771.4844
888.6719
888.6719
922.8516
922.8516
859.3750
859.3750
800.7812
800.7812
659.1797
659.1797
468.7500
468.7500
312.5000
312.5000
205.0781
205.0781
24.4141
24.4141
0.0000
0.0000
0.0000
0.0000
0.0000
0.0000
0.0000
0.0000
0.0000
0.0000
0.0000
0.0000
0.0000
0.0000
0.0000
0.0000
0.0000
0.0000
0.0000
0.0000
0.0000
0.0000
0.0000
0.0000
0.0000
0.0000
0.0000
0.0000
0.0000
0.0000
0.0000
0.0000
0.0000
0.0000
0.0000
0.0000
0.0000
0.0000
0.0000
0.0000
0.0000
0.0000
0.0000
0.0000
0.0000
0.0000
0.0000
0.0000
0.0000
0.0000
0.0000
0.0000
0.0000
0.0000
63.4766
63.4766
136.7187
136.7187
161.1328
161.1328
195.3125
195.3125
297.8516
297.8516
332.0312
332.0312
322.2656
322.2656
336.9141
336.9141
356.4453
356.4453
317.3828
317.3828
263.6719
263.6719
292.9687
292.9687
302.7344
302.7344
297.8516
297.8516
307.6172
307.6172
390.6250
390.6250
449.2187
449.2187
498.0469
498.0469
590.8203
590.8203
717.7734
717.7734
805.6641
805.6641
908.2031
908.2031
1079.1016
1079.1016
1186.5234
1186.5234
1147.4609
1147.4609
991.2109
991.2109
756.8359
756.8359
380.8594
380.8594
0.0000
0.0000
0.0000
0.0000
0.0000
0.0000
0.0000
0.0000
0.0000
0.0000
0.0000
0.0000
0.0000
0.0000
0.0000
0.0000
0.0000
0.0000
0.0000
0.0000
0.0000
0.0000
0.0000
0.0000
0.0000
0.0000
0.0000
0.0000
0.0000
0.0000
0.0000
0.0000
0.0000
0.0000
0.0000
0.0000
0.0000
0.0000
0.0000
0.0000
0.0000
0.0000
0.0000
0.0000
0.0000
0.0000
0.0000
0.0000
48.8281
48.8281
131.8359
131.8359
166.0156
166.0156
253.9062
253.9062
322.2656
322.2656
341.7969
341.7969
366.2109
366.2109
449.2187
449.2187
478.5156
478.5156
444.3359
444.3359
419.9219
419.9219
419.9219
419.9219
385.7422
385.7422
336.9141
336.9141
371.0937
371.0937
400.3906
400.3906
390.6250
390.6250
385.7422
385.7422
458.9844
458.9844
512.6953
512.6953
551.7578
551.7578
634.7656
634.7656
761.7187
761.7187
825.1953
825.1953
854.4922
854.4922
961.9141
961.9141
1069.3359
1069.3359
1137.6953
1137.6953
1157.2266
1157.2266
1176.7578
1176.7578
1059.5703
1059.5703
810.5469
810.5469
522.4609
522.4609
263.6719
263.6719
0.0000
0.0000
0.0000
0.0000
0.0000
0.0000
0.0000
0.0000
0.0000
0.0000
0.0000
0.0000
0.0000
0.0000
0.0000
0.0000
0.0000
0.0000
0.0000
0.0000
0.0000
0.0000
0.0000
0.0000
0.0000
0.0000
0.0000
0.0000
0.0000
0.0000
0.0000
0.0000
0.0000
0.0000
0.0000
0.0000
0.0000
0.0000
0.0000
0.0000
0.0000
0.0000
0.0000
0.0000
0.0000
0.0000
0.0000
0.0000
0.0000
0.0000
126.9531
126.9531
190.4297
190.4297
205.0781
205.0781
268.5547
292.9687
292.9687
292.9687
258.7891
258.7891
239.2578
239.2578
268.5547
268.5547
244.1406
244.1406
185.5469
185.5469
166.0156
185.5469
185.5469
166.0156
166.0156
136.7187
136.7187
195.3125
195.3125
229.4922
229.4922
239.2578
239.2578
253.9062
253.9062
332.0312
332.0312
366.2109
366.2109
366.2109
380.8594
439.4531
439.4531
517.5781
517.5781
541.9922
541.9922
546.8750
546.8750
634.7656
634.7656
727.5391
727.5391
771.4844
771.4844
766.6016
766.6016
732.4219
732.4219
551.7578
551.7578
288.0859
288.0859
97.6562
97.6562
0.0000
0.0000
0.0000
0.0000
0.0000
0.0000
0.0000
0.0000
0.0000
0.0000
0.0000
0.0000
0.0000
0.0000
0.0000
0.0000
0.0000
0.0000
0.0000
0.0000
0.0000
0.0000
0.0000
0.0000
0.0000
0.0000
0.0000
0.0000
0.0000
0.0000
0.0000
0.0000
0.0000
0.0000
0.0000
0.0000
0.0000
0.0000
0.0000
0.0000
0.0000
0.0000
0.0000
0.0000
14.6484
14.6484
92.7734
92.7734
136.7187
136.7187
244.1406
244.1406
332.0312
332.0312
341.7969
341.7969
332.0312
332.0312
366.2109
366.2109
336.9141
336.9141
273.4375
273.4375
268.5547
268.5547
317.3828
317.3828
332.0312
332.0312
332.0312
332.0312
415.0391
415.0391
483.3984
483.3984
512.6953
512.6953
537.1094
537.1094
629.8828
629.8828
668.9453
668.9453
678.7109
678.7109
703.1250
703.1250
727.5391
727.5391
673.8281
673.8281
576.1719
576.1719
551.7578
551.7578
546.8750
546.8750
532.2266
532.2266
551.7578
551.7578
678.7109
678.7109
791.0156
791.0156
839.8437
839.8437
849.6094
849.6094
805.6641
805.6641
634.7656
634.7656
410.1562
410.1562
268.5547
268.5547
136.7187
136.7187
0.0000
0.0000
0.0000
0.0000
0.0000
0.0000
0.0000
0.0000
0.0000
0.0000
0.0000
0.0000
0.0000
0.0000
0.0000
0.0000
0.0000
0.0000
0.0000
0.0000
0.0000
0.0000
0.0000
0.0000
0.0000
0.0000
0.0000
0.0000
0.0000
0.0000
0.0000
0.0000
0.0000
0.0000
0.0000
0.0000
0.0000
0.0000
0.0000
0.0000
0.0000
0.0000
0.0000
0.0000
0.0000
0.0000
0.0000
0.0000
0.0000
0.0000
0.0000
0.0000
0.0000
0.0000
0.0000
0.0000
4.8828
4.8828
14.6484
14.6484
19.5312
19.5312
87.8906
87.8906
180.6641
180.6641
234.3750
234.3750
263.6719
263.6719
351.5625
351.5625
385.7422
385.7422
361.3281
361.3281
332.0312
332.0312
351.5625
351.5625
322.2656
322.2656
273.4375
273.4375
278.3203
278.3203
297.8516
297.8516
268.5547
268.5547
249.0234
249.0234
322.2656
322.2656
385.7422
385.7422
434.5703
434.5703
522.4609
522.4609
683.5937
683.5937
825.1953
825.1953
917.9687
917.9687
986.3281
986.3281
986.3281
986.3281
864.2578
864.2578
673.8281
673.8281
517.5781
517.5781
297.8516
297.8516
9.7656
9.7656
0.0000
0.0000
0.0000
0.0000
0.0000
0.0000
0.0000
0.0000
0.0000
0.0000
0.0000
0.0000
0.0000
0.0000
0.0000
0.0000
0.0000
0.0000
0.0000
0.0000
0.0000
0.0000
0.0000
0.0000
0.0000
0.0000
0.0000
0.0000
0.0000
0.0000
0.0000
0.0000
0.0000
0.0000
0.0000
0.0000
0.0000
0.0000
0.0000
0.0000
0.0000
0.0000
0.0000
0.0000
0.0000
0.0000
0.0000
0.0000
24.4141
24.4141
48.8281
48.8281
117.1875
117.1875
214.8437
214.8437
249.0234
249.0234
253.9062
253.9062
322.2656
322.2656
361.3281
361.3281
346.6797
346.6797
317.3828
317.3828
341.7969
341.7969
312.5000
312.5000
249.0234
249.0234
239.2578
239.2578
273.4375
273.4375
278.3203
278.3203
278.3203
278.3203
351.5625
351.5625
434.5703
434.5703
483.3984
483.3984
546.8750
546.8750
693.3594
693.3594
810.5469
810.5469
903.3203
903.3203
991.2109
991.2109
1025.3906
1025.3906
903.3203
903.3203
664.0625
664.0625
415.0391
415.0391
146.4844
146.4844
0.0000
0.0000
0.0000
0.0000
0.0000
0.0000
0.0000
0.0000
0.0000
0.0000
0.0000
0.0000
0.0000
0.0000
0.0000
0.0000
0.0000
0.0000
0.0000
0.0000
0.0000
0.0000
0.0000
0.0000
0.0000
0.0000
0.0000
0.0000
0.0000
0.0000
0.0000
0.0000
0.0000
0.0000
0.0000
0.0000
0.0000
0.0000
0.0000
0.0000
0.0000
0.0000
0.0000
0.0000
0.0000
0.0000
0.0000
0.0000
0.0000
0.0000
0.0000
0.0000
0.0000
0.0000
58.5937
58.5937
161.1328
161.1328
219.7266
219.7266
263.6719
263.6719
366.2109
366.2109
449.2187
449.2187
458.9844
458.9844
434.5703
434.5703
439.4531
439.4531
390.6250
390.6250
307.6172
307.6172
273.4375
273.4375
292.9687
292.9687
273.4375
273.4375
229.4922
229.4922
258.7891
258.7891
307.6172
307.6172
332.0312
332.0312
366.2109
366.2109
498.0469
498.0469
590.8203
590.8203
644.5312
644.5312
717.7734
717.7734
830.0781
830.0781
893.5547
893.5547
952.1484
952.1484
1079.1016
1079.1016
1196.2891
1196.2891
1196.2891
1196.2891
1098.6328
1098.6328
966.7969
966.7969
722.6562
722.6562
415.0391
415.0391
146.4844
146.4844
0.0000
0.0000
0.0000
0.0000
0.0000
0.0000
0.0000
0.0000
0.0000
0.0000
0.0000
0.0000
0.0000
0.0000
0.0000
0.0000
0.0000
0.0000
0.0000
0.0000
0.0000
0.0000
0.0000
0.0000
0.0000
0.0000
0.0000
0.0000
0.0000
0.0000
0.0000
0.0000
0.0000
0.0000
0.0000
0.0000
0.0000
0.0000
0.0000
0.0000
0.0000
0.0000
0.0000
0.0000
0.0000
0.0000
0.0000
0.0000
73.2422
73.2422
175.7812
175.7812
268.5547
268.5547
288.0859
288.0859
268.5547
268.5547
312.5000
312.5000
327.1484
327.1484
302.7344
302.7344
263.6719
263.6719
283.2031
283.2031
268.5547
268.5547
229.4922
229.4922
258.7891
258.7891
327.1484
327.1484
351.5625
351.5625
356.4453
356.4453
439.4531
439.4531
483.3984
483.3984
493.1641
493.1641
517.5781
517.5781
605.4687
605.4687
620.1172
620.1172
595.7031
595.7031
620.1172
620.1172
678.7109
678.7109
712.8906
712.8906
756.8359
756.8359
869.1406
869.1406
922.8516
922.8516
869.1406
869.1406
751.9531
751.9531
639.6484
639.6484
439.4531
439.4531
166.0156
166.0156
0.0000
0.0000
0.0000
0.0000
0.0000
0.0000
0.0000
0.0000
0.0000
0.0000
0.0000
0.0000
0.0000
0.0000
0.0000
0.0000
0.0000
0.0000
0.0000
0.0000
0.0000
0.0000
0.0000
0.0000
0.0000
0.0000
0.0000
0.0000
0.0000
0.0000
0.0000
0.0000
0.0000
0.0000
0.0000
0.0000
0.0000
0.0000
0.0000
0.0000
0.0000
0.0000
0.0000
0.0000
73.2422
73.2422
166.0156
166.0156
185.5469
185.5469
156.2500
156.2500
180.6641
180.6641
175.7812
175.7812
136.7187
136.7187
97.6562
97.6562
151.3672
151.3672
185.5469
185.5469
190.4297
190.4297
234.3750
234.3750
317.3828
317.3828
341.7969
341.7969
327.1484
327.1484
385.7422
385.7422
444.3359
444.3359
473.6328
473.6328
507.8125
507.8125
595.7031
595.7031
625.0000
625.0000
605.4687
605.4687
610.3516
610.3516
659.1797
659.1797
664.0625
664.0625
654.2969
654.2969
717.7734
717.7734
781.2500
781.2500
825.1953
825.1953
888.6719
888.6719
991.2109
991.2109
996.0937
996.0937
893.5547
893.5547
761.7187
761.7187
625.0000
625.0000
405.2734
405.2734
156.2500
156.2500
0.0000
0.0000
0.0000
0.0000
0.0000
0.0000
0.0000
0.0000
0.0000
0.0000
0.0000
0.0000
0.0000
0.0000
0.0000
0.0000
0.0000
0.0000
0.0000
0.0000
0.0000
0.0000
0.0000
0.0000
0.0000
0.0000
0.0000
0.0000
0.0000
0.0000
0.0000
0.0000
0.0000
0.0000
0.0000
0.0000
0.0000
0.0000
0.0000
0.0000
24.4141
24.4141
4.8828
4.8828
29.2969
29.2969
63.4766
63.4766
63.4766
63.4766
53.7109
53.7109
112.3047
112.3047
136.7187
136.7187
117.1875
117.1875
131.8359
131.8359
200.1953
200.1953
239.2578
239.2578
239.2578
239.2578
278.3203
278.3203
346.6797
346.6797
366.2109
366.2109
341.7969
341.7969
371.0937
371.0937
371.0937
371.0937
332.0312
332.0312
322.2656
322.2656
371.0937
371.0937
356.4453
356.4453
312.5000
312.5000
341.7969
341.7969
410.1562
410.1562
449.2187
449.2187
507.8125
507.8125
654.2969
654.2969
795.8984
795.8984
903.3203
903.3203
1010.7422
1010.7422
1132.8125
1132.8125
1113.2812
1113.2812
952.1484
952.1484
747.0703
747.0703
493.1641
493.1641
185.5469
185.5469
0.0000
0.0000
0.0000
0.0000
0.0000
0.0000
0.0000
0.0000
0.0000
0.0000
0.0000
0.0000
0.0000
0.0000
0.0000
0.0000
0.0000
0.0000
0.0000
0.0000
0.0000
0.0000
0.0000
0.0000
0.0000
0.0000
0.0000
0.0000
0.0000
0.0000
0.0000
0.0000
0.0000
0.0000
0.0000
0.0000
0.0000
0.0000
0.0000
0.0000
0.0000
0.0000
0.0000
0.0000
0.0000
0.0000
0.0000
0.0000
0.0000
0.0000
0.0000
0.0000
0.0000
0.0000
53.7109
53.7109
141.6016
141.6016
166.0156
209.9609
209.9609
209.9609
278.3203
278.3203
283.2031
283.2031
249.0234
249.0234
288.0859
288.0859
288.0859
288.0859
234.3750
234.3750
185.5469
185.5469
205.0781
205.0781
190.4297
156.2500
156.2500
156.2500
180.6641
180.6641
258.7891
258.7891
292.9687
292.9687
327.1484
327.1484
429.6875
429.6875
527.3437
585.9375
585.9375
654.2969
654.2969
786.1328
786.1328
869.1406
869.1406
922.8516
922.8516
1005.8594
1005.8594
1108.3984
1108.3984
1123.0469
1123.0469
1020.5078
1020.5078
883.7891
883.7891
634.7656
634.7656
307.6172
307.6172
9.7656
9.7656
0.0000
0.0000
0.0000
0.0000
0.0000
0.0000
0.0000
0.0000
0.0000
0.0000
0.0000
0.0000
0.0000
0.0000
0.0000
0.0000
0.0000
0.0000
0.0000
0.0000
0.0000
0.0000
0.0000
0.0000
0.0000
0.0000
0.0000
0.0000
0.0000
0.0000
0.0000
0.0000
0.0000
0.0000
0.0000
0.0000
0.0000
0.0000
0.0000
0.0000
0.0000
0.0000
0.0000
0.0000
9.7656
9.7656
73.2422
73.2422
92.7734
92.7734
136.7187
136.7187
244.1406
244.1406
288.0859
288.0859
283.2031
283.2031
307.6172
307.6172
322.2656
322.2656
278.3203
278.3203
234.3750
234.3750
278.3203
278.3203
288.0859
288.0859
263.6719
263.6719
249.0234
249.0234
292.9687
292.9687
297.8516
297.8516
297.8516
297.8516
375.9766
375.9766
463.8672
463.8672
502.9297
502.9297
522.4609
522.4609
610.3516
610.3516
649.4141
649.4141
639.6484
639.6484
649.4141
649.4141
717.7734
717.7734
766.6016
766.6016
805.6641
805.6641
908.2031
908.2031
991.2109
991.2109
981.4453
981.4453
869.1406
869.1406
747.0703
747.0703
551.7578
551.7578
297.8516
297.8516
63.4766
63.4766
0.0000
0.0000
0.0000
0.0000
0.0000
0.0000
0.0000
0.0000
0.0000
0.0000
0.0000
0.0000
0.0000
0.0000
0.0000
0.0000
0.0000
0.0000
0.0000
0.0000
0.0000
0.0000
0.0000
0.0000
0.0000
0.0000
0.0000
0.0000
0.0000
0.0000
0.0000
0.0000
0.0000
0.0000
0.0000
0.0000
0.0000
0.0000
0.0000
0.0000
0.0000
0.0000
0.0000
0.0000
87.8906
87.8906
126.9531
126.9531
117.1875
117.1875
136.7187
136.7187
161.1328
161.1328
156.2500
156.2500
122.0703
122.0703
156.2500
156.2500
146.4844
146.4844
112.3047
112.3047
97.6562
97.6562
166.0156
166.0156
214.8437
214.8437
229.4922
229.4922
278.3203
278.3203
346.6797
346.6797
351.5625
351.5625
346.6797
346.6797
419.9219
419.9219
473.6328
473.6328
468.7500
468.7500
454.1016
454.1016
488.2812
488.2812
478.5156
478.5156
429.6875
429.6875
449.2187
449.2187
517.5781
517.5781
551.7578
551.7578
585.9375
585.9375
717.7734
717.7734
869.1406
869.1406
952.1484
952.1484
942.3828
942.3828
869.1406
869.1406
629.8828
629.8828
297.8516
297.8516
19.5312
19.5312
0.0000
0.0000
0.0000
0.0000
0.0000
0.0000
0.0000
0.0000
0.0000
0.0000
0.0000
0.0000
0.0000
0.0000
0.0000
0.0000
0.0000
0.0000
0.0000
0.0000
0.0000
0.0000
0.0000
0.0000
0.0000
0.0000
0.0000
0.0000
0.0000
0.0000
0.0000
0.0000
0.0000
0.0000
0.0000
0.0000
0.0000
0.0000
48.8281
48.8281
102.5391
102.5391
156.2500
156.2500
234.3750
234.3750
268.5547
268.5547
263.6719
263.6719
312.5000
312.5000
361.3281
361.3281
371.0937
371.0937
385.7422
385.7422
463.8672
463.8672
512.6953
512.6953
522.4609
522.4609
571.2891
571.2891
654.2969
654.2969
678.7109
678.7109
678.7109
678.7109
717.7734
717.7734
732.4219
732.4219
673.8281
673.8281
590.8203
590.8203
571.2891
571.2891
532.2266
532.2266
488.2812
488.2812
498.0469
498.0469
571.2891
571.2891
605.4687
605.4687
615.2344
615.2344
683.5937
683.5937
776.3672
776.3672
844.7266
844.7266
922.8516
922.8516
1074.2187
1074.2187
1171.8750
1171.8750
1147.4609
1147.4609
1025.3906
1025.3906
839.8437
839.8437
537.1094
537.1094
180.6641
180.6641
0.0000
0.0000
0.0000
0.0000
0.0000
0.0000
0.0000
0.0000
0.0000
0.0000
0.0000
0.0000
0.0000
0.0000
0.0000
0.0000
0.0000
0.0000
0.0000
0.0000
0.0000
0.0000
0.0000
0.0000
0.0000
0.0000
0.0000
0.0000
0.0000
0.0000
0.0000
0.0000
0.0000
0.0000
0.0000
0.0000
0.0000
0.0000
0.0000
0.0000
0.0000
0.0000
0.0000
0.0000
0.0000
0.0000
0.0000
0.0000
0.0000
0.0000
0.0000
0.0000
92.7734
92.7734
185.5469
185.5469
249.0234
249.0234
297.8516
297.8516
405.2734
405.2734
444.3359
444.3359
429.6875
429.6875
434.5703
434.5703
444.3359
444.3359
385.7422
385.7422
307.6172
307.6172
317.3828
317.3828
307.6172
307.6172
268.5547
268.5547
249.0234
249.0234
292.9687
292.9687
302.7344
302.7344
297.8516
297.8516
351.5625
351.5625
444.3359
444.3359
488.2812
488.2812
493.1641
493.1641
561.5234
561.5234
629.8828
629.8828
678.7109
678.7109
771.4844
771.4844
913.0859
913.0859
937.5000
937.5000
815.4297
815.4297
644.5312
644.5312
424.8047
424.8047
136.7187
136.7187
0.0000
0.0000
0.0000
0.0000
0.0000
0.0000
0.0000
0.0000
0.0000
0.0000
0.0000
0.0000
0.0000
0.0000
0.0000
0.0000
0.0000
0.0000
0.0000
0.0000
0.0000
0.0000
0.0000
0.0000
0.0000
0.0000
0.0000
0.0000
0.0000
0.0000
0.0000
0.0000
0.0000
0.0000
0.0000
0.0000
0.0000
0.0000
0.0000
0.0000
0.0000
0.0000
0.0000
0.0000
0.0000
0.0000
0.0000
0.0000
73.2422
73.2422
122.0703
122.0703
151.3672
151.3672
244.1406
244.1406
278.3203
278.3203
253.9062
253.9062
258.7891
258.7891
312.5000
312.5000
312.5000
312.5000
268.5547
268.5547
278.3203
278.3203
288.0859
288.0859
253.9062
253.9062
219.7266
219.7266
283.2031
283.2031
341.7969
341.7969
390.6250
390.6250
458.9844
458.9844
585.9375
585.9375
654.2969
654.2969
693.3594
693.3594
786.1328
786.1328
883.7891
883.7891
952.1484
952.1484
1020.5078
1020.5078
1123.0469
1123.0469
1108.3984
1108.3984
927.7344
927.7344
629.8828
629.8828
312.5000
312.5000
0.0000
0.0000
0.0000
0.0000
0.0000
0.0000
0.0000
0.0000
0.0000
0.0000
0.0000
0.0000
0.0000
0.0000
0.0000
0.0000
0.0000
0.0000
0.0000
0.0000
0.0000
0.0000
0.0000
0.0000
0.0000
0.0000
0.0000
0.0000
0.0000
0.0000
0.0000
0.0000
0.0000
0.0000
0.0000
0.0000
0.0000
0.0000
0.0000
0.0000
0.0000
0.0000
0.0000
0.0000
0.0000
0.0000
0.0000
0.0000
0.0000
0.0000
0.0000
0.0000
0.0000
0.0000
0.0000
0.0000
68.3594
68.3594
131.8359
131.8359
131.8359
131.8359
117.1875
117.1875
122.0703
122.0703
53.7109
53.7109
0.0000
0.0000
0.0000
0.0000
0.0000
0.0000
0.0000
0.0000
0.0000
0.0000
0.0000
0.0000
58.5937
58.5937
92.7734
92.7734
151.3672
151.3672
297.8516
297.8516
390.6250
390.6250
439.4531
439.4531
517.5781
517.5781
610.3516
610.3516
629.8828
629.8828
629.8828
629.8828
708.0078
708.0078
805.6641
805.6641
859.3750
859.3750
878.9062
878.9062
878.9062
878.9062
737.3047
737.3047
498.0469
498.0469
273.4375
273.4375
97.6562
97.6562
0.0000
0.0000
0.0000
0.0000
0.0000
0.0000
0.0000
0.0000
0.0000
0.0000
0.0000
0.0000
0.0000
0.0000
0.0000
0.0000
0.0000
0.0000
0.0000
0.0000
0.0000
0.0000
0.0000
0.0000
0.0000
0.0000
0.0000
0.0000
0.0000
0.0000
0.0000
0.0000
0.0000
0.0000
0.0000
0.0000
0.0000
0.0000
0.0000
0.0000
0.0000
0.0000
0.0000
0.0000
0.0000
0.0000
0.0000
0.0000
102.5391
102.5391
175.7812
175.7812
170.8984
170.8984
131.8359
131.8359
146.4844
146.4844
146.4844
146.4844
117.1875
117.1875
112.3047
112.3047
151.3672
151.3672
141.6016
141.6016
117.1875
117.1875
161.1328
161.1328
229.4922
229.4922
268.5547
268.5547
307.6172
307.6172
415.0391
415.0391
473.6328
473.6328
502.9297
502.9297
541.9922
541.9922
625.0000
625.0000
654.2969
654.2969
644.5312
644.5312
678.7109
678.7109
712.8906
712.8906
717.7734
717.7734
727.5391
727.5391
839.8437
839.8437
922.8516
922.8516
927.7344
927.7344
883.7891
883.7891
815.4297
815.4297
659.1797
659.1797
444.3359
444.3359
292.9687
292.9687
136.7187
136.7187
0.0000
0.0000
0.0000
0.0000
0.0000
0.0000
0.0000
0.0000
0.0000
0.0000
0.0000
0.0000
0.0000
0.0000
0.0000
0.0000
0.0000
0.0000
0.0000
0.0000
0.0000
0.0000
0.0000
0.0000
0.0000
0.0000
0.0000
0.0000
0.0000
0.0000
0.0000
0.0000
0.0000
0.0000
0.0000
0.0000
0.0000
0.0000
0.0000
0.0000
0.0000
0.0000
0.0000
0.0000
0.0000
0.0000
0.0000
0.0000
0.0000
0.0000
14.6484
14.6484
0.0000
0.0000
0.0000
0.0000
9.7656
9.7656
39.0625
39.0625
43.9453
43.9453
102.5391
102.5391
180.6641
209.9609
209.9609
209.9609
219.7266
219.7266
288.0859
288.0859
332.0312
332.0312
356.4453
356.4453
390.6250
390.6250
463.8672
463.8672
478.5156
478.5156
449.2187
449.2187
468.7500
468.7500
507.8125
507.8125
527.3437
527.3437
522.4609
522.4609
620.1172
620.1172
732.4219
732.4219
820.3125
820.3125
893.5547
966.7969
966.7969
917.9687
917.9687
766.6016
766.6016
610.3516
610.3516
478.5156
478.5156
302.7344
302.7344
117.1875
117.1875
0.0000
0.0000
0.0000
0.0000
0.0000
0.0000
0.0000
0.0000
0.0000
0.0000
0.0000
0.0000
0.0000
0.0000
0.0000
0.0000
0.0000
0.0000
0.0000
0.0000
0.0000
0.0000
0.0000
0.0000
0.0000
0.0000
0.0000
0.0000
0.0000
0.0000
0.0000
0.0000
0.0000
0.0000
0.0000
0.0000
0.0000
0.0000
0.0000
0.0000
0.0000
0.0000
0.0000
0.0000
0.0000
0.0000
34.1797
34.1797
34.1797
34.1797
34.1797
34.1797
102.5391
102.5391
136.7187
136.7187
141.6016
141.6016
195.3125
195.3125
268.5547
268.5547
327.1484
327.1484
356.4453
356.4453
429.6875
429.6875
493.1641
493.1641
502.9297
502.9297
512.6953
512.6953
576.1719
576.1719
576.1719
576.1719
527.3437
527.3437
517.5781
517.5781
546.8750
546.8750
527.3437
527.3437
488.2812
488.2812
527.3437
527.3437
566.4062
566.4062
585.9375
585.9375
649.4141
649.4141
825.1953
825.1953
971.6797
971.6797
1044.9219
1044.9219
1049.8047
1049.8047
991.2109
991.2109
786.1328
786.1328
507.8125
507.8125
312.5000
312.5000
146.4844
146.4844
0.0000
0.0000
0.0000
0.0000
0.0000
0.0000
0.0000
0.0000
0.0000
0.0000
0.0000
0.0000
0.0000
0.0000
0.0000
0.0000
0.0000
0.0000
0.0000
0.0000
0.0000
0.0000
0.0000
0.0000
0.0000
0.0000
0.0000
0.0000
0.0000
0.0000
0.0000
0.0000
0.0000
0.0000
0.0000
0.0000
0.0000
0.0000
0.0000
0.0000
0.0000
0.0000
4.8828
4.8828
24.4141
24.4141
29.2969
29.2969
107.4219
107.4219
136.7187
136.7187
131.8359
131.8359
175.7812
175.7812
278.3203
278.3203
336.9141
336.9141
356.4453
356.4453
419.9219
419.9219
468.7500
468.7500
454.1016
454.1016
410.1562
410.1562
429.6875
429.6875
395.5078
395.5078
332.0312
332.0312
288.0859
288.0859
292.9687
292.9687
258.7891
258.7891
205.0781
205.0781
219.7266
219.7266
278.3203
278.3203
312.5000
312.5000
346.6797
346.6797
449.2187
449.2187
527.3437
527.3437
561.5234
561.5234
610.3516
610.3516
732.4219
732.4219
834.9609
834.9609
913.0859
913.0859
1015.6250
1015.6250
1074.2187
1074.2187
991.2109
991.2109
800.7812
800.7812
639.6484
639.6484
434.5703
434.5703
209.9609
209.9609
4.8828
4.8828
0.0000
0.0000
0.0000
0.0000
0.0000
0.0000
0.0000
0.0000
0.0000
0.0000
0.0000
0.0000
0.0000
0.0000
0.0000
0.0000
0.0000
0.0000
0.0000
0.0000
0.0000
0.0000
0.0000
0.0000
0.0000
0.0000
0.0000
0.0000
0.0000
0.0000
0.0000
0.0000
0.0000
0.0000
0.0000
0.0000
0.0000
0.0000
0.0000
0.0000
0.0000
0.0000
0.0000
0.0000
0.0000
0.0000
0.0000
0.0000
4.8828
4.8828
58.5937
58.5937
151.3672
151.3672
185.5469
185.5469
180.6641
180.6641
209.9609
209.9609
209.9609
209.9609
175.7812
175.7812
126.9531
126.9531
141.6016
141.6016
126.9531
126.9531
97.6562
97.6562
92.7734
92.7734
126.9531
126.9531
117.1875
117.1875
97.6562
97.6562
161.1328
161.1328
234.3750
234.3750
288.0859
288.0859
341.7969
341.7969
458.9844
458.9844
517.5781
517.5781
546.8750
546.8750
595.7031
595.7031
683.5937
683.5937
742.1875
742.1875
791.0156
791.0156
908.2031
908.2031
961.9141
961.9141
874.0234
874.0234
683.5937
683.5937
507.8125
507.8125
288.0859
288.0859
73.2422
73.2422
0.0000
0.0000
0.0000
0.0000
0.0000
0.0000
0.0000
0.0000
0.0000
0.0000
0.0000
0.0000
0.0000
0.0000
0.0000
0.0000
0.0000
0.0000
0.0000
0.0000
0.0000
0.0000
0.0000
0.0000
0.0000
0.0000
0.0000
0.0000
0.0000
0.0000
0.0000
0.0000
0.0000
0.0000
0.0000
0.0000
0.0000
0.0000
0.0000
0.0000
0.0000
0.0000
0.0000
0.0000
0.0000
0.0000
117.1875
117.1875
180.6641
180.6641
175.7812
175.7812
205.0781
205.0781
219.7266
219.7266
195.3125
195.3125
156.2500
156.2500
195.3125
195.3125
180.6641
180.6641
126.9531
126.9531
97.6562
97.6562
151.3672
151.3672
180.6641
180.6641
195.3125
195.3125
273.4375
273.4375
341.7969
341.7969
361.3281
361.3281
361.3281
361.3281
419.9219
419.9219
444.3359
444.3359
424.8047
424.8047
415.0391
415.0391
454.1016
454.1016
449.2187
449.2187
415.0391
415.0391
439.4531
439.4531
483.3984
483.3984
502.9297
502.9297
546.8750
546.8750
712.8906
712.8906
898.4375
898.4375
1020.5078
1020.5078
1074.2187
1074.2187
1074.2187
1074.2187
927.7344
927.7344
678.7109
678.7109
429.6875
429.6875
170.8984
170.8984
0.0000
0.0000
0.0000
0.0000
0.0000
0.0000
0.0000
0.0000
0.0000
0.0000
0.0000
0.0000
0.0000
0.0000
0.0000
0.0000
0.0000
0.0000
0.0000
0.0000
0.0000
0.0000
0.0000
0.0000
0.0000
0.0000
0.0000
0.0000
0.0000
0.0000
0.0000
0.0000
0.0000
0.0000
0.0000
0.0000
0.0000
0.0000
0.0000
0.0000
0.0000
0.0000
0.0000
0.0000
0.0000
0.0000
0.0000
0.0000
0.0000
0.0000
24.4141
24.4141
34.1797
34.1797
58.5937
58.5937
156.2500
156.2500
219.7266
219.7266
244.1406
244.1406
307.6172
307.6172
380.8594
380.8594
405.2734
405.2734
400.3906
400.3906
458.9844
458.9844
493.1641
493.1641
458.9844
458.9844
419.9219
419.9219
439.4531
439.4531
424.8047
424.8047
390.6250
390.6250
400.3906
400.3906
458.9844
458.9844
488.2812
488.2812
517.5781
517.5781
629.8828
629.8828
761.7187
761.7187
883.7891
883.7891
976.5625
976.5625
1054.6875
1054.6875
991.2109
991.2109
810.5469
810.5469
625.0000
625.0000
463.8672
463.8672
278.3203
278.3203
87.8906
87.8906
0.0000
0.0000
0.0000
0.0000
0.0000
0.0000
0.0000
0.0000
0.0000
0.0000
0.0000
0.0000
0.0000
0.0000
0.0000
0.0000
0.0000
0.0000
0.0000
0.0000
0.0000
0.0000
0.0000
0.0000
0.0000
0.0000
0.0000
0.0000
0.0000
0.0000
0.0000
0.0000
0.0000
0.0000
0.0000
0.0000
0.0000
0.0000
0.0000
0.0000
0.0000
0.0000
0.0000
0.0000
0.0000
0.0000
0.0000
0.0000
0.0000
0.0000
0.0000
0.0000
73.2422
73.2422
141.6016
141.6016
166.0156
166.0156
200.1953
200.1953
268.5547
268.5547
268.5547
268.5547
234.3750
234.3750
258.7891
258.7891
268.5547
268.5547
229.4922
229.4922
200.1953
200.1953
249.0234
249.0234
283.2031
283.2031
292.9687
292.9687
322.2656
322.2656
405.2734
405.2734
449.2187
449.2187
458.9844
458.9844
541.9922
541.9922
659.1797
659.1797
786.1328
786.1328
903.3203
903.3203
1035.1562
1035.1562
1035.1562
1035.1562
888.6719
888.6719
693.3594
693.3594
517.5781
517.5781
302.7344
302.7344
83.0078
83.0078
0.0000
0.0000
0.0000
0.0000
0.0000
0.0000
0.0000
0.0000
0.0000
0.0000
0.0000
0.0000
0.0000
0.0000
0.0000
0.0000
0.0000
0.0000
0.0000
0.0000
0.0000
0.0000
0.0000
0.0000
0.0000
0.0000
0.0000
0.0000
0.0000
0.0000
0.0000
0.0000
0.0000
0.0000
0.0000
0.0000
0.0000
0.0000
29.2969
29.2969
53.7109
53.7109
63.4766
63.4766
126.9531
126.9531
205.0781
205.0781
224.6094
224.6094
224.6094
224.6094
297.8516
297.8516
366.2109
366.2109
395.5078
395.5078
424.8047
424.8047
507.8125
507.8125
541.9922
541.9922
517.5781
517.5781
522.4609
522.4609
537.1094
537.1094
517.5781
517.5781
478.5156
478.5156
517.5781
517.5781
541.9922
541.9922
532.2266
532.2266
527.3437
527.3437
595.7031
595.7031
649.4141
649.4141
693.3594
693.3594
820.3125
820.3125
1005.8594
1005.8594
1147.4609
1147.4609
1201.1719
1201.1719
1191.4062
1191.4062
1025.3906
1025.3906
703.1250
703.1250
322.2656
322.2656
24.4141
24.4141
0.0000
0.0000
0.0000
0.0000
0.0000
0.0000
0.0000
0.0000
0.0000
0.0000
0.0000
0.0000
0.0000
0.0000
0.0000
0.0000
0.0000
0.0000
0.0000
0.0000
0.0000
0.0000
0.0000
0.0000
0.0000
0.0000
0.0000
0.0000
0.0000
0.0000
0.0000
0.0000
0.0000
0.0000
0.0000
0.0000
0.0000
0.0000
0.0000
0.0000
0.0000
0.0000
0.0000
0.0000
0.0000
0.0000
0.0000
0.0000
0.0000
0.0000
0.0000
0.0000
0.0000
0.0000
0.0000
0.0000
0.0000
0.0000
73.2422
73.2422
122.0703
122.0703
141.6016
141.6016
214.8437
253.9062
253.9062
253.9062
258.7891
258.7891
263.6719
263.6719
288.0859
288.0859
258.7891
258.7891
190.4297
190.4297
190.4297
190.4297
224.6094
224.6094
244.1406
244.1406
273.4375
273.4375
380.8594
380.8594
468.7500
468.7500
522.4609
522.4609
595.7031
595.7031
747.0703
747.0703
883.7891
883.7891
1010.7422
1010.7422
1123.0469
1123.0469
1127.9297
1127.9297
957.0312
957.0312
659.1797
659.1797
380.8594
380.8594
92.7734
92.7734
0.0000
0.0000
0.0000
0.0000
0.0000
0.0000
0.0000
0.0000
0.0000
0.0000
0.0000
0.0000
0.0000
0.0000
0.0000
0.0000
0.0000
0.0000
0.0000
0.0000
0.0000
0.0000
0.0000
0.0000
0.0000
0.0000
0.0000
0.0000
0.0000
0.0000
0.0000
0.0000
0.0000
0.0000
0.0000
0.0000
0.0000
0.0000
0.0000
0.0000
0.0000
0.0000
0.0000
0.0000
0.0000
0.0000
0.0000
0.0000
0.0000
0.0000
0.0000
34.1797
34.1797
122.0703
122.0703
214.8437
214.8437
263.6719
263.6719
292.9687
292.9687
371.0937
371.0937
395.5078
395.5078
351.5625
351.5625
292.9687
292.9687
297.8516
297.8516
258.7891
258.7891
200.1953
200.1953
200.1953
200.1953
253.9062
253.9062
263.6719
263.6719
263.6719
263.6719
341.7969
341.7969
410.1562
410.1562
458.9844
458.9844
527.3437
527.3437
659.1797
659.1797
742.1875
742.1875
795.8984
795.8984
898.4375
898.4375
1015.6250
1015.6250
1030.2734
1030.2734
932.6172
932.6172
815.4297
815.4297
625.0000
625.0000
371.0937
371.0937
146.4844
146.4844
14.6484
14.6484
0.0000
0.0000
0.0000
0.0000
0.0000
0.0000
0.0000
0.0000
0.0000
0.0000
0.0000
0.0000
0.0000
0.0000
0.0000
0.0000
0.0000
0.0000
0.0000
0.0000
0.0000
0.0000
0.0000
0.0000
0.0000
0.0000
0.0000
0.0000
0.0000
0.0000
0.0000
0.0000
0.0000
0.0000
0.0000
0.0000
0.0000
0.0000
0.0000
0.0000
0.0000
0.0000
0.0000
0.0000
0.0000
0.0000
0.0000
0.0000
0.0000
0.0000
34.1797
34.1797
102.5391
102.5391
126.9531
126.9531
190.4297
190.4297
224.6094
224.6094
190.4297
190.4297
146.4844
146.4844
185.5469
185.5469
185.5469
185.5469
151.3672
151.3672
141.6016
141.6016
170.8984
170.8984
146.4844
146.4844
122.0703
122.0703
190.4297
190.4297
283.2031
283.2031
336.9141
336.9141
385.7422
385.7422
493.1641
493.1641
556.6406
556.6406
581.0547
581.0547
629.8828
629.8828
722.6562
722.6562
776.3672
776.3672
800.7812
800.7812
893.5547
893.5547
957.0312
957.0312
898.4375
898.4375
722.6562
722.6562
537.1094
537.1094
297.8516
297.8516
43.9453
43.9453
0.0000
0.0000
0.0000
0.0000
0.0000
0.0000
0.0000
0.0000
0.0000
0.0000
0.0000
0.0000
0.0000
0.0000
0.0000
0.0000
0.0000
0.0000
0.0000
0.0000
0.0000
0.0000
0.0000
0.0000
0.0000
0.0000
0.0000
0.0000
0.0000
0.0000
0.0000
0.0000
0.0000
0.0000
0.0000
0.0000
0.0000
0.0000
0.0000
0.0000
0.0000
0.0000
0.0000
0.0000
29.2969
29.2969
190.4297
190.4297
278.3203
278.3203
317.3828
317.3828
390.6250
390.6250
458.9844
458.9844
439.4531
439.4531
371.0937
371.0937
361.3281
361.3281
322.2656
322.2656
244.1406
244.1406
209.9609
209.9609
253.9062
253.9062
263.6719
263.6719
253.9062
253.9062
317.3828
317.3828
405.2734
405.2734
449.2187
449.2187
468.7500
468.7500
561.5234
561.5234
615.2344
615.2344
629.8828
629.8828
644.5312
644.5312
693.3594
693.3594
668.9453
668.9453
600.5859
600.5859
600.5859
600.5859
615.2344
615.2344
605.4687
605.4687
595.7031
595.7031
688.4766
688.4766
786.1328
786.1328
864.2578
864.2578
937.5000
937.5000
1015.6250
1015.6250
981.4453
981.4453
859.3750
859.3750
751.9531
751.9531
668.9453
668.9453
532.2266
532.2266
371.0937
371.0937
229.4922
229.4922
39.0625
39.0625
0.0000
0.0000
0.0000
0.0000
0.0000
0.0000
0.0000
0.0000
0.0000
0.0000
0.0000
0.0000
0.0000
0.0000
0.0000
0.0000
0.0000
0.0000
0.0000
0.0000
0.0000
0.0000
0.0000
0.0000
0.0000
0.0000
0.0000
0.0000
0.0000
0.0000
0.0000
0.0000
0.0000
0.0000
0.0000
0.0000
0.0000
0.0000
0.0000
0.0000
0.0000
0.0000
0.0000
0.0000
0.0000
0.0000
0.0000
0.0000
0.0000
0.0000
0.0000
0.0000
0.0000
0.0000
0.0000
0.0000
78.1250
78.1250
141.6016
141.6016
170.8984
170.8984
253.9062
253.9062
322.2656
322.2656
336.9141
336.9141
336.9141
336.9141
390.6250
390.6250
390.6250
390.6250
356.4453
356.4453
356.4453
356.4453
405.2734
405.2734
405.2734
405.2734
390.6250
390.6250
449.2187
449.2187
522.4609
522.4609
566.4062
566.4062
629.8828
629.8828
795.8984
795.8984
932.6172
932.6172
1005.8594
1005.8594
1030.2734
1030.2734
1010.7422
1010.7422
834.9609
834.9609
571.2891
571.2891
336.9141
336.9141
58.5937
58.5937
0.0000
0.0000
0.0000
0.0000
0.0000
0.0000
0.0000
0.0000
0.0000
0.0000
0.0000
0.0000
0.0000
0.0000
0.0000
0.0000
0.0000
0.0000
0.0000
0.0000
0.0000
0.0000
0.0000
0.0000
0.0000
0.0000
0.0000
0.0000
0.0000
0.0000
0.0000
0.0000
0.0000
0.0000
0.0000
0.0000
0.0000
0.0000
0.0000
0.0000
0.0000
0.0000
0.0000
0.0000
0.0000
0.0000
0.0000
0.0000
58.5937
58.5937
141.6016
141.6016
185.5469
185.5469
249.0234
249.0234
361.3281
361.3281
410.1562
410.1562
405.2734
405.2734
444.3359
444.3359
488.2812
488.2812
458.9844
458.9844
415.0391
415.0391
419.9219
419.9219
395.5078
395.5078
346.6797
346.6797
317.3828
317.3828
346.6797
346.6797
336.9141
336.9141
302.7344
302.7344
341.7969
341.7969
405.2734
405.2734
444.3359
444.3359
473.6328
473.6328
576.1719
576.1719
659.1797
659.1797
722.6562
722.6562
820.3125
820.3125
996.0937
996.0937
1123.0469
1123.0469
1162.1094
1162.1094
1127.9297
1127.9297
996.0937
996.0937
732.4219
732.4219
424.8047
424.8047
209.9609
209.9609
14.6484
14.6484
0.0000
0.0000
0.0000
0.0000
0.0000
0.0000
0.0000
0.0000
0.0000
0.0000
0.0000
0.0000
0.0000
0.0000
0.0000
0.0000
0.0000
0.0000
0.0000
0.0000
0.0000
0.0000
0.0000
0.0000
0.0000
0.0000
0.0000
0.0000
0.0000
0.0000
0.0000
0.0000
0.0000
0.0000
0.0000
0.0000
0.0000
0.0000
0.0000
0.0000
0.0000
0.0000
0.0000
0.0000
0.0000
0.0000
0.0000
0.0000
0.0000
0.0000
78.1250
78.1250
122.0703
122.0703
205.0781
205.0781
283.2031
283.2031
283.2031
283.2031
268.5547
268.5547
322.2656
322.2656
322.2656
322.2656
268.5547
268.5547
209.9609
209.9609
229.4922
229.4922
224.6094
224.6094
190.4297
190.4297
209.9609
209.9609
258.7891
258.7891
278.3203
278.3203
283.2031
283.2031
375.9766
375.9766
463.8672
463.8672
507.8125
507.8125
551.7578
551.7578
649.4141
649.4141
688.4766
688.4766
678.7109
678.7109
693.3594
693.3594
751.9531
751.9531
800.7812
800.7812
815.4297
815.4297
849.6094
849.6094
795.8984
795.8984
625.0000
625.0000
419.9219
419.9219
288.0859
288.0859
136.7187
136.7187
0.0000
0.0000
0.0000
0.0000
0.0000
0.0000
0.0000
0.0000
0.0000
0.0000
0.0000
0.0000
0.0000
0.0000
0.0000
0.0000
0.0000
0.0000
0.0000
0.0000
0.0000
0.0000
0.0000
0.0000
0.0000
0.0000
0.0000
0.0000
0.0000
0.0000
0.0000
0.0000
0.0000
0.0000
0.0000
0.0000
0.0000
0.0000
0.0000
0.0000
0.0000
0.0000
0.0000
0.0000
0.0000
0.0000
53.7109
53.7109
136.7187
136.7187
151.3672
151.3672
112.3047
112.3047
122.0703
122.0703
131.8359
131.8359
112.3047
112.3047
83.0078
83.0078
117.1875
117.1875
117.1875
117.1875
83.0078
83.0078
97.6562
97.6562
190.4297
190.4297
249.0234
249.0234
288.0859
288.0859
375.9766
375.9766
444.3359
444.3359
458.9844
458.9844
473.6328
473.6328
566.4062
566.4062
605.4687
605.4687
590.8203
590.8203
600.5859
600.5859
654.2969
654.2969
659.1797
659.1797
639.6484
639.6484
678.7109
678.7109
756.8359
756.8359
839.8437
839.8437
932.6172
932.6172
1049.8047
1049.8047
1049.8047
1049.8047
927.7344
927.7344
766.6016
766.6016
625.0000
625.0000
419.9219
419.9219
190.4297
190.4297
9.7656
9.7656
0.0000
0.0000
0.0000
0.0000
0.0000
0.0000
0.0000
0.0000
0.0000
0.0000
0.0000
0.0000
0.0000
0.0000
0.0000
0.0000
0.0000
0.0000
0.0000
0.0000
0.0000
0.0000
0.0000
0.0000
0.0000
0.0000
0.0000
0.0000
0.0000
0.0000
0.0000
0.0000
0.0000
0.0000
0.0000
0.0000
0.0000
0.0000
0.0000
0.0000
0.0000
0.0000
39.0625
39.0625
112.3047
112.3047
107.4219
107.4219
68.3594
68.3594
112.3047
112.3047
136.7187
136.7187
112.3047
112.3047
102.5391
102.5391
156.2500
156.2500
166.0156
166.0156
161.1328
161.1328
209.9609
209.9609
263.6719
263.6719
268.5547
268.5547
258.7891
258.7891
317.3828
317.3828
341.7969
341.7969
322.2656
322.2656
327.1484
327.1484
380.8594
380.8594
395.5078
395.5078
385.7422
385.7422
424.8047
424.8047
502.9297
502.9297
541.9922
541.9922
595.7031
595.7031
742.1875
742.1875
898.4375
898.4375
1005.8594
1005.8594
1064.4531
1103.5156
1103.5156
1103.5156
1000.9766
1000.9766
795.8984
795.8984
585.9375
585.9375
385.7422
385.7422
122.0703
122.0703
0.0000
0.0000
0.0000
0.0000
0.0000
0.0000
0.0000
0.0000
0.0000
0.0000
0.0000
0.0000
0.0000
0.0000
0.0000
0.0000
0.0000
0.0000
0.0000
0.0000
0.0000
0.0000
0.0000
0.0000
0.0000
0.0000
0.0000
0.0000
0.0000
0.0000
0.0000
0.0000
0.0000
0.0000
0.0000
0.0000
0.0000
0.0000
0.0000
0.0000
0.0000
0.0000
0.0000
0.0000
0.0000
0.0000
0.0000
0.0000
0.0000
0.0000
0.0000
0.0000
0.0000
87.8906
87.8906
170.8984
170.8984
219.7266
219.7266
278.3203
278.3203
361.3281
361.3281
390.6250
390.6250
375.9766
375.9766
415.0391
415.0391
424.8047
424.8047
380.8594
380.8594
351.5625
351.5625
395.5078
395.5078
400.3906
400.3906
371.0937
371.0937
380.8594
380.8594
454.1016
454.1016
483.3984
483.3984
512.6953
512.6953
620.1172
620.1172
727.5391
727.5391
795.8984
795.8984
849.6094
849.6094
986.3281
986.3281
1088.8672
1088.8672
1123.0469
1123.0469
1093.7500
1093.7500
1000.9766
1000.9766
751.9531
751.9531
429.6875
429.6875
175.7812
175.7812
0.0000
0.0000
0.0000
0.0000
0.0000
0.0000
0.0000
0.0000
0.0000
0.0000
0.0000
0.0000
0.0000
0.0000
0.0000
0.0000
0.0000
0.0000
0.0000
0.0000
0.0000
0.0000
0.0000
0.0000
0.0000
0.0000
0.0000
0.0000
0.0000
0.0000
0.0000
0.0000
0.0000
0.0000
0.0000
0.0000
0.0000
0.0000
0.0000
0.0000
0.0000
0.0000
0.0000
0.0000
0.0000
0.0000
0.0000
0.0000
0.0000
0.0000
58.5937
58.5937
151.3672
151.3672
200.1953
200.1953
249.0234
249.0234
341.7969
341.7969
366.2109
366.2109
346.6797
346.6797
371.0937
371.0937
385.7422
385.7422
332.0312
332.0312
273.4375
273.4375
288.0859
288.0859
263.6719
263.6719
214.8437
214.8437
190.4297
190.4297
253.9062
253.9062
288.0859
288.0859
317.3828
317.3828
415.0391
415.0391
512.6953
512.6953
566.4062
566.4062
590.8203
590.8203
688.4766
688.4766
742.1875
742.1875
747.0703
747.0703
756.8359
756.8359
834.9609
834.9609
883.7891
883.7891
878.9062
878.9062
834.9609
834.9609
698.2422
698.2422
419.9219
419.9219
73.2422
73.2422
0.0000
0.0000
0.0000
0.0000
0.0000
0.0000
0.0000
0.0000
0.0000
0.0000
0.0000
0.0000
0.0000
0.0000
0.0000
0.0000
0.0000
0.0000
0.0000
0.0000
0.0000
0.0000
0.0000
0.0000
0.0000
0.0000
0.0000
0.0000
0.0000
0.0000
0.0000
0.0000
0.0000
0.0000
0.0000
0.0000
0.0000
0.0000
0.0000
0.0000
0.0000
0.0000
0.0000
0.0000
102.5391
102.5391
214.8437
214.8437
268.5547
268.5547
322.2656
322.2656
429.6875
429.6875
458.9844
458.9844
429.6875
429.6875
434.5703
434.5703
439.4531
439.4531
375.9766
375.9766
312.5000
312.5000
346.6797
346.6797
356.4453
356.4453
341.7969
341.7969
341.7969
341.7969
405.2734
405.2734
424.8047
424.8047
415.0391
415.0391
458.9844
458.9844
551.7578
551.7578
590.8203
590.8203
605.4687
605.4687
678.7109
678.7109
717.7734
717.7734
698.2422
698.2422
678.7109
678.7109
727.5391
727.5391
732.4219
732.4219
717.7734
717.7734
751.9531
751.9531
844.7266
844.7266
927.7344
927.7344
1000.9766
1000.9766
1098.6328
1098.6328
1123.0469
1123.0469
996.0937
996.0937
805.6641
805.6641
659.1797
659.1797
488.2812
488.2812
327.1484
327.1484
224.6094
224.6094
151.3672
151.3672
0.0000
0.0000
0.0000
0.0000
0.0000
0.0000
0.0000
0.0000
0.0000
0.0000
0.0000
0.0000
0.0000
0.0000
0.0000
0.0000
0.0000
0.0000
0.0000
0.0000
0.0000
0.0000
0.0000
0.0000
0.0000
0.0000
0.0000
0.0000
0.0000
0.0000
0.0000
0.0000
0.0000
0.0000
0.0000
0.0000
0.0000
0.0000
0.0000
0.0000
0.0000
0.0000
0.0000
0.0000
0.0000
0.0000
0.0000
0.0000
0.0000
0.0000
0.0000
0.0000
0.0000
0.0000
0.0000
0.0000
0.0000
0.0000
0.0000
0.0000
0.0000
0.0000
63.4766
63.4766
161.1328
161.1328
200.1953
200.1953
205.0781
205.0781
258.7891
258.7891
332.0312
332.0312
351.5625
351.5625
332.0312
332.0312
375.9766
375.9766
390.6250
390.6250
366.2109
366.2109
371.0937
371.0937
454.1016
454.1016
493.1641
493.1641
507.8125
507.8125
605.4687
605.4687
732.4219
732.4219
830.0781
830.0781
927.7344
927.7344
1083.9844
1083.9844
1147.4609
1147.4609
1088.8672
1088.8672
942.3828
942.3828
786.1328
786.1328
541.9922
541.9922
253.9062
253.9062
34.1797
34.1797
0.0000
0.0000
0.0000
0.0000
0.0000
0.0000
0.0000
0.0000
0.0000
0.0000
0.0000
0.0000
0.0000
0.0000
0.0000
0.0000
0.0000
0.0000
0.0000
0.0000
0.0000
0.0000
0.0000
0.0000
0.0000
0.0000
0.0000
0.0000
0.0000
0.0000
0.0000
0.0000
0.0000
0.0000
0.0000
0.0000
0.0000
0.0000
0.0000
0.0000
0.0000
0.0000
0.0000
0.0000
0.0000
0.0000
0.0000
0.0000
0.0000
0.0000
39.0625
39.0625
151.3672
151.3672
214.8437
214.8437
283.2031
283.2031
395.5078
395.5078
434.5703
434.5703
415.0391
415.0391
415.0391
415.0391
419.9219
419.9219
351.5625
351.5625
263.6719
263.6719
258.7891
258.7891
253.9062
253.9062
234.3750
234.3750
224.6094
224.6094
292.9687
292.9687
332.0312
332.0312
356.4453
356.4453
444.3359
444.3359
571.2891
571.2891
654.2969
654.2969
712.8906
712.8906
834.9609
834.9609
937.5000
937.5000
996.0937
996.0937
1059.5703
1059.5703
1166.9922
1166.9922
1191.4062
1191.4062
1083.9844
1083.9844
908.2031
908.2031
678.7109
678.7109
366.2109
366.2109
63.4766
63.4766
0.0000
0.0000
0.0000
0.0000
0.0000
0.0000
0.0000
0.0000
0.0000
0.0000
0.0000
0.0000
0.0000
0.0000
0.0000
0.0000
0.0000
0.0000
0.0000
0.0000
0.0000
0.0000
0.0000
0.0000
0.0000
0.0000
0.0000
0.0000
0.0000
0.0000
0.0000
0.0000
0.0000
0.0000
0.0000
0.0000
0.0000
0.0000
0.0000
0.0000
0.0000
0.0000
0.0000
0.0000
0.0000
0.0000
0.0000
0.0000
0.0000
0.0000
0.0000
0.0000
9.7656
9.7656
58.5937
58.5937
63.4766
63.4766
63.4766
63.4766
107.4219
107.4219
87.8906
87.8906
48.8281
48.8281
83.0078
83.0078
112.3047
112.3047
97.6562
97.6562
68.3594
68.3594
126.9531
126.9531
161.1328
161.1328
175.7812
175.7812
239.2578
239.2578
356.4453
356.4453
429.6875
429.6875
458.9844
458.9844
546.8750
546.8750
625.0000
625.0000
639.6484
639.6484
644.5312
644.5312
712.8906
712.8906
732.4219
732.4219
712.8906
712.8906
722.6562
722.6562
805.6641
805.6641
864.2578
864.2578
908.2031
908.2031
966.7969
966.7969
981.4453
981.4453
864.2578
864.2578
668.9453
668.9453
507.8125
507.8125
278.3203
278.3203
4.8828
4.8828
0.0000
0.0000
0.0000
0.0000
0.0000
0.0000
0.0000
0.0000
0.0000
0.0000
0.0000
0.0000
0.0000
0.0000
0.0000
0.0000
0.0000
0.0000
0.0000
0.0000
0.0000
0.0000
0.0000
0.0000
0.0000
0.0000
0.0000
0.0000
0.0000
0.0000
0.0000
0.0000
0.0000
0.0000
0.0000
0.0000
0.0000
0.0000
0.0000
0.0000
0.0000
0.0000
0.0000
0.0000
0.0000
0.0000
58.5937
58.5937
83.0078
83.0078
58.5937
58.5937
92.7734
92.7734
131.8359
131.8359
122.0703
122.0703
97.6562
97.6562
146.4844
146.4844
180.6641
180.6641
185.5469
185.5469
209.9609
209.9609
292.9687
292.9687
332.0312
332.0312
336.9141
336.9141
380.8594
380.8594
449.2187
449.2187
473.6328
473.6328
463.8672
463.8672
512.6953
512.6953
537.1094
537.1094
507.8125
507.8125
488.2812
488.2812
537.1094
537.1094
541.9922
541.9922
532.2266
532.2266
595.7031
595.7031
727.5391
727.5391
839.8437
839.8437
913.0859
913.0859
986.3281
986.3281
966.7969
966.7969
834.9609
834.9609
659.1797
659.1797
527.3437
527.3437
346.6797
346.6797
136.7187
136.7187
0.0000
0.0000
0.0000
0.0000
0.0000
0.0000
0.0000
0.0000
0.0000
0.0000
0.0000
0.0000
0.0000
0.0000
0.0000
0.0000
0.0000
0.0000
0.0000
0.0000
0.0000
0.0000
0.0000
0.0000
0.0000
0.0000
0.0000
0.0000
0.0000
0.0000
0.0000
0.0000
0.0000
0.0000
0.0000
0.0000
0.0000
0.0000
0.0000
0.0000
0.0000
0.0000
0.0000
0.0000
0.0000
0.0000
0.0000
0.0000
0.0000
0.0000
0.0000
0.0000
9.7656
9.7656
73.2422
73.2422
117.1875
117.1875
156.2500
156.2500
258.7891
258.7891
322.2656
322.2656
346.6797
346.6797
415.0391
415.0391
507.8125
507.8125
512.6953
512.6953
468.7500
468.7500
468.7500
468.7500
454.1016
454.1016
410.1562
410.1562
375.9766
375.9766
405.2734
405.2734
390.6250
390.6250
356.4453
356.4453
375.9766
375.9766
458.9844
458.9844
517.5781
571.2891
571.2891
571.2891
688.4766
688.4766
786.1328
786.1328
859.3750
859.3750
942.3828
942.3828
1098.6328
1098.6328
1186.5234
1186.5234
1162.1094
1162.1094
1069.3359
1069.3359
903.3203
615.2344
615.2344
615.2344
263.6719
263.6719
0.0000
0.0000
0.0000
0.0000
0.0000
0.0000
0.0000
0.0000
0.0000
0.0000
0.0000
0.0000
0.0000
0.0000
0.0000
0.0000
0.0000
0.0000
0.0000
0.0000
0.0000
0.0000
0.0000
0.0000
0.0000
0.0000
0.0000
0.0000
0.0000
0.0000
0.0000
0.0000
0.0000
0.0000
0.0000
0.0000
0.0000
0.0000
0.0000
0.0000
0.0000
0.0000
0.0000
0.0000
0.0000
0.0000
0.0000
0.0000
0.0000
0.0000
0.0000
83.0078
83.0078
161.1328
161.1328
175.7812
175.7812
205.0781
205.0781
278.3203
278.3203
273.4375
273.4375
219.7266
219.7266
224.6094
224.6094
214.8437
214.8437
170.8984
170.8984
117.1875
117.1875
151.3672
151.3672
170.8984
170.8984
170.8984
170.8984
209.9609
209.9609
312.5000
312.5000
380.8594
380.8594
424.8047
424.8047
532.2266
532.2266
644.5312
644.5312
708.0078
708.0078
751.9531
751.9531
869.1406
869.1406
966.7969
966.7969
1025.3906
1025.3906
1049.8047
1049.8047
1035.1562
1035.1562
864.2578
864.2578
585.9375
585.9375
356.4453
356.4453
170.8984
170.8984
0.0000
0.0000
0.0000
0.0000
0.0000
0.0000
0.0000
0.0000
0.0000
0.0000
0.0000
0.0000
0.0000
0.0000
0.0000
0.0000
0.0000
0.0000
0.0000
0.0000
0.0000
0.0000
0.0000
0.0000
0.0000
0.0000
0.0000
0.0000
0.0000
0.0000
0.0000
0.0000
0.0000
0.0000
0.0000
0.0000
0.0000
0.0000
0.0000
0.0000
0.0000
0.0000
0.0000
0.0000
0.0000
0.0000
0.0000
0.0000
126.9531
126.9531
214.8437
214.8437
258.7891
258.7891
297.8516
297.8516
400.3906
400.3906
424.8047
424.8047
400.3906
400.3906
395.5078
395.5078
390.6250
390.6250
346.6797
346.6797
268.5547
268.5547
263.6719
263.6719
229.4922
229.4922
185.5469
185.5469
151.3672
151.3672
214.8437
214.8437
249.0234
249.0234
263.6719
263.6719
336.9141
336.9141
439.4531
439.4531
507.8125
507.8125
551.7578
551.7578
649.4141
649.4141
703.1250
703.1250
678.7109
678.7109
659.1797
659.1797
722.6562
722.6562
781.2500
781.2500
834.9609
834.9609
893.5547
893.5547
908.2031
908.2031
805.6641
805.6641
615.2344
615.2344
483.3984
483.3984
341.7969
341.7969
170.8984
170.8984
0.0000
0.0000
0.0000
0.0000
0.0000
0.0000
0.0000
0.0000
0.0000
0.0000
0.0000
0.0000
0.0000
0.0000
0.0000
0.0000
0.0000
0.0000
0.0000
0.0000
0.0000
0.0000
0.0000
0.0000
0.0000
0.0000
0.0000
0.0000
0.0000
0.0000
0.0000
0.0000
0.0000
0.0000
0.0000
0.0000
0.0000
0.0000
0.0000
0.0000
0.0000
0.0000
0.0000
0.0000
19.5312
19.5312
102.5391
102.5391
126.9531
126.9531
107.4219
107.4219
102.5391
102.5391
126.9531
126.9531
107.4219
107.4219
58.5937
58.5937
73.2422
73.2422
87.8906
87.8906
83.0078
83.0078
83.0078
83.0078
175.7812
175.7812
244.1406
244.1406
283.2031
283.2031
346.6797
346.6797
449.2187
449.2187
498.0469
498.0469
498.0469
498.0469
551.7578
551.7578
590.8203
590.8203
581.0547
581.0547
566.4062
566.4062
634.7656
634.7656
664.0625
664.0625
659.1797
659.1797
683.5937
683.5937
776.3672
776.3672
869.1406
869.1406
961.9141
961.9141
1083.9844
1083.9844
1113.2812
1113.2812
1000.9766
1000.9766
795.8984
795.8984
610.3516
610.3516
375.9766
375.9766
122.0703
122.0703
0.0000
0.0000
0.0000
0.0000
0.0000
0.0000
0.0000
0.0000
0.0000
0.0000
0.0000
0.0000
0.0000
0.0000
0.0000
0.0000
0.0000
0.0000
0.0000
0.0000
0.0000
0.0000
0.0000
0.0000
0.0000
0.0000
0.0000
0.0000
0.0000
0.0000
0.0000
0.0000
0.0000
0.0000
0.0000
0.0000
0.0000
0.0000
0.0000
0.0000
0.0000
0.0000
0.0000
0.0000
0.0000
0.0000
0.0000
0.0000
0.0000
0.0000
0.0000
0.0000
0.0000
0.0000
0.0000
0.0000
14.6484
14.6484
43.9453
43.9453
161.1328
161.1328
258.7891
258.7891
292.9687
292.9687
307.6172
307.6172
371.0937
371.0937
380.8594
380.8594
356.4453
356.4453
371.0937
371.0937
395.5078
395.5078
361.3281
361.3281
312.5000
312.5000
341.7969
341.7969
361.3281
361.3281
366.2109
366.2109
395.5078
395.5078
507.8125
507.8125
576.1719
576.1719
625.0000
625.0000
722.6562
722.6562
869.1406
869.1406
991.2109
991.2109
1069.3359
1069.3359
1113.2812
1113.2812
1015.6250
1015.6250
771.4844
771.4844
468.7500
468.7500
209.9609
209.9609
0.0000
0.0000
0.0000
0.0000
0.0000
0.0000
0.0000
0.0000
0.0000
0.0000
0.0000
0.0000
0.0000
0.0000
0.0000
0.0000
0.0000
0.0000
0.0000
0.0000
0.0000
0.0000
0.0000
0.0000
0.0000
0.0000
0.0000
0.0000
0.0000
0.0000
0.0000
0.0000
0.0000
0.0000
0.0000
0.0000
0.0000
0.0000
0.0000
0.0000
0.0000
0.0000
0.0000
0.0000
0.0000
0.0000
0.0000
0.0000
0.0000
0.0000
0.0000
0.0000
39.0625
39.0625
68.3594
68.3594
151.3672
151.3672
234.3750
234.3750
283.2031
283.2031
332.0312
332.0312
434.5703
434.5703
468.7500
468.7500
444.3359
444.3359
439.4531
439.4531
458.9844
458.9844
439.4531
439.4531
400.3906
400.3906
439.4531
439.4531
463.8672
463.8672
458.9844
458.9844
463.8672
463.8672
541.9922
541.9922
595.7031
595.7031
639.6484
639.6484
727.5391
727.5391
854.4922
854.4922
917.9687
917.9687
947.2656
947.2656
1030.2734
1030.2734
1108.3984
1108.3984
1152.3437
1152.3437
1191.4062
1191.4062
1235.3516
1235.3516
1162.1094
1162.1094
957.0312
957.0312
708.0078
708.0078
444.3359
444.3359
122.0703
122.0703
0.0000
0.0000
0.0000
0.0000
0.0000
0.0000
0.0000
0.0000
0.0000
0.0000
0.0000
0.0000
0.0000
0.0000
0.0000
0.0000
0.0000
0.0000
0.0000
0.0000
0.0000
0.0000
0.0000
0.0000
0.0000
0.0000
0.0000
0.0000
0.0000
0.0000
0.0000
0.0000
0.0000
0.0000
0.0000
0.0000
0.0000
0.0000
0.0000
0.0000
0.0000
0.0000
0.0000
0.0000
0.0000
0.0000
0.0000
0.0000
0.0000
0.0000
14.6484
14.6484
48.8281
48.8281
141.6016
141.6016
180.6641
180.6641
166.0156
166.0156
151.3672
151.3672
170.8984
170.8984
141.6016
141.6016
83.0078
83.0078
87.8906
87.8906
97.6562
97.6562
68.3594
68.3594
48.8281
48.8281
131.8359
131.8359
190.4297
190.4297
224.6094
224.6094
302.7344
302.7344
424.8047
424.8047
517.5781
517.5781
566.4062
566.4062
649.4141
649.4141
737.3047
737.3047
766.6016
766.6016
781.2500
781.2500
874.0234
874.0234
957.0312
957.0312
996.0937
996.0937
1000.9766
1000.9766
971.6797
971.6797
795.8984
795.8984
507.8125
507.8125
244.1406
244.1406
0.0000
0.0000
0.0000
0.0000
0.0000
0.0000
0.0000
0.0000
0.0000
0.0000
0.0000
0.0000
0.0000
0.0000
0.0000
0.0000
0.0000
0.0000
0.0000
0.0000
0.0000
0.0000
0.0000
0.0000
0.0000
0.0000
0.0000
0.0000
0.0000
0.0000
0.0000
0.0000
0.0000
0.0000
0.0000
0.0000
0.0000
0.0000
0.0000
0.0000
0.0000
0.0000
0.0000
0.0000
34.1797
34.1797
122.0703
122.0703
166.0156
166.0156
258.7891
258.7891
322.2656
322.2656
312.5000
312.5000
297.8516
297.8516
336.9141
336.9141
317.3828
317.3828
258.7891
258.7891
273.4375
273.4375
327.1484
327.1484
336.9141
336.9141
336.9141
336.9141
415.0391
415.0391
458.9844
458.9844
468.7500
468.7500
478.5156
478.5156
532.2266
532.2266
541.9922
541.9922
522.4609
522.4609
541.9922
541.9922
576.1719
576.1719
561.5234
561.5234
522.4609
522.4609
561.5234
561.5234
595.7031
595.7031
605.4687
605.4687
659.1797
659.1797
791.0156
791.0156
898.4375
898.4375
961.9141
961.9141
1030.2734
1030.2734
1054.6875
1054.6875
957.0312
957.0312
781.2500
781.2500
634.7656
634.7656
478.5156
478.5156
297.8516
297.8516
117.1875
117.1875
0.0000
0.0000
0.0000
0.0000
0.0000
0.0000
0.0000
0.0000
0.0000
0.0000
0.0000
0.0000
0.0000
0.0000
0.0000
0.0000
0.0000
0.0000
0.0000
0.0000
0.0000
0.0000
0.0000
0.0000
0.0000
0.0000
0.0000
0.0000
0.0000
0.0000
0.0000
0.0000
0.0000
0.0000
0.0000
0.0000
0.0000
0.0000
0.0000
0.0000
0.0000
0.0000
0.0000
0.0000
0.0000
0.0000
0.0000
0.0000
0.0000
0.0000
0.0000
0.0000
39.0625
39.0625
53.7109
53.7109
48.8281
48.8281
112.3047
112.3047
166.0156
166.0156
175.7812
175.7812
175.7812
175.7812
229.4922
229.4922
258.7891
244.1406
244.1406
244.1406
253.9062
253.9062
297.8516
297.8516
283.2031
283.2031
244.1406
244.1406
273.4375
273.4375
307.6172
307.6172
292.9687
292.9687
288.0859
288.0859
366.2109
415.0391
415.0391
415.0391
449.2187
449.2187
532.2266
532.2266
693.3594
693.3594
839.8437
839.8437
966.7969
966.7969
1113.2812
1113.2812
1176.7578
1176.7578
1098.6328
1098.6328
903.3203
903.3203
693.3594
693.3594
385.7422
385.7422
39.0625
39.0625
0.0000
0.0000
0.0000
0.0000
0.0000
0.0000
0.0000
0.0000
0.0000
0.0000
0.0000
0.0000
0.0000
0.0000
0.0000
0.0000
0.0000
0.0000
0.0000
0.0000
0.0000
0.0000
0.0000
0.0000
0.0000
0.0000
0.0000
0.0000
0.0000
0.0000
0.0000
0.0000
0.0000
0.0000
0.0000
0.0000
0.0000
0.0000
0.0000
0.0000
0.0000
0.0000
0.0000
0.0000
0.0000
0.0000
0.0000
0.0000
0.0000
19.5312
19.5312
102.5391
102.5391
209.9609
209.9609
268.5547
268.5547
292.9687
292.9687
385.7422
385.7422
429.6875
429.6875
424.8047
424.8047
410.1562
410.1562
444.3359
444.3359
419.9219
419.9219
356.4453
356.4453
336.9141
336.9141
336.9141
336.9141
322.2656
322.2656
297.8516
297.8516
356.4453
356.4453
390.6250
390.6250
410.1562
410.1562
439.4531
439.4531
537.1094
537.1094
600.5859
600.5859
644.5312
644.5312
737.3047
737.3047
849.6094
849.6094
917.9687
917.9687
961.9141
961.9141
1059.5703
1059.5703
1103.5156
1103.5156
1035.1562
1035.1562
888.6719
888.6719
722.6562
722.6562
493.1641
493.1641
249.0234
249.0234
102.5391
102.5391
14.6484
14.6484
0.0000
0.0000
0.0000
0.0000
0.0000
0.0000
0.0000
0.0000
0.0000
0.0000
0.0000
0.0000
0.0000
0.0000
0.0000
0.0000
0.0000
0.0000
0.0000
0.0000
0.0000
0.0000
0.0000
0.0000
0.0000
0.0000
0.0000
0.0000
0.0000
0.0000
0.0000
0.0000
0.0000
0.0000
0.0000
0.0000
0.0000
0.0000
0.0000
0.0000
0.0000
0.0000
0.0000
0.0000
48.8281
48.8281
102.5391
102.5391
209.9609
209.9609
283.2031
283.2031
297.8516
297.8516
288.0859
288.0859
317.3828
317.3828
288.0859
288.0859
224.6094
224.6094
209.9609
209.9609
229.4922
229.4922
205.0781
205.0781
161.1328
161.1328
200.1953
200.1953
234.3750
234.3750
253.9062
253.9062
283.2031
283.2031
380.8594
380.8594
454.1016
454.1016
478.5156
478.5156
522.4609
522.4609
585.9375
585.9375
595.7031
595.7031
576.1719
576.1719
615.2344
615.2344
644.5312
644.5312
634.7656
634.7656
654.2969
654.2969
771.4844
771.4844
864.2578
864.2578
888.6719
888.6719
844.7266
844.7266
756.8359
756.8359
561.5234
561.5234
317.3828
317.3828
141.6016
141.6016
0.0000
0.0000
0.0000
0.0000
0.0000
0.0000
0.0000
0.0000
0.0000
0.0000
0.0000
0.0000
0.0000
0.0000
0.0000
0.0000
0.0000
0.0000
0.0000
0.0000
0.0000
0.0000
0.0000
0.0000
0.0000
0.0000
0.0000
0.0000
0.0000
0.0000
0.0000
0.0000
0.0000
0.0000
0.0000
0.0000
0.0000
0.0000
0.0000
0.0000
0.0000
0.0000
53.7109
53.7109
161.1328
161.1328
190.4297
190.4297
195.3125
195.3125
253.9062
253.9062
268.5547
268.5547
244.1406
244.1406
249.0234
249.0234
283.2031
283.2031
278.3203
278.3203
239.2578
239.2578
268.5547
268.5547
317.3828
317.3828
336.9141
336.9141
336.9141
336.9141
405.2734
405.2734
429.6875
429.6875
415.0391
415.0391
410.1562
410.1562
458.9844
458.9844
463.8672
463.8672
434.5703
434.5703
454.1016
454.1016
483.3984
483.3984
478.5156
478.5156
458.9844
458.9844
507.8125
507.8125
541.9922
541.9922
556.6406
556.6406
615.2344
615.2344
756.8359
756.8359
874.0234
874.0234
971.6797
971.6797
1074.2187
1074.2187
1103.5156
1103.5156
996.0937
996.0937
795.8984
795.8984
625.0000
625.0000
405.2734
405.2734
131.8359
131.8359
0.0000
0.0000
0.0000
0.0000
0.0000
0.0000
0.0000
0.0000
0.0000
0.0000
0.0000
0.0000
0.0000
0.0000
0.0000
0.0000
0.0000
0.0000
0.0000
0.0000
0.0000
0.0000
0.0000
0.0000
0.0000
0.0000
0.0000
0.0000
0.0000
0.0000
0.0000
0.0000
0.0000
0.0000
0.0000
0.0000
0.0000
0.0000
0.0000
0.0000
0.0000
0.0000
0.0000
0.0000
0.0000
0.0000
0.0000
0.0000
0.0000
0.0000
0.0000
0.0000
0.0000
0.0000
14.6484
14.6484
73.2422
73.2422
107.4219
107.4219
200.1953
200.1953
268.5547
268.5547
302.7344
302.7344
322.2656
322.2656
390.6250
390.6250
380.8594
380.8594
317.3828
317.3828
292.9687
292.9687
278.3203
278.3203
219.7266
219.7266
151.3672
151.3672
170.8984
170.8984
200.1953
200.1953
205.0781
205.0781
244.1406
244.1406
366.2109
366.2109
449.2187
449.2187
517.5781
517.5781
625.0000
625.0000
771.4844
771.4844
888.6719
888.6719
996.0937
996.0937
1118.1641
1118.1641
1132.8125
1132.8125
1000.9766
1000.9766
771.4844
771.4844
546.8750
546.8750
268.5547
268.5547
0.0000
0.0000
0.0000
0.0000
0.0000
0.0000
0.0000
0.0000
0.0000
0.0000
0.0000
0.0000
0.0000
0.0000
0.0000
0.0000
0.0000
0.0000
0.0000
0.0000
0.0000
0.0000
0.0000
0.0000
0.0000
0.0000
0.0000
0.0000
0.0000
0.0000
0.0000
0.0000
0.0000
0.0000
0.0000
0.0000
0.0000
0.0000
0.0000
0.0000
0.0000
0.0000
0.0000
0.0000
0.0000
0.0000
0.0000
0.0000
0.0000
0.0000
87.8906
87.8906
146.4844
146.4844
244.1406
244.1406
322.2656
322.2656
356.4453
356.4453
361.3281
361.3281
410.1562
410.1562
400.3906
400.3906
332.0312
332.0312
273.4375
273.4375
258.7891
258.7891
214.8437
214.8437
146.4844
146.4844
156.2500
156.2500
180.6641
180.6641
190.4297
190.4297
209.9609
209.9609
312.5000
312.5000
395.5078
395.5078
449.2187
449.2187
517.5781
517.5781
629.8828
629.8828
693.3594
693.3594
717.7734
717.7734
800.7812
800.7812
883.7891
883.7891
937.5000
937.5000
986.3281
986.3281
1074.2187
1074.2187
1074.2187
1074.2187
961.9141
961.9141
795.8984
795.8984
625.0000
625.0000
410.1562
410.1562
185.5469
185.5469
39.0625
39.0625
0.0000
0.0000
0.0000
0.0000
0.0000
0.0000
0.0000
0.0000
0.0000
0.0000
0.0000
0.0000
0.0000
0.0000
0.0000
0.0000
0.0000
0.0000
0.0000
0.0000
0.0000
0.0000
0.0000
0.0000
0.0000
0.0000
0.0000
0.0000
0.0000
0.0000
0.0000
0.0000
0.0000
0.0000
0.0000
0.0000
0.0000
0.0000
0.0000
0.0000
0.0000
0.0000
0.0000
0.0000
0.0000
0.0000
0.0000
0.0000
9.7656
9.7656
78.1250
78.1250
107.4219
107.4219
73.2422
73.2422
39.0625
39.0625
68.3594
68.3594
53.7109
53.7109
0.0000
0.0000
19.5312
19.5312
78.1250
78.1250
112.3047
112.3047
136.7187
136.7187
224.6094
224.6094
273.4375
273.4375
273.4375
273.4375
297.8516
297.8516
385.7422
385.7422
429.6875
429.6875
419.9219
419.9219
429.6875
429.6875
454.1016
454.1016
429.6875
429.6875
395.5078
395.5078
449.2187
449.2187
512.6953
512.6953
556.6406
556.6406
639.6484
639.6484
791.0156
791.0156
864.2578
864.2578
849.6094
849.6094
791.0156
791.0156
703.1250
703.1250
522.4609
522.4609
302.7344
302.7344
161.1328
161.1328
19.5312
19.5312
0.0000
0.0000
0.0000
0.0000
0.0000
0.0000
0.0000
0.0000
0.0000
0.0000
0.0000
0.0000
0.0000
0.0000
0.0000
0.0000
0.0000
0.0000
0.0000
0.0000
0.0000
0.0000
0.0000
0.0000
0.0000
0.0000
0.0000
0.0000
0.0000
0.0000
0.0000
0.0000
0.0000
0.0000
0.0000
0.0000
0.0000
0.0000
0.0000
0.0000
0.0000
0.0000
0.0000
0.0000
0.0000
0.0000
0.0000
0.0000
0.0000
0.0000
14.6484
14.6484
0.0000
0.0000
14.6484
14.6484
78.1250
78.1250
112.3047
112.3047
131.8359
131.8359
214.8437
214.8437
288.0859
288.0859
312.5000
312.5000
332.0312
332.0312
419.9219
419.9219
458.9844
458.9844
449.2187
449.2187
454.1016
454.1016
478.5156
478.5156
458.9844
458.9844
419.9219
419.9219
449.2187
449.2187
478.5156
478.5156
483.3984
483.3984
488.2812
488.2812
576.1719
576.1719
644.5312
644.5312
722.6562
722.6562
859.3750
859.3750
1035.1562
1035.1562
1118.1641
1118.1641
1083.9844
1083.9844
1025.3906
1025.3906
878.9062
878.9062
649.4141
649.4141
400.3906
400.3906
234.3750
234.3750
24.4141
24.4141
0.0000
0.0000
0.0000
0.0000
0.0000
0.0000
0.0000
0.0000
0.0000
0.0000
0.0000
0.0000
0.0000
0.0000
0.0000
0.0000
0.0000
0.0000
0.0000
0.0000
0.0000
0.0000
0.0000
0.0000
0.0000
0.0000
0.0000
0.0000
0.0000
0.0000
0.0000
0.0000
0.0000
0.0000
0.0000
0.0000
0.0000
0.0000
0.0000
0.0000
0.0000
0.0000
0.0000
0.0000
0.0000
0.0000
0.0000
0.0000
0.0000
0.0000
29.2969
29.2969
48.8281
48.8281
136.7187
136.7187
239.2578
239.2578
283.2031
283.2031
283.2031
283.2031
327.1484
327.1484
317.3828
317.3828
263.6719
263.6719
219.7266
219.7266
229.4922
229.4922
180.6641
180.6641
112.3047
97.6562
97.6562
97.6562
97.6562
97.6562
78.1250
78.1250
68.3594
68.3594
170.8984
170.8984
263.6719
263.6719
336.9141
336.9141
410.1562
410.1562
537.1094
537.1094
625.0000
625.0000
698.2422
698.2422
844.7266
844.7266
1015.6250
1015.6250
1093.7500
1093.7500
1049.8047
1049.8047
957.0312
957.0312
742.1875
742.1875
458.9844
458.9844
200.1953
39.0625
39.0625
39.0625
0.0000
0.0000
0.0000
0.0000
0.0000
0.0000
0.0000
0.0000
0.0000
0.0000
0.0000
0.0000
0.0000
0.0000
0.0000
0.0000
0.0000
0.0000
0.0000
0.0000
0.0000
0.0000
0.0000
0.0000
0.0000
0.0000
0.0000
0.0000
0.0000
0.0000
0.0000
0.0000
0.0000
0.0000
0.0000
0.0000
0.0000
0.0000
0.0000
0.0000
0.0000
0.0000
0.0000
0.0000
0.0000
63.4766
63.4766
146.4844
146.4844
239.2578
239.2578
283.2031
283.2031
288.0859
288.0859
356.4453
356.4453
390.6250
390.6250
361.3281
361.3281
317.3828
317.3828
346.6797
346.6797
322.2656
322.2656
273.4375
273.4375
273.4375
273.4375
302.7344
302.7344
288.0859
288.0859
268.5547
268.5547
322.2656
322.2656
361.3281
361.3281
366.2109
366.2109
375.9766
375.9766
454.1016
454.1016
507.8125
507.8125
541.9922
541.9922
615.2344
615.2344
708.0078
708.0078
761.7187
761.7187
800.7812
800.7812
922.8516
922.8516
1035.1562
1035.1562
1064.4531
1064.4531
1005.8594
1005.8594
908.2031
908.2031
698.2422
698.2422
434.5703
434.5703
224.6094
224.6094
78.1250
78.1250
0.0000
0.0000
0.0000
0.0000
0.0000
0.0000
0.0000
0.0000
0.0000
0.0000
0.0000
0.0000
0.0000
0.0000
0.0000
0.0000
0.0000
0.0000
0.0000
0.0000
0.0000
0.0000
0.0000
0.0000
0.0000
0.0000
0.0000
0.0000
0.0000
0.0000
0.0000
0.0000
0.0000
0.0000
0.0000
0.0000
0.0000
0.0000
0.0000
0.0000
0.0000
0.0000
0.0000
0.0000
29.2969
29.2969
73.2422
73.2422
161.1328
161.1328
200.1953
200.1953
170.8984
170.8984
117.1875
117.1875
151.3672
151.3672
161.1328
161.1328
141.6016
141.6016
146.4844
146.4844
175.7812
175.7812
151.3672
151.3672
107.4219
107.4219
156.2500
156.2500
229.4922
229.4922
278.3203
278.3203
312.5000
312.5000
410.1562
410.1562
463.8672
463.8672
458.9844
458.9844
478.5156
478.5156
556.6406
556.6406
595.7031
595.7031
595.7031
595.7031
654.2969
654.2969
737.3047
737.3047
805.6641
805.6641
839.8437
839.8437
874.0234
874.0234
805.6641
805.6641
610.3516
610.3516
375.9766
375.9766
156.2500
156.2500
0.0000
0.0000
0.0000
0.0000
0.0000
0.0000
0.0000
0.0000
0.0000
0.0000
0.0000
0.0000
0.0000
0.0000
0.0000
0.0000
0.0000
0.0000
0.0000
0.0000
0.0000
0.0000
0.0000
0.0000
0.0000
0.0000
0.0000
0.0000
0.0000
0.0000
0.0000
0.0000
0.0000
0.0000
0.0000
0.0000
0.0000
0.0000
0.0000
0.0000
0.0000
0.0000
63.4766
63.4766
161.1328
161.1328
205.0781
205.0781
283.2031
283.2031
351.5625
351.5625
366.2109
366.2109
346.6797
346.6797
385.7422
385.7422
380.8594
380.8594
327.1484
327.1484
307.6172
307.6172
361.3281
361.3281
385.7422
385.7422
380.8594
380.8594
424.8047
424.8047
473.6328
473.6328
483.3984
483.3984
478.5156
478.5156
551.7578
551.7578
615.2344
615.2344
629.8828
629.8828
649.4141
649.4141
698.2422
698.2422
678.7109
678.7109
620.1172
620.1172
620.1172
620.1172
654.2969
654.2969
659.1797
659.1797
678.7109
678.7109
795.8984
795.8984
917.9687
917.9687
976.5625
976.5625
976.5625
976.5625
957.0312
957.0312
820.3125
820.3125
600.5859
600.5859
410.1562
410.1562
239.2578
239.2578
0.0000
0.0000
0.0000
0.0000
0.0000
0.0000
0.0000
0.0000
0.0000
0.0000
0.0000
0.0000
0.0000
0.0000
0.0000
0.0000
0.0000
0.0000
0.0000
0.0000
0.0000
0.0000
0.0000
0.0000
0.0000
0.0000
0.0000
0.0000
0.0000
0.0000
0.0000
0.0000
0.0000
0.0000
0.0000
0.0000
0.0000
0.0000
0.0000
0.0000
0.0000
0.0000
0.0000
0.0000
0.0000
0.0000
0.0000
0.0000
0.0000
0.0000
0.0000
0.0000
0.0000
0.0000
0.0000
0.0000
107.4219
107.4219
175.7812
175.7812
205.0781
205.0781
253.9062
253.9062
327.1484
327.1484
346.6797
346.6797
336.9141
336.9141
395.5078
395.5078
444.3359
444.3359
444.3359
444.3359
419.9219
419.9219
439.4531
439.4531
415.0391
415.0391
366.2109
366.2109
356.4453
356.4453
390.6250
390.6250
395.5078
395.5078
380.8594
380.8594
429.6875
429.6875
498.0469
498.0469
566.4062
566.4062
659.1797
659.1797
825.1953
825.1953
913.0859
913.0859
864.2578
864.2578
737.3047
737.3047
571.2891
571.2891
317.3828
317.3828
34.1797
34.1797
0.0000
0.0000
0.0000
0.0000
0.0000
0.0000
0.0000
0.0000
0.0000
0.0000
0.0000
0.0000
0.0000
0.0000
0.0000
0.0000
0.0000
0.0000
0.0000
0.0000
0.0000
0.0000
0.0000
0.0000
0.0000
0.0000
0.0000
0.0000
0.0000
0.0000
0.0000
0.0000
0.0000
0.0000
0.0000
0.0000
0.0000
0.0000
0.0000
0.0000
0.0000
0.0000
0.0000
0.0000
0.0000
0.0000
29.2969
29.2969
53.7109
53.7109
53.7109
53.7109
126.9531
126.9531
185.5469
185.5469
219.7266
219.7266
273.4375
273.4375
395.5078
395.5078
444.3359
444.3359
429.6875
429.6875
458.9844
458.9844
478.5156
478.5156
458.9844
458.9844
410.1562
410.1562
424.8047
424.8047
405.2734
405.2734
351.5625
351.5625
312.5000
312.5000
332.0312
332.0312
336.9141
336.9141
322.2656
322.2656
366.2109
366.2109
444.3359
444.3359
493.1641
493.1641
532.2266
532.2266
639.6484
639.6484
732.4219
732.4219
810.5469
810.5469
908.2031
908.2031
1005.8594
1005.8594
976.5625
976.5625
815.4297
815.4297
639.6484
639.6484
468.7500
468.7500
288.0859
288.0859
136.7187
136.7187
83.0078
83.0078
0.0000
0.0000
0.0000
0.0000
0.0000
0.0000
0.0000
0.0000
0.0000
0.0000
0.0000
0.0000
0.0000
0.0000
0.0000
0.0000
0.0000
0.0000
0.0000
0.0000
0.0000
0.0000
0.0000
0.0000
0.0000
0.0000
0.0000
0.0000
0.0000
0.0000
0.0000
0.0000
0.0000
0.0000
0.0000
0.0000
0.0000
0.0000
0.0000
0.0000
0.0000
0.0000
0.0000
0.0000
0.0000
0.0000
0.0000
0.0000
0.0000
0.0000
0.0000
0.0000
58.5937
58.5937
87.8906
87.8906
156.2500
156.2500
249.0234
249.0234
273.4375
273.4375
239.2578
239.2578
258.7891
258.7891
253.9062
253.9062
209.9609
209.9609
170.8984
170.8984
214.8437
214.8437
229.4922
229.4922
224.6094
224.6094
283.2031
283.2031
390.6250
390.6250
463.8672
463.8672
517.5781
517.5781
620.1172
620.1172
717.7734
717.7734
766.6016
766.6016
800.7812
800.7812
888.6719
888.6719
927.7344
927.7344
942.3828
942.3828
971.6797
971.6797
1005.8594
1005.8594
917.9687
917.9687
727.5391
727.5391
546.8750
546.8750
336.9141
336.9141
97.6562
97.6562
0.0000
0.0000
0.0000
0.0000
0.0000
0.0000
0.0000
0.0000
0.0000
0.0000
0.0000
0.0000
0.0000
0.0000
0.0000
0.0000
0.0000
0.0000
0.0000
0.0000
0.0000
0.0000
0.0000
0.0000
0.0000
0.0000
0.0000
0.0000
0.0000
0.0000
0.0000
0.0000
0.0000
0.0000
0.0000
0.0000
0.0000
0.0000
0.0000
0.0000
0.0000
0.0000
0.0000
0.0000
0.0000
0.0000
92.7734
92.7734
205.0781
205.0781
268.5547
268.5547
312.5000
312.5000
385.7422
385.7422
385.7422
385.7422
332.0312
332.0312
317.3828
317.3828
307.6172
307.6172
263.6719
263.6719
219.7266
219.7266
258.7891
258.7891
258.7891
258.7891
234.3750
234.3750
244.1406
244.1406
327.1484
327.1484
385.7422
385.7422
419.9219
419.9219
507.8125
507.8125
600.5859
600.5859
615.2344
615.2344
600.5859
600.5859
659.1797
659.1797
678.7109
678.7109
654.2969
654.2969
659.1797
659.1797
756.8359
756.8359
830.0781
830.0781
854.4922
854.4922
869.1406
869.1406
825.1953
825.1953
678.7109
678.7109
502.9297
502.9297
400.3906
400.3906
278.3203
278.3203
117.1875
117.1875
0.0000
0.0000
0.0000
0.0000
0.0000
0.0000
0.0000
0.0000
0.0000
0.0000
0.0000
0.0000
0.0000
0.0000
0.0000
0.0000
0.0000
0.0000
0.0000
0.0000
0.0000
0.0000
0.0000
0.0000
0.0000
0.0000
0.0000
0.0000
0.0000
0.0000
0.0000
0.0000
0.0000
0.0000
0.0000
0.0000
0.0000
0.0000
0.0000
0.0000
0.0000
0.0000
0.0000
0.0000
0.0000
0.0000
0.0000
0.0000
0.0000
0.0000
0.0000
0.0000
0.0000
0.0000
48.8281
48.8281
43.9453
43.9453
19.5312
19.5312
63.4766
63.4766
107.4219
107.4219
131.8359
131.8359
175.7812
175.7812
273.4375
273.4375
322.2656
322.2656
322.2656
322.2656
361.3281
361.3281
434.5703
463.8672
463.8672
454.1016
454.1016
498.0469
498.0469
512.6953
512.6953
512.6953
483.3984
483.3984
444.3359
444.3359
493.1641
493.1641
498.0469
498.0469
507.8125
507.8125
600.5859
600.5859
747.0703
747.0703
830.0781
830.0781
834.9609
815.4297
815.4297
815.4297
712.8906
712.8906
532.2266
532.2266
317.3828
317.3828
161.1328
161.1328
0.0000
0.0000
0.0000
0.0000
0.0000
0.0000
0.0000
0.0000
0.0000
0.0000
0.0000
0.0000
0.0000
0.0000
0.0000
0.0000
0.0000
0.0000
0.0000
0.0000
0.0000
0.0000
0.0000
0.0000
0.0000
0.0000
0.0000
0.0000
0.0000
0.0000
0.0000
0.0000
0.0000
0.0000
0.0000
0.0000
0.0000
9.7656
9.7656
53.7109
53.7109
146.4844
146.4844
180.6641
180.6641
161.1328
161.1328
151.3672
151.3672
175.7812
175.7812
136.7187
136.7187
83.0078
83.0078
107.4219
107.4219
146.4844
146.4844
180.6641
180.6641
214.8437
214.8437
317.3828
317.3828
380.8594
380.8594
419.9219
419.9219
468.7500
468.7500
556.6406
556.6406
585.9375
585.9375
551.7578
551.7578
561.5234
561.5234
556.6406
556.6406
493.1641
493.1641
434.5703
434.5703
463.8672
463.8672
478.5156
478.5156
463.8672
463.8672
483.3984
483.3984
561.5234
561.5234
620.1172
620.1172
678.7109
678.7109
825.1953
825.1953
991.2109
991.2109
1074.2187
1074.2187
1054.6875
1054.6875
996.0937
996.0937
815.4297
815.4297
551.7578
551.7578
322.2656
322.2656
161.1328
161.1328
0.0000
0.0000
0.0000
0.0000
0.0000
0.0000
0.0000
0.0000
0.0000
0.0000
0.0000
0.0000
0.0000
0.0000
0.0000
0.0000
0.0000
0.0000
0.0000
0.0000
0.0000
0.0000
0.0000
0.0000
0.0000
0.0000
0.0000
0.0000
0.0000
0.0000
0.0000
0.0000
0.0000
0.0000
0.0000
0.0000
0.0000
0.0000
0.0000
0.0000
0.0000
0.0000
0.0000
0.0000
0.0000
0.0000
0.0000
0.0000
0.0000
0.0000
0.0000
0.0000
0.0000
0.0000
0.0000
0.0000
92.7734
92.7734
195.3125
195.3125
239.2578
239.2578
263.6719
263.6719
327.1484
327.1484
322.2656
322.2656
268.5547
268.5547
253.9062
253.9062
263.6719
263.6719
229.4922
229.4922
175.7812
175.7812
200.1953
200.1953
200.1953
200.1953
170.8984
170.8984
180.6641
180.6641
273.4375
273.4375
356.4453
356.4453
419.9219
419.9219
507.8125
507.8125
615.2344
615.2344
688.4766
688.4766
751.9531
751.9531
898.4375
898.4375
1040.0391
1040.0391
1083.9844
1083.9844
1020.5078
1020.5078
908.2031
908.2031
654.2969
654.2969
346.6797
346.6797
112.3047
112.3047
0.0000
0.0000
0.0000
0.0000
0.0000
0.0000
0.0000
0.0000
0.0000
0.0000
0.0000
0.0000
0.0000
0.0000
0.0000
0.0000
0.0000
0.0000
0.0000
0.0000
0.0000
0.0000
0.0000
0.0000
0.0000
0.0000
0.0000
0.0000
0.0000
0.0000
0.0000
0.0000
0.0000
0.0000
0.0000
0.0000
0.0000
0.0000
0.0000
0.0000
0.0000
0.0000
0.0000
0.0000
0.0000
0.0000
0.0000
0.0000
83.0078
83.0078
205.0781
205.0781
297.8516
297.8516
341.7969
341.7969
375.9766
375.9766
463.8672
463.8672
488.2812
488.2812
434.5703
434.5703
410.1562
410.1562
415.0391
415.0391
361.3281
361.3281
302.7344
302.7344
327.1484
327.1484
356.4453
356.4453
351.5625
351.5625
351.5625
351.5625
434.5703
434.5703
488.2812
488.2812
507.8125
507.8125
561.5234
561.5234
664.0625
664.0625
717.7734
717.7734
747.0703
747.0703
844.7266
844.7266
927.7344
927.7344
961.9141
961.9141
991.2109
991.2109
1079.1016
1079.1016
1064.4531
1064.4531
927.7344
927.7344
722.6562
722.6562
502.9297
502.9297
214.8437
214.8437
0.0000
0.0000
0.0000
0.0000
0.0000
0.0000
0.0000
0.0000
0.0000
0.0000
0.0000
0.0000
0.0000
0.0000
0.0000
0.0000
0.0000
0.0000
0.0000
0.0000
0.0000
0.0000
0.0000
0.0000
0.0000
0.0000
0.0000
0.0000
0.0000
0.0000
0.0000
0.0000
0.0000
0.0000
0.0000
0.0000
0.0000
0.0000
0.0000
0.0000
0.0000
0.0000
0.0000
0.0000
0.0000
0.0000
0.0000
0.0000
78.1250
78.1250
136.7187
136.7187
190.4297
190.4297
288.0859
288.0859
341.7969
341.7969
332.0312
332.0312
302.7344
302.7344
317.3828
317.3828
297.8516
297.8516
253.9062
253.9062
268.5547
268.5547
302.7344
302.7344
283.2031
283.2031
244.1406
244.1406
292.9687
292.9687
322.2656
322.2656
327.1484
327.1484
356.4453
356.4453
449.2187
449.2187
488.2812
488.2812
483.3984
483.3984
512.6953
512.6953
546.8750
546.8750
537.1094
537.1094
522.4609
522.4609
576.1719
576.1719
600.5859
600.5859
590.8203
590.8203
595.7031
595.7031
698.2422
698.2422
795.8984
795.8984
849.6094
849.6094
883.7891
883.7891
859.3750
859.3750
712.8906
712.8906
502.9297
502.9297
346.6797
346.6797
185.5469
185.5469
0.0000
0.0000
0.0000
0.0000
0.0000
0.0000
0.0000
0.0000
0.0000
0.0000
0.0000
0.0000
0.0000
0.0000
0.0000
0.0000
0.0000
0.0000
0.0000
0.0000
0.0000
0.0000
0.0000
0.0000
0.0000
0.0000
0.0000
0.0000
0.0000
0.0000
0.0000
0.0000
0.0000
0.0000
0.0000
0.0000
0.0000
0.0000
0.0000
0.0000
0.0000
0.0000
0.0000
0.0000
0.0000
0.0000
0.0000
0.0000
0.0000
0.0000
0.0000
0.0000
0.0000
0.0000
0.0000
0.0000
14.6484
14.6484
34.1797
34.1797
48.8281
48.8281
151.3672
151.3672
229.4922
229.4922
268.5547
268.5547
302.7344
302.7344
385.7422
385.7422
424.8047
424.8047
419.9219
419.9219
434.5703
434.5703
473.6328
473.6328
444.3359
444.3359
380.8594
380.8594
400.3906
400.3906
424.8047
424.8047
415.0391
415.0391
429.6875
429.6875
522.4609
522.4609
581.0547
581.0547
605.4687
605.4687
693.3594
693.3594
854.4922
854.4922
991.2109
991.2109
1108.3984
1108.3984
1220.7031
1220.7031
1215.8203
1215.8203
1059.5703
1059.5703
805.6641
805.6641
581.0547
581.0547
322.2656
322.2656
48.8281
48.8281
0.0000
0.0000
0.0000
0.0000
0.0000
0.0000
0.0000
0.0000
0.0000
0.0000
0.0000
0.0000
0.0000
0.0000
0.0000
0.0000
0.0000
0.0000
0.0000
0.0000
0.0000
0.0000
0.0000
0.0000
0.0000
0.0000
0.0000
0.0000
0.0000
0.0000
0.0000
0.0000
0.0000
0.0000
0.0000
0.0000
0.0000
0.0000
0.0000
0.0000
0.0000
0.0000
0.0000
0.0000
0.0000
0.0000
0.0000
0.0000
29.2969
29.2969
73.2422
73.2422
141.6016
141.6016
209.9609
209.9609
195.3125
195.3125
166.0156
166.0156
244.1406
244.1406
302.7344
302.7344
307.6172
307.6172
302.7344
302.7344
312.5000
312.5000
268.5547
268.5547
200.1953
200.1953
205.0781
205.0781
244.1406
244.1406
244.1406
244.1406
234.3750
234.3750
283.2031
283.2031
312.5000
312.5000
322.2656
322.2656
361.3281
361.3281
478.5156
478.5156
561.5234
561.5234
615.2344
615.2344
703.1250
703.1250
810.5469
810.5469
878.9062
878.9062
942.3828
942.3828
1079.1016
1079.1016
1152.3437
1152.3437
1113.2812
1113.2812
986.3281
986.3281
834.9609
834.9609
566.4062
566.4062
263.6719
263.6719
34.1797
34.1797
0.0000
0.0000
0.0000
0.0000
0.0000
0.0000
0.0000
0.0000
0.0000
0.0000
0.0000
0.0000
0.0000
0.0000
0.0000
0.0000
0.0000
0.0000
0.0000
0.0000
0.0000
0.0000
0.0000
0.0000
0.0000
0.0000
0.0000
0.0000
0.0000
0.0000
0.0000
0.0000
0.0000
0.0000
0.0000
0.0000
0.0000
0.0000
0.0000
0.0000
0.0000
0.0000
0.0000
0.0000
0.0000
0.0000
9.7656
9.7656
73.2422
73.2422
180.6641
180.6641
249.0234
249.0234
249.0234
249.0234
249.0234
249.0234
307.6172
307.6172
312.5000
312.5000
273.4375
273.4375
273.4375
273.4375
288.0859
288.0859
244.1406
244.1406
195.3125
195.3125
244.1406
244.1406
317.3828
317.3828
361.3281
361.3281
395.5078
395.5078
493.1641
493.1641
541.9922
541.9922
556.6406
556.6406
600.5859
600.5859
688.4766
688.4766
727.5391
727.5391
717.7734
717.7734
776.3672
776.3672
825.1953
825.1953
864.2578
864.2578
883.7891
883.7891
922.8516
922.8516
854.4922
854.4922
673.8281
673.8281
483.3984
483.3984
322.2656
322.2656
141.6016
141.6016
0.0000
0.0000
0.0000
0.0000
0.0000
0.0000
0.0000
0.0000
0.0000
0.0000
0.0000
0.0000
0.0000
0.0000
0.0000
0.0000
0.0000
0.0000
0.0000
0.0000
0.0000
0.0000
0.0000
0.0000
0.0000
0.0000
0.0000
0.0000
0.0000
0.0000
0.0000
0.0000
0.0000
0.0000
0.0000
0.0000
0.0000
0.0000
0.0000
0.0000
0.0000
0.0000
0.0000
0.0000
0.0000
0.0000
87.8906
87.8906
185.5469
185.5469
214.8437
214.8437
195.3125
195.3125
239.2578
239.2578
224.6094
224.6094
180.6641
180.6641
156.2500
156.2500
185.5469
185.5469
170.8984
170.8984
146.4844
146.4844
190.4297
190.4297
253.9062
253.9062
278.3203
278.3203
288.0859
371.0937
371.0937
424.8047
424.8047
444.3359
444.3359
493.1641
493.1641
493.1641
585.9375
585.9375
605.4687
605.4687
566.4062
566.4062
571.2891
571.2891
576.1719
576.1719
556.6406
561.5234
561.5234
668.9453
668.9453
781.2500
781.2500
883.7891
883.7891
883.7891
986.3281
986.3281
1069.3359
1069.3359
1015.6250
1015.6250
834.9609
834.9609
654.2969
654.2969
449.2187
449.2187
190.4297
0.0000
0.0000
0.0000
0.0000
0.0000
0.0000
0.0000
0.0000
0.0000
0.0000
0.0000
0.0000
0.0000
0.0000
0.0000
0.0000
0.0000
0.0000
0.0000
0.0000
0.0000
0.0000
0.0000
0.0000
0.0000
0.0000
0.0000
0.0000
0.0000
0.0000
