634.7656
522.4609
522.4609
375.9766
375.9766
205.0781
205.0781
39.0625
39.0625
0.0000
0.0000
0.0000
0.0000
0.0000
0.0000
0.0000
0.0000
0.0000
0.0000
0.0000
0.0000
0.0000
0.0000
0.0000
0.0000
0.0000
0.0000
0.0000
0.0000
0.0000
0.0000
0.0000
0.0000
0.0000
0.0000
0.0000
0.0000
0.0000
0.0000
9.7656
9.7656
78.1250
78.1250
131.8359
131.8359
170.8984
170.8984
209.9609
209.9609
244.1406
244.1406
278.3203
278.3203
317.3828
317.3828
351.5625
351.5625
395.5078
395.5078
439.4531
439.4531
488.2812
488.2812
537.1094
537.1094
585.9375
585.9375
629.8828
629.8828
659.1797
659.1797
654.2969
654.2969
610.3516
610.3516
527.3437
527.3437
405.2734
405.2734
263.6719
263.6719
102.5391
102.5391
0.0000
0.0000
0.0000
0.0000
0.0000
0.0000
0.0000
0.0000
0.0000
0.0000
0.0000
0.0000
0.0000
0.0000
0.0000
0.0000
0.0000
0.0000
0.0000
0.0000
0.0000
0.0000
0.0000
0.0000
0.0000
0.0000
0.0000
0.0000
0.0000
0.0000
0.0000
0.0000
0.0000
0.0000
0.0000
0.0000
24.4141
24.4141
68.3594
68.3594
102.5391
102.5391
136.7187
136.7187
166.0156
166.0156
200.1953
200.1953
244.1406
244.1406
288.0859
288.0859
336.9141
336.9141
385.7422
385.7422
434.5703
434.5703
483.3984
483.3984
532.2266
532.2266
576.1719
576.1719
610.3516
610.3516
625.0000
625.0000
610.3516
610.3516
551.7578
551.7578
439.4531
439.4531
292.9687
292.9687
126.9531
126.9531
0.0000
0.0000
0.0000
0.0000
0.0000
0.0000
0.0000
0.0000
0.0000
0.0000
0.0000
0.0000
0.0000
0.0000
0.0000
0.0000
0.0000
0.0000
0.0000
0.0000
0.0000
0.0000
0.0000
0.0000
0.0000
0.0000
0.0000
0.0000
0.0000
0.0000
0.0000
0.0000
0.0000
0.0000
0.0000
0.0000
0.0000
0.0000
0.0000
0.0000
0.0000
0.0000
0.0000
0.0000
0.0000
0.0000
0.0000
0.0000
19.5312
19.5312
58.5937
58.5937
102.5391
102.5391
146.4844
146.4844
195.3125
195.3125
249.0234
249.0234
297.8516
297.8516
351.5625
351.5625
395.5078
395.5078
429.6875
429.6875
429.6875
429.6875
395.5078
395.5078
317.3828
317.3828
209.9609
209.9609
73.2422
73.2422
0.0000
0.0000
0.0000
0.0000
0.0000
0.0000
0.0000
0.0000
0.0000
0.0000
0.0000
0.0000
0.0000
0.0000
0.0000
0.0000
0.0000
0.0000
0.0000
0.0000
0.0000
0.0000
0.0000
0.0000
0.0000
0.0000
0.0000
0.0000
0.0000
0.0000
0.0000
0.0000
0.0000
0.0000
0.0000
0.0000
48.8281
48.8281
83.0078
83.0078
112.3047
112.3047
136.7187
136.7187
161.1328
161.1328
190.4297
190.4297
224.6094
224.6094
263.6719
263.6719
307.6172
307.6172
356.4453
356.4453
400.3906
400.3906
449.2187
449.2187
502.9297
502.9297
546.8750
546.8750
590.8203
590.8203
620.1172
620.1172
625.0000
625.0000
600.5859
600.5859
532.2266
532.2266
419.9219
419.9219
273.4375
273.4375
117.1875
117.1875
0.0000
0.0000
0.0000
0.0000
0.0000
0.0000
0.0000
0.0000
0.0000
0.0000
0.0000
0.0000
0.0000
0.0000
0.0000
0.0000
0.0000
0.0000
0.0000
0.0000
0.0000
0.0000
0.0000
0.0000
0.0000
0.0000
0.0000
0.0000
0.0000
0.0000
78.1250
78.1250
161.1328
161.1328
234.3750
234.3750
283.2031
283.2031
322.2656
322.2656
356.4453
356.4453
385.7422
385.7422
415.0391
415.0391
449.2187
449.2187
488.2812
488.2812
537.1094
537.1094
581.0547
581.0547
629.8828
629.8828
678.7109
678.7109
722.6562
722.6562
756.8359
756.8359
766.6016
766.6016
727.5391
727.5391
649.4141
649.4141
527.3437
527.3437
375.9766
375.9766
209.9609
209.9609
39.0625
39.0625
0.0000
0.0000
0.0000
0.0000
0.0000
0.0000
0.0000
0.0000
0.0000
0.0000
0.0000
0.0000
0.0000
0.0000
0.0000
0.0000
0.0000
0.0000
0.0000
0.0000
0.0000
0.0000
0.0000
0.0000
0.0000
0.0000
0.0000
0.0000
0.0000
0.0000
0.0000
0.0000
0.0000
0.0000
29.2969
29.2969
73.2422
73.2422
107.4219
107.4219
136.7187
136.7187
161.1328
161.1328
195.3125
195.3125
234.3750
234.3750
273.4375
273.4375
317.3828
317.3828
361.3281
361.3281
405.2734
405.2734
449.2187
449.2187
502.9297
502.9297
546.8750
546.8750
576.1719
576.1719
585.9375
585.9375
571.2891
571.2891
512.6953
512.6953
405.2734
405.2734
263.6719
263.6719
97.6562
97.6562
0.0000
0.0000
0.0000
0.0000
0.0000
0.0000
0.0000
0.0000
0.0000
0.0000
0.0000
0.0000
0.0000
0.0000
0.0000
0.0000
0.0000
0.0000
0.0000
0.0000
0.0000
0.0000
0.0000
0.0000
0.0000
0.0000
0.0000
0.0000
0.0000
0.0000
0.0000
0.0000
0.0000
0.0000
0.0000
0.0000
0.0000
0.0000
0.0000
0.0000
29.2969
29.2969
63.4766
63.4766
92.7734
92.7734
126.9531
126.9531
161.1328
161.1328
200.1953
200.1953
244.1406
244.1406
292.9687
292.9687
341.7969
341.7969
390.6250
390.6250
434.5703
434.5703
473.6328
473.6328
498.0469
498.0469
493.1641
493.1641
449.2187
449.2187
361.3281
361.3281
253.9062
253.9062
122.0703
122.0703
0.0000
0.0000
0.0000
0.0000
0.0000
0.0000
0.0000
0.0000
0.0000
0.0000
0.0000
0.0000
0.0000
0.0000
0.0000
0.0000
0.0000
0.0000
0.0000
0.0000
0.0000
0.0000
0.0000
0.0000
0.0000
0.0000
0.0000
0.0000
0.0000
0.0000
0.0000
0.0000
0.0000
0.0000
0.0000
0.0000
39.0625
39.0625
97.6562
97.6562
146.4844
146.4844
185.5469
185.5469
224.6094
224.6094
258.7891
258.7891
292.9687
292.9687
332.0312
332.0312
375.9766
375.9766
415.0391
415.0391
458.9844
458.9844
502.9297
502.9297
546.8750
546.8750
590.8203
590.8203
625.0000
625.0000
625.0000
625.0000
585.9375
585.9375
502.9297
502.9297
385.7422
385.7422
239.2578
239.2578
78.1250
78.1250
0.0000
0.0000
0.0000
0.0000
0.0000
0.0000
0.0000
0.0000
0.0000
0.0000
0.0000
0.0000
0.0000
0.0000
0.0000
0.0000
0.0000
0.0000
0.0000
0.0000
0.0000
0.0000
0.0000
0.0000
0.0000
0.0000
0.0000
0.0000
0.0000
0.0000
0.0000
0.0000
0.0000
0.0000
0.0000
0.0000
34.1797
34.1797
78.1250
78.1250
112.3047
112.3047
141.6016
141.6016
170.8984
170.8984
209.9609
209.9609
249.0234
249.0234
297.8516
297.8516
346.6797
346.6797
395.5078
395.5078
444.3359
444.3359
493.1641
493.1641
537.1094
537.1094
566.4062
566.4062
566.4062
566.4062
527.3437
527.3437
439.4531
439.4531
307.6172
307.6172
146.4844
146.4844
0.0000
0.0000
0.0000
0.0000
0.0000
0.0000
0.0000
0.0000
0.0000
0.0000
0.0000
0.0000
0.0000
0.0000
0.0000
0.0000
0.0000
0.0000
0.0000
0.0000
0.0000
0.0000
0.0000
0.0000
0.0000
0.0000
0.0000
0.0000
0.0000
0.0000
0.0000
0.0000
0.0000
0.0000
0.0000
0.0000
0.0000
0.0000
0.0000
0.0000
0.0000
0.0000
0.0000
0.0000
0.0000
0.0000
0.0000
0.0000
0.0000
0.0000
0.0000
0.0000
43.9453
43.9453
87.8906
87.8906
131.8359
131.8359
180.6641
180.6641
229.4922
229.4922
278.3203
278.3203
332.0312
332.0312
380.8594
380.8594
419.9219
419.9219
439.4531
439.4531
424.8047
424.8047
366.2109
366.2109
273.4375
273.4375
151.3672
151.3672
9.7656
9.7656
0.0000
0.0000
0.0000
0.0000
0.0000
0.0000
0.0000
0.0000
0.0000
0.0000
0.0000
0.0000
0.0000
0.0000
0.0000
0.0000
0.0000
0.0000
0.0000
0.0000
0.0000
0.0000
0.0000
0.0000
0.0000
0.0000
0.0000
0.0000
0.0000
0.0000
0.0000
0.0000
0.0000
0.0000
0.0000
0.0000
39.0625
39.0625
73.2422
73.2422
107.4219
107.4219
136.7187
136.7187
166.0156
166.0156
205.0781
205.0781
244.1406
244.1406
288.0859
288.0859
332.0312
332.0312
375.9766
375.9766
424.8047
424.8047
473.6328
473.6328
512.6953
512.6953
532.2266
532.2266
517.5781
517.5781
463.8672
463.8672
380.8594
380.8594
273.4375
136.7187
136.7187
136.7187
0.0000
0.0000
0.0000
0.0000
0.0000
0.0000
0.0000
0.0000
0.0000
0.0000
0.0000
0.0000
0.0000
0.0000
0.0000
0.0000
0.0000
0.0000
0.0000
0.0000
0.0000
0.0000
0.0000
0.0000
0.0000
0.0000
0.0000
0.0000
0.0000
0.0000
0.0000
0.0000
48.8281
48.8281
131.8359
131.8359
195.3125
195.3125
244.1406
244.1406
278.3203
278.3203
307.6172
307.6172
336.9141
336.9141
375.9766
375.9766
415.0391
415.0391
454.1016
498.0469
498.0469
546.8750
546.8750
595.7031
595.7031
644.5312
644.5312
698.2422
698.2422
751.9531
751.9531
800.7812
800.7812
834.9609
834.9609
844.7266
844.7266
810.5469
810.5469
717.7734
717.7734
581.0547
581.0547
400.3906
400.3906
209.9609
209.9609
29.2969
29.2969
0.0000
0.0000
0.0000
0.0000
0.0000
0.0000
0.0000
0.0000
0.0000
0.0000
0.0000
0.0000
0.0000
0.0000
0.0000
0.0000
0.0000
0.0000
0.0000
0.0000
0.0000
0.0000
0.0000
0.0000
0.0000
0.0000
0.0000
0.0000
0.0000
0.0000
0.0000
0.0000
0.0000
0.0000
0.0000
0.0000
0.0000
0.0000
14.6484
14.6484
48.8281
48.8281
83.0078
83.0078
117.1875
117.1875
161.1328
161.1328
205.0781
205.0781
253.9062
253.9062
297.8516
297.8516
346.6797
346.6797
400.3906
400.3906
449.2187
449.2187
483.3984
483.3984
493.1641
493.1641
468.7500
468.7500
405.2734
405.2734
302.7344
302.7344
170.8984
170.8984
19.5312
19.5312
0.0000
0.0000
0.0000
0.0000
0.0000
0.0000
0.0000
0.0000
0.0000
0.0000
0.0000
0.0000
0.0000
0.0000
0.0000
0.0000
0.0000
0.0000
0.0000
0.0000
0.0000
0.0000
0.0000
0.0000
0.0000
0.0000
0.0000
0.0000
0.0000
0.0000
0.0000
0.0000
0.0000
0.0000
0.0000
0.0000
0.0000
0.0000
14.6484
14.6484
39.0625
39.0625
63.4766
63.4766
92.7734
92.7734
126.9531
126.9531
170.8984
170.8984
209.9609
209.9609
253.9062
253.9062
302.7344
302.7344
351.5625
351.5625
400.3906
400.3906
449.2187
449.2187
498.0469
498.0469
541.9922
541.9922
576.1719
576.1719
590.8203
590.8203
571.2891
571.2891
507.8125
507.8125
400.3906
400.3906
258.7891
258.7891
102.5391
102.5391
0.0000
0.0000
0.0000
0.0000
0.0000
0.0000
0.0000
0.0000
0.0000
0.0000
0.0000
0.0000
0.0000
0.0000
0.0000
0.0000
0.0000
0.0000
0.0000
0.0000
0.0000
0.0000
0.0000
0.0000
0.0000
0.0000
0.0000
0.0000
0.0000
0.0000
0.0000
0.0000
73.2422
73.2422
136.7187
136.7187
185.5469
185.5469
219.7266
219.7266
249.0234
249.0234
278.3203
278.3203
312.5000
312.5000
351.5625
351.5625
395.5078
395.5078
439.4531
439.4531
488.2812
488.2812
537.1094
537.1094
585.9375
585.9375
629.8828
629.8828
659.1797
659.1797
659.1797
659.1797
620.1172
620.1172
546.8750
546.8750
444.3359
444.3359
317.3828
317.3828
170.8984
170.8984
9.7656
9.7656
0.0000
0.0000
0.0000
0.0000
0.0000
0.0000
0.0000
0.0000
0.0000
0.0000
0.0000
0.0000
0.0000
0.0000
0.0000
0.0000
0.0000
0.0000
0.0000
0.0000
0.0000
0.0000
0.0000
0.0000
0.0000
0.0000
0.0000
0.0000
0.0000
0.0000
0.0000
0.0000
24.4141
24.4141
87.8906
87.8906
131.8359
131.8359
166.0156
166.0156
195.3125
195.3125
224.6094
224.6094
258.7891
258.7891
292.9687
292.9687
332.0312
332.0312
371.0937
371.0937
415.0391
415.0391
463.8672
463.8672
512.6953
512.6953
561.5234
561.5234
605.4687
605.4687
639.6484
639.6484
654.2969
654.2969
639.6484
639.6484
581.0547
581.0547
473.6328
473.6328
332.0312
332.0312
166.0156
166.0156
0.0000
0.0000
0.0000
0.0000
0.0000
0.0000
0.0000
0.0000
0.0000
0.0000
0.0000
0.0000
0.0000
0.0000
0.0000
0.0000
0.0000
0.0000
0.0000
0.0000
0.0000
0.0000
0.0000
0.0000
0.0000
0.0000
0.0000
0.0000
0.0000
0.0000
0.0000
0.0000
0.0000
0.0000
0.0000
0.0000
19.5312
19.5312
63.4766
63.4766
102.5391
102.5391
136.7187
136.7187
166.0156
166.0156
200.1953
200.1953
239.2578
239.2578
283.2031
283.2031
327.1484
327.1484
371.0937
371.0937
415.0391
415.0391
454.1016
454.1016
488.2812
488.2812
507.8125
507.8125
488.2812
488.2812
439.4531
439.4531
351.5625
351.5625
234.3750
234.3750
97.6562
97.6562
0.0000
0.0000
0.0000
0.0000
0.0000
0.0000
0.0000
0.0000
0.0000
0.0000
0.0000
0.0000
0.0000
0.0000
0.0000
0.0000
0.0000
0.0000
0.0000
0.0000
0.0000
0.0000
0.0000
0.0000
0.0000
0.0000
0.0000
0.0000
0.0000
0.0000
0.0000
0.0000
0.0000
0.0000
0.0000
0.0000
0.0000
0.0000
29.2969
29.2969
73.2422
73.2422
107.4219
107.4219
141.6016
141.6016
175.7812
175.7812
214.8437
214.8437
258.7891
258.7891
302.7344
302.7344
346.6797
346.6797
395.5078
395.5078
444.3359
444.3359
493.1641
493.1641
541.9922
541.9922
571.2891
571.2891
585.9375
585.9375
571.2891
571.2891
522.4609
522.4609
424.8047
424.8047
292.9687
292.9687
136.7187
136.7187
0.0000
0.0000
0.0000
0.0000
0.0000
0.0000
0.0000
0.0000
0.0000
0.0000
0.0000
0.0000
0.0000
0.0000
0.0000
0.0000
0.0000
0.0000
0.0000
0.0000
0.0000
0.0000
0.0000
0.0000
0.0000
0.0000
0.0000
0.0000
0.0000
0.0000
0.0000
0.0000
0.0000
0.0000
0.0000
0.0000
34.1797
34.1797
78.1250
78.1250
112.3047
112.3047
141.6016
141.6016
175.7812
175.7812
214.8437
214.8437
258.7891
258.7891
297.8516
297.8516
346.6797
346.6797
390.6250
390.6250
439.4531
439.4531
483.3984
483.3984
522.4609
522.4609
556.6406
556.6406
566.4062
566.4062
546.8750
546.8750
478.5156
478.5156
380.8594
380.8594
249.0234
249.0234
92.7734
92.7734
0.0000
0.0000
0.0000
0.0000
0.0000
0.0000
0.0000
0.0000
0.0000
0.0000
0.0000
0.0000
0.0000
0.0000
0.0000
0.0000
0.0000
0.0000
0.0000
0.0000
0.0000
0.0000
0.0000
0.0000
0.0000
0.0000
0.0000
0.0000
0.0000
0.0000
0.0000
0.0000
0.0000
0.0000
0.0000
0.0000
0.0000
0.0000
9.7656
9.7656
39.0625
39.0625
68.3594
68.3594
97.6562
97.6562
131.8359
131.8359
166.0156
166.0156
209.9609
209.9609
253.9062
253.9062
302.7344
302.7344
351.5625
351.5625
400.3906
400.3906
449.2187
449.2187
502.9297
502.9297
546.8750
546.8750
576.1719
576.1719
576.1719
576.1719
546.8750
546.8750
473.6328
473.6328
351.5625
351.5625
200.1953
200.1953
34.1797
34.1797
0.0000
0.0000
0.0000
0.0000
0.0000
0.0000
0.0000
0.0000
0.0000
0.0000
0.0000
0.0000
0.0000
0.0000
0.0000
0.0000
0.0000
0.0000
0.0000
0.0000
0.0000
0.0000
0.0000
0.0000
0.0000
0.0000
0.0000
0.0000
0.0000
0.0000
0.0000
0.0000
0.0000
0.0000
0.0000
0.0000
0.0000
0.0000
0.0000
0.0000
0.0000
0.0000
0.0000
0.0000
4.8828
4.8828
39.0625
39.0625
78.1250
78.1250
117.1875
117.1875
166.0156
166.0156
209.9609
209.9609
263.6719
263.6719
312.5000
312.5000
361.3281
361.3281
395.5078
395.5078
415.0391
415.0391
405.2734
405.2734
361.3281
361.3281
292.9687
292.9687
195.3125
195.3125
83.0078
83.0078
0.0000
0.0000
0.0000
0.0000
0.0000
0.0000
0.0000
0.0000
0.0000
0.0000
0.0000
0.0000
0.0000
0.0000
0.0000
0.0000
0.0000
0.0000
0.0000
0.0000
0.0000
0.0000
0.0000
0.0000
0.0000
0.0000
0.0000
0.0000
0.0000
0.0000
43.9453
43.9453
156.2500
156.2500
249.0234
249.0234
312.5000
312.5000
361.3281
361.3281
395.5078
395.5078
429.6875
429.6875
458.9844
458.9844
493.1641
493.1641
522.4609
522.4609
566.4062
566.4062
610.3516
610.3516
659.1797
659.1797
708.0078
708.0078
761.7187
761.7187
815.4297
815.4297
864.2578
864.2578
898.4375
898.4375
908.2031
908.2031
874.0234
874.0234
781.2500
781.2500
639.6484
639.6484
458.9844
458.9844
258.7891
258.7891
63.4766
63.4766
0.0000
0.0000
0.0000
0.0000
0.0000
0.0000
0.0000
0.0000
0.0000
0.0000
0.0000
0.0000
0.0000
0.0000
0.0000
0.0000
0.0000
0.0000
0.0000
0.0000
0.0000
0.0000
0.0000
0.0000
0.0000
0.0000
0.0000
0.0000
0.0000
0.0000
0.0000
0.0000
0.0000
0.0000
0.0000
0.0000
0.0000
0.0000
14.6484
14.6484
48.8281
48.8281
83.0078
83.0078
117.1875
117.1875
161.1328
161.1328
205.0781
205.0781
249.0234
249.0234
292.9687
292.9687
341.7969
341.7969
385.7422
385.7422
429.6875
429.6875
454.1016
454.1016
454.1016
454.1016
419.9219
419.9219
351.5625
351.5625
249.0234
249.0234
122.0703
122.0703
0.0000
0.0000
0.0000
0.0000
0.0000
0.0000
0.0000
0.0000
0.0000
0.0000
0.0000
0.0000
0.0000
0.0000
0.0000
0.0000
0.0000
0.0000
0.0000
0.0000
0.0000
0.0000
0.0000
0.0000
0.0000
0.0000
0.0000
0.0000
0.0000
0.0000
0.0000
0.0000
0.0000
0.0000
43.9453
43.9453
112.3047
112.3047
156.2500
156.2500
185.5469
185.5469
209.9609
209.9609
239.2578
239.2578
273.4375
273.4375
312.5000
361.3281
361.3281
361.3281
405.2734
405.2734
454.1016
454.1016
502.9297
502.9297
551.7578
551.7578
600.5859
600.5859
634.7656
659.1797
659.1797
659.1797
659.1797
620.1172
620.1172
541.9922
541.9922
429.6875
429.6875
288.0859
288.0859
122.0703
122.0703
0.0000
0.0000
0.0000
0.0000
0.0000
0.0000
0.0000
0.0000
0.0000
0.0000
0.0000
0.0000
0.0000
0.0000
0.0000
0.0000
0.0000
0.0000
0.0000
0.0000
0.0000
0.0000
0.0000
0.0000
0.0000
0.0000
0.0000
0.0000
0.0000
0.0000
0.0000
0.0000
34.1797
34.1797
102.5391
102.5391
151.3672
151.3672
190.4297
190.4297
219.7266
219.7266
249.0234
249.0234
278.3203
278.3203
307.6172
307.6172
346.6797
346.6797
395.5078
395.5078
439.4531
439.4531
488.2812
488.2812
541.9922
541.9922
590.8203
590.8203
629.8828
629.8828
639.6484
639.6484
605.4687
605.4687
522.4609
522.4609
395.5078
395.5078
234.3750
234.3750
63.4766
63.4766
0.0000
0.0000
0.0000
0.0000
0.0000
0.0000
0.0000
0.0000
0.0000
0.0000
0.0000
0.0000
0.0000
0.0000
0.0000
0.0000
0.0000
0.0000
0.0000
0.0000
0.0000
0.0000
0.0000
0.0000
0.0000
0.0000
0.0000
0.0000
0.0000
0.0000
0.0000
0.0000
0.0000
0.0000
0.0000
0.0000
0.0000
0.0000
0.0000
0.0000
0.0000
0.0000
29.2969
29.2969
63.4766
63.4766
102.5391
102.5391
141.6016
141.6016
180.6641
180.6641
219.7266
219.7266
258.7891
258.7891
302.7344
302.7344
346.6797
346.6797
395.5078
395.5078
439.4531
439.4531
478.5156
478.5156
498.0469
498.0469
488.2812
488.2812
439.4531
439.4531
341.7969
341.7969
205.0781
205.0781
53.7109
53.7109
0.0000
0.0000
0.0000
0.0000
0.0000
0.0000
0.0000
0.0000
0.0000
0.0000
0.0000
0.0000
0.0000
0.0000
0.0000
0.0000
0.0000
0.0000
0.0000
0.0000
0.0000
0.0000
0.0000
0.0000
0.0000
0.0000
0.0000
0.0000
0.0000
0.0000
0.0000
0.0000
0.0000
0.0000
0.0000
0.0000
9.7656
9.7656
48.8281
48.8281
78.1250
78.1250
107.4219
107.4219
136.7187
136.7187
170.8984
170.8984
214.8437
214.8437
258.7891
258.7891
307.6172
307.6172
356.4453
356.4453
400.3906
400.3906
444.3359
444.3359
488.2812
488.2812
522.4609
522.4609
532.2266
532.2266
507.8125
507.8125
439.4531
439.4531
336.9141
336.9141
209.9609
209.9609
63.4766
63.4766
0.0000
0.0000
0.0000
0.0000
0.0000
0.0000
0.0000
0.0000
0.0000
0.0000
0.0000
0.0000
0.0000
0.0000
0.0000
0.0000
0.0000
0.0000
0.0000
0.0000
0.0000
0.0000
0.0000
0.0000
0.0000
0.0000
0.0000
0.0000
0.0000
0.0000
0.0000
0.0000
0.0000
0.0000
0.0000
0.0000
0.0000
0.0000
0.0000
0.0000
0.0000
0.0000
24.4141
24.4141
58.5937
58.5937
87.8906
87.8906
126.9531
126.9531
166.0156
166.0156
205.0781
205.0781
249.0234
249.0234
292.9687
292.9687
341.7969
341.7969
390.6250
390.6250
439.4531
439.4531
478.5156
478.5156
502.9297
502.9297
493.1641
493.1641
444.3359
444.3359
356.4453
356.4453
239.2578
239.2578
97.6562
97.6562
0.0000
0.0000
0.0000
0.0000
0.0000
0.0000
0.0000
0.0000
0.0000
0.0000
0.0000
0.0000
0.0000
0.0000
0.0000
0.0000
0.0000
0.0000
0.0000
0.0000
0.0000
0.0000
0.0000
0.0000
0.0000
0.0000
0.0000
0.0000
0.0000
0.0000
0.0000
0.0000
0.0000
0.0000
68.3594
68.3594
141.6016
141.6016
195.3125
195.3125
234.3750
234.3750
258.7891
258.7891
288.0859
288.0859
317.3828
317.3828
356.4453
356.4453
395.5078
395.5078
444.3359
444.3359
493.1641
493.1641
537.1094
537.1094
581.0547
581.0547
625.0000
625.0000
659.1797
659.1797
673.8281
673.8281
654.2969
654.2969
581.0547
581.0547
463.8672
463.8672
307.6172
307.6172
141.6016
141.6016
0.0000
0.0000
0.0000
0.0000
0.0000
0.0000
0.0000
0.0000
0.0000
0.0000
0.0000
0.0000
0.0000
0.0000
0.0000
0.0000
0.0000
0.0000
0.0000
0.0000
0.0000
0.0000
0.0000
0.0000
0.0000
0.0000
0.0000
0.0000
0.0000
0.0000
0.0000
0.0000
0.0000
0.0000
0.0000
0.0000
0.0000
0.0000
0.0000
0.0000
0.0000
0.0000
0.0000
0.0000
0.0000
0.0000
0.0000
0.0000
24.4141
24.4141
58.5937
58.5937
102.5391
102.5391
146.4844
146.4844
190.4297
190.4297
239.2578
239.2578
288.0859
288.0859
341.7969
341.7969
385.7422
385.7422
415.0391
415.0391
424.8047
424.8047
400.3906
400.3906
336.9141
336.9141
234.3750
234.3750
107.4219
107.4219
0.0000
0.0000
0.0000
0.0000
0.0000
0.0000
0.0000
0.0000
0.0000
0.0000
0.0000
0.0000
0.0000
0.0000
0.0000
0.0000
0.0000
0.0000
0.0000
0.0000
0.0000
0.0000
0.0000
0.0000
0.0000
0.0000
0.0000
0.0000
0.0000
0.0000
0.0000
0.0000
0.0000
0.0000
0.0000
0.0000
19.5312
19.5312
63.4766
63.4766
97.6562
97.6562
131.8359
131.8359
161.1328
161.1328
190.4297
190.4297
229.4922
229.4922
273.4375
273.4375
317.3828
317.3828
361.3281
361.3281
410.1562
410.1562
463.8672
463.8672
517.5781
517.5781
566.4062
566.4062
600.5859
600.5859
605.4687
605.4687
571.2891
571.2891
493.1641
493.1641
375.9766
375.9766
234.3750
234.3750
78.1250
78.1250
0.0000
0.0000
0.0000
0.0000
0.0000
0.0000
0.0000
0.0000
0.0000
0.0000
0.0000
0.0000
0.0000
0.0000
0.0000
0.0000
0.0000
0.0000
0.0000
0.0000
0.0000
0.0000
0.0000
0.0000
0.0000
0.0000
0.0000
0.0000
0.0000
0.0000
0.0000
0.0000
0.0000
0.0000
48.8281
48.8281
87.8906
87.8906
122.0703
122.0703
151.3672
151.3672
180.6641
180.6641
219.7266
219.7266
263.6719
263.6719
302.7344
302.7344
346.6797
346.6797
395.5078
395.5078
444.3359
444.3359
498.0469
498.0469
546.8750
546.8750
600.5859
600.5859
644.5312
644.5312
673.8281
673.8281
678.7109
678.7109
634.7656
634.7656
541.9922
541.9922
405.2734
405.2734
249.0234
249.0234
78.1250
78.1250
0.0000
0.0000
0.0000
0.0000
0.0000
0.0000
0.0000
0.0000
0.0000
0.0000
0.0000
0.0000
0.0000
0.0000
0.0000
0.0000
0.0000
0.0000
0.0000
0.0000
0.0000
0.0000
0.0000
0.0000
0.0000
0.0000
0.0000
0.0000
0.0000
0.0000
0.0000
0.0000
48.8281
48.8281
97.6562
97.6562
136.7187
136.7187
170.8984
170.8984
200.1953
200.1953
229.4922
229.4922
263.6719
263.6719
302.7344
302.7344
346.6797
346.6797
395.5078
395.5078
444.3359
444.3359
493.1641
493.1641
541.9922
541.9922
585.9375
585.9375
620.1172
620.1172
629.8828
629.8828
605.4687
605.4687
532.2266
532.2266
419.9219
419.9219
278.3203
278.3203
117.1875
117.1875
0.0000
0.0000
0.0000
0.0000
0.0000
0.0000
0.0000
0.0000
0.0000
0.0000
0.0000
0.0000
0.0000
0.0000
0.0000
0.0000
0.0000
0.0000
0.0000
0.0000
0.0000
0.0000
0.0000
0.0000
0.0000
0.0000
0.0000
0.0000
0.0000
0.0000
0.0000
0.0000
0.0000
0.0000
0.0000
0.0000
0.0000
0.0000
29.2969
29.2969
58.5937
58.5937
83.0078
83.0078
112.3047
112.3047
141.6016
141.6016
180.6641
180.6641
224.6094
224.6094
273.4375
273.4375
317.3828
317.3828
371.0937
371.0937
419.9219
419.9219
468.7500
468.7500
517.5781
517.5781
561.5234
561.5234
595.7031
595.7031
615.2344
615.2344
610.3516
610.3516
556.6406
556.6406
458.9844
458.9844
322.2656
322.2656
156.2500
156.2500
0.0000
0.0000
0.0000
0.0000
0.0000
0.0000
0.0000
0.0000
0.0000
0.0000
0.0000
0.0000
0.0000
0.0000
0.0000
0.0000
0.0000
0.0000
0.0000
0.0000
0.0000
0.0000
0.0000
0.0000
0.0000
0.0000
0.0000
0.0000
0.0000
0.0000
0.0000
0.0000
0.0000
0.0000
24.4141
24.4141
78.1250
78.1250
117.1875
117.1875
151.3672
151.3672
175.7812
175.7812
205.0781
205.0781
239.2578
239.2578
278.3203
278.3203
317.3828
317.3828
366.2109
366.2109
415.0391
415.0391
468.7500
468.7500
522.4609
522.4609
571.2891
571.2891
605.4687
605.4687
615.2344
615.2344
590.8203
590.8203
532.2266
532.2266
434.5703
434.5703
307.6172
307.6172
156.2500
156.2500
0.0000
0.0000
0.0000
0.0000
0.0000
0.0000
0.0000
0.0000
0.0000
0.0000
0.0000
0.0000
0.0000
0.0000
0.0000
0.0000
0.0000
0.0000
0.0000
0.0000
0.0000
0.0000
0.0000
0.0000
0.0000
0.0000
0.0000
0.0000
0.0000
0.0000
0.0000
0.0000
0.0000
0.0000
39.0625
39.0625
102.5391
102.5391
146.4844
146.4844
175.7812
175.7812
205.0781
234.3750
234.3750
234.3750
268.5547
268.5547
302.7344
302.7344
336.9141
336.9141
375.9766
375.9766
419.9219
419.9219
463.8672
463.8672
512.6953
512.6953
561.5234
561.5234
610.3516
649.4141
649.4141
649.4141
678.7109
678.7109
673.8281
673.8281
625.0000
625.0000
527.3437
527.3437
390.6250
390.6250
224.6094
48.8281
48.8281
0.0000
0.0000
0.0000
0.0000
0.0000
0.0000
0.0000
0.0000
0.0000
0.0000
0.0000
0.0000
0.0000
0.0000
0.0000
0.0000
0.0000
0.0000
0.0000
0.0000
0.0000
0.0000
0.0000
0.0000
0.0000
0.0000
0.0000
0.0000
0.0000
0.0000
0.0000
0.0000
0.0000
0.0000
0.0000
0.0000
43.9453
43.9453
78.1250
78.1250
107.4219
107.4219
141.6016
141.6016
170.8984
170.8984
209.9609
209.9609
249.0234
249.0234
292.9687
292.9687
336.9141
336.9141
375.9766
375.9766
419.9219
419.9219
463.8672
463.8672
507.8125
507.8125
541.9922
541.9922
551.7578
551.7578
517.5781
517.5781
444.3359
444.3359
327.1484
327.1484
180.6641
180.6641
14.6484
14.6484
0.0000
0.0000
0.0000
0.0000
0.0000
0.0000
0.0000
0.0000
0.0000
0.0000
0.0000
0.0000
0.0000
0.0000
0.0000
0.0000
0.0000
0.0000
0.0000
0.0000
0.0000
0.0000
0.0000
0.0000
0.0000
0.0000
0.0000
0.0000
0.0000
0.0000
0.0000
0.0000
0.0000
0.0000
0.0000
0.0000
0.0000
0.0000
0.0000
0.0000
19.5312
19.5312
48.8281
48.8281
83.0078
83.0078
117.1875
117.1875
156.2500
156.2500
200.1953
200.1953
244.1406
244.1406
292.9687
292.9687
341.7969
341.7969
395.5078
395.5078
444.3359
444.3359
488.2812
488.2812
532.2266
532.2266
561.5234
561.5234
571.2891
571.2891
541.9922
541.9922
458.9844
458.9844
332.0312
332.0312
175.7812
175.7812
9.7656
9.7656
0.0000
0.0000
0.0000
0.0000
0.0000
0.0000
0.0000
0.0000
0.0000
0.0000
0.0000
0.0000
0.0000
0.0000
0.0000
0.0000
0.0000
0.0000
0.0000
0.0000
0.0000
0.0000
0.0000
0.0000
0.0000
0.0000
0.0000
0.0000
0.0000
0.0000
0.0000
0.0000
0.0000
0.0000
0.0000
0.0000
0.0000
0.0000
29.2969
29.2969
63.4766
63.4766
97.6562
97.6562
131.8359
131.8359
170.8984
170.8984
209.9609
209.9609
253.9062
253.9062
297.8516
297.8516
346.6797
346.6797
395.5078
395.5078
444.3359
444.3359
493.1641
493.1641
522.4609
522.4609
527.3437
527.3437
493.1641
493.1641
415.0391
415.0391
307.6172
307.6172
170.8984
170.8984
19.5312
19.5312
0.0000
0.0000
0.0000
0.0000
0.0000
0.0000
0.0000
0.0000
0.0000
0.0000
0.0000
0.0000
0.0000
0.0000
0.0000
0.0000
0.0000
0.0000
0.0000
0.0000
0.0000
0.0000
0.0000
0.0000
0.0000
0.0000
0.0000
0.0000
0.0000
0.0000
0.0000
0.0000
0.0000
0.0000
0.0000
0.0000
48.8281
48.8281
83.0078
83.0078
112.3047
112.3047
141.6016
141.6016
170.8984
170.8984
205.0781
205.0781
249.0234
249.0234
292.9687
292.9687
341.7969
341.7969
390.6250
390.6250
439.4531
439.4531
483.3984
483.3984
532.2266
532.2266
571.2891
571.2891
615.2344
615.2344
649.4141
649.4141
664.0625
664.0625
644.5312
644.5312
571.2891
571.2891
449.2187
449.2187
292.9687
292.9687
117.1875
117.1875
0.0000
0.0000
0.0000
0.0000
0.0000
0.0000
0.0000
0.0000
0.0000
0.0000
0.0000
0.0000
0.0000
0.0000
0.0000
0.0000
0.0000
0.0000
0.0000
0.0000
0.0000
0.0000
0.0000
0.0000
0.0000
0.0000
0.0000
0.0000
0.0000
0.0000
0.0000
0.0000
9.7656
9.7656
78.1250
78.1250
126.9531
126.9531
170.8984
170.8984
205.0781
205.0781
239.2578
239.2578
273.4375
273.4375
312.5000
312.5000
356.4453
356.4453
405.2734
405.2734
454.1016
454.1016
498.0469
498.0469
546.8750
546.8750
595.7031
595.7031
634.7656
634.7656
649.4141
649.4141
625.0000
625.0000
556.6406
556.6406
449.2187
449.2187
312.5000
312.5000
156.2500
156.2500
0.0000
0.0000
0.0000
0.0000
0.0000
0.0000
0.0000
0.0000
0.0000
0.0000
0.0000
0.0000
0.0000
0.0000
0.0000
0.0000
0.0000
0.0000
0.0000
0.0000
0.0000
0.0000
0.0000
0.0000
0.0000
0.0000
0.0000
0.0000
0.0000
0.0000
0.0000
0.0000
0.0000
0.0000
0.0000
0.0000
0.0000
0.0000
0.0000
0.0000
29.2969
29.2969
58.5937
58.5937
83.0078
83.0078
117.1875
117.1875
151.3672
151.3672
195.3125
195.3125
244.1406
244.1406
288.0859
288.0859
341.7969
341.7969
395.5078
395.5078
449.2187
449.2187
498.0469
498.0469
541.9922
541.9922
571.2891
571.2891
576.1719
576.1719
541.9922
541.9922
458.9844
458.9844
332.0312
332.0312
180.6641
180.6641
24.4141
24.4141
0.0000
0.0000
0.0000
0.0000
0.0000
0.0000
0.0000
0.0000
0.0000
0.0000
0.0000
0.0000
0.0000
0.0000
0.0000
0.0000
0.0000
0.0000
0.0000
0.0000
0.0000
0.0000
0.0000
0.0000
0.0000
0.0000
0.0000
0.0000
0.0000
0.0000
48.8281
48.8281
136.7187
136.7187
205.0781
205.0781
258.7891
258.7891
297.8516
297.8516
336.9141
336.9141
371.0937
371.0937
405.2734
405.2734
444.3359
444.3359
478.5156
478.5156
522.4609
522.4609
566.4062
566.4062
615.2344
615.2344
664.0625
664.0625
693.3594
693.3594
703.1250
703.1250
673.8281
673.8281
605.4687
605.4687
498.0469
498.0469
361.3281
361.3281
205.0781
205.0781
43.9453
43.9453
0.0000
0.0000
0.0000
0.0000
0.0000
0.0000
0.0000
0.0000
0.0000
0.0000
0.0000
0.0000
0.0000
0.0000
0.0000
0.0000
0.0000
0.0000
0.0000
0.0000
0.0000
0.0000
0.0000
0.0000
0.0000
0.0000
0.0000
0.0000
0.0000
0.0000
0.0000
0.0000
58.5937
58.5937
126.9531
126.9531
175.7812
175.7812
214.8437
214.8437
249.0234
249.0234
278.3203
278.3203
317.3828
317.3828
356.4453
356.4453
400.3906
400.3906
444.3359
444.3359
493.1641
493.1641
541.9922
541.9922
590.8203
590.8203
634.7656
634.7656
673.8281
673.8281
698.2422
698.2422
688.4766
688.4766
634.7656
634.7656
537.1094
537.1094
405.2734
405.2734
239.2578
239.2578
58.5937
58.5937
0.0000
0.0000
0.0000
0.0000
0.0000
0.0000
0.0000
0.0000
0.0000
0.0000
0.0000
0.0000
0.0000
0.0000
0.0000
0.0000
0.0000
0.0000
0.0000
0.0000
0.0000
0.0000
0.0000
0.0000
0.0000
0.0000
0.0000
0.0000
0.0000
0.0000
0.0000
0.0000
0.0000
0.0000
0.0000
0.0000
0.0000
0.0000
0.0000
0.0000
0.0000
0.0000
0.0000
0.0000
0.0000
0.0000
19.5312
19.5312
58.5937
58.5937
102.5391
102.5391
146.4844
146.4844
195.3125
195.3125
244.1406
244.1406
292.9687
292.9687
341.7969
341.7969
380.8594
380.8594
400.3906
400.3906
385.7422
385.7422
327.1484
327.1484
239.2578
239.2578
117.1875
117.1875
0.0000
0.0000
0.0000
0.0000
0.0000
0.0000
0.0000
0.0000
0.0000
0.0000
0.0000
0.0000
0.0000
0.0000
0.0000
0.0000
0.0000
0.0000
0.0000
0.0000
0.0000
0.0000
0.0000
0.0000
0.0000
0.0000
0.0000
0.0000
0.0000
0.0000
0.0000
0.0000
0.0000
0.0000
0.0000
0.0000
0.0000
0.0000
0.0000
0.0000
0.0000
0.0000
0.0000
0.0000
0.0000
0.0000
14.6484
14.6484
39.0625
39.0625
68.3594
68.3594
102.5391
102.5391
141.6016
141.6016
185.5469
185.5469
234.3750
234.3750
283.2031
283.2031
332.0312
332.0312
380.8594
380.8594
419.9219
419.9219
439.4531
439.4531
434.5703
434.5703
400.3906
400.3906
332.0312
332.0312
224.6094
224.6094
92.7734
92.7734
0.0000
0.0000
0.0000
0.0000
0.0000
0.0000
0.0000
0.0000
0.0000
0.0000
0.0000
0.0000
0.0000
0.0000
0.0000
0.0000
0.0000
0.0000
0.0000
0.0000
0.0000
0.0000
0.0000
0.0000
0.0000
0.0000
0.0000
0.0000
0.0000
0.0000
0.0000
0.0000
14.6484
14.6484
92.7734
92.7734
156.2500
156.2500
205.0781
205.0781
249.0234
249.0234
283.2031
283.2031
317.3828
317.3828
356.4453
356.4453
390.6250
390.6250
429.6875
429.6875
468.7500
468.7500
512.6953
512.6953
556.6406
556.6406
600.5859
600.5859
649.4141
649.4141
688.4766
688.4766
703.1250
703.1250
678.7109
678.7109
605.4687
605.4687
483.3984
483.3984
327.1484
327.1484
156.2500
156.2500
0.0000
0.0000
0.0000
0.0000
0.0000
0.0000
0.0000
0.0000
0.0000
0.0000
0.0000
0.0000
0.0000
0.0000
0.0000
0.0000
0.0000
0.0000
0.0000
0.0000
0.0000
0.0000
0.0000
0.0000
0.0000
0.0000
0.0000
0.0000
0.0000
0.0000
0.0000
0.0000
0.0000
0.0000
0.0000
0.0000
0.0000
0.0000
0.0000
0.0000
0.0000
0.0000
0.0000
0.0000
14.6484
14.6484
48.8281
48.8281
83.0078
83.0078
122.0703
122.0703
166.0156
166.0156
214.8437
263.6719
263.6719
263.6719
307.6172
307.6172
356.4453
356.4453
400.3906
400.3906
439.4531
439.4531
468.7500
468.7500
478.5156
478.5156
454.1016
454.1016
385.7422
385.7422
278.3203
141.6016
141.6016
141.6016
0.0000
0.0000
0.0000
0.0000
0.0000
0.0000
0.0000
0.0000
0.0000
0.0000
0.0000
0.0000
0.0000
0.0000
0.0000
0.0000
0.0000
0.0000
0.0000
0.0000
0.0000
0.0000
0.0000
0.0000
0.0000
0.0000
0.0000
0.0000
0.0000
0.0000
0.0000
0.0000
0.0000
0.0000
0.0000
0.0000
0.0000
0.0000
0.0000
29.2969
29.2969
63.4766
63.4766
92.7734
92.7734
126.9531
126.9531
156.2500
156.2500
195.3125
195.3125
234.3750
234.3750
283.2031
283.2031
332.0312
332.0312
380.8594
380.8594
434.5703
434.5703
483.3984
483.3984
517.5781
517.5781
512.6953
512.6953
478.5156
478.5156
400.3906
400.3906
297.8516
297.8516
175.7812
175.7812
39.0625
39.0625
0.0000
0.0000
0.0000
0.0000
0.0000
0.0000
0.0000
0.0000
0.0000
0.0000
0.0000
0.0000
0.0000
0.0000
0.0000
0.0000
0.0000
0.0000
0.0000
0.0000
0.0000
0.0000
0.0000
0.0000
0.0000
0.0000
0.0000
0.0000
0.0000
0.0000
0.0000
0.0000
48.8281
48.8281
131.8359
131.8359
190.4297
190.4297
229.4922
229.4922
258.7891
258.7891
288.0859
288.0859
312.5000
312.5000
346.6797
346.6797
385.7422
385.7422
429.6875
429.6875
473.6328
473.6328
522.4609
522.4609
566.4062
566.4062
615.2344
615.2344
659.1797
659.1797
693.3594
693.3594
717.7734
717.7734
722.6562
722.6562
693.3594
693.3594
625.0000
625.0000
507.8125
507.8125
356.4453
356.4453
185.5469
185.5469
19.5312
19.5312
0.0000
0.0000
0.0000
0.0000
0.0000
0.0000
0.0000
0.0000
0.0000
0.0000
0.0000
0.0000
0.0000
0.0000
0.0000
0.0000
0.0000
0.0000
0.0000
0.0000
0.0000
0.0000
0.0000
0.0000
0.0000
0.0000
0.0000
0.0000
0.0000
0.0000
0.0000
0.0000
24.4141
24.4141
78.1250
78.1250
112.3047
112.3047
146.4844
146.4844
180.6641
180.6641
209.9609
209.9609
249.0234
249.0234
292.9687
292.9687
341.7969
341.7969
390.6250
390.6250
444.3359
444.3359
493.1641
493.1641
546.8750
546.8750
595.7031
595.7031
629.8828
629.8828
639.6484
639.6484
600.5859
600.5859
517.5781
517.5781
395.5078
395.5078
239.2578
239.2578
73.2422
73.2422
0.0000
0.0000
0.0000
0.0000
0.0000
0.0000
0.0000
0.0000
0.0000
0.0000
0.0000
0.0000
0.0000
0.0000
0.0000
0.0000
0.0000
0.0000
0.0000
0.0000
0.0000
0.0000
0.0000
0.0000
0.0000
0.0000
0.0000
0.0000
0.0000
0.0000
0.0000
0.0000
0.0000
0.0000
0.0000
0.0000
0.0000
0.0000
0.0000
0.0000
0.0000
0.0000
29.2969
29.2969
58.5937
58.5937
97.6562
97.6562
136.7187
136.7187
185.5469
185.5469
229.4922
229.4922
278.3203
278.3203
327.1484
327.1484
380.8594
380.8594
439.4531
439.4531
488.2812
488.2812
527.3437
527.3437
556.6406
556.6406
561.5234
561.5234
522.4609
522.4609
434.5703
434.5703
307.6172
307.6172
156.2500
156.2500
0.0000
0.0000
0.0000
0.0000
0.0000
0.0000
0.0000
0.0000
0.0000
0.0000
0.0000
0.0000
0.0000
0.0000
0.0000
0.0000
0.0000
0.0000
0.0000
0.0000
0.0000
0.0000
0.0000
0.0000
0.0000
0.0000
0.0000
0.0000
0.0000
0.0000
0.0000
0.0000
0.0000
0.0000
24.4141
24.4141
87.8906
87.8906
136.7187
136.7187
170.8984
170.8984
205.0781
205.0781
239.2578
239.2578
273.4375
273.4375
307.6172
307.6172
341.7969
341.7969
385.7422
385.7422
434.5703
434.5703
488.2812
488.2812
537.1094
537.1094
585.9375
585.9375
625.0000
625.0000
644.5312
644.5312
629.8828
629.8828
566.4062
566.4062
463.8672
463.8672
322.2656
322.2656
166.0156
166.0156
4.8828
4.8828
0.0000
0.0000
0.0000
0.0000
0.0000
0.0000
0.0000
0.0000
0.0000
0.0000
0.0000
0.0000
0.0000
0.0000
0.0000
0.0000
0.0000
0.0000
0.0000
0.0000
0.0000
0.0000
0.0000
0.0000
0.0000
0.0000
0.0000
0.0000
0.0000
0.0000
0.0000
0.0000
0.0000
0.0000
43.9453
43.9453
87.8906
87.8906
126.9531
126.9531
161.1328
161.1328
195.3125
195.3125
229.4922
229.4922
268.5547
268.5547
312.5000
312.5000
361.3281
361.3281
405.2734
405.2734
454.1016
454.1016
498.0469
498.0469
546.8750
546.8750
585.9375
585.9375
620.1172
620.1172
629.8828
629.8828
610.3516
610.3516
546.8750
546.8750
434.5703
434.5703
283.2031
283.2031
112.3047
112.3047
0.0000
0.0000
0.0000
0.0000
0.0000
0.0000
0.0000
0.0000
0.0000
0.0000
0.0000
0.0000
0.0000
0.0000
0.0000
0.0000
0.0000
0.0000
0.0000
0.0000
0.0000
0.0000
0.0000
0.0000
0.0000
0.0000
0.0000
0.0000
0.0000
0.0000
0.0000
0.0000
0.0000
0.0000
19.5312
19.5312
63.4766
63.4766
102.5391
102.5391
136.7187
136.7187
166.0156
166.0156
200.1953
200.1953
244.1406
244.1406
288.0859
288.0859
336.9141
336.9141
385.7422
385.7422
439.4531
439.4531
488.2812
488.2812
537.1094
537.1094
571.2891
571.2891
576.1719
576.1719
546.8750
546.8750
483.3984
483.3984
385.7422
385.7422
253.9062
253.9062
107.4219
107.4219
0.0000
0.0000
0.0000
0.0000
0.0000
0.0000
0.0000
0.0000
0.0000
0.0000
0.0000
0.0000
0.0000
0.0000
0.0000
0.0000
0.0000
0.0000
0.0000
0.0000
0.0000
0.0000
0.0000
0.0000
0.0000
0.0000
0.0000
0.0000
0.0000
0.0000
0.0000
0.0000
0.0000
0.0000
0.0000
0.0000
39.0625
39.0625
87.8906
87.8906
126.9531
126.9531
156.2500
156.2500
180.6641
180.6641
209.9609
209.9609
239.2578
239.2578
273.4375
273.4375
312.5000
312.5000
361.3281
361.3281
410.1562
410.1562
458.9844
458.9844
507.8125
507.8125
561.5234
561.5234
605.4687
605.4687
644.5312
644.5312
664.0625
664.0625
649.4141
649.4141
581.0547
581.0547
454.1016
454.1016
292.9687
292.9687
112.3047
112.3047
0.0000
0.0000
0.0000
0.0000
0.0000
0.0000
0.0000
0.0000
0.0000
0.0000
0.0000
0.0000
0.0000
0.0000
0.0000
0.0000
0.0000
0.0000
0.0000
0.0000
0.0000
0.0000
0.0000
0.0000
0.0000
0.0000
0.0000
0.0000
0.0000
0.0000
0.0000
0.0000
0.0000
0.0000
0.0000
0.0000
0.0000
0.0000
43.9453
43.9453
78.1250
78.1250
112.3047
112.3047
146.4844
146.4844
185.5469
185.5469
224.6094
224.6094
263.6719
263.6719
302.7344
302.7344
346.6797
346.6797
395.5078
395.5078
444.3359
444.3359
483.3984
483.3984
502.9297
502.9297
493.1641
493.1641
434.5703
434.5703
336.9141
336.9141
209.9609
209.9609
68.3594
68.3594
0.0000
0.0000
0.0000
0.0000
0.0000
0.0000
0.0000
0.0000
0.0000
0.0000
0.0000
0.0000
0.0000
0.0000
0.0000
0.0000
0.0000
0.0000
0.0000
0.0000
0.0000
0.0000
0.0000
0.0000
0.0000
0.0000
0.0000
0.0000
0.0000
0.0000
0.0000
0.0000
0.0000
0.0000
53.7109
53.7109
112.3047
112.3047
151.3672
151.3672
175.7812
175.7812
205.0781
205.0781
234.3750
234.3750
273.4375
273.4375
317.3828
317.3828
361.3281
361.3281
410.1562
410.1562
458.9844
458.9844
507.8125
507.8125
556.6406
556.6406
600.5859
600.5859
639.6484
639.6484
664.0625
664.0625
673.8281
673.8281
639.6484
639.6484
561.5234
561.5234
434.5703
434.5703
278.3203
278.3203
102.5391
102.5391
0.0000
0.0000
0.0000
0.0000
0.0000
0.0000
0.0000
0.0000
0.0000
0.0000
0.0000
0.0000
0.0000
0.0000
0.0000
0.0000
0.0000
0.0000
0.0000
0.0000
0.0000
0.0000
0.0000
0.0000
0.0000
0.0000
0.0000
0.0000
0.0000
0.0000
0.0000
0.0000
0.0000
0.0000
53.7109
53.7109
107.4219
107.4219
146.4844
146.4844
185.5469
185.5469
219.7266
219.7266
253.9062
253.9062
288.0859
288.0859
327.1484
327.1484
366.2109
366.2109
415.0391
415.0391
458.9844
458.9844
507.8125
507.8125
546.8750
546.8750
585.9375
585.9375
595.7031
595.7031
571.2891
571.2891
498.0469
498.0469
390.6250
390.6250
253.9062
253.9062
97.6562
97.6562
0.0000
0.0000
0.0000
0.0000
0.0000
0.0000
0.0000
0.0000
0.0000
0.0000
0.0000
0.0000
0.0000
0.0000
0.0000
0.0000
0.0000
0.0000
0.0000
0.0000
0.0000
0.0000
0.0000
0.0000
0.0000
0.0000
0.0000
0.0000
0.0000
0.0000
0.0000
0.0000
0.0000
0.0000
0.0000
0.0000
0.0000
0.0000
0.0000
0.0000
0.0000
0.0000
0.0000
0.0000
0.0000
0.0000
19.5312
19.5312
53.7109
53.7109
92.7734
92.7734
136.7187
136.7187
185.5469
185.5469
229.4922
229.4922
278.3203
278.3203
327.1484
327.1484
375.9766
375.9766
415.0391
415.0391
439.4531
439.4531
439.4531
439.4531
410.1562
336.9141
336.9141
336.9141
229.4922
229.4922
97.6562
97.6562
0.0000
0.0000
0.0000
0.0000
0.0000
0.0000
0.0000
0.0000
0.0000
0.0000
0.0000
0.0000
0.0000
0.0000
0.0000
0.0000
0.0000
0.0000
0.0000
0.0000
0.0000
0.0000
0.0000
0.0000
0.0000
0.0000
0.0000
0.0000
0.0000
0.0000
0.0000
0.0000
0.0000
0.0000
0.0000
0.0000
48.8281
48.8281
92.7734
92.7734
131.8359
131.8359
161.1328
161.1328
195.3125
195.3125
234.3750
273.4375
273.4375
312.5000
312.5000
361.3281
361.3281
415.0391
415.0391
468.7500
468.7500
527.3437
527.3437
581.0547
581.0547
625.0000
625.0000
649.4141
649.4141
644.5312
644.5312
595.7031
595.7031
502.9297
502.9297
375.9766
375.9766
224.6094
224.6094
63.4766
63.4766
0.0000
0.0000
0.0000
0.0000
0.0000
0.0000
0.0000
0.0000
0.0000
0.0000
0.0000
0.0000
0.0000
0.0000
0.0000
0.0000
0.0000
0.0000
0.0000
0.0000
0.0000
0.0000
0.0000
0.0000
0.0000
0.0000
0.0000
0.0000
0.0000
0.0000
0.0000
0.0000
0.0000
0.0000
39.0625
39.0625
92.7734
92.7734
126.9531
126.9531
156.2500
156.2500
185.5469
185.5469
209.9609
209.9609
244.1406
244.1406
283.2031
283.2031
327.1484
327.1484
371.0937
371.0937
419.9219
419.9219
468.7500
468.7500
522.4609
522.4609
571.2891
571.2891
610.3516
610.3516
639.6484
639.6484
639.6484
639.6484
605.4687
605.4687
517.5781
517.5781
385.7422
385.7422
224.6094
224.6094
48.8281
48.8281
0.0000
0.0000
0.0000
0.0000
0.0000
0.0000
0.0000
0.0000
0.0000
0.0000
0.0000
0.0000
0.0000
0.0000
0.0000
0.0000
0.0000
0.0000
0.0000
0.0000
0.0000
0.0000
0.0000
0.0000
0.0000
0.0000
0.0000
0.0000
0.0000
0.0000
0.0000
0.0000
0.0000
0.0000
4.8828
4.8828
53.7109
53.7109
92.7734
92.7734
126.9531
126.9531
166.0156
166.0156
205.0781
205.0781
244.1406
244.1406
288.0859
288.0859
332.0312
332.0312
380.8594
380.8594
434.5703
434.5703
483.3984
483.3984
527.3437
527.3437
551.7578
551.7578
556.6406
556.6406
522.4609
522.4609
449.2187
449.2187
341.7969
341.7969
209.9609
209.9609
58.5937
58.5937
0.0000
0.0000
0.0000
0.0000
0.0000
0.0000
0.0000
0.0000
0.0000
0.0000
0.0000
0.0000
0.0000
0.0000
0.0000
0.0000
0.0000
0.0000
0.0000
0.0000
0.0000
0.0000
0.0000
0.0000
0.0000
0.0000
0.0000
0.0000
0.0000
0.0000
0.0000
0.0000
0.0000
0.0000
0.0000
0.0000
48.8281
48.8281
87.8906
87.8906
122.0703
122.0703
151.3672
151.3672
180.6641
180.6641
219.7266
219.7266
258.7891
258.7891
302.7344
302.7344
356.4453
356.4453
405.2734
405.2734
458.9844
458.9844
502.9297
502.9297
546.8750
546.8750
590.8203
590.8203
615.2344
615.2344
620.1172
620.1172
585.9375
585.9375
512.6953
512.6953
405.2734
405.2734
268.5547
268.5547
112.3047
112.3047
0.0000
0.0000
0.0000
0.0000
0.0000
0.0000
0.0000
0.0000
0.0000
0.0000
0.0000
0.0000
0.0000
0.0000
0.0000
0.0000
0.0000
0.0000
0.0000
0.0000
0.0000
0.0000
0.0000
0.0000
0.0000
0.0000
0.0000
0.0000
0.0000
0.0000
29.2969
29.2969
117.1875
117.1875
190.4297
190.4297
244.1406
244.1406
288.0859
288.0859
317.3828
317.3828
346.6797
346.6797
380.8594
380.8594
415.0391
415.0391
454.1016
454.1016
498.0469
498.0469
541.9922
541.9922
590.8203
590.8203
639.6484
639.6484
683.5937
683.5937
712.8906
712.8906
708.0078
708.0078
659.1797
659.1797
561.5234
561.5234
424.8047
424.8047
258.7891
258.7891
83.0078
83.0078
0.0000
0.0000
0.0000
0.0000
0.0000
0.0000
0.0000
0.0000
0.0000
0.0000
0.0000
0.0000
0.0000
0.0000
0.0000
0.0000
0.0000
0.0000
0.0000
0.0000
0.0000
0.0000
0.0000
0.0000
0.0000
0.0000
0.0000
0.0000
0.0000
0.0000
0.0000
0.0000
0.0000
0.0000
0.0000
0.0000
0.0000
0.0000
0.0000
0.0000
0.0000
0.0000
0.0000
0.0000
0.0000
0.0000
0.0000
0.0000
0.0000
0.0000
4.8828
4.8828
43.9453
43.9453
87.8906
87.8906
136.7187
136.7187
185.5469
185.5469
234.3750
234.3750
283.2031
283.2031
317.3828
317.3828
346.6797
346.6797
351.5625
351.5625
322.2656
322.2656
249.0234
249.0234
141.6016
141.6016
9.7656
9.7656
0.0000
0.0000
0.0000
0.0000
0.0000
0.0000
0.0000
0.0000
0.0000
0.0000
0.0000
0.0000
0.0000
0.0000
0.0000
0.0000
0.0000
0.0000
0.0000
0.0000
0.0000
0.0000
0.0000
0.0000
0.0000
0.0000
0.0000
0.0000
0.0000
0.0000
9.7656
9.7656
97.6562
97.6562
166.0156
166.0156
214.8437
214.8437
249.0234
249.0234
283.2031
283.2031
317.3828
317.3828
351.5625
351.5625
395.5078
395.5078
434.5703
434.5703
483.3984
483.3984
527.3437
527.3437
576.1719
576.1719
620.1172
620.1172
664.0625
664.0625
688.4766
688.4766
683.5937
683.5937
634.7656
634.7656
541.9922
541.9922
415.0391
415.0391
258.7891
258.7891
87.8906
87.8906
0.0000
0.0000
0.0000
0.0000
0.0000
0.0000
0.0000
0.0000
0.0000
0.0000
0.0000
0.0000
0.0000
0.0000
0.0000
0.0000
0.0000
0.0000
0.0000
0.0000
0.0000
0.0000
0.0000
0.0000
0.0000
0.0000
0.0000
0.0000
0.0000
0.0000
0.0000
0.0000
0.0000
0.0000
9.7656
9.7656
63.4766
63.4766
102.5391
102.5391
136.7187
136.7187
161.1328
161.1328
185.5469
185.5469
214.8437
214.8437
249.0234
249.0234
288.0859
288.0859
336.9141
336.9141
385.7422
385.7422
429.6875
429.6875
478.5156
478.5156
522.4609
522.4609
556.6406
556.6406
576.1719
576.1719
576.1719
576.1719
537.1094
537.1094
449.2187
449.2187
322.2656
322.2656
161.1328
161.1328
0.0000
0.0000
0.0000
0.0000
0.0000
0.0000
0.0000
0.0000
0.0000
0.0000
0.0000
0.0000
0.0000
0.0000
0.0000
0.0000
0.0000
0.0000
0.0000
0.0000
0.0000
0.0000
0.0000
0.0000
0.0000
0.0000
0.0000
0.0000
0.0000
0.0000
0.0000
0.0000
0.0000
0.0000
0.0000
0.0000
0.0000
0.0000
0.0000
0.0000
19.5312
19.5312
48.8281
48.8281
83.0078
83.0078
122.0703
122.0703
156.2500
156.2500
200.1953
200.1953
239.2578
239.2578
283.2031
283.2031
332.0312
332.0312
385.7422
385.7422
439.4531
439.4531
483.3984
483.3984
517.5781
517.5781
517.5781
517.5781
478.5156
478.5156
395.5078
395.5078
273.4375
273.4375
131.8359
131.8359
0.0000
0.0000
0.0000
0.0000
0.0000
0.0000
0.0000
0.0000
0.0000
0.0000
0.0000
0.0000
0.0000
0.0000
0.0000
0.0000
0.0000
0.0000
0.0000
0.0000
0.0000
0.0000
0.0000
0.0000
0.0000
0.0000
0.0000
0.0000
0.0000
0.0000
0.0000
0.0000
24.4141
24.4141
112.3047
112.3047
175.7812
175.7812
224.6094
224.6094
263.6719
263.6719
292.9687
292.9687
327.1484
327.1484
361.3281
361.3281
400.3906
400.3906
444.3359
444.3359
488.2812
488.2812
537.1094
537.1094
590.8203
590.8203
639.6484
639.6484
688.4766
688.4766
727.5391
727.5391
756.8359
756.8359
766.6016
766.6016
742.1875
742.1875
664.0625
664.0625
532.2266
532.2266
366.2109
366.2109
180.6641
180.6641
0.0000
0.0000
0.0000
0.0000
0.0000
0.0000
0.0000
0.0000
0.0000
0.0000
0.0000
0.0000
0.0000
0.0000
0.0000
0.0000
0.0000
0.0000
0.0000
0.0000
0.0000
0.0000
0.0000
0.0000
0.0000
0.0000
0.0000
0.0000
0.0000
0.0000
0.0000
0.0000
0.0000
0.0000
0.0000
0.0000
43.9453
43.9453
87.8906
87.8906
122.0703
122.0703
156.2500
156.2500
190.4297
190.4297
229.4922
229.4922
268.5547
268.5547
317.3828
317.3828
361.3281
361.3281
410.1562
410.1562
458.9844
458.9844
512.6953
512.6953
561.5234
561.5234
590.8203
590.8203
595.7031
595.7031
546.8750
546.8750
444.3359
444.3359
302.7344
302.7344
136.7187
136.7187
0.0000
0.0000
0.0000
0.0000
0.0000
0.0000
0.0000
0.0000
0.0000
0.0000
0.0000
0.0000
0.0000
0.0000
0.0000
0.0000
0.0000
0.0000
0.0000
0.0000
0.0000
0.0000
0.0000
0.0000
0.0000
0.0000
0.0000
0.0000
0.0000
0.0000
0.0000
0.0000
0.0000
0.0000
0.0000
0.0000
0.0000
0.0000
0.0000
0.0000
9.7656
9.7656
43.9453
43.9453
73.2422
73.2422
112.3047
112.3047
151.3672
151.3672
195.3125
195.3125
244.1406
244.1406
288.0859
288.0859
341.7969
341.7969
395.5078
395.5078
444.3359
444.3359
483.3984
483.3984
507.8125
507.8125
507.8125
507.8125
473.6328
473.6328
390.6250
390.6250
273.4375
273.4375
126.9531
126.9531
0.0000
0.0000
0.0000
0.0000
0.0000
0.0000
0.0000
0.0000
0.0000
0.0000
0.0000
0.0000
0.0000
0.0000
0.0000
0.0000
0.0000
0.0000
0.0000
0.0000
0.0000
0.0000
0.0000
0.0000
0.0000
0.0000
0.0000
0.0000
0.0000
0.0000
0.0000
0.0000
0.0000
0.0000
4.8828
4.8828
68.3594
68.3594
117.1875
117.1875
161.1328
161.1328
195.3125
195.3125
229.4922
229.4922
268.5547
268.5547
307.6172
307.6172
346.6797
346.6797
395.5078
395.5078
449.2187
498.0469
498.0469
498.0469
546.8750
546.8750
585.9375
585.9375
600.5859
600.5859
581.0547
581.0547
517.5781
517.5781
415.0391
415.0391
283.2031
283.2031
126.9531
126.9531
0.0000
0.0000
0.0000
0.0000
0.0000
0.0000
0.0000
0.0000
0.0000
0.0000
0.0000
0.0000
0.0000
0.0000
0.0000
0.0000
0.0000
0.0000
0.0000
0.0000
0.0000
0.0000
0.0000
0.0000
0.0000
0.0000
0.0000
0.0000
0.0000
0.0000
0.0000
0.0000
0.0000
0.0000
0.0000
24.4141
24.4141
63.4766
63.4766
97.6562
97.6562
122.0703
122.0703
156.2500
156.2500
185.5469
185.5469
224.6094
224.6094
263.6719
263.6719
307.6172
307.6172
351.5625
351.5625
400.3906
400.3906
449.2187
449.2187
498.0469
498.0469
541.9922
541.9922
585.9375
585.9375
600.5859
600.5859
585.9375
585.9375
527.3437
527.3437
424.8047
424.8047
283.2031
283.2031
122.0703
122.0703
0.0000
0.0000
0.0000
0.0000
0.0000
0.0000
0.0000
0.0000
0.0000
0.0000
0.0000
0.0000
0.0000
0.0000
0.0000
0.0000
0.0000
0.0000
0.0000
0.0000
0.0000
0.0000
0.0000
0.0000
0.0000
0.0000
0.0000
0.0000
0.0000
0.0000
0.0000
0.0000
0.0000
0.0000
0.0000
0.0000
9.7656
9.7656
53.7109
53.7109
83.0078
83.0078
117.1875
117.1875
146.4844
146.4844
185.5469
185.5469
224.6094
224.6094
273.4375
273.4375
317.3828
317.3828
361.3281
361.3281
410.1562
410.1562
458.9844
458.9844
502.9297
502.9297
532.2266
532.2266
532.2266
532.2266
493.1641
493.1641
415.0391
415.0391
297.8516
297.8516
156.2500
156.2500
0.0000
0.0000
0.0000
0.0000
0.0000
0.0000
0.0000
0.0000
0.0000
0.0000
0.0000
0.0000
0.0000
0.0000
0.0000
0.0000
0.0000
0.0000
0.0000
0.0000
0.0000
0.0000
0.0000
0.0000
0.0000
0.0000
0.0000
0.0000
0.0000
0.0000
0.0000
0.0000
0.0000
0.0000
53.7109
53.7109
117.1875
117.1875
166.0156
166.0156
205.0781
205.0781
234.3750
234.3750
263.6719
263.6719
297.8516
297.8516
332.0312
332.0312
371.0937
371.0937
415.0391
415.0391
458.9844
458.9844
502.9297
502.9297
551.7578
551.7578
600.5859
600.5859
644.5312
644.5312
683.5937
683.5937
703.1250
703.1250
698.2422
698.2422
659.1797
659.1797
571.2891
571.2891
439.4531
439.4531
278.3203
278.3203
102.5391
102.5391
0.0000
0.0000
0.0000
0.0000
0.0000
0.0000
0.0000
0.0000
0.0000
0.0000
0.0000
0.0000
0.0000
0.0000
0.0000
0.0000
0.0000
0.0000
0.0000
0.0000
0.0000
0.0000
0.0000
0.0000
0.0000
0.0000
0.0000
0.0000
0.0000
0.0000
0.0000
0.0000
0.0000
0.0000
68.3594
68.3594
117.1875
117.1875
151.3672
151.3672
185.5469
185.5469
214.8437
214.8437
249.0234
249.0234
283.2031
283.2031
327.1484
327.1484
371.0937
371.0937
419.9219
419.9219
468.7500
468.7500
512.6953
512.6953
556.6406
556.6406
595.7031
595.7031
620.1172
620.1172
615.2344
615.2344
571.2891
571.2891
483.3984
483.3984
351.5625
351.5625
190.4297
190.4297
19.5312
19.5312
0.0000
0.0000
0.0000
0.0000
0.0000
0.0000
0.0000
0.0000
0.0000
0.0000
0.0000
0.0000
0.0000
0.0000
0.0000
0.0000
0.0000
0.0000
0.0000
0.0000
0.0000
0.0000
0.0000
0.0000
0.0000
0.0000
0.0000
0.0000
0.0000
0.0000
0.0000
0.0000
0.0000
0.0000
4.8828
4.8828
48.8281
48.8281
92.7734
92.7734
126.9531
126.9531
166.0156
166.0156
200.1953
200.1953
244.1406
244.1406
283.2031
283.2031
327.1484
327.1484
371.0937
371.0937
419.9219
419.9219
473.6328
473.6328
527.3437
527.3437
576.1719
576.1719
625.0000
625.0000
654.2969
654.2969
668.9453
668.9453
644.5312
644.5312
566.4062
566.4062
439.4531
439.4531
273.4375
273.4375
87.8906
87.8906
0.0000
0.0000
0.0000
