0.0000
0.0000
0.0000
0.0000
0.0000
0.0000
0.0000
0.0000
0.0000
0.0000
0.0000
0.0000
0.0000
0.0000
0.0000
0.0000
0.0000
0.0000
0.0000
0.0000
0.0000
0.0000
0.0000
0.0000
0.0000
0.0000
0.0000
0.0000
0.0000
0.0000
0.0000
0.0000
0.0000
0.0000
0.0000
0.0000
0.0000
0.0000
0.0000
0.0000
0.0000
0.0000
0.0000
0.0000
0.0000
0.0000
0.0000
0.0000
0.0000
0.0000
0.0000
0.0000
0.0000
0.0000
0.0000
0.0000
0.0000
0.0000
0.0000
0.0000
0.0000
0.0000
0.0000
0.0000
0.0000
0.0000
0.0000
0.0000
0.0000
0.0000
0.0000
0.0000
0.0000
0.0000
0.0000
0.0000
0.0000
0.0000
0.0000
0.0000
0.0000
0.0000
0.0000
0.0000
0.0000
0.0000
0.0000
0.0000
0.0000
0.0000
0.0000
0.0000
0.0000
0.0000
0.0000
0.0000
0.0000
0.0000
0.0000
0.0000
0.0000
0.0000
0.0000
0.0000
0.0000
0.0000
0.0000
0.0000
0.0000
0.0000
0.0000
0.0000
0.0000
0.0000
0.0000
0.0000
0.0000
0.0000
0.0000
0.0000
0.0000
0.0000
0.0000
0.0000
0.0000
0.0000
0.0000
0.0000
0.0000
0.0000
0.0000
0.0000
0.0000
0.0000
0.0000
0.0000
0.0000
0.0000
0.0000
0.0000
0.0000
0.0000
0.0000
0.0000
0.0000
0.0000
0.0000
0.0000
0.0000
0.0000
0.0000
0.0000
0.0000
0.0000
0.0000
0.0000
0.0000
0.0000
0.0000
0.0000
0.0000
0.0000
0.0000
0.0000
0.0000
0.0000
0.0000
0.0000
0.0000
0.0000
0.0000
0.0000
0.0000
0.0000
0.0000
0.0000
0.0000
0.0000
0.0000
0.0000
0.0000
0.0000
0.0000
0.0000
0.0000
0.0000
0.0000
0.0000
0.0000
0.0000
0.0000
0.0000
0.0000
0.0000
0.0000
0.0000
0.0000
0.0000
0.0000
0.0000
0.0000
0.0000
0.0000
0.0000
0.0000
0.0000
0.0000
0.0000
0.0000
0.0000
0.0000
0.0000
0.0000
0.0000
0.0000
0.0000
0.0000
0.0000
0.0000
0.0000
0.0000
0.0000
0.0000
0.0000
0.0000
0.0000
0.0000
0.0000
0.0000
0.0000
0.0000
0.0000
0.0000
0.0000
0.0000
0.0000
0.0000
0.0000
0.0000
0.0000
0.0000
0.0000
0.0000
0.0000
0.0000
0.0000
0.0000
0.0000
0.0000
0.0000
0.0000
0.0000
0.0000
0.0000
0.0000
0.0000
0.0000
0.0000
0.0000
0.0000
0.0000
0.0000
0.0000
0.0000
0.0000
0.0000
0.0000
0.0000
0.0000
0.0000
0.0000
0.0000
0.0000
0.0000
0.0000
0.0000
0.0000
0.0000
0.0000
0.0000
0.0000
0.0000
0.0000
0.0000
0.0000
0.0000
0.0000
0.0000
0.0000
0.0000
0.0000
0.0000
0.0000
0.0000
0.0000
0.0000
0.0000
0.0000
0.0000
0.0000
0.0000
0.0000
0.0000
0.0000
0.0000
0.0000
0.0000
0.0000
0.0000
0.0000
0.0000
0.0000
0.0000
0.0000
0.0000
0.0000
0.0000
0.0000
0.0000
0.0000
0.0000
0.0000
0.0000
0.0000
0.0000
0.0000
0.0000
0.0000
0.0000
0.0000
0.0000
0.0000
0.0000
0.0000
0.0000
0.0000
0.0000
0.0000
0.0000
0.0000
0.0000
0.0000
0.0000
0.0000
0.0000
0.0000
0.0000
0.0000
0.0000
0.0000
0.0000
0.0000
0.0000
0.0000
0.0000
0.0000
0.0000
0.0000
0.0000
0.0000
0.0000
0.0000
0.0000
0.0000
0.0000
0.0000
0.0000
0.0000
0.0000
9.7656
9.7656
14.6484
14.6484
4.8828
4.8828
0.0000
0.0000
0.0000
0.0000
0.0000
0.0000
0.0000
0.0000
0.0000
0.0000
0.0000
0.0000
24.4141
24.4141
43.9453
43.9453
43.9453
43.9453
39.0625
39.0625
19.5312
19.5312
4.8828
4.8828
0.0000
0.0000
9.7656
9.7656
29.2969
29.2969
53.7109
53.7109
68.3594
68.3594
73.2422
73.2422
63.4766
63.4766
48.8281
48.8281
34.1797
34.1797
39.0625
39.0625
53.7109
53.7109
78.1250
78.1250
102.5391
102.5391
107.4219
107.4219
92.7734
92.7734
53.7109
53.7109
19.5312
19.5312
0.0000
0.0000
0.0000
0.0000
0.0000
0.0000
0.0000
0.0000
14.6484
14.6484
29.2969
29.2969
34.1797
34.1797
29.2969
29.2969
19.5312
19.5312
4.8828
4.8828
0.0000
0.0000
0.0000
0.0000
4.8828
4.8828
4.8828
4.8828
0.0000
0.0000
0.0000
0.0000
0.0000
0.0000
0.0000
0.0000
0.0000
0.0000
0.0000
0.0000
0.0000
0.0000
0.0000
0.0000
0.0000
0.0000
0.0000
0.0000
0.0000
0.0000
0.0000
0.0000
0.0000
0.0000
0.0000
0.0000
0.0000
0.0000
0.0000
0.0000
0.0000
0.0000
0.0000
0.0000
0.0000
0.0000
0.0000
0.0000
0.0000
0.0000
0.0000
0.0000
0.0000
0.0000
0.0000
0.0000
0.0000
0.0000
0.0000
0.0000
14.6484
14.6484
29.2969
29.2969
29.2969
29.2969
14.6484
14.6484
0.0000
0.0000
0.0000
0.0000
0.0000
0.0000
0.0000
0.0000
0.0000
0.0000
4.8828
4.8828
24.4141
24.4141
39.0625
39.0625
34.1797
34.1797
29.2969
29.2969
19.5312
19.5312
9.7656
9.7656
14.6484
14.6484
24.4141
24.4141
39.0625
39.0625
53.7109
53.7109
58.5937
58.5937
48.8281
48.8281
34.1797
34.1797
19.5312
19.5312
14.6484
14.6484
19.5312
19.5312
34.1797
34.1797
58.5937
58.5937
73.2422
73.2422
83.0078
83.0078
68.3594
68.3594
39.0625
39.0625
4.8828
4.8828
0.0000
0.0000
0.0000
0.0000
0.0000
0.0000
0.0000
0.0000
0.0000
0.0000
0.0000
0.0000
0.0000
0.0000
0.0000
0.0000
0.0000
0.0000
0.0000
0.0000
0.0000
0.0000
0.0000
0.0000
0.0000
0.0000
0.0000
0.0000
0.0000
0.0000
0.0000
0.0000
0.0000
0.0000
0.0000
0.0000
0.0000
0.0000
0.0000
0.0000
0.0000
0.0000
0.0000
0.0000
0.0000
0.0000
0.0000
0.0000
0.0000
0.0000
0.0000
0.0000
0.0000
0.0000
0.0000
0.0000
0.0000
0.0000
0.0000
0.0000
0.0000
0.0000
0.0000
0.0000
0.0000
0.0000
0.0000
0.0000
0.0000
0.0000
0.0000
0.0000
0.0000
0.0000
0.0000
0.0000
0.0000
0.0000
4.8828
4.8828
29.2969
29.2969
43.9453
43.9453
34.1797
34.1797
19.5312
19.5312
0.0000
0.0000
0.0000
0.0000
0.0000
0.0000
0.0000
0.0000
0.0000
0.0000
0.0000
0.0000
9.7656
9.7656
14.6484
14.6484
14.6484
14.6484
9.7656
9.7656
4.8828
4.8828
9.7656
9.7656
14.6484
14.6484
24.4141
24.4141
29.2969
29.2969
34.1797
34.1797
34.1797
34.1797
29.2969
29.2969
24.4141
24.4141
24.4141
24.4141
34.1797
34.1797
48.8281
48.8281
68.3594
68.3594
83.0078
83.0078
97.6562
97.6562
107.4219
107.4219
102.5391
102.5391
83.0078
83.0078
63.4766
63.4766
43.9453
43.9453
34.1797
34.1797
24.4141
24.4141
19.5312
19.5312
14.6484
14.6484
9.7656
9.7656
4.8828
4.8828
0.0000
0.0000
0.0000
0.0000
9.7656
9.7656
24.4141
24.4141
39.0625
39.0625
53.7109
53.7109
53.7109
39.0625
39.0625
19.5312
19.5312
0.0000
0.0000
0.0000
0.0000
0.0000
0.0000
0.0000
0.0000
0.0000
0.0000
0.0000
0.0000
0.0000
0.0000
0.0000
0.0000
0.0000
0.0000
0.0000
0.0000
0.0000
0.0000
0.0000
0.0000
0.0000
0.0000
0.0000
0.0000
0.0000
0.0000
0.0000
0.0000
0.0000
0.0000
0.0000
0.0000
0.0000
0.0000
0.0000
0.0000
0.0000
0.0000
0.0000
0.0000
0.0000
0.0000
14.6484
14.6484
29.2969
29.2969
34.1797
34.1797
24.4141
24.4141
14.6484
14.6484
4.8828
4.8828
4.8828
4.8828
4.8828
4.8828
9.7656
9.7656
14.6484
14.6484
19.5312
19.5312
24.4141
24.4141
19.5312
19.5312
19.5312
19.5312
24.4141
24.4141
29.2969
29.2969
43.9453
43.9453
58.5937
58.5937
58.5937
58.5937
58.5937
58.5937
43.9453
43.9453
34.1797
34.1797
24.4141
24.4141
24.4141
24.4141
29.2969
29.2969
43.9453
43.9453
58.5937
58.5937
68.3594
68.3594
73.2422
73.2422
73.2422
73.2422
68.3594
68.3594
63.4766
63.4766
63.4766
63.4766
58.5937
58.5937
53.7109
53.7109
43.9453
43.9453
24.4141
24.4141
4.8828
4.8828
0.0000
0.0000
0.0000
0.0000
0.0000
0.0000
0.0000
0.0000
0.0000
0.0000
0.0000
0.0000
0.0000
0.0000
9.7656
9.7656
14.6484
14.6484
9.7656
9.7656
0.0000
0.0000
0.0000
0.0000
0.0000
0.0000
0.0000
0.0000
0.0000
0.0000
0.0000
0.0000
0.0000
0.0000
0.0000
0.0000
0.0000
0.0000
0.0000
0.0000
0.0000
0.0000
0.0000
0.0000
0.0000
0.0000
0.0000
0.0000
0.0000
0.0000
0.0000
0.0000
0.0000
0.0000
0.0000
0.0000
0.0000
0.0000
0.0000
0.0000
0.0000
0.0000
0.0000
0.0000
0.0000
0.0000
0.0000
0.0000
0.0000
0.0000
0.0000
0.0000
0.0000
0.0000
0.0000
0.0000
0.0000
0.0000
0.0000
0.0000
0.0000
0.0000
0.0000
0.0000
0.0000
0.0000
4.8828
4.8828
0.0000
0.0000
0.0000
0.0000
0.0000
0.0000
0.0000
0.0000
0.0000
0.0000
0.0000
0.0000
9.7656
9.7656
34.1797
34.1797
43.9453
43.9453
48.8281
48.8281
39.0625
39.0625
19.5312
19.5312
4.8828
4.8828
0.0000
0.0000
0.0000
0.0000
19.5312
19.5312
43.9453
43.9453
63.4766
63.4766
68.3594
68.3594
68.3594
68.3594
58.5937
58.5937
48.8281
48.8281
53.7109
53.7109
68.3594
68.3594
83.0078
83.0078
92.7734
92.7734
92.7734
92.7734
73.2422
73.2422
43.9453
43.9453
4.8828
4.8828
0.0000
0.0000
0.0000
0.0000
0.0000
0.0000
0.0000
0.0000
9.7656
9.7656
34.1797
34.1797
43.9453
43.9453
43.9453
43.9453
29.2969
29.2969
14.6484
14.6484
0.0000
0.0000
0.0000
0.0000
0.0000
0.0000
0.0000
0.0000
0.0000
0.0000
0.0000
0.0000
0.0000
0.0000
0.0000
0.0000
0.0000
0.0000
0.0000
0.0000
0.0000
0.0000
0.0000
0.0000
0.0000
0.0000
0.0000
0.0000
0.0000
0.0000
0.0000
0.0000
0.0000
0.0000
0.0000
0.0000
0.0000
0.0000
0.0000
0.0000
0.0000
0.0000
0.0000
0.0000
0.0000
0.0000
0.0000
0.0000
0.0000
0.0000
0.0000
0.0000
0.0000
0.0000
0.0000
0.0000
9.7656
9.7656
34.1797
34.1797
53.7109
53.7109
68.3594
68.3594
63.4766
63.4766
48.8281
48.8281
24.4141
24.4141
4.8828
4.8828
0.0000
0.0000
0.0000
0.0000
9.7656
9.7656
34.1797
34.1797
53.7109
53.7109
68.3594
68.3594
63.4766
63.4766
53.7109
53.7109
34.1797
34.1797
24.4141
24.4141
24.4141
24.4141
34.1797
34.1797
58.5937
58.5937
78.1250
78.1250
83.0078
83.0078
78.1250
78.1250
63.4766
63.4766
48.8281
48.8281
39.0625
39.0625
39.0625
39.0625
53.7109
53.7109
78.1250
78.1250
97.6562
97.6562
92.7734
92.7734
68.3594
68.3594
34.1797
34.1797
0.0000
0.0000
0.0000
0.0000
0.0000
0.0000
0.0000
0.0000
0.0000
0.0000
0.0000
0.0000
4.8828
4.8828
4.8828
4.8828
0.0000
0.0000
0.0000
0.0000
0.0000
0.0000
0.0000
0.0000
0.0000
0.0000
0.0000
0.0000
0.0000
0.0000
0.0000
0.0000
0.0000
0.0000
0.0000
0.0000
0.0000
0.0000
0.0000
0.0000
0.0000
0.0000
0.0000
0.0000
0.0000
0.0000
0.0000
0.0000
0.0000
0.0000
0.0000
0.0000
0.0000
0.0000
0.0000
0.0000
0.0000
0.0000
0.0000
0.0000
0.0000
0.0000
0.0000
0.0000
0.0000
0.0000
0.0000
0.0000
0.0000
0.0000
0.0000
0.0000
0.0000
0.0000
0.0000
0.0000
0.0000
0.0000
0.0000
0.0000
14.6484
14.6484
39.0625
39.0625
48.8281
48.8281
39.0625
39.0625
19.5312
19.5312
0.0000
0.0000
0.0000
0.0000
0.0000
0.0000
0.0000
0.0000
0.0000
0.0000
9.7656
9.7656
29.2969
29.2969
39.0625
39.0625
39.0625
39.0625
29.2969
29.2969
19.5312
19.5312
9.7656
9.7656
14.6484
14.6484
29.2969
29.2969
48.8281
48.8281
63.4766
63.4766
63.4766
63.4766
53.7109
53.7109
34.1797
34.1797
24.4141
24.4141
24.4141
24.4141
34.1797
34.1797
58.5937
58.5937
87.8906
87.8906
107.4219
107.4219
112.3047
112.3047
102.5391
102.5391
73.2422
73.2422
43.9453
43.9453
19.5312
19.5312
4.8828
4.8828
9.7656
9.7656
14.6484
14.6484
24.4141
24.4141
24.4141
24.4141
14.6484
14.6484
0.0000
0.0000
0.0000
0.0000
0.0000
0.0000
0.0000
0.0000
4.8828
4.8828
14.6484
14.6484
14.6484
14.6484
0.0000
0.0000
0.0000
0.0000
0.0000
0.0000
0.0000
0.0000
0.0000
0.0000
0.0000
0.0000
0.0000
0.0000
0.0000
0.0000
0.0000
0.0000
0.0000
0.0000
0.0000
0.0000
0.0000
0.0000
0.0000
0.0000
0.0000
0.0000
0.0000
0.0000
0.0000
0.0000
0.0000
0.0000
0.0000
0.0000
0.0000
0.0000
0.0000
0.0000
0.0000
0.0000
0.0000
0.0000
0.0000
0.0000
0.0000
0.0000
0.0000
0.0000
14.6484
14.6484
34.1797
34.1797
43.9453
43.9453
39.0625
39.0625
14.6484
14.6484
0.0000
0.0000
0.0000
0.0000
0.0000
0.0000
0.0000
0.0000
0.0000
0.0000
19.5312
19.5312
29.2969
29.2969
39.0625
39.0625
39.0625
39.0625
34.1797
34.1797
34.1797
34.1797
39.0625
39.0625
48.8281
48.8281
53.7109
53.7109
58.5937
58.5937
58.5937
58.5937
48.8281
48.8281
39.0625
39.0625
29.2969
29.2969
29.2969
29.2969
34.1797
34.1797
43.9453
43.9453
58.5937
58.5937
78.1250
78.1250
92.7734
92.7734
92.7734
92.7734
83.0078
83.0078
63.4766
63.4766
43.9453
43.9453
29.2969
29.2969
14.6484
14.6484
4.8828
4.8828
0.0000
0.0000
0.0000
0.0000
0.0000
0.0000
0.0000
0.0000
0.0000
0.0000
0.0000
0.0000
0.0000
0.0000
0.0000
0.0000
4.8828
4.8828
14.6484
14.6484
14.6484
14.6484
0.0000
0.0000
0.0000
0.0000
0.0000
0.0000
0.0000
0.0000
0.0000
0.0000
0.0000
0.0000
0.0000
0.0000
0.0000
0.0000
0.0000
0.0000
0.0000
0.0000
0.0000
0.0000
0.0000
0.0000
0.0000
0.0000
0.0000
0.0000
0.0000
0.0000
0.0000
0.0000
0.0000
0.0000
0.0000
0.0000
0.0000
0.0000
0.0000
0.0000
0.0000
0.0000
0.0000
0.0000
0.0000
0.0000
0.0000
0.0000
0.0000
0.0000
4.8828
4.8828
9.7656
9.7656
9.7656
9.7656
0.0000
0.0000
0.0000
0.0000
0.0000
0.0000
0.0000
0.0000
4.8828
4.8828
9.7656
9.7656
9.7656
9.7656
4.8828
4.8828
0.0000
0.0000
0.0000
0.0000
0.0000
0.0000
9.7656
9.7656
24.4141
24.4141
43.9453
43.9453
53.7109
53.7109
53.7109
53.7109
48.8281
48.8281
39.0625
39.0625
24.4141
24.4141
14.6484
14.6484
19.5312
19.5312
39.0625
39.0625
58.5937
58.5937
78.1250
78.1250
87.8906
87.8906
92.7734
92.7734
92.7734
92.7734
87.8906
87.8906
92.7734
92.7734
97.6562
97.6562
97.6562
97.6562
92.7734
92.7734
83.0078
83.0078
58.5937
58.5937
34.1797
34.1797
9.7656
9.7656
0.0000
0.0000
0.0000
0.0000
0.0000
0.0000
0.0000
0.0000
24.4141
24.4141
43.9453
43.9453
58.5937
58.5937
58.5937
58.5937
53.7109
53.7109
39.0625
39.0625
19.5312
19.5312
4.8828
4.8828
0.0000
0.0000
0.0000
0.0000
0.0000
0.0000
0.0000
0.0000
0.0000
0.0000
0.0000
0.0000
0.0000
0.0000
0.0000
0.0000
0.0000
0.0000
0.0000
0.0000
0.0000
0.0000
0.0000
0.0000
0.0000
0.0000
0.0000
0.0000
0.0000
0.0000
0.0000
0.0000
0.0000
0.0000
0.0000
0.0000
0.0000
0.0000
0.0000
0.0000
0.0000
0.0000
0.0000
0.0000
4.8828
4.8828
4.8828
0.0000
0.0000
4.8828
4.8828
9.7656
9.7656
9.7656
19.5312
19.5312
29.2969
29.2969
39.0625
39.0625
39.0625
39.0625
24.4141
24.4141
9.7656
0.0000
0.0000
0.0000
0.0000
0.0000
0.0000
4.8828
4.8828
4.8828
29.2969
29.2969
48.8281
48.8281
58.5937
58.5937
53.7109
53.7109
39.0625
14.6484
14.6484
4.8828
4.8828
0.0000
0.0000
9.7656
9.7656
29.2969
29.2969
53.7109
53.7109
63.4766
63.4766
58.5937
58.5937
48.8281
48.8281
39.0625
39.0625
29.2969
29.2969
34.1797
34.1797
48.8281
48.8281
63.4766
63.4766
73.2422
73.2422
63.4766
63.4766
34.1797
34.1797
0.0000
0.0000
0.0000
0.0000
0.0000
0.0000
0.0000
0.0000
0.0000
0.0000
0.0000
0.0000
0.0000
0.0000
0.0000
0.0000
0.0000
0.0000
0.0000
0.0000
0.0000
0.0000
0.0000
0.0000
0.0000
0.0000
0.0000
0.0000
0.0000
0.0000
0.0000
0.0000
0.0000
0.0000
0.0000
0.0000
0.0000
0.0000
0.0000
0.0000
0.0000
0.0000
0.0000
0.0000
0.0000
0.0000
0.0000
0.0000
0.0000
0.0000
0.0000
0.0000
0.0000
0.0000
0.0000
0.0000
0.0000
0.0000
0.0000
0.0000
0.0000
0.0000
0.0000
0.0000
0.0000
0.0000
0.0000
0.0000
0.0000
0.0000
0.0000
0.0000
0.0000
0.0000
0.0000
0.0000
0.0000
0.0000
0.0000
0.0000
0.0000
0.0000
24.4141
24.4141
43.9453
43.9453
53.7109
53.7109
43.9453
43.9453
29.2969
29.2969
4.8828
4.8828
0.0000
0.0000
0.0000
0.0000
0.0000
0.0000
4.8828
4.8828
34.1797
34.1797
53.7109
53.7109
63.4766
63.4766
53.7109
53.7109
39.0625
39.0625
24.4141
24.4141
14.6484
14.6484
19.5312
19.5312
39.0625
39.0625
63.4766
63.4766
83.0078
83.0078
87.8906
87.8906
83.0078
83.0078
68.3594
68.3594
53.7109
53.7109
48.8281
48.8281
58.5937
58.5937
78.1250
78.1250
102.5391
102.5391
122.0703
122.0703
117.1875
117.1875
87.8906
87.8906
48.8281
48.8281
14.6484
14.6484
0.0000
0.0000
0.0000
0.0000
0.0000
0.0000
14.6484
14.6484
34.1797
34.1797
43.9453
43.9453
39.0625
39.0625
29.2969
29.2969
14.6484
14.6484
9.7656
9.7656
9.7656
9.7656
19.5312
19.5312
24.4141
24.4141
24.4141
24.4141
4.8828
4.8828
0.0000
0.0000
0.0000
0.0000
0.0000
0.0000
0.0000
0.0000
0.0000
0.0000
0.0000
0.0000
0.0000
0.0000
0.0000
0.0000
0.0000
0.0000
0.0000
0.0000
0.0000
0.0000
0.0000
0.0000
0.0000
0.0000
0.0000
0.0000
0.0000
0.0000
0.0000
0.0000
0.0000
0.0000
0.0000
0.0000
0.0000
0.0000
0.0000
0.0000
0.0000
0.0000
0.0000
0.0000
0.0000
0.0000
4.8828
4.8828
29.2969
29.2969
48.8281
48.8281
53.7109
53.7109
39.0625
39.0625
14.6484
14.6484
0.0000
0.0000
0.0000
0.0000
0.0000
0.0000
0.0000
0.0000
0.0000
0.0000
24.4141
24.4141
43.9453
43.9453
48.8281
48.8281
48.8281
48.8281
39.0625
39.0625
29.2969
29.2969
29.2969
29.2969
34.1797
34.1797
48.8281
48.8281
63.4766
63.4766
68.3594
68.3594
63.4766
63.4766
53.7109
53.7109
34.1797
34.1797
24.4141
24.4141
24.4141
24.4141
39.0625
39.0625
58.5937
58.5937
78.1250
78.1250
92.7734
92.7734
87.8906
87.8906
63.4766
63.4766
29.2969
29.2969
0.0000
0.0000
0.0000
0.0000
0.0000
0.0000
0.0000
0.0000
0.0000
0.0000
0.0000
0.0000
0.0000
0.0000
0.0000
0.0000
0.0000
0.0000
0.0000
0.0000
0.0000
0.0000
0.0000
0.0000
0.0000
0.0000
0.0000
0.0000
0.0000
0.0000
0.0000
0.0000
0.0000
0.0000
0.0000
0.0000
0.0000
0.0000
0.0000
0.0000
0.0000
0.0000
0.0000
0.0000
0.0000
0.0000
0.0000
0.0000
0.0000
0.0000
0.0000
0.0000
0.0000
0.0000
0.0000
0.0000
0.0000
0.0000
0.0000
0.0000
0.0000
0.0000
0.0000
0.0000
0.0000
0.0000
0.0000
0.0000
0.0000
0.0000
0.0000
0.0000
0.0000
0.0000
0.0000
0.0000
0.0000
0.0000
0.0000
0.0000
0.0000
0.0000
9.7656
9.7656
14.6484
14.6484
4.8828
4.8828
0.0000
0.0000
0.0000
0.0000
0.0000
0.0000
0.0000
0.0000
0.0000
0.0000
0.0000
0.0000
0.0000
0.0000
9.7656
9.7656
9.7656
9.7656
14.6484
14.6484
14.6484
14.6484
24.4141
24.4141
34.1797
34.1797
43.9453
43.9453
53.7109
53.7109
53.7109
53.7109
53.7109
53.7109
43.9453
43.9453
34.1797
34.1797
34.1797
34.1797
39.0625
39.0625
48.8281
48.8281
68.3594
68.3594
83.0078
83.0078
102.5391
102.5391
112.3047
112.3047
112.3047
112.3047
102.5391
102.5391
92.7734
92.7734
73.2422
73.2422
63.4766
63.4766
53.7109
53.7109
43.9453
43.9453
39.0625
39.0625
29.2969
29.2969
19.5312
19.5312
9.7656
9.7656
9.7656
9.7656
14.6484
14.6484
24.4141
24.4141
43.9453
43.9453
63.4766
63.4766
68.3594
68.3594
63.4766
63.4766
43.9453
43.9453
14.6484
14.6484
0.0000
0.0000
0.0000
0.0000
0.0000
0.0000
0.0000
0.0000
0.0000
0.0000
0.0000
0.0000
0.0000
0.0000
0.0000
0.0000
0.0000
0.0000
0.0000
0.0000
0.0000
0.0000
0.0000
0.0000
0.0000
0.0000
0.0000
0.0000
0.0000
0.0000
0.0000
0.0000
0.0000
0.0000
0.0000
0.0000
0.0000
0.0000
0.0000
0.0000
0.0000
0.0000
0.0000
0.0000
9.7656
9.7656
19.5312
19.5312
29.2969
29.2969
24.4141
24.4141
19.5312
19.5312
19.5312
19.5312
14.6484
14.6484
19.5312
19.5312
24.4141
24.4141
24.4141
24.4141
24.4141
24.4141
14.6484
14.6484
9.7656
9.7656
4.8828
4.8828
9.7656
9.7656
19.5312
19.5312
34.1797
34.1797
48.8281
48.8281
53.7109
53.7109
53.7109
53.7109
39.0625
39.0625
24.4141
24.4141
9.7656
9.7656
4.8828
4.8828
9.7656
9.7656
24.4141
24.4141
43.9453
43.9453
58.5937
58.5937
63.4766
63.4766
58.5937
58.5937
53.7109
53.7109
48.8281
48.8281
53.7109
53.7109
53.7109
53.7109
58.5937
58.5937
58.5937
58.5937
43.9453
43.9453
19.5312
19.5312
0.0000
0.0000
0.0000
0.0000
0.0000
0.0000
0.0000
0.0000
0.0000
0.0000
0.0000
0.0000
0.0000
0.0000
0.0000
0.0000
4.8828
4.8828
4.8828
4.8828
0.0000
0.0000
0.0000
0.0000
0.0000
0.0000
0.0000
0.0000
0.0000
0.0000
0.0000
0.0000
0.0000
0.0000
0.0000
0.0000
0.0000
0.0000
0.0000
0.0000
0.0000
0.0000
0.0000
0.0000
0.0000
0.0000
0.0000
0.0000
0.0000
0.0000
0.0000
0.0000
0.0000
0.0000
0.0000
0.0000
0.0000
0.0000
0.0000
0.0000
0.0000
0.0000
0.0000
0.0000
0.0000
0.0000
0.0000
0.0000
0.0000
0.0000
0.0000
0.0000
0.0000
0.0000
0.0000
0.0000
0.0000
0.0000
0.0000
0.0000
0.0000
0.0000
0.0000
0.0000
19.5312
19.5312
19.5312
19.5312
19.5312
19.5312
0.0000
0.0000
0.0000
0.0000
0.0000
0.0000
0.0000
0.0000
0.0000
0.0000
0.0000
0.0000
24.4141
24.4141
43.9453
43.9453
53.7109
53.7109
43.9453
43.9453
29.2969
29.2969
9.7656
9.7656
4.8828
4.8828
9.7656
9.7656
24.4141
24.4141
43.9453
43.9453
63.4766
63.4766
73.2422
73.2422
73.2422
73.2422
58.5937
58.5937
48.8281
48.8281
48.8281
48.8281
63.4766
63.4766
83.0078
83.0078
97.6562
97.6562
107.4219
107.4219
92.7734
92.7734
68.3594
68.3594
29.2969
29.2969
0.0000
0.0000
0.0000
0.0000
0.0000
0.0000
0.0000
0.0000
19.5312
19.5312
43.9453
43.9453
53.7109
53.7109
53.7109
53.7109
43.9453
43.9453
29.2969
29.2969
14.6484
14.6484
4.8828
4.8828
4.8828
4.8828
4.8828
4.8828
0.0000
0.0000
0.0000
0.0000
0.0000
0.0000
0.0000
0.0000
0.0000
0.0000
0.0000
0.0000
0.0000
0.0000
0.0000
0.0000
0.0000
0.0000
0.0000
0.0000
0.0000
0.0000
0.0000
0.0000
0.0000
0.0000
0.0000
0.0000
0.0000
0.0000
0.0000
0.0000
0.0000
0.0000
0.0000
0.0000
4.8828
4.8828
9.7656
9.7656
9.7656
9.7656
0.0000
0.0000
0.0000
0.0000
0.0000
0.0000
4.8828
4.8828
29.2969
29.2969
53.7109
53.7109
73.2422
73.2422
78.1250
78.1250
63.4766
63.4766
39.0625
39.0625
9.7656
9.7656
0.0000
0.0000
0.0000
0.0000
0.0000
0.0000
24.4141
24.4141
53.7109
53.7109
68.3594
68.3594
68.3594
68.3594
58.5937
58.5937
39.0625
39.0625
24.4141
24.4141
19.5312
19.5312
29.2969
29.2969
43.9453
43.9453
63.4766
63.4766
78.1250
78.1250
73.2422
63.4766
63.4766
63.4766
43.9453
43.9453
34.1797
34.1797
29.2969
29.2969
39.0625
39.0625
63.4766
63.4766
87.8906
87.8906
97.6562
97.6562
87.8906
87.8906
58.5937
14.6484
14.6484
0.0000
0.0000
0.0000
0.0000
0.0000
0.0000
0.0000
0.0000
0.0000
0.0000
0.0000
0.0000
0.0000
0.0000
0.0000
0.0000
0.0000
0.0000
0.0000
0.0000
0.0000
0.0000
0.0000
0.0000
0.0000
0.0000
0.0000
0.0000
0.0000
0.0000
0.0000
0.0000
0.0000
0.0000
0.0000
0.0000
0.0000
0.0000
0.0000
0.0000
4.8828
4.8828
53.7109
53.7109
39.0625
39.0625
0.0000
0.0000
0.0000
0.0000
0.0000
0.0000
0.0000
0.0000
0.0000
0.0000
0.0000
0.0000
0.0000
0.0000
0.0000
0.0000
0.0000
0.0000
0.0000
0.0000
0.0000
0.0000
0.0000
0.0000
0.0000
0.0000
0.0000
0.0000
0.0000
0.0000
0.0000
0.0000
0.0000
0.0000
0.0000
0.0000
0.0000
0.0000
0.0000
0.0000
0.0000
0.0000
0.0000
0.0000
0.0000
0.0000
0.0000
0.0000
0.0000
0.0000
0.0000
0.0000
0.0000
0.0000
107.4219
107.4219
214.8437
214.8437
302.7344
302.7344
385.7422
385.7422
468.7500
468.7500
537.1094
537.1094
541.9922
541.9922
449.2187
449.2187
229.4922
229.4922
0.0000
0.0000
0.0000
0.0000
0.0000
0.0000
0.0000
0.0000
0.0000
0.0000
0.0000
0.0000
0.0000
0.0000
0.0000
0.0000
0.0000
0.0000
0.0000
0.0000
0.0000
0.0000
0.0000
0.0000
0.0000
0.0000
0.0000
0.0000
0.0000
0.0000
0.0000
0.0000
0.0000
0.0000
0.0000
0.0000
0.0000
0.0000
0.0000
0.0000
0.0000
0.0000
0.0000
0.0000
0.0000
0.0000
0.0000
0.0000
0.0000
0.0000
0.0000
0.0000
0.0000
0.0000
0.0000
0.0000
117.1875
117.1875
249.0234
249.0234
361.3281
361.3281
458.9844
458.9844
561.5234
561.5234
668.9453
668.9453
761.7187
761.7187
830.0781
830.0781
864.2578
864.2578
849.6094
849.6094
756.8359
756.8359
556.6406
556.6406
244.1406
244.1406
0.0000
0.0000
0.0000
0.0000
0.0000
0.0000
0.0000
0.0000
0.0000
0.0000
0.0000
0.0000
0.0000
0.0000
0.0000
0.0000
0.0000
0.0000
0.0000
0.0000
0.0000
0.0000
0.0000
0.0000
0.0000
0.0000
0.0000
0.0000
0.0000
0.0000
0.0000
0.0000
0.0000
0.0000
0.0000
0.0000
0.0000
0.0000
0.0000
0.0000
0.0000
0.0000
0.0000
0.0000
0.0000
0.0000
0.0000
0.0000
19.5312
19.5312
244.1406
244.1406
449.2187
449.2187
629.8828
629.8828
795.8984
795.8984
952.1484
952.1484
1083.9844
1083.9844
1210.9375
1210.9375
1318.3594
1318.3594
1401.3672
1401.3672
1455.0781
1455.0781
1484.3750
1484.3750
1513.6719
1513.6719
1528.3203
1528.3203
1489.2578
1489.2578
1337.8906
1337.8906
1054.6875
1054.6875
625.0000
625.0000
83.0078
83.0078
0.0000
0.0000
0.0000
0.0000
0.0000
0.0000
0.0000
0.0000
0.0000
0.0000
0.0000
0.0000
0.0000
0.0000
0.0000
0.0000
0.0000
0.0000
0.0000
0.0000
0.0000
0.0000
0.0000
0.0000
0.0000
0.0000
0.0000
0.0000
0.0000
0.0000
0.0000
0.0000
0.0000
0.0000
0.0000
0.0000
0.0000
0.0000
0.0000
0.0000
0.0000
0.0000
0.0000
0.0000
0.0000
0.0000
195.3125
195.3125
439.4531
439.4531
654.2969
654.2969
830.0781
830.0781
986.3281
986.3281
1118.1641
1118.1641
1245.1172
1245.1172
1372.0703
1372.0703
1499.0234
1499.0234
1616.2109
1616.2109
