561.5234
561.5234
493.1641
493.1641
371.0937
371.0937
175.7812
175.7812
0.0000
0.0000
0.0000
0.0000
0.0000
0.0000
0.0000
0.0000
0.0000
0.0000
0.0000
0.0000
0.0000
0.0000
0.0000
0.0000
0.0000
0.0000
0.0000
0.0000
0.0000
0.0000
0.0000
0.0000
0.0000
0.0000
0.0000
0.0000
102.5391
102.5391
263.6719
263.6719
366.2109
366.2109
410.1562
410.1562
400.3906
400.3906
356.4453
356.4453
346.6797
346.6797
332.0312
332.0312
332.0312
332.0312
356.4453
356.4453
361.3281
361.3281
395.5078
395.5078
415.0391
415.0391
439.4531
439.4531
463.8672
463.8672
473.6328
473.6328
473.6328
473.6328
410.1562
410.1562
312.5000
312.5000
170.8984
170.8984
0.0000
0.0000
0.0000
0.0000
0.0000
0.0000
0.0000
0.0000
0.0000
0.0000
0.0000
0.0000
0.0000
0.0000
0.0000
0.0000
0.0000
0.0000
0.0000
0.0000
0.0000
0.0000
0.0000
0.0000
0.0000
0.0000
175.7812
175.7812
375.9766
375.9766
517.5781
517.5781
615.2344
615.2344
610.3516
610.3516
546.8750
546.8750
498.0469
498.0469
434.5703
434.5703
429.6875
429.6875
429.6875
429.6875
449.2187
449.2187
473.6328
473.6328
488.2812
488.2812
522.4609
522.4609
541.9922
541.9922
556.6406
556.6406
566.4062
566.4062
546.8750
546.8750
546.8750
546.8750
463.8672
463.8672
361.3281
361.3281
175.7812
175.7812
0.0000
0.0000
0.0000
0.0000
0.0000
0.0000
0.0000
0.0000
0.0000
0.0000
0.0000
0.0000
0.0000
0.0000
0.0000
0.0000
0.0000
0.0000
0.0000
0.0000
0.0000
0.0000
0.0000
0.0000
14.6484
14.6484
263.6719
263.6719
463.8672
463.8672
571.2891
571.2891
625.0000
625.0000
610.3516
610.3516
541.9922
541.9922
478.5156
478.5156
434.5703
434.5703
454.1016
454.1016
468.7500
468.7500
483.3984
483.3984
498.0469
498.0469
498.0469
498.0469
527.3437
527.3437
541.9922
541.9922
551.7578
551.7578
541.9922
541.9922
493.1641
493.1641
415.0391
415.0391
288.0859
288.0859
14.6484
14.6484
0.0000
0.0000
0.0000
0.0000
0.0000
0.0000
0.0000
0.0000
0.0000
0.0000
0.0000
0.0000
0.0000
0.0000
0.0000
0.0000
0.0000
0.0000
0.0000
0.0000
0.0000
0.0000
0.0000
0.0000
209.9609
209.9609
444.3359
444.3359
585.9375
585.9375
668.9453
668.9453
654.2969
654.2969
595.7031
595.7031
532.2266
532.2266
483.3984
483.3984
468.7500
468.7500
439.4531
439.4531
449.2187
449.2187
473.6328
473.6328
488.2812
488.2812
512.6953
512.6953
517.5781
517.5781
551.7578
551.7578
576.1719
576.1719
585.9375
585.9375
576.1719
576.1719
517.5781
517.5781
424.8047
424.8047
278.3203
278.3203
9.7656
9.7656
0.0000
0.0000
0.0000
0.0000
0.0000
0.0000
0.0000
0.0000
0.0000
0.0000
0.0000
0.0000
0.0000
0.0000
0.0000
0.0000
0.0000
0.0000
0.0000
0.0000
0.0000
0.0000
0.0000
0.0000
0.0000
0.0000
131.8359
131.8359
302.7344
302.7344
429.6875
429.6875
458.9844
458.9844
458.9844
458.9844
424.8047
424.8047
371.0937
371.0937
361.3281
361.3281
346.6797
346.6797
361.3281
361.3281
380.8594
380.8594
415.0391
415.0391
444.3359
444.3359
434.5703
434.5703
444.3359
444.3359
473.6328
473.6328
483.3984
483.3984
468.7500
468.7500
385.7422
385.7422
268.5547
268.5547
58.5937
58.5937
0.0000
0.0000
0.0000
0.0000
0.0000
0.0000
0.0000
0.0000
0.0000
0.0000
0.0000
0.0000
0.0000
0.0000
0.0000
0.0000
0.0000
0.0000
0.0000
0.0000
0.0000
0.0000
0.0000
0.0000
0.0000
0.0000
185.5469
185.5469
375.9766
375.9766
502.9297
502.9297
561.5234
561.5234
517.5781
517.5781
468.7500
468.7500
429.6875
429.6875
410.1562
410.1562
400.3906
400.3906
395.5078
395.5078
419.9219
419.9219
444.3359
444.3359
449.2187
449.2187
473.6328
473.6328
483.3984
483.3984
517.5781
517.5781
556.6406
556.6406
546.8750
546.8750
498.0469
498.0469
361.3281
361.3281
214.8437
214.8437
0.0000
0.0000
0.0000
0.0000
0.0000
0.0000
0.0000
0.0000
0.0000
0.0000
0.0000
0.0000
0.0000
0.0000
0.0000
0.0000
0.0000
0.0000
0.0000
0.0000
0.0000
0.0000
0.0000
0.0000
0.0000
0.0000
0.0000
0.0000
107.4219
107.4219
312.5000
312.5000
439.4531
439.4531
522.4609
522.4609
502.9297
502.9297
468.7500
468.7500
439.4531
439.4531
400.3906
400.3906
395.5078
395.5078
390.6250
390.6250
405.2734
405.2734
439.4531
439.4531
463.8672
463.8672
493.1641
493.1641
512.6953
512.6953
522.4609
522.4609
517.5781
517.5781
458.9844
458.9844
385.7422
385.7422
249.0234
249.0234
0.0000
0.0000
0.0000
0.0000
0.0000
0.0000
0.0000
0.0000
0.0000
0.0000
0.0000
0.0000
0.0000
0.0000
0.0000
0.0000
0.0000
0.0000
0.0000
0.0000
0.0000
0.0000
0.0000
0.0000
0.0000
0.0000
117.1875
307.6172
307.6172
478.5156
478.5156
571.2891
571.2891
571.2891
571.2891
571.2891
537.1094
537.1094
473.6328
473.6328
424.8047
424.8047
410.1562
415.0391
415.0391
449.2187
449.2187
458.9844
458.9844
478.5156
478.5156
507.8125
507.8125
517.5781
517.5781
546.8750
546.8750
551.7578
551.7578
571.2891
571.2891
600.5859
600.5859
600.5859
600.5859
512.6953
512.6953
351.5625
351.5625
151.3672
151.3672
0.0000
0.0000
0.0000
0.0000
0.0000
0.0000
0.0000
0.0000
0.0000
0.0000
0.0000
0.0000
0.0000
0.0000
0.0000
0.0000
0.0000
0.0000
0.0000
0.0000
0.0000
0.0000
0.0000
0.0000
0.0000
0.0000
190.4297
190.4297
380.8594
380.8594
527.3437
527.3437
600.5859
600.5859
600.5859
600.5859
551.7578
551.7578
493.1641
493.1641
468.7500
468.7500
444.3359
444.3359
444.3359
444.3359
449.2187
449.2187
463.8672
463.8672
507.8125
507.8125
532.2266
532.2266
556.6406
556.6406
561.5234
561.5234
585.9375
585.9375
576.1719
576.1719
512.6953
512.6953
449.2187
449.2187
317.3828
317.3828
0.0000
0.0000
0.0000
0.0000
0.0000
0.0000
0.0000
0.0000
0.0000
0.0000
0.0000
0.0000
0.0000
0.0000
0.0000
0.0000
0.0000
0.0000
0.0000
0.0000
0.0000
0.0000
0.0000
0.0000
29.2969
29.2969
273.4375
273.4375
468.7500
468.7500
600.5859
600.5859
678.7109
678.7109
644.5312
644.5312
581.0547
581.0547
512.6953
512.6953
454.1016
454.1016
444.3359
444.3359
434.5703
434.5703
468.7500
468.7500
493.1641
493.1641
507.8125
507.8125
541.9922
541.9922
551.7578
551.7578
576.1719
576.1719
585.9375
585.9375
595.7031
595.7031
600.5859
600.5859
551.7578
551.7578
429.6875
429.6875
268.5547
268.5547
0.0000
0.0000
0.0000
0.0000
0.0000
0.0000
0.0000
0.0000
0.0000
0.0000
0.0000
0.0000
0.0000
0.0000
0.0000
0.0000
0.0000
0.0000
0.0000
0.0000
0.0000
0.0000
0.0000
0.0000
0.0000
0.0000
0.0000
0.0000
34.1797
34.1797
209.9609
209.9609
356.4453
356.4453
429.6875
429.6875
434.5703
434.5703
395.5078
395.5078
346.6797
346.6797
332.0312
332.0312
327.1484
327.1484
351.5625
351.5625
375.9766
375.9766
385.7422
385.7422
410.1562
410.1562
424.8047
424.8047
468.7500
468.7500
502.9297
502.9297
478.5156
478.5156
483.3984
483.3984
424.8047
424.8047
346.6797
346.6797
161.1328
161.1328
0.0000
0.0000
0.0000
0.0000
0.0000
0.0000
0.0000
0.0000
0.0000
0.0000
0.0000
0.0000
0.0000
0.0000
0.0000
0.0000
0.0000
0.0000
0.0000
0.0000
0.0000
0.0000
0.0000
0.0000
0.0000
0.0000
83.0078
83.0078
268.5547
268.5547
385.7422
385.7422
444.3359
444.3359
449.2187
449.2187
429.6875
429.6875
390.6250
390.6250
346.6797
346.6797
356.4453
356.4453
361.3281
361.3281
395.5078
395.5078
439.4531
439.4531
444.3359
444.3359
483.3984
483.3984
493.1641
493.1641
512.6953
512.6953
537.1094
537.1094
541.9922
541.9922
561.5234
561.5234
541.9922
541.9922
493.1641
493.1641
400.3906
400.3906
195.3125
195.3125
0.0000
0.0000
0.0000
0.0000
0.0000
0.0000
0.0000
0.0000
0.0000
0.0000
0.0000
0.0000
0.0000
0.0000
0.0000
0.0000
0.0000
0.0000
0.0000
0.0000
0.0000
0.0000
0.0000
0.0000
0.0000
0.0000
209.9609
209.9609
371.0937
371.0937
483.3984
483.3984
527.3437
527.3437
527.3437
527.3437
498.0469
498.0469
449.2187
449.2187
434.5703
434.5703
434.5703
434.5703
449.2187
449.2187
473.6328
473.6328
478.5156
478.5156
493.1641
493.1641
507.8125
507.8125
546.8750
546.8750
566.4062
566.4062
532.2266
532.2266
478.5156
478.5156
400.3906
400.3906
239.2578
239.2578
0.0000
0.0000
0.0000
0.0000
0.0000
0.0000
0.0000
0.0000
0.0000
0.0000
0.0000
0.0000
0.0000
0.0000
0.0000
0.0000
0.0000
0.0000
0.0000
0.0000
0.0000
0.0000
0.0000
0.0000
0.0000
0.0000
170.8984
170.8984
380.8594
380.8594
541.9922
541.9922
605.4687
605.4687
629.8828
629.8828
595.7031
595.7031
541.9922
541.9922
502.9297
502.9297
463.8672
463.8672
473.6328
473.6328
483.3984
483.3984
498.0469
498.0469
522.4609
522.4609
527.3437
527.3437
551.7578
551.7578
566.4062
566.4062
600.5859
600.5859
620.1172
620.1172
581.0547
581.0547
493.1641
493.1641
395.5078
395.5078
263.6719
263.6719
9.7656
9.7656
0.0000
0.0000
0.0000
0.0000
0.0000
0.0000
0.0000
0.0000
0.0000
0.0000
0.0000
0.0000
0.0000
0.0000
0.0000
0.0000
0.0000
0.0000
0.0000
0.0000
0.0000
0.0000
0.0000
0.0000
166.0156
166.0156
356.4453
356.4453
502.9297
502.9297
571.2891
571.2891
571.2891
571.2891
532.2266
532.2266
483.3984
483.3984
454.1016
454.1016
424.8047
424.8047
419.9219
419.9219
434.5703
434.5703
468.7500
468.7500
512.6953
512.6953
527.3437
527.3437
546.8750
546.8750
566.4062
566.4062
571.2891
571.2891
556.6406
556.6406
502.9297
502.9297
439.4531
439.4531
292.9687
292.9687
0.0000
0.0000
0.0000
0.0000
0.0000
0.0000
0.0000
0.0000
0.0000
0.0000
0.0000
0.0000
0.0000
0.0000
0.0000
0.0000
0.0000
0.0000
0.0000
0.0000
0.0000
0.0000
0.0000
0.0000
166.0156
166.0156
400.3906
400.3906
581.0547
581.0547
683.5937
683.5937
717.7734
717.7734
654.2969
654.2969
566.4062
566.4062
493.1641
493.1641
454.1016
454.1016
458.9844
458.9844
463.8672
463.8672
483.3984
483.3984
502.9297
502.9297
522.4609
522.4609
546.8750
546.8750
551.7578
551.7578
561.5234
561.5234
595.7031
595.7031
610.3516
610.3516
585.9375
585.9375
488.2812
488.2812
351.5625
351.5625
205.0781
205.0781
0.0000
0.0000
0.0000
0.0000
0.0000
0.0000
0.0000
0.0000
0.0000
0.0000
0.0000
0.0000
0.0000
0.0000
0.0000
0.0000
0.0000
0.0000
0.0000
0.0000
0.0000
0.0000
0.0000
0.0000
0.0000
0.0000
112.3047
112.3047
322.2656
322.2656
463.8672
463.8672
532.2266
532.2266
527.3437
527.3437
468.7500
468.7500
424.8047
424.8047
385.7422
385.7422
366.2109
366.2109
361.3281
361.3281
375.9766
375.9766
410.1562
410.1562
424.8047
424.8047
463.8672
463.8672
488.2812
488.2812
483.3984
483.3984
488.2812
488.2812
449.2187
449.2187
366.2109
366.2109
258.7891
258.7891
48.8281
48.8281
0.0000
0.0000
0.0000
0.0000
0.0000
0.0000
0.0000
0.0000
0.0000
0.0000
0.0000
0.0000
0.0000
0.0000
0.0000
0.0000
0.0000
0.0000
0.0000
0.0000
0.0000
0.0000
0.0000
0.0000
48.8281
48.8281
278.3203
278.3203
429.6875
429.6875
546.8750
546.8750
556.6406
556.6406
522.4609
522.4609
463.8672
463.8672
390.6250
390.6250
356.4453
356.4453
341.7969
341.7969
361.3281
361.3281
400.3906
400.3906
419.9219
419.9219
439.4531
439.4531
463.8672
463.8672
473.6328
473.6328
493.1641
493.1641
488.2812
488.2812
507.8125
507.8125
483.3984
483.3984
410.1562
410.1562
307.6172
307.6172
83.0078
83.0078
0.0000
0.0000
0.0000
0.0000
0.0000
0.0000
0.0000
0.0000
0.0000
0.0000
0.0000
0.0000
0.0000
0.0000
0.0000
0.0000
0.0000
0.0000
0.0000
0.0000
0.0000
0.0000
0.0000
0.0000
0.0000
0.0000
97.6562
97.6562
263.6719
263.6719
371.0937
371.0937
405.2734
405.2734
380.8594
380.8594
336.9141
336.9141
292.9687
292.9687
292.9687
292.9687
297.8516
297.8516
332.0312
332.0312
366.2109
366.2109
366.2109
366.2109
385.7422
385.7422
405.2734
405.2734
434.5703
434.5703
458.9844
458.9844
458.9844
458.9844
415.0391
415.0391
322.2656
322.2656
195.3125
195.3125
0.0000
0.0000
0.0000
0.0000
0.0000
0.0000
0.0000
0.0000
0.0000
0.0000
0.0000
0.0000
0.0000
0.0000
0.0000
0.0000
0.0000
0.0000
0.0000
0.0000
0.0000
0.0000
0.0000
0.0000
0.0000
0.0000
73.2422
73.2422
278.3203
278.3203
444.3359
444.3359
522.4609
522.4609
527.3437
527.3437
483.3984
483.3984
434.5703
434.5703
400.3906
400.3906
375.9766
375.9766
385.7422
385.7422
385.7422
385.7422
415.0391
415.0391
444.3359
444.3359
454.1016
454.1016
488.2812
488.2812
502.9297
502.9297
527.3437
527.3437
551.7578
551.7578
517.5781
517.5781
434.5703
434.5703
302.7344
302.7344
185.5469
185.5469
0.0000
0.0000
0.0000
0.0000
0.0000
0.0000
0.0000
0.0000
0.0000
0.0000
0.0000
0.0000
0.0000
0.0000
0.0000
0.0000
0.0000
0.0000
0.0000
0.0000
0.0000
0.0000
0.0000
0.0000
0.0000
0.0000
0.0000
0.0000
205.0781
205.0781
385.7422
385.7422
483.3984
483.3984
522.4609
522.4609
488.2812
488.2812
444.3359
444.3359
424.8047
424.8047
380.8594
380.8594
371.0937
390.6250
390.6250
434.5703
434.5703
434.5703
468.7500
468.7500
473.6328
473.6328
498.0469
498.0469
507.8125
507.8125
527.3437
527.3437
522.4609
522.4609
473.6328
473.6328
405.2734
278.3203
278.3203
0.0000
0.0000
0.0000
0.0000
0.0000
0.0000
0.0000
0.0000
0.0000
0.0000
0.0000
0.0000
0.0000
0.0000
0.0000
0.0000
0.0000
0.0000
0.0000
0.0000
0.0000
0.0000
0.0000
0.0000
0.0000
0.0000
0.0000
234.3750
234.3750
444.3359
444.3359
590.8203
678.7109
678.7109
678.7109
644.5312
590.8203
590.8203
522.4609
522.4609
473.6328
473.6328
454.1016
454.1016
458.9844
458.9844
478.5156
478.5156
483.3984
483.3984
502.9297
502.9297
537.1094
537.1094
546.8750
546.8750
561.5234
561.5234
581.0547
581.0547
590.8203
590.8203
585.9375
585.9375
478.5156
478.5156
351.5625
351.5625
175.7812
175.7812
0.0000
0.0000
0.0000
0.0000
0.0000
0.0000
0.0000
0.0000
0.0000
0.0000
0.0000
0.0000
0.0000
0.0000
0.0000
0.0000
0.0000
0.0000
0.0000
0.0000
0.0000
0.0000
0.0000
0.0000
0.0000
0.0000
126.9531
126.9531
327.1484
327.1484
463.8672
463.8672
556.6406
556.6406
551.7578
551.7578
502.9297
502.9297
458.9844
458.9844
410.1562
410.1562
400.3906
400.3906
395.5078
395.5078
415.0391
415.0391
449.2187
449.2187
473.6328
473.6328
512.6953
512.6953
522.4609
522.4609
527.3437
527.3437
532.2266
532.2266
512.6953
512.6953
468.7500
468.7500
361.3281
361.3281
195.3125
195.3125
0.0000
0.0000
0.0000
0.0000
0.0000
0.0000
0.0000
0.0000
0.0000
0.0000
0.0000
0.0000
0.0000
0.0000
0.0000
0.0000
0.0000
0.0000
0.0000
0.0000
0.0000
0.0000
0.0000
0.0000
0.0000
0.0000
166.0156
166.0156
385.7422
385.7422
541.9922
541.9922
620.1172
620.1172
634.7656
634.7656
571.2891
571.2891
478.5156
478.5156
424.8047
424.8047
405.2734
405.2734
419.9219
419.9219
444.3359
444.3359
458.9844
458.9844
478.5156
478.5156
483.3984
483.3984
507.8125
507.8125
517.5781
517.5781
546.8750
546.8750
571.2891
571.2891
522.4609
522.4609
434.5703
434.5703
283.2031
283.2031
83.0078
83.0078
0.0000
0.0000
0.0000
0.0000
0.0000
0.0000
0.0000
0.0000
0.0000
0.0000
0.0000
0.0000
0.0000
0.0000
0.0000
0.0000
0.0000
0.0000
0.0000
0.0000
0.0000
0.0000
0.0000
0.0000
0.0000
0.0000
43.9453
43.9453
224.6094
224.6094
375.9766
375.9766
444.3359
444.3359
478.5156
478.5156
449.2187
449.2187
415.0391
415.0391
375.9766
375.9766
361.3281
361.3281
375.9766
375.9766
380.8594
380.8594
395.5078
395.5078
424.8047
424.8047
439.4531
439.4531
483.3984
483.3984
517.5781
517.5781
517.5781
517.5781
493.1641
493.1641
429.6875
429.6875
351.5625
351.5625
200.1953
200.1953
0.0000
0.0000
0.0000
0.0000
0.0000
0.0000
0.0000
0.0000
0.0000
0.0000
0.0000
0.0000
0.0000
0.0000
0.0000
0.0000
0.0000
0.0000
0.0000
0.0000
0.0000
0.0000
0.0000
0.0000
0.0000
0.0000
126.9531
126.9531
341.7969
341.7969
488.2812
488.2812
581.0547
581.0547
581.0547
581.0547
532.2266
532.2266
483.3984
483.3984
429.6875
429.6875
405.2734
405.2734
400.3906
400.3906
424.8047
424.8047
458.9844
458.9844
488.2812
488.2812
522.4609
522.4609
522.4609
522.4609
541.9922
541.9922
556.6406
556.6406
551.7578
551.7578
527.3437
527.3437
415.0391
415.0391
307.6172
307.6172
117.1875
117.1875
0.0000
0.0000
0.0000
0.0000
0.0000
0.0000
0.0000
0.0000
0.0000
0.0000
0.0000
0.0000
0.0000
0.0000
0.0000
0.0000
0.0000
0.0000
0.0000
0.0000
0.0000
0.0000
0.0000
0.0000
0.0000
0.0000
87.8906
87.8906
283.2031
283.2031
415.0391
415.0391
498.0469
498.0469
488.2812
488.2812
463.8672
463.8672
424.8047
424.8047
395.5078
395.5078
395.5078
395.5078
390.6250
390.6250
429.6875
429.6875
444.3359
444.3359
458.9844
458.9844
478.5156
478.5156
488.2812
488.2812
527.3437
527.3437
537.1094
537.1094
512.6953
512.6953
444.3359
444.3359
317.3828
317.3828
97.6562
97.6562
0.0000
0.0000
0.0000
0.0000
0.0000
0.0000
0.0000
0.0000
0.0000
0.0000
0.0000
0.0000
0.0000
0.0000
0.0000
0.0000
0.0000
0.0000
0.0000
0.0000
0.0000
0.0000
0.0000
0.0000
0.0000
0.0000
92.7734
92.7734
283.2031
283.2031
415.0391
415.0391
488.2812
488.2812
493.1641
493.1641
458.9844
458.9844
434.5703
434.5703
405.2734
405.2734
400.3906
400.3906
410.1562
410.1562
415.0391
415.0391
444.3359
444.3359
473.6328
473.6328
502.9297
502.9297
527.3437
527.3437
527.3437
527.3437
556.6406
556.6406
561.5234
561.5234
522.4609
522.4609
424.8047
424.8047
283.2031
283.2031
107.4219
107.4219
0.0000
0.0000
0.0000
0.0000
0.0000
0.0000
0.0000
0.0000
0.0000
0.0000
0.0000
0.0000
0.0000
0.0000
0.0000
0.0000
0.0000
0.0000
0.0000
0.0000
0.0000
0.0000
0.0000
0.0000
0.0000
0.0000
73.2422
73.2422
268.5547
268.5547
415.0391
415.0391
488.2812
488.2812
512.6953
512.6953
458.9844
458.9844
434.5703
434.5703
415.0391
415.0391
400.3906
400.3906
424.8047
424.8047
434.5703
434.5703
463.8672
463.8672
483.3984
483.3984
493.1641
493.1641
522.4609
522.4609
522.4609
522.4609
541.9922
541.9922
517.5781
517.5781
439.4531
439.4531
341.7969
341.7969
122.0703
122.0703
0.0000
0.0000
0.0000
0.0000
0.0000
0.0000
0.0000
0.0000
0.0000
0.0000
0.0000
0.0000
0.0000
0.0000
0.0000
0.0000
0.0000
0.0000
0.0000
0.0000
0.0000
0.0000
0.0000
0.0000
0.0000
0.0000
219.7266
219.7266
395.5078
395.5078
546.8750
546.8750
615.2344
615.2344
615.2344
615.2344
566.4062
566.4062
502.9297
502.9297
473.6328
473.6328
483.3984
483.3984
498.0469
498.0469
512.6953
512.6953
517.5781
517.5781
546.8750
546.8750
561.5234
561.5234
566.4062
566.4062
581.0547
581.0547
581.0547
581.0547
590.8203
590.8203
556.6406
556.6406
463.8672
463.8672
366.2109
366.2109
126.9531
126.9531
0.0000
0.0000
0.0000
0.0000
0.0000
0.0000
0.0000
0.0000
0.0000
0.0000
0.0000
0.0000
0.0000
0.0000
0.0000
0.0000
0.0000
0.0000
0.0000
0.0000
0.0000
0.0000
0.0000
0.0000
4.8828
4.8828
234.3750
234.3750
395.5078
395.5078
512.6953
512.6953
576.1719
576.1719
561.5234
561.5234
541.9922
541.9922
498.0469
498.0469
478.5156
478.5156
463.8672
463.8672
463.8672
463.8672
493.1641
493.1641
488.2812
488.2812
512.6953
512.6953
532.2266
532.2266
566.4062
566.4062
576.1719
576.1719
566.4062
566.4062
546.8750
546.8750
473.6328
473.6328
361.3281
361.3281
180.6641
180.6641
0.0000
0.0000
0.0000
0.0000
0.0000
0.0000
0.0000
0.0000
0.0000
0.0000
0.0000
0.0000
0.0000
0.0000
0.0000
0.0000
0.0000
0.0000
0.0000
0.0000
0.0000
0.0000
0.0000
0.0000
39.0625
39.0625
283.2031
283.2031
463.8672
463.8672
585.9375
585.9375
644.5312
644.5312
634.7656
634.7656
576.1719
576.1719
512.6953
512.6953
463.8672
463.8672
439.4531
439.4531
468.7500
468.7500
473.6328
473.6328
512.6953
512.6953
527.3437
527.3437
532.2266
532.2266
561.5234
561.5234
556.6406
556.6406
585.9375
585.9375
576.1719
576.1719
527.3437
527.3437
449.2187
449.2187
351.5625
351.5625
92.7734
92.7734
0.0000
0.0000
0.0000
0.0000
0.0000
0.0000
0.0000
0.0000
0.0000
0.0000
0.0000
0.0000
0.0000
0.0000
0.0000
0.0000
0.0000
0.0000
0.0000
0.0000
0.0000
0.0000
0.0000
0.0000
117.1875
117.1875
327.1484
327.1484
493.1641
493.1641
576.1719
576.1719
571.2891
571.2891
556.6406
556.6406
507.8125
507.8125
468.7500
468.7500
444.3359
444.3359
429.6875
429.6875
458.9844
458.9844
468.7500
468.7500
488.2812
488.2812
488.2812
488.2812
502.9297
502.9297
541.9922
541.9922
566.4062
566.4062
566.4062
566.4062
517.5781
517.5781
415.0391
415.0391
302.7344
302.7344
19.5312
19.5312
0.0000
0.0000
0.0000
0.0000
0.0000
0.0000
0.0000
0.0000
0.0000
0.0000
0.0000
0.0000
0.0000
0.0000
0.0000
0.0000
0.0000
0.0000
0.0000
0.0000
0.0000
0.0000
0.0000
0.0000
170.8984
170.8984
375.9766
375.9766
512.6953
512.6953
576.1719
576.1719
590.8203
590.8203
532.2266
532.2266
483.3984
483.3984
444.3359
444.3359
424.8047
424.8047
415.0391
415.0391
405.2734
405.2734
434.5703
434.5703
449.2187
449.2187
488.2812
488.2812
507.8125
507.8125
517.5781
517.5781
537.1094
537.1094
541.9922
541.9922
522.4609
522.4609
449.2187
449.2187
356.4453
356.4453
219.7266
219.7266
0.0000
0.0000
0.0000
0.0000
0.0000
0.0000
0.0000
0.0000
0.0000
0.0000
0.0000
0.0000
0.0000
0.0000
0.0000
0.0000
0.0000
0.0000
0.0000
0.0000
0.0000
0.0000
0.0000
0.0000
0.0000
0.0000
190.4297
190.4297
380.8594
380.8594
507.8125
507.8125
576.1719
576.1719
571.2891
571.2891
507.8125
507.8125
454.1016
454.1016
419.9219
419.9219
390.6250
390.6250
410.1562
410.1562
415.0391
415.0391
444.3359
444.3359
463.8672
463.8672
473.6328
473.6328
493.1641
493.1641
498.0469
498.0469
522.4609
498.0469
498.0469
419.9219
419.9219
419.9219
332.0312
53.7109
53.7109
53.7109
0.0000
0.0000
0.0000
0.0000
0.0000
0.0000
0.0000
0.0000
0.0000
0.0000
0.0000
0.0000
0.0000
0.0000
0.0000
0.0000
0.0000
0.0000
0.0000
0.0000
0.0000
0.0000
0.0000
0.0000
107.4219
312.5000
312.5000
454.1016
454.1016
546.8750
546.8750
556.6406
556.6406
512.6953
512.6953
458.9844
458.9844
395.5078
395.5078
380.8594
380.8594
385.7422
385.7422
400.3906
400.3906
419.9219
419.9219
410.1562
410.1562
444.3359
444.3359
468.7500
468.7500
488.2812
488.2812
517.5781
517.5781
527.3437
527.3437
537.1094
537.1094
493.1641
493.1641
385.7422
385.7422
263.6719
263.6719
43.9453
43.9453
0.0000
0.0000
0.0000
0.0000
0.0000
0.0000
0.0000
0.0000
0.0000
0.0000
0.0000
0.0000
0.0000
0.0000
0.0000
0.0000
0.0000
0.0000
0.0000
0.0000
0.0000
0.0000
0.0000
0.0000
14.6484
14.6484
234.3750
234.3750
390.6250
390.6250
493.1641
493.1641
537.1094
537.1094
517.5781
517.5781
468.7500
468.7500
410.1562
410.1562
380.8594
380.8594
361.3281
361.3281
366.2109
366.2109
400.3906
400.3906
424.8047
424.8047
444.3359
444.3359
483.3984
483.3984
493.1641
493.1641
498.0469
498.0469
463.8672
463.8672
395.5078
395.5078
302.7344
302.7344
136.7187
136.7187
0.0000
0.0000
0.0000
0.0000
0.0000
0.0000
0.0000
0.0000
0.0000
0.0000
0.0000
0.0000
0.0000
0.0000
0.0000
0.0000
0.0000
0.0000
0.0000
0.0000
0.0000
0.0000
0.0000
0.0000
0.0000
0.0000
83.0078
83.0078
283.2031
283.2031
444.3359
444.3359
493.1641
493.1641
478.5156
478.5156
439.4531
439.4531
390.6250
390.6250
351.5625
351.5625
322.2656
322.2656
322.2656
322.2656
380.8594
380.8594
410.1562
410.1562
439.4531
439.4531
439.4531
439.4531
463.8672
463.8672
483.3984
483.3984
493.1641
493.1641
522.4609
522.4609
502.9297
502.9297
449.2187
449.2187
375.9766
375.9766
209.9609
209.9609
0.0000
0.0000
0.0000
0.0000
0.0000
0.0000
0.0000
0.0000
0.0000
0.0000
0.0000
0.0000
0.0000
0.0000
0.0000
0.0000
0.0000
0.0000
0.0000
0.0000
0.0000
0.0000
0.0000
0.0000
0.0000
0.0000
200.1953
200.1953
361.3281
361.3281
473.6328
473.6328
502.9297
502.9297
483.3984
483.3984
458.9844
458.9844
415.0391
415.0391
405.2734
405.2734
395.5078
395.5078
395.5078
395.5078
419.9219
419.9219
434.5703
434.5703
463.8672
463.8672
468.7500
468.7500
488.2812
488.2812
512.6953
512.6953
473.6328
473.6328
361.3281
361.3281
229.4922
229.4922
14.6484
14.6484
0.0000
0.0000
0.0000
0.0000
0.0000
0.0000
0.0000
0.0000
0.0000
0.0000
0.0000
0.0000
0.0000
0.0000
0.0000
0.0000
0.0000
0.0000
0.0000
0.0000
0.0000
0.0000
0.0000
0.0000
0.0000
0.0000
141.6016
141.6016
297.8516
297.8516
415.0391
415.0391
468.7500
468.7500
458.9844
458.9844
415.0391
415.0391
371.0937
371.0937
356.4453
356.4453
336.9141
336.9141
371.0937
371.0937
385.7422
385.7422
400.3906
400.3906
434.5703
434.5703
458.9844
458.9844
502.9297
502.9297
517.5781
517.5781
522.4609
522.4609
532.2266
532.2266
512.6953
512.6953
454.1016
454.1016
346.6797
346.6797
156.2500
156.2500
0.0000
0.0000
0.0000
0.0000
0.0000
0.0000
0.0000
0.0000
0.0000
0.0000
0.0000
0.0000
0.0000
0.0000
0.0000
0.0000
0.0000
0.0000
0.0000
0.0000
0.0000
0.0000
0.0000
0.0000
0.0000
0.0000
68.3594
68.3594
249.0234
249.0234
385.7422
385.7422
449.2187
449.2187
478.5156
478.5156
429.6875
429.6875
380.8594
380.8594
366.2109
366.2109
371.0937
371.0937
395.5078
395.5078
410.1562
410.1562
424.8047
424.8047
463.8672
463.8672
488.2812
488.2812
507.8125
507.8125
527.3437
527.3437
532.2266
532.2266
522.4609
522.4609
458.9844
458.9844
390.6250
390.6250
180.6641
180.6641
0.0000
0.0000
0.0000
0.0000
0.0000
0.0000
0.0000
0.0000
0.0000
0.0000
0.0000
0.0000
0.0000
0.0000
0.0000
0.0000
0.0000
0.0000
0.0000
0.0000
0.0000
0.0000
0.0000
0.0000
73.2422
73.2422
307.6172
307.6172
454.1016
454.1016
532.2266
532.2266
566.4062
566.4062
512.6953
512.6953
468.7500
468.7500
439.4531
439.4531
429.6875
429.6875
434.5703
434.5703
444.3359
444.3359
478.5156
478.5156
488.2812
488.2812
493.1641
493.1641
527.3437
527.3437
546.8750
546.8750
576.1719
576.1719
590.8203
590.8203
600.5859
600.5859
605.4687
605.4687
551.7578
551.7578
449.2187
449.2187
263.6719
263.6719
0.0000
0.0000
0.0000
0.0000
0.0000
0.0000
0.0000
0.0000
0.0000
0.0000
0.0000
0.0000
0.0000
0.0000
0.0000
0.0000
0.0000
0.0000
0.0000
0.0000
0.0000
0.0000
0.0000
0.0000
0.0000
0.0000
185.5469
185.5469
356.4453
356.4453
458.9844
458.9844
512.6953
512.6953
507.8125
507.8125
488.2812
488.2812
449.2187
449.2187
415.0391
415.0391
415.0391
415.0391
419.9219
419.9219
444.3359
444.3359
483.3984
483.3984
493.1641
493.1641
512.6953
512.6953
517.5781
517.5781
551.7578
551.7578
551.7578
551.7578
488.2812
488.2812
415.0391
415.0391
278.3203
278.3203
0.0000
0.0000
0.0000
0.0000
0.0000
0.0000
0.0000
0.0000
0.0000
0.0000
0.0000
0.0000
0.0000
0.0000
0.0000
0.0000
0.0000
0.0000
0.0000
0.0000
0.0000
0.0000
0.0000
0.0000
0.0000
0.0000
166.0156
166.0156
356.4453
356.4453
473.6328
473.6328
541.9922
541.9922
541.9922
541.9922
507.8125
507.8125
454.1016
454.1016
434.5703
434.5703
429.6875
429.6875
405.2734
405.2734
439.4531
439.4531
458.9844
458.9844
488.2812
488.2812
502.9297
502.9297
512.6953
512.6953
546.8750
546.8750
561.5234
561.5234
585.9375
585.9375
595.7031
595.7031
556.6406
556.6406
493.1641
493.1641
371.0937
371.0937
161.1328
161.1328
0.0000
0.0000
0.0000
0.0000
0.0000
0.0000
0.0000
0.0000
0.0000
0.0000
0.0000
0.0000
0.0000
0.0000
0.0000
0.0000
0.0000
0.0000
0.0000
0.0000
0.0000
0.0000
0.0000
0.0000
0.0000
0.0000
166.0156
166.0156
346.6797
346.6797
478.5156
478.5156
512.6953
512.6953
512.6953
512.6953
468.7500
468.7500
429.6875
429.6875
415.0391
415.0391
410.1562
410.1562
415.0391
415.0391
424.8047
424.8047
444.3359
444.3359
483.3984
483.3984
488.2812
488.2812
502.9297
502.9297
527.3437
527.3437
537.1094
537.1094
507.8125
507.8125
405.2734
405.2734
273.4375
273.4375
0.0000
0.0000
0.0000
0.0000
0.0000
0.0000
0.0000
0.0000
0.0000
0.0000
0.0000
0.0000
0.0000
0.0000
0.0000
0.0000
0.0000
0.0000
0.0000
0.0000
0.0000
0.0000
0.0000
0.0000
0.0000
0.0000
131.8359
131.8359
307.6172
307.6172
444.3359
444.3359
541.9922
541.9922
546.8750
546.8750
502.9297
502.9297
454.1016
454.1016
429.6875
429.6875
415.0391
415.0391
424.8047
424.8047
424.8047
424.8047
444.3359
444.3359
463.8672
463.8672
488.2812
488.2812
527.3437
527.3437
541.9922
541.9922
551.7578
551.7578
561.5234
561.5234
576.1719
576.1719
551.7578
551.7578
444.3359
444.3359
292.9687
292.9687
58.5937
58.5937
0.0000
0.0000
0.0000
0.0000
0.0000
0.0000
0.0000
0.0000
0.0000
0.0000
0.0000
0.0000
0.0000
0.0000
0.0000
0.0000
0.0000
0.0000
0.0000
0.0000
0.0000
0.0000
0.0000
0.0000
0.0000
0.0000
19.5312
19.5312
195.3125
195.3125
336.9141
336.9141
424.8047
424.8047
410.1562
410.1562
375.9766
375.9766
341.7969
341.7969
332.0312
332.0312
341.7969
341.7969
346.6797
346.6797
366.2109
366.2109
395.5078
395.5078
424.8047
424.8047
458.9844
458.9844
454.1016
454.1016
483.3984
483.3984
493.1641
493.1641
483.3984
483.3984
449.2187
449.2187
371.0937
371.0937
219.7266
219.7266
0.0000
0.0000
0.0000
0.0000
0.0000
0.0000
0.0000
0.0000
0.0000
0.0000
0.0000
0.0000
0.0000
0.0000
0.0000
0.0000
0.0000
0.0000
0.0000
0.0000
0.0000
0.0000
0.0000
0.0000
9.7656
9.7656
234.3750
234.3750
424.8047
424.8047
537.1094
537.1094
576.1719
576.1719
576.1719
576.1719
527.3437
527.3437
483.3984
483.3984
439.4531
439.4531
429.6875
429.6875
458.9844
458.9844
463.8672
463.8672
483.3984
483.3984
493.1641
493.1641
517.5781
517.5781
556.6406
556.6406
576.1719
576.1719
585.9375
585.9375
595.7031
595.7031
581.0547
581.0547
498.0469
498.0469
366.2109
366.2109
219.7266
219.7266
0.0000
0.0000
0.0000
0.0000
0.0000
0.0000
0.0000
0.0000
0.0000
0.0000
0.0000
0.0000
0.0000
0.0000
0.0000
0.0000
0.0000
0.0000
0.0000
0.0000
0.0000
0.0000
0.0000
0.0000
0.0000
0.0000
205.0781
205.0781
385.7422
385.7422
517.5781
517.5781
581.0547
581.0547
590.8203
546.8750
546.8750
546.8750
483.3984
483.3984
458.9844
429.6875
429.6875
429.6875
444.3359
444.3359
463.8672
463.8672
488.2812
488.2812
512.6953
512.6953
522.4609
522.4609
546.8750
546.8750
546.8750
541.9922
541.9922
541.9922
512.6953
434.5703
434.5703
434.5703
351.5625
351.5625
146.4844
146.4844
0.0000
0.0000
0.0000
0.0000
0.0000
0.0000
0.0000
0.0000
0.0000
0.0000
0.0000
0.0000
0.0000
0.0000
0.0000
0.0000
0.0000
0.0000
0.0000
0.0000
0.0000
0.0000
0.0000
112.3047
112.3047
346.6797
346.6797
512.6953
512.6953
600.5859
600.5859
615.2344
615.2344
615.2344
551.7578
498.0469
498.0469
449.2187
449.2187
424.8047
424.8047
424.8047
424.8047
444.3359
444.3359
468.7500
468.7500
488.2812
488.2812
493.1641
493.1641
517.5781
517.5781
532.2266
532.2266
561.5234
561.5234
576.1719
576.1719
571.2891
571.2891
537.1094
537.1094
449.2187
449.2187
351.5625
351.5625
131.8359
131.8359
0.0000
0.0000
0.0000
0.0000
0.0000
0.0000
0.0000
0.0000
0.0000
0.0000
0.0000
0.0000
0.0000
0.0000
0.0000
0.0000
0.0000
0.0000
0.0000
0.0000
0.0000
0.0000
0.0000
0.0000
117.1875
117.1875
332.0312
332.0312
498.0469
498.0469
576.1719
576.1719
605.4687
605.4687
576.1719
576.1719
522.4609
522.4609
463.8672
463.8672
434.5703
434.5703
419.9219
419.9219
415.0391
415.0391
449.2187
449.2187
483.3984
483.3984
502.9297
502.9297
517.5781
517.5781
527.3437
527.3437
537.1094
537.1094
527.3437
527.3437
454.1016
454.1016
341.7969
341.7969
190.4297
190.4297
0.0000
0.0000
0.0000
0.0000
0.0000
0.0000
0.0000
0.0000
0.0000
0.0000
0.0000
0.0000
0.0000
0.0000
0.0000
0.0000
0.0000
0.0000
0.0000
0.0000
0.0000
0.0000
0.0000
0.0000
0.0000
0.0000
39.0625
39.0625
249.0234
249.0234
419.9219
419.9219
522.4609
522.4609
512.6953
512.6953
468.7500
468.7500
415.0391
415.0391
375.9766
375.9766
356.4453
356.4453
341.7969
341.7969
375.9766
375.9766
400.3906
400.3906
419.9219
419.9219
458.9844
458.9844
458.9844
458.9844
468.7500
468.7500
468.7500
468.7500
502.9297
502.9297
537.1094
537.1094
493.1641
493.1641
385.7422
385.7422
234.3750
234.3750
4.8828
4.8828
0.0000
0.0000
0.0000
0.0000
0.0000
0.0000
0.0000
0.0000
0.0000
0.0000
0.0000
0.0000
0.0000
0.0000
0.0000
0.0000
0.0000
0.0000
0.0000
0.0000
0.0000
0.0000
0.0000
0.0000
63.4766
63.4766
253.9062
253.9062
400.3906
400.3906
517.5781
517.5781
532.2266
532.2266
498.0469
498.0469
449.2187
449.2187
415.0391
415.0391
415.0391
415.0391
395.5078
395.5078
400.3906
400.3906
405.2734
405.2734
434.5703
434.5703
454.1016
454.1016
468.7500
468.7500
502.9297
502.9297
517.5781
517.5781
488.2812
488.2812
419.9219
419.9219
302.7344
302.7344
117.1875
117.1875
0.0000
0.0000
0.0000
0.0000
0.0000
0.0000
0.0000
0.0000
0.0000
0.0000
0.0000
0.0000
0.0000
0.0000
0.0000
0.0000
0.0000
0.0000
0.0000
0.0000
0.0000
0.0000
0.0000
0.0000
78.1250
78.1250
297.8516
297.8516
468.7500
468.7500
576.1719
576.1719
615.2344
615.2344
585.9375
585.9375
527.3437
527.3437
473.6328
473.6328
429.6875
429.6875
415.0391
415.0391
429.6875
429.6875
439.4531
439.4531
468.7500
468.7500
478.5156
478.5156
498.0469
498.0469
541.9922
541.9922
541.9922
541.9922
546.8750
546.8750
551.7578
551.7578
537.1094
537.1094
478.5156
478.5156
351.5625
351.5625
141.6016
141.6016
0.0000
0.0000
0.0000
0.0000
0.0000
0.0000
0.0000
0.0000
0.0000
0.0000
0.0000
0.0000
0.0000
0.0000
0.0000
0.0000
0.0000
0.0000
0.0000
0.0000
0.0000
0.0000
0.0000
0.0000
0.0000
0.0000
117.1875
117.1875
297.8516
297.8516
405.2734
405.2734
434.5703
434.5703
439.4531
439.4531
385.7422
385.7422
351.5625
351.5625
336.9141
336.9141
332.0312
332.0312
366.2109
366.2109
400.3906
400.3906
415.0391
415.0391
434.5703
434.5703
444.3359
444.3359
468.7500
468.7500
488.2812
488.2812
512.6953
512.6953
488.2812
488.2812
410.1562
410.1562
288.0859
288.0859
14.6484
14.6484
0.0000
0.0000
0.0000
0.0000
0.0000
0.0000
0.0000
0.0000
0.0000
0.0000
0.0000
0.0000
0.0000
0.0000
0.0000
0.0000
0.0000
0.0000
0.0000
0.0000
0.0000
0.0000
0.0000
0.0000
0.0000
0.0000
136.7187
136.7187
312.5000
312.5000
439.4531
439.4531
458.9844
458.9844
424.8047
424.8047
395.5078
395.5078
361.3281
361.3281
346.6797
346.6797
341.7969
341.7969
361.3281
361.3281
395.5078
395.5078
410.1562
410.1562
424.8047
424.8047
454.1016
454.1016
473.6328
473.6328
507.8125
507.8125
522.4609
522.4609
537.1094
537.1094
532.2266
532.2266
473.6328
473.6328
395.5078
395.5078
229.4922
229.4922
0.0000
0.0000
0.0000
0.0000
0.0000
0.0000
0.0000
0.0000
0.0000
0.0000
0.0000
0.0000
0.0000
0.0000
0.0000
0.0000
0.0000
0.0000
0.0000
0.0000
0.0000
0.0000
0.0000
0.0000
0.0000
0.0000
0.0000
0.0000
180.6641
180.6641
341.7969
341.7969
449.2187
449.2187
478.5156
478.5156
473.6328
473.6328
424.8047
424.8047
395.5078
395.5078
371.0937
371.0937
351.5625
351.5625
395.5078
395.5078
429.6875
429.6875
463.8672
463.8672
488.2812
488.2812
493.1641
493.1641
517.5781
517.5781
532.2266
532.2266
541.9922
541.9922
527.3437
527.3437
483.3984
483.3984
400.3906
400.3906
205.0781
205.0781
0.0000
0.0000
0.0000
0.0000
0.0000
0.0000
0.0000
0.0000
0.0000
0.0000
0.0000
0.0000
0.0000
0.0000
0.0000
0.0000
0.0000
0.0000
0.0000
0.0000
0.0000
0.0000
0.0000
0.0000
0.0000
0.0000
190.4297
190.4297
380.8594
380.8594
502.9297
502.9297
551.7578
551.7578
546.8750
546.8750
522.4609
522.4609
463.8672
463.8672
439.4531
439.4531
444.3359
444.3359
444.3359
444.3359
473.6328
473.6328
488.2812
488.2812
507.8125
507.8125
532.2266
532.2266
537.1094
537.1094
566.4062
566.4062
571.2891
571.2891
585.9375
585.9375
551.7578
551.7578
454.1016
454.1016
356.4453
356.4453
146.4844
146.4844
0.0000
0.0000
0.0000
0.0000
0.0000
0.0000
0.0000
0.0000
0.0000
0.0000
0.0000
0.0000
0.0000
0.0000
0.0000
0.0000
0.0000
0.0000
0.0000
0.0000
0.0000
0.0000
0.0000
0.0000
0.0000
0.0000
180.6641
180.6641
366.2109
366.2109
498.0469
498.0469
551.7578
551.7578
537.1094
537.1094
517.5781
517.5781
473.6328
473.6328
449.2187
449.2187
439.4531
439.4531
439.4531
439.4531
473.6328
473.6328
498.0469
498.0469
507.8125
507.8125
532.2266
532.2266
537.1094
537.1094
566.4062
566.4062
561.5234
561.5234
532.2266
532.2266
473.6328
473.6328
375.9766
375.9766
166.0156
166.0156
0.0000
0.0000
0.0000
0.0000
0.0000
0.0000
0.0000
0.0000
0.0000
0.0000
0.0000
0.0000
0.0000
0.0000
0.0000
0.0000
0.0000
0.0000
0.0000
0.0000
0.0000
0.0000
126.9531
126.9531
366.2109
366.2109
556.6406
556.6406
698.2422
698.2422
771.4844
771.4844
747.0703
747.0703
673.8281
673.8281
590.8203
590.8203
546.8750
546.8750
517.5781
517.5781
502.9297
502.9297
522.4609
522.4609
537.1094
537.1094
561.5234
561.5234
585.9375
585.9375
605.4687
605.4687
615.2344
615.2344
595.7031
595.7031
615.2344
615.2344
605.4687
605.4687
532.2266
532.2266
419.9219
419.9219
224.6094
224.6094
0.0000
0.0000
0.0000
0.0000
0.0000
0.0000
0.0000
0.0000
0.0000
0.0000
0.0000
0.0000
0.0000
0.0000
0.0000
0.0000
0.0000
0.0000
0.0000
0.0000
0.0000
0.0000
0.0000
0.0000
0.0000
0.0000
224.6094
224.6094
390.6250
390.6250
512.6953
512.6953
571.2891
571.2891
541.9922
541.9922
498.0469
498.0469
434.5703
434.5703
415.0391
415.0391
415.0391
415.0391
424.8047
424.8047
444.3359
444.3359
449.2187
449.2187
454.1016
454.1016
473.6328
473.6328
483.3984
483.3984
512.6953
512.6953
522.4609
522.4609
478.5156
478.5156
400.3906
400.3906
258.7891
258.7891
19.5312
19.5312
0.0000
0.0000
0.0000
0.0000
0.0000
0.0000
0.0000
0.0000
0.0000
0.0000
0.0000
0.0000
0.0000
0.0000
0.0000
0.0000
0.0000
0.0000
0.0000
0.0000
0.0000
0.0000
0.0000
0.0000
39.0625
39.0625
258.7891
258.7891
410.1562
410.1562
493.1641
493.1641
488.2812
488.2812
478.5156
478.5156
434.5703
434.5703
405.2734
405.2734
375.9766
375.9766
361.3281
361.3281
380.8594
380.8594
390.6250
390.6250
410.1562
410.1562
419.9219
419.9219
444.3359
444.3359
478.5156
478.5156
498.0469
498.0469
517.5781
517.5781
512.6953
512.6953
458.9844
458.9844
356.4453
356.4453
234.3750
234.3750
29.2969
29.2969
0.0000
0.0000
0.0000
0.0000
0.0000
0.0000
0.0000
0.0000
0.0000
0.0000
0.0000
0.0000
0.0000
0.0000
0.0000
0.0000
0.0000
0.0000
0.0000
0.0000
0.0000
0.0000
0.0000
0.0000
0.0000
0.0000
166.0156
166.0156
346.6797
346.6797
458.9844
507.8125
507.8125
507.8125
498.0469
498.0469
454.1016
454.1016
410.1562
410.1562
366.2109
366.2109
341.7969
341.7969
371.0937
371.0937
395.5078
424.8047
424.8047
424.8047
439.4531
454.1016
454.1016
454.1016
488.2812
488.2812
493.1641
493.1641
502.9297
502.9297
458.9844
458.9844
390.6250
302.7344
302.7344
0.0000
0.0000
0.0000
0.0000
0.0000
0.0000
0.0000
0.0000
0.0000
0.0000
0.0000
0.0000
0.0000
0.0000
0.0000
0.0000
0.0000
0.0000
0.0000
0.0000
0.0000
0.0000
0.0000
0.0000
0.0000
0.0000
53.7109
53.7109
258.7891
258.7891
419.9219
419.9219
541.9922
541.9922
546.8750
546.8750
498.0469
498.0469
454.1016
454.1016
410.1562
410.1562
390.6250
390.6250
380.8594
380.8594
405.2734
405.2734
434.5703
434.5703
439.4531
439.4531
454.1016
454.1016
478.5156
478.5156
507.8125
507.8125
537.1094
537.1094
546.8750
546.8750
561.5234
561.5234
532.2266
532.2266
449.2187
449.2187
327.1484
327.1484
78.1250
78.1250
0.0000
0.0000
0.0000
0.0000
0.0000
0.0000
0.0000
0.0000
0.0000
0.0000
0.0000
0.0000
0.0000
0.0000
0.0000
0.0000
0.0000
0.0000
0.0000
0.0000
0.0000
0.0000
0.0000
0.0000
53.7109
53.7109
263.6719
263.6719
405.2734
405.2734
527.3437
527.3437
576.1719
576.1719
541.9922
541.9922
493.1641
493.1641
454.1016
454.1016
439.4531
439.4531
410.1562
410.1562
390.6250
390.6250
410.1562
410.1562
444.3359
444.3359
488.2812
488.2812
512.6953
512.6953
527.3437
527.3437
551.7578
551.7578
556.6406
556.6406
541.9922
541.9922
488.2812
488.2812
405.2734
405.2734
234.3750
234.3750
0.0000
0.0000
0.0000
0.0000
0.0000
0.0000
0.0000
0.0000
0.0000
0.0000
0.0000
0.0000
0.0000
0.0000
0.0000
0.0000
0.0000
0.0000
0.0000
0.0000
0.0000
0.0000
0.0000
0.0000
53.7109
53.7109
253.9062
253.9062
449.2187
449.2187
561.5234
561.5234
620.1172
620.1172
581.0547
581.0547
502.9297
502.9297
463.8672
463.8672
415.0391
415.0391
410.1562
410.1562
429.6875
429.6875
439.4531
439.4531
473.6328
473.6328
483.3984
483.3984
502.9297
502.9297
517.5781
517.5781
522.4609
522.4609
546.8750
546.8750
576.1719
576.1719
571.2891
571.2891
498.0469
498.0469
380.8594
380.8594
185.5469
185.5469
0.0000
0.0000
0.0000
0.0000
0.0000
0.0000
0.0000
0.0000
0.0000
0.0000
0.0000
0.0000
0.0000
0.0000
0.0000
0.0000
0.0000
0.0000
0.0000
0.0000
0.0000
0.0000
0.0000
0.0000
0.0000
0.0000
180.6641
180.6641
351.5625
351.5625
458.9844
458.9844
522.4609
522.4609
517.5781
517.5781
463.8672
463.8672
424.8047
424.8047
410.1562
410.1562
390.6250
390.6250
400.3906
400.3906
405.2734
405.2734
424.8047
424.8047
449.2187
449.2187
468.7500
468.7500
512.6953
512.6953
517.5781
517.5781
507.8125
507.8125
449.2187
449.2187
351.5625
351.5625
253.9062
253.9062
0.0000
0.0000
0.0000
0.0000
0.0000
0.0000
0.0000
0.0000
0.0000
0.0000
0.0000
0.0000
0.0000
0.0000
0.0000
0.0000
0.0000
0.0000
0.0000
0.0000
0.0000
0.0000
0.0000
0.0000
0.0000
0.0000
205.0781
205.0781
419.9219
419.9219
556.6406
556.6406
615.2344
615.2344
595.7031
595.7031
541.9922
541.9922
493.1641
493.1641
424.8047
424.8047
395.5078
395.5078
395.5078
395.5078
410.1562
410.1562
449.2187
449.2187
458.9844
458.9844
483.3984
483.3984
517.5781
517.5781
537.1094
537.1094
551.7578
551.7578
551.7578
551.7578
541.9922
541.9922
507.8125
507.8125
424.8047
424.8047
297.8516
297.8516
0.0000
0.0000
0.0000
0.0000
0.0000
0.0000
0.0000
0.0000
0.0000
0.0000
0.0000
0.0000
0.0000
0.0000
0.0000
0.0000
0.0000
0.0000
0.0000
0.0000
0.0000
0.0000
0.0000
0.0000
0.0000
0.0000
185.5469
185.5469
390.6250
390.6250
502.9297
502.9297
561.5234
561.5234
541.9922
541.9922
488.2812
488.2812
439.4531
439.4531
405.2734
405.2734
385.7422
385.7422
405.2734
405.2734
415.0391
415.0391
439.4531
439.4531
454.1016
454.1016
454.1016
454.1016
488.2812
488.2812
498.0469
498.0469
512.6953
512.6953
439.4531
439.4531
322.2656
322.2656
175.7812
175.7812
0.0000
0.0000
0.0000
0.0000
0.0000
0.0000
0.0000
0.0000
0.0000
0.0000
0.0000
0.0000
0.0000
0.0000
0.0000
0.0000
0.0000
0.0000
0.0000
0.0000
0.0000
0.0000
0.0000
0.0000
0.0000
0.0000
107.4219
107.4219
302.7344
302.7344
424.8047
424.8047
507.8125
507.8125
478.5156
478.5156
419.9219
419.9219
390.6250
390.6250
351.5625
351.5625
356.4453
356.4453
366.2109
366.2109
371.0937
371.0937
390.6250
390.6250
405.2734
405.2734
439.4531
439.4531
463.8672
463.8672
468.7500
468.7500
498.0469
498.0469
507.8125
507.8125
522.4609
522.4609
478.5156
478.5156
385.7422
385.7422
239.2578
239.2578
0.0000
0.0000
0.0000
0.0000
0.0000
0.0000
0.0000
0.0000
0.0000
0.0000
0.0000
0.0000
0.0000
0.0000
0.0000
0.0000
0.0000
0.0000
0.0000
0.0000
0.0000
0.0000
0.0000
0.0000
0.0000
0.0000
0.0000
0.0000
112.3047
112.3047
239.2578
239.2578
341.7969
341.7969
385.7422
385.7422
366.2109
366.2109
341.7969
341.7969
317.3828
317.3828
317.3828
317.3828
307.6172
307.6172
317.3828
317.3828
361.3281
361.3281
390.6250
390.6250
424.8047
424.8047
434.5703
434.5703
439.4531
439.4531
468.7500
468.7500
434.5703
434.5703
395.5078
395.5078
302.7344
302.7344
53.7109
53.7109
0.0000
0.0000
0.0000
0.0000
0.0000
0.0000
0.0000
0.0000
0.0000
0.0000
0.0000
0.0000
0.0000
0.0000
0.0000
0.0000
0.0000
0.0000
0.0000
0.0000
0.0000
0.0000
0.0000
0.0000
24.4141
24.4141
224.6094
224.6094
341.7969
341.7969
434.5703
434.5703
454.1016
454.1016
439.4531
439.4531
390.6250
390.6250
361.3281
361.3281
361.3281
361.3281
351.5625
351.5625
390.6250
390.6250
429.6875
429.6875
454.1016
454.1016
473.6328
473.6328
478.5156
478.5156
502.9297
502.9297
522.4609
522.4609
532.2266
532.2266
532.2266
532.2266
478.5156
478.5156
410.1562
410.1562
229.4922
229.4922
0.0000
0.0000
0.0000
0.0000
0.0000
0.0000
0.0000
0.0000
0.0000
0.0000
0.0000
0.0000
0.0000
0.0000
0.0000
0.0000
0.0000
0.0000
0.0000
0.0000
0.0000
0.0000
0.0000
0.0000
0.0000
0.0000
92.7734
92.7734
263.6719
263.6719
371.0937
371.0937
444.3359
444.3359
458.9844
458.9844
458.9844
458.9844
424.8047
424.8047
405.2734
405.2734
400.3906
400.3906
415.0391
415.0391
444.3359
444.3359
444.3359
444.3359
454.1016
454.1016
478.5156
478.5156
493.1641
493.1641
546.8750
546.8750
561.5234
561.5234
522.4609
522.4609
478.5156
478.5156
395.5078
395.5078
200.1953
200.1953
0.0000
0.0000
0.0000
0.0000
0.0000
0.0000
0.0000
0.0000
0.0000
0.0000
0.0000
0.0000
0.0000
0.0000
0.0000
0.0000
0.0000
0.0000
0.0000
0.0000
0.0000
0.0000
0.0000
0.0000
0.0000
0.0000
136.7187
136.7187
312.5000
312.5000
415.0391
415.0391
439.4531
439.4531
439.4531
439.4531
405.2734
405.2734
395.5078
395.5078
375.9766
375.9766
371.0937
371.0937
395.5078
395.5078
405.2734
405.2734
449.2187
449.2187
478.5156
478.5156
502.9297
502.9297
527.3437
527.3437
537.1094
537.1094
561.5234
561.5234
576.1719
576.1719
566.4062
566.4062
532.2266
532.2266
449.2187
449.2187
297.8516
297.8516
0.0000
0.0000
0.0000
0.0000
0.0000
0.0000
0.0000
0.0000
0.0000
0.0000
0.0000
0.0000
0.0000
0.0000
0.0000
0.0000
0.0000
0.0000
0.0000
0.0000
0.0000
0.0000
0.0000
0.0000
92.7734
92.7734
288.0859
288.0859
473.6328
473.6328
581.0547
581.0547
615.2344
615.2344
615.2344
615.2344
576.1719
576.1719
527.3437
527.3437
507.8125
507.8125
483.3984
483.3984
493.1641
493.1641
502.9297
502.9297
527.3437
527.3437
551.7578
551.7578
566.4062
566.4062
581.0547
581.0547
537.1094
537.1094
488.2812
488.2812
395.5078
395.5078
234.3750
234.3750
0.0000
0.0000
0.0000
0.0000
0.0000
0.0000
0.0000
0.0000
0.0000
0.0000
0.0000
0.0000
0.0000
0.0000
0.0000
0.0000
0.0000
0.0000
0.0000
0.0000
0.0000
0.0000
0.0000
0.0000
73.2422
73.2422
302.7344
302.7344
463.8672
463.8672
585.9375
585.9375
620.1172
620.1172
610.3516
610.3516
571.2891
571.2891
507.8125
507.8125
473.6328
473.6328
458.9844
458.9844
493.1641
493.1641
512.6953
512.6953
512.6953
512.6953
532.2266
532.2266
546.8750
546.8750
561.5234
561.5234
581.0547
581.0547
585.9375
585.9375
600.5859
600.5859
576.1719
576.1719
502.9297
502.9297
395.5078
395.5078
170.8984
170.8984
0.0000
0.0000
0.0000
0.0000
0.0000
0.0000
0.0000
0.0000
0.0000
0.0000
0.0000
0.0000
0.0000
0.0000
0.0000
0.0000
0.0000
0.0000
0.0000
0.0000
0.0000
0.0000
0.0000
0.0000
0.0000
0.0000
170.8984
170.8984
336.9141
458.9844
458.9844
458.9844
522.4609
522.4609
507.8125
507.8125
498.0469
498.0469
439.4531
439.4531
424.8047
424.8047
405.2734
405.2734
410.1562
410.1562
424.8047
424.8047
444.3359
468.7500
468.7500
468.7500
488.2812
488.2812
507.8125
507.8125
541.9922
541.9922
532.2266
532.2266
483.3984
483.3984
390.6250
390.6250
292.9687
53.7109
53.7109
53.7109
0.0000
0.0000
0.0000
0.0000
0.0000
0.0000
0.0000
0.0000
0.0000
0.0000
0.0000
0.0000
0.0000
0.0000
0.0000
0.0000
0.0000
0.0000
0.0000
0.0000
0.0000
34.1797
34.1797
268.5547
268.5547
458.9844
458.9844
610.3516
610.3516
683.5937
683.5937
678.7109
678.7109
615.2344
615.2344
551.7578
551.7578
502.9297
502.9297
454.1016
454.1016
429.6875
429.6875
439.4531
439.4531
463.8672
463.8672
517.5781
517.5781
541.9922
541.9922
561.5234
561.5234
566.4062
566.4062
566.4062
566.4062
585.9375
585.9375
571.2891
571.2891
502.9297
502.9297
400.3906
400.3906
224.6094
224.6094
0.0000
0.0000
0.0000
0.0000
0.0000
0.0000
0.0000
0.0000
0.0000
0.0000
0.0000
0.0000
0.0000
0.0000
0.0000
0.0000
0.0000
0.0000
0.0000
0.0000
0.0000
0.0000
0.0000
0.0000
0.0000
0.0000
234.3750
234.3750
410.1562
410.1562
537.1094
537.1094
595.7031
595.7031
566.4062
566.4062
517.5781
517.5781
444.3359
444.3359
419.9219
419.9219
405.2734
405.2734
405.2734
405.2734
439.4531
439.4531
444.3359
444.3359
473.6328
473.6328
488.2812
488.2812
493.1641
493.1641
517.5781
517.5781
507.8125
507.8125
478.5156
478.5156
390.6250
390.6250
249.0234
249.0234
0.0000
0.0000
0.0000
0.0000
0.0000
0.0000
0.0000
0.0000
0.0000
0.0000
0.0000
0.0000
0.0000
0.0000
0.0000
0.0000
0.0000
0.0000
0.0000
0.0000
0.0000
0.0000
0.0000
0.0000
0.0000
0.0000
156.2500
156.2500
341.7969
341.7969
468.7500
468.7500
512.6953
512.6953
493.1641
493.1641
439.4531
439.4531
385.7422
385.7422
356.4453
356.4453
351.5625
351.5625
356.4453
356.4453
385.7422
385.7422
390.6250
390.6250
405.2734
405.2734
419.9219
419.9219
458.9844
458.9844
493.1641
493.1641
493.1641
493.1641
502.9297
502.9297
449.2187
449.2187
336.9141
336.9141
205.0781
205.0781
0.0000
0.0000
0.0000
0.0000
0.0000
0.0000
0.0000
0.0000
0.0000
0.0000
0.0000
0.0000
0.0000
0.0000
0.0000
0.0000
0.0000
0.0000
0.0000
0.0000
0.0000
0.0000
0.0000
0.0000
0.0000
0.0000
0.0000
0.0000
141.6016
141.6016
288.0859
288.0859
375.9766
375.9766
405.2734
405.2734
415.0391
415.0391
395.5078
395.5078
341.7969
341.7969
327.1484
327.1484
322.2656
322.2656
356.4453
356.4453
375.9766
375.9766
385.7422
385.7422
429.6875
429.6875
449.2187
449.2187
478.5156
478.5156
483.3984
483.3984
454.1016
454.1016
400.3906
400.3906
278.3203
278.3203
102.5391
102.5391
0.0000
0.0000
0.0000
0.0000
0.0000
0.0000
0.0000
0.0000
0.0000
0.0000
0.0000
0.0000
0.0000
0.0000
0.0000
0.0000
0.0000
0.0000
0.0000
0.0000
0.0000
0.0000
0.0000
0.0000
0.0000
0.0000
0.0000
0.0000
117.1875
117.1875
249.0234
249.0234
317.3828
317.3828
351.5625
351.5625
302.7344
302.7344
283.2031
283.2031
283.2031
283.2031
288.0859
288.0859
312.5000
312.5000
317.3828
317.3828
361.3281
361.3281
395.5078
395.5078
424.8047
424.8047
444.3359
444.3359
449.2187
449.2187
473.6328
473.6328
493.1641
493.1641
458.9844
458.9844
405.2734
405.2734
278.3203
278.3203
29.2969
29.2969
0.0000
0.0000
0.0000
0.0000
0.0000
0.0000
0.0000
0.0000
0.0000
0.0000
0.0000
0.0000
0.0000
0.0000
0.0000
0.0000
0.0000
0.0000
0.0000
0.0000
0.0000
0.0000
0.0000
0.0000
0.0000
0.0000
0.0000
0.0000
78.1250
78.1250
229.4922
229.4922
317.3828
317.3828
336.9141
336.9141
322.2656
322.2656
317.3828
317.3828
322.2656
322.2656
322.2656
322.2656
361.3281
361.3281
361.3281
361.3281
405.2734
405.2734
434.5703
434.5703
458.9844
458.9844
483.3984
483.3984
478.5156
478.5156
507.8125
507.8125
488.2812
488.2812
429.6875
429.6875
317.3828
317.3828
0.0000
0.0000
0.0000
0.0000
0.0000
0.0000
0.0000
0.0000
0.0000
0.0000
0.0000
0.0000
0.0000
0.0000
0.0000
0.0000
0.0000
0.0000
0.0000
0.0000
0.0000
0.0000
0.0000
0.0000
0.0000
0.0000
24.4141
24.4141
219.7266
219.7266
336.9141
336.9141
434.5703
434.5703
473.6328
473.6328
483.3984
483.3984
449.2187
449.2187
424.8047
424.8047
439.4531
439.4531
444.3359
444.3359
468.7500
468.7500
488.2812
488.2812
498.0469
498.0469
541.9922
541.9922
566.4062
566.4062
585.9375
585.9375
590.8203
590.8203
595.7031
595.7031
595.7031
595.7031
551.7578
551.7578
478.5156
478.5156
356.4453
356.4453
48.8281
48.8281
0.0000
0.0000
0.0000
0.0000
0.0000
0.0000
0.0000
0.0000
0.0000
0.0000
0.0000
0.0000
0.0000
0.0000
0.0000
0.0000
0.0000
0.0000
0.0000
0.0000
0.0000
0.0000
0.0000
0.0000
190.4297
190.4297
390.6250
390.6250
517.5781
517.5781
600.5859
600.5859
620.1172
620.1172
595.7031
595.7031
556.6406
556.6406
517.5781
517.5781
507.8125
507.8125
522.4609
522.4609
556.6406
556.6406
581.0547
581.0547
576.1719
576.1719
595.7031
595.7031
615.2344
615.2344
625.0000
625.0000
595.7031
595.7031
517.5781
517.5781
434.5703
434.5703
273.4375
273.4375
0.0000
0.0000
0.0000
0.0000
0.0000
0.0000
0.0000
0.0000
0.0000
0.0000
0.0000
0.0000
0.0000
0.0000
0.0000
0.0000
0.0000
0.0000
0.0000
0.0000
0.0000
0.0000
0.0000
0.0000
0.0000
0.0000
205.0781
205.0781
400.3906
400.3906
522.4609
522.4609
585.9375
585.9375
556.6406
556.6406
532.2266
532.2266
493.1641
493.1641
478.5156
478.5156
473.6328
473.6328
468.7500
468.7500
512.6953
512.6953
532.2266
532.2266
541.9922
541.9922
566.4062
566.4062
571.2891
571.2891
585.9375
585.9375
610.3516
610.3516
625.0000
625.0000
620.1172
620.1172
556.6406
556.6406
463.8672
463.8672
302.7344
302.7344
0.0000
0.0000
0.0000
0.0000
0.0000
0.0000
0.0000
0.0000
0.0000
0.0000
0.0000
0.0000
0.0000
0.0000
0.0000
0.0000
0.0000
0.0000
0.0000
0.0000
0.0000
0.0000
0.0000
0.0000
0.0000
0.0000
68.3594
68.3594
258.7891
258.7891
390.6250
390.6250
488.2812
488.2812
502.9297
502.9297
483.3984
483.3984
463.8672
463.8672
444.3359
444.3359
434.5703
434.5703
429.6875
429.6875
439.4531
439.4531
473.6328
473.6328
483.3984
483.3984
507.8125
507.8125
522.4609
522.4609
551.7578
551.7578
566.4062
566.4062
527.3437
527.3437
463.8672
463.8672
371.0937
371.0937
122.0703
122.0703
0.0000
0.0000
0.0000
0.0000
0.0000
0.0000
0.0000
0.0000
0.0000
0.0000
0.0000
0.0000
0.0000
0.0000
0.0000
0.0000
0.0000
0.0000
0.0000
0.0000
0.0000
0.0000
0.0000
0.0000
