0.0000
0.0000
0.0000
0.0000
0.0000
0.0000
0.0000
0.0000
0.0000
0.0000
0.0000
0.0000
0.0000
0.0000
0.0000
0.0000
151.3672
151.3672
449.2187
449.2187
683.5937
683.5937
854.4922
854.4922
952.1484
952.1484
1035.1562
1035.1562
1064.4531
1064.4531
1083.9844
1083.9844
1103.5156
1103.5156
1083.9844
1083.9844
1103.5156
1103.5156
1079.1016
1079.1016
1079.1016
1079.1016
1059.5703
1059.5703
1074.2187
1074.2187
1088.8672
1088.8672
1040.0391
1040.0391
986.3281
986.3281
874.0234
874.0234
893.5547
893.5547
820.3125
820.3125
537.1094
537.1094
39.0625
39.0625
0.0000
0.0000
0.0000
0.0000
0.0000
0.0000
0.0000
0.0000
0.0000
0.0000
0.0000
0.0000
0.0000
0.0000
0.0000
0.0000
0.0000
0.0000
0.0000
0.0000
0.0000
0.0000
0.0000
0.0000
0.0000
0.0000
0.0000
0.0000
0.0000
0.0000
0.0000
0.0000
190.4297
190.4297
434.5703
434.5703
722.6562
722.6562
878.9062
878.9062
1044.9219
1044.9219
1123.0469
1123.0469
1186.5234
1186.5234
1250.0000
1250.0000
1284.1797
1284.1797
1328.1250
1328.1250
1303.7109
1303.7109
1298.8281
1298.8281
1254.8828
1254.8828
1210.9375
1210.9375
1171.8750
1171.8750
1152.3437
1152.3437
1157.2266
1157.2266
1113.2812
1113.2812
1044.9219
1044.9219
913.0859
913.0859
874.0234
874.0234
776.3672
776.3672
405.2734
405.2734
0.0000
0.0000
0.0000
0.0000
0.0000
0.0000
0.0000
0.0000
0.0000
0.0000
0.0000
0.0000
0.0000
0.0000
0.0000
0.0000
0.0000
0.0000
0.0000
0.0000
0.0000
0.0000
0.0000
0.0000
0.0000
0.0000
0.0000
0.0000
0.0000
0.0000
0.0000
0.0000
0.0000
0.0000
0.0000
0.0000
4.8828
4.8828
307.6172
307.6172
576.1719
576.1719
747.0703
747.0703
922.8516
922.8516
996.0937
996.0937
1088.8672
1088.8672
1147.4609
1147.4609
1162.1094
1162.1094
1176.7578
1176.7578
1137.6953
1137.6953
1176.7578
1176.7578
1127.9297
1127.9297
1157.2266
1157.2266
1147.4609
1147.4609
1162.1094
1162.1094
1142.5781
1142.5781
1069.3359
1069.3359
1079.1016
1079.1016
1069.3359
1069.3359
971.6797
971.6797
458.9844
458.9844
0.0000
0.0000
0.0000
0.0000
0.0000
0.0000
0.0000
0.0000
0.0000
0.0000
0.0000
0.0000
0.0000
0.0000
0.0000
0.0000
0.0000
0.0000
0.0000
0.0000
0.0000
0.0000
0.0000
0.0000
0.0000
0.0000
0.0000
0.0000
0.0000
0.0000
0.0000
0.0000
0.0000
0.0000
0.0000
0.0000
97.6562
97.6562
400.3906
400.3906
722.6562
722.6562
913.0859
913.0859
1069.3359
1069.3359
1152.3437
1152.3437
1196.2891
1196.2891
1245.1172
1245.1172
1284.1797
1284.1797
1352.5391
1352.5391
1401.3672
1401.3672
1464.8437
1464.8437
1479.4922
1479.4922
1474.6094
1474.6094
1435.5469
1435.5469
1337.8906
1337.8906
1269.5312
1269.5312
1152.3437
1152.3437
1103.5156
1103.5156
1098.6328
1098.6328
1064.4531
1064.4531
737.3047
737.3047
156.2500
156.2500
0.0000
0.0000
0.0000
0.0000
0.0000
0.0000
0.0000
0.0000
0.0000
0.0000
0.0000
0.0000
0.0000
0.0000
0.0000
0.0000
0.0000
0.0000
0.0000
0.0000
0.0000
0.0000
0.0000
0.0000
0.0000
0.0000
0.0000
0.0000
0.0000
0.0000
0.0000
0.0000
0.0000
0.0000
117.1875
117.1875
361.3281
361.3281
664.0625
664.0625
854.4922
854.4922
1030.2734
1030.2734
1166.9922
1166.9922
1220.7031
1220.7031
1308.5937
1308.5937
1293.9453
1293.9453
1318.3594
1318.3594
1293.9453
1293.9453
1293.9453
1293.9453
1274.4141
1274.4141
1254.8828
1254.8828
1293.9453
1293.9453
1259.7656
1259.7656
1274.4141
1274.4141
1210.9375
1210.9375
1235.3516
1235.3516
1240.2344
1240.2344
1093.7500
1093.7500
683.5937
683.5937
73.2422
73.2422
0.0000
0.0000
0.0000
0.0000
0.0000
0.0000
0.0000
0.0000
0.0000
0.0000
0.0000
0.0000
0.0000
0.0000
0.0000
0.0000
0.0000
0.0000
0.0000
0.0000
0.0000
0.0000
0.0000
0.0000
0.0000
0.0000
0.0000
0.0000
0.0000
0.0000
0.0000
0.0000
43.9453
43.9453
336.9141
336.9141
561.5234
561.5234
810.5469
810.5469
986.3281
986.3281
1147.4609
1147.4609
1269.5312
1269.5312
1333.0078
1333.0078
1391.6016
1391.6016
1401.3672
1401.3672
1420.8984
1420.8984
1425.7812
1425.7812
1420.8984
1420.8984
1435.5469
1435.5469
1430.6641
1430.6641
1411.1328
1411.1328
1337.8906
1337.8906
1250.0000
1250.0000
1137.6953
1137.6953
1074.2187
1074.2187
1123.0469
1123.0469
986.3281
986.3281
620.1172
620.1172
53.7109
53.7109
0.0000
0.0000
0.0000
0.0000
0.0000
0.0000
0.0000
0.0000
0.0000
0.0000
0.0000
0.0000
0.0000
0.0000
0.0000
0.0000
0.0000
0.0000
0.0000
0.0000
0.0000
0.0000
0.0000
0.0000
0.0000
0.0000
0.0000
0.0000
0.0000
0.0000
0.0000
0.0000
4.8828
4.8828
288.0859
288.0859
566.4062
566.4062
747.0703
747.0703
917.9687
917.9687
1025.3906
1025.3906
1123.0469
1123.0469
1181.6406
1181.6406
1264.6484
1264.6484
1298.8281
1298.8281
1303.7109
1303.7109
1313.4766
1313.4766
1269.5312
1269.5312
1264.6484
1264.6484
1196.2891
1196.2891
1166.9922
1166.9922
1132.8125
1132.8125
1118.1641
1118.1641
1079.1016
1079.1016
1054.6875
1054.6875
1113.2812
1113.2812
1040.0391
1040.0391
703.1250
703.1250
151.3672
151.3672
0.0000
0.0000
0.0000
0.0000
0.0000
0.0000
0.0000
0.0000
0.0000
0.0000
0.0000
0.0000
0.0000
0.0000
0.0000
0.0000
0.0000
0.0000
0.0000
0.0000
0.0000
0.0000
0.0000
0.0000
0.0000
0.0000
0.0000
0.0000
0.0000
0.0000
0.0000
0.0000
0.0000
0.0000
0.0000
0.0000
166.0156
166.0156
449.2187
449.2187
737.3047
737.3047
932.6172
932.6172
1074.2187
1074.2187
1191.4062
1191.4062
1245.1172
1245.1172
1289.0625
1289.0625
1293.9453
1293.9453
1318.3594
1318.3594
1352.5391
1352.5391
1357.4219
1357.4219
1386.7187
1386.7187
1352.5391
1352.5391
1347.6562
1347.6562
1269.5312
1269.5312
1215.8203
1215.8203
1142.5781
1142.5781
1142.5781
1142.5781
1152.3437
1152.3437
903.3203
903.3203
385.7422
385.7422
0.0000
0.0000
0.0000
0.0000
0.0000
0.0000
0.0000
0.0000
0.0000
0.0000
0.0000
0.0000
0.0000
0.0000
0.0000
0.0000
0.0000
0.0000
0.0000
0.0000
0.0000
0.0000
0.0000
0.0000
0.0000
0.0000
0.0000
0.0000
0.0000
0.0000
0.0000
0.0000
0.0000
0.0000
0.0000
0.0000
43.9453
43.9453
351.5625
351.5625
615.2344
615.2344
839.8437
839.8437
927.7344
927.7344
1049.8047
1049.8047
1088.8672
1088.8672
1157.2266
1157.2266
1201.1719
1201.1719
1240.2344
1240.2344
1293.9453
1293.9453
1293.9453
1293.9453
1318.3594
1318.3594
1284.1797
1284.1797
1279.2969
1279.2969
1235.3516
1235.3516
1264.6484
1264.6484
1411.1328
1411.1328
1499.0234
1499.0234
1352.5391
1352.5391
854.4922
854.4922
239.2578
239.2578
0.0000
0.0000
0.0000
0.0000
0.0000
0.0000
0.0000
0.0000
0.0000
0.0000
0.0000
0.0000
0.0000
0.0000
0.0000
0.0000
0.0000
0.0000
0.0000
0.0000
0.0000
0.0000
0.0000
0.0000
0.0000
0.0000
0.0000
0.0000
0.0000
0.0000
0.0000
0.0000
332.0312
332.0312
571.2891
571.2891
825.1953
825.1953
1005.8594
1005.8594
1147.4609
1147.4609
1245.1172
1245.1172
1318.3594
1318.3594
1391.6016
1391.6016
1430.6641
1430.6641
1464.8437
1464.8437
1469.7266
1450.1953
1450.1953
1450.1953
1440.4297
1440.4297
1391.6016
1391.6016
1357.4219
1357.4219
1284.1797
1284.1797
1210.9375
1210.9375
1201.1719
1201.1719
1274.4141
1274.4141
1284.1797
1284.1797
1020.5078
532.2266
532.2266
532.2266
0.0000
0.0000
0.0000
0.0000
0.0000
0.0000
0.0000
0.0000
0.0000
0.0000
0.0000
0.0000
0.0000
0.0000
0.0000
0.0000
0.0000
0.0000
0.0000
0.0000
0.0000
0.0000
0.0000
0.0000
0.0000
0.0000
0.0000
0.0000
0.0000
0.0000
0.0000
0.0000
0.0000
29.2969
29.2969
297.8516
297.8516
517.5781
517.5781
708.0078
708.0078
893.5547
893.5547
961.9141
961.9141
1079.1016
1079.1016
1113.2812
1113.2812
1186.5234
1186.5234
1225.5859
1225.5859
1235.3516
1235.3516
1269.5312
1269.5312
1235.3516
1235.3516
1235.3516
1235.3516
1181.6406
1181.6406
1157.2266
1157.2266
1103.5156
1103.5156
1113.2812
1113.2812
1181.6406
1181.6406
1118.1641
1118.1641
766.6016
766.6016
195.3125
195.3125
0.0000
0.0000
0.0000
0.0000
0.0000
0.0000
0.0000
0.0000
0.0000
0.0000
0.0000
0.0000
0.0000
0.0000
0.0000
0.0000
0.0000
0.0000
0.0000
0.0000
0.0000
0.0000
0.0000
0.0000
0.0000
0.0000
0.0000
0.0000
0.0000
0.0000
0.0000
0.0000
0.0000
0.0000
0.0000
0.0000
263.6719
263.6719
532.2266
532.2266
800.7812
800.7812
966.7969
966.7969
1113.2812
1113.2812
1201.1719
1201.1719
1245.1172
1245.1172
1313.4766
1313.4766
1298.8281
1298.8281
1337.8906
1337.8906
1337.8906
1337.8906
1347.6562
1347.6562
1318.3594
1318.3594
1259.7656
1259.7656
1186.5234
1186.5234
1040.0391
1040.0391
1098.6328
1098.6328
1196.2891
1196.2891
1225.5859
1225.5859
917.9687
917.9687
400.3906
400.3906
0.0000
0.0000
0.0000
0.0000
0.0000
0.0000
0.0000
0.0000
0.0000
0.0000
0.0000
0.0000
0.0000
0.0000
0.0000
0.0000
0.0000
0.0000
0.0000
0.0000
0.0000
0.0000
0.0000
0.0000
0.0000
0.0000
0.0000
0.0000
0.0000
0.0000
0.0000
0.0000
0.0000
0.0000
258.7891
258.7891
493.1641
493.1641
761.7187
761.7187
888.6719
888.6719
1035.1562
1035.1562
1083.9844
1083.9844
1176.7578
1176.7578
1250.0000
1250.0000
1284.1797
1284.1797
1323.2422
1323.2422
1293.9453
1293.9453
1298.8281
1298.8281
1279.2969
1279.2969
1250.0000
1250.0000
1230.4687
1230.4687
1201.1719
1201.1719
1191.4062
1191.4062
1225.5859
1225.5859
1352.5391
1352.5391
1328.1250
1328.1250
991.2109
991.2109
375.9766
375.9766
0.0000
0.0000
0.0000
0.0000
0.0000
0.0000
0.0000
0.0000
0.0000
0.0000
0.0000
0.0000
0.0000
0.0000
0.0000
0.0000
0.0000
0.0000
0.0000
0.0000
0.0000
0.0000
0.0000
0.0000
0.0000
0.0000
0.0000
0.0000
0.0000
0.0000
0.0000
0.0000
97.6562
97.6562
375.9766
375.9766
649.4141
649.4141
839.8437
839.8437
1005.8594
1005.8594
1127.9297
1127.9297
1191.4062
1191.4062
1254.8828
1254.8828
1274.4141
1274.4141
1323.2422
1323.2422
1347.6562
1347.6562
1337.8906
1337.8906
1323.2422
1323.2422
1293.9453
1293.9453
1279.2969
1279.2969
1225.5859
1225.5859
1191.4062
1191.4062
1113.2812
1113.2812
1123.0469
1123.0469
1171.8750
1171.8750
1157.2266
1157.2266
805.6641
805.6641
205.0781
205.0781
0.0000
0.0000
0.0000
0.0000
0.0000
0.0000
0.0000
0.0000
0.0000
0.0000
0.0000
0.0000
0.0000
0.0000
0.0000
0.0000
0.0000
0.0000
0.0000
0.0000
0.0000
0.0000
0.0000
0.0000
0.0000
0.0000
0.0000
0.0000
0.0000
0.0000
0.0000
0.0000
0.0000
0.0000
0.0000
0.0000
214.8437
214.8437
502.9297
502.9297
732.4219
732.4219
908.2031
908.2031
1025.3906
1025.3906
1088.8672
1088.8672
1166.9922
1166.9922
1176.7578
1176.7578
1215.8203
1215.8203
1215.8203
1215.8203
1210.9375
1210.9375
1220.7031
1220.7031
1176.7578
1176.7578
1191.4062
1191.4062
1166.9922
1166.9922
1152.3437
1152.3437
1162.1094
1162.1094
1230.4687
1230.4687
1196.2891
1196.2891
878.9062
878.9062
410.1562
410.1562
0.0000
0.0000
0.0000
0.0000
0.0000
0.0000
0.0000
0.0000
0.0000
0.0000
0.0000
0.0000
0.0000
0.0000
0.0000
0.0000
0.0000
0.0000
0.0000
0.0000
0.0000
0.0000
0.0000
0.0000
0.0000
0.0000
0.0000
0.0000
0.0000
0.0000
0.0000
0.0000
78.1250
78.1250
361.3281
361.3281
659.1797
659.1797
874.0234
874.0234
1025.3906
1025.3906
1152.3437
1152.3437
1210.9375
1210.9375
1274.4141
1274.4141
1289.0625
1289.0625
1323.2422
1323.2422
1323.2422
1323.2422
1333.0078
1333.0078
1357.4219
1357.4219
1342.7734
1342.7734
1352.5391
1352.5391
1293.9453
1293.9453
1274.4141
1274.4141
1191.4062
1191.4062
1127.9297
1127.9297
1098.6328
1098.6328
1118.1641
1118.1641
1044.9219
1044.9219
620.1172
620.1172
48.8281
48.8281
0.0000
0.0000
0.0000
0.0000
0.0000
0.0000
0.0000
0.0000
0.0000
0.0000
0.0000
0.0000
0.0000
0.0000
0.0000
0.0000
0.0000
0.0000
0.0000
0.0000
0.0000
0.0000
0.0000
0.0000
0.0000
0.0000
0.0000
0.0000
0.0000
0.0000
0.0000
0.0000
0.0000
0.0000
0.0000
0.0000
205.0781
205.0781
458.9844
458.9844
649.4141
649.4141
820.3125
820.3125
903.3203
903.3203
1025.3906
1025.3906
1103.5156
1103.5156
1162.1094
1162.1094
1206.0547
1206.0547
1225.5859
1225.5859
1235.3516
1235.3516
1245.1172
1245.1172
1240.2344
1240.2344
1230.4687
1230.4687
1162.1094
1162.1094
1108.3984
1108.3984
1035.1562
1035.1562
1064.4531
1064.4531
1103.5156
1103.5156
996.0937
996.0937
576.1719
576.1719
0.0000
0.0000
0.0000
0.0000
0.0000
0.0000
0.0000
0.0000
0.0000
0.0000
0.0000
0.0000
0.0000
0.0000
0.0000
0.0000
0.0000
0.0000
0.0000
0.0000
0.0000
0.0000
0.0000
0.0000
0.0000
0.0000
0.0000
0.0000
0.0000
0.0000
0.0000
0.0000
0.0000
0.0000
0.0000
0.0000
146.4844
146.4844
395.5078
395.5078
678.7109
678.7109
874.0234
874.0234
1010.7422
1010.7422
1118.1641
1118.1641
1162.1094
1162.1094
1254.8828
1254.8828
1269.5312
1269.5312
1323.2422
1323.2422
1328.1250
1328.1250
1352.5391
1352.5391
1357.4219
1357.4219
1328.1250
1328.1250
1342.7734
1342.7734
1245.1172
1245.1172
1181.6406
1181.6406
1127.9297
1127.9297
1215.8203
1215.8203
1240.2344
1240.2344
1064.4531
1064.4531
576.1719
576.1719
0.0000
0.0000
0.0000
0.0000
0.0000
0.0000
0.0000
0.0000
0.0000
0.0000
0.0000
0.0000
0.0000
0.0000
0.0000
0.0000
0.0000
0.0000
0.0000
0.0000
0.0000
0.0000
0.0000
0.0000
0.0000
0.0000
0.0000
0.0000
0.0000
0.0000
0.0000
0.0000
0.0000
0.0000
180.6641
180.6641
502.9297
502.9297
703.1250
703.1250
922.8516
922.8516
1044.9219
1044.9219
1118.1641
1118.1641
1181.6406
1181.6406
1206.0547
1206.0547
1264.6484
1264.6484
1284.1797
1284.1797
1293.9453
1293.9453
1313.4766
1313.4766
1269.5312
1269.5312
1240.2344
1240.2344
1157.2266
1157.2266
1152.3437
1152.3437
1113.2812
1113.2812
1098.6328
1098.6328
1157.2266
1157.2266
1225.5859
1225.5859
1166.9922
1166.9922
751.9531
751.9531
209.9609
209.9609
0.0000
0.0000
0.0000
0.0000
0.0000
0.0000
0.0000
0.0000
0.0000
0.0000
0.0000
0.0000
0.0000
0.0000
0.0000
0.0000
0.0000
0.0000
0.0000
0.0000
0.0000
0.0000
0.0000
0.0000
0.0000
0.0000
0.0000
0.0000
0.0000
0.0000
0.0000
0.0000
0.0000
0.0000
200.1953
200.1953
434.5703
434.5703
693.3594
693.3594
834.9609
834.9609
1005.8594
1005.8594
1079.1016
1079.1016
1171.8750
1171.8750
1215.8203
1215.8203
1264.6484
1264.6484
1293.9453
1293.9453
1298.8281
1298.8281
1323.2422
1323.2422
1303.7109
1303.7109
1293.9453
1293.9453
1235.3516
1235.3516
1181.6406
1181.6406
1093.7500
1093.7500
1069.3359
1069.3359
1162.1094
1162.1094
1181.6406
1181.6406
937.5000
937.5000
351.5625
351.5625
0.0000
0.0000
0.0000
0.0000
0.0000
0.0000
0.0000
0.0000
0.0000
0.0000
0.0000
0.0000
0.0000
0.0000
0.0000
0.0000
0.0000
0.0000
0.0000
0.0000
0.0000
0.0000
0.0000
0.0000
0.0000
0.0000
0.0000
0.0000
0.0000
0.0000
0.0000
0.0000
0.0000
0.0000
0.0000
0.0000
244.1406
244.1406
488.2812
488.2812
703.1250
703.1250
849.6094
849.6094
996.0937
996.0937
1079.1016
1079.1016
1108.3984
1108.3984
1162.1094
1162.1094
1142.5781
1142.5781
1176.7578
1176.7578
1201.1719
1201.1719
1225.5859
1225.5859
1254.8828
1254.8828
1254.8828
1254.8828
1264.6484
1264.6484
1206.0547
1206.0547
1196.2891
1196.2891
1206.0547
1206.0547
1235.3516
1235.3516
1005.8594
1005.8594
483.3984
483.3984
0.0000
0.0000
0.0000
0.0000
0.0000
0.0000
0.0000
0.0000
0.0000
0.0000
0.0000
0.0000
0.0000
0.0000
0.0000
0.0000
0.0000
0.0000
0.0000
0.0000
0.0000
0.0000
0.0000
0.0000
0.0000
0.0000
0.0000
0.0000
0.0000
0.0000
0.0000
0.0000
0.0000
0.0000
0.0000
0.0000
239.2578
239.2578
551.7578
551.7578
737.3047
737.3047
922.8516
922.8516
1025.3906
1079.1016
1079.1016
1176.7578
1176.7578
1215.8203
1215.8203
1289.0625
1289.0625
1289.0625
1303.7109
1303.7109
1347.6562
1347.6562
1357.4219
1357.4219
1347.6562
1347.6562
1318.3594
1318.3594
1230.4687
1230.4687
1206.0547
1254.8828
1254.8828
1391.6016
1391.6016
1391.6016
1386.7187
1386.7187
1152.3437
1152.3437
673.8281
673.8281
136.7187
136.7187
0.0000
0.0000
0.0000
0.0000
0.0000
0.0000
0.0000
0.0000
0.0000
0.0000
0.0000
0.0000
0.0000
0.0000
0.0000
0.0000
0.0000
0.0000
0.0000
0.0000
0.0000
0.0000
0.0000
0.0000
0.0000
0.0000
0.0000
0.0000
0.0000
0.0000
0.0000
0.0000
131.8359
424.8047
424.8047
673.8281
673.8281
874.0234
874.0234
1000.9766
1000.9766
1098.6328
1098.6328
1147.4609
1147.4609
1176.7578
1176.7578
1225.5859
1225.5859
1259.7656
1259.7656
1293.9453
1293.9453
1308.5937
1308.5937
1298.8281
1298.8281
1293.9453
1293.9453
1240.2344
1240.2344
1206.0547
1206.0547
1123.0469
1123.0469
1083.9844
1083.9844
1098.6328
1098.6328
1181.6406
1181.6406
1137.6953
1137.6953
795.8984
795.8984
302.7344
302.7344
0.0000
0.0000
0.0000
0.0000
0.0000
0.0000
0.0000
0.0000
0.0000
0.0000
0.0000
0.0000
0.0000
0.0000
0.0000
0.0000
0.0000
0.0000
0.0000
0.0000
0.0000
0.0000
0.0000
0.0000
0.0000
0.0000
0.0000
0.0000
0.0000
0.0000
0.0000
0.0000
0.0000
0.0000
0.0000
0.0000
234.3750
234.3750
483.3984
483.3984
698.2422
698.2422
893.5547
893.5547
1005.8594
1005.8594
1108.3984
1108.3984
1142.5781
1142.5781
1196.2891
1196.2891
1201.1719
1201.1719
1210.9375
1210.9375
1235.3516
1235.3516
1245.1172
1245.1172
1279.2969
1279.2969
1259.7656
1259.7656
1245.1172
1245.1172
1171.8750
1171.8750
1083.9844
1083.9844
1049.8047
1049.8047
1093.7500
1093.7500
1127.9297
1127.9297
927.7344
927.7344
512.6953
512.6953
0.0000
0.0000
0.0000
0.0000
0.0000
0.0000
0.0000
0.0000
0.0000
0.0000
0.0000
0.0000
0.0000
0.0000
0.0000
0.0000
0.0000
0.0000
0.0000
0.0000
0.0000
0.0000
0.0000
0.0000
0.0000
0.0000
0.0000
0.0000
0.0000
0.0000
0.0000
0.0000
0.0000
0.0000
190.4297
190.4297
439.4531
439.4531
683.5937
683.5937
844.7266
844.7266
1015.6250
1015.6250
1123.0469
1123.0469
1201.1719
1201.1719
1254.8828
1254.8828
1264.6484
1264.6484
1318.3594
1318.3594
1308.5937
1308.5937
1337.8906
1337.8906
1323.2422
1323.2422
1318.3594
1318.3594
1279.2969
1279.2969
1220.7031
1220.7031
1171.8750
1171.8750
1079.1016
1079.1016
1088.8672
1088.8672
1127.9297
1127.9297
1093.7500
1093.7500
786.1328
786.1328
239.2578
239.2578
0.0000
0.0000
0.0000
0.0000
0.0000
0.0000
0.0000
0.0000
0.0000
0.0000
0.0000
0.0000
0.0000
0.0000
0.0000
0.0000
0.0000
0.0000
0.0000
0.0000
0.0000
0.0000
0.0000
0.0000
0.0000
0.0000
0.0000
0.0000
0.0000
0.0000
0.0000
0.0000
0.0000
0.0000
263.6719
263.6719
468.7500
468.7500
693.3594
693.3594
844.7266
844.7266
961.9141
961.9141
1059.5703
1059.5703
1162.1094
1162.1094
1235.3516
1235.3516
1279.2969
1279.2969
1289.0625
1289.0625
1284.1797
1284.1797
1250.0000
1250.0000
1240.2344
1240.2344
1191.4062
1191.4062
1162.1094
1162.1094
1088.8672
1088.8672
1020.5078
1020.5078
971.6797
971.6797
1010.7422
1010.7422
1049.8047
1049.8047
825.1953
825.1953
371.0937
371.0937
0.0000
0.0000
0.0000
0.0000
0.0000
0.0000
0.0000
0.0000
0.0000
0.0000
0.0000
0.0000
0.0000
0.0000
0.0000
0.0000
0.0000
0.0000
0.0000
0.0000
0.0000
0.0000
0.0000
0.0000
0.0000
0.0000
0.0000
0.0000
0.0000
0.0000
0.0000
0.0000
0.0000
0.0000
151.3672
151.3672
468.7500
468.7500
708.0078
708.0078
878.9062
878.9062
1025.3906
1025.3906
1093.7500
1093.7500
1186.5234
1186.5234
1191.4062
1191.4062
1225.5859
1225.5859
1220.7031
1220.7031
1220.7031
1220.7031
1235.3516
1235.3516
1220.7031
1220.7031
1245.1172
1245.1172
1206.0547
1206.0547
1206.0547
1206.0547
1113.2812
1113.2812
1020.5078
1020.5078
937.5000
937.5000
952.1484
952.1484
874.0234
874.0234
493.1641
493.1641
0.0000
0.0000
0.0000
0.0000
0.0000
0.0000
0.0000
0.0000
0.0000
0.0000
0.0000
0.0000
0.0000
0.0000
0.0000
0.0000
0.0000
0.0000
0.0000
0.0000
0.0000
0.0000
0.0000
0.0000
0.0000
0.0000
0.0000
0.0000
0.0000
0.0000
0.0000
0.0000
0.0000
0.0000
0.0000
0.0000
229.4922
229.4922
507.8125
507.8125
795.8984
795.8984
957.0312
957.0312
1088.8672
1088.8672
1162.1094
1162.1094
1186.5234
1186.5234
1240.2344
1240.2344
1235.3516
1235.3516
1269.5312
1269.5312
1269.5312
1269.5312
1293.9453
1293.9453
1269.5312
1269.5312
1259.7656
1259.7656
1259.7656
1259.7656
1201.1719
1201.1719
1176.7578
1176.7578
1049.8047
1049.8047
1020.5078
1020.5078
971.6797
971.6797
727.5391
727.5391
175.7812
175.7812
0.0000
0.0000
0.0000
0.0000
0.0000
0.0000
0.0000
0.0000
0.0000
0.0000
0.0000
0.0000
0.0000
0.0000
0.0000
0.0000
0.0000
0.0000
0.0000
0.0000
0.0000
0.0000
0.0000
0.0000
0.0000
0.0000
0.0000
0.0000
0.0000
0.0000
0.0000
0.0000
0.0000
0.0000
78.1250
78.1250
405.2734
405.2734
625.0000
625.0000
874.0234
874.0234
1005.8594
1005.8594
1098.6328
1098.6328
1162.1094
1162.1094
1206.0547
1206.0547
1279.2969
1279.2969
1293.9453
1293.9453
1323.2422
1323.2422
1308.5937
1308.5937
1298.8281
1298.8281
1298.8281
1298.8281
1284.1797
1284.1797
1323.2422
1323.2422
1303.7109
1303.7109
1298.8281
1298.8281
1230.4687
1230.4687
1225.5859
1225.5859
1210.9375
1210.9375
1000.9766
1000.9766
522.4609
522.4609
0.0000
0.0000
0.0000
0.0000
0.0000
0.0000
0.0000
0.0000
0.0000
0.0000
0.0000
0.0000
0.0000
0.0000
0.0000
0.0000
0.0000
0.0000
0.0000
0.0000
0.0000
0.0000
0.0000
0.0000
0.0000
0.0000
0.0000
0.0000
0.0000
0.0000
0.0000
0.0000
0.0000
0.0000
0.0000
0.0000
263.6719
263.6719
546.8750
546.8750
776.3672
776.3672
976.5625
976.5625
1103.5156
1103.5156
1225.5859
1225.5859
1274.4141
1274.4141
1347.6562
1347.6562
1367.1875
1367.1875
1416.0156
1416.0156
1416.0156
1416.0156
1420.8984
1420.8984
1455.0781
1455.0781
1406.2500
1406.2500
1411.1328
1411.1328
1352.5391
1352.5391
1318.3594
1318.3594
1225.5859
1225.5859
1127.9297
1127.9297
1157.2266
1157.2266
1127.9297
1127.9297
976.5625
976.5625
478.5156
478.5156
0.0000
0.0000
0.0000
0.0000
0.0000
0.0000
0.0000
0.0000
0.0000
0.0000
0.0000
0.0000
0.0000
0.0000
0.0000
0.0000
0.0000
0.0000
0.0000
0.0000
0.0000
0.0000
0.0000
0.0000
0.0000
0.0000
0.0000
0.0000
0.0000
0.0000
0.0000
0.0000
0.0000
0.0000
63.4766
63.4766
371.0937
371.0937
634.7656
634.7656
888.6719
888.6719
1015.6250
1015.6250
1157.2266
1157.2266
1215.8203
1215.8203
1279.2969
1279.2969
1313.4766
1313.4766
1337.8906
1337.8906
1381.8359
1381.8359
1367.1875
1367.1875
1367.1875
1367.1875
1323.2422
1323.2422
1293.9453
1293.9453
1274.4141
1274.4141
1245.1172
1245.1172
1220.7031
1220.7031
1157.2266
1157.2266
1152.3437
1152.3437
1157.2266
1157.2266
1020.5078
1020.5078
576.1719
576.1719
0.0000
0.0000
0.0000
0.0000
0.0000
0.0000
0.0000
0.0000
0.0000
0.0000
0.0000
0.0000
0.0000
0.0000
0.0000
0.0000
0.0000
0.0000
0.0000
0.0000
0.0000
0.0000
0.0000
0.0000
0.0000
0.0000
0.0000
0.0000
0.0000
0.0000
0.0000
0.0000
0.0000
0.0000
0.0000
0.0000
195.3125
195.3125
463.8672
463.8672
742.1875
742.1875
947.2656
947.2656
1098.6328
1098.6328
1206.0547
1206.0547
1250.0000
1250.0000
1303.7109
1303.7109
1289.0625
1289.0625
1337.8906
1337.8906
1342.7734
1342.7734
1362.3047
1362.3047
1376.9531
1376.9531
1367.1875
1367.1875
1372.0703
1372.0703
1279.2969
1279.2969
1240.2344
1240.2344
1127.9297
1127.9297
1127.9297
1127.9297
1132.8125
1132.8125
917.9687
917.9687
385.7422
385.7422
0.0000
0.0000
0.0000
0.0000
0.0000
0.0000
0.0000
0.0000
0.0000
0.0000
0.0000
0.0000
0.0000
0.0000
0.0000
0.0000
0.0000
0.0000
0.0000
0.0000
0.0000
0.0000
0.0000
0.0000
0.0000
0.0000
0.0000
0.0000
0.0000
0.0000
0.0000
0.0000
0.0000
0.0000
0.0000
0.0000
302.7344
302.7344
532.2266
532.2266
742.1875
742.1875
913.0859
913.0859
1025.3906
1025.3906
1113.2812
1113.2812
1166.9922
1166.9922
1245.1172
1245.1172
1274.4141
1274.4141
1308.5937
1308.5937
1357.4219
1357.4219
1347.6562
1347.6562
1362.3047
1362.3047
1328.1250
1328.1250
1318.3594
1318.3594
1289.0625
1289.0625
1245.1172
1245.1172
1235.3516
1235.3516
1303.7109
1303.7109
1342.7734
1342.7734
1098.6328
1098.6328
590.8203
590.8203
0.0000
0.0000
0.0000
0.0000
0.0000
0.0000
0.0000
0.0000
0.0000
0.0000
0.0000
0.0000
0.0000
0.0000
0.0000
0.0000
0.0000
0.0000
0.0000
0.0000
0.0000
0.0000
0.0000
0.0000
0.0000
0.0000
0.0000
0.0000
0.0000
0.0000
0.0000
0.0000
0.0000
0.0000
107.4219
107.4219
390.6250
390.6250
639.6484
639.6484
830.0781
830.0781
1030.2734
1030.2734
1118.1641
1225.5859
1225.5859
1298.8281
1298.8281
1333.0078
1333.0078
1372.0703
1372.0703
1372.0703
1367.1875
1367.1875
1396.4844
1396.4844
1391.6016
1391.6016
1406.2500
1406.2500
1357.4219
1357.4219
1333.0078
1259.7656
1259.7656
1171.8750
1171.8750
1152.3437
1152.3437
1206.0547
1206.0547
1206.0547
1298.8281
1298.8281
1118.1641
1118.1641
678.7109
678.7109
24.4141
24.4141
0.0000
0.0000
0.0000
0.0000
0.0000
0.0000
0.0000
0.0000
0.0000
0.0000
0.0000
0.0000
0.0000
0.0000
0.0000
0.0000
0.0000
0.0000
0.0000
0.0000
0.0000
0.0000
0.0000
0.0000
0.0000
0.0000
0.0000
0.0000
0.0000
0.0000
0.0000
0.0000
0.0000
146.4844
146.4844
439.4531
439.4531
673.8281
673.8281
888.6719
888.6719
996.0937
996.0937
1118.1641
1118.1641
1176.7578
1176.7578
1210.9375
1210.9375
1254.8828
1254.8828
1259.7656
1259.7656
1279.2969
1279.2969
1264.6484
1264.6484
1264.6484
1264.6484
1250.0000
1250.0000
1245.1172
1245.1172
1254.8828
1254.8828
1196.2891
1196.2891
1147.4609
1147.4609
1113.2812
1113.2812
1176.7578
1176.7578
1196.2891
1196.2891
952.1484
952.1484
463.8672
463.8672
0.0000
0.0000
0.0000
0.0000
0.0000
0.0000
0.0000
0.0000
0.0000
0.0000
0.0000
0.0000
0.0000
0.0000
0.0000
0.0000
0.0000
0.0000
0.0000
0.0000
0.0000
0.0000
0.0000
0.0000
0.0000
0.0000
0.0000
0.0000
0.0000
0.0000
0.0000
0.0000
0.0000
0.0000
107.4219
107.4219
410.1562
410.1562
625.0000
625.0000
815.4297
815.4297
976.5625
976.5625
1074.2187
1074.2187
1181.6406
1181.6406
1210.9375
1210.9375
1269.5312
1269.5312
1240.2344
1240.2344
1250.0000
1250.0000
1250.0000
1250.0000
1240.2344
1240.2344
1274.4141
1274.4141
1279.2969
1279.2969
1293.9453
1293.9453
1279.2969
1279.2969
1220.7031
1220.7031
1127.9297
1127.9297
1103.5156
1103.5156
1127.9297
1127.9297
1025.3906
1025.3906
703.1250
703.1250
107.4219
107.4219
0.0000
0.0000
0.0000
0.0000
0.0000
0.0000
0.0000
0.0000
0.0000
0.0000
0.0000
0.0000
0.0000
0.0000
0.0000
0.0000
0.0000
0.0000
0.0000
0.0000
0.0000
0.0000
0.0000
0.0000
0.0000
0.0000
0.0000
0.0000
0.0000
0.0000
0.0000
0.0000
0.0000
0.0000
0.0000
0.0000
278.3203
278.3203
517.5781
517.5781
771.4844
771.4844
913.0859
913.0859
1049.8047
1049.8047
1118.1641
1118.1641
1157.2266
1157.2266
1206.0547
1206.0547
1196.2891
1196.2891
1230.4687
1230.4687
1210.9375
1210.9375
1206.0547
1206.0547
1201.1719
1201.1719
1191.4062
1191.4062
1220.7031
1220.7031
1186.5234
1186.5234
1196.2891
1196.2891
1123.0469
1123.0469
1132.8125
1132.8125
1152.3437
1152.3437
1088.8672
1088.8672
761.7187
761.7187
258.7891
258.7891
0.0000
0.0000
0.0000
0.0000
0.0000
0.0000
0.0000
0.0000
0.0000
0.0000
0.0000
0.0000
0.0000
0.0000
0.0000
0.0000
0.0000
0.0000
0.0000
0.0000
0.0000
0.0000
0.0000
0.0000
0.0000
0.0000
0.0000
0.0000
0.0000
0.0000
0.0000
0.0000
0.0000
0.0000
283.2031
283.2031
493.1641
493.1641
717.7734
717.7734
893.5547
893.5547
1015.6250
1015.6250
1142.5781
1142.5781
1220.7031
1220.7031
1323.2422
1323.2422
1362.3047
1362.3047
1406.2500
1406.2500
1420.8984
1420.8984
1416.0156
1416.0156
1396.4844
1396.4844
1362.3047
1362.3047
1333.0078
1333.0078
1289.0625
1289.0625
1269.5312
1269.5312
1206.0547
1206.0547
1137.6953
1137.6953
1103.5156
1103.5156
1118.1641
1118.1641
1118.1641
1118.1641
844.7266
