0.0000
0.0000
0.0000
0.0000
0.0000
0.0000
0.0000
0.0000
0.0000
0.0000
170.8984
170.8984
390.6250
390.6250
498.0469
498.0469
585.9375
585.9375
698.2422
698.2422
795.8984
795.8984
932.6172
932.6172
991.2109
991.2109
1074.2187
1074.2187
1054.6875
1054.6875
1030.2734
1030.2734
961.9141
961.9141
903.3203
903.3203
952.1484
952.1484
991.2109
991.2109
1049.8047
1049.8047
1044.9219
1044.9219
1113.2812
1113.2812
1137.6953
1137.6953
952.1484
952.1484
429.6875
429.6875
0.0000
0.0000
0.0000
0.0000
0.0000
0.0000
0.0000
0.0000
0.0000
0.0000
0.0000
0.0000
0.0000
0.0000
0.0000
0.0000
0.0000
0.0000
0.0000
0.0000
0.0000
0.0000
0.0000
0.0000
0.0000
0.0000
0.0000
0.0000
0.0000
0.0000
0.0000
0.0000
190.4297
190.4297
366.2109
366.2109
610.3516
610.3516
791.0156
791.0156
1005.8594
1005.8594
1162.1094
1162.1094
1298.8281
1298.8281
1386.7187
1386.7187
1420.8984
1420.8984
1401.3672
1401.3672
1328.1250
1328.1250
1259.7656
1259.7656
1220.7031
1220.7031
1215.8203
1215.8203
1250.0000
1250.0000
1264.6484
1264.6484
1279.2969
1279.2969
1230.4687
1230.4687
1093.7500
1093.7500
874.0234
874.0234
708.0078
708.0078
654.2969
654.2969
483.3984
483.3984
292.9687
292.9687
0.0000
0.0000
0.0000
0.0000
0.0000
0.0000
0.0000
0.0000
0.0000
0.0000
0.0000
0.0000
0.0000
0.0000
0.0000
0.0000
0.0000
0.0000
0.0000
0.0000
0.0000
0.0000
0.0000
0.0000
0.0000
0.0000
0.0000
0.0000
0.0000
0.0000
0.0000
0.0000
0.0000
0.0000
195.3125
195.3125
502.9297
502.9297
737.3047
737.3047
898.4375
898.4375
1005.8594
1005.8594
1010.7422
1010.7422
1035.1562
1035.1562
1005.8594
1005.8594
1035.1562
1035.1562
1054.6875
1054.6875
1108.3984
1108.3984
1166.9922
1166.9922
1186.5234
1186.5234
1157.2266
1157.2266
1098.6328
1098.6328
1054.6875
1054.6875
996.0937
996.0937
952.1484
952.1484
898.4375
898.4375
883.7891
883.7891
917.9687
917.9687
747.0703
747.0703
258.7891
258.7891
0.0000
0.0000
0.0000
0.0000
0.0000
0.0000
0.0000
0.0000
0.0000
0.0000
0.0000
0.0000
0.0000
0.0000
0.0000
0.0000
0.0000
0.0000
0.0000
0.0000
0.0000
0.0000
0.0000
0.0000
0.0000
0.0000
0.0000
0.0000
0.0000
0.0000
0.0000
0.0000
0.0000
0.0000
200.1953
200.1953
444.3359
444.3359
654.2969
654.2969
786.1328
786.1328
898.4375
898.4375
1020.5078
1020.5078
1113.2812
1113.2812
1245.1172
1245.1172
1298.8281
1298.8281
1357.4219
1357.4219
1342.7734
1342.7734
1308.5937
1308.5937
1274.4141
1274.4141
1220.7031
1220.7031
1225.5859
1225.5859
1186.5234
1186.5234
1186.5234
1186.5234
1098.6328
1098.6328
991.2109
991.2109
903.3203
903.3203
849.6094
849.6094
576.1719
576.1719
87.8906
87.8906
0.0000
0.0000
0.0000
0.0000
0.0000
0.0000
0.0000
0.0000
0.0000
0.0000
0.0000
0.0000
0.0000
0.0000
0.0000
0.0000
0.0000
0.0000
0.0000
0.0000
0.0000
0.0000
0.0000
0.0000
0.0000
0.0000
0.0000
0.0000
0.0000
0.0000
0.0000
0.0000
0.0000
0.0000
185.5469
185.5469
429.6875
429.6875
717.7734
717.7734
942.3828
942.3828
1118.1641
1118.1641
1220.7031
1220.7031
1245.1172
1245.1172
1245.1172
1245.1172
1186.5234
1186.5234
1152.3437
1152.3437
1147.4609
1147.4609
1147.4609
1147.4609
1206.0547
1206.0547
1240.2344
1240.2344
1279.2969
1279.2969
1269.5312
1269.5312
1215.8203
1215.8203
1113.2812
1113.2812
1083.9844
1083.9844
1176.7578
1176.7578
1098.6328
1098.6328
693.3594
693.3594
63.4766
63.4766
0.0000
0.0000
0.0000
0.0000
0.0000
0.0000
0.0000
0.0000
0.0000
0.0000
0.0000
0.0000
0.0000
0.0000
0.0000
0.0000
0.0000
0.0000
0.0000
0.0000
0.0000
0.0000
0.0000
0.0000
0.0000
0.0000
0.0000
0.0000
0.0000
0.0000
0.0000
0.0000
92.7734
92.7734
468.7500
468.7500
781.2500
781.2500
981.4453
981.4453
1147.4609
1147.4609
1206.0547
1206.0547
1264.6484
1264.6484
1289.0625
1289.0625
1347.6562
1347.6562
1411.1328
1411.1328
1450.1953
1450.1953
1479.4922
1479.4922
1435.5469
1435.5469
1376.9531
1376.9531
1264.6484
1264.6484
1191.4062
1191.4062
1118.1641
1118.1641
1074.2187
1074.2187
1035.1562
1035.1562
1035.1562
1035.1562
1093.7500
1093.7500
917.9687
917.9687
488.2812
488.2812
0.0000
0.0000
0.0000
0.0000
0.0000
0.0000
0.0000
0.0000
0.0000
0.0000
0.0000
0.0000
0.0000
0.0000
0.0000
0.0000
0.0000
0.0000
0.0000
0.0000
0.0000
0.0000
0.0000
0.0000
0.0000
0.0000
0.0000
0.0000
0.0000
0.0000
0.0000
0.0000
190.4297
190.4297
415.0391
415.0391
620.1172
620.1172
786.1328
786.1328
908.2031
908.2031
1025.3906
1025.3906
1118.1641
1118.1641
1206.0547
1206.0547
1264.6484
1264.6484
1308.5937
1308.5937
1289.0625
1289.0625
1240.2344
1240.2344
1152.3437
1152.3437
1074.2187
1074.2187
1025.3906
1025.3906
1040.0391
1040.0391
1064.4531
1064.4531
1074.2187
1074.2187
1010.7422
1010.7422
971.6797
971.6797
903.3203
903.3203
620.1172
620.1172
73.2422
73.2422
0.0000
0.0000
0.0000
0.0000
0.0000
0.0000
0.0000
0.0000
0.0000
0.0000
0.0000
0.0000
0.0000
0.0000
0.0000
0.0000
0.0000
0.0000
0.0000
0.0000
0.0000
0.0000
0.0000
0.0000
0.0000
0.0000
0.0000
0.0000
0.0000
0.0000
0.0000
0.0000
0.0000
0.0000
0.0000
0.0000
273.4375
273.4375
532.2266
532.2266
810.5469
810.5469
1044.9219
1044.9219
1191.4062
1191.4062
1264.6484
1264.6484
1264.6484
1264.6484
1240.2344
1240.2344
1176.7578
1176.7578
1162.1094
1162.1094
1206.0547
1206.0547
1264.6484
1264.6484
1347.6562
1347.6562
1396.4844
1396.4844
1391.6016
1391.6016
1318.3594
1318.3594
1201.1719
1201.1719
1015.6250
1015.6250
903.3203
903.3203
917.9687
917.9687
781.2500
781.2500
380.8594
380.8594
0.0000
0.0000
0.0000
0.0000
0.0000
0.0000
0.0000
0.0000
0.0000
0.0000
0.0000
0.0000
0.0000
0.0000
0.0000
0.0000
0.0000
0.0000
0.0000
0.0000
0.0000
0.0000
0.0000
0.0000
0.0000
0.0000
0.0000
0.0000
0.0000
0.0000
0.0000
0.0000
0.0000
0.0000
92.7734
92.7734
439.4531
439.4531
722.6562
722.6562
903.3203
903.3203
1020.5078
1020.5078
1059.5703
1059.5703
1108.3984
1108.3984
1137.6953
1137.6953
1201.1719
1201.1719
1284.1797
1284.1797
1328.1250
1328.1250
1381.8359
1381.8359
1352.5391
1352.5391
1323.2422
1323.2422
1220.7031
1220.7031
1157.2266
1157.2266
1093.7500
1093.7500
1000.9766
1000.9766
1000.9766
1000.9766
1010.7422
1010.7422
1044.9219
1044.9219
766.6016
766.6016
292.9687
292.9687
0.0000
0.0000
0.0000
0.0000
0.0000
0.0000
0.0000
0.0000
0.0000
0.0000
0.0000
0.0000
0.0000
0.0000
0.0000
0.0000
0.0000
0.0000
0.0000
0.0000
0.0000
0.0000
0.0000
0.0000
0.0000
0.0000
0.0000
0.0000
0.0000
0.0000
0.0000
0.0000
253.9062
253.9062
502.9297
502.9297
668.9453
668.9453
854.4922
854.4922
942.3828
942.3828
1098.6328
1098.6328
1210.9375
1210.9375
1357.4219
1357.4219
1450.1953
1450.1953
1499.0234
1499.0234
1503.9062
1503.9062
1450.1953
1450.1953
1391.6016
1391.6016
1308.5937
1308.5937
1284.1797
1284.1797
1279.2969
1279.2969
1284.1797
1284.1797
1284.1797
1284.1797
1254.8828
1254.8828
1127.9297
1127.9297
947.2656
947.2656
844.7266
844.7266
756.8359
756.8359
458.9844
458.9844
0.0000
0.0000
0.0000
0.0000
0.0000
0.0000
0.0000
0.0000
0.0000
0.0000
0.0000
0.0000
0.0000
0.0000
0.0000
0.0000
0.0000
0.0000
0.0000
0.0000
0.0000
0.0000
0.0000
0.0000
0.0000
0.0000
0.0000
0.0000
0.0000
0.0000
0.0000
0.0000
0.0000
0.0000
0.0000
0.0000
0.0000
312.5000
312.5000
615.2344
615.2344
615.2344
805.6641
805.6641
961.9141
961.9141
981.4453
981.4453
1015.6250
1015.6250
1005.8594
1079.1016
1079.1016
1166.9922
1166.9922
1215.8203
1215.8203
1284.1797
1284.1797
1284.1797
1293.9453
1293.9453
1289.0625
1289.0625
1186.5234
1186.5234
1123.0469
1123.0469
981.4453
981.4453
961.9141
1069.3359
1069.3359
1127.9297
1127.9297
961.9141
961.9141
454.1016
454.1016
454.1016
0.0000
0.0000
0.0000
0.0000
0.0000
0.0000
0.0000
0.0000
0.0000
0.0000
0.0000
0.0000
0.0000
0.0000
0.0000
0.0000
0.0000
0.0000
0.0000
0.0000
0.0000
0.0000
0.0000
0.0000
0.0000
0.0000
0.0000
0.0000
0.0000
0.0000
0.0000
0.0000
0.0000
0.0000
0.0000
288.0859
288.0859
556.6406
556.6406
771.4844
771.4844
898.4375
898.4375
1025.3906
1025.3906
1118.1641
1118.1641
1220.7031
1220.7031
1318.3594
1318.3594
1406.2500
1406.2500
1455.0781
1455.0781
1455.0781
1455.0781
1445.3125
1445.3125
1386.7187
1386.7187
1347.6562
1347.6562
1313.4766
1313.4766
1264.6484
1264.6484
1259.7656
1259.7656
1250.0000
1250.0000
1352.5391
1352.5391
1401.3672
1401.3672
1269.5312
1269.5312
761.7187
761.7187
112.3047
112.3047
0.0000
0.0000
0.0000
0.0000
0.0000
0.0000
0.0000
0.0000
0.0000
0.0000
0.0000
0.0000
0.0000
0.0000
0.0000
0.0000
0.0000
0.0000
0.0000
0.0000
0.0000
0.0000
0.0000
0.0000
0.0000
0.0000
0.0000
0.0000
0.0000
0.0000
0.0000
0.0000
0.0000
0.0000
209.9609
209.9609
400.3906
400.3906
688.4766
688.4766
869.1406
869.1406
1074.2187
1074.2187
1171.8750
1171.8750
1220.7031
1220.7031
1225.5859
1225.5859
1171.8750
1171.8750
1162.1094
1162.1094
1118.1641
1118.1641
1181.6406
1181.6406
1201.1719
1201.1719
1259.7656
1259.7656
1298.8281
1298.8281
1293.9453
1293.9453
1254.8828
1254.8828
1171.8750
1171.8750
1196.2891
1196.2891
1220.7031
1220.7031
1103.5156
1103.5156
708.0078
708.0078
185.5469
185.5469
0.0000
0.0000
0.0000
0.0000
0.0000
0.0000
0.0000
0.0000
0.0000
0.0000
0.0000
0.0000
0.0000
0.0000
0.0000
0.0000
0.0000
0.0000
0.0000
0.0000
0.0000
0.0000
0.0000
0.0000
0.0000
0.0000
0.0000
0.0000
0.0000
0.0000
0.0000
0.0000
0.0000
0.0000
224.6094
224.6094
512.6953
512.6953
776.3672
776.3672
908.2031
908.2031
1000.9766
1000.9766
1030.2734
1030.2734
1088.8672
1088.8672
1171.8750
1171.8750
1250.0000
1250.0000
1333.0078
1333.0078
1396.4844
1396.4844
1401.3672
1401.3672
1391.6016
1391.6016
1323.2422
1323.2422
1245.1172
1245.1172
1127.9297
1127.9297
1059.5703
1059.5703
1044.9219
1044.9219
1137.6953
1137.6953
1279.2969
1279.2969
1279.2969
1279.2969
996.0937
996.0937
429.6875
429.6875
0.0000
0.0000
0.0000
0.0000
0.0000
0.0000
0.0000
0.0000
0.0000
0.0000
0.0000
0.0000
0.0000
0.0000
0.0000
0.0000
0.0000
0.0000
0.0000
0.0000
0.0000
0.0000
0.0000
0.0000
0.0000
0.0000
0.0000
0.0000
0.0000
0.0000
0.0000
0.0000
107.4219
107.4219
351.5625
351.5625
527.3437
527.3437
664.0625
664.0625
805.6641
805.6641
903.3203
903.3203
1040.0391
1040.0391
1127.9297
1127.9297
1215.8203
1215.8203
1254.8828
1254.8828
1269.5312
1269.5312
1225.5859
1225.5859
1157.2266
1157.2266
1118.1641
1118.1641
1064.4531
1064.4531
1098.6328
1098.6328
1103.5156
1103.5156
1132.8125
1132.8125
1162.1094
1162.1094
1245.1172
1245.1172
1157.2266
1157.2266
747.0703
747.0703
151.3672
151.3672
0.0000
0.0000
0.0000
0.0000
0.0000
0.0000
0.0000
0.0000
0.0000
0.0000
0.0000
0.0000
0.0000
0.0000
0.0000
0.0000
0.0000
0.0000
0.0000
0.0000
0.0000
0.0000
0.0000
0.0000
0.0000
0.0000
0.0000
0.0000
0.0000
0.0000
0.0000
0.0000
0.0000
0.0000
0.0000
0.0000
249.0234
249.0234
551.7578
551.7578
786.1328
786.1328
986.3281
986.3281
1113.2812
1113.2812
1166.9922
1166.9922
1162.1094
1162.1094
1132.8125
1132.8125
1137.6953
1137.6953
1132.8125
1132.8125
1196.2891
1196.2891
1250.0000
1250.0000
1298.8281
1298.8281
1328.1250
1328.1250
1274.4141
1274.4141
1186.5234
1186.5234
1044.9219
1044.9219
1020.5078
1020.5078
1054.6875
1054.6875
1108.3984
1108.3984
913.0859
913.0859
405.2734
405.2734
0.0000
0.0000
0.0000
0.0000
0.0000
0.0000
0.0000
0.0000
0.0000
0.0000
0.0000
0.0000
0.0000
0.0000
0.0000
0.0000
0.0000
0.0000
0.0000
0.0000
0.0000
0.0000
0.0000
0.0000
0.0000
0.0000
0.0000
0.0000
0.0000
0.0000
0.0000
0.0000
0.0000
0.0000
73.2422
73.2422
297.8516
297.8516
571.2891
571.2891
703.1250
703.1250
815.4297
815.4297
883.7891
883.7891
922.8516
922.8516
1005.8594
1005.8594
1064.4531
1064.4531
1162.1094
1162.1094
1191.4062
1191.4062
1215.8203
1215.8203
1196.2891
1196.2891
1132.8125
1132.8125
1079.1016
1079.1016
1035.1562
1035.1562
1030.2734
1030.2734
1049.8047
1049.8047
1074.2187
1074.2187
1166.9922
1166.9922
1171.8750
1171.8750
903.3203
903.3203
351.5625
351.5625
0.0000
0.0000
0.0000
0.0000
0.0000
0.0000
0.0000
0.0000
0.0000
0.0000
0.0000
0.0000
0.0000
0.0000
0.0000
0.0000
0.0000
0.0000
0.0000
0.0000
0.0000
0.0000
0.0000
0.0000
0.0000
0.0000
0.0000
0.0000
0.0000
0.0000
0.0000
0.0000
0.0000
0.0000
9.7656
9.7656
258.7891
258.7891
463.8672
463.8672
717.7734
717.7734
913.0859
913.0859
1123.0469
1123.0469
1264.6484
1264.6484
1362.3047
1362.3047
1406.2500
1406.2500
1381.8359
1381.8359
1337.8906
1337.8906
1264.6484
1264.6484
1264.6484
1264.6484
1274.4141
1274.4141
1318.3594
1318.3594
1352.5391
1352.5391
1367.1875
1367.1875
1318.3594
1318.3594
1220.7031
1220.7031
1088.8672
1088.8672
996.0937
996.0937
1005.8594
1005.8594
883.7891
883.7891
522.4609
522.4609
0.0000
0.0000
0.0000
0.0000
0.0000
0.0000
0.0000
0.0000
0.0000
0.0000
0.0000
0.0000
0.0000
0.0000
0.0000
0.0000
0.0000
0.0000
0.0000
0.0000
0.0000
0.0000
0.0000
0.0000
0.0000
0.0000
0.0000
0.0000
0.0000
0.0000
0.0000
0.0000
0.0000
0.0000
0.0000
0.0000
117.1875
117.1875
439.4531
439.4531
659.1797
659.1797
815.4297
815.4297
908.2031
908.2031
942.3828
942.3828
1020.5078
1020.5078
1079.1016
1079.1016
1157.2266
1157.2266
1240.2344
1240.2344
1298.8281
1298.8281
1337.8906
1337.8906
1323.2422
1323.2422
1269.5312
1269.5312
1166.9922
1166.9922
1098.6328
1098.6328
1054.6875
1054.6875
1044.9219
1044.9219
1083.9844
1083.9844
1186.5234
1186.5234
1289.0625
1289.0625
1123.0469
1123.0469
576.1719
576.1719
0.0000
0.0000
0.0000
0.0000
0.0000
0.0000
0.0000
0.0000
0.0000
0.0000
0.0000
0.0000
0.0000
0.0000
0.0000
0.0000
0.0000
0.0000
0.0000
0.0000
0.0000
0.0000
0.0000
0.0000
0.0000
0.0000
0.0000
0.0000
0.0000
0.0000
0.0000
0.0000
0.0000
0.0000
0.0000
0.0000
209.9609
209.9609
468.7500
468.7500
664.0625
664.0625
898.4375
898.4375
1049.8047
1049.8047
1215.8203
1215.8203
1289.0625
1289.0625
1347.6562
1347.6562
1328.1250
1328.1250
1289.0625
1289.0625
1264.6484
1264.6484
1240.2344
1240.2344
1274.4141
1274.4141
1298.8281
1298.8281
1352.5391
1352.5391
1333.0078
1333.0078
1259.7656
1259.7656
1118.1641
1118.1641
957.0312
957.0312
942.3828
942.3828
947.2656
947.2656
698.2422
698.2422
244.1406
244.1406
0.0000
0.0000
0.0000
0.0000
0.0000
0.0000
0.0000
0.0000
0.0000
0.0000
0.0000
0.0000
0.0000
0.0000
0.0000
0.0000
0.0000
0.0000
0.0000
0.0000
0.0000
0.0000
0.0000
0.0000
0.0000
0.0000
0.0000
0.0000
0.0000
0.0000
0.0000
0.0000
0.0000
0.0000
185.5469
185.5469
507.8125
507.8125
742.1875
742.1875
903.3203
903.3203
1025.3906
1025.3906
1054.6875
1054.6875
1093.7500
1093.7500
1088.8672
1088.8672
1147.4609
1147.4609
1152.3437
1152.3437
1201.1719
1201.1719
1230.4687
1230.4687
1240.2344
1240.2344
1240.2344
1240.2344
1186.5234
1186.5234
1181.6406
1181.6406
1103.5156
1103.5156
1049.8047
1049.8047
1030.2734
1030.2734
1093.7500
1093.7500
1000.9766
1000.9766
600.5859
600.5859
24.4141
24.4141
0.0000
0.0000
0.0000
0.0000
0.0000
0.0000
0.0000
0.0000
0.0000
0.0000
0.0000
0.0000
0.0000
0.0000
0.0000
0.0000
0.0000
0.0000
0.0000
0.0000
0.0000
0.0000
0.0000
0.0000
0.0000
0.0000
0.0000
0.0000
0.0000
0.0000
0.0000
0.0000
170.8984
170.8984
410.1562
410.1562
649.4141
649.4141
805.6641
805.6641
947.2656
947.2656
1074.2187
1074.2187
1166.9922
1166.9922
1274.4141
1274.4141
1347.6562
1347.6562
1396.4844
1396.4844
1411.1328
1411.1328
1386.7187
1386.7187
1333.0078
1333.0078
1259.7656
1259.7656
1220.7031
1220.7031
1206.0547
1206.0547
1220.7031
1220.7031
1230.4687
1230.4687
1186.5234
1186.5234
1147.4609
1147.4609
1123.0469
1123.0469
1040.0391
1040.0391
668.9453
668.9453
102.5391
102.5391
0.0000
0.0000
0.0000
0.0000
0.0000
0.0000
0.0000
0.0000
0.0000
0.0000
0.0000
0.0000
0.0000
0.0000
0.0000
0.0000
0.0000
0.0000
0.0000
0.0000
0.0000
0.0000
0.0000
0.0000
0.0000
0.0000
0.0000
0.0000
0.0000
0.0000
0.0000
0.0000
0.0000
0.0000
43.9453
43.9453
302.7344
302.7344
629.8828
629.8828
805.6641
805.6641
986.3281
1083.9844
1083.9844
1132.8125
1132.8125
1162.1094
1162.1094
1152.3437
1152.3437
1152.3437
1157.2266
1157.2266
1166.9922
1166.9922
1215.8203
1215.8203
1225.5859
1225.5859
1269.5312
1284.1797
1284.1797
1269.5312
1269.5312
1206.0547
1206.0547
1093.7500
1093.7500
1093.7500
1040.0391
1040.0391
1074.2187
1074.2187
1098.6328
1098.6328
859.3750
859.3750
395.5078
395.5078
0.0000
0.0000
0.0000
0.0000
0.0000
0.0000
0.0000
0.0000
0.0000
0.0000
0.0000
0.0000
0.0000
0.0000
0.0000
0.0000
0.0000
0.0000
0.0000
0.0000
0.0000
0.0000
0.0000
0.0000
0.0000
0.0000
0.0000
0.0000
0.0000
0.0000
0.0000
0.0000
0.0000
253.9062
253.9062
551.7578
551.7578
795.8984
795.8984
942.3828
942.3828
1025.3906
1025.3906
1088.8672
1088.8672
1098.6328
1098.6328
1181.6406
1181.6406
1235.3516
1235.3516
1293.9453
1293.9453
1357.4219
1357.4219
1376.9531
1376.9531
1372.0703
1372.0703
1308.5937
1308.5937
1254.8828
1254.8828
1152.3437
1152.3437
1127.9297
1127.9297
1098.6328
1098.6328
1132.8125
1132.8125
1264.6484
1264.6484
1323.2422
1323.2422
1137.6953
1137.6953
537.1094
537.1094
0.0000
0.0000
0.0000
0.0000
0.0000
0.0000
0.0000
0.0000
0.0000
0.0000
0.0000
0.0000
0.0000
0.0000
0.0000
0.0000
0.0000
0.0000
0.0000
0.0000
0.0000
0.0000
0.0000
0.0000
0.0000
0.0000
0.0000
0.0000
0.0000
0.0000
0.0000
0.0000
0.0000
0.0000
0.0000
0.0000
214.8437
214.8437
454.1016
454.1016
708.0078
708.0078
893.5547
893.5547
1079.1016
1079.1016
1196.2891
1196.2891
1284.1797
1284.1797
1293.9453
1293.9453
1259.7656
1259.7656
1215.8203
1215.8203
1132.8125
1132.8125
1152.3437
1152.3437
1162.1094
1162.1094
1210.9375
1210.9375
1274.4141
1274.4141
1298.8281
1298.8281
1254.8828
1254.8828
1196.2891
1196.2891
1186.5234
1186.5234
1108.3984
1108.3984
776.3672
776.3672
224.6094
224.6094
0.0000
0.0000
0.0000
0.0000
0.0000
0.0000
0.0000
0.0000
0.0000
0.0000
0.0000
0.0000
0.0000
0.0000
0.0000
0.0000
0.0000
0.0000
0.0000
0.0000
0.0000
0.0000
0.0000
0.0000
0.0000
0.0000
0.0000
0.0000
0.0000
0.0000
0.0000
0.0000
0.0000
0.0000
0.0000
0.0000
307.6172
307.6172
576.1719
576.1719
849.6094
849.6094
1020.5078
1020.5078
1118.1641
1118.1641
1166.9922
1166.9922
1166.9922
1166.9922
1206.0547
1206.0547
1230.4687
1230.4687
1308.5937
1308.5937
1362.3047
1362.3047
1401.3672
1401.3672
1406.2500
1406.2500
1362.3047
1362.3047
1289.0625
1289.0625
1157.2266
1157.2266
1074.2187
1074.2187
1059.5703
1059.5703
1171.8750
1171.8750
1215.8203
1215.8203
1010.7422
1010.7422
424.8047
424.8047
0.0000
0.0000
0.0000
0.0000
0.0000
0.0000
0.0000
0.0000
0.0000
0.0000
0.0000
0.0000
0.0000
0.0000
0.0000
0.0000
0.0000
0.0000
0.0000
0.0000
0.0000
0.0000
0.0000
0.0000
0.0000
0.0000
0.0000
0.0000
0.0000
0.0000
0.0000
0.0000
0.0000
0.0000
14.6484
14.6484
307.6172
307.6172
498.0469
498.0469
649.4141
649.4141
781.2500
781.2500
893.5547
893.5547
1025.3906
1025.3906
1132.8125
1132.8125
1254.8828
1254.8828
1308.5937
1308.5937
1313.4766
1313.4766
1303.7109
1303.7109
1225.5859
1225.5859
1176.7578
1176.7578
1132.8125
1132.8125
1171.8750
1171.8750
1206.0547
1206.0547
1240.2344
1240.2344
1303.7109
1303.7109
1357.4219
1357.4219
1279.2969
1279.2969
874.0234
874.0234
302.7344
302.7344
0.0000
0.0000
0.0000
0.0000
0.0000
0.0000
0.0000
0.0000
0.0000
0.0000
0.0000
0.0000
0.0000
0.0000
0.0000
0.0000
0.0000
0.0000
0.0000
0.0000
0.0000
0.0000
0.0000
0.0000
0.0000
0.0000
0.0000
0.0000
0.0000
0.0000
4.8828
4.8828
278.3203
278.3203
483.3984
483.3984
712.8906
712.8906
947.2656
947.2656
1103.5156
1103.5156
1245.1172
1245.1172
1328.1250
1328.1250
1376.9531
1376.9531
1367.1875
1367.1875
1337.8906
1337.8906
1269.5312
1269.5312
1259.7656
1259.7656
1269.5312
1269.5312
1298.8281
1298.8281
1357.4219
1357.4219
1362.3047
1362.3047
1318.3594
1318.3594
1220.7031
1220.7031
1079.1016
1079.1016
1040.0391
1040.0391
1049.8047
1049.8047
952.1484
952.1484
576.1719
576.1719
39.0625
39.0625
0.0000
0.0000
0.0000
0.0000
0.0000
0.0000
0.0000
0.0000
0.0000
0.0000
0.0000
0.0000
0.0000
0.0000
0.0000
0.0000
0.0000
0.0000
0.0000
0.0000
0.0000
0.0000
0.0000
0.0000
0.0000
0.0000
0.0000
0.0000
0.0000
0.0000
0.0000
0.0000
0.0000
0.0000
107.4219
107.4219
429.6875
429.6875
708.0078
708.0078
888.6719
888.6719
1005.8594
1005.8594
1069.3359
1069.3359
1123.0469
1123.0469
1176.7578
1176.7578
1210.9375
1210.9375
1279.2969
1279.2969
1323.2422
1323.2422
1337.8906
1337.8906
1308.5937
1308.5937
1235.3516
1235.3516
1191.4062
1191.4062
1108.3984
1108.3984
1064.4531
1064.4531
1005.8594
1005.8594
1098.6328
1098.6328
1171.8750
1171.8750
1059.5703
1059.5703
620.1172
620.1172
0.0000
0.0000
0.0000
0.0000
0.0000
0.0000
0.0000
0.0000
0.0000
0.0000
0.0000
0.0000
0.0000
0.0000
0.0000
0.0000
0.0000
0.0000
0.0000
0.0000
0.0000
0.0000
0.0000
0.0000
0.0000
0.0000
0.0000
0.0000
0.0000
0.0000
0.0000
0.0000
0.0000
0.0000
0.0000
0.0000
234.3750
234.3750
415.0391
415.0391
620.1172
620.1172
795.8984
795.8984
957.0312
957.0312
1137.6953
1137.6953
1274.4141
1274.4141
1372.0703
1372.0703
1420.8984
1420.8984
1420.8984
1420.8984
1367.1875
1367.1875
1313.4766
1313.4766
1289.0625
1289.0625
1264.6484
1264.6484
1293.9453
1293.9453
1293.9453
1293.9453
1284.1797
1284.1797
1254.8828
1254.8828
1284.1797
1284.1797
1293.9453
1293.9453
1142.5781
1142.5781
722.6562
722.6562
97.6562
97.6562
0.0000
0.0000
0.0000
0.0000
0.0000
0.0000
0.0000
0.0000
0.0000
0.0000
0.0000
0.0000
0.0000
0.0000
0.0000
0.0000
0.0000
0.0000
0.0000
0.0000
0.0000
0.0000
0.0000
0.0000
0.0000
0.0000
0.0000
0.0000
0.0000
0.0000
0.0000
0.0000
0.0000
0.0000
117.1875
117.1875
415.0391
415.0391
698.2422
698.2422
947.2656
947.2656
1079.1016
1079.1016
1176.7578
1176.7578
1191.4062
1191.4062
1186.5234
1186.5234
1176.7578
1176.7578
1152.3437
1152.3437
1201.1719
1201.1719
1215.8203
1215.8203
1284.1797
1284.1797
1279.2969
1279.2969
1293.9453
1293.9453
1259.7656
1259.7656
1215.8203
1215.8203
1152.3437
1152.3437
1054.6875
1054.6875
1108.3984
1108.3984
1118.1641
1118.1641
981.4453
981.4453
507.8125
507.8125
0.0000
0.0000
0.0000
0.0000
0.0000
0.0000
0.0000
0.0000
0.0000
0.0000
0.0000
0.0000
0.0000
0.0000
0.0000
0.0000
0.0000
0.0000
0.0000
0.0000
0.0000
0.0000
0.0000
0.0000
0.0000
0.0000
0.0000
0.0000
0.0000
0.0000
0.0000
0.0000
0.0000
0.0000
0.0000
0.0000
273.4375
273.4375
463.8672
463.8672
673.8281
673.8281
781.2500
781.2500
898.4375
898.4375
1005.8594
1005.8594
1137.6953
1137.6953
1264.6484
1264.6484
1342.7734
1342.7734
1401.3672
1401.3672
1411.1328
1411.1328
1391.6016
1391.6016
1342.7734
1342.7734
1303.7109
1303.7109
1289.0625
1289.0625
1254.8828
1254.8828
1210.9375
1210.9375
1152.3437
1152.3437
1142.5781
1142.5781
1171.8750
1171.8750
1088.8672
1088.8672
766.6016
766.6016
151.3672
151.3672
0.0000
0.0000
0.0000
0.0000
0.0000
0.0000
0.0000
0.0000
0.0000
0.0000
0.0000
0.0000
0.0000
0.0000
0.0000
0.0000
0.0000
0.0000
0.0000
0.0000
0.0000
0.0000
0.0000
0.0000
0.0000
0.0000
0.0000
0.0000
0.0000
0.0000
0.0000
0.0000
0.0000
0.0000
9.7656
9.7656
288.0859
288.0859
576.1719
576.1719
859.3750
859.3750
1030.2734
1030.2734
1181.6406
1181.6406
1225.5859
1225.5859
1259.7656
1259.7656
1240.2344
1240.2344
1220.7031
1220.7031
1225.5859
1225.5859
1250.0000
1250.0000
1293.9453
1293.9453
1313.4766
1313.4766
1362.3047
1362.3047
1347.6562
1347.6562
1333.0078
1333.0078
1245.1172
1245.1172
1132.8125
1132.8125
1108.3984
1108.3984
1162.1094
1162.1094
1152.3437
1152.3437
839.8437
839.8437
322.2656
322.2656
0.0000
0.0000
0.0000
0.0000
0.0000
0.0000
0.0000
0.0000
0.0000
0.0000
0.0000
0.0000
0.0000
0.0000
0.0000
0.0000
0.0000
0.0000
0.0000
0.0000
0.0000
0.0000
0.0000
0.0000
0.0000
0.0000
0.0000
0.0000
0.0000
0.0000
0.0000
0.0000
14.6484
14.6484
351.5625
351.5625
625.0000
625.0000
815.4297
815.4297
913.0859
913.0859
1000.9766
1000.9766
1025.3906
1025.3906
1123.0469
1123.0469
1220.7031
1220.7031
1313.4766
1313.4766
1391.6016
1391.6016
1416.0156
1416.0156
1381.8359
1381.8359
1318.3594
1318.3594
1230.4687
1230.4687
1171.8750
1171.8750
1147.4609
1147.4609
1132.8125
1132.8125
1088.8672
1088.8672
1132.8125
1132.8125
1176.7578
1176.7578
1030.2734
1030.2734
615.2344
615.2344
34.1797
34.1797
0.0000
0.0000
0.0000
0.0000
0.0000
0.0000
0.0000
0.0000
0.0000
0.0000
0.0000
0.0000
0.0000
0.0000
0.0000
0.0000
0.0000
0.0000
0.0000
0.0000
0.0000
0.0000
0.0000
0.0000
0.0000
0.0000
0.0000
0.0000
0.0000
0.0000
0.0000
0.0000
19.5312
19.5312
283.2031
444.3359
444.3359
683.5937
683.5937
869.1406
869.1406
1035.1562
1035.1562
1171.8750
1171.8750
1171.8750
1245.1172
1245.1172
1284.1797
1284.1797
1274.4141
1274.4141
1245.1172
1245.1172
1176.7578
1162.1094
1162.1094
1157.2266
1157.2266
1166.9922
1166.9922
1225.5859
1225.5859
1225.5859
1264.6484
1269.5312
1269.5312
1201.1719
1201.1719
1108.3984
1108.3984
1044.9219
1044.9219
1010.7422
1010.7422
781.2500
781.2500
336.9141
336.9141
0.0000
0.0000
0.0000
0.0000
0.0000
0.0000
0.0000
0.0000
0.0000
0.0000
0.0000
0.0000
0.0000
0.0000
0.0000
0.0000
0.0000
0.0000
0.0000
0.0000
0.0000
0.0000
0.0000
0.0000
0.0000
0.0000
0.0000
0.0000
0.0000
0.0000
0.0000
0.0000
0.0000
0.0000
224.6094
224.6094
551.7578
551.7578
820.3125
820.3125
1025.3906
1025.3906
1132.8125
1132.8125
1162.1094
1162.1094
1157.2266
1157.2266
1152.3437
1152.3437
1171.8750
1171.8750
1206.0547
1206.0547
1323.2422
1323.2422
1401.3672
1401.3672
1445.3125
1445.3125
1425.7812
1425.7812
1347.6562
1347.6562
1230.4687
1230.4687
1103.5156
1103.5156
1010.7422
1010.7422
947.2656
947.2656
1054.6875
1054.6875
1088.8672
1088.8672
903.3203
903.3203
410.1562
410.1562
0.0000
0.0000
0.0000
0.0000
0.0000
0.0000
0.0000
0.0000
0.0000
0.0000
0.0000
0.0000
0.0000
0.0000
0.0000
0.0000
0.0000
0.0000
0.0000
0.0000
0.0000
0.0000
0.0000
0.0000
0.0000
0.0000
0.0000
0.0000
0.0000
0.0000
0.0000
0.0000
0.0000
0.0000
263.6719
263.6719
532.2266
532.2266
668.9453
668.9453
825.1953
825.1953
913.0859
913.0859
1030.2734
1030.2734
1127.9297
1127.9297
1220.7031
1220.7031
1259.7656
1259.7656
1264.6484
1264.6484
1225.5859
1225.5859
1162.1094
1162.1094
1108.3984
1108.3984
1069.3359
1069.3359
1074.2187
1074.2187
1132.8125
1132.8125
1176.7578
1176.7578
1166.9922
1166.9922
1123.0469
1123.0469
1093.7500
1093.7500
1025.3906
1025.3906
756.8359
756.8359
292.9687
292.9687
0.0000
0.0000
0.0000
0.0000
0.0000
0.0000
0.0000
0.0000
0.0000
0.0000
0.0000
0.0000
0.0000
0.0000
0.0000
0.0000
0.0000
0.0000
0.0000
0.0000
0.0000
0.0000
0.0000
0.0000
0.0000
0.0000
0.0000
0.0000
0.0000
0.0000
0.0000
0.0000
0.0000
0.0000
0.0000
0.0000
273.4375
273.4375
556.6406
556.6406
834.9609
834.9609
1064.4531
1064.4531
1210.9375
1210.9375
1328.1250
1328.1250
1347.6562
1347.6562
1342.7734
1342.7734
1318.3594
1318.3594
1308.5937
1308.5937
1342.7734
1342.7734
1367.1875
1367.1875
1420.8984
1420.8984
1425.7812
1425.7812
1381.8359
