0.0000
0.0000
0.0000
0.0000
0.0000
0.0000
0.0000
0.0000
0.0000
0.0000
0.0000
0.0000
0.0000
0.0000
0.0000
0.0000
0.0000
0.0000
83.0078
83.0078
346.6797
346.6797
629.8828
629.8828
864.2578
864.2578
1040.0391
1040.0391
1176.7578
1176.7578
1220.7031
1220.7031
1250.0000
1250.0000
1230.4687
1230.4687
1230.4687
1230.4687
1230.4687
1230.4687
1225.5859
1225.5859
1201.1719
1201.1719
1157.2266
1157.2266
1123.0469
1123.0469
1088.8672
1088.8672
1040.0391
1040.0391
966.7969
966.7969
898.4375
898.4375
844.7266
844.7266
849.6094
849.6094
610.3516
610.3516
68.3594
68.3594
0.0000
0.0000
0.0000
0.0000
0.0000
0.0000
0.0000
0.0000
0.0000
0.0000
0.0000
0.0000
0.0000
0.0000
0.0000
0.0000
0.0000
0.0000
0.0000
0.0000
0.0000
0.0000
0.0000
0.0000
0.0000
0.0000
0.0000
0.0000
0.0000
0.0000
0.0000
0.0000
0.0000
0.0000
170.8984
170.8984
415.0391
415.0391
644.5312
644.5312
820.3125
820.3125
971.6797
971.6797
1064.4531
1064.4531
1142.5781
1142.5781
1176.7578
1176.7578
1206.0547
1206.0547
1210.9375
1210.9375
1220.7031
1220.7031
1201.1719
1201.1719
1166.9922
1166.9922
1162.1094
1162.1094
1118.1641
1118.1641
1069.3359
1069.3359
996.0937
996.0937
869.1406
869.1406
727.5391
727.5391
732.4219
732.4219
615.2344
615.2344
263.6719
263.6719
0.0000
0.0000
0.0000
0.0000
0.0000
0.0000
0.0000
0.0000
0.0000
0.0000
0.0000
0.0000
0.0000
0.0000
0.0000
0.0000
0.0000
0.0000
0.0000
0.0000
0.0000
0.0000
0.0000
0.0000
0.0000
0.0000
0.0000
0.0000
0.0000
0.0000
0.0000
0.0000
0.0000
0.0000
122.0703
122.0703
424.8047
424.8047
693.3594
693.3594
878.9062
878.9062
1054.6875
1054.6875
1132.8125
1132.8125
1210.9375
1210.9375
1245.1172
1245.1172
1259.7656
1259.7656
1259.7656
1259.7656
1259.7656
1259.7656
1250.0000
1250.0000
1235.3516
1235.3516
1230.4687
1230.4687
1196.2891
1196.2891
1171.8750
1171.8750
1113.2812
1113.2812
1025.3906
1025.3906
932.6172
932.6172
903.3203
903.3203
917.9687
917.9687
737.3047
737.3047
292.9687
292.9687
0.0000
0.0000
0.0000
0.0000
0.0000
0.0000
0.0000
0.0000
0.0000
0.0000
0.0000
0.0000
0.0000
0.0000
0.0000
0.0000
0.0000
0.0000
0.0000
0.0000
0.0000
0.0000
0.0000
0.0000
0.0000
0.0000
0.0000
0.0000
0.0000
0.0000
0.0000
0.0000
0.0000
0.0000
278.3203
278.3203
541.9922
541.9922
766.6016
766.6016
966.7969
966.7969
1083.9844
1083.9844
1210.9375
1210.9375
1264.6484
1264.6484
1323.2422
1323.2422
1362.3047
1362.3047
1362.3047
1362.3047
1362.3047
1362.3047
1328.1250
1328.1250
1313.4766
1313.4766
1245.1172
1245.1172
1171.8750
1171.8750
1079.1016
1079.1016
981.4453
981.4453
776.3672
776.3672
625.0000
625.0000
625.0000
625.0000
532.2266
532.2266
263.6719
263.6719
0.0000
0.0000
0.0000
0.0000
0.0000
0.0000
0.0000
0.0000
0.0000
0.0000
0.0000
0.0000
0.0000
0.0000
0.0000
0.0000
0.0000
0.0000
0.0000
0.0000
0.0000
0.0000
0.0000
0.0000
0.0000
0.0000
0.0000
0.0000
0.0000
0.0000
0.0000
0.0000
0.0000
0.0000
0.0000
0.0000
209.9609
209.9609
488.2812
488.2812
737.3047
737.3047
917.9687
917.9687
1044.9219
1044.9219
1123.0469
1123.0469
1215.8203
1215.8203
1289.0625
1289.0625
1333.0078
1333.0078
1337.8906
1337.8906
1323.2422
1323.2422
1279.2969
1279.2969
1225.5859
1225.5859
1196.2891
1196.2891
1181.6406
1181.6406
1210.9375
1210.9375
1210.9375
1210.9375
1166.9922
1166.9922
1040.0391
1040.0391
991.2109
991.2109
849.6094
849.6094
434.5703
434.5703
0.0000
0.0000
0.0000
0.0000
0.0000
0.0000
0.0000
0.0000
0.0000
0.0000
0.0000
0.0000
0.0000
0.0000
0.0000
0.0000
0.0000
0.0000
0.0000
0.0000
0.0000
0.0000
0.0000
0.0000
0.0000
0.0000
0.0000
0.0000
0.0000
0.0000
0.0000
0.0000
0.0000
0.0000
0.0000
0.0000
97.6562
97.6562
463.8672
463.8672
698.2422
698.2422
932.6172
932.6172
1098.6328
1098.6328
1210.9375
1210.9375
1308.5937
1308.5937
1362.3047
1362.3047
1411.1328
1411.1328
1425.7812
1425.7812
1455.0781
1455.0781
1445.3125
1445.3125
1450.1953
1450.1953
1406.2500
1406.2500
1337.8906
1337.8906
1254.8828
1254.8828
1118.1641
1118.1641
996.0937
996.0937
932.6172
932.6172
991.2109
991.2109
859.3750
859.3750
493.1641
493.1641
0.0000
0.0000
0.0000
0.0000
0.0000
0.0000
0.0000
0.0000
0.0000
0.0000
0.0000
0.0000
0.0000
0.0000
0.0000
0.0000
0.0000
0.0000
0.0000
0.0000
0.0000
0.0000
0.0000
0.0000
0.0000
0.0000
0.0000
0.0000
0.0000
0.0000
0.0000
0.0000
0.0000
0.0000
63.4766
63.4766
327.1484
327.1484
639.6484
639.6484
864.2578
864.2578
1059.5703
1059.5703
1206.0547
1206.0547
1298.8281
1298.8281
1337.8906
1337.8906
1372.0703
1372.0703
1386.7187
1386.7187
1416.0156
1416.0156
1420.8984
1420.8984
1440.4297
1440.4297
1430.6641
1430.6641
1391.6016
1391.6016
1328.1250
1328.1250
1245.1172
1245.1172
1157.2266
1157.2266
1083.9844
1083.9844
1118.1641
1118.1641
1059.5703
1059.5703
766.6016
766.6016
214.8437
214.8437
0.0000
0.0000
0.0000
0.0000
0.0000
0.0000
0.0000
0.0000
0.0000
0.0000
0.0000
0.0000
0.0000
0.0000
0.0000
0.0000
0.0000
0.0000
0.0000
0.0000
0.0000
0.0000
0.0000
0.0000
0.0000
0.0000
0.0000
0.0000
0.0000
0.0000
0.0000
0.0000
0.0000
0.0000
0.0000
0.0000
229.4922
229.4922
468.7500
468.7500
717.7734
717.7734
893.5547
893.5547
1069.3359
1069.3359
1186.5234
1186.5234
1298.8281
1298.8281
1342.7734
1342.7734
1376.9531
1376.9531
1367.1875
1367.1875
1362.3047
1362.3047
1342.7734
1342.7734
1347.6562
1347.6562
1318.3594
1318.3594
1245.1172
1245.1172
1093.7500
1093.7500
874.0234
874.0234
703.1250
703.1250
468.7500
468.7500
0.0000
0.0000
0.0000
0.0000
0.0000
0.0000
0.0000
0.0000
0.0000
0.0000
0.0000
0.0000
0.0000
0.0000
0.0000
0.0000
0.0000
0.0000
0.0000
0.0000
0.0000
0.0000
0.0000
0.0000
0.0000
0.0000
0.0000
0.0000
0.0000
0.0000
0.0000
0.0000
0.0000
0.0000
0.0000
0.0000
0.0000
0.0000
58.5937
58.5937
219.7266
219.7266
371.0937
371.0937
478.5156
478.5156
576.1719
576.1719
693.3594
693.3594
786.1328
786.1328
932.6172
932.6172
1000.9766
1000.9766
1127.9297
1127.9297
1171.8750
1171.8750
1269.5312
1269.5312
1357.4219
1357.4219
1455.0781
1455.0781
1586.9141
1586.9141
1704.1016
1704.1016
1865.2344
1865.2344
2001.9531
2001.9531
2138.6719
2138.6719
2260.7422
2260.7422
2416.9922
2416.9922
2480.4687
2480.4687
2314.4531
2314.4531
1713.8672
1713.8672
668.9453
668.9453
0.0000
0.0000
0.0000
0.0000
0.0000
0.0000
0.0000
0.0000
0.0000
0.0000
0.0000
0.0000
0.0000
0.0000
0.0000
0.0000
0.0000
0.0000
0.0000
0.0000
0.0000
0.0000
0.0000
0.0000
0.0000
0.0000
0.0000
0.0000
0.0000
0.0000
53.7109
53.7109
195.3125
195.3125
385.7422
385.7422
483.3984
483.3984
639.6484
639.6484
688.4766
688.4766
771.4844
771.4844
854.4922
854.4922
903.3203
903.3203
971.6797
971.6797
996.0937
996.0937
1035.1562
1035.1562
1020.5078
1020.5078
1020.5078
1020.5078
1035.1562
1035.1562
1079.1016
1079.1016
1127.9297
1127.9297
1235.3516
1235.3516
1357.4219
1357.4219
1518.5547
1518.5547
1689.4531
1689.4531
1860.3516
1860.3516
2036.1328
2036.1328
2163.0859
2163.0859
2255.8594
2255.8594
2294.9219
2294.9219
2207.0312
2207.0312
1777.3437
1777.3437
864.2578
864.2578
0.0000
0.0000
0.0000
0.0000
0.0000
0.0000
0.0000
0.0000
0.0000
0.0000
0.0000
0.0000
0.0000
0.0000
0.0000
0.0000
0.0000
0.0000
0.0000
0.0000
0.0000
0.0000
0.0000
0.0000
0.0000
0.0000
0.0000
0.0000
0.0000
0.0000
0.0000
0.0000
0.0000
0.0000
0.0000
0.0000
0.0000
0.0000
0.0000
0.0000
0.0000
0.0000
0.0000
0.0000
112.3047
112.3047
273.4375
273.4375
371.0937
483.3984
483.3984
571.2891
571.2891
668.9453
668.9453
732.4219
732.4219
776.3672
776.3672
776.3672
854.4922
854.4922
913.0859
913.0859
996.0937
996.0937
1083.9844
1083.9844
1137.6953
1201.1719
1201.1719
1250.0000
1250.0000
1318.3594
1318.3594
1406.2500
1406.2500
1406.2500
1518.5547
1655.2734
1655.2734
1811.5234
1811.5234
1992.1875
1992.1875
2260.7422
2260.7422
2500.0000
2500.0000
2626.9531
2626.9531
2548.8281
2548.8281
2309.5703
2309.5703
1811.5234
1811.5234
1113.2812
1113.2812
322.2656
322.2656
0.0000
0.0000
0.0000
0.0000
0.0000
0.0000
0.0000
0.0000
0.0000
0.0000
0.0000
0.0000
0.0000
0.0000
0.0000
0.0000
0.0000
0.0000
0.0000
0.0000
0.0000
0.0000
0.0000
0.0000
0.0000
0.0000
0.0000
0.0000
0.0000
0.0000
0.0000
0.0000
0.0000
0.0000
0.0000
0.0000
0.0000
0.0000
0.0000
0.0000
0.0000
0.0000
185.5469
185.5469
507.8125
507.8125
722.6562
722.6562
942.3828
942.3828
1069.3359
1069.3359
1171.8750
1171.8750
1220.7031
1220.7031
1264.6484
1264.6484
1289.0625
1289.0625
1293.9453
1293.9453
1293.9453
1293.9453
1264.6484
1264.6484
1245.1172
1245.1172
1196.2891
1196.2891
1186.5234
1186.5234
1171.8750
1171.8750
1191.4062
1191.4062
1166.9922
1166.9922
1132.8125
1132.8125
1044.9219
1044.9219
996.0937
996.0937
976.5625
976.5625
825.1953
825.1953
439.4531
439.4531
0.0000
0.0000
0.0000
0.0000
0.0000
0.0000
0.0000
0.0000
0.0000
0.0000
0.0000
0.0000
0.0000
0.0000
0.0000
0.0000
0.0000
0.0000
0.0000
0.0000
0.0000
0.0000
0.0000
0.0000
0.0000
0.0000
0.0000
0.0000
0.0000
0.0000
0.0000
0.0000
0.0000
0.0000
0.0000
0.0000
278.3203
278.3203
532.2266
532.2266
786.1328
786.1328
952.1484
952.1484
1079.1016
1079.1016
1157.2266
1157.2266
1196.2891
1196.2891
1215.8203
1215.8203
1220.7031
1220.7031
1245.1172
1245.1172
1215.8203
1215.8203
1196.2891
1196.2891
1147.4609
1147.4609
1127.9297
1127.9297
1079.1016
1079.1016
1020.5078
1020.5078
942.3828
942.3828
854.4922
854.4922
893.5547
893.5547
942.3828
942.3828
864.2578
864.2578
546.8750
546.8750
34.1797
34.1797
0.0000
0.0000
0.0000
0.0000
0.0000
0.0000
0.0000
0.0000
0.0000
0.0000
0.0000
0.0000
0.0000
0.0000
0.0000
0.0000
0.0000
0.0000
0.0000
0.0000
0.0000
0.0000
0.0000
0.0000
0.0000
0.0000
0.0000
0.0000
136.7187
136.7187
400.3906
400.3906
664.0625
664.0625
903.3203
903.3203
1113.2812
1113.2812
1245.1172
1245.1172
1328.1250
1328.1250
1352.5391
1352.5391
1342.7734
1342.7734
1298.8281
1298.8281
1274.4141
1274.4141
1269.5312
1269.5312
1264.6484
1264.6484
1269.5312
1269.5312
1240.2344
1240.2344
1220.7031
1220.7031
1152.3437
1152.3437
1083.9844
1083.9844
976.5625
976.5625
839.8437
839.8437
781.2500
781.2500
800.7812
800.7812
727.5391
727.5391
312.5000
312.5000
0.0000
0.0000
0.0000
0.0000
0.0000
0.0000
0.0000
0.0000
0.0000
0.0000
0.0000
0.0000
0.0000
0.0000
0.0000
0.0000
0.0000
0.0000
0.0000
0.0000
0.0000
0.0000
0.0000
0.0000
0.0000
0.0000
0.0000
0.0000
0.0000
0.0000
0.0000
0.0000
0.0000
0.0000
0.0000
0.0000
34.1797
34.1797
292.9687
292.9687
522.4609
522.4609
683.5937
683.5937
834.9609
834.9609
937.5000
937.5000
1035.1562
1035.1562
1069.3359
1069.3359
1113.2812
1113.2812
1118.1641
1118.1641
1098.6328
1098.6328
1064.4531
1064.4531
1054.6875
1054.6875
1054.6875
1054.6875
1064.4531
1064.4531
1040.0391
1040.0391
986.3281
986.3281
986.3281
986.3281
1035.1562
1035.1562
947.2656
947.2656
556.6406
556.6406
0.0000
0.0000
0.0000
0.0000
0.0000
0.0000
0.0000
0.0000
0.0000
0.0000
0.0000
0.0000
0.0000
0.0000
0.0000
0.0000
0.0000
0.0000
0.0000
0.0000
0.0000
0.0000
0.0000
0.0000
0.0000
0.0000
0.0000
0.0000
0.0000
0.0000
0.0000
0.0000
0.0000
0.0000
4.8828
4.8828
288.0859
288.0859
595.7031
595.7031
781.2500
781.2500
961.9141
961.9141
1103.5156
1103.5156
1210.9375
1210.9375
1313.4766
1313.4766
1376.9531
1376.9531
1435.5469
1435.5469
1445.3125
1445.3125
1445.3125
1445.3125
1416.0156
1416.0156
1401.3672
1401.3672
1367.1875
1367.1875
1337.8906
1337.8906
1284.1797
1284.1797
1225.5859
1225.5859
1157.2266
1157.2266
1132.8125
1132.8125
1196.2891
1196.2891
1206.0547
1206.0547
986.3281
986.3281
454.1016
454.1016
0.0000
0.0000
0.0000
0.0000
0.0000
0.0000
0.0000
0.0000
0.0000
0.0000
0.0000
0.0000
0.0000
0.0000
0.0000
0.0000
0.0000
0.0000
0.0000
0.0000
0.0000
0.0000
0.0000
0.0000
0.0000
0.0000
0.0000
0.0000
0.0000
0.0000
0.0000
0.0000
0.0000
0.0000
97.6562
97.6562
400.3906
400.3906
654.2969
654.2969
849.6094
849.6094
981.4453
981.4453
1079.1016
1079.1016
1118.1641
1118.1641
1157.2266
1157.2266
1181.6406
1181.6406
1210.9375
1210.9375
1215.8203
1215.8203
1206.0547
1206.0547
1157.2266
1157.2266
1127.9297
1127.9297
1103.5156
1103.5156
1088.8672
1088.8672
1059.5703
1059.5703
1025.3906
1025.3906
1064.4531
1064.4531
1127.9297
1127.9297
1054.6875
1054.6875
615.2344
615.2344
9.7656
9.7656
0.0000
0.0000
0.0000
0.0000
0.0000
0.0000
0.0000
0.0000
0.0000
0.0000
0.0000
0.0000
0.0000
0.0000
0.0000
0.0000
0.0000
0.0000
0.0000
0.0000
0.0000
0.0000
0.0000
0.0000
0.0000
0.0000
0.0000
0.0000
0.0000
0.0000
0.0000
0.0000
0.0000
0.0000
209.9609
209.9609
493.1641
493.1641
756.8359
756.8359
922.8516
922.8516
1093.7500
1093.7500
1171.8750
1171.8750
1259.7656
1259.7656
1303.7109
1303.7109
1337.8906
1337.8906
1337.8906
1337.8906
1342.7734
1342.7734
1337.8906
1337.8906
1333.0078
1333.0078
1318.3594
1318.3594
1293.9453
1293.9453
1259.7656
1259.7656
1181.6406
1181.6406
1118.1641
1118.1641
1074.2187
1074.2187
1123.0469
1123.0469
1044.9219
1044.9219
649.4141
649.4141
0.0000
0.0000
0.0000
0.0000
0.0000
0.0000
0.0000
0.0000
0.0000
0.0000
0.0000
0.0000
0.0000
0.0000
0.0000
0.0000
0.0000
0.0000
0.0000
0.0000
0.0000
0.0000
0.0000
0.0000
0.0000
0.0000
0.0000
0.0000
0.0000
0.0000
0.0000
0.0000
0.0000
0.0000
0.0000
0.0000
126.9531
126.9531
395.5078
395.5078
615.2344
615.2344
825.1953
825.1953
937.5000
937.5000
1064.4531
1064.4531
1103.5156
1103.5156
1157.2266
1157.2266
1181.6406
1181.6406
1181.6406
1181.6406
1186.5234
1186.5234
1181.6406
1181.6406
1181.6406
1181.6406
1176.7578
1176.7578
1201.1719
1201.1719
1196.2891
1196.2891
1171.8750
1171.8750
1127.9297
1127.9297
1157.2266
1157.2266
1176.7578
1176.7578
961.9141
961.9141
483.3984
483.3984
0.0000
0.0000
0.0000
0.0000
0.0000
0.0000
0.0000
0.0000
0.0000
0.0000
0.0000
0.0000
0.0000
0.0000
0.0000
0.0000
0.0000
0.0000
0.0000
0.0000
0.0000
0.0000
0.0000
0.0000
0.0000
0.0000
0.0000
0.0000
0.0000
0.0000
0.0000
0.0000
0.0000
0.0000
239.2578
239.2578
507.8125
507.8125
727.5391
727.5391
908.2031
908.2031
1035.1562
1035.1562
1132.8125
1132.8125
1206.0547
1206.0547
1264.6484
1264.6484
1318.3594
1318.3594
1357.4219
1357.4219
1367.1875
1367.1875
1362.3047
1362.3047
1352.5391
1352.5391
1289.0625
1289.0625
1230.4687
1230.4687
1152.3437
1152.3437
1064.4531
1064.4531
996.0937
996.0937
1049.8047
1049.8047
1103.5156
1103.5156
1015.6250
1015.6250
639.6484
639.6484
87.8906
87.8906
0.0000
0.0000
0.0000
0.0000
0.0000
0.0000
0.0000
0.0000
0.0000
0.0000
0.0000
0.0000
0.0000
0.0000
0.0000
0.0000
0.0000
0.0000
0.0000
0.0000
0.0000
0.0000
0.0000
0.0000
0.0000
0.0000
0.0000
0.0000
0.0000
0.0000
0.0000
0.0000
0.0000
0.0000
317.3828
317.3828
532.2266
532.2266
781.2500
781.2500
937.5000
937.5000
1083.9844
1083.9844
1181.6406
1181.6406
1240.2344
1240.2344
1284.1797
1284.1797
1303.7109
1303.7109
1318.3594
1318.3594
1323.2422
1323.2422
1308.5937
1308.5937
1269.5312
1269.5312
1240.2344
1240.2344
1186.5234
1186.5234
1152.3437
1152.3437
1108.3984
1108.3984
1049.8047
1049.8047
1083.9844
1083.9844
1113.2812
1113.2812
942.3828
942.3828
512.6953
512.6953
24.4141
24.4141
0.0000
0.0000
0.0000
0.0000
0.0000
0.0000
0.0000
0.0000
0.0000
0.0000
0.0000
0.0000
0.0000
0.0000
0.0000
0.0000
0.0000
0.0000
0.0000
0.0000
0.0000
0.0000
0.0000
0.0000
0.0000
0.0000
0.0000
0.0000
0.0000
0.0000
0.0000
0.0000
97.6562
97.6562
395.5078
395.5078
634.7656
634.7656
844.7266
844.7266
1025.3906
1025.3906
1152.3437
1152.3437
1245.1172
1245.1172
1293.9453
1293.9453
1303.7109
1303.7109
1318.3594
1318.3594
1298.8281
1298.8281
1298.8281
1298.8281
1274.4141
1274.4141
1279.2969
1279.2969
1230.4687
1162.1094
1162.1094
1069.3359
1069.3359
981.4453
981.4453
1005.8594
1005.8594
1079.1016
1079.1016
1079.1016
1005.8594
1005.8594
566.4062
566.4062
0.0000
0.0000
0.0000
0.0000
0.0000
0.0000
0.0000
0.0000
0.0000
0.0000
0.0000
0.0000
0.0000
0.0000
0.0000
0.0000
0.0000
0.0000
0.0000
0.0000
0.0000
0.0000
0.0000
0.0000
0.0000
0.0000
0.0000
0.0000
0.0000
0.0000
0.0000
0.0000
0.0000
0.0000
0.0000
0.0000
58.5937
58.5937
341.7969
341.7969
576.1719
576.1719
756.8359
898.4375
898.4375
1015.6250
1015.6250
1113.2812
1113.2812
1181.6406
1181.6406
1245.1172
1245.1172
1298.8281
1298.8281
1308.5937
1308.5937
1289.0625
1289.0625
1264.6484
1264.6484
1210.9375
1210.9375
1191.4062
1191.4062
1162.1094
1162.1094
1118.1641
1118.1641
1083.9844
1083.9844
1162.1094
1162.1094
1206.0547
1206.0547
1000.9766
1000.9766
498.0469
498.0469
0.0000
0.0000
0.0000
0.0000
0.0000
0.0000
0.0000
0.0000
0.0000
0.0000
0.0000
0.0000
0.0000
0.0000
0.0000
0.0000
0.0000
0.0000
0.0000
0.0000
0.0000
0.0000
0.0000
0.0000
0.0000
0.0000
0.0000
0.0000
0.0000
0.0000
0.0000
0.0000
0.0000
0.0000
239.2578
239.2578
537.1094
537.1094
727.5391
727.5391
903.3203
903.3203
1030.2734
1030.2734
1137.6953
1137.6953
1230.4687
1230.4687
1269.5312
1269.5312
1328.1250
1328.1250
1333.0078
1333.0078
1347.6562
1347.6562
1328.1250
1328.1250
1313.4766
1313.4766
1274.4141
1274.4141
1210.9375
1210.9375
1127.9297
1127.9297
1015.6250
1015.6250
981.4453
981.4453
1035.1562
1035.1562
1093.7500
1093.7500
908.2031
908.2031
439.4531
439.4531
0.0000
0.0000
0.0000
0.0000
0.0000
0.0000
0.0000
0.0000
0.0000
0.0000
0.0000
0.0000
0.0000
0.0000
0.0000
0.0000
0.0000
0.0000
0.0000
0.0000
0.0000
0.0000
0.0000
0.0000
0.0000
0.0000
0.0000
0.0000
0.0000
0.0000
0.0000
0.0000
0.0000
0.0000
0.0000
0.0000
136.7187
136.7187
405.2734
405.2734
634.7656
634.7656
825.1953
825.1953
971.6797
971.6797
1083.9844
1083.9844
1137.6953
1137.6953
1210.9375
1210.9375
1230.4687
1230.4687
1269.5312
1269.5312
1269.5312
1269.5312
1284.1797
1284.1797
1240.2344
1240.2344
1225.5859
1225.5859
1171.8750
1171.8750
1103.5156
1103.5156
1049.8047
1049.8047
1044.9219
1044.9219
1108.3984
1108.3984
1005.8594
1005.8594
654.2969
654.2969
126.9531
126.9531
0.0000
0.0000
0.0000
0.0000
0.0000
0.0000
0.0000
0.0000
0.0000
0.0000
0.0000
0.0000
0.0000
0.0000
0.0000
0.0000
0.0000
0.0000
0.0000
0.0000
0.0000
0.0000
0.0000
0.0000
0.0000
0.0000
0.0000
0.0000
0.0000
0.0000
0.0000
0.0000
126.9531
126.9531
424.8047
424.8047
673.8281
673.8281
869.1406
869.1406
1025.3906
1025.3906
1123.0469
1123.0469
1225.5859
1225.5859
1264.6484
1264.6484
1298.8281
1298.8281
1303.7109
1303.7109
1328.1250
1328.1250
1328.1250
1328.1250
1342.7734
1342.7734
1342.7734
1342.7734
1318.3594
1318.3594
1269.5312
1269.5312
1176.7578
1176.7578
1069.3359
1069.3359
991.2109
991.2109
1015.6250
1015.6250
1064.4531
1064.4531
922.8516
922.8516
439.4531
439.4531
0.0000
0.0000
0.0000
0.0000
0.0000
0.0000
0.0000
0.0000
0.0000
0.0000
0.0000
0.0000
0.0000
0.0000
0.0000
0.0000
0.0000
0.0000
0.0000
0.0000
0.0000
0.0000
0.0000
0.0000
0.0000
0.0000
0.0000
0.0000
0.0000
0.0000
0.0000
0.0000
0.0000
0.0000
0.0000
0.0000
195.3125
195.3125
473.6328
473.6328
664.0625
664.0625
815.4297
815.4297
952.1484
952.1484
1044.9219
1044.9219
1132.8125
1132.8125
1186.5234
1186.5234
1235.3516
1235.3516
1235.3516
1235.3516
1245.1172
1245.1172
1230.4687
1230.4687
1201.1719
1201.1719
1176.7578
1176.7578
1132.8125
1132.8125
1079.1016
1079.1016
1020.5078
1020.5078
1035.1562
1035.1562
1113.2812
1113.2812
1079.1016
1079.1016
751.9531
751.9531
190.4297
190.4297
0.0000
0.0000
0.0000
0.0000
0.0000
0.0000
0.0000
0.0000
0.0000
0.0000
0.0000
0.0000
0.0000
0.0000
0.0000
0.0000
0.0000
0.0000
0.0000
0.0000
0.0000
0.0000
0.0000
0.0000
0.0000
0.0000
0.0000
0.0000
0.0000
0.0000
0.0000
0.0000
0.0000
0.0000
170.8984
170.8984
419.9219
419.9219
634.7656
634.7656
815.4297
815.4297
961.9141
961.9141
1059.5703
1059.5703
1152.3437
1152.3437
1215.8203
1215.8203
1279.2969
1279.2969
1308.5937
1308.5937
1342.7734
1342.7734
1333.0078
1333.0078
1328.1250
1328.1250
1308.5937
1308.5937
1230.4687
1230.4687
1142.5781
1142.5781
1049.8047
1049.8047
1083.9844
1083.9844
1152.3437
1152.3437
1103.5156
1103.5156
771.4844
771.4844
239.2578
239.2578
0.0000
0.0000
0.0000
0.0000
0.0000
0.0000
0.0000
0.0000
0.0000
0.0000
0.0000
0.0000
0.0000
0.0000
0.0000
0.0000
0.0000
0.0000
0.0000
0.0000
0.0000
0.0000
0.0000
0.0000
0.0000
0.0000
0.0000
0.0000
0.0000
0.0000
0.0000
0.0000
0.0000
0.0000
234.3750
234.3750
483.3984
483.3984
698.2422
698.2422
844.7266
844.7266
991.2109
991.2109
1074.2187
1074.2187
1142.5781
1142.5781
1201.1719
1201.1719
1269.5312
1269.5312
1313.4766
1313.4766
1328.1250
1328.1250
1308.5937
1308.5937
1240.2344
1240.2344
1147.4609
1147.4609
1015.6250
1015.6250
922.8516
922.8516
864.2578
864.2578
893.5547
893.5547
864.2578
864.2578
581.0547
581.0547
34.1797
34.1797
0.0000
0.0000
0.0000
0.0000
0.0000
0.0000
0.0000
0.0000
0.0000
0.0000
0.0000
0.0000
0.0000
0.0000
0.0000
0.0000
0.0000
0.0000
0.0000
0.0000
0.0000
0.0000
0.0000
0.0000
0.0000
0.0000
0.0000
0.0000
0.0000
0.0000
0.0000
0.0000
0.0000
0.0000
0.0000
0.0000
0.0000
0.0000
73.2422
73.2422
292.9687
292.9687
517.5781
517.5781
747.0703
747.0703
898.4375
898.4375
1079.1016
1079.1016
1171.8750
1171.8750
1293.9453
1293.9453
1357.4219
1357.4219
1420.8984
1420.8984
1469.7266
1469.7266
1484.3750
1484.3750
1508.7891
1508.7891
1459.9609
1459.9609
1430.6641
1430.6641
1406.2500
1406.2500
1479.4922
1479.4922
1499.0234
1499.0234
1381.8359
1381.8359
981.4453
981.4453
336.9141
336.9141
0.0000
0.0000
0.0000
0.0000
0.0000
0.0000
0.0000
0.0000
0.0000
0.0000
0.0000
0.0000
0.0000
0.0000
0.0000
0.0000
0.0000
0.0000
0.0000
0.0000
0.0000
0.0000
0.0000
0.0000
0.0000
0.0000
0.0000
0.0000
0.0000
0.0000
0.0000
0.0000
0.0000
0.0000
0.0000
0.0000
170.8984
170.8984
444.3359
444.3359
659.1797
659.1797
869.1406
869.1406
1054.6875
1054.6875
1186.5234
1186.5234
1274.4141
1274.4141
1328.1250
1328.1250
1381.8359
1381.8359
1406.2500
1406.2500
1420.8984
1420.8984
1425.7812
1425.7812
1416.0156
1416.0156
1386.7187
1386.7187
1381.8359
1381.8359
1406.2500
1406.2500
1523.4375
1523.4375
1552.7344
1552.7344
1420.8984
1420.8984
991.2109
991.2109
371.0937
371.0937
0.0000
0.0000
0.0000
0.0000
0.0000
0.0000
0.0000
0.0000
0.0000
0.0000
0.0000
0.0000
0.0000
0.0000
0.0000
0.0000
0.0000
0.0000
0.0000
0.0000
0.0000
0.0000
0.0000
0.0000
0.0000
0.0000
0.0000
0.0000
0.0000
0.0000
0.0000
0.0000
0.0000
0.0000
205.0781
205.0781
473.6328
473.6328
708.0078
708.0078
903.3203
903.3203
1069.3359
1069.3359
1171.8750
1171.8750
1254.8828
1254.8828
1313.4766
1313.4766
1333.0078
1333.0078
1362.3047
1362.3047
1372.0703
1372.0703
1391.6016
1391.6016
1367.1875
1367.1875
1362.3047
1362.3047
1318.3594
1318.3594
1269.5312
1269.5312
1166.9922
1166.9922
1088.8672
1088.8672
1083.9844
1083.9844
1137.6953
1137.6953
1098.6328
1098.6328
712.8906
712.8906
78.1250
78.1250
0.0000
0.0000
0.0000
0.0000
0.0000
0.0000
0.0000
0.0000
0.0000
0.0000
0.0000
0.0000
0.0000
0.0000
0.0000
0.0000
0.0000
0.0000
0.0000
0.0000
0.0000
0.0000
0.0000
0.0000
0.0000
0.0000
0.0000
0.0000
0.0000
0.0000
0.0000
0.0000
0.0000
0.0000
0.0000
0.0000
156.2500
156.2500
439.4531
439.4531
634.7656
634.7656
800.7812
800.7812
913.0859
913.0859
971.6797
971.6797
1040.0391
1040.0391
1103.5156
1103.5156
1166.9922
1166.9922
1196.2891
1196.2891
1230.4687
1230.4687
1245.1172
1245.1172
1206.0547
1206.0547
1191.4062
1191.4062
1147.4609
1147.4609
1103.5156
1103.5156
1040.0391
1040.0391
1020.5078
1020.5078
1093.7500
1093.7500
1059.5703
1059.5703
844.7266
844.7266
371.0937
371.0937
0.0000
0.0000
0.0000
0.0000
0.0000
0.0000
0.0000
0.0000
0.0000
0.0000
0.0000
0.0000
0.0000
0.0000
0.0000
0.0000
0.0000
0.0000
0.0000
0.0000
0.0000
0.0000
0.0000
0.0000
0.0000
0.0000
0.0000
0.0000
0.0000
0.0000
0.0000
0.0000
4.8828
4.8828
297.8516
297.8516
512.6953
512.6953
742.1875
742.1875
932.6172
932.6172
1074.2187
1074.2187
1186.5234
1186.5234
1254.8828
1254.8828
1279.2969
1279.2969
1279.2969
1279.2969
1284.1797
1284.1797
1269.5312
1269.5312
1269.5312
1269.5312
1269.5312
1269.5312
1269.5312
1269.5312
1240.2344
1240.2344
1191.4062
1191.4062
1113.2812
1113.2812
1020.5078
1020.5078
1010.7422
1010.7422
1069.3359
1069.3359
1020.5078
678.7109
678.7109
117.1875
117.1875
0.0000
0.0000
0.0000
0.0000
0.0000
0.0000
0.0000
0.0000
0.0000
0.0000
0.0000
0.0000
0.0000
0.0000
0.0000
0.0000
0.0000
0.0000
0.0000
0.0000
0.0000
0.0000
0.0000
0.0000
0.0000
0.0000
0.0000
0.0000
0.0000
0.0000
0.0000
0.0000
0.0000
0.0000
92.7734
92.7734
366.2109
366.2109
546.8750
546.8750
747.0703
747.0703
893.5547
893.5547
893.5547
1010.7422
1010.7422
1103.5156
1103.5156
1157.2266
1157.2266
1201.1719
1210.9375
1210.9375
1220.7031
1220.7031
1206.0547
1206.0547
1176.7578
1176.7578
1142.5781
1142.5781
1118.1641
1118.1641
1127.9297
1127.9297
1108.3984
1108.3984
1103.5156
1103.5156
1079.1016
1079.1016
1152.3437
1152.3437
1152.3437
1152.3437
908.2031
908.2031
351.5625
351.5625
0.0000
0.0000
0.0000
0.0000
0.0000
0.0000
0.0000
0.0000
0.0000
0.0000
0.0000
0.0000
0.0000
0.0000
0.0000
0.0000
0.0000
0.0000
0.0000
0.0000
0.0000
0.0000
0.0000
0.0000
0.0000
0.0000
0.0000
0.0000
0.0000
0.0000
0.0000
0.0000
63.4766
63.4766
336.9141
336.9141
590.8203
590.8203
786.1328
786.1328
937.5000
937.5000
1020.5078
1020.5078
1113.2812
1113.2812
1157.2266
1157.2266
1220.7031
1220.7031
1250.0000
1250.0000
1274.4141
1274.4141
1254.8828
1254.8828
1254.8828
1254.8828
1215.8203
1215.8203
1176.7578
1176.7578
1113.2812
1113.2812
1044.9219
1044.9219
986.3281
986.3281
966.7969
966.7969
1074.2187
1074.2187
1083.9844
1083.9844
839.8437
839.8437
292.9687
292.9687
0.0000
0.0000
0.0000
0.0000
0.0000
0.0000
0.0000
0.0000
0.0000
0.0000
0.0000
0.0000
0.0000
0.0000
0.0000
0.0000
0.0000
0.0000
0.0000
0.0000
0.0000
0.0000
0.0000
0.0000
0.0000
0.0000
0.0000
0.0000
0.0000
0.0000
0.0000
0.0000
43.9453
43.9453
341.7969
341.7969
610.3516
610.3516
810.5469
810.5469
986.3281
986.3281
1088.8672
1088.8672
1171.8750
1171.8750
1206.0547
1206.0547
1235.3516
1235.3516
1230.4687
1230.4687
1225.5859
1225.5859
1210.9375
1210.9375
1176.7578
1176.7578
1152.3437
1152.3437
1152.3437
1152.3437
1166.9922
1166.9922
1171.8750
1171.8750
1142.5781
1142.5781
1064.4531
1064.4531
1040.0391
1040.0391
1040.0391
1040.0391
952.1484
952.1484
561.5234
561.5234
0.0000
0.0000
0.0000
0.0000
0.0000
0.0000
0.0000
0.0000
0.0000
0.0000
0.0000
0.0000
0.0000
0.0000
0.0000
0.0000
0.0000
0.0000
0.0000
0.0000
0.0000
0.0000
0.0000
0.0000
0.0000
0.0000
0.0000
0.0000
0.0000
0.0000
0.0000
0.0000
0.0000
0.0000
34.1797
34.1797
317.3828
317.3828
590.8203
590.8203
815.4297
815.4297
971.6797
971.6797
1103.5156
