0.0000
0.0000
0.0000
0.0000
0.0000
156.2500
156.2500
356.4453
356.4453
532.2266
532.2266
654.2969
654.2969
732.4219
732.4219
786.1328
786.1328
825.1953
825.1953
830.0781
830.0781
844.7266
844.7266
874.0234
874.0234
878.9062
878.9062
874.0234
874.0234
883.7891
883.7891
878.9062
878.9062
903.3203
903.3203
888.6719
888.6719
859.3750
859.3750
893.5547
893.5547
942.3828
942.3828
834.9609
834.9609
405.2734
405.2734
0.0000
0.0000
0.0000
0.0000
0.0000
0.0000
0.0000
0.0000
0.0000
0.0000
0.0000
0.0000
0.0000
0.0000
0.0000
0.0000
0.0000
0.0000
0.0000
0.0000
0.0000
0.0000
0.0000
0.0000
0.0000
0.0000
0.0000
0.0000
0.0000
0.0000
0.0000
0.0000
185.5469
185.5469
498.0469
498.0469
727.5391
727.5391
942.3828
942.3828
1088.8672
1088.8672
1196.2891
1196.2891
1250.0000
1250.0000
1259.7656
1259.7656
1230.4687
1230.4687
1201.1719
1201.1719
1171.8750
1171.8750
1157.2266
1157.2266
1162.1094
1162.1094
1152.3437
1152.3437
1147.4609
1147.4609
1108.3984
1108.3984
1064.4531
1064.4531
966.7969
966.7969
834.9609
834.9609
673.8281
673.8281
615.2344
615.2344
537.1094
537.1094
229.4922
229.4922
0.0000
0.0000
0.0000
0.0000
0.0000
0.0000
0.0000
0.0000
0.0000
0.0000
0.0000
0.0000
0.0000
0.0000
0.0000
0.0000
0.0000
0.0000
0.0000
0.0000
0.0000
0.0000
0.0000
0.0000
0.0000
0.0000
0.0000
0.0000
0.0000
0.0000
0.0000
0.0000
0.0000
0.0000
92.7734
92.7734
341.7969
341.7969
600.5859
600.5859
776.3672
776.3672
913.0859
913.0859
1000.9766
1000.9766
1054.6875
1054.6875
1118.1641
1118.1641
1157.2266
1157.2266
1186.5234
1186.5234
1176.7578
1176.7578
1176.7578
1176.7578
1113.2812
1113.2812
1074.2187
1035.1562
1035.1562
1035.1562
1035.1562
1035.1562
1049.8047
1049.8047
1059.5703
1059.5703
1025.3906
1025.3906
947.2656
947.2656
859.3750
859.3750
810.5469
810.5469
537.1094
537.1094
48.8281
0.0000
0.0000
0.0000
0.0000
0.0000
0.0000
0.0000
0.0000
0.0000
0.0000
0.0000
0.0000
0.0000
0.0000
0.0000
0.0000
0.0000
0.0000
0.0000
0.0000
0.0000
0.0000
0.0000
0.0000
0.0000
0.0000
0.0000
0.0000
0.0000
0.0000
0.0000
0.0000
0.0000
0.0000
0.0000
136.7187
136.7187
429.6875
429.6875
678.7109
678.7109
849.6094
986.3281
986.3281
1069.3359
1069.3359
1137.6953
1137.6953
1191.4062
1191.4062
1206.0547
1206.0547
1225.5859
1225.5859
1201.1719
1201.1719
1225.5859
1225.5859
1206.0547
1206.0547
1220.7031
1220.7031
1206.0547
1206.0547
1181.6406
1181.6406
1147.4609
1147.4609
1049.8047
1049.8047
957.0312
957.0312
903.3203
903.3203
932.6172
932.6172
747.0703
747.0703
346.6797
346.6797
0.0000
0.0000
0.0000
0.0000
0.0000
0.0000
0.0000
0.0000
0.0000
0.0000
0.0000
0.0000
0.0000
0.0000
0.0000
0.0000
0.0000
0.0000
0.0000
0.0000
0.0000
0.0000
0.0000
0.0000
0.0000
0.0000
0.0000
0.0000
0.0000
0.0000
0.0000
0.0000
97.6562
97.6562
434.5703
434.5703
693.3594
693.3594
957.0312
957.0312
1118.1641
1118.1641
1230.4687
1230.4687
1259.7656
1259.7656
1298.8281
1298.8281
1298.8281
1298.8281
1308.5937
1308.5937
1308.5937
1308.5937
1313.4766
1313.4766
1308.5937
1308.5937
1303.7109
1303.7109
1279.2969
1279.2969
1264.6484
1264.6484
1215.8203
1215.8203
1181.6406
1181.6406
1113.2812
1113.2812
981.4453
981.4453
844.7266
844.7266
776.3672
776.3672
615.2344
615.2344
205.0781
205.0781
0.0000
0.0000
0.0000
0.0000
0.0000
0.0000
0.0000
0.0000
0.0000
0.0000
0.0000
0.0000
0.0000
0.0000
0.0000
0.0000
0.0000
0.0000
0.0000
0.0000
0.0000
0.0000
0.0000
0.0000
0.0000
0.0000
0.0000
0.0000
0.0000
0.0000
0.0000
0.0000
0.0000
0.0000
131.8359
131.8359
439.4531
439.4531
673.8281
673.8281
878.9062
878.9062
981.4453
981.4453
1103.5156
1103.5156
1157.2266
1157.2266
1215.8203
1215.8203
1250.0000
1250.0000
1298.8281
1298.8281
1298.8281
1298.8281
1303.7109
1303.7109
1303.7109
1303.7109
1289.0625
1289.0625
1279.2969
1279.2969
1230.4687
1230.4687
1191.4062
1191.4062
1118.1641
1118.1641
1010.7422
1010.7422
898.4375
898.4375
859.3750
859.3750
693.3594
693.3594
214.8437
214.8437
0.0000
0.0000
0.0000
0.0000
0.0000
0.0000
0.0000
0.0000
0.0000
0.0000
0.0000
0.0000
0.0000
0.0000
0.0000
0.0000
0.0000
0.0000
0.0000
0.0000
0.0000
0.0000
0.0000
0.0000
0.0000
0.0000
0.0000
0.0000
0.0000
0.0000
0.0000
0.0000
0.0000
0.0000
19.5312
19.5312
317.3828
317.3828
581.0547
581.0547
834.9609
834.9609
1020.5078
1020.5078
1152.3437
1152.3437
1240.2344
1240.2344
1289.0625
1289.0625
1352.5391
1352.5391
1367.1875
1367.1875
1396.4844
1396.4844
1406.2500
1406.2500
1401.3672
1401.3672
1386.7187
1386.7187
1347.6562
1347.6562
1298.8281
1298.8281
1220.7031
1220.7031
1191.4062
1191.4062
1069.3359
1069.3359
1005.8594
1005.8594
981.4453
981.4453
859.3750
859.3750
507.8125
507.8125
0.0000
0.0000
0.0000
0.0000
0.0000
0.0000
0.0000
0.0000
0.0000
0.0000
0.0000
0.0000
0.0000
0.0000
0.0000
0.0000
0.0000
0.0000
0.0000
0.0000
0.0000
0.0000
0.0000
0.0000
0.0000
0.0000
0.0000
0.0000
0.0000
0.0000
0.0000
0.0000
0.0000
0.0000
78.1250
78.1250
429.6875
429.6875
693.3594
693.3594
913.0859
913.0859
1079.1016
1079.1016
1196.2891
1196.2891
1289.0625
1289.0625
1342.7734
1342.7734
1386.7187
1386.7187
1420.8984
1420.8984
1450.1953
1450.1953
1445.3125
1445.3125
1455.0781
1455.0781
1430.6641
1430.6641
1406.2500
1406.2500
1357.4219
1357.4219
1298.8281
1298.8281
1191.4062
1191.4062
1074.2187
1074.2187
1000.9766
1000.9766
1030.2734
1030.2734
1000.9766
1000.9766
747.0703
747.0703
297.8516
297.8516
0.0000
0.0000
0.0000
0.0000
0.0000
0.0000
0.0000
0.0000
0.0000
0.0000
0.0000
0.0000
0.0000
0.0000
0.0000
0.0000
0.0000
0.0000
0.0000
0.0000
0.0000
0.0000
0.0000
0.0000
0.0000
0.0000
0.0000
0.0000
0.0000
0.0000
0.0000
0.0000
0.0000
0.0000
219.7266
219.7266
488.2812
488.2812
698.2422
698.2422
893.5547
893.5547
1040.0391
1040.0391
1176.7578
1176.7578
1240.2344
1240.2344
1269.5312
1269.5312
1269.5312
1269.5312
1250.0000
1250.0000
1250.0000
1250.0000
1245.1172
1245.1172
1289.0625
1289.0625
1289.0625
1289.0625
1308.5937
1308.5937
1289.0625
1289.0625
1269.5312
1269.5312
1210.9375
1210.9375
1113.2812
1113.2812
1098.6328
1098.6328
1079.1016
1079.1016
878.9062
878.9062
336.9141
336.9141
0.0000
0.0000
0.0000
0.0000
0.0000
0.0000
0.0000
0.0000
0.0000
0.0000
0.0000
0.0000
0.0000
0.0000
0.0000
0.0000
0.0000
0.0000
0.0000
0.0000
0.0000
0.0000
0.0000
0.0000
0.0000
0.0000
0.0000
0.0000
0.0000
0.0000
0.0000
0.0000
0.0000
0.0000
126.9531
126.9531
454.1016
454.1016
688.4766
688.4766
878.9062
878.9062
1010.7422
1010.7422
1088.8672
1088.8672
1181.6406
1181.6406
1225.5859
1225.5859
1245.1172
1245.1172
1284.1797
1284.1797
1293.9453
1293.9453
1308.5937
1308.5937
1298.8281
1298.8281
1289.0625
1289.0625
1259.7656
1259.7656
1250.0000
1250.0000
1186.5234
1186.5234
1103.5156
1103.5156
1000.9766
1000.9766
908.2031
908.2031
947.2656
947.2656
795.8984
795.8984
424.8047
424.8047
0.0000
0.0000
0.0000
0.0000
0.0000
0.0000
0.0000
0.0000
0.0000
0.0000
0.0000
0.0000
0.0000
0.0000
0.0000
0.0000
0.0000
0.0000
0.0000
0.0000
0.0000
0.0000
0.0000
0.0000
0.0000
0.0000
0.0000
0.0000
0.0000
0.0000
0.0000
0.0000
0.0000
0.0000
151.3672
151.3672
424.8047
424.8047
668.9453
668.9453
839.8437
839.8437
1015.6250
1015.6250
1152.3437
1152.3437
1289.0625
1289.0625
1357.4219
1357.4219
1425.7812
1425.7812
1440.4297
1440.4297
1430.6641
1430.6641
1411.1328
1411.1328
1376.9531
1376.9531
1333.0078
1333.0078
1284.1797
1284.1797
1245.1172
1245.1172
1206.0547
1206.0547
1166.9922
1166.9922
1093.7500
1093.7500
1044.9219
1044.9219
1015.6250
1015.6250
883.7891
883.7891
512.6953
512.6953
39.0625
39.0625
0.0000
0.0000
0.0000
0.0000
0.0000
0.0000
0.0000
0.0000
0.0000
0.0000
0.0000
0.0000
0.0000
0.0000
0.0000
0.0000
0.0000
0.0000
0.0000
0.0000
0.0000
0.0000
0.0000
0.0000
0.0000
0.0000
0.0000
0.0000
0.0000
0.0000
0.0000
0.0000
0.0000
0.0000
175.7812
175.7812
502.9297
502.9297
737.3047
737.3047
927.7344
927.7344
1069.3359
1069.3359
1132.8125
1132.8125
1210.9375
1210.9375
1220.7031
1220.7031
1250.0000
1250.0000
1259.7656
1259.7656
1250.0000
1250.0000
1254.8828
1254.8828
1225.5859
1225.5859
1220.7031
1220.7031
1132.8125
1132.8125
1064.4531
1064.4531
937.5000
937.5000
854.4922
854.4922
878.9062
878.9062
957.0312
957.0312
898.4375
898.4375
585.9375
585.9375
97.6562
97.6562
0.0000
0.0000
0.0000
0.0000
0.0000
0.0000
0.0000
0.0000
0.0000
0.0000
0.0000
0.0000
0.0000
0.0000
0.0000
0.0000
0.0000
0.0000
0.0000
0.0000
0.0000
0.0000
0.0000
0.0000
0.0000
0.0000
0.0000
0.0000
0.0000
0.0000
229.4922
229.4922
522.4609
522.4609
747.0703
747.0703
947.2656
947.2656
1074.2187
1074.2187
1181.6406
1181.6406
1225.5859
1225.5859
1250.0000
1250.0000
1259.7656
1259.7656
1254.8828
1254.8828
1254.8828
1254.8828
1245.1172
1245.1172
1220.7031
1220.7031
1186.5234
1186.5234
1157.2266
1157.2266
1118.1641
1118.1641
1064.4531
1064.4531
932.6172
932.6172
795.8984
795.8984
703.1250
703.1250
551.7578
551.7578
131.8359
131.8359
0.0000
0.0000
0.0000
0.0000
0.0000
0.0000
0.0000
0.0000
0.0000
0.0000
0.0000
0.0000
0.0000
0.0000
0.0000
0.0000
0.0000
0.0000
0.0000
0.0000
0.0000
0.0000
0.0000
0.0000
0.0000
0.0000
0.0000
0.0000
0.0000
0.0000
0.0000
0.0000
0.0000
0.0000
0.0000
0.0000
0.0000
0.0000
170.8984
170.8984
483.3984
483.3984
673.8281
673.8281
859.3750
859.3750
1020.5078
1020.5078
1147.4609
1147.4609
1225.5859
1225.5859
1279.2969
1279.2969
1333.0078
1333.0078
1337.8906
1337.8906
1372.0703
1372.0703
1386.7187
1386.7187
1396.4844
1396.4844
1396.4844
1396.4844
1376.9531
1376.9531
1337.8906
1337.8906
1230.4687
1230.4687
1083.9844
1083.9844
1054.6875
1054.6875
1059.5703
1059.5703
913.0859
913.0859
620.1172
620.1172
219.7266
219.7266
0.0000
0.0000
0.0000
0.0000
0.0000
0.0000
0.0000
0.0000
0.0000
0.0000
0.0000
0.0000
0.0000
0.0000
0.0000
0.0000
0.0000
0.0000
0.0000
0.0000
0.0000
0.0000
0.0000
0.0000
0.0000
0.0000
0.0000
0.0000
0.0000
0.0000
175.7812
175.7812
468.7500
468.7500
698.2422
698.2422
913.0859
913.0859
1088.8672
1088.8672
1235.3516
1235.3516
1318.3594
1318.3594
1362.3047
1362.3047
1357.4219
1357.4219
1347.6562
1347.6562
1328.1250
1328.1250
1328.1250
1328.1250
1313.4766
1303.7109
1303.7109
1303.7109
1264.6484
1264.6484
1245.1172
1245.1172
1206.0547
1206.0547
1171.8750
1171.8750
1123.0469
1123.0469
1054.6875
1054.6875
1059.5703
1059.5703
1059.5703
1059.5703
888.6719
888.6719
390.6250
390.6250
0.0000
0.0000
0.0000
0.0000
0.0000
0.0000
0.0000
0.0000
0.0000
0.0000
0.0000
0.0000
0.0000
0.0000
0.0000
0.0000
0.0000
0.0000
0.0000
0.0000
0.0000
0.0000
0.0000
0.0000
0.0000
0.0000
0.0000
0.0000
0.0000
0.0000
0.0000
0.0000
0.0000
0.0000
0.0000
0.0000
0.0000
0.0000
229.4922
488.2812
488.2812
659.1797
659.1797
810.5469
810.5469
903.3203
903.3203
1015.6250
1015.6250
1098.6328
1098.6328
1181.6406
1181.6406
1254.8828
1254.8828
1313.4766
1313.4766
1328.1250
1328.1250
1342.7734
1342.7734
1318.3594
1318.3594
1303.7109
1303.7109
1240.2344
1240.2344
1152.3437
1152.3437
1074.2187
1074.2187
1098.6328
1098.6328
1186.5234
1186.5234
1113.2812
1113.2812
830.0781
830.0781
332.0312
332.0312
0.0000
0.0000
0.0000
0.0000
0.0000
0.0000
0.0000
0.0000
0.0000
0.0000
0.0000
0.0000
0.0000
0.0000
0.0000
0.0000
0.0000
0.0000
0.0000
0.0000
0.0000
0.0000
0.0000
0.0000
0.0000
0.0000
0.0000
0.0000
0.0000
0.0000
0.0000
0.0000
136.7187
136.7187
405.2734
405.2734
615.2344
615.2344
820.3125
820.3125
976.5625
976.5625
1088.8672
1088.8672
1171.8750
1171.8750
1210.9375
1210.9375
1225.5859
1225.5859
1215.8203
1215.8203
1215.8203
1215.8203
1196.2891
1196.2891
1191.4062
1191.4062
1171.8750
1171.8750
1152.3437
1152.3437
1152.3437
1152.3437
1137.6953
1137.6953
1118.1641
1118.1641
1079.1016
1079.1016
1113.2812
1113.2812
1074.2187
1074.2187
786.1328
786.1328
122.0703
122.0703
0.0000
0.0000
0.0000
0.0000
0.0000
0.0000
0.0000
0.0000
0.0000
0.0000
0.0000
0.0000
0.0000
0.0000
0.0000
0.0000
0.0000
0.0000
0.0000
0.0000
0.0000
0.0000
0.0000
0.0000
0.0000
0.0000
0.0000
0.0000
0.0000
0.0000
0.0000
0.0000
0.0000
0.0000
0.0000
0.0000
0.0000
0.0000
302.7344
302.7344
532.2266
532.2266
771.4844
771.4844
903.3203
903.3203
1035.1562
1035.1562
1137.6953
1137.6953
1171.8750
1171.8750
1259.7656
1259.7656
1279.2969
1279.2969
1333.0078
1333.0078
1333.0078
1333.0078
1352.5391
1352.5391
1313.4766
1313.4766
1235.3516
1235.3516
1157.2266
1157.2266
1064.4531
1064.4531
1142.5781
1142.5781
1245.1172
1245.1172
1245.1172
1245.1172
908.2031
908.2031
341.7969
341.7969
0.0000
0.0000
0.0000
0.0000
0.0000
0.0000
0.0000
0.0000
0.0000
0.0000
0.0000
0.0000
0.0000
0.0000
0.0000
0.0000
0.0000
0.0000
0.0000
0.0000
0.0000
0.0000
0.0000
0.0000
0.0000
0.0000
0.0000
0.0000
0.0000
0.0000
39.0625
39.0625
312.5000
312.5000
615.2344
615.2344
805.6641
805.6641
986.3281
986.3281
1103.5156
1103.5156
1191.4062
1191.4062
1245.1172
1245.1172
1313.4766
1313.4766
1362.3047
1362.3047
1396.4844
1396.4844
1396.4844
1396.4844
1381.8359
1381.8359
1342.7734
1342.7734
1289.0625
1289.0625
1235.3516
1235.3516
1215.8203
1215.8203
1206.0547
1206.0547
1166.9922
1166.9922
1152.3437
1152.3437
1201.1719
1201.1719
1098.6328
1098.6328
678.7109
678.7109
83.0078
83.0078
0.0000
0.0000
0.0000
0.0000
0.0000
0.0000
0.0000
0.0000
0.0000
0.0000
0.0000
0.0000
0.0000
0.0000
0.0000
0.0000
0.0000
0.0000
0.0000
0.0000
0.0000
0.0000
0.0000
0.0000
0.0000
0.0000
0.0000
0.0000
0.0000
0.0000
0.0000
0.0000
19.5312
19.5312
288.0859
288.0859
581.0547
581.0547
810.5469
810.5469
996.0937
996.0937
1137.6953
1137.6953
1201.1719
1201.1719
1254.8828
1254.8828
1279.2969
1279.2969
1298.8281
1298.8281
1303.7109
1303.7109
1298.8281
1298.8281
1303.7109
1303.7109
1289.0625
1289.0625
1269.5312
1269.5312
1220.7031
1220.7031
1166.9922
1166.9922
1059.5703
1059.5703
922.8516
922.8516
844.7266
844.7266
898.4375
898.4375
878.9062
878.9062
659.1797
659.1797
229.4922
229.4922
0.0000
0.0000
0.0000
0.0000
0.0000
0.0000
0.0000
0.0000
0.0000
0.0000
0.0000
0.0000
0.0000
0.0000
0.0000
0.0000
0.0000
0.0000
0.0000
0.0000
0.0000
0.0000
0.0000
0.0000
0.0000
0.0000
0.0000
0.0000
0.0000
0.0000
156.2500
156.2500
463.8672
463.8672
688.4766
688.4766
903.3203
903.3203
1069.3359
1069.3359
1196.2891
1196.2891
1250.0000
1250.0000
1274.4141
1274.4141
1269.5312
1269.5312
1259.7656
1259.7656
1250.0000
1250.0000
1240.2344
1240.2344
1225.5859
1225.5859
1196.2891
1196.2891
1176.7578
1176.7578
1127.9297
1127.9297
1127.9297
1127.9297
1093.7500
1093.7500
1030.2734
1030.2734
947.2656
947.2656
942.3828
942.3828
913.0859
913.0859
610.3516
610.3516
43.9453
43.9453
0.0000
0.0000
0.0000
0.0000
0.0000
0.0000
0.0000
0.0000
0.0000
0.0000
0.0000
0.0000
0.0000
0.0000
0.0000
0.0000
0.0000
0.0000
0.0000
0.0000
0.0000
0.0000
0.0000
0.0000
0.0000
0.0000
0.0000
0.0000
0.0000
0.0000
0.0000
0.0000
0.0000
0.0000
24.4141
24.4141
327.1484
327.1484
527.3437
527.3437
732.4219
732.4219
874.0234
874.0234
971.6797
971.6797
1083.9844
1083.9844
1142.5781
1142.5781
1196.2891
1196.2891
1215.8203
1215.8203
1259.7656
1259.7656
1254.8828
1254.8828
1274.4141
1274.4141
1264.6484
1264.6484
1245.1172
1245.1172
1181.6406
1181.6406
1113.2812
1113.2812
1020.5078
1020.5078
961.9141
961.9141
971.6797
971.6797
1000.9766
1000.9766
859.3750
859.3750
424.8047
424.8047
0.0000
0.0000
0.0000
0.0000
0.0000
0.0000
0.0000
0.0000
0.0000
0.0000
0.0000
0.0000
0.0000
0.0000
0.0000
0.0000
0.0000
0.0000
0.0000
0.0000
0.0000
0.0000
0.0000
0.0000
0.0000
0.0000
0.0000
0.0000
0.0000
0.0000
0.0000
0.0000
0.0000
0.0000
0.0000
0.0000
97.6562
97.6562
361.3281
361.3281
576.1719
576.1719
795.8984
795.8984
917.9687
917.9687
1020.5078
1020.5078
1118.1641
1118.1641
1147.4609
1147.4609
1191.4062
1191.4062
1181.6406
1181.6406
1210.9375
1210.9375
1206.0547
1206.0547
1215.8203
1215.8203
1191.4062
1191.4062
1171.8750
1171.8750
1142.5781
1142.5781
1083.9844
1083.9844
1025.3906
1025.3906
1000.9766
1000.9766
1000.9766
1000.9766
834.9609
834.9609
415.0391
415.0391
0.0000
0.0000
0.0000
0.0000
0.0000
0.0000
0.0000
0.0000
0.0000
0.0000
0.0000
0.0000
0.0000
0.0000
0.0000
0.0000
0.0000
0.0000
0.0000
0.0000
0.0000
0.0000
0.0000
0.0000
0.0000
0.0000
0.0000
0.0000
0.0000
0.0000
0.0000
0.0000
0.0000
0.0000
0.0000
0.0000
92.7734
92.7734
410.1562
410.1562
629.8828
629.8828
839.8437
839.8437
1000.9766
1000.9766
1123.0469
1123.0469
1230.4687
1230.4687
1279.2969
1279.2969
1313.4766
1313.4766
1323.2422
1323.2422
1328.1250
1328.1250
1372.0703
1372.0703
1381.8359
1381.8359
1396.4844
1396.4844
1372.0703
1372.0703
1347.6562
1347.6562
1269.5312
1269.5312
1176.7578
1176.7578
1132.8125
1132.8125
1166.9922
1166.9922
1186.5234
1186.5234
947.2656
947.2656
488.2812
488.2812
0.0000
0.0000
0.0000
0.0000
0.0000
0.0000
0.0000
0.0000
0.0000
0.0000
0.0000
0.0000
0.0000
0.0000
0.0000
0.0000
0.0000
0.0000
0.0000
0.0000
0.0000
0.0000
0.0000
0.0000
0.0000
0.0000
0.0000
0.0000
0.0000
0.0000
0.0000
0.0000
0.0000
0.0000
122.0703
122.0703
400.3906
400.3906
639.6484
639.6484
820.3125
820.3125
986.3281
986.3281
1093.7500
1093.7500
1186.5234
1186.5234
1225.5859
1225.5859
1269.5312
1269.5312
1250.0000
1250.0000
1230.4687
1230.4687
1201.1719
1201.1719
1166.9922
1166.9922
1166.9922
1166.9922
1166.9922
1166.9922
1191.4062
1191.4062
1201.1719
1201.1719
1162.1094
1162.1094
1132.8125
1132.8125
1176.7578
1176.7578
1118.1641
1118.1641
800.7812
800.7812
219.7266
219.7266
0.0000
0.0000
0.0000
0.0000
0.0000
0.0000
0.0000
0.0000
0.0000
0.0000
0.0000
0.0000
0.0000
0.0000
0.0000
0.0000
0.0000
0.0000
0.0000
0.0000
0.0000
0.0000
0.0000
0.0000
0.0000
0.0000
0.0000
0.0000
0.0000
0.0000
0.0000
0.0000
0.0000
0.0000
19.5312
19.5312
312.5000
312.5000
576.1719
576.1719
771.4844
771.4844
903.3203
903.3203
996.0937
996.0937
1059.5703
1059.5703
1147.4609
1147.4609
1201.1719
1201.1719
1274.4141
1274.4141
1313.4766
1313.4766
1347.6562
1347.6562
1342.7734
1342.7734
1328.1250
1328.1250
1313.4766
1313.4766
1259.7656
1259.7656
1250.0000
1250.0000
1191.4062
1191.4062
1191.4062
1191.4062
1225.5859
1225.5859
1323.2422
1323.2422
1293.9453
1293.9453
883.7891
883.7891
214.8437
214.8437
0.0000
0.0000
0.0000
0.0000
0.0000
0.0000
0.0000
0.0000
0.0000
0.0000
0.0000
0.0000
0.0000
0.0000
0.0000
0.0000
0.0000
0.0000
0.0000
0.0000
0.0000
0.0000
0.0000
0.0000
0.0000
0.0000
0.0000
0.0000
0.0000
0.0000
0.0000
0.0000
0.0000
0.0000
102.5391
102.5391
351.5625
351.5625
581.0547
581.0547
747.0703
747.0703
888.6719
888.6719
991.2109
991.2109
1054.6875
1054.6875
1103.5156
1103.5156
1132.8125
1132.8125
1191.4062
1235.3516
1235.3516
1235.3516
1230.4687
1230.4687
1220.7031
1220.7031
1206.0547
1206.0547
1181.6406
1181.6406
1152.3437
1152.3437
1166.9922
1166.9922
1186.5234
1186.5234
1284.1797
1328.1250
1328.1250
1123.0469
1123.0469
1123.0469
590.8203
590.8203
0.0000
0.0000
0.0000
0.0000
0.0000
0.0000
0.0000
0.0000
0.0000
0.0000
0.0000
0.0000
0.0000
0.0000
0.0000
0.0000
0.0000
0.0000
0.0000
0.0000
0.0000
0.0000
0.0000
0.0000
0.0000
0.0000
0.0000
0.0000
0.0000
0.0000
0.0000
0.0000
0.0000
97.6562
97.6562
390.6250
390.6250
390.6250
610.3516
854.4922
854.4922
1015.6250
1015.6250
1152.3437
1152.3437
1235.3516
1235.3516
1274.4141
1274.4141
1303.7109
1303.7109
1303.7109
1303.7109
1318.3594
1318.3594
1313.4766
1313.4766
1333.0078
1333.0078
1342.7734
1342.7734
1328.1250
1328.1250
1274.4141
1274.4141
1186.5234
1186.5234
1079.1016
1079.1016
1069.3359
1069.3359
1137.6953
1137.6953
1088.8672
1088.8672
810.5469
810.5469
341.7969
341.7969
0.0000
0.0000
0.0000
0.0000
0.0000
0.0000
0.0000
0.0000
0.0000
0.0000
0.0000
0.0000
0.0000
0.0000
0.0000
0.0000
0.0000
0.0000
0.0000
0.0000
0.0000
0.0000
0.0000
0.0000
0.0000
0.0000
0.0000
0.0000
0.0000
0.0000
0.0000
0.0000
0.0000
0.0000
136.7187
136.7187
405.2734
405.2734
600.5859
600.5859
751.9531
751.9531
869.1406
869.1406
957.0312
957.0312
1020.5078
1020.5078
1069.3359
1069.3359
1093.7500
1093.7500
1127.9297
1127.9297
1127.9297
1127.9297
1137.6953
1137.6953
1123.0469
1123.0469
1113.2812
1113.2812
1088.8672
1088.8672
1083.9844
1083.9844
1069.3359
1069.3359
1049.8047
1049.8047
1083.9844
1083.9844
1132.8125
1132.8125
1035.1562
1035.1562
590.8203
590.8203
0.0000
0.0000
0.0000
0.0000
0.0000
0.0000
0.0000
0.0000
0.0000
0.0000
0.0000
0.0000
0.0000
0.0000
0.0000
0.0000
0.0000
0.0000
0.0000
0.0000
0.0000
0.0000
0.0000
0.0000
0.0000
0.0000
0.0000
0.0000
0.0000
0.0000
0.0000
0.0000
0.0000
0.0000
0.0000
0.0000
0.0000
0.0000
161.1328
161.1328
444.3359
444.3359
649.4141
649.4141
810.5469
810.5469
942.3828
942.3828
1030.2734
1030.2734
1118.1641
1118.1641
1191.4062
1191.4062
1235.3516
1235.3516
1284.1797
1284.1797
1308.5937
1308.5937
1323.2422
1323.2422
1323.2422
1323.2422
1328.1250
1328.1250
1284.1797
1284.1797
1235.3516
1235.3516
1166.9922
1166.9922
1186.5234
1186.5234
1279.2969
1279.2969
1250.0000
1250.0000
971.6797
971.6797
405.2734
405.2734
0.0000
0.0000
0.0000
0.0000
0.0000
0.0000
0.0000
0.0000
0.0000
0.0000
0.0000
0.0000
0.0000
0.0000
0.0000
0.0000
0.0000
0.0000
0.0000
0.0000
0.0000
0.0000
0.0000
0.0000
0.0000
0.0000
0.0000
0.0000
0.0000
0.0000
0.0000
0.0000
0.0000
0.0000
0.0000
0.0000
249.0234
249.0234
512.6953
512.6953
708.0078
708.0078
849.6094
849.6094
937.5000
937.5000
981.4453
981.4453
1059.5703
1059.5703
1083.9844
1083.9844
1142.5781
1142.5781
1181.6406
1181.6406
1215.8203
1215.8203
1245.1172
1245.1172
1254.8828
1254.8828
1220.7031
1220.7031
1186.5234
1186.5234
1127.9297
1127.9297
1079.1016
1079.1016
1108.3984
1108.3984
1176.7578
1176.7578
1088.8672
1088.8672
673.8281
673.8281
53.7109
53.7109
0.0000
0.0000
0.0000
0.0000
0.0000
0.0000
0.0000
0.0000
0.0000
0.0000
0.0000
0.0000
0.0000
0.0000
0.0000
0.0000
0.0000
0.0000
0.0000
0.0000
0.0000
0.0000
0.0000
0.0000
0.0000
0.0000
0.0000
0.0000
0.0000
0.0000
0.0000
0.0000
0.0000
0.0000
0.0000
0.0000
224.6094
224.6094
473.6328
473.6328
737.3047
737.3047
917.9687
917.9687
1044.9219
1044.9219
1157.2266
1157.2266
1210.9375
1210.9375
1279.2969
1279.2969
1303.7109
1303.7109
1352.5391
1352.5391
1352.5391
1352.5391
1362.3047
1362.3047
1323.2422
1323.2422
1289.0625
1289.0625
1210.9375
1210.9375
1123.0469
1123.0469
1147.4609
1147.4609
1240.2344
1240.2344
1337.8906
1337.8906
1225.5859
1225.5859
825.1953
825.1953
229.4922
229.4922
0.0000
0.0000
0.0000
0.0000
0.0000
0.0000
0.0000
0.0000
0.0000
0.0000
0.0000
0.0000
0.0000
0.0000
0.0000
0.0000
0.0000
0.0000
0.0000
0.0000
0.0000
0.0000
0.0000
0.0000
0.0000
0.0000
0.0000
0.0000
0.0000
0.0000
0.0000
0.0000
244.1406
244.1406
434.5703
434.5703
688.4766
688.4766
830.0781
830.0781
986.3281
986.3281
1069.3359
1069.3359
1152.3437
1152.3437
1191.4062
1191.4062
1225.5859
1225.5859
1250.0000
1250.0000
1235.3516
1235.3516
1220.7031
1220.7031
1196.2891
1196.2891
1166.9922
1166.9922
1166.9922
1166.9922
1152.3437
1152.3437
1118.1641
1118.1641
1088.8672
1088.8672
1157.2266
1157.2266
1220.7031
1220.7031
1088.8672
1088.8672
668.9453
668.9453
48.8281
48.8281
0.0000
0.0000
0.0000
0.0000
0.0000
0.0000
0.0000
0.0000
0.0000
0.0000
0.0000
0.0000
0.0000
0.0000
0.0000
0.0000
0.0000
0.0000
0.0000
0.0000
0.0000
0.0000
0.0000
0.0000
0.0000
0.0000
0.0000
0.0000
0.0000
0.0000
0.0000
0.0000
0.0000
0.0000
200.1953
200.1953
454.1016
454.1016
664.0625
664.0625
854.4922
854.4922
961.9141
961.9141
1054.6875
1054.6875
1103.5156
1103.5156
1162.1094
1162.1094
1186.5234
1186.5234
1206.0547
1206.0547
1240.2344
1240.2344
1240.2344
1240.2344
1264.6484
1264.6484
1250.0000
1250.0000
1230.4687
1230.4687
1162.1094
1162.1094
1118.1641
1118.1641
1108.3984
1108.3984
1191.4062
1191.4062
1206.0547
1206.0547
986.3281
986.3281
454.1016
454.1016
0.0000
0.0000
0.0000
0.0000
0.0000
0.0000
0.0000
0.0000
0.0000
0.0000
0.0000
0.0000
0.0000
0.0000
0.0000
0.0000
0.0000
0.0000
0.0000
0.0000
0.0000
0.0000
0.0000
0.0000
0.0000
0.0000
0.0000
0.0000
0.0000
0.0000
0.0000
0.0000
0.0000
0.0000
136.7187
136.7187
395.5078
395.5078
639.6484
639.6484
815.4297
815.4297
952.1484
952.1484
1030.2734
1030.2734
1079.1016
1079.1016
1118.1641
1118.1641
1147.4609
1147.4609
1186.5234
1186.5234
1196.2891
1196.2891
1206.0547
1206.0547
1191.4062
1191.4062
1162.1094
1162.1094
1162.1094
1162.1094
1137.6953
1137.6953
1137.6953
1137.6953
1142.5781
1142.5781
1235.3516
1235.3516
1245.1172
1245.1172
996.0937
996.0937
424.8047
424.8047
0.0000
0.0000
0.0000
0.0000
0.0000
0.0000
0.0000
0.0000
0.0000
0.0000
0.0000
0.0000
0.0000
0.0000
0.0000
0.0000
0.0000
0.0000
0.0000
0.0000
0.0000
0.0000
0.0000
0.0000
0.0000
0.0000
0.0000
0.0000
0.0000
0.0000
0.0000
0.0000
0.0000
0.0000
170.8984
170.8984
458.9844
458.9844
639.6484
639.6484
820.3125
820.3125
952.1484
952.1484
1059.5703
1059.5703
1152.3437
1152.3437
1215.8203
1215.8203
1250.0000
1250.0000
1254.8828
1254.8828
1254.8828
1254.8828
1240.2344
1240.2344
1201.1719
1201.1719
1147.4609
1147.4609
1079.1016
1079.1016
1069.3359
1069.3359
1166.9922
1166.9922
1264.6484
1264.6484
1162.1094
1162.1094
678.7109
678.7109
24.4141
24.4141
0.0000
0.0000
0.0000
0.0000
0.0000
0.0000
0.0000
0.0000
0.0000
0.0000
0.0000
0.0000
0.0000
0.0000
0.0000
0.0000
0.0000
0.0000
0.0000
0.0000
0.0000
0.0000
0.0000
0.0000
0.0000
0.0000
0.0000
0.0000
0.0000
0.0000
0.0000
0.0000
83.0078
83.0078
341.7969
341.7969
585.9375
585.9375
781.2500
781.2500
903.3203
903.3203
1020.5078
1020.5078
1088.8672
1088.8672
1152.3437
1152.3437
1176.7578
1176.7578
1201.1719
1201.1719
1191.4062
1191.4062
1176.7578
1176.7578
1176.7578
1176.7578
1157.2266
1157.2266
1201.1719
1201.1719
1196.2891
1196.2891
1225.5859
1225.5859
1279.2969
1279.2969
1352.5391
1352.5391
1264.6484
1264.6484
869.1406
869.1406
224.6094
224.6094
0.0000
0.0000
0.0000
0.0000
0.0000
0.0000
0.0000
0.0000
0.0000
0.0000
0.0000
0.0000
0.0000
0.0000
0.0000
0.0000
0.0000
0.0000
0.0000
0.0000
0.0000
0.0000
0.0000
0.0000
0.0000
0.0000
0.0000
0.0000
0.0000
0.0000
0.0000
0.0000
0.0000
0.0000
102.5391
102.5391
424.8047
424.8047
659.1797
659.1797
893.5547
893.5547
1054.6875
1054.6875
1171.8750
1171.8750
1254.8828
1254.8828
1274.4141
1274.4141
1289.0625
1289.0625
1293.9453
1293.9453
1333.0078
1333.0078
1347.6562
1347.6562
1367.1875
1367.1875
1367.1875
1367.1875
1342.7734
1342.7734
1298.8281
1298.8281
1225.5859
1225.5859
1171.8750
1171.8750
1206.0547
1206.0547
1259.7656
1259.7656
1191.4062
1191.4062
791.0156
791.0156
175.7812
175.7812
0.0000
0.0000
0.0000
0.0000
0.0000
0.0000
0.0000
0.0000
0.0000
0.0000
0.0000
0.0000
