532.2266
532.2266
776.3672
776.3672
961.9141
961.9141
1040.0391
1040.0391
1074.2187
1074.2187
1069.3359
1069.3359
1093.7500
1093.7500
1088.8672
1088.8672
1132.8125
1132.8125
1157.2266
1157.2266
1191.4062
1191.4062
1215.8203
1215.8203
1186.5234
1186.5234
1137.6953
1137.6953
1069.3359
1069.3359
1000.9766
1000.9766
883.7891
883.7891
810.5469
810.5469
839.8437
839.8437
791.0156
791.0156
488.2812
488.2812
0.0000
0.0000
0.0000
0.0000
0.0000
0.0000
0.0000
0.0000
0.0000
0.0000
0.0000
0.0000
0.0000
0.0000
0.0000
0.0000
0.0000
0.0000
0.0000
0.0000
0.0000
0.0000
0.0000
0.0000
0.0000
0.0000
0.0000
0.0000
0.0000
0.0000
0.0000
0.0000
0.0000
0.0000
175.7812
175.7812
449.2187
449.2187
688.4766
688.4766
834.9609
834.9609
961.9141
961.9141
1035.1562
1035.1562
1127.9297
1127.9297
1210.9375
1210.9375
1269.5312
1269.5312
1352.5391
1352.5391
1337.8906
1337.8906
1337.8906
1337.8906
1284.1797
1284.1797
1210.9375
1210.9375
1181.6406
1181.6406
1157.2266
1157.2266
1152.3437
1152.3437
1088.8672
1088.8672
981.4453
981.4453
800.7812
800.7812
703.1250
703.1250
410.1562
410.1562
0.0000
0.0000
0.0000
0.0000
0.0000
0.0000
0.0000
0.0000
0.0000
0.0000
0.0000
0.0000
0.0000
0.0000
0.0000
0.0000
0.0000
0.0000
0.0000
0.0000
0.0000
0.0000
0.0000
0.0000
0.0000
0.0000
0.0000
0.0000
0.0000
0.0000
0.0000
0.0000
0.0000
0.0000
0.0000
0.0000
83.0078
83.0078
327.1484
327.1484
639.6484
639.6484
859.3750
859.3750
1040.0391
1040.0391
1157.2266
1157.2266
1230.4687
1230.4687
1269.5312
1269.5312
1279.2969
1279.2969
1279.2969
1279.2969
1235.3516
1235.3516
1210.9375
1210.9375
1196.2891
1196.2891
1176.7578
1176.7578
1220.7031
1220.7031
1235.3516
1235.3516
1245.1172
1245.1172
1181.6406
1181.6406
1040.0391
1040.0391
869.1406
869.1406
771.4844
771.4844
683.5937
683.5937
336.9141
336.9141
0.0000
0.0000
0.0000
0.0000
0.0000
0.0000
0.0000
0.0000
0.0000
0.0000
0.0000
0.0000
0.0000
0.0000
0.0000
0.0000
0.0000
0.0000
0.0000
0.0000
0.0000
0.0000
0.0000
0.0000
0.0000
0.0000
0.0000
0.0000
0.0000
0.0000
0.0000
0.0000
0.0000
0.0000
278.3203
278.3203
620.1172
620.1172
913.0859
913.0859
1142.5781
1142.5781
1259.7656
1259.7656
1347.6562
1347.6562
1367.1875
1367.1875
1401.3672
1401.3672
1425.7812
1425.7812
1445.3125
1445.3125
1494.1406
1494.1406
1503.9062
1503.9062
1489.2578
1489.2578
1440.4297
1440.4297
1391.6016
1391.6016
1279.2969
1279.2969
1201.1719
1201.1719
1108.3984
1108.3984
1020.5078
1020.5078
971.6797
971.6797
966.7969
966.7969
859.3750
859.3750
410.1562
410.1562
0.0000
0.0000
0.0000
0.0000
0.0000
0.0000
0.0000
0.0000
0.0000
0.0000
0.0000
0.0000
0.0000
0.0000
0.0000
0.0000
0.0000
0.0000
0.0000
0.0000
0.0000
0.0000
0.0000
0.0000
0.0000
0.0000
0.0000
0.0000
0.0000
0.0000
14.6484
14.6484
258.7891
258.7891
576.1719
576.1719
781.2500
781.2500
1000.9766
1000.9766
1162.1094
1162.1094
1259.7656
1259.7656
1337.8906
1337.8906
1367.1875
1367.1875
1381.8359
1381.8359
1342.7734
1342.7734
1318.3594
1318.3594
1274.4141
1274.4141
1254.8828
1254.8828
1235.3516
1235.3516
1235.3516
1235.3516
1279.2969
1279.2969
1313.4766
1313.4766
1303.7109
1303.7109
1240.2344
1240.2344
1103.5156
1103.5156
991.2109
991.2109
820.3125
820.3125
405.2734
405.2734
0.0000
0.0000
0.0000
0.0000
0.0000
0.0000
0.0000
0.0000
0.0000
0.0000
0.0000
0.0000
0.0000
0.0000
0.0000
0.0000
0.0000
0.0000
0.0000
0.0000
0.0000
0.0000
0.0000
0.0000
0.0000
0.0000
0.0000
0.0000
0.0000
0.0000
0.0000
0.0000
0.0000
0.0000
0.0000
0.0000
19.5312
19.5312
400.3906
400.3906
668.9453
668.9453
947.2656
947.2656
1127.9297
1127.9297
1250.0000
1250.0000
1323.2422
1323.2422
1328.1250
1328.1250
1357.4219
1357.4219
1337.8906
1337.8906
1381.8359
1381.8359
1376.9531
1376.9531
1430.6641
1430.6641
1435.5469
1435.5469
1440.4297
1440.4297
1411.1328
1411.1328
1328.1250
1328.1250
1240.2344
1240.2344
1088.8672
1088.8672
996.0937
996.0937
893.5547
893.5547
751.9531
751.9531
312.5000
312.5000
0.0000
0.0000
0.0000
0.0000
0.0000
0.0000
0.0000
0.0000
0.0000
0.0000
0.0000
0.0000
0.0000
0.0000
0.0000
0.0000
0.0000
0.0000
0.0000
0.0000
0.0000
0.0000
0.0000
0.0000
0.0000
0.0000
0.0000
0.0000
0.0000
0.0000
0.0000
0.0000
0.0000
0.0000
0.0000
0.0000
180.6641
180.6641
415.0391
415.0391
639.6484
639.6484
820.3125
820.3125
966.7969
966.7969
1123.0469
1123.0469
1230.4687
1230.4687
1347.6562
1347.6562
1430.6641
1430.6641
1479.4922
1479.4922
1484.3750
1484.3750
1445.3125
1445.3125
1401.3672
1401.3672
1303.7109
1303.7109
1293.9453
1293.9453
1274.4141
1274.4141
1284.1797
1284.1797
1293.9453
1293.9453
1308.5937
1308.5937
1323.2422
1323.2422
1152.3437
1152.3437
693.3594
693.3594
83.0078
83.0078
0.0000
0.0000
0.0000
0.0000
0.0000
0.0000
0.0000
0.0000
0.0000
0.0000
0.0000
0.0000
0.0000
0.0000
0.0000
0.0000
0.0000
0.0000
0.0000
0.0000
0.0000
0.0000
0.0000
0.0000
0.0000
0.0000
0.0000
0.0000
0.0000
0.0000
0.0000
0.0000
0.0000
0.0000
278.3203
278.3203
537.1094
537.1094
795.8984
795.8984
1035.1562
1166.9922
1166.9922
1323.2422
1323.2422
1352.5391
1352.5391
1416.0156
1416.0156
1416.0156
1416.0156
1435.5469
1435.5469
1440.4297
1440.4297
1445.3125
1445.3125
1469.7266
1469.7266
1464.8437
1464.8437
1489.2578
1489.2578
1459.9609
1459.9609
1386.7187
1386.7187
1259.7656
1259.7656
1137.6953
1137.6953
1098.6328
1098.6328
1088.8672
1088.8672
976.5625
976.5625
566.4062
566.4062
107.4219
107.4219
0.0000
0.0000
0.0000
0.0000
0.0000
0.0000
0.0000
0.0000
0.0000
0.0000
0.0000
0.0000
0.0000
0.0000
0.0000
0.0000
0.0000
0.0000
0.0000
0.0000
0.0000
0.0000
0.0000
0.0000
0.0000
0.0000
0.0000
0.0000
0.0000
0.0000
0.0000
0.0000
283.2031
283.2031
585.9375
585.9375
859.3750
859.3750
1040.0391
1040.0391
1157.2266
1157.2266
1225.5859
1225.5859
1245.1172
1245.1172
1269.5312
1269.5312
1293.9453
1293.9453
1313.4766
1313.4766
1347.6562
1347.6562
1362.3047
1362.3047
1337.8906
1337.8906
1303.7109
1303.7109
1250.0000
1250.0000
1206.0547
1206.0547
1137.6953
1137.6953
1083.9844
1083.9844
1059.5703
1059.5703
1098.6328
1098.6328
1010.7422
1010.7422
708.0078
708.0078
214.8437
214.8437
0.0000
0.0000
0.0000
0.0000
0.0000
0.0000
0.0000
0.0000
0.0000
0.0000
0.0000
0.0000
0.0000
0.0000
0.0000
0.0000
0.0000
0.0000
0.0000
0.0000
0.0000
0.0000
0.0000
0.0000
0.0000
0.0000
0.0000
0.0000
0.0000
0.0000
0.0000
0.0000
0.0000
0.0000
0.0000
0.0000
346.6797
346.6797
610.3516
610.3516
874.0234
874.0234
1074.2187
1074.2187
1220.7031
1220.7031
1342.7734
1342.7734
1411.1328
1411.1328
1459.9609
1459.9609
1450.1953
1450.1953
1440.4297
1440.4297
1367.1875
1367.1875
1328.1250
1328.1250
1293.9453
1293.9453
1303.7109
1303.7109
1342.7734
1342.7734
1352.5391
1352.5391
1342.7734
1342.7734
1240.2344
1240.2344
1132.8125
1132.8125
981.4453
981.4453
864.2578
864.2578
615.2344
615.2344
102.5391
102.5391
0.0000
0.0000
0.0000
0.0000
0.0000
0.0000
0.0000
0.0000
0.0000
0.0000
0.0000
0.0000
0.0000
0.0000
0.0000
0.0000
0.0000
0.0000
0.0000
0.0000
0.0000
0.0000
0.0000
0.0000
0.0000
0.0000
0.0000
0.0000
0.0000
0.0000
0.0000
0.0000
0.0000
0.0000
0.0000
0.0000
229.4922
229.4922
566.4062
566.4062
810.5469
810.5469
966.7969
966.7969
1098.6328
1098.6328
1147.4609
1147.4609
1181.6406
1181.6406
1210.9375
1210.9375
1215.8203
1215.8203
1250.0000
1250.0000
1259.7656
1259.7656
1289.0625
1289.0625
1274.4141
1274.4141
1284.1797
1284.1797
1259.7656
1259.7656
1220.7031
1220.7031
1157.2266
1157.2266
1098.6328
1098.6328
1166.9922
1166.9922
1157.2266
1157.2266
996.0937
996.0937
498.0469
498.0469
0.0000
0.0000
0.0000
0.0000
0.0000
0.0000
0.0000
0.0000
0.0000
0.0000
0.0000
0.0000
0.0000
0.0000
0.0000
0.0000
0.0000
0.0000
0.0000
0.0000
0.0000
0.0000
0.0000
0.0000
0.0000
0.0000
0.0000
0.0000
0.0000
0.0000
0.0000
0.0000
0.0000
0.0000
0.0000
0.0000
229.4922
229.4922
478.5156
478.5156
756.8359
756.8359
932.6172
932.6172
1152.3437
1152.3437
1303.7109
1303.7109
1435.5469
1435.5469
1518.5547
1518.5547
1567.3828
1567.3828
1567.3828
1567.3828
1518.5547
1518.5547
1479.4922
1479.4922
1430.6641
1430.6641
1411.1328
1411.1328
1416.0156
1416.0156
1435.5469
1435.5469
1425.7812
1425.7812
1376.9531
1376.9531
1284.1797
1284.1797
1201.1719
1201.1719
1157.2266
1157.2266
986.3281
986.3281
561.5234
561.5234
0.0000
0.0000
0.0000
0.0000
0.0000
0.0000
0.0000
0.0000
0.0000
0.0000
0.0000
0.0000
0.0000
0.0000
0.0000
0.0000
0.0000
0.0000
0.0000
0.0000
0.0000
0.0000
0.0000
0.0000
0.0000
0.0000
0.0000
0.0000
0.0000
0.0000
0.0000
0.0000
0.0000
0.0000
0.0000
0.0000
14.6484
14.6484
351.5625
351.5625
639.6484
639.6484
844.7266
844.7266
996.0937
996.0937
1064.4531
1064.4531
1127.9297
1127.9297
1157.2266
1157.2266
1210.9375
1210.9375
1259.7656
1259.7656
1313.4766
1313.4766
1357.4219
1357.4219
1372.0703
1372.0703
1381.8359
1381.8359
1303.7109
1303.7109
1279.2969
1279.2969
1196.2891
1196.2891
1157.2266
1157.2266
1108.3984
1108.3984
1118.1641
1118.1641
1103.5156
1103.5156
776.3672
776.3672
249.0234
249.0234
0.0000
0.0000
0.0000
0.0000
0.0000
0.0000
0.0000
0.0000
0.0000
0.0000
0.0000
0.0000
0.0000
0.0000
0.0000
0.0000
0.0000
0.0000
0.0000
0.0000
0.0000
0.0000
0.0000
0.0000
0.0000
0.0000
0.0000
0.0000
0.0000
0.0000
0.0000
0.0000
0.0000
0.0000
0.0000
0.0000
0.0000
0.0000
278.3203
278.3203
493.1641
493.1641
756.8359
756.8359
932.6172
932.6172
1113.2812
1113.2812
1245.1172
1245.1172
1352.5391
1352.5391
1435.5469
1435.5469
1469.7266
1469.7266
1484.3750
1484.3750
1469.7266
1469.7266
1484.3750
1484.3750
1484.3750
1484.3750
1479.4922
1479.4922
1440.4297
1440.4297
1337.8906
1337.8906
1333.0078
1333.0078
1352.5391
1352.5391
1342.7734
1342.7734
1108.3984
1108.3984
659.1797
659.1797
146.4844
146.4844
0.0000
0.0000
0.0000
0.0000
0.0000
0.0000
0.0000
0.0000
0.0000
0.0000
0.0000
0.0000
0.0000
0.0000
0.0000
0.0000
0.0000
0.0000
0.0000
0.0000
0.0000
0.0000
0.0000
0.0000
0.0000
0.0000
0.0000
0.0000
0.0000
0.0000
0.0000
0.0000
0.0000
0.0000
156.2500
156.2500
468.7500
468.7500
708.0078
708.0078
947.2656
947.2656
1088.8672
1088.8672
1176.7578
1176.7578
1235.3516
1235.3516
1250.0000
1250.0000
1293.9453
1293.9453
1303.7109
1303.7109
1362.3047
1362.3047
1367.1875
1367.1875
1386.7187
1386.7187
1362.3047
1362.3047
1293.9453
1293.9453
1210.9375
1210.9375
1103.5156
1103.5156
1118.1641
1118.1641
1088.8672
1088.8672
913.0859
913.0859
424.8047
424.8047
0.0000
0.0000
0.0000
0.0000
0.0000
0.0000
0.0000
0.0000
0.0000
0.0000
0.0000
0.0000
0.0000
0.0000
0.0000
0.0000
0.0000
0.0000
0.0000
0.0000
0.0000
0.0000
0.0000
0.0000
0.0000
0.0000
0.0000
0.0000
0.0000
0.0000
0.0000
0.0000
0.0000
0.0000
0.0000
0.0000
219.7266
219.7266
488.2812
488.2812
742.1875
742.1875
883.7891
883.7891
1020.5078
1020.5078
1083.9844
1083.9844
1157.2266
1157.2266
1240.2344
1240.2344
1333.0078
1333.0078
1440.4297
1440.4297
1508.7891
1508.7891
1533.2031
1533.2031
1513.6719
1513.6719
1445.3125
1445.3125
1357.4219
1357.4219
1245.1172
1245.1172
1196.2891
1196.2891
1240.2344
1240.2344
1376.9531
1376.9531
1406.2500
1406.2500
1137.6953
1137.6953
546.8750
546.8750
0.0000
0.0000
0.0000
0.0000
0.0000
0.0000
0.0000
0.0000
0.0000
0.0000
0.0000
0.0000
0.0000
0.0000
0.0000
0.0000
0.0000
0.0000
0.0000
0.0000
0.0000
0.0000
0.0000
0.0000
0.0000
0.0000
0.0000
0.0000
0.0000
0.0000
0.0000
0.0000
0.0000
0.0000
43.9453
43.9453
302.7344
302.7344
512.6953
512.6953
722.6562
722.6562
908.2031
908.2031
1025.3906
1025.3906
1181.6406
1181.6406
1269.5312
1269.5312
1362.3047
1362.3047
1381.8359
1381.8359
1372.0703
1372.0703
1323.2422
1323.2422
1254.8828
1254.8828
1220.7031
1220.7031
1186.5234
1186.5234
1235.3516
1235.3516
1210.9375
1210.9375
1220.7031
1220.7031
1254.8828
1254.8828
1298.8281
1298.8281
1157.2266
1157.2266
751.9531
751.9531
166.0156
166.0156
0.0000
0.0000
0.0000
0.0000
0.0000
0.0000
0.0000
0.0000
0.0000
0.0000
0.0000
0.0000
0.0000
0.0000
0.0000
0.0000
0.0000
0.0000
0.0000
0.0000
0.0000
0.0000
0.0000
0.0000
0.0000
0.0000
0.0000
0.0000
0.0000
0.0000
0.0000
0.0000
0.0000
0.0000
0.0000
0.0000
117.1875
117.1875
419.9219
419.9219
708.0078
708.0078
957.0312
957.0312
1123.0469
1123.0469
1225.5859
1225.5859
1279.2969
1279.2969
1293.9453
1293.9453
1289.0625
1289.0625
1274.4141
1274.4141
1328.1250
1328.1250
1372.0703
1372.0703
1425.7812
1425.7812
1420.8984
1420.8984
1386.7187
1386.7187
1279.2969
1279.2969
1176.7578
1176.7578
1225.5859
1225.5859
1225.5859
1225.5859
1083.9844
1083.9844
615.2344
615.2344
68.3594
68.3594
0.0000
0.0000
0.0000
0.0000
0.0000
0.0000
0.0000
0.0000
0.0000
0.0000
0.0000
0.0000
0.0000
0.0000
0.0000
0.0000
0.0000
0.0000
0.0000
0.0000
0.0000
0.0000
0.0000
0.0000
0.0000
0.0000
0.0000
0.0000
0.0000
0.0000
0.0000
0.0000
0.0000
0.0000
156.2500
156.2500
439.4531
439.4531
698.2422
698.2422
815.4297
815.4297
942.3828
942.3828
1000.9766
1000.9766
1079.1016
1079.1016
1162.1094
1162.1094
1240.2344
1240.2344
1323.2422
1323.2422
1323.2422
1323.2422
1337.8906
1337.8906
1274.4141
1240.2344
1240.2344
1240.2344
1176.7578
1176.7578
1137.6953
1137.6953
1118.1641
1118.1641
1127.9297
1127.9297
1220.7031
1220.7031
1093.7500
1093.7500
747.0703
747.0703
131.8359
131.8359
0.0000
0.0000
0.0000
0.0000
0.0000
0.0000
0.0000
0.0000
0.0000
0.0000
0.0000
0.0000
0.0000
0.0000
0.0000
0.0000
0.0000
0.0000
0.0000
0.0000
0.0000
0.0000
0.0000
0.0000
0.0000
0.0000
0.0000
0.0000
0.0000
0.0000
0.0000
0.0000
0.0000
0.0000
0.0000
229.4922
229.4922
498.0469
498.0469
766.6016
766.6016
917.9687
917.9687
1093.7500
1093.7500
1220.7031
1220.7031
1303.7109
1303.7109
1401.3672
1401.3672
1455.0781
1455.0781
1479.4922
1479.4922
1479.4922
1479.4922
1464.8437
1464.8437
1469.7266
1469.7266
1455.0781
1455.0781
1484.3750
1484.3750
1459.9609
1459.9609
1445.3125
1445.3125
1367.1875
1367.1875
1372.0703
1372.0703
1386.7187
1386.7187
1245.1172
1245.1172
791.0156
791.0156
161.1328
161.1328
0.0000
0.0000
0.0000
0.0000
0.0000
0.0000
0.0000
0.0000
0.0000
0.0000
0.0000
0.0000
0.0000
0.0000
0.0000
0.0000
0.0000
0.0000
0.0000
0.0000
0.0000
0.0000
0.0000
0.0000
0.0000
0.0000
0.0000
0.0000
0.0000
0.0000
0.0000
0.0000
0.0000
0.0000
297.8516
297.8516
556.6406
556.6406
839.8437
839.8437
991.2109
991.2109
1098.6328
1098.6328
1162.1094
1162.1094
1162.1094
1162.1094
1230.4687
1230.4687
1225.5859
1225.5859
1303.7109
1303.7109
1337.8906
1337.8906
1391.6016
1391.6016
1396.4844
1396.4844
1372.0703
1372.0703
1357.4219
1357.4219
1269.5312
1269.5312
1250.0000
1250.0000
1186.5234
1186.5234
1293.9453
1293.9453
1352.5391
1352.5391
1210.9375
1210.9375
629.8828
629.8828
0.0000
0.0000
0.0000
0.0000
0.0000
0.0000
0.0000
0.0000
0.0000
0.0000
0.0000
0.0000
0.0000
0.0000
0.0000
0.0000
0.0000
0.0000
0.0000
0.0000
0.0000
0.0000
0.0000
0.0000
0.0000
0.0000
0.0000
0.0000
0.0000
0.0000
0.0000
0.0000
0.0000
0.0000
0.0000
0.0000
43.9453
43.9453
283.2031
283.2031
566.4062
566.4062
766.6016
766.6016
942.3828
942.3828
1103.5156
1103.5156
1201.1719
1201.1719
1313.4766
1313.4766
1376.9531
1376.9531
1430.6641
1430.6641
1445.3125
1445.3125
1435.5469
1435.5469
1435.5469
1435.5469
1396.4844
1396.4844
1396.4844
1396.4844
1357.4219
1357.4219
1333.0078
1333.0078
1323.2422
1323.2422
1367.1875
1367.1875
1455.0781
1455.0781
1333.0078
1333.0078
961.9141
961.9141
410.1562
410.1562
0.0000
0.0000
0.0000
0.0000
0.0000
0.0000
0.0000
0.0000
0.0000
0.0000
0.0000
0.0000
0.0000
0.0000
0.0000
0.0000
0.0000
0.0000
0.0000
0.0000
0.0000
0.0000
0.0000
0.0000
0.0000
0.0000
0.0000
0.0000
0.0000
0.0000
0.0000
0.0000
0.0000
0.0000
180.6641
180.6641
444.3359
444.3359
683.5937
683.5937
903.3203
903.3203
1044.9219
1044.9219
1166.9922
1166.9922
1225.5859
1225.5859
1250.0000
1250.0000
1240.2344
1240.2344
1220.7031
1220.7031
1210.9375
1210.9375
1201.1719
1201.1719
1235.3516
1235.3516
1245.1172
1245.1172
1293.9453
1293.9453
1250.0000
1250.0000
1220.7031
1220.7031
1201.1719
1201.1719
1259.7656
1259.7656
1293.9453
1293.9453
1113.2812
1113.2812
747.0703
747.0703
219.7266
219.7266
0.0000
0.0000
0.0000
0.0000
0.0000
0.0000
0.0000
0.0000
0.0000
0.0000
0.0000
0.0000
0.0000
0.0000
0.0000
0.0000
0.0000
0.0000
0.0000
0.0000
0.0000
0.0000
0.0000
0.0000
0.0000
0.0000
0.0000
0.0000
0.0000
0.0000
34.1797
34.1797
356.4453
356.4453
693.3594
693.3594
937.5000
937.5000
1127.9297
1127.9297
1250.0000
1250.0000
1303.7109
1303.7109
1313.4766
1313.4766
1284.1797
1284.1797
1293.9453
1293.9453
1289.0625
1289.0625
1323.2422
1323.2422
1342.7734
1342.7734
1352.5391
1352.5391
1318.3594
1318.3594
1269.5312
1269.5312
1206.0547
1206.0547
1123.0469
1123.0469
1054.6875
1054.6875
1069.3359
1069.3359
1118.1641
1118.1641
1074.2187
1074.2187
708.0078
708.0078
146.4844
146.4844
0.0000
0.0000
0.0000
0.0000
0.0000
0.0000
0.0000
0.0000
0.0000
0.0000
0.0000
0.0000
0.0000
0.0000
0.0000
0.0000
0.0000
0.0000
0.0000
0.0000
0.0000
0.0000
0.0000
0.0000
0.0000
0.0000
0.0000
0.0000
0.0000
0.0000
0.0000
0.0000
0.0000
0.0000
97.6562
97.6562
332.0312
332.0312
546.8750
546.8750
668.9453
668.9453
795.8984
795.8984
859.3750
859.3750
947.2656
947.2656
1040.0391
1040.0391
1069.3359
1069.3359
1127.9297
1127.9297
1103.5156
1103.5156
1113.2812
1113.2812
1088.8672
1088.8672
1088.8672
1088.8672
1132.8125
1132.8125
1132.8125
1132.8125
1147.4609
1147.4609
1127.9297
1127.9297
1206.0547
1206.0547
1152.3437
1152.3437
815.4297
815.4297
209.9609
209.9609
0.0000
0.0000
0.0000
0.0000
0.0000
0.0000
0.0000
0.0000
0.0000
0.0000
0.0000
0.0000
0.0000
0.0000
0.0000
0.0000
0.0000
0.0000
0.0000
0.0000
0.0000
0.0000
0.0000
0.0000
0.0000
0.0000
0.0000
0.0000
0.0000
0.0000
0.0000
0.0000
0.0000
0.0000
92.7734
92.7734
405.2734
405.2734
625.0000
625.0000
864.2578
864.2578
1059.5703
1059.5703
1196.2891
1196.2891
1303.7109
1303.7109
1367.1875
1367.1875
1391.6016
1391.6016
1381.8359
1381.8359
1352.5391
1352.5391
1342.7734
1342.7734
1333.0078
1333.0078
1362.3047
1362.3047
1342.7734
1342.7734
1352.5391
1352.5391
1279.2969
1279.2969
1181.6406
1181.6406
1103.5156
1103.5156
1098.6328
1098.6328
1127.9297
1127.9297
878.9062
878.9062
449.2187
449.2187
0.0000
0.0000
0.0000
0.0000
0.0000
0.0000
0.0000
0.0000
0.0000
0.0000
0.0000
0.0000
0.0000
0.0000
0.0000
0.0000
0.0000
0.0000
0.0000
0.0000
0.0000
0.0000
0.0000
0.0000
0.0000
0.0000
0.0000
0.0000
0.0000
0.0000
0.0000
0.0000
4.8828
4.8828
283.2031
283.2031
571.2891
571.2891
795.8984
795.8984
957.0312
957.0312
1064.4531
1064.4531
1098.6328
1098.6328
1157.2266
1157.2266
1162.1094
1162.1094
1215.8203
1215.8203
1230.4687
1230.4687
1264.6484
1264.6484
1269.5312
1269.5312
1235.3516
1235.3516
1225.5859
1225.5859
1181.6406
1181.6406
1176.7578
1176.7578
1123.0469
1123.0469
1035.1562
1035.1562
1040.0391
1040.0391
1083.9844
1083.9844
1000.9766
1000.9766
585.9375
585.9375
0.0000
0.0000
0.0000
0.0000
0.0000
0.0000
0.0000
0.0000
0.0000
0.0000
0.0000
0.0000
0.0000
0.0000
0.0000
0.0000
0.0000
0.0000
0.0000
0.0000
0.0000
0.0000
0.0000
0.0000
0.0000
0.0000
0.0000
0.0000
0.0000
0.0000
0.0000
0.0000
0.0000
0.0000
175.7812
175.7812
473.6328
473.6328
703.1250
703.1250
913.0859
913.0859
1044.9219
1044.9219
1152.3437
1152.3437
1235.3516
1235.3516
1293.9453
1293.9453
1367.1875
1367.1875
1391.6016
1391.6016
1391.6016
1391.6016
1352.5391
1352.5391
1328.1250
1328.1250
1269.5312
1269.5312
1235.3516
1235.3516
1220.7031
1220.7031
1176.7578
1176.7578
1162.1094
1162.1094
1103.5156
1103.5156
1127.9297
1127.9297
1005.8594
1005.8594
644.5312
644.5312
0.0000
0.0000
0.0000
0.0000
0.0000
0.0000
0.0000
0.0000
0.0000
0.0000
0.0000
0.0000
0.0000
0.0000
0.0000
0.0000
0.0000
0.0000
0.0000
0.0000
0.0000
0.0000
0.0000
0.0000
0.0000
0.0000
0.0000
0.0000
0.0000
0.0000
0.0000
0.0000
0.0000
0.0000
0.0000
0.0000
58.5937
58.5937
341.7969
341.7969
556.6406
556.6406
844.7266
844.7266
991.2109
991.2109
1123.0469
1123.0469
1196.2891
1196.2891
1210.9375
1210.9375
1220.7031
1220.7031
1176.7578
1176.7578
1201.1719
1201.1719
1162.1094
1162.1094
1225.5859
1225.5859
1245.1172
1245.1172
1250.0000
1250.0000
1215.8203
1215.8203
1098.6328
1098.6328
1079.1016
1079.1016
1064.4531
1064.4531
917.9687
917.9687
551.7578
551.7578
48.8281
48.8281
0.0000
0.0000
0.0000
0.0000
0.0000
0.0000
0.0000
0.0000
0.0000
0.0000
0.0000
0.0000
0.0000
0.0000
0.0000
0.0000
0.0000
0.0000
0.0000
0.0000
0.0000
0.0000
0.0000
0.0000
0.0000
0.0000
0.0000
0.0000
0.0000
0.0000
0.0000
0.0000
68.3594
68.3594
424.8047
424.8047
717.7734
717.7734
966.7969
966.7969
1142.5781
1142.5781
1259.7656
1259.7656
1342.7734
1342.7734
1357.4219
1357.4219
1372.0703
1372.0703
1367.1875
1367.1875
1396.4844
1396.4844
1420.8984
1420.8984
1455.0781
1455.0781
1474.6094
1474.6094
1445.3125
1445.3125
1411.1328
1411.1328
1347.6562
1347.6562
1284.1797
1284.1797
1206.0547
1206.0547
1269.5312
1269.5312
1333.0078
1333.0078
1206.0547
1206.0547
703.1250
703.1250
0.0000
0.0000
0.0000
0.0000
0.0000
0.0000
0.0000
0.0000
0.0000
0.0000
0.0000
0.0000
0.0000
0.0000
0.0000
0.0000
0.0000
0.0000
0.0000
0.0000
0.0000
0.0000
0.0000
0.0000
0.0000
0.0000
0.0000
0.0000
0.0000
0.0000
0.0000
0.0000
0.0000
0.0000
0.0000
0.0000
0.0000
0.0000
0.0000
0.0000
161.1328
161.1328
415.0391
415.0391
595.7031
595.7031
810.5469
810.5469
952.1484
952.1484
1098.6328
1098.6328
1196.2891
1196.2891
1250.0000
1250.0000
1298.8281
1298.8281
1298.8281
1298.8281
1303.7109
1303.7109
1298.8281
1298.8281
1313.4766
1313.4766
1337.8906
1328.1250
1328.1250
1328.1250
1342.7734
1342.7734
1357.4219
1357.4219
1464.8437
1464.8437
1435.5469
1435.5469
1152.3437
1152.3437
537.1094
537.1094
0.0000
0.0000
0.0000
0.0000
0.0000
0.0000
0.0000
0.0000
0.0000
0.0000
0.0000
0.0000
0.0000
0.0000
0.0000
0.0000
0.0000
0.0000
0.0000
0.0000
0.0000
0.0000
0.0000
0.0000
0.0000
0.0000
0.0000
0.0000
0.0000
0.0000
0.0000
0.0000
78.1250
78.1250
390.6250
390.6250
629.8828
629.8828
888.6719
1118.1641
1118.1641
1259.7656
1259.7656
1376.9531
1376.9531
1430.6641
1430.6641
1464.8437
1464.8437
1489.2578
1489.2578
1494.1406
1494.1406
1499.0234
1499.0234
1499.0234
1499.0234
1538.0859
1538.0859
1523.4375
1523.4375
1518.5547
1518.5547
1425.7812
1425.7812
1298.8281
1298.8281
1206.0547
1206.0547
1220.7031
1220.7031
1269.5312
1269.5312
1108.3984
1108.3984
747.0703
747.0703
141.6016
141.6016
0.0000
0.0000
0.0000
0.0000
0.0000
0.0000
0.0000
0.0000
0.0000
0.0000
0.0000
0.0000
0.0000
0.0000
0.0000
0.0000
0.0000
0.0000
0.0000
0.0000
0.0000
0.0000
0.0000
0.0000
0.0000
0.0000
0.0000
0.0000
0.0000
0.0000
0.0000
0.0000
0.0000
0.0000
239.2578
239.2578
546.8750
546.8750
776.3672
776.3672
957.0312
957.0312
1035.1562
1035.1562
1137.6953
1137.6953
1171.8750
1171.8750
1250.0000
1250.0000
1313.4766
1313.4766
1386.7187
1386.7187
1420.8984
1420.8984
1401.3672
1401.3672
1362.3047
1362.3047
1284.1797
1284.1797
1245.1172
1245.1172
1235.3516
1235.3516
1220.7031
1220.7031
1303.7109
1303.7109
1420.8984
1420.8984
1425.7812
1425.7812
1132.8125
1132.8125
546.8750
546.8750
0.0000
0.0000
0.0000
0.0000
0.0000
0.0000
0.0000
0.0000
0.0000
0.0000
0.0000
0.0000
0.0000
0.0000
0.0000
0.0000
0.0000
0.0000
0.0000
0.0000
0.0000
0.0000
0.0000
0.0000
0.0000
0.0000
0.0000
0.0000
0.0000
0.0000
0.0000
0.0000
0.0000
0.0000
107.4219
107.4219
371.0937
371.0937
644.5312
644.5312
859.3750
859.3750
1040.0391
1040.0391
1176.7578
1176.7578
1293.9453
1293.9453
1381.8359
1381.8359
1435.5469
1435.5469
1459.9609
1459.9609
1440.4297
1440.4297
1430.6641
1430.6641
1401.3672
1401.3672
1367.1875
1367.1875
1352.5391
1352.5391
1323.2422
1323.2422
1328.1250
1328.1250
1274.4141
1274.4141
1245.1172
1245.1172
1235.3516
1235.3516
1289.0625
1289.0625
1108.3984
1108.3984
615.2344
615.2344
0.0000
0.0000
0.0000
0.0000
0.0000
0.0000
0.0000
0.0000
0.0000
0.0000
0.0000
0.0000
0.0000
0.0000
0.0000
0.0000
0.0000
0.0000
0.0000
0.0000
0.0000
0.0000
0.0000
0.0000
0.0000
0.0000
0.0000
0.0000
0.0000
0.0000
0.0000
0.0000
0.0000
0.0000
0.0000
0.0000
229.4922
229.4922
566.4062
566.4062
781.2500
781.2500
991.2109
991.2109
1103.5156
1103.5156
1152.3437
1152.3437
1176.7578
1176.7578
1142.5781
1142.5781
1147.4609
1147.4609
1142.5781
1142.5781
1181.6406
1181.6406
1225.5859
1225.5859
1289.0625
1289.0625
1323.2422
1323.2422
1313.4766
1313.4766
1284.1797
1284.1797
1201.1719
1201.1719
1206.0547
1206.0547
1279.2969
1279.2969
1264.6484
1264.6484
1030.2734
1030.2734
522.4609
522.4609
0.0000
0.0000
0.0000
0.0000
0.0000
0.0000
0.0000
0.0000
0.0000
0.0000
0.0000
0.0000
0.0000
0.0000
0.0000
0.0000
0.0000
0.0000
0.0000
0.0000
0.0000
0.0000
0.0000
0.0000
0.0000
0.0000
0.0000
0.0000
0.0000
0.0000
0.0000
0.0000
0.0000
0.0000
170.8984
170.8984
473.6328
473.6328
737.3047
737.3047
927.7344
927.7344
1040.0391
1040.0391
1127.9297
1127.9297
1162.1094
1162.1094
1235.3516
1235.3516
1289.0625
1289.0625
1347.6562
1347.6562
1381.8359
1381.8359
1352.5391
1352.5391
1347.6562
1347.6562
1269.5312
1269.5312
1250.0000
1250.0000
1191.4062
1191.4062
1181.6406
1181.6406
1152.3437
1152.3437
1166.9922
1166.9922
1225.5859
1225.5859
1171.8750
1171.8750
869.1406
869.1406
263.6719
263.6719
0.0000
0.0000
0.0000
0.0000
0.0000
0.0000
0.0000
0.0000
0.0000
0.0000
0.0000
0.0000
0.0000
0.0000
0.0000
0.0000
0.0000
0.0000
0.0000
0.0000
0.0000
0.0000
0.0000
0.0000
0.0000
0.0000
0.0000
0.0000
0.0000
0.0000
0.0000
0.0000
0.0000
0.0000
263.6719
263.6719
488.2812
488.2812
654.2969
654.2969
830.0781
830.0781
966.7969
966.7969
1098.6328
1098.6328
1196.2891
1196.2891
1284.1797
1284.1797
1313.4766
1313.4766
1323.2422
1323.2422
1284.1797
1284.1797
1240.2344
1240.2344
1215.8203
1215.8203
1196.2891
1196.2891
1215.8203
1215.8203
1230.4687
1230.4687
1215.8203
1215.8203
1166.9922
1166.9922
1127.9297
1127.9297
1132.8125
1132.8125
1030.2734
1030.2734
688.4766
688.4766
141.6016
141.6016
0.0000
0.0000
0.0000
0.0000
0.0000
0.0000
0.0000
0.0000
0.0000
0.0000
0.0000
0.0000
0.0000
0.0000
0.0000
0.0000
0.0000
0.0000
0.0000
0.0000
0.0000
0.0000
0.0000
0.0000
0.0000
0.0000
0.0000
0.0000
0.0000
0.0000
0.0000
0.0000
0.0000
0.0000
34.1797
34.1797
375.9766
375.9766
615.2344
615.2344
854.4922
854.4922
986.3281
986.3281
1069.3359
1069.3359
1118.1641
1118.1641
1137.6953
1137.6953
1210.9375
1210.9375
1240.2344
1240.2344
1318.3594
1318.3594
1342.7734
1342.7734
1376.9531
1376.9531
1357.4219
1357.4219
1303.7109
1303.7109
1254.8828
1254.8828
1137.6953
1137.6953
1098.6328
1098.6328
1054.6875
1054.6875
1142.5781
1142.5781
1157.2266
1157.2266
937.5000
937.5000
361.3281
361.3281
0.0000
0.0000
0.0000
0.0000
0.0000
