664.0625
634.7656
634.7656
561.5234
561.5234
302.7344
302.7344
0.0000
0.0000
0.0000
0.0000
0.0000
0.0000
0.0000
0.0000
0.0000
0.0000
0.0000
0.0000
0.0000
0.0000
0.0000
0.0000
0.0000
0.0000
0.0000
0.0000
0.0000
0.0000
0.0000
0.0000
0.0000
0.0000
200.1953
200.1953
463.8672
463.8672
649.4141
649.4141
781.2500
781.2500
839.8437
839.8437
844.7266
844.7266
781.2500
781.2500
708.0078
708.0078
644.5312
644.5312
615.2344
615.2344
605.4687
605.4687
605.4687
605.4687
625.0000
625.0000
664.0625
664.0625
683.5937
683.5937
703.1250
703.1250
722.6562
722.6562
712.8906
712.8906
673.8281
673.8281
576.1719
576.1719
302.7344
302.7344
0.0000
0.0000
0.0000
0.0000
0.0000
0.0000
0.0000
0.0000
0.0000
0.0000
0.0000
0.0000
0.0000
0.0000
0.0000
0.0000
0.0000
0.0000
0.0000
0.0000
0.0000
0.0000
0.0000
0.0000
0.0000
0.0000
0.0000
0.0000
253.9062
253.9062
463.8672
463.8672
600.5859
600.5859
673.8281
673.8281
708.0078
708.0078
693.3594
693.3594
639.6484
639.6484
581.0547
581.0547
541.9922
541.9922
527.3437
527.3437
541.9922
541.9922
561.5234
561.5234
600.5859
600.5859
625.0000
625.0000
649.4141
649.4141
664.0625
664.0625
659.1797
659.1797
644.5312
644.5312
644.5312
644.5312
566.4062
566.4062
278.3203
278.3203
0.0000
0.0000
0.0000
0.0000
0.0000
0.0000
0.0000
0.0000
0.0000
0.0000
0.0000
0.0000
0.0000
0.0000
0.0000
0.0000
0.0000
0.0000
0.0000
0.0000
0.0000
0.0000
0.0000
0.0000
0.0000
0.0000
219.7266
219.7266
483.3984
483.3984
678.7109
678.7109
795.8984
795.8984
839.8437
839.8437
815.4297
815.4297
766.6016
766.6016
698.2422
698.2422
644.5312
644.5312
595.7031
595.7031
590.8203
590.8203
590.8203
590.8203
615.2344
615.2344
649.4141
649.4141
688.4766
688.4766
698.2422
698.2422
717.7734
717.7734
708.0078
708.0078
683.5937
683.5937
625.0000
625.0000
356.4453
356.4453
0.0000
0.0000
0.0000
0.0000
0.0000
0.0000
0.0000
0.0000
0.0000
0.0000
0.0000
0.0000
0.0000
0.0000
0.0000
0.0000
0.0000
0.0000
0.0000
0.0000
0.0000
0.0000
0.0000
0.0000
0.0000
0.0000
253.9062
253.9062
502.9297
502.9297
683.5937
683.5937
810.5469
810.5469
849.6094
849.6094
820.3125
820.3125
747.0703
747.0703
678.7109
678.7109
620.1172
620.1172
590.8203
590.8203
585.9375
585.9375
600.5859
600.5859
610.3516
610.3516
644.5312
644.5312
678.7109
678.7109
708.0078
708.0078
717.7734
717.7734
698.2422
698.2422
649.4141
649.4141
615.2344
615.2344
478.5156
478.5156
146.4844
146.4844
0.0000
0.0000
0.0000
0.0000
0.0000
0.0000
0.0000
0.0000
0.0000
0.0000
0.0000
0.0000
0.0000
0.0000
0.0000
0.0000
0.0000
0.0000
0.0000
0.0000
0.0000
0.0000
0.0000
0.0000
0.0000
0.0000
244.1406
244.1406
468.7500
468.7500
639.6484
639.6484
732.4219
732.4219
766.6016
766.6016
722.6562
722.6562
649.4141
649.4141
571.2891
571.2891
522.4609
522.4609
502.9297
502.9297
522.4609
522.4609
551.7578
551.7578
561.5234
561.5234
590.8203
590.8203
605.4687
605.4687
634.7656
634.7656
644.5312
644.5312
610.3516
610.3516
571.2891
571.2891
502.9297
502.9297
263.6719
263.6719
0.0000
0.0000
0.0000
0.0000
0.0000
0.0000
0.0000
0.0000
0.0000
0.0000
0.0000
0.0000
0.0000
0.0000
0.0000
0.0000
0.0000
0.0000
0.0000
0.0000
0.0000
0.0000
0.0000
0.0000
0.0000
0.0000
214.8437
214.8437
463.8672
463.8672
659.1797
659.1797
776.3672
776.3672
815.4297
815.4297
781.2500
781.2500
703.1250
703.1250
625.0000
625.0000
561.5234
561.5234
507.8125
507.8125
493.1641
493.1641
522.4609
522.4609
561.5234
561.5234
600.5859
600.5859
620.1172
620.1172
644.5312
644.5312
664.0625
664.0625
644.5312
644.5312
576.1719
576.1719
498.0469
498.0469
322.2656
322.2656
0.0000
0.0000
0.0000
0.0000
0.0000
0.0000
0.0000
0.0000
0.0000
0.0000
0.0000
0.0000
0.0000
0.0000
0.0000
0.0000
0.0000
0.0000
0.0000
0.0000
0.0000
0.0000
0.0000
0.0000
0.0000
0.0000
0.0000
0.0000
117.1875
117.1875
366.2109
366.2109
546.8750
546.8750
649.4141
649.4141
683.5937
683.5937
644.5312
644.5312
571.2891
571.2891
512.6953
512.6953
478.5156
478.5156
454.1016
454.1016
449.2187
449.2187
483.3984
483.3984
527.3437
527.3437
566.4062
566.4062
581.0547
581.0547
581.0547
581.0547
581.0547
581.0547
537.1094
537.1094
473.6328
473.6328
292.9687
292.9687
0.0000
0.0000
0.0000
0.0000
0.0000
0.0000
0.0000
0.0000
0.0000
0.0000
0.0000
0.0000
0.0000
0.0000
0.0000
0.0000
0.0000
0.0000
0.0000
0.0000
0.0000
0.0000
0.0000
0.0000
0.0000
0.0000
9.7656
9.7656
307.6172
307.6172
537.1094
537.1094
688.4766
688.4766
771.4844
771.4844
786.1328
786.1328
737.3047
737.3047
659.1797
659.1797
590.8203
590.8203
537.1094
537.1094
522.4609
522.4609
522.4609
522.4609
546.8750
546.8750
581.0547
581.0547
629.8828
629.8828
649.4141
649.4141
659.1797
659.1797
639.6484
639.6484
605.4687
605.4687
551.7578
551.7578
395.5078
395.5078
39.0625
39.0625
0.0000
0.0000
0.0000
0.0000
0.0000
0.0000
0.0000
0.0000
0.0000
0.0000
0.0000
0.0000
0.0000
0.0000
0.0000
0.0000
0.0000
0.0000
0.0000
0.0000
0.0000
0.0000
0.0000
0.0000
0.0000
0.0000
4.8828
4.8828
268.5547
268.5547
463.8672
463.8672
605.4687
605.4687
668.9453
668.9453
668.9453
668.9453
615.2344
615.2344
551.7578
551.7578
502.9297
502.9297
483.3984
483.3984
488.2812
488.2812
493.1641
493.1641
522.4609
522.4609
556.6406
556.6406
600.5859
600.5859
625.0000
625.0000
639.6484
639.6484
629.8828
629.8828
615.2344
615.2344
585.9375
585.9375
424.8047
424.8047
19.5312
19.5312
0.0000
0.0000
0.0000
0.0000
0.0000
0.0000
0.0000
0.0000
0.0000
0.0000
0.0000
0.0000
0.0000
0.0000
0.0000
0.0000
0.0000
0.0000
0.0000
0.0000
0.0000
0.0000
0.0000
0.0000
34.1797
34.1797
302.7344
302.7344
512.6953
512.6953
659.1797
659.1797
747.0703
747.0703
756.8359
756.8359
727.5391
727.5391
664.0625
664.0625
600.5859
600.5859
546.8750
546.8750
537.1094
537.1094
551.7578
551.7578
585.9375
585.9375
605.4687
605.4687
634.7656
634.7656
664.0625
664.0625
683.5937
683.5937
678.7109
678.7109
654.2969
654.2969
625.0000
625.0000
517.5781
517.5781
205.0781
205.0781
0.0000
0.0000
0.0000
0.0000
0.0000
0.0000
0.0000
0.0000
0.0000
0.0000
0.0000
0.0000
0.0000
0.0000
0.0000
0.0000
0.0000
0.0000
0.0000
0.0000
0.0000
0.0000
0.0000
0.0000
0.0000
0.0000
34.1797
34.1797
288.0859
288.0859
498.0469
498.0469
634.7656
634.7656
698.2422
698.2422
703.1250
703.1250
664.0625
664.0625
615.2344
615.2344
551.7578
551.7578
527.3437
527.3437
512.6953
512.6953
541.9922
541.9922
566.4062
566.4062
605.4687
605.4687
629.8828
629.8828
654.2969
654.2969
659.1797
659.1797
639.6484
639.6484
610.3516
610.3516
585.9375
585.9375
439.4531
439.4531
63.4766
63.4766
0.0000
0.0000
0.0000
0.0000
0.0000
0.0000
0.0000
0.0000
0.0000
0.0000
0.0000
0.0000
0.0000
0.0000
0.0000
0.0000
0.0000
0.0000
0.0000
0.0000
0.0000
0.0000
0.0000
0.0000
117.1875
117.1875
371.0937
371.0937
585.9375
585.9375
732.4219
732.4219
815.4297
815.4297
825.1953
825.1953
771.4844
771.4844
698.2422
698.2422
615.2344
615.2344
561.5234
561.5234
546.8750
571.2891
571.2891
571.2891
610.3516
610.3516
639.6484
639.6484
654.2969
654.2969
673.8281
673.8281
688.4766
688.4766
668.9453
668.9453
600.5859
600.5859
512.6953
512.6953
371.0937
48.8281
48.8281
48.8281
0.0000
0.0000
0.0000
0.0000
0.0000
0.0000
0.0000
0.0000
0.0000
0.0000
0.0000
0.0000
0.0000
0.0000
0.0000
0.0000
0.0000
0.0000
0.0000
0.0000
0.0000
0.0000
0.0000
0.0000
107.4219
107.4219
375.9766
375.9766
610.3516
776.3672
776.3672
859.3750
859.3750
854.4922
854.4922
791.0156
791.0156
708.0078
708.0078
634.7656
634.7656
576.1719
576.1719
561.5234
561.5234
571.2891
571.2891
595.7031
595.7031
629.8828
629.8828
639.6484
639.6484
649.4141
649.4141
673.8281
673.8281
683.5937
683.5937
678.7109
678.7109
629.8828
629.8828
532.2266
532.2266
195.3125
195.3125
0.0000
0.0000
0.0000
0.0000
0.0000
0.0000
0.0000
0.0000
0.0000
0.0000
0.0000
0.0000
0.0000
0.0000
0.0000
0.0000
0.0000
0.0000
0.0000
0.0000
0.0000
0.0000
0.0000
0.0000
0.0000
0.0000
112.3047
112.3047
356.4453
356.4453
537.1094
537.1094
654.2969
654.2969
693.3594
693.3594
673.8281
673.8281
595.7031
595.7031
527.3437
527.3437
483.3984
483.3984
468.7500
468.7500
478.5156
478.5156
498.0469
498.0469
546.8750
546.8750
585.9375
585.9375
600.5859
600.5859
600.5859
600.5859
610.3516
610.3516
610.3516
610.3516
581.0547
581.0547
551.7578
551.7578
366.2109
366.2109
0.0000
0.0000
0.0000
0.0000
0.0000
0.0000
0.0000
0.0000
0.0000
0.0000
0.0000
0.0000
0.0000
0.0000
0.0000
0.0000
0.0000
0.0000
0.0000
0.0000
0.0000
0.0000
0.0000
0.0000
0.0000
0.0000
19.5312
19.5312
307.6172
307.6172
546.8750
546.8750
708.0078
708.0078
786.1328
786.1328
810.5469
810.5469
756.8359
756.8359
664.0625
664.0625
585.9375
585.9375
532.2266
532.2266
527.3437
527.3437
522.4609
522.4609
546.8750
546.8750
571.2891
571.2891
620.1172
620.1172
634.7656
634.7656
649.4141
649.4141
634.7656
634.7656
605.4687
605.4687
566.4062
566.4062
351.5625
351.5625
0.0000
0.0000
0.0000
0.0000
0.0000
0.0000
0.0000
0.0000
0.0000
0.0000
0.0000
0.0000
0.0000
0.0000
0.0000
0.0000
0.0000
0.0000
0.0000
0.0000
0.0000
0.0000
0.0000
0.0000
0.0000
0.0000
0.0000
0.0000
102.5391
102.5391
332.0312
332.0312
498.0469
498.0469
605.4687
605.4687
644.5312
644.5312
629.8828
629.8828
571.2891
571.2891
512.6953
512.6953
473.6328
473.6328
463.8672
463.8672
478.5156
478.5156
507.8125
507.8125
532.2266
532.2266
566.4062
566.4062
585.9375
585.9375
610.3516
610.3516
595.7031
595.7031
566.4062
566.4062
532.2266
532.2266
385.7422
385.7422
19.5312
19.5312
0.0000
0.0000
0.0000
0.0000
0.0000
0.0000
0.0000
0.0000
0.0000
0.0000
0.0000
0.0000
0.0000
0.0000
0.0000
0.0000
0.0000
0.0000
0.0000
0.0000
0.0000
0.0000
0.0000
0.0000
0.0000
0.0000
58.5937
58.5937
327.1484
327.1484
507.8125
507.8125
620.1172
620.1172
664.0625
664.0625
659.1797
659.1797
625.0000
625.0000
561.5234
561.5234
532.2266
532.2266
493.1641
493.1641
507.8125
507.8125
532.2266
532.2266
561.5234
561.5234
585.9375
585.9375
615.2344
615.2344
639.6484
639.6484
644.5312
644.5312
639.6484
639.6484
615.2344
615.2344
600.5859
600.5859
405.2734
405.2734
14.6484
14.6484
0.0000
0.0000
0.0000
0.0000
0.0000
0.0000
0.0000
0.0000
0.0000
0.0000
0.0000
0.0000
0.0000
0.0000
0.0000
0.0000
0.0000
0.0000
0.0000
0.0000
0.0000
0.0000
0.0000
0.0000
166.0156
166.0156
419.9219
419.9219
629.8828
629.8828
776.3672
776.3672
844.7266
844.7266
839.8437
839.8437
786.1328
786.1328
712.8906
712.8906
639.6484
639.6484
590.8203
590.8203
585.9375
585.9375
615.2344
615.2344
649.4141
649.4141
659.1797
659.1797
678.7109
678.7109
683.5937
683.5937
703.1250
703.1250
717.7734
717.7734
683.5937
683.5937
654.2969
654.2969
556.6406
556.6406
292.9687
292.9687
0.0000
0.0000
0.0000
0.0000
0.0000
0.0000
0.0000
0.0000
0.0000
0.0000
0.0000
0.0000
0.0000
0.0000
0.0000
0.0000
0.0000
0.0000
0.0000
0.0000
0.0000
0.0000
0.0000
0.0000
0.0000
0.0000
166.0156
166.0156
439.4531
439.4531
659.1797
659.1797
805.6641
805.6641
869.1406
869.1406
849.6094
849.6094
795.8984
795.8984
717.7734
717.7734
654.2969
654.2969
595.7031
595.7031
585.9375
585.9375
605.4687
605.4687
625.0000
625.0000
644.5312
644.5312
654.2969
654.2969
659.1797
659.1797
683.5937
683.5937
659.1797
659.1797
644.5312
644.5312
571.2891
571.2891
346.6797
346.6797
0.0000
0.0000
0.0000
0.0000
0.0000
0.0000
0.0000
0.0000
0.0000
0.0000
0.0000
0.0000
0.0000
0.0000
0.0000
0.0000
0.0000
0.0000
0.0000
0.0000
0.0000
0.0000
0.0000
0.0000
0.0000
0.0000
214.8437
214.8437
478.5156
478.5156
673.8281
673.8281
791.0156
791.0156
849.6094
849.6094
830.0781
830.0781
756.8359
756.8359
673.8281
673.8281
610.3516
610.3516
576.1719
576.1719
556.6406
556.6406
571.2891
571.2891
605.4687
605.4687
649.4141
649.4141
659.1797
659.1797
649.4141
649.4141
649.4141
649.4141
644.5312
644.5312
625.0000
625.0000
566.4062
566.4062
410.1562
410.1562
68.3594
68.3594
0.0000
0.0000
0.0000
0.0000
0.0000
0.0000
0.0000
0.0000
0.0000
0.0000
0.0000
0.0000
0.0000
0.0000
0.0000
0.0000
0.0000
0.0000
0.0000
0.0000
0.0000
0.0000
0.0000
0.0000
0.0000
0.0000
288.0859
288.0859
507.8125
507.8125
673.8281
673.8281
756.8359
756.8359
776.3672
776.3672
742.1875
742.1875
654.2969
654.2969
585.9375
585.9375
541.9922
541.9922
527.3437
527.3437
517.5781
517.5781
532.2266
532.2266
561.5234
561.5234
595.7031
595.7031
605.4687
605.4687
615.2344
615.2344
605.4687
605.4687
581.0547
581.0547
532.2266
532.2266
371.0937
371.0937
0.0000
0.0000
0.0000
0.0000
0.0000
0.0000
0.0000
0.0000
0.0000
0.0000
0.0000
0.0000
0.0000
0.0000
0.0000
0.0000
0.0000
0.0000
0.0000
0.0000
0.0000
0.0000
0.0000
0.0000
0.0000
0.0000
0.0000
0.0000
48.8281
48.8281
312.5000
312.5000
483.3984
483.3984
585.9375
585.9375
610.3516
610.3516
620.1172
620.1172
566.4062
566.4062
493.1641
493.1641
449.2187
449.2187
449.2187
449.2187
473.6328
473.6328
483.3984
483.3984
512.6953
512.6953
527.3437
527.3437
566.4062
566.4062
581.0547
581.0547
576.1719
576.1719
556.6406
556.6406
522.4609
522.4609
424.8047
424.8047
97.6562
97.6562
0.0000
0.0000
0.0000
0.0000
0.0000
0.0000
0.0000
0.0000
0.0000
0.0000
0.0000
0.0000
0.0000
0.0000
0.0000
0.0000
0.0000
0.0000
0.0000
0.0000
0.0000
0.0000
0.0000
0.0000
0.0000
0.0000
0.0000
0.0000
190.4297
190.4297
429.6875
429.6875
576.1719
576.1719
644.5312
644.5312
649.4141
649.4141
620.1172
620.1172
576.1719
576.1719
502.9297
502.9297
483.3984
483.3984
478.5156
478.5156
517.5781
517.5781
537.1094
537.1094
561.5234
561.5234
590.8203
590.8203
615.2344
615.2344
634.7656
634.7656
625.0000
625.0000
615.2344
615.2344
600.5859
600.5859
473.6328
473.6328
102.5391
102.5391
0.0000
0.0000
0.0000
0.0000
0.0000
0.0000
0.0000
0.0000
0.0000
0.0000
0.0000
0.0000
0.0000
0.0000
0.0000
0.0000
0.0000
0.0000
0.0000
0.0000
0.0000
0.0000
0.0000
0.0000
9.7656
9.7656
273.4375
273.4375
493.1641
493.1641
649.4141
649.4141
742.1875
742.1875
751.9531
751.9531
717.7734
717.7734
649.4141
649.4141
576.1719
576.1719
541.9922
541.9922
537.1094
537.1094
561.5234
561.5234
590.8203
590.8203
605.4687
605.4687
620.1172
620.1172
649.4141
649.4141
678.7109
678.7109
673.8281
673.8281
644.5312
644.5312
600.5859
600.5859
463.8672
463.8672
122.0703
122.0703
0.0000
0.0000
0.0000
0.0000
0.0000
0.0000
0.0000
0.0000
0.0000
0.0000
0.0000
0.0000
0.0000
0.0000
0.0000
0.0000
0.0000
0.0000
0.0000
0.0000
0.0000
0.0000
0.0000
0.0000
14.6484
14.6484
292.9687
292.9687
541.9922
541.9922
708.0078
708.0078
810.5469
810.5469
830.0781
830.0781
786.1328
786.1328
722.6562
722.6562
668.9453
668.9453
620.1172
620.1172
566.4062
566.4062
571.2891
571.2891
585.9375
585.9375
629.8828
629.8828
649.4141
649.4141
654.2969
654.2969
683.5937
683.5937
673.8281
673.8281
654.2969
654.2969
585.9375
585.9375
419.9219
419.9219
39.0625
39.0625
0.0000
0.0000
0.0000
0.0000
0.0000
0.0000
0.0000
0.0000
0.0000
0.0000
0.0000
0.0000
0.0000
0.0000
0.0000
0.0000
0.0000
0.0000
0.0000
0.0000
0.0000
0.0000
0.0000
0.0000
0.0000
0.0000
122.0703
122.0703
361.3281
361.3281
527.3437
527.3437
644.5312
644.5312
693.3594
693.3594
673.8281
673.8281
615.2344
615.2344
566.4062
566.4062
541.9922
537.1094
537.1094
537.1094
532.2266
532.2266
546.8750
546.8750
576.1719
576.1719
605.4687
605.4687
615.2344
615.2344
625.0000
625.0000
629.8828
629.8828
625.0000
625.0000
605.4687
605.4687
541.9922
541.9922
283.2031
283.2031
0.0000
0.0000
0.0000
0.0000
0.0000
0.0000
0.0000
0.0000
0.0000
0.0000
0.0000
0.0000
0.0000
0.0000
0.0000
0.0000
0.0000
0.0000
0.0000
0.0000
0.0000
0.0000
0.0000
0.0000
0.0000
156.2500
156.2500
434.5703
434.5703
629.8828
629.8828
747.0703
747.0703
800.7812
800.7812
805.6641
805.6641
737.3047
737.3047
664.0625
664.0625
600.5859
600.5859
590.8203
590.8203
600.5859
600.5859
605.4687
605.4687
610.3516
610.3516
629.8828
629.8828
664.0625
664.0625
673.8281
673.8281
654.2969
654.2969
625.0000
625.0000
585.9375
585.9375
493.1641
493.1641
175.7812
175.7812
0.0000
0.0000
0.0000
0.0000
0.0000
0.0000
0.0000
0.0000
0.0000
0.0000
0.0000
0.0000
0.0000
0.0000
0.0000
0.0000
0.0000
0.0000
0.0000
0.0000
0.0000
0.0000
0.0000
0.0000
0.0000
0.0000
63.4766
63.4766
332.0312
332.0312
522.4609
522.4609
644.5312
644.5312
683.5937
683.5937
698.2422
698.2422
644.5312
644.5312
595.7031
595.7031
532.2266
532.2266
507.8125
507.8125
512.6953
512.6953
551.7578
551.7578
576.1719
576.1719
595.7031
595.7031
620.1172
620.1172
634.7656
634.7656
649.4141
649.4141
625.0000
625.0000
600.5859
600.5859
581.0547
581.0547
405.2734
405.2734
34.1797
34.1797
0.0000
0.0000
0.0000
0.0000
0.0000
0.0000
0.0000
0.0000
0.0000
0.0000
0.0000
0.0000
0.0000
0.0000
0.0000
0.0000
0.0000
0.0000
0.0000
0.0000
0.0000
0.0000
0.0000
0.0000
0.0000
0.0000
180.6641
180.6641
429.6875
429.6875
625.0000
625.0000
722.6562
722.6562
742.1875
742.1875
727.5391
727.5391
668.9453
668.9453
605.4687
605.4687
561.5234
561.5234
522.4609
522.4609
541.9922
541.9922
576.1719
576.1719
595.7031
595.7031
629.8828
629.8828
649.4141
649.4141
668.9453
668.9453
659.1797
659.1797
625.0000
625.0000
581.0547
581.0547
429.6875
429.6875
78.1250
78.1250
0.0000
0.0000
0.0000
0.0000
0.0000
0.0000
0.0000
0.0000
0.0000
0.0000
0.0000
0.0000
0.0000
0.0000
0.0000
0.0000
0.0000
0.0000
0.0000
0.0000
0.0000
0.0000
0.0000
0.0000
14.6484
14.6484
283.2031
283.2031
498.0469
498.0469
654.2969
654.2969
747.0703
747.0703
766.6016
766.6016
717.7734
717.7734
659.1797
659.1797
595.7031
595.7031
551.7578
551.7578
527.3437
527.3437
537.1094
537.1094
571.2891
571.2891
600.5859
600.5859
615.2344
615.2344
629.8828
629.8828
659.1797
659.1797
668.9453
668.9453
664.0625
664.0625
629.8828
629.8828
512.6953
512.6953
200.1953
200.1953
0.0000
0.0000
0.0000
0.0000
0.0000
0.0000
0.0000
0.0000
0.0000
0.0000
0.0000
0.0000
0.0000
0.0000
0.0000
0.0000
0.0000
0.0000
0.0000
0.0000
0.0000
0.0000
0.0000
0.0000
0.0000
0.0000
195.3125
195.3125
439.4531
439.4531
629.8828
629.8828
747.0703
747.0703
800.7812
800.7812
776.3672
776.3672
693.3594
693.3594
620.1172
620.1172
576.1719
576.1719
551.7578
551.7578
541.9922
541.9922
551.7578
551.7578
585.9375
585.9375
610.3516
610.3516
625.0000
625.0000
644.5312
644.5312
668.9453
668.9453
688.4766
688.4766
668.9453
668.9453
615.2344
615.2344
385.7422
385.7422
0.0000
0.0000
0.0000
0.0000
0.0000
0.0000
0.0000
0.0000
0.0000
0.0000
0.0000
0.0000
0.0000
0.0000
0.0000
0.0000
0.0000
0.0000
0.0000
0.0000
0.0000
0.0000
0.0000
0.0000
0.0000
0.0000
219.7266
219.7266
493.1641
493.1641
668.9453
668.9453
786.1328
786.1328
825.1953
825.1953
815.4297
815.4297
742.1875
742.1875
664.0625
664.0625
600.5859
600.5859
566.4062
566.4062
571.2891
571.2891
561.5234
561.5234
590.8203
590.8203
615.2344
615.2344
659.1797
659.1797
659.1797
659.1797
639.6484
639.6484
610.3516
610.3516
566.4062
566.4062
463.8672
463.8672
156.2500
156.2500
0.0000
0.0000
0.0000
0.0000
0.0000
0.0000
0.0000
0.0000
0.0000
0.0000
0.0000
0.0000
0.0000
0.0000
0.0000
0.0000
0.0000
0.0000
0.0000
0.0000
0.0000
0.0000
0.0000
0.0000
0.0000
0.0000
0.0000
0.0000
87.8906
87.8906
322.2656
322.2656
468.7500
468.7500
571.2891
571.2891
610.3516
610.3516
595.7031
595.7031
541.9922
541.9922
478.5156
478.5156
458.9844
458.9844
454.1016
454.1016
468.7500
468.7500
483.3984
483.3984
507.8125
507.8125
532.2266
532.2266
571.2891
571.2891
581.0547
581.0547
581.0547
581.0547
566.4062
566.4062
576.1719
576.1719
488.2812
488.2812
161.1328
161.1328
0.0000
0.0000
0.0000
0.0000
0.0000
0.0000
0.0000
0.0000
0.0000
0.0000
0.0000
0.0000
0.0000
0.0000
0.0000
0.0000
0.0000
0.0000
0.0000
0.0000
0.0000
0.0000
0.0000
0.0000
0.0000
0.0000
258.7891
258.7891
473.6328
473.6328
620.1172
620.1172
688.4766
688.4766
698.2422
698.2422
659.1797
659.1797
620.1172
620.1172
566.4062
566.4062
517.5781
517.5781
507.8125
507.8125
532.2266
532.2266
576.1719
576.1719
590.8203
590.8203
615.2344
615.2344
620.1172
620.1172
654.2969
654.2969
654.2969
654.2969
634.7656
634.7656
615.2344
615.2344
527.3437
527.3437
253.9062
253.9062
0.0000
0.0000
0.0000
0.0000
0.0000
0.0000
0.0000
0.0000
0.0000
0.0000
0.0000
0.0000
0.0000
0.0000
0.0000
0.0000
0.0000
0.0000
0.0000
0.0000
0.0000
0.0000
0.0000
0.0000
0.0000
0.0000
58.5937
58.5937
322.2656
322.2656
537.1094
537.1094
668.9453
668.9453
717.7734
717.7734
717.7734
717.7734
659.1797
659.1797
600.5859
600.5859
556.6406
556.6406
517.5781
517.5781
517.5781
517.5781
541.9922
541.9922
576.1719
576.1719
600.5859
600.5859
610.3516
610.3516
644.5312
644.5312
664.0625
664.0625
654.2969
654.2969
634.7656
634.7656
605.4687
605.4687
424.8047
424.8047
34.1797
34.1797
0.0000
0.0000
0.0000
0.0000
0.0000
0.0000
0.0000
0.0000
0.0000
0.0000
0.0000
0.0000
0.0000
0.0000
0.0000
0.0000
0.0000
0.0000
0.0000
0.0000
0.0000
0.0000
0.0000
0.0000
136.7187
136.7187
385.7422
385.7422
585.9375
585.9375
722.6562
722.6562
786.1328
786.1328
781.2500
781.2500
732.4219
732.4219
654.2969
654.2969
600.5859
600.5859
556.6406
556.6406
546.8750
546.8750
541.9922
541.9922
571.2891
571.2891
605.4687
605.4687
639.6484
639.6484
654.2969
654.2969
659.1797
659.1797
668.9453
668.9453
634.7656
634.7656
581.0547
581.0547
454.1016
454.1016
102.5391
102.5391
0.0000
0.0000
0.0000
0.0000
0.0000
0.0000
0.0000
0.0000
0.0000
0.0000
0.0000
0.0000
0.0000
0.0000
0.0000
0.0000
0.0000
0.0000
0.0000
0.0000
0.0000
0.0000
0.0000
0.0000
0.0000
0.0000
185.5469
185.5469
429.6875
429.6875
620.1172
620.1172
747.0703
747.0703
786.1328
786.1328
771.4844
771.4844
693.3594
693.3594
625.0000
625.0000
576.1719
576.1719
546.8750
546.8750
517.5781
517.5781
522.4609
522.4609
546.8750
546.8750
585.9375
585.9375
610.3516
610.3516
634.7656
634.7656
654.2969
654.2969
654.2969
654.2969
639.6484
639.6484
576.1719
576.1719
356.4453
356.4453
0.0000
0.0000
0.0000
0.0000
0.0000
0.0000
0.0000
0.0000
0.0000
0.0000
0.0000
0.0000
0.0000
0.0000
0.0000
0.0000
0.0000
0.0000
0.0000
0.0000
0.0000
0.0000
0.0000
0.0000
0.0000
0.0000
0.0000
0.0000
253.9062
253.9062
463.8672
463.8672
600.5859
600.5859
693.3594
693.3594
712.8906
712.8906
678.7109
678.7109
605.4687
605.4687
561.5234
561.5234
522.4609
522.4609
512.6953
512.6953
498.0469
498.0469
517.5781
517.5781
551.7578
551.7578
590.8203
590.8203
600.5859
600.5859
615.2344
615.2344
610.3516
610.3516
600.5859
600.5859
556.6406
556.6406
444.3359
444.3359
117.1875
117.1875
0.0000
0.0000
0.0000
0.0000
0.0000
0.0000
0.0000
0.0000
0.0000
0.0000
0.0000
0.0000
0.0000
0.0000
0.0000
0.0000
0.0000
0.0000
0.0000
0.0000
0.0000
0.0000
0.0000
0.0000
0.0000
0.0000
161.1328
161.1328
419.9219
419.9219
620.1172
620.1172
722.6562
722.6562
776.3672
776.3672
776.3672
776.3672
722.6562
722.6562
664.0625
664.0625
605.4687
605.4687
581.0547
581.0547
571.2891
571.2891
556.6406
556.6406
566.4062
566.4062
576.1719
576.1719
615.2344
615.2344
644.5312
644.5312
634.7656
634.7656
605.4687
605.4687
566.4062
566.4062
478.5156
478.5156
190.4297
0.0000
0.0000
0.0000
0.0000
0.0000
0.0000
0.0000
0.0000
0.0000
0.0000
0.0000
0.0000
0.0000
0.0000
0.0000
0.0000
0.0000
0.0000
0.0000
0.0000
0.0000
0.0000
0.0000
0.0000
0.0000
24.4141
24.4141
312.5000
312.5000
551.7578
551.7578
727.5391
727.5391
815.4297
815.4297
830.0781
830.0781
815.4297
815.4297
761.7187
693.3594
693.3594
693.3594
615.2344
615.2344
581.0547
581.0547
581.0547
581.0547
600.5859
600.5859
610.3516
610.3516
615.2344
615.2344
634.7656
634.7656
659.1797
659.1797
683.5937
664.0625
664.0625
625.0000
625.0000
571.2891
571.2891
371.0937
371.0937
0.0000
0.0000
0.0000
0.0000
0.0000
0.0000
0.0000
0.0000
0.0000
0.0000
0.0000
0.0000
0.0000
0.0000
0.0000
0.0000
0.0000
0.0000
0.0000
0.0000
0.0000
0.0000
0.0000
0.0000
0.0000
0.0000
0.0000
0.0000
0.0000
0.0000
224.6094
224.6094
424.8047
424.8047
537.1094
537.1094
590.8203
590.8203
590.8203
590.8203
561.5234
561.5234
507.8125
507.8125
473.6328
473.6328
449.2187
449.2187
454.1016
454.1016
473.6328
473.6328
488.2812
488.2812
522.4609
522.4609
546.8750
546.8750
585.9375
585.9375
590.8203
590.8203
581.0547
581.0547
571.2891
571.2891
571.2891
571.2891
415.0391
415.0391
19.5312
19.5312
0.0000
0.0000
0.0000
0.0000
0.0000
0.0000
0.0000
0.0000
0.0000
0.0000
0.0000
0.0000
0.0000
0.0000
0.0000
0.0000
0.0000
0.0000
0.0000
0.0000
0.0000
0.0000
0.0000
0.0000
0.0000
0.0000
214.8437
214.8437
449.2187
449.2187
625.0000
625.0000
717.7734
717.7734
737.3047
737.3047
712.8906
712.8906
654.2969
654.2969
595.7031
595.7031
537.1094
537.1094
512.6953
512.6953
537.1094
537.1094
556.6406
556.6406
581.0547
581.0547
600.5859
600.5859
629.8828
629.8828
659.1797
659.1797
673.8281
673.8281
639.6484
639.6484
605.4687
605.4687
556.6406
556.6406
371.0937
371.0937
0.0000
0.0000
0.0000
0.0000
0.0000
0.0000
0.0000
0.0000
0.0000
0.0000
0.0000
0.0000
0.0000
0.0000
0.0000
0.0000
0.0000
0.0000
0.0000
0.0000
0.0000
0.0000
0.0000
0.0000
0.0000
0.0000
63.4766
63.4766
336.9141
336.9141
551.7578
551.7578
703.1250
703.1250
776.3672
776.3672
791.0156
791.0156
756.8359
756.8359
708.0078
708.0078
634.7656
634.7656
566.4062
566.4062
537.1094
537.1094
541.9922
541.9922
571.2891
571.2891
600.5859
600.5859
634.7656
634.7656
659.1797
659.1797
673.8281
673.8281
634.7656
634.7656
590.8203
590.8203
522.4609
522.4609
312.5000
312.5000
0.0000
0.0000
0.0000
0.0000
0.0000
0.0000
0.0000
0.0000
0.0000
0.0000
0.0000
0.0000
0.0000
0.0000
0.0000
0.0000
0.0000
0.0000
0.0000
0.0000
0.0000
0.0000
0.0000
0.0000
0.0000
0.0000
117.1875
117.1875
390.6250
390.6250
610.3516
610.3516
761.7187
761.7187
834.9609
834.9609
820.3125
820.3125
781.2500
781.2500
703.1250
703.1250
649.4141
649.4141
595.7031
595.7031
566.4062
566.4062
556.6406
556.6406
581.0547
581.0547
610.3516
610.3516
639.6484
639.6484
659.1797
659.1797
683.5937
683.5937
678.7109
678.7109
634.7656
634.7656
581.0547
581.0547
454.1016
454.1016
146.4844
146.4844
0.0000
0.0000
0.0000
0.0000
0.0000
0.0000
0.0000
0.0000
0.0000
0.0000
0.0000
0.0000
0.0000
0.0000
0.0000
0.0000
0.0000
0.0000
0.0000
0.0000
0.0000
0.0000
0.0000
0.0000
0.0000
0.0000
249.0234
249.0234
498.0469
498.0469
693.3594
693.3594
815.4297
815.4297
854.4922
854.4922
825.1953
825.1953
747.0703
747.0703
668.9453
668.9453
620.1172
620.1172
571.2891
571.2891
556.6406
556.6406
551.7578
551.7578
581.0547
581.0547
620.1172
620.1172
649.4141
649.4141
668.9453
668.9453
649.4141
649.4141
615.2344
615.2344
532.2266
532.2266
390.6250
390.6250
68.3594
68.3594
0.0000
0.0000
0.0000
0.0000
0.0000
0.0000
0.0000
0.0000
0.0000
0.0000
0.0000
0.0000
0.0000
0.0000
0.0000
0.0000
0.0000
0.0000
0.0000
0.0000
0.0000
0.0000
0.0000
0.0000
0.0000
0.0000
209.9609
209.9609
444.3359
444.3359
610.3516
610.3516
727.5391
727.5391
791.0156
791.0156
810.5469
810.5469
737.3047
737.3047
649.4141
649.4141
576.1719
576.1719
541.9922
541.9922
537.1094
537.1094
532.2266
532.2266
551.7578
551.7578
585.9375
585.9375
625.0000
625.0000
639.6484
639.6484
644.5312
644.5312
639.6484
639.6484
585.9375
585.9375
512.6953
512.6953
317.3828
317.3828
0.0000
0.0000
0.0000
0.0000
0.0000
0.0000
0.0000
0.0000
0.0000
0.0000
0.0000
0.0000
0.0000
0.0000
0.0000
0.0000
0.0000
0.0000
0.0000
0.0000
0.0000
0.0000
0.0000
0.0000
0.0000
0.0000
0.0000
0.0000
73.2422
73.2422
336.9141
336.9141
512.6953
512.6953
600.5859
600.5859
664.0625
664.0625
678.7109
678.7109
634.7656
634.7656
556.6406
556.6406
488.2812
488.2812
458.9844
458.9844
458.9844
458.9844
478.5156
478.5156
507.8125
507.8125
556.6406
556.6406
585.9375
585.9375
605.4687
605.4687
605.4687
605.4687
585.9375
585.9375
561.5234
561.5234
502.9297
502.9297
219.7266
219.7266
0.0000
0.0000
0.0000
0.0000
0.0000
0.0000
0.0000
0.0000
0.0000
0.0000
0.0000
0.0000
0.0000
0.0000
0.0000
0.0000
0.0000
0.0000
0.0000
0.0000
0.0000
0.0000
0.0000
0.0000
0.0000
0.0000
0.0000
0.0000
190.4297
190.4297
424.8047
424.8047
576.1719
576.1719
644.5312
644.5312
668.9453
668.9453
654.2969
654.2969
605.4687
605.4687
551.7578
551.7578
507.8125
507.8125
493.1641
493.1641
507.8125
507.8125
522.4609
522.4609
556.6406
556.6406
595.7031
595.7031
644.5312
644.5312
644.5312
644.5312
625.0000
625.0000
595.7031
595.7031
546.8750
546.8750
341.7969
341.7969
0.0000
0.0000
0.0000
0.0000
0.0000
0.0000
0.0000
0.0000
0.0000
0.0000
0.0000
0.0000
0.0000
0.0000
0.0000
0.0000
0.0000
0.0000
0.0000
0.0000
0.0000
0.0000
0.0000
0.0000
0.0000
0.0000
0.0000
0.0000
190.4297
190.4297
410.1562
410.1562
571.2891
571.2891
664.0625
664.0625
703.1250
703.1250
688.4766
688.4766
644.5312
644.5312
595.7031
595.7031
541.9922
541.9922
532.2266
532.2266
532.2266
532.2266
556.6406
556.6406
581.0547
581.0547
615.2344
615.2344
644.5312
644.5312
664.0625
664.0625
649.4141
649.4141
615.2344
615.2344
576.1719
576.1719
434.5703
434.5703
83.0078
83.0078
0.0000
0.0000
0.0000
0.0000
0.0000
0.0000
0.0000
0.0000
0.0000
0.0000
0.0000
0.0000
0.0000
0.0000
0.0000
0.0000
0.0000
0.0000
0.0000
0.0000
0.0000
0.0000
0.0000
0.0000
0.0000
0.0000
185.5469
185.5469
419.9219
419.9219
625.0000
625.0000
742.1875
742.1875
791.0156
791.0156
771.4844
771.4844
727.5391
727.5391
673.8281
673.8281
629.8828
629.8828
590.8203
590.8203
571.2891
571.2891
590.8203
590.8203
620.1172
620.1172
649.4141
649.4141
664.0625
664.0625
688.4766
688.4766
712.8906
712.8906
688.4766
688.4766
659.1797
659.1797
590.8203
590.8203
375.9766
375.9766
0.0000
0.0000
0.0000
0.0000
0.0000
0.0000
0.0000
0.0000
0.0000
0.0000
0.0000
0.0000
0.0000
0.0000
0.0000
0.0000
0.0000
0.0000
0.0000
0.0000
0.0000
0.0000
0.0000
0.0000
0.0000
0.0000
29.2969
29.2969
317.3828
317.3828
551.7578
551.7578
722.6562
722.6562
839.8437
839.8437
869.1406
869.1406
834.9609
834.9609
756.8359
756.8359
678.7109
678.7109
620.1172
620.1172
581.0547
581.0547
581.0547
581.0547
620.1172
620.1172
659.1797
659.1797
683.5937
683.5937
688.4766
688.4766
693.3594
693.3594
654.2969
654.2969
605.4687
605.4687
537.1094
537.1094
351.5625
351.5625
0.0000
0.0000
0.0000
0.0000
0.0000
0.0000
0.0000
0.0000
0.0000
0.0000
0.0000
0.0000
0.0000
0.0000
0.0000
0.0000
0.0000
0.0000
0.0000
0.0000
0.0000
0.0000
0.0000
0.0000
0.0000
0.0000
0.0000
0.0000
156.2500
156.2500
395.5078
395.5078
566.4062
566.4062
703.1250
703.1250
751.9531
751.9531
742.1875
742.1875
673.8281
673.8281
615.2344
615.2344
561.5234
561.5234
541.9922
541.9922
522.4609
522.4609
537.1094
537.1094
576.1719
576.1719
625.0000
625.0000
659.1797
659.1797
668.9453
668.9453
668.9453
668.9453
659.1797
659.1797
625.0000
625.0000
561.5234
561.5234
351.5625
351.5625
0.0000
0.0000
0.0000
0.0000
0.0000
0.0000
0.0000
0.0000
0.0000
0.0000
0.0000
0.0000
0.0000
0.0000
0.0000
0.0000
0.0000
0.0000
0.0000
0.0000
0.0000
0.0000
0.0000
0.0000
0.0000
0.0000
0.0000
0.0000
205.0781
205.0781
419.9219
419.9219
585.9375
585.9375
693.3594
761.7187
761.7187
742.1875
742.1875
678.7109
678.7109
600.5859
600.5859
600.5859
556.6406
556.6406
541.9922
541.9922
546.8750
546.8750
566.4062
566.4062
595.7031
595.7031
639.6484
639.6484
664.0625
678.7109
678.7109
664.0625
664.0625
634.7656
634.7656
634.7656
615.2344
615.2344
537.1094
537.1094
263.6719
263.6719
0.0000
0.0000
0.0000
0.0000
0.0000
0.0000
0.0000
0.0000
0.0000
0.0000
0.0000
0.0000
0.0000
0.0000
0.0000
0.0000
0.0000
0.0000
0.0000
0.0000
0.0000
0.0000
0.0000
0.0000
0.0000
0.0000
107.4219
371.0937
371.0937
371.0937
581.0547
712.8906
712.8906
712.8906
791.0156
805.6641
805.6641
751.9531
751.9531
664.0625
664.0625
595.7031
595.7031
566.4062
566.4062
566.4062
566.4062
576.1719
576.1719
600.5859
600.5859
634.7656
634.7656
659.1797
659.1797
683.5937
683.5937
698.2422
698.2422
668.9453
668.9453
620.1172
620.1172
551.7578
551.7578
351.5625
351.5625
0.0000
0.0000
0.0000
0.0000
0.0000
0.0000
0.0000
0.0000
0.0000
0.0000
0.0000
0.0000
0.0000
0.0000
0.0000
0.0000
0.0000
0.0000
0.0000
0.0000
0.0000
0.0000
0.0000
0.0000
0.0000
0.0000
92.7734
92.7734
380.8594
380.8594
605.4687
605.4687
751.9531
751.9531
830.0781
830.0781
844.7266
844.7266
810.5469
810.5469
732.4219
732.4219
654.2969
654.2969
581.0547
581.0547
561.5234
561.5234
561.5234
561.5234
595.7031
595.7031
625.0000
625.0000
664.0625
664.0625
678.7109
678.7109
668.9453
668.9453
634.7656
634.7656
595.7031
595.7031
546.8750
546.8750
322.2656
322.2656
0.0000
0.0000
0.0000
0.0000
0.0000
0.0000
0.0000
0.0000
0.0000
0.0000
0.0000
0.0000
0.0000
0.0000
0.0000
0.0000
0.0000
0.0000
0.0000
0.0000
0.0000
0.0000
0.0000
0.0000
0.0000
0.0000
244.1406
244.1406
493.1641
493.1641
673.8281
673.8281
815.4297
815.4297
864.2578
864.2578
830.0781
830.0781
766.6016
766.6016
678.7109
678.7109
605.4687
605.4687
556.6406
556.6406
551.7578
551.7578
581.0547
581.0547
605.4687
605.4687
629.8828
629.8828
644.5312
644.5312
673.8281
673.8281
673.8281
673.8281
649.4141
649.4141
615.2344
615.2344
590.8203
590.8203
463.8672
463.8672
126.9531
126.9531
0.0000
0.0000
0.0000
0.0000
0.0000
0.0000
0.0000
0.0000
0.0000
0.0000
0.0000
0.0000
0.0000
0.0000
0.0000
0.0000
0.0000
0.0000
0.0000
0.0000
0.0000
0.0000
0.0000
0.0000
0.0000
0.0000
224.6094
224.6094
468.7500
468.7500
649.4141
649.4141
756.8359
756.8359
771.4844
771.4844
737.3047
737.3047
668.9453
668.9453
605.4687
605.4687
537.1094
537.1094
507.8125
507.8125
502.9297
502.9297
532.2266
532.2266
561.5234
561.5234
585.9375
585.9375
600.5859
600.5859
615.2344
615.2344
595.7031
595.7031
537.1094
537.1094
483.3984
483.3984
292.9687
292.9687
0.0000
0.0000
0.0000
0.0000
0.0000
0.0000
0.0000
0.0000
0.0000
0.0000
0.0000
0.0000
0.0000
0.0000
0.0000
0.0000
0.0000
0.0000
0.0000
0.0000
0.0000
0.0000
0.0000
0.0000
0.0000
0.0000
0.0000
0.0000
9.7656
9.7656
249.0234
249.0234
424.8047
424.8047
541.9922
541.9922
600.5859
600.5859
576.1719
576.1719
522.4609
522.4609
454.1016
454.1016
424.8047
424.8047
415.0391
415.0391
424.8047
424.8047
444.3359
444.3359
488.2812
488.2812
522.4609
522.4609
541.9922
541.9922
561.5234
561.5234
576.1719
576.1719
566.4062
566.4062
522.4609
522.4609
478.5156
478.5156
336.9141
336.9141
0.0000
0.0000
0.0000
0.0000
0.0000
0.0000
0.0000
0.0000
0.0000
0.0000
0.0000
0.0000
0.0000
0.0000
0.0000
0.0000
0.0000
0.0000
0.0000
0.0000
0.0000
0.0000
0.0000
0.0000
0.0000
0.0000
0.0000
0.0000
175.7812
175.7812
415.0391
415.0391
576.1719
576.1719
693.3594
693.3594
737.3047
737.3047
708.0078
708.0078
625.0000
625.0000
556.6406
556.6406
517.5781
517.5781
507.8125
507.8125
512.6953
512.6953
527.3437
527.3437
561.5234
561.5234
600.5859
600.5859
620.1172
620.1172
625.0000
625.0000
629.8828
629.8828
615.2344
615.2344
600.5859
600.5859
483.3984
483.3984
122.0703
122.0703
0.0000
0.0000
0.0000
0.0000
0.0000
0.0000
0.0000
0.0000
0.0000
0.0000
0.0000
0.0000
0.0000
0.0000
0.0000
0.0000
0.0000
0.0000
0.0000
0.0000
0.0000
0.0000
0.0000
0.0000
0.0000
0.0000
185.5469
185.5469
458.9844
458.9844
629.8828
629.8828
737.3047
737.3047
771.4844
771.4844
761.7187
761.7187
698.2422
698.2422
620.1172
620.1172
556.6406
556.6406
522.4609
522.4609
541.9922
541.9922
561.5234
561.5234
600.5859
600.5859
629.8828
629.8828
668.9453
668.9453
678.7109
678.7109
683.5937
683.5937
664.0625
664.0625
639.6484
639.6484
595.7031
595.7031
400.3906
400.3906
14.6484
14.6484
0.0000
0.0000
0.0000
0.0000
0.0000
0.0000
0.0000
0.0000
0.0000
0.0000
0.0000
0.0000
0.0000
0.0000
0.0000
0.0000
0.0000
0.0000
0.0000
0.0000
0.0000
0.0000
0.0000
0.0000
19.5312
19.5312
297.8516
297.8516
541.9922
541.9922
693.3594
693.3594
766.6016
766.6016
805.6641
805.6641
781.2500
781.2500
708.0078
708.0078
625.0000
625.0000
566.4062
566.4062
551.7578
551.7578
566.4062
566.4062
576.1719
576.1719
605.4687
605.4687
629.8828
629.8828
659.1797
659.1797
673.8281
673.8281
668.9453
668.9453
654.2969
654.2969
649.4141
649.4141
546.8750
546.8750
205.0781
205.0781
0.0000
0.0000
0.0000
0.0000
0.0000
0.0000
0.0000
0.0000
0.0000
0.0000
0.0000
0.0000
0.0000
0.0000
0.0000
0.0000
0.0000
0.0000
0.0000
0.0000
0.0000
0.0000
0.0000
0.0000
39.0625
39.0625
312.5000
312.5000
571.2891
571.2891
761.7187
761.7187
849.6094
849.6094
874.0234
874.0234
834.9609
834.9609
771.4844
771.4844
683.5937
683.5937
615.2344
615.2344
576.1719
576.1719
576.1719
576.1719
581.0547
581.0547
600.5859
600.5859
625.0000
625.0000
654.2969
654.2969
678.7109
678.7109
683.5937
683.5937
673.8281
673.8281
644.5312
644.5312
576.1719
576.1719
307.6172
307.6172
0.0000
0.0000
0.0000
0.0000
0.0000
0.0000
0.0000
0.0000
0.0000
0.0000
0.0000
0.0000
0.0000
0.0000
0.0000
0.0000
0.0000
0.0000
0.0000
0.0000
0.0000
0.0000
0.0000
0.0000
0.0000
0.0000
0.0000
0.0000
136.7187
136.7187
400.3906
400.3906
595.7031
595.7031
708.0078
708.0078
747.0703
747.0703
717.7734
717.7734
659.1797
659.1797
581.0547
581.0547
522.4609
522.4609
502.9297
502.9297
507.8125
507.8125
532.2266
532.2266
546.8750
546.8750
571.2891
571.2891
581.0547
581.0547
590.8203
590.8203
581.0547
581.0547
571.2891
571.2891
571.2891
571.2891
405.2734
405.2734
4.8828
4.8828
0.0000
0.0000
0.0000
0.0000
0.0000
0.0000
0.0000
0.0000
0.0000
0.0000
0.0000
0.0000
0.0000
0.0000
0.0000
0.0000
0.0000
0.0000
0.0000
0.0000
0.0000
0.0000
0.0000
0.0000
0.0000
0.0000
249.0234
249.0234
478.5156
478.5156
634.7656
634.7656
717.7734
717.7734
727.5391
727.5391
673.8281
673.8281
625.0000
625.0000
581.0547
581.0547
546.8750
546.8750
527.3437
527.3437
532.2266
532.2266
566.4062
566.4062
590.8203
590.8203
610.3516
610.3516
615.2344
615.2344
629.8828
629.8828
644.5312
644.5312
634.7656
634.7656
610.3516
610.3516
571.2891
571.2891
385.7422
385.7422
0.0000
0.0000
0.0000
0.0000
0.0000
0.0000
0.0000
0.0000
0.0000
0.0000
0.0000
0.0000
0.0000
0.0000
0.0000
0.0000
0.0000
0.0000
0.0000
0.0000
0.0000
0.0000
0.0000
0.0000
0.0000
0.0000
73.2422
73.2422
351.5625
351.5625
561.5234
561.5234
727.5391
727.5391
815.4297
815.4297
830.0781
830.0781
786.1328
786.1328
698.2422
698.2422
639.6484
639.6484
585.9375
585.9375
571.2891
571.2891
576.1719
576.1719
595.7031
595.7031
610.3516
610.3516
625.0000
625.0000
634.7656
634.7656
639.6484
639.6484
634.7656
634.7656
600.5859
600.5859
546.8750
546.8750
307.6172
307.6172
0.0000
0.0000
0.0000
0.0000
0.0000
0.0000
0.0000
0.0000
0.0000
0.0000
0.0000
0.0000
0.0000
0.0000
0.0000
0.0000
0.0000
0.0000
0.0000
0.0000
0.0000
0.0000
0.0000
0.0000
0.0000
0.0000
214.8437
214.8437
493.1641
493.1641
683.5937
683.5937
805.6641
805.6641
864.2578
864.2578
849.6094
849.6094
786.1328
786.1328
693.3594
693.3594
615.2344
615.2344
585.9375
585.9375
571.2891
571.2891
581.0547
581.0547
605.4687
605.4687
639.6484
639.6484
654.2969
654.2969
673.8281
673.8281
678.7109
678.7109
693.3594
693.3594
654.2969
654.2969
595.7031
595.7031
478.5156
478.5156
161.1328
161.1328
0.0000
0.0000
0.0000
0.0000
0.0000
0.0000
0.0000
0.0000
0.0000
0.0000
0.0000
0.0000
0.0000
0.0000
0.0000
0.0000
0.0000
0.0000
0.0000
0.0000
0.0000
0.0000
0.0000
0.0000
0.0000
0.0000
24.4141
24.4141
307.6172
517.5781
517.5781
629.8828
629.8828
708.0078
708.0078
722.6562
722.6562
722.6562
668.9453
668.9453
590.8203
590.8203
517.5781
517.5781
507.8125
507.8125
488.2812
488.2812
507.8125
517.5781
517.5781
546.8750
546.8750
576.1719
576.1719
590.8203
590.8203
590.8203
610.3516
610.3516
581.0547
581.0547
556.6406
556.6406
478.5156
478.5156
239.2578
239.2578
0.0000
0.0000
0.0000
0.0000
0.0000
0.0000
0.0000
0.0000
0.0000
0.0000
0.0000
0.0000
0.0000
0.0000
0.0000
0.0000
0.0000
0.0000
0.0000
0.0000
0.0000
0.0000
0.0000
0.0000
0.0000
0.0000
175.7812
175.7812
444.3359
654.2969
654.2969
766.6016
766.6016
795.8984
795.8984
776.3672
776.3672
717.7734
717.7734
634.7656
634.7656
566.4062
566.4062
537.1094
537.1094
537.1094
537.1094
546.8750
546.8750
556.6406
556.6406
585.9375
585.9375
620.1172
620.1172
644.5312
644.5312
659.1797
659.1797
644.5312
644.5312
615.2344
615.2344
551.7578
551.7578
341.7969
341.7969
0.0000
0.0000
0.0000
0.0000
0.0000
0.0000
0.0000
0.0000
0.0000
0.0000
0.0000
0.0000
0.0000
0.0000
0.0000
0.0000
0.0000
0.0000
0.0000
0.0000
0.0000
0.0000
0.0000
0.0000
0.0000
0.0000
0.0000
0.0000
0.0000
0.0000
170.8984
170.8984
395.5078
395.5078
522.4609
522.4609
595.7031
595.7031
605.4687
605.4687
566.4062
566.4062
522.4609
522.4609
468.7500
468.7500
444.3359
444.3359
449.2187
449.2187
458.9844
458.9844
488.2812
488.2812
512.6953
512.6953
546.8750
546.8750
581.0547
581.0547
566.4062
566.4062
551.7578
551.7578
527.3437
527.3437
449.2187
449.2187
112.3047
112.3047
0.0000
0.0000
0.0000
0.0000
0.0000
0.0000
0.0000
0.0000
0.0000
0.0000
0.0000
0.0000
0.0000
0.0000
0.0000
0.0000
0.0000
0.0000
0.0000
0.0000
0.0000
0.0000
0.0000
0.0000
0.0000
0.0000
161.1328
161.1328
410.1562
410.1562
600.5859
600.5859
737.3047
737.3047
776.3672
776.3672
761.7187
761.7187
693.3594
693.3594
649.4141
649.4141
590.8203
590.8203
561.5234
561.5234
556.6406
556.6406
581.0547
581.0547
610.3516
610.3516
625.0000
625.0000
644.5312
644.5312
664.0625
664.0625
693.3594
693.3594
698.2422
698.2422
668.9453
668.9453
634.7656
634.7656
488.2812
488.2812
131.8359
131.8359
0.0000
0.0000
0.0000
0.0000
0.0000
0.0000
0.0000
0.0000
0.0000
0.0000
0.0000
0.0000
0.0000
0.0000
0.0000
0.0000
0.0000
0.0000
0.0000
0.0000
0.0000
0.0000
0.0000
0.0000
151.3672
151.3672
419.9219
419.9219
654.2969
654.2969
810.5469
810.5469
893.5547
893.5547
888.6719
888.6719
834.9609
834.9609
771.4844
771.4844
717.7734
717.7734
664.0625
664.0625
634.7656
634.7656
620.1172
620.1172
634.7656
634.7656
654.2969
654.2969
673.8281
673.8281
688.4766
688.4766
722.6562
722.6562
708.0078
708.0078
664.0625
664.0625
590.8203
590.8203
415.0391
415.0391
68.3594
68.3594
0.0000
0.0000
0.0000
0.0000
0.0000
0.0000
0.0000
0.0000
0.0000
0.0000
0.0000
0.0000
0.0000
0.0000
0.0000
0.0000
0.0000
0.0000
0.0000
0.0000
0.0000
0.0000
0.0000
0.0000
73.2422
73.2422
356.4453
356.4453
556.6406
556.6406
693.3594
693.3594
766.6016
766.6016
781.2500
781.2500
737.3047
737.3047
668.9453
668.9453
620.1172
620.1172
590.8203
590.8203
576.1719
576.1719
571.2891
571.2891
585.9375
585.9375
605.4687
605.4687
639.6484
639.6484
654.2969
654.2969
678.7109
678.7109
678.7109
678.7109
654.2969
654.2969
605.4687
605.4687
498.0469
498.0469
205.0781
205.0781
0.0000
0.0000
0.0000
0.0000
0.0000
0.0000
0.0000
0.0000
0.0000
0.0000
0.0000
0.0000
0.0000
0.0000
0.0000
0.0000
0.0000
0.0000
0.0000
0.0000
0.0000
0.0000
0.0000
0.0000
0.0000
0.0000
0.0000
0.0000
39.0625
39.0625
273.4375
273.4375
444.3359
444.3359
537.1094
537.1094
571.2891
571.2891
556.6406
556.6406
502.9297
502.9297
468.7500
468.7500
439.4531
439.4531
449.2187
449.2187
454.1016
454.1016
478.5156
478.5156
507.8125
507.8125
541.9922
541.9922
561.5234
561.5234
585.9375
585.9375
605.4687
605.4687
590.8203
590.8203
566.4062
566.4062
502.9297
502.9297
214.8437
214.8437
0.0000
0.0000
0.0000
0.0000
0.0000
0.0000
0.0000
0.0000
0.0000
0.0000
0.0000
0.0000
0.0000
0.0000
0.0000
0.0000
0.0000
0.0000
0.0000
0.0000
0.0000
0.0000
0.0000
0.0000
0.0000
0.0000
249.0234
249.0234
493.1641
493.1641
654.2969
654.2969
756.8359
756.8359
791.0156
791.0156
776.3672
776.3672
712.8906
712.8906
629.8828
629.8828
571.2891
571.2891
561.5234
561.5234
566.4062
566.4062
590.8203
590.8203
615.2344
615.2344
649.4141
649.4141
659.1797
659.1797
678.7109
678.7109
698.2422
698.2422
698.2422
698.2422
668.9453
668.9453
605.4687
605.4687
444.3359
444.3359
83.0078
83.0078
0.0000
0.0000
0.0000
0.0000
0.0000
0.0000
0.0000
0.0000
0.0000
0.0000
0.0000
0.0000
0.0000
0.0000
0.0000
0.0000
0.0000
0.0000
0.0000
0.0000
0.0000
0.0000
0.0000
0.0000
0.0000
0.0000
122.0703
122.0703
395.5078
395.5078
571.2891
571.2891
683.5937
683.5937
732.4219
732.4219
722.6562
722.6562
668.9453
668.9453
600.5859
600.5859
551.7578
551.7578
512.6953
512.6953
522.4609
522.4609
522.4609
522.4609
571.2891
571.2891
615.2344
615.2344
644.5312
644.5312
654.2969
654.2969
649.4141
649.4141
634.7656
634.7656
590.8203
590.8203
493.1641
493.1641
219.7266
219.7266
0.0000
0.0000
0.0000
0.0000
0.0000
0.0000
0.0000
0.0000
0.0000
0.0000
0.0000
0.0000
0.0000
0.0000
0.0000
0.0000
0.0000
0.0000
0.0000
0.0000
0.0000
0.0000
0.0000
0.0000
92.7734
92.7734
356.4453
356.4453
605.4687
605.4687
776.3672
776.3672
874.0234
874.0234
888.6719
888.6719
859.3750
859.3750
795.8984
795.8984
712.8906
712.8906
644.5312
644.5312
605.4687
605.4687
615.2344
615.2344
615.2344
615.2344
634.7656
634.7656
664.0625
664.0625
703.1250
703.1250
722.6562
722.6562
717.7734
717.7734
673.8281
673.8281
585.9375
585.9375
478.5156
478.5156
195.3125
195.3125
0.0000
0.0000
0.0000
0.0000
0.0000
0.0000
0.0000
0.0000
0.0000
0.0000
0.0000
0.0000
0.0000
0.0000
0.0000
0.0000
0.0000
0.0000
0.0000
0.0000
0.0000
0.0000
0.0000
0.0000
0.0000
0.0000
0.0000
0.0000
229.4922
229.4922
468.7500
468.7500
634.7656
634.7656
708.0078
708.0078
722.6562
722.6562
693.3594
693.3594
644.5312
644.5312
581.0547
581.0547
532.2266
532.2266
512.6953
512.6953
512.6953
512.6953
527.3437
527.3437
546.8750
546.8750
576.1719
576.1719
615.2344
615.2344
649.4141
649.4141
634.7656
634.7656
595.7031
595.7031
556.6406
556.6406
415.0391
415.0391
68.3594
68.3594
0.0000
0.0000
0.0000
0.0000
0.0000
0.0000
0.0000
0.0000
0.0000
0.0000
0.0000
0.0000
0.0000
0.0000
0.0000
0.0000
0.0000
0.0000
0.0000
0.0000
0.0000
0.0000
0.0000
0.0000
0.0000
0.0000
258.7891
258.7891
468.7500
468.7500
625.0000
625.0000
722.6562
722.6562
751.9531
751.9531
717.7734
717.7734
659.1797
659.1797
600.5859
600.5859
546.8750
546.8750
522.4609
522.4609
522.4609
522.4609
556.6406
556.6406
571.2891
571.2891
595.7031
595.7031
615.2344
615.2344
649.4141
649.4141
659.1797
659.1797
639.6484
639.6484
605.4687
605.4687
517.5781
517.5781
249.0234
249.0234
0.0000
0.0000
0.0000
0.0000
0.0000
0.0000
0.0000
0.0000
0.0000
0.0000
0.0000
0.0000
0.0000
0.0000
0.0000
0.0000
0.0000
0.0000
0.0000
0.0000
0.0000
0.0000
0.0000
0.0000
0.0000
0.0000
0.0000
0.0000
209.9609
209.9609
424.8047
424.8047
595.7031
595.7031
683.5937
683.5937
712.8906
712.8906
683.5937
683.5937
620.1172
620.1172
581.0547
581.0547
527.3437
527.3437
507.8125
507.8125
507.8125
507.8125
532.2266
532.2266
571.2891
571.2891
600.5859
600.5859
620.1172
620.1172
625.0000
625.0000
605.4687
605.4687
551.7578
551.7578
498.0469
498.0469
332.0312
332.0312
4.8828
4.8828
0.0000
0.0000
0.0000
0.0000
0.0000
0.0000
0.0000
0.0000
0.0000
0.0000
0.0000
0.0000
0.0000
0.0000
0.0000
0.0000
0.0000
0.0000
0.0000
0.0000
0.0000
0.0000
0.0000
0.0000
63.4766
63.4766
341.7969
341.7969
546.8750
546.8750
698.2422
698.2422
786.1328
786.1328
815.4297
815.4297
776.3672
776.3672
693.3594
693.3594
625.0000
625.0000
581.0547
581.0547
561.5234
561.5234
556.6406
556.6406
585.9375
585.9375
610.3516
610.3516
639.6484
639.6484
664.0625
664.0625
683.5937
683.5937
708.0078
708.0078
673.8281
673.8281
634.7656
634.7656
561.5234
561.5234
351.5625
351.5625
0.0000
0.0000
0.0000
0.0000
0.0000
0.0000
0.0000
0.0000
0.0000
0.0000
0.0000
0.0000
0.0000
0.0000
0.0000
0.0000
0.0000
0.0000
0.0000
0.0000
0.0000
0.0000
0.0000
0.0000
0.0000
0.0000
0.0000
283.2031
283.2031
493.1641
493.1641
493.1641
620.1172
620.1172
703.1250
703.1250
737.3047
737.3047
712.8906
712.8906
634.7656
634.7656
561.5234
522.4609
522.4609
498.0469
498.0469
507.8125
507.8125
507.8125
541.9922
541.9922
576.1719
576.1719
605.4687
605.4687
620.1172
620.1172
649.4141
649.4141
625.0000
581.0547
581.0547
493.1641
493.1641
317.3828
317.3828
0.0000
0.0000
0.0000
0.0000
0.0000
0.0000
0.0000
0.0000
0.0000
0.0000
0.0000
0.0000
0.0000
0.0000
0.0000
0.0000
0.0000
0.0000
0.0000
0.0000
0.0000
0.0000
0.0000
0.0000
0.0000
0.0000
9.7656
9.7656
292.9687
292.9687
532.2266
532.2266
683.5937
683.5937
766.6016
766.6016
786.1328
786.1328
756.8359
756.8359
678.7109
678.7109
600.5859
600.5859
541.9922
541.9922
522.4609
522.4609
537.1094
537.1094
546.8750
546.8750
585.9375
585.9375
610.3516
610.3516
639.6484
639.6484
664.0625
664.0625
664.0625
664.0625
649.4141
649.4141
605.4687
605.4687
502.9297
502.9297
244.1406
244.1406
0.0000
0.0000
0.0000
0.0000
0.0000
0.0000
0.0000
0.0000
0.0000
0.0000
0.0000
0.0000
0.0000
0.0000
0.0000
0.0000
0.0000
0.0000
0.0000
0.0000
0.0000
0.0000
0.0000
0.0000
0.0000
0.0000
0.0000
0.0000
200.1953
200.1953
454.1016
454.1016
629.8828
629.8828
737.3047
737.3047
781.2500
781.2500
761.7187
761.7187
688.4766
688.4766
590.8203
590.8203
532.2266
532.2266
522.4609
522.4609
512.6953
512.6953
541.9922
541.9922
576.1719
576.1719
620.1172
620.1172
629.8828
629.8828
634.7656
634.7656
639.6484
639.6484
610.3516
610.3516
581.0547
581.0547
478.5156
478.5156
161.1328
161.1328
0.0000
0.0000
0.0000
0.0000
0.0000
0.0000
0.0000
0.0000
0.0000
0.0000
0.0000
0.0000
0.0000
0.0000
0.0000
0.0000
0.0000
0.0000
0.0000
0.0000
0.0000
0.0000
0.0000
0.0000
0.0000
0.0000
122.0703
122.0703
375.9766
375.9766
600.5859
600.5859
722.6562
722.6562
781.2500
781.2500
781.2500
781.2500
732.4219
732.4219
649.4141
649.4141
576.1719
576.1719
532.2266
532.2266
522.4609
522.4609
551.7578
551.7578
556.6406
556.6406
605.4687
605.4687
634.7656
634.7656
659.1797
659.1797
664.0625
664.0625
649.4141
649.4141
625.0000
625.0000
576.1719
576.1719
454.1016
454.1016
126.9531
126.9531
0.0000
0.0000
0.0000
0.0000
0.0000
0.0000
0.0000
0.0000
0.0000
0.0000
0.0000
0.0000
0.0000
0.0000
0.0000
0.0000
0.0000
0.0000
0.0000
0.0000
0.0000
0.0000
0.0000
0.0000
0.0000
0.0000
39.0625
39.0625
307.6172
307.6172
537.1094
537.1094
683.5937
683.5937
761.7187
761.7187
766.6016
766.6016
722.6562
722.6562
659.1797
659.1797
585.9375
585.9375
541.9922
541.9922
537.1094
537.1094
541.9922
541.9922
556.6406
556.6406
585.9375
585.9375
620.1172
620.1172
625.0000
625.0000
615.2344
615.2344
571.2891
571.2891
537.1094
537.1094
439.4531
439.4531
156.2500
156.2500
0.0000
0.0000
0.0000
0.0000
0.0000
0.0000
0.0000
0.0000
0.0000
0.0000
0.0000
0.0000
0.0000
0.0000
0.0000
0.0000
0.0000
0.0000
0.0000
0.0000
0.0000
0.0000
0.0000
0.0000
97.6562
97.6562
366.2109
366.2109
600.5859
600.5859
776.3672
776.3672
869.1406
869.1406
883.7891
883.7891
839.8437
839.8437
771.4844
771.4844
698.2422
698.2422
625.0000
625.0000
590.8203
590.8203
585.9375
585.9375
595.7031
595.7031
620.1172
620.1172
629.8828
629.8828
668.9453
668.9453
688.4766
688.4766
703.1250
703.1250
668.9453
668.9453
610.3516
610.3516
541.9922
541.9922
346.6797
346.6797
0.0000
0.0000
0.0000
0.0000
0.0000
0.0000
0.0000
0.0000
0.0000
0.0000
0.0000
0.0000
0.0000
0.0000
0.0000
0.0000
0.0000
0.0000
0.0000
0.0000
0.0000
0.0000
0.0000
0.0000
0.0000
0.0000
0.0000
0.0000
185.5469
185.5469
434.5703
434.5703
634.7656
634.7656
751.9531
751.9531
795.8984
795.8984
761.7187
761.7187
688.4766
688.4766
595.7031
595.7031
541.9922
541.9922
512.6953
512.6953
517.5781
517.5781
537.1094
537.1094
537.1094
537.1094
561.5234
561.5234
581.0547
581.0547
620.1172
620.1172
595.7031
595.7031
541.9922
541.9922
473.6328
473.6328
297.8516
297.8516
0.0000
0.0000
0.0000
0.0000
0.0000
0.0000
0.0000
0.0000
0.0000
0.0000
0.0000
0.0000
0.0000
0.0000
0.0000
