903.3203
820.3125
820.3125
859.3750
859.3750
932.6172
932.6172
864.2578
864.2578
395.5078
395.5078
0.0000
0.0000
0.0000
0.0000
0.0000
0.0000
0.0000
0.0000
0.0000
0.0000
0.0000
0.0000
0.0000
0.0000
0.0000
0.0000
0.0000
0.0000
0.0000
0.0000
0.0000
0.0000
0.0000
0.0000
0.0000
0.0000
0.0000
0.0000
0.0000
0.0000
0.0000
0.0000
0.0000
0.0000
4.8828
4.8828
283.2031
283.2031
537.1094
537.1094
698.2422
698.2422
830.0781
830.0781
937.5000
937.5000
996.0937
996.0937
1132.8125
1132.8125
1215.8203
1215.8203
1328.1250
1328.1250
1337.8906
1337.8906
1357.4219
1357.4219
1274.4141
1274.4141
1210.9375
1210.9375
1137.6953
1137.6953
1074.2187
1074.2187
1074.2187
1074.2187
1030.2734
1030.2734
1088.8672
1088.8672
1113.2812
1113.2812
1113.2812
1113.2812
771.4844
771.4844
136.7187
136.7187
0.0000
0.0000
0.0000
0.0000
0.0000
0.0000
0.0000
0.0000
0.0000
0.0000
0.0000
0.0000
0.0000
0.0000
0.0000
0.0000
0.0000
0.0000
0.0000
0.0000
0.0000
0.0000
0.0000
0.0000
0.0000
0.0000
0.0000
0.0000
0.0000
0.0000
0.0000
0.0000
0.0000
0.0000
0.0000
0.0000
68.3594
68.3594
415.0391
415.0391
615.2344
615.2344
854.4922
854.4922
991.2109
991.2109
1118.1641
1118.1641
1171.8750
1171.8750
1206.0547
1206.0547
1191.4062
1191.4062
1176.7578
1176.7578
1147.4609
1147.4609
1166.9922
1166.9922
1201.1719
1201.1719
1240.2344
1240.2344
1264.6484
1264.6484
1220.7031
1220.7031
1181.6406
1181.6406
1074.2187
1074.2187
1044.9219
1044.9219
952.1484
952.1484
698.2422
698.2422
185.5469
185.5469
0.0000
0.0000
0.0000
0.0000
0.0000
0.0000
0.0000
0.0000
0.0000
0.0000
0.0000
0.0000
0.0000
0.0000
0.0000
0.0000
0.0000
0.0000
0.0000
0.0000
0.0000
0.0000
0.0000
0.0000
0.0000
0.0000
0.0000
0.0000
0.0000
0.0000
0.0000
0.0000
43.9453
43.9453
380.8594
380.8594
732.4219
732.4219
957.0312
957.0312
1171.8750
1171.8750
1245.1172
1245.1172
1318.3594
1318.3594
1313.4766
1313.4766
1347.6562
1347.6562
1362.3047
1362.3047
1401.3672
1401.3672
1440.4297
1440.4297
1459.9609
1459.9609
1474.6094
1474.6094
1391.6016
1391.6016
1318.3594
1318.3594
1147.4609
1147.4609
1079.1016
1079.1016
971.6797
971.6797
1030.2734
1030.2734
1113.2812
1113.2812
1025.3906
1025.3906
527.3437
527.3437
0.0000
0.0000
0.0000
0.0000
0.0000
0.0000
0.0000
0.0000
0.0000
0.0000
0.0000
0.0000
0.0000
0.0000
0.0000
0.0000
0.0000
0.0000
0.0000
0.0000
0.0000
0.0000
0.0000
0.0000
0.0000
0.0000
0.0000
0.0000
0.0000
0.0000
0.0000
0.0000
0.0000
0.0000
0.0000
0.0000
190.4297
190.4297
410.1562
410.1562
585.9375
585.9375
756.8359
756.8359
874.0234
874.0234
991.2109
991.2109
1142.5781
1142.5781
1240.2344
1240.2344
1342.7734
1342.7734
1362.3047
1362.3047
1367.1875
1367.1875
1352.5391
1352.5391
1308.5937
1308.5937
1308.5937
1308.5937
1279.2969
1279.2969
1352.5391
1352.5391
1342.7734
1342.7734
1323.2422
1323.2422
1220.7031
1220.7031
1113.2812
1113.2812
805.6641
805.6641
258.7891
258.7891
0.0000
0.0000
0.0000
0.0000
0.0000
0.0000
0.0000
0.0000
0.0000
0.0000
0.0000
0.0000
0.0000
0.0000
0.0000
0.0000
0.0000
0.0000
0.0000
0.0000
0.0000
0.0000
0.0000
0.0000
0.0000
0.0000
0.0000
0.0000
0.0000
0.0000
0.0000
0.0000
0.0000
0.0000
209.9609
209.9609
449.2187
449.2187
781.2500
781.2500
981.4453
981.4453
1206.0547
1206.0547
1352.5391
1352.5391
1450.1953
1450.1953
1508.7891
1508.7891
1484.3750
1484.3750
1489.2578
1489.2578
1386.7187
1386.7187
1396.4844
1396.4844
1372.0703
1372.0703
1411.1328
1411.1328
1416.0156
1416.0156
1416.0156
1416.0156
1381.8359
1381.8359
1279.2969
1279.2969
1254.8828
1254.8828
1250.0000
1250.0000
1225.5859
1225.5859
834.9609
834.9609
205.0781
205.0781
0.0000
0.0000
0.0000
0.0000
0.0000
0.0000
0.0000
0.0000
0.0000
0.0000
0.0000
0.0000
0.0000
0.0000
0.0000
0.0000
0.0000
0.0000
0.0000
0.0000
0.0000
0.0000
0.0000
0.0000
0.0000
0.0000
0.0000
0.0000
0.0000
0.0000
0.0000
0.0000
0.0000
0.0000
219.7266
219.7266
590.8203
590.8203
883.7891
883.7891
1064.4531
1064.4531
1166.9922
1166.9922
1191.4062
1191.4062
1274.4141
1274.4141
1337.8906
1337.8906
1440.4297
1440.4297
1542.9687
1542.9687
1635.7422
1635.7422
1665.0391
1665.0391
1669.9219
1669.9219
1562.5000
1562.5000
1416.0156
1416.0156
1225.5859
1225.5859
1108.3984
1108.3984
1030.2734
1030.2734
1108.3984
1108.3984
1206.0547
1206.0547
981.4453
981.4453
517.5781
517.5781
0.0000
0.0000
0.0000
0.0000
0.0000
0.0000
0.0000
0.0000
0.0000
0.0000
0.0000
0.0000
0.0000
0.0000
0.0000
0.0000
0.0000
0.0000
0.0000
0.0000
0.0000
0.0000
0.0000
0.0000
0.0000
0.0000
0.0000
0.0000
0.0000
0.0000
0.0000
0.0000
322.2656
322.2656
590.8203
590.8203
874.0234
874.0234
1044.9219
1044.9219
1162.1094
1162.1094
1269.5312
1269.5312
1303.7109
1303.7109
1416.0156
1416.0156
1450.1953
1450.1953
1538.0859
1538.0859
1552.7344
1552.7344
1557.6172
1557.6172
1503.9062
1503.9062
1430.6641
1430.6641
1367.1875
1367.1875
1284.1797
1284.1797
1289.0625
1289.0625
1245.1172
1245.1172
1245.1172
1245.1172
1166.9922
1166.9922
1176.7578
1176.7578
971.6797
971.6797
429.6875
429.6875
0.0000
0.0000
0.0000
0.0000
0.0000
0.0000
0.0000
0.0000
0.0000
0.0000
0.0000
0.0000
0.0000
0.0000
0.0000
0.0000
0.0000
0.0000
0.0000
0.0000
0.0000
0.0000
0.0000
0.0000
0.0000
0.0000
0.0000
0.0000
0.0000
0.0000
0.0000
0.0000
0.0000
0.0000
0.0000
0.0000
0.0000
0.0000
136.7187
136.7187
429.6875
429.6875
761.7187
761.7187
1000.9766
1000.9766
1220.7031
1220.7031
1362.3047
1362.3047
1445.3125
1445.3125
1440.4297
1440.4297
1396.4844
1396.4844
1308.5937
1308.5937
1323.2422
1323.2422
1347.6562
1347.6562
1425.7812
1425.7812
1494.1406
1494.1406
1484.3750
1484.3750
1450.1953
1450.1953
1289.0625
1289.0625
1206.0547
1206.0547
1103.5156
1103.5156
1040.0391
1040.0391
634.7656
634.7656
141.6016
141.6016
0.0000
0.0000
0.0000
0.0000
0.0000
0.0000
0.0000
0.0000
0.0000
0.0000
0.0000
0.0000
0.0000
0.0000
0.0000
0.0000
0.0000
0.0000
0.0000
0.0000
0.0000
0.0000
0.0000
0.0000
0.0000
0.0000
0.0000
0.0000
0.0000
0.0000
0.0000
0.0000
102.5391
102.5391
493.1641
493.1641
805.6641
805.6641
1064.4531
1196.2891
1196.2891
1313.4766
1313.4766
1303.7109
1303.7109
1396.4844
1396.4844
1445.3125
1445.3125
1445.3125
1523.4375
1523.4375
1606.4453
1606.4453
1640.6250
1694.3359
1694.3359
1694.3359
1621.0937
1582.0312
1582.0312
1440.4297
1440.4297
1396.4844
1396.4844
1284.1797
1284.1797
1264.6484
1264.6484
1328.1250
1328.1250
1352.5391
1352.5391
1181.6406
1181.6406
541.9922
541.9922
0.0000
0.0000
0.0000
0.0000
0.0000
0.0000
0.0000
0.0000
0.0000
0.0000
0.0000
0.0000
0.0000
0.0000
0.0000
0.0000
0.0000
0.0000
0.0000
0.0000
0.0000
0.0000
0.0000
0.0000
0.0000
0.0000
0.0000
0.0000
0.0000
0.0000
0.0000
0.0000
0.0000
0.0000
146.4844
146.4844
390.6250
390.6250
673.8281
673.8281
864.2578
864.2578
1025.3906
1025.3906
1123.0469
1123.0469
1181.6406
1181.6406
1318.3594
1318.3594
1376.9531
1376.9531
1469.7266
1469.7266
1479.4922
1479.4922
1474.6094
1474.6094
1430.6641
1430.6641
1416.0156
1416.0156
1396.4844
1396.4844
1420.8984
1420.8984
1435.5469
1435.5469
1416.0156
1416.0156
1372.0703
1372.0703
1303.7109
1303.7109
1269.5312
1269.5312
1069.3359
1069.3359
566.4062
566.4062
0.0000
0.0000
0.0000
0.0000
0.0000
0.0000
0.0000
0.0000
0.0000
0.0000
0.0000
0.0000
0.0000
0.0000
0.0000
0.0000
0.0000
0.0000
0.0000
0.0000
0.0000
0.0000
0.0000
0.0000
0.0000
0.0000
0.0000
0.0000
0.0000
0.0000
0.0000
0.0000
0.0000
0.0000
0.0000
0.0000
117.1875
117.1875
454.1016
454.1016
805.6641
805.6641
1044.9219
1044.9219
1210.9375
1210.9375
1313.4766
1313.4766
1333.0078
1333.0078
1391.6016
1391.6016
1386.7187
1386.7187
1484.3750
1484.3750
1508.7891
1508.7891
1611.3281
1611.3281
1640.6250
1640.6250
1635.7422
1635.7422
1572.2656
1572.2656
1440.4297
1440.4297
1293.9453
1293.9453
1142.5781
1142.5781
1220.7031
1220.7031
1259.7656
1259.7656
1225.5859
1225.5859
747.0703
747.0703
131.8359
131.8359
0.0000
0.0000
0.0000
0.0000
0.0000
0.0000
0.0000
0.0000
0.0000
0.0000
0.0000
0.0000
0.0000
0.0000
0.0000
0.0000
0.0000
0.0000
0.0000
0.0000
0.0000
0.0000
0.0000
0.0000
0.0000
0.0000
0.0000
0.0000
0.0000
0.0000
0.0000
0.0000
73.2422
73.2422
395.5078
395.5078
581.0547
581.0547
830.0781
830.0781
903.3203
903.3203
1083.9844
1083.9844
1157.2266
1157.2266
1289.0625
1289.0625
1376.9531
1376.9531
1464.8437
1464.8437
1508.7891
1508.7891
1518.5547
1518.5547
1494.1406
1494.1406
1425.7812
1425.7812
1376.9531
1376.9531
1298.8281
1298.8281
1254.8828
1254.8828
1220.7031
1220.7031
1240.2344
1240.2344
1235.3516
1235.3516
1259.7656
1259.7656
1020.5078
1020.5078
444.3359
444.3359
0.0000
0.0000
0.0000
0.0000
0.0000
0.0000
0.0000
0.0000
0.0000
0.0000
0.0000
0.0000
0.0000
0.0000
0.0000
0.0000
0.0000
0.0000
0.0000
0.0000
0.0000
0.0000
0.0000
0.0000
0.0000
0.0000
0.0000
0.0000
0.0000
0.0000
0.0000
0.0000
0.0000
0.0000
283.2031
283.2031
522.4609
522.4609
766.6016
766.6016
952.1484
952.1484
1137.6953
1137.6953
1264.6484
1264.6484
1401.3672
1401.3672
1455.0781
1455.0781
1508.7891
1508.7891
1489.2578
1489.2578
1440.4297
1440.4297
1381.8359
1381.8359
1328.1250
1328.1250
1357.4219
1357.4219
1347.6562
1347.6562
1386.7187
1386.7187
1328.1250
1328.1250
1293.9453
1293.9453
1206.0547
1206.0547
1206.0547
1206.0547
1064.4531
1064.4531
590.8203
590.8203
0.0000
0.0000
0.0000
0.0000
0.0000
0.0000
0.0000
0.0000
0.0000
0.0000
0.0000
0.0000
0.0000
0.0000
0.0000
0.0000
0.0000
0.0000
0.0000
0.0000
0.0000
0.0000
0.0000
0.0000
0.0000
0.0000
0.0000
0.0000
0.0000
0.0000
0.0000
0.0000
0.0000
0.0000
0.0000
0.0000
0.0000
0.0000
312.5000
312.5000
615.2344
615.2344
874.0234
874.0234
1010.7422
1010.7422
1118.1641
1118.1641
1176.7578
1176.7578
1201.1719
1201.1719
1293.9453
1293.9453
1328.1250
1328.1250
1386.7187
1386.7187
1430.6641
1430.6641
1469.7266
1469.7266
1464.8437
1464.8437
1440.4297
1440.4297
1347.6562
1347.6562
1230.4687
1230.4687
1137.6953
1137.6953
1162.1094
1162.1094
1171.8750
1171.8750
1010.7422
1010.7422
546.8750
546.8750
0.0000
0.0000
0.0000
0.0000
0.0000
0.0000
0.0000
0.0000
0.0000
0.0000
0.0000
0.0000
0.0000
0.0000
0.0000
0.0000
0.0000
0.0000
0.0000
0.0000
0.0000
0.0000
0.0000
0.0000
0.0000
0.0000
0.0000
0.0000
0.0000
0.0000
0.0000
0.0000
83.0078
83.0078
454.1016
454.1016
761.7187
761.7187
991.2109
991.2109
1162.1094
1162.1094
1245.1172
1245.1172
1308.5937
1308.5937
1357.4219
1357.4219
1430.6641
1430.6641
1513.6719
1513.6719
1577.1484
1577.1484
1645.5078
1645.5078
1621.0937
1621.0937
1601.5625
1601.5625
1484.3750
1484.3750
1420.8984
1420.8984
1318.3594
1318.3594
1259.7656
1259.7656
1210.9375
1210.9375
1215.8203
1215.8203
1298.8281
1298.8281
1186.5234
1186.5234
820.3125
820.3125
78.1250
78.1250
0.0000
0.0000
0.0000
0.0000
0.0000
0.0000
0.0000
0.0000
0.0000
0.0000
0.0000
0.0000
0.0000
0.0000
0.0000
0.0000
0.0000
0.0000
0.0000
0.0000
0.0000
0.0000
0.0000
0.0000
0.0000
0.0000
0.0000
0.0000
0.0000
0.0000
0.0000
0.0000
0.0000
0.0000
146.4844
146.4844
366.2109
366.2109
595.7031
595.7031
854.4922
854.4922
1010.7422
1010.7422
1191.4062
1191.4062
1264.6484
1264.6484
1396.4844
1396.4844
1386.7187
1386.7187
1391.6016
1391.6016
1333.0078
1333.0078
1323.2422
1323.2422
1318.3594
1318.3594
1313.4766
1313.4766
1362.3047
1362.3047
1367.1875
1367.1875
1357.4219
1357.4219
1254.8828
1254.8828
1171.8750
1171.8750
1098.6328
1098.6328
1015.6250
1015.6250
722.6562
722.6562
141.6016
141.6016
0.0000
0.0000
0.0000
0.0000
0.0000
0.0000
0.0000
0.0000
0.0000
0.0000
0.0000
0.0000
0.0000
0.0000
0.0000
0.0000
0.0000
0.0000
0.0000
0.0000
0.0000
0.0000
0.0000
0.0000
0.0000
0.0000
0.0000
0.0000
0.0000
0.0000
0.0000
0.0000
0.0000
0.0000
92.7734
92.7734
468.7500
468.7500
781.2500
781.2500
1035.1562
1035.1562
1196.2891
1196.2891
1264.6484
1264.6484
1298.8281
1298.8281
1289.0625
1289.0625
1357.4219
1357.4219
1367.1875
1367.1875
1494.1406
1494.1406
1542.9687
1542.9687
1572.2656
1572.2656
1547.8516
1547.8516
1455.0781
1455.0781
1342.7734
1342.7734
1186.5234
1186.5234
1176.7578
1176.7578
1137.6953
1137.6953
1308.5937
1308.5937
1347.6562
1347.6562
1108.3984
1108.3984
434.5703
434.5703
0.0000
0.0000
0.0000
0.0000
0.0000
0.0000
0.0000
0.0000
0.0000
0.0000
0.0000
0.0000
0.0000
0.0000
0.0000
0.0000
0.0000
0.0000
0.0000
0.0000
0.0000
0.0000
0.0000
0.0000
0.0000
0.0000
0.0000
0.0000
0.0000
0.0000
0.0000
0.0000
0.0000
0.0000
87.8906
87.8906
419.9219
419.9219
576.1719
576.1719
795.8984
795.8984
898.4375
898.4375
1069.3359
1069.3359
1206.0547
1206.0547
1347.6562
1347.6562
1440.4297
1440.4297
1484.3750
1484.3750
1499.0234
1499.0234
1430.6641
1430.6641
1396.4844
1396.4844
1347.6562
1347.6562
1347.6562
1347.6562
1337.8906
1337.8906
1333.0078
1333.0078
1313.4766
1313.4766
1274.4141
1274.4141
1250.0000
1250.0000
1059.5703
1059.5703
551.7578
551.7578
0.0000
0.0000
0.0000
0.0000
0.0000
0.0000
0.0000
0.0000
0.0000
0.0000
0.0000
0.0000
0.0000
0.0000
0.0000
0.0000
0.0000
0.0000
0.0000
0.0000
0.0000
0.0000
0.0000
0.0000
0.0000
0.0000
0.0000
0.0000
0.0000
0.0000
0.0000
0.0000
0.0000
0.0000
161.1328
161.1328
439.4531
439.4531
727.5391
727.5391
991.2109
991.2109
1171.8750
1171.8750
1352.5391
1352.5391
1445.3125
1445.3125
1528.3203
1528.3203
1533.2031
1533.2031
1508.7891
1508.7891
1494.1406
1494.1406
1479.4922
1479.4922
1508.7891
1508.7891
1523.4375
1523.4375
1591.7969
1591.7969
1567.3828
1567.3828
1567.3828
1567.3828
1445.3125
1445.3125
1347.6562
1347.6562
1240.2344
1240.2344
1220.7031
1220.7031
1059.5703
1059.5703
512.6953
512.6953
0.0000
0.0000
0.0000
0.0000
0.0000
0.0000
0.0000
0.0000
0.0000
0.0000
0.0000
0.0000
0.0000
0.0000
0.0000
0.0000
0.0000
0.0000
0.0000
0.0000
0.0000
0.0000
0.0000
0.0000
0.0000
0.0000
0.0000
0.0000
0.0000
0.0000
0.0000
0.0000
0.0000
0.0000
0.0000
0.0000
205.0781
205.0781
581.0547
581.0547
810.5469
810.5469
971.6797
971.6797
1069.3359
1069.3359
1079.1016
1079.1016
1196.2891
1196.2891
1250.0000
1250.0000
1376.9531
1376.9531
1450.1953
1450.1953
1499.0234
1499.0234
1474.6094
1474.6094
1435.5469
1435.5469
1347.6562
1347.6562
1235.3516
1235.3516
1176.7578
1176.7578
1127.9297
1127.9297
1127.9297
1127.9297
1201.1719
1201.1719
1274.4141
1274.4141
1083.9844
1083.9844
546.8750
546.8750
0.0000
0.0000
0.0000
0.0000
0.0000
0.0000
0.0000
0.0000
0.0000
0.0000
0.0000
0.0000
0.0000
0.0000
0.0000
0.0000
0.0000
0.0000
0.0000
0.0000
0.0000
0.0000
0.0000
0.0000
0.0000
0.0000
0.0000
0.0000
0.0000
0.0000
0.0000
0.0000
0.0000
0.0000
180.6641
180.6641
473.6328
473.6328
717.7734
717.7734
952.1484
952.1484
1093.7500
1225.5859
1225.5859
1337.8906
1337.8906
1430.6641
1430.6641
1528.3203
1528.3203
1562.5000
1562.5000
1562.5000
1601.5625
1601.5625
1552.7344
1562.5000
1562.5000
1513.6719
1513.6719
1508.7891
1508.7891
1469.7266
1469.7266
1381.8359
1381.8359
1259.7656
1259.7656
1083.9844
1083.9844
1118.1641
1118.1641
976.5625
976.5625
688.4766
688.4766
43.9453
43.9453
0.0000
0.0000
0.0000
0.0000
0.0000
0.0000
0.0000
0.0000
0.0000
0.0000
0.0000
0.0000
0.0000
0.0000
0.0000
0.0000
0.0000
0.0000
0.0000
0.0000
0.0000
0.0000
0.0000
0.0000
0.0000
0.0000
0.0000
0.0000
0.0000
0.0000
0.0000
0.0000
0.0000
0.0000
126.9531
126.9531
468.7500
468.7500
727.5391
727.5391
1025.3906
1025.3906
1147.4609
1147.4609
1284.1797
1284.1797
1298.8281
1298.8281
1347.6562
1347.6562
1303.7109
1303.7109
1293.9453
1293.9453
1298.8281
1298.8281
1308.5937
1308.5937
1396.4844
1396.4844
1406.2500
1406.2500
1435.5469
1435.5469
1357.4219
1357.4219
1308.5937
1308.5937
1176.7578
1176.7578
1113.2812
1113.2812
1137.6953
1137.6953
1054.6875
1054.6875
634.7656
634.7656
0.0000
0.0000
0.0000
0.0000
0.0000
0.0000
0.0000
0.0000
0.0000
0.0000
0.0000
0.0000
0.0000
0.0000
0.0000
0.0000
0.0000
0.0000
0.0000
0.0000
0.0000
0.0000
0.0000
0.0000
0.0000
0.0000
0.0000
0.0000
0.0000
0.0000
0.0000
0.0000
0.0000
0.0000
0.0000
0.0000
346.6797
346.6797
654.2969
654.2969
888.6719
888.6719
1074.2187
1074.2187
1191.4062
1191.4062
1235.3516
1235.3516
1372.0703
1372.0703
1440.4297
1440.4297
1591.7969
1591.7969
1674.8047
1674.8047
1704.1016
1704.1016
1665.0391
1665.0391
1547.8516
1547.8516
1450.1953
1450.1953
1284.1797
1284.1797
1298.8281
1298.8281
1284.1797
1284.1797
1376.9531
1376.9531
1391.6016
1391.6016
1474.6094
1474.6094
1401.3672
1401.3672
991.2109
991.2109
234.3750
234.3750
0.0000
0.0000
0.0000
0.0000
0.0000
0.0000
0.0000
0.0000
0.0000
0.0000
0.0000
0.0000
0.0000
0.0000
0.0000
0.0000
0.0000
0.0000
0.0000
0.0000
0.0000
0.0000
0.0000
0.0000
0.0000
0.0000
0.0000
0.0000
0.0000
0.0000
0.0000
0.0000
39.0625
39.0625
263.6719
263.6719
576.1719
576.1719
737.3047
737.3047
996.0937
996.0937
1113.2812
1113.2812
1259.7656
1259.7656
1376.9531
1376.9531
1435.5469
1435.5469
1499.0234
1499.0234
1459.9609
1459.9609
1450.1953
1450.1953
1352.5391
1352.5391
1391.6016
1391.6016
1372.0703
1372.0703
1406.2500
1406.2500
1396.4844
1396.4844
1362.3047
1362.3047
1308.5937
1308.5937
1225.5859
1225.5859
1186.5234
1186.5234
869.1406
869.1406
341.7969
341.7969
0.0000
0.0000
0.0000
0.0000
0.0000
0.0000
0.0000
0.0000
0.0000
0.0000
0.0000
0.0000
0.0000
0.0000
0.0000
0.0000
0.0000
0.0000
0.0000
0.0000
0.0000
0.0000
0.0000
0.0000
0.0000
0.0000
0.0000
0.0000
0.0000
0.0000
0.0000
0.0000
0.0000
0.0000
0.0000
0.0000
234.3750
234.3750
639.6484
639.6484
961.9141
961.9141
1181.6406
1181.6406
1303.7109
1303.7109
1352.5391
1352.5391
1342.7734
1342.7734
1293.9453
1293.9453
1318.3594
1318.3594
1391.6016
1391.6016
1440.4297
1440.4297
1572.2656
1572.2656
1596.6797
1596.6797
1616.2109
1616.2109
1503.9062
1503.9062
1367.1875
1367.1875
1196.2891
1196.2891
1137.6953
1137.6953
1240.2344
1240.2344
1235.3516
1235.3516
1000.9766
1000.9766
346.6797
346.6797
0.0000
0.0000
0.0000
0.0000
0.0000
0.0000
0.0000
0.0000
0.0000
0.0000
0.0000
0.0000
0.0000
0.0000
0.0000
0.0000
0.0000
0.0000
0.0000
0.0000
0.0000
0.0000
0.0000
0.0000
0.0000
0.0000
0.0000
0.0000
0.0000
0.0000
0.0000
0.0000
63.4766
63.4766
419.9219
419.9219
693.3594
693.3594
908.2031
908.2031
1035.1562
1035.1562
1083.9844
1083.9844
1196.2891
1196.2891
1235.3516
1235.3516
1386.7187
1386.7187
1430.6641
1430.6641
1542.9687
1542.9687
1528.3203
1528.3203
1518.5547
1518.5547
1445.3125
1445.3125
1367.1875
1367.1875
1333.0078
1333.0078
1274.4141
1274.4141
1337.8906
1337.8906
1298.8281
1298.8281
1357.4219
1357.4219
1372.0703
1372.0703
1250.0000
1250.0000
722.6562
722.6562
19.5312
19.5312
0.0000
0.0000
0.0000
0.0000
0.0000
0.0000
0.0000
0.0000
0.0000
0.0000
0.0000
0.0000
0.0000
0.0000
0.0000
0.0000
0.0000
0.0000
0.0000
0.0000
0.0000
0.0000
0.0000
0.0000
0.0000
0.0000
0.0000
0.0000
0.0000
0.0000
0.0000
0.0000
234.3750
234.3750
556.6406
556.6406
717.7734
717.7734
903.3203
903.3203
1030.2734
1030.2734
1166.9922
1166.9922
1289.0625
1289.0625
1416.0156
1416.0156
1499.0234
1499.0234
1523.4375
1523.4375
1508.7891
1508.7891
1464.8437
1464.8437
1406.2500
1406.2500
1411.1328
1411.1328
1416.0156
1416.0156
1440.4297
1440.4297
1440.4297
1440.4297
1357.4219
1357.4219
1298.8281
1298.8281
1245.1172
1245.1172
1171.8750
1171.8750
776.3672
776.3672
234.3750
234.3750
0.0000
0.0000
0.0000
0.0000
0.0000
0.0000
0.0000
0.0000
0.0000
0.0000
0.0000
0.0000
0.0000
0.0000
0.0000
0.0000
0.0000
0.0000
0.0000
0.0000
0.0000
0.0000
0.0000
0.0000
0.0000
0.0000
0.0000
0.0000
0.0000
0.0000
0.0000
0.0000
9.7656
9.7656
307.6172
307.6172
625.0000
625.0000
927.7344
927.7344
1093.7500
1093.7500
1230.4687
1230.4687
1245.1172
1245.1172
1308.5937
1308.5937
1289.0625
1289.0625
1308.5937
1308.5937
1342.7734
1342.7734
1362.3047
1362.3047
1440.4297
1440.4297
1435.5469
1435.5469
1459.9609
1459.9609
1357.4219
1357.4219
1284.1797
1284.1797
1118.1641
1118.1641
1049.8047
1049.8047
1059.5703
1059.5703
1030.2734
1030.2734
732.4219
732.4219
131.8359
131.8359
0.0000
0.0000
0.0000
0.0000
0.0000
0.0000
0.0000
0.0000
0.0000
0.0000
0.0000
0.0000
0.0000
0.0000
0.0000
0.0000
0.0000
0.0000
0.0000
0.0000
0.0000
0.0000
0.0000
0.0000
0.0000
0.0000
0.0000
0.0000
0.0000
0.0000
0.0000
0.0000
53.7109
53.7109
395.5078
395.5078
634.7656
634.7656
869.1406
869.1406
1020.5078
1020.5078
1147.4609
1147.4609
1210.9375
1210.9375
1269.5312
1269.5312
1362.3047
1362.3047
1425.7812
1425.7812
1489.2578
1489.2578
1503.9062
1503.9062
1523.4375
1523.4375
1459.9609
1459.9609
1386.7187
1386.7187
1284.1797
1284.1797
1206.0547
1206.0547
1132.8125
1132.8125
1171.8750
1171.8750
1191.4062
1191.4062
1220.7031
1220.7031
913.0859
913.0859
288.0859
288.0859
0.0000
0.0000
0.0000
0.0000
0.0000
0.0000
0.0000
0.0000
0.0000
0.0000
0.0000
0.0000
0.0000
0.0000
0.0000
0.0000
0.0000
0.0000
0.0000
0.0000
0.0000
0.0000
0.0000
0.0000
0.0000
0.0000
0.0000
0.0000
0.0000
0.0000
0.0000
0.0000
58.5937
58.5937
366.2109
366.2109
571.2891
571.2891
815.4297
815.4297
898.4375
898.4375
1074.2187
1074.2187
1181.6406
1181.6406
1323.2422
1323.2422
1430.6641
1430.6641
1459.9609
1459.9609
1474.6094
1474.6094
1391.6016
1391.6016
1372.0703
1372.0703
1245.1172
1245.1172
1289.0625
1289.0625
1284.1797
1284.1797
1328.1250
1328.1250
1342.7734
1342.7734
1293.9453
1293.9453
1284.1797
1284.1797
1225.5859
1225.5859
991.2109
991.2109
380.8594
380.8594
0.0000
0.0000
0.0000
0.0000
0.0000
0.0000
0.0000
0.0000
0.0000
0.0000
0.0000
0.0000
0.0000
0.0000
0.0000
0.0000
0.0000
0.0000
0.0000
0.0000
0.0000
0.0000
0.0000
0.0000
0.0000
0.0000
0.0000
0.0000
0.0000
0.0000
0.0000
0.0000
0.0000
0.0000
258.7891
258.7891
585.9375
585.9375
878.9062
878.9062
1103.5156
1103.5156
1230.4687
1230.4687
1337.8906
1337.8906
1362.3047
1362.3047
1411.1328
1411.1328
1386.7187
1386.7187
1386.7187
1386.7187
1357.4219
1357.4219
1381.8359
1381.8359
1396.4844
1396.4844
1425.7812
1425.7812
1420.8984
1420.8984
1372.0703
1372.0703
1284.1797
1284.1797
1196.2891
1196.2891
1137.6953
1137.6953
1118.1641
1118.1641
913.0859
913.0859
434.5703
434.5703
0.0000
0.0000
0.0000
0.0000
0.0000
0.0000
0.0000
0.0000
0.0000
0.0000
0.0000
0.0000
0.0000
0.0000
0.0000
0.0000
0.0000
0.0000
0.0000
0.0000
0.0000
0.0000
0.0000
0.0000
0.0000
0.0000
0.0000
0.0000
0.0000
0.0000
0.0000
0.0000
0.0000
0.0000
224.6094
224.6094
517.5781
517.5781
834.9609
834.9609
1005.8594
1005.8594
1113.2812
1113.2812
1162.1094
1162.1094
1162.1094
1162.1094
1225.5859
1225.5859
1230.4687
1230.4687
1347.6562
1347.6562
1372.0703
1372.0703
1455.0781
1455.0781
1445.3125
1445.3125
1416.0156
1416.0156
1333.0078
1333.0078
1220.7031
1220.7031
1147.4609
1147.4609
1035.1562
1035.1562
1108.3984
1108.3984
1093.7500
1093.7500
903.3203
297.8516
297.8516
297.8516
0.0000
0.0000
0.0000
0.0000
0.0000
0.0000
0.0000
0.0000
0.0000
0.0000
0.0000
0.0000
0.0000
0.0000
0.0000
0.0000
0.0000
0.0000
0.0000
0.0000
0.0000
0.0000
0.0000
0.0000
0.0000
0.0000
0.0000
0.0000
0.0000
0.0000
0.0000
0.0000
97.6562
97.6562
424.8047
424.8047
708.0078
834.9609
834.9609
991.2109
991.2109
1054.6875
1054.6875
1054.6875
1166.9922
1166.9922
1240.2344
1240.2344
1337.8906
1425.7812
1425.7812
1494.1406
1494.1406
1484.3750
1484.3750
1479.4922
1479.4922
1425.7812
1425.7812
1362.3047
1362.3047
1303.7109
1303.7109
1264.6484
1264.6484
1235.3516
1235.3516
1245.1172
1245.1172
1313.4766
1313.4766
1274.4141
1274.4141
908.2031
908.2031
185.5469
185.5469
0.0000
0.0000
0.0000
0.0000
0.0000
0.0000
0.0000
0.0000
0.0000
0.0000
0.0000
0.0000
0.0000
0.0000
0.0000
0.0000
0.0000
0.0000
0.0000
0.0000
0.0000
0.0000
0.0000
0.0000
0.0000
0.0000
0.0000
0.0000
0.0000
0.0000
0.0000
0.0000
0.0000
0.0000
229.4922
229.4922
483.3984
483.3984
708.0078
708.0078
903.3203
903.3203
1030.2734
1030.2734
1215.8203
1215.8203
1298.8281
1298.8281
1435.5469
1435.5469
1430.6641
1430.6641
1459.9609
1459.9609
1372.0703
1372.0703
1347.6562
1347.6562
1337.8906
1337.8906
1323.2422
1323.2422
1401.3672
1401.3672
1401.3672
1401.3672
1445.3125
1445.3125
1342.7734
1342.7734
1323.2422
1323.2422
1274.4141
1274.4141
1235.3516
1235.3516
849.6094
849.6094
234.3750
234.3750
0.0000
0.0000
0.0000
0.0000
0.0000
0.0000
0.0000
0.0000
0.0000
0.0000
0.0000
0.0000
0.0000
0.0000
0.0000
0.0000
0.0000
0.0000
0.0000
0.0000
0.0000
0.0000
0.0000
0.0000
0.0000
0.0000
0.0000
0.0000
0.0000
0.0000
0.0000
0.0000
92.7734
92.7734
493.1641
493.1641
761.7187
761.7187
1069.3359
1069.3359
1215.8203
1215.8203
1333.0078
1333.0078
1347.6562
1347.6562
1352.5391
1352.5391
1352.5391
1352.5391
1376.9531
1376.9531
1450.1953
1450.1953
1494.1406
1494.1406
1552.7344
1552.7344
1542.9687
1542.9687
1528.3203
1528.3203
1416.0156
1416.0156
1313.4766
1313.4766
1166.9922
1166.9922
1074.2187
1074.2187
1074.2187
1074.2187
1123.0469
1123.0469
913.0859
913.0859
356.4453
356.4453
0.0000
0.0000
0.0000
0.0000
0.0000
0.0000
0.0000
0.0000
0.0000
0.0000
0.0000
0.0000
0.0000
0.0000
0.0000
0.0000
0.0000
0.0000
0.0000
0.0000
0.0000
0.0000
0.0000
0.0000
0.0000
0.0000
0.0000
0.0000
0.0000
0.0000
0.0000
0.0000
0.0000
0.0000
224.6094
224.6094
512.6953
512.6953
761.7187
761.7187
883.7891
883.7891
1025.3906
1025.3906
1040.0391
1040.0391
1166.9922
1166.9922
1240.2344
1240.2344
1357.4219
1357.4219
1445.3125
1445.3125
1445.3125
1445.3125
1459.9609
1459.9609
1352.5391
1352.5391
1308.5937
1308.5937
1181.6406
1181.6406
1206.0547
1206.0547
1206.0547
1206.0547
1250.0000
1250.0000
1293.9453
1293.9453
1342.7734
1342.7734
1284.1797
1284.1797
761.7187
761.7187
58.5937
58.5937
0.0000
0.0000
0.0000
0.0000
0.0000
0.0000
0.0000
0.0000
0.0000
0.0000
0.0000
0.0000
0.0000
0.0000
0.0000
0.0000
0.0000
0.0000
0.0000
0.0000
0.0000
0.0000
0.0000
0.0000
0.0000
0.0000
0.0000
0.0000
0.0000
0.0000
0.0000
0.0000
209.9609
209.9609
439.4531
439.4531
693.3594
693.3594
903.3203
903.3203
1093.7500
1093.7500
1269.5312
1269.5312
1367.1875
1367.1875
1479.4922
1479.4922
1494.1406
1494.1406
1518.5547
1518.5547
1469.7266
1469.7266
1440.4297
1440.4297
1406.2500
1406.2500
1416.0156
1416.0156
1425.7812
1425.7812
1435.5469
1435.5469
1406.2500
1406.2500
1352.5391
1352.5391
1215.8203
1215.8203
1118.1641
1118.1641
1064.4531
1064.4531
849.6094
849.6094
375.9766
375.9766
0.0000
0.0000
0.0000
0.0000
0.0000
0.0000
0.0000
0.0000
0.0000
0.0000
0.0000
0.0000
0.0000
0.0000
0.0000
0.0000
0.0000
0.0000
0.0000
0.0000
0.0000
0.0000
0.0000
0.0000
0.0000
0.0000
0.0000
0.0000
0.0000
0.0000
0.0000
0.0000
0.0000
0.0000
24.4141
24.4141
419.9219
419.9219
708.0078
708.0078
1010.7422
1010.7422
1157.2266
1157.2266
1250.0000
1250.0000
1293.9453
1293.9453
1289.0625
1289.0625
1337.8906
1337.8906
1318.3594
1318.3594
1401.3672
1401.3672
1420.8984
1420.8984
1499.0234
1499.0234
1499.0234
1499.0234
