63.4766
63.4766
263.6719
263.6719
493.1641
493.1641
703.1250
703.1250
888.6719
888.6719
1035.1562
1035.1562
1157.2266
1157.2266
1215.8203
1215.8203
1254.8828
1254.8828
1206.0547
1206.0547
1152.3437
1152.3437
1088.8672
1088.8672
1088.8672
1088.8672
1113.2812
1113.2812
1142.5781
1142.5781
1201.1719
1201.1719
1157.2266
1157.2266
1152.3437
1152.3437
1069.3359
1069.3359
1113.2812
1113.2812
903.3203
903.3203
449.2187
449.2187
0.0000
0.0000
0.0000
0.0000
0.0000
0.0000
0.0000
0.0000
0.0000
0.0000
0.0000
0.0000
0.0000
0.0000
0.0000
0.0000
0.0000
0.0000
0.0000
0.0000
0.0000
0.0000
0.0000
0.0000
0.0000
0.0000
0.0000
0.0000
0.0000
0.0000
0.0000
0.0000
0.0000
0.0000
156.2500
156.2500
468.7500
468.7500
815.4297
815.4297
996.0937
996.0937
1181.6406
1181.6406
1220.7031
1220.7031
1274.4141
1274.4141
1230.4687
1230.4687
1250.0000
1250.0000
1318.3594
1318.3594
1342.7734
1342.7734
1445.3125
1445.3125
1445.3125
1445.3125
1469.7266
1469.7266
1333.0078
1333.0078
1245.1172
1245.1172
1079.1016
1079.1016
996.0937
996.0937
961.9141
961.9141
913.0859
913.0859
952.1484
952.1484
830.0781
830.0781
522.4609
522.4609
0.0000
0.0000
0.0000
0.0000
0.0000
0.0000
0.0000
0.0000
0.0000
0.0000
0.0000
0.0000
0.0000
0.0000
0.0000
0.0000
0.0000
0.0000
0.0000
0.0000
0.0000
0.0000
0.0000
0.0000
0.0000
0.0000
0.0000
0.0000
0.0000
0.0000
0.0000
0.0000
0.0000
0.0000
219.7266
219.7266
556.6406
556.6406
776.3672
776.3672
913.0859
913.0859
1010.7422
1010.7422
1083.9844
1083.9844
1147.4609
1147.4609
1269.5312
1269.5312
1367.1875
1367.1875
1445.3125
1445.3125
1489.2578
1489.2578
1469.7266
1469.7266
1430.6641
1430.6641
1313.4766
1313.4766
1250.0000
1250.0000
1157.2266
1157.2266
1196.2891
1196.2891
1201.1719
1201.1719
1240.2344
1240.2344
1225.5859
1225.5859
1181.6406
1181.6406
1093.7500
1093.7500
625.0000
625.0000
0.0000
0.0000
0.0000
0.0000
0.0000
0.0000
0.0000
0.0000
0.0000
0.0000
0.0000
0.0000
0.0000
0.0000
0.0000
0.0000
0.0000
0.0000
0.0000
0.0000
0.0000
0.0000
0.0000
0.0000
0.0000
0.0000
0.0000
0.0000
0.0000
0.0000
0.0000
0.0000
0.0000
0.0000
0.0000
0.0000
0.0000
0.0000
292.9687
292.9687
605.4687
605.4687
898.4375
898.4375
1157.2266
1157.2266
1284.1797
1284.1797
1411.1328
1411.1328
1352.5391
1352.5391
1303.7109
1303.7109
1210.9375
1210.9375
1196.2891
1196.2891
1230.4687
1230.4687
1318.3594
1318.3594
1416.0156
1416.0156
1430.6641
1430.6641
1455.0781
1455.0781
1362.3047
1362.3047
1298.8281
1298.8281
1186.5234
1186.5234
1118.1641
1118.1641
1098.6328
1098.6328
971.6797
971.6797
566.4062
566.4062
0.0000
0.0000
0.0000
0.0000
0.0000
0.0000
0.0000
0.0000
0.0000
0.0000
0.0000
0.0000
0.0000
0.0000
0.0000
0.0000
0.0000
0.0000
0.0000
0.0000
0.0000
0.0000
0.0000
0.0000
0.0000
0.0000
0.0000
0.0000
0.0000
0.0000
0.0000
0.0000
0.0000
0.0000
43.9453
43.9453
449.2187
449.2187
766.6016
766.6016
981.4453
981.4453
1093.7500
1093.7500
1176.7578
1176.7578
1240.2344
1240.2344
1337.8906
1337.8906
1425.7812
1425.7812
1572.2656
1572.2656
1611.3281
1611.3281
1665.0391
1665.0391
1625.9766
1625.9766
1572.2656
1572.2656
1474.6094
1474.6094
1386.7187
1386.7187
1352.5391
1352.5391
1259.7656
1259.7656
1318.3594
1318.3594
1352.5391
1352.5391
1416.0156
1416.0156
1152.3437
1152.3437
581.0547
581.0547
0.0000
0.0000
0.0000
0.0000
0.0000
0.0000
0.0000
0.0000
0.0000
0.0000
0.0000
0.0000
0.0000
0.0000
0.0000
0.0000
0.0000
0.0000
0.0000
0.0000
0.0000
0.0000
0.0000
0.0000
0.0000
0.0000
0.0000
0.0000
0.0000
0.0000
0.0000
0.0000
234.3750
234.3750
517.5781
517.5781
703.1250
703.1250
893.5547
893.5547
937.5000
937.5000
1083.9844
1083.9844
1152.3437
1152.3437
1333.0078
1333.0078
1450.1953
1450.1953
1523.4375
1523.4375
1547.8516
1547.8516
1445.3125
1445.3125
1406.2500
1406.2500
1293.9453
1293.9453
1342.7734
1342.7734
1352.5391
1352.5391
1445.3125
1445.3125
1435.5469
1435.5469
1416.0156
1416.0156
1323.2422
1323.2422
1127.9297
1127.9297
1044.9219
1044.9219
756.8359
756.8359
307.6172
307.6172
0.0000
0.0000
0.0000
0.0000
0.0000
0.0000
0.0000
0.0000
0.0000
0.0000
0.0000
0.0000
0.0000
0.0000
0.0000
0.0000
0.0000
0.0000
0.0000
0.0000
0.0000
0.0000
0.0000
0.0000
0.0000
0.0000
0.0000
0.0000
0.0000
0.0000
0.0000
0.0000
0.0000
0.0000
0.0000
0.0000
239.2578
239.2578
625.0000
625.0000
922.8516
922.8516
1103.5156
1103.5156
1225.5859
1225.5859
1245.1172
1245.1172
1293.9453
1293.9453
1347.6562
1347.6562
1440.4297
1440.4297
1538.0859
1538.0859
1606.4453
1606.4453
1679.6875
1679.6875
1635.7422
1635.7422
1606.4453
1606.4453
1469.7266
1372.0703
1372.0703
1372.0703
1269.5312
1269.5312
1250.0000
1250.0000
1289.0625
1289.0625
1381.8359
1381.8359
1357.4219
1357.4219
854.4922
854.4922
92.7734
92.7734
0.0000
0.0000
0.0000
0.0000
0.0000
0.0000
0.0000
0.0000
0.0000
0.0000
0.0000
0.0000
0.0000
0.0000
0.0000
0.0000
0.0000
0.0000
0.0000
0.0000
0.0000
0.0000
0.0000
0.0000
0.0000
0.0000
0.0000
0.0000
0.0000
0.0000
0.0000
0.0000
0.0000
0.0000
297.8516
615.2344
615.2344
820.3125
820.3125
996.0937
996.0937
1142.5781
1142.5781
1210.9375
1210.9375
1391.6016
1391.6016
1469.7266
1469.7266
1601.5625
1601.5625
1591.7969
1591.7969
1601.5625
1601.5625
1489.2578
1489.2578
1425.7812
1425.7812
1406.2500
1406.2500
1357.4219
1357.4219
1435.5469
1435.5469
1445.3125
1445.3125
1513.6719
1513.6719
1420.8984
1420.8984
1416.0156
1416.0156
1279.2969
1279.2969
927.7344
927.7344
278.3203
278.3203
0.0000
0.0000
0.0000
0.0000
0.0000
0.0000
0.0000
0.0000
0.0000
0.0000
0.0000
0.0000
0.0000
0.0000
0.0000
0.0000
0.0000
0.0000
0.0000
0.0000
0.0000
0.0000
0.0000
0.0000
0.0000
0.0000
0.0000
0.0000
0.0000
0.0000
0.0000
0.0000
0.0000
0.0000
0.0000
0.0000
312.5000
312.5000
634.7656
634.7656
991.2109
991.2109
1220.7031
1220.7031
1372.0703
1372.0703
1450.1953
1450.1953
1479.4922
1479.4922
1503.9062
1503.9062
1528.3203
1528.3203
1582.0312
1582.0312
1640.6250
1640.6250
1694.3359
1694.3359
1723.6328
1723.6328
1713.8672
1713.8672
1635.7422
1635.7422
1508.7891
1508.7891
1342.7734
1342.7734
1274.4141
1274.4141
1337.8906
1337.8906
1425.7812
1425.7812
1196.2891
1196.2891
610.3516
610.3516
0.0000
0.0000
0.0000
0.0000
0.0000
0.0000
0.0000
0.0000
0.0000
0.0000
0.0000
0.0000
0.0000
0.0000
0.0000
0.0000
0.0000
0.0000
0.0000
0.0000
0.0000
0.0000
0.0000
0.0000
0.0000
0.0000
0.0000
0.0000
0.0000
0.0000
0.0000
0.0000
200.1953
200.1953
551.7578
551.7578
854.4922
854.4922
1069.3359
1069.3359
1176.7578
1176.7578
1245.1172
1245.1172
1245.1172
1245.1172
1333.0078
1333.0078
1391.6016
1391.6016
1503.9062
1503.9062
1577.1484
1577.1484
1621.0937
1621.0937
1645.5078
1645.5078
1562.5000
1562.5000
1508.7891
1508.7891
1367.1875
1367.1875
1347.6562
1347.6562
1293.9453
1293.9453
1352.5391
1352.5391
1328.1250
1328.1250
1328.1250
1328.1250
1298.8281
1298.8281
937.5000
937.5000
336.9141
336.9141
0.0000
0.0000
0.0000
0.0000
0.0000
0.0000
0.0000
0.0000
0.0000
0.0000
0.0000
0.0000
0.0000
0.0000
0.0000
0.0000
0.0000
0.0000
0.0000
0.0000
0.0000
0.0000
0.0000
0.0000
0.0000
0.0000
0.0000
0.0000
0.0000
0.0000
0.0000
0.0000
24.4141
24.4141
224.6094
224.6094
498.0469
498.0469
703.1250
703.1250
917.9687
917.9687
1127.9297
1127.9297
1250.0000
1250.0000
1425.7812
1425.7812
1469.7266
1469.7266
1528.3203
1528.3203
1474.6094
1474.6094
1469.7266
1469.7266
1416.0156
1416.0156
1425.7812
1425.7812
1455.0781
1455.0781
1459.9609
1459.9609
1464.8437
1464.8437
1416.0156
1416.0156
1357.4219
1357.4219
1240.2344
1240.2344
1215.8203
1215.8203
1250.0000
1250.0000
1171.8750
1171.8750
688.4766
688.4766
39.0625
39.0625
0.0000
0.0000
0.0000
0.0000
0.0000
0.0000
0.0000
0.0000
0.0000
0.0000
0.0000
0.0000
0.0000
0.0000
0.0000
0.0000
0.0000
0.0000
0.0000
0.0000
0.0000
0.0000
0.0000
0.0000
0.0000
0.0000
0.0000
0.0000
0.0000
0.0000
0.0000
0.0000
24.4141
24.4141
400.3906
400.3906
742.1875
742.1875
976.5625
976.5625
1118.1641
1118.1641
1162.1094
1162.1094
1186.5234
1186.5234
1210.9375
1210.9375
1206.0547
1206.0547
1333.0078
1333.0078
1357.4219
1357.4219
1464.8437
1464.8437
1469.7266
1469.7266
1474.6094
1474.6094
1381.8359
1381.8359
1274.4141
1274.4141
1220.7031
1220.7031
1098.6328
1098.6328
1118.1641
1118.1641
1044.9219
1044.9219
1123.0469
1123.0469
913.0859
913.0859
463.8672
463.8672
0.0000
0.0000
0.0000
0.0000
0.0000
0.0000
0.0000
0.0000
0.0000
0.0000
0.0000
0.0000
0.0000
0.0000
0.0000
0.0000
0.0000
0.0000
0.0000
0.0000
0.0000
0.0000
0.0000
0.0000
0.0000
0.0000
0.0000
0.0000
0.0000
0.0000
0.0000
0.0000
24.4141
24.4141
415.0391
415.0391
668.9453
668.9453
927.7344
927.7344
1000.9766
1000.9766
1157.2266
1157.2266
1196.2891
1196.2891
1367.1875
1367.1875
1474.6094
1474.6094
1567.3828
1567.3828
1611.3281
1611.3281
1538.0859
1538.0859
1499.0234
1499.0234
1381.8359
1381.8359
1362.3047
1362.3047
1328.1250
1328.1250
1362.3047
1362.3047
1386.7187
1386.7187
1440.4297
1440.4297
1494.1406
1494.1406
1503.9062
1503.9062
1254.8828
1254.8828
556.6406
556.6406
0.0000
0.0000
0.0000
0.0000
0.0000
0.0000
0.0000
0.0000
0.0000
0.0000
0.0000
0.0000
0.0000
0.0000
0.0000
0.0000
0.0000
0.0000
0.0000
0.0000
0.0000
0.0000
0.0000
0.0000
0.0000
0.0000
0.0000
0.0000
0.0000
0.0000
0.0000
0.0000
0.0000
0.0000
0.0000
0.0000
283.2031
283.2031
561.5234
561.5234
849.6094
849.6094
1103.5156
1103.5156
1274.4141
1274.4141
1430.6641
1430.6641
1474.6094
1474.6094
1538.0859
1538.0859
1489.2578
1489.2578
1459.9609
1459.9609
1425.7812
1425.7812
1420.8984
1420.8984
1455.0781
1455.0781
1445.3125
1445.3125
1489.2578
1489.2578
1401.3672
1401.3672
1347.6562
1347.6562
1186.5234
1186.5234
1166.9922
1166.9922
1118.1641
1118.1641
844.7266
844.7266
356.4453
356.4453
0.0000
0.0000
0.0000
0.0000
0.0000
0.0000
0.0000
0.0000
0.0000
0.0000
0.0000
0.0000
0.0000
0.0000
0.0000
0.0000
0.0000
0.0000
0.0000
0.0000
0.0000
0.0000
0.0000
0.0000
0.0000
0.0000
0.0000
0.0000
0.0000
0.0000
0.0000
0.0000
205.0781
205.0781
522.4609
522.4609
937.5000
937.5000
1152.3437
1152.3437
1362.3047
1362.3047
1416.0156
1416.0156
1425.7812
1425.7812
1406.2500
1406.2500
1357.4219
1357.4219
1440.4297
1440.4297
1484.3750
1484.3750
1625.9766
1625.9766
1655.2734
1655.2734
1718.7500
1718.7500
1660.1562
1660.1562
1557.6172
1557.6172
1406.2500
1406.2500
1235.3516
1235.3516
1201.1719
1201.1719
1245.1172
1245.1172
1328.1250
1328.1250
1040.0391
1040.0391
424.8047
424.8047
0.0000
0.0000
0.0000
0.0000
0.0000
0.0000
0.0000
0.0000
0.0000
0.0000
0.0000
0.0000
0.0000
0.0000
0.0000
0.0000
0.0000
0.0000
0.0000
0.0000
0.0000
0.0000
0.0000
0.0000
0.0000
0.0000
0.0000
0.0000
0.0000
0.0000
0.0000
0.0000
0.0000
0.0000
229.4922
229.4922
527.3437
527.3437
751.9531
751.9531
864.2578
864.2578
957.0312
957.0312
1049.8047
1049.8047
1191.4062
1191.4062
1342.7734
1342.7734
1464.8437
1464.8437
1523.4375
1523.4375
1528.3203
1528.3203
1435.5469
1435.5469
1386.7187
1386.7187
1279.2969
1279.2969
1269.5312
1269.5312
1259.7656
1259.7656
1347.6562
1347.6562
1367.1875
1367.1875
1352.5391
1352.5391
1313.4766
1313.4766
1166.9922
1166.9922
800.7812
800.7812
117.1875
117.1875
0.0000
0.0000
0.0000
0.0000
0.0000
0.0000
0.0000
0.0000
0.0000
0.0000
0.0000
0.0000
0.0000
0.0000
0.0000
0.0000
0.0000
0.0000
0.0000
0.0000
0.0000
0.0000
0.0000
0.0000
0.0000
0.0000
0.0000
0.0000
0.0000
0.0000
0.0000
0.0000
0.0000
0.0000
273.4375
273.4375
532.2266
532.2266
810.5469
810.5469
1103.5156
1103.5156
1293.9453
1293.9453
1499.0234
1499.0234
1552.7344
1552.7344
1660.1562
1660.1562
1635.7422
1635.7422
1665.0391
1665.0391
1621.0937
1621.0937
1616.2109
1616.2109
1586.9141
1586.9141
1552.7344
1552.7344
1562.5000
1562.5000
1455.0781
1455.0781
1420.8984
1420.8984
1323.2422
1323.2422
1386.7187
1386.7187
1362.3047
1362.3047
1113.2812
1113.2812
478.5156
478.5156
0.0000
0.0000
0.0000
0.0000
0.0000
0.0000
0.0000
0.0000
0.0000
0.0000
0.0000
0.0000
0.0000
0.0000
0.0000
0.0000
0.0000
0.0000
0.0000
0.0000
0.0000
0.0000
0.0000
0.0000
0.0000
0.0000
0.0000
0.0000
0.0000
0.0000
0.0000
0.0000
0.0000
0.0000
9.7656
9.7656
449.2187
449.2187
742.1875
742.1875
1044.9219
1044.9219
1152.3437
1152.3437
1230.4687
1230.4687
1230.4687
1230.4687
1254.8828
1254.8828
1342.7734
1342.7734
1420.8984
1420.8984
1528.3203
1528.3203
1596.6797
1596.6797
1640.6250
1640.6250
1625.9766
1625.9766
1567.3828
1567.3828
1464.8437
1464.8437
1352.5391
1352.5391
1289.0625
1289.0625
1279.2969
1279.2969
1323.2422
1323.2422
1420.8984
1420.8984
1293.9453
1293.9453
791.0156
791.0156
97.6562
97.6562
0.0000
0.0000
0.0000
0.0000
0.0000
0.0000
0.0000
0.0000
0.0000
0.0000
0.0000
0.0000
0.0000
0.0000
0.0000
0.0000
0.0000
0.0000
0.0000
0.0000
0.0000
0.0000
0.0000
0.0000
0.0000
0.0000
0.0000
0.0000
0.0000
0.0000
19.5312
19.5312
375.9766
375.9766
664.0625
664.0625
908.2031
908.2031
1069.3359
1069.3359
1230.4687
1230.4687
1328.1250
1328.1250
1484.3750
1484.3750
1572.2656
1572.2656
1630.8594
1630.8594
1621.0937
1621.0937
1557.6172
1557.6172
1518.5547
1518.5547
1430.6641
1430.6641
1459.9609
1459.9609
1430.6641
1430.6641
1469.7266
1469.7266
1416.0156
1396.4844
1396.4844
1396.4844
1372.0703
1372.0703
1376.9531
1376.9531
1201.1719
1201.1719
551.7578
551.7578
0.0000
0.0000
0.0000
0.0000
0.0000
0.0000
0.0000
0.0000
0.0000
0.0000
0.0000
0.0000
0.0000
0.0000
0.0000
0.0000
0.0000
0.0000
0.0000
0.0000
0.0000
0.0000
0.0000
0.0000
0.0000
0.0000
0.0000
0.0000
0.0000
0.0000
0.0000
0.0000
0.0000
0.0000
0.0000
0.0000
0.0000
0.0000
83.0078
83.0078
390.6250
678.7109
678.7109
957.0312
957.0312
1123.0469
1123.0469
1298.8281
1298.8281
1337.8906
1337.8906
1396.4844
1396.4844
1367.1875
1367.1875
1396.4844
1396.4844
1440.4297
1440.4297
1513.6719
1513.6719
1601.5625
1601.5625
1650.3906
1650.3906
1645.5078
1645.5078
1528.3203
1528.3203
1416.0156
1416.0156
1298.8281
1298.8281
1342.7734
1342.7734
1313.4766
1313.4766
1015.6250
1015.6250
454.1016
454.1016
0.0000
0.0000
0.0000
0.0000
0.0000
0.0000
0.0000
0.0000
0.0000
0.0000
0.0000
0.0000
0.0000
0.0000
0.0000
0.0000
0.0000
0.0000
0.0000
0.0000
0.0000
0.0000
0.0000
0.0000
0.0000
0.0000
0.0000
0.0000
0.0000
0.0000
0.0000
0.0000
78.1250
78.1250
488.2812
488.2812
883.7891
883.7891
1123.0469
1123.0469
1245.1172
1245.1172
1254.8828
1254.8828
1254.8828
1254.8828
1269.5312
1269.5312
1381.8359
1381.8359
1533.2031
1533.2031
1674.8047
1674.8047
1752.9297
1752.9297
1791.9922
1791.9922
1723.6328
1723.6328
1640.6250
1640.6250
1494.1406
1494.1406
1386.7187
1386.7187
1318.3594
1318.3594
1357.4219
1357.4219
1518.5547
1518.5547
1552.7344
1552.7344
1318.3594
1318.3594
620.1172
620.1172
0.0000
0.0000
0.0000
0.0000
0.0000
0.0000
0.0000
0.0000
0.0000
0.0000
0.0000
0.0000
0.0000
0.0000
0.0000
0.0000
0.0000
0.0000
0.0000
0.0000
0.0000
0.0000
0.0000
0.0000
0.0000
0.0000
0.0000
0.0000
0.0000
0.0000
0.0000
0.0000
0.0000
0.0000
166.0156
166.0156
415.0391
415.0391
615.2344
615.2344
825.1953
825.1953
942.3828
942.3828
1147.4609
1147.4609
1225.5859
1225.5859
1411.1328
1411.1328
1484.3750
1484.3750
1577.1484
1577.1484
1567.3828
1567.3828
1508.7891
1508.7891
1484.3750
1484.3750
1396.4844
1396.4844
1459.9609
1459.9609
1416.0156
1416.0156
1484.3750
1484.3750
1435.5469
1435.5469
1440.4297
1440.4297
1396.4844
1396.4844
1240.2344
1240.2344
786.1328
786.1328
117.1875
117.1875
0.0000
0.0000
0.0000
0.0000
0.0000
0.0000
0.0000
0.0000
0.0000
0.0000
0.0000
0.0000
0.0000
0.0000
0.0000
0.0000
0.0000
0.0000
0.0000
0.0000
0.0000
0.0000
0.0000
0.0000
0.0000
0.0000
0.0000
0.0000
0.0000
0.0000
0.0000
0.0000
83.0078
83.0078
361.3281
361.3281
566.4062
566.4062
913.0859
913.0859
1186.5234
1186.5234
1416.0156
1416.0156
1538.0859
1538.0859
1577.1484
1577.1484
1577.1484
1577.1484
1494.1406
1494.1406
1474.6094
1474.6094
1464.8437
1464.8437
1533.2031
1533.2031
1586.9141
1586.9141
1640.6250
1640.6250
1616.2109
1616.2109
1508.7891
1508.7891
1323.2422
1323.2422
1196.2891
1196.2891
1196.2891
1196.2891
1147.4609
1147.4609
834.9609
834.9609
278.3203
278.3203
0.0000
0.0000
0.0000
0.0000
0.0000
0.0000
0.0000
0.0000
0.0000
0.0000
0.0000
0.0000
0.0000
0.0000
0.0000
0.0000
0.0000
0.0000
0.0000
0.0000
0.0000
0.0000
0.0000
0.0000
0.0000
0.0000
0.0000
0.0000
0.0000
0.0000
0.0000
0.0000
0.0000
0.0000
170.8984
170.8984
522.4609
522.4609
810.5469
810.5469
991.2109
991.2109
1103.5156
1103.5156
1127.9297
1127.9297
1210.9375
1210.9375
1274.4141
1274.4141
1362.3047
1362.3047
1469.7266
1469.7266
1494.1406
1494.1406
1557.6172
1557.6172
1508.7891
1508.7891
1484.3750
1484.3750
1337.8906
1337.8906
1284.1797
1284.1797
1186.5234
1186.5234
1157.2266
1157.2266
1196.2891
1196.2891
1235.3516
1235.3516
1250.0000
1250.0000
825.1953
825.1953
195.3125
195.3125
0.0000
0.0000
0.0000
0.0000
0.0000
0.0000
0.0000
0.0000
0.0000
0.0000
0.0000
0.0000
0.0000
0.0000
0.0000
0.0000
0.0000
0.0000
0.0000
0.0000
0.0000
0.0000
0.0000
0.0000
0.0000
0.0000
0.0000
0.0000
0.0000
0.0000
0.0000
0.0000
0.0000
0.0000
273.4375
273.4375
541.9922
541.9922
742.1875
742.1875
883.7891
883.7891
1049.8047
1049.8047
1152.3437
1152.3437
1337.8906
1337.8906
1401.3672
1401.3672
1494.1406
1494.1406
1474.6094
1474.6094
1440.4297
1440.4297
1372.0703
1372.0703
1308.5937
1308.5937
1318.3594
1318.3594
1328.1250
1328.1250
1357.4219
1357.4219
1362.3047
1362.3047
1406.2500
1406.2500
1435.5469
1435.5469
1391.6016
1391.6016
1059.5703
1059.5703
463.8672
463.8672
0.0000
0.0000
0.0000
0.0000
0.0000
0.0000
0.0000
0.0000
0.0000
0.0000
0.0000
0.0000
0.0000
0.0000
0.0000
0.0000
0.0000
0.0000
0.0000
0.0000
0.0000
0.0000
0.0000
0.0000
0.0000
0.0000
0.0000
0.0000
0.0000
0.0000
0.0000
0.0000
0.0000
0.0000
0.0000
0.0000
126.9531
126.9531
483.3984
483.3984
839.8437
839.8437
1098.6328
1098.6328
1264.6484
1264.6484
1342.7734
1342.7734
1303.7109
1303.7109
1333.0078
1333.0078
1289.0625
1289.0625
1357.4219
1357.4219
1342.7734
1342.7734
1445.3125
1445.3125
1459.9609
1459.9609
1474.6094
1474.6094
1459.9609
1459.9609
1362.3047
1362.3047
1293.9453
1293.9453
1147.4609
1147.4609
1206.0547
1206.0547
1171.8750
1171.8750
1025.3906
1025.3906
522.4609
522.4609
0.0000
0.0000
0.0000
0.0000
0.0000
0.0000
0.0000
0.0000
0.0000
0.0000
0.0000
0.0000
0.0000
0.0000
0.0000
0.0000
0.0000
0.0000
0.0000
0.0000
0.0000
0.0000
0.0000
0.0000
0.0000
0.0000
0.0000
0.0000
0.0000
0.0000
0.0000
0.0000
68.3594
68.3594
449.2187
449.2187
820.3125
820.3125
1015.6250
1015.6250
1220.7031
1220.7031
1230.4687
1230.4687
1303.7109
1303.7109
1279.2969
1279.2969
1333.0078
1333.0078
1416.0156
1416.0156
1489.2578
1489.2578
1582.0312
1582.0312
1577.1484
1577.1484
1572.2656
1572.2656
1440.4297
1440.4297
1352.5391
1352.5391
1230.4687
1230.4687
1191.4062
1191.4062
1191.4062
1191.4062
1245.1172
1245.1172
1333.0078
1333.0078
1254.8828
1254.8828
834.9609
834.9609
34.1797
34.1797
0.0000
0.0000
0.0000
0.0000
0.0000
0.0000
0.0000
0.0000
0.0000
0.0000
0.0000
0.0000
0.0000
0.0000
0.0000
0.0000
0.0000
0.0000
0.0000
0.0000
0.0000
0.0000
0.0000
0.0000
0.0000
0.0000
0.0000
0.0000
0.0000
0.0000
0.0000
0.0000
97.6562
97.6562
366.2109
366.2109
566.4062
566.4062
727.5391
727.5391
874.0234
874.0234
1035.1562
1035.1562
1166.9922
1166.9922
1328.1250
1328.1250
1391.6016
1391.6016
1440.4297
1440.4297
1411.1328
1411.1328
1357.4219
1357.4219
1313.4766
1313.4766
1235.3516
1235.3516
1289.0625
1289.0625
1279.2969
1279.2969
1357.4219
1357.4219
1328.1250
1328.1250
1337.8906
1337.8906
1250.0000
1250.0000
1171.8750
1171.8750
957.0312
957.0312
375.9766
375.9766
0.0000
0.0000
0.0000
0.0000
0.0000
0.0000
0.0000
0.0000
0.0000
0.0000
0.0000
0.0000
0.0000
0.0000
0.0000
0.0000
0.0000
0.0000
0.0000
0.0000
0.0000
0.0000
0.0000
0.0000
0.0000
0.0000
0.0000
0.0000
0.0000
0.0000
0.0000
0.0000
0.0000
0.0000
0.0000
0.0000
0.0000
0.0000
395.5078
395.5078
698.2422
698.2422
976.5625
976.5625
1176.7578
1176.7578
1235.3516
1235.3516
1323.2422
1323.2422
1313.4766
1313.4766
1372.0703
1372.0703
1376.9531
1376.9531
1479.4922
1479.4922
1542.9687
1542.9687
1591.7969
1591.7969
1596.6797
1596.6797
1542.9687
1542.9687
1420.8984
1420.8984
1269.5312
1269.5312
1220.7031
1220.7031
1240.2344
1240.2344
1337.8906
1337.8906
1196.2891
1196.2891
688.4766
688.4766
0.0000
0.0000
0.0000
0.0000
0.0000
0.0000
0.0000
0.0000
0.0000
0.0000
0.0000
0.0000
0.0000
0.0000
0.0000
0.0000
0.0000
0.0000
0.0000
0.0000
0.0000
0.0000
0.0000
0.0000
0.0000
0.0000
0.0000
0.0000
0.0000
0.0000
0.0000
0.0000
0.0000
0.0000
361.3281
361.3281
688.4766
688.4766
947.2656
947.2656
1069.3359
1069.3359
1142.5781
1142.5781
1171.8750
1171.8750
1240.2344
1240.2344
1333.0078
1333.0078
1440.4297
1440.4297
1533.2031
1533.2031
1582.0312
1582.0312
1572.2656
1572.2656
1538.0859
1538.0859
1440.4297
1440.4297
1411.1328
1411.1328
1367.1875
1367.1875
1386.7187
1386.7187
1445.3125
1445.3125
1494.1406
1494.1406
1577.1484
1577.1484
1547.8516
1547.8516
1269.5312
1269.5312
600.5859
600.5859
0.0000
0.0000
0.0000
0.0000
0.0000
0.0000
0.0000
0.0000
0.0000
0.0000
0.0000
0.0000
0.0000
0.0000
0.0000
0.0000
0.0000
0.0000
0.0000
0.0000
0.0000
0.0000
0.0000
0.0000
0.0000
0.0000
0.0000
0.0000
0.0000
0.0000
0.0000
0.0000
146.4844
146.4844
419.9219
419.9219
644.5312
644.5312
859.3750
859.3750
1074.2187
1074.2187
1201.1719
1201.1719
1386.7187
1386.7187
1455.0781
1455.0781
1552.7344
1552.7344
1523.4375
1523.4375
1523.4375
1440.4297
1440.4297
1440.4297
1381.8359
1381.8359
1372.0703
1372.0703
1333.0078
1333.0078
1386.7187
1386.7187
1333.0078
1333.0078
1342.7734
1342.7734
1220.7031
1220.7031
1235.3516
1235.3516
1206.0547
1206.0547
966.7969
966.7969
385.7422
385.7422
0.0000
0.0000
0.0000
0.0000
0.0000
0.0000
0.0000
0.0000
0.0000
0.0000
0.0000
0.0000
0.0000
0.0000
0.0000
0.0000
0.0000
0.0000
0.0000
0.0000
0.0000
0.0000
0.0000
0.0000
0.0000
0.0000
0.0000
0.0000
0.0000
0.0000
0.0000
0.0000
0.0000
0.0000
0.0000
366.2109
366.2109
649.4141
649.4141
961.9141
961.9141
1103.5156
1103.5156
1206.0547
1206.0547
1240.2344
1240.2344
1215.8203
1215.8203
1220.7031
1220.7031
1254.8828
1254.8828
1303.7109
1303.7109
1401.3672
1401.3672
1489.2578
1489.2578
1547.8516
1547.8516
1542.9687
1542.9687
1469.7266
1469.7266
1342.7734
1342.7734
1171.8750
1171.8750
1064.4531
1064.4531
986.3281
986.3281
1083.9844
1083.9844
1015.6250
1015.6250
634.7656
634.7656
34.1797
34.1797
0.0000
0.0000
0.0000
0.0000
0.0000
0.0000
0.0000
0.0000
0.0000
0.0000
0.0000
0.0000
0.0000
0.0000
0.0000
0.0000
0.0000
0.0000
0.0000
0.0000
0.0000
0.0000
0.0000
0.0000
0.0000
0.0000
0.0000
0.0000
0.0000
0.0000
0.0000
0.0000
268.5547
268.5547
561.5234
561.5234
869.1406
869.1406
966.7969
966.7969
1118.1641
1118.1641
1147.4609
1147.4609
1254.8828
1254.8828
1337.8906
1337.8906
1459.9609
1459.9609
1528.3203
1528.3203
1528.3203
1528.3203
1552.7344
1552.7344
1430.6641
1430.6641
1396.4844
1396.4844
1274.4141
1274.4141
1274.4141
1274.4141
1230.4687
1230.4687
1220.7031
1220.7031
1264.6484
1264.6484
1289.0625
1289.0625
1298.8281
1298.8281
883.7891
883.7891
239.2578
239.2578
0.0000
0.0000
0.0000
0.0000
0.0000
0.0000
0.0000
0.0000
0.0000
0.0000
0.0000
0.0000
0.0000
0.0000
0.0000
0.0000
0.0000
0.0000
0.0000
0.0000
0.0000
0.0000
0.0000
0.0000
0.0000
0.0000
0.0000
0.0000
0.0000
0.0000
0.0000
0.0000
0.0000
0.0000
180.6641
180.6641
410.1562
410.1562
664.0625
664.0625
883.7891
883.7891
1108.3984
1108.3984
1264.6484
1264.6484
1401.3672
1401.3672
1469.7266
1469.7266
1523.4375
1523.4375
1494.1406
1494.1406
1459.9609
1459.9609
1406.2500
1406.2500
1352.5391
1352.5391
1308.5937
1308.5937
1333.0078
1333.0078
1333.0078
1333.0078
1367.1875
1367.1875
1328.1250
1328.1250
1230.4687
1230.4687
1137.6953
1137.6953
1088.8672
1088.8672
839.8437
839.8437
302.7344
302.7344
0.0000
0.0000
0.0000
0.0000
0.0000
0.0000
0.0000
0.0000
0.0000
0.0000
0.0000
0.0000
0.0000
0.0000
0.0000
0.0000
0.0000
0.0000
0.0000
0.0000
0.0000
0.0000
0.0000
0.0000
0.0000
0.0000
0.0000
0.0000
0.0000
0.0000
0.0000
0.0000
0.0000
0.0000
283.2031
283.2031
629.8828
629.8828
947.2656
947.2656
1123.0469
1123.0469
1215.8203
1215.8203
1235.3516
1235.3516
1191.4062
1191.4062
1303.7109
1303.7109
1303.7109
1303.7109
1435.5469
1435.5469
1479.4922
1479.4922
1567.3828
1567.3828
1562.5000
1562.5000
1518.5547
1518.5547
1440.4297
1440.4297
1264.6484
1264.6484
1230.4687
1230.4687
1157.2266
1157.2266
1206.0547
1206.0547
1235.3516
1235.3516
1303.7109
1303.7109
1040.0391
1040.0391
410.1562
410.1562
0.0000
0.0000
0.0000
0.0000
0.0000
0.0000
0.0000
0.0000
0.0000
0.0000
0.0000
0.0000
0.0000
0.0000
0.0000
0.0000
0.0000
0.0000
0.0000
0.0000
0.0000
0.0000
0.0000
0.0000
0.0000
0.0000
0.0000
0.0000
0.0000
0.0000
0.0000
0.0000
0.0000
0.0000
400.3906
400.3906
629.8828
629.8828
878.9062
878.9062
1005.8594
1005.8594
1152.3437
1152.3437
1240.2344
1240.2344
1337.8906
1337.8906
1386.7187
1386.7187
1416.0156
1416.0156
1411.1328
1411.1328
1386.7187
1386.7187
1357.4219
1357.4219
1347.6562
1347.6562
1333.0078
1333.0078
1342.7734
1342.7734
1367.1875
1367.1875
1386.7187
1386.7187
1386.7187
1386.7187
1313.4766
1313.4766
1206.0547
1206.0547
1035.1562
1035.1562
708.0078
708.0078
126.9531
126.9531
0.0000
0.0000
0.0000
0.0000
0.0000
0.0000
0.0000
0.0000
0.0000
0.0000
0.0000
0.0000
0.0000
0.0000
0.0000
0.0000
0.0000
0.0000
0.0000
0.0000
0.0000
0.0000
0.0000
0.0000
0.0000
0.0000
0.0000
0.0000
0.0000
0.0000
0.0000
0.0000
0.0000
0.0000
0.0000
0.0000
351.5625
351.5625
649.4141
649.4141
1000.9766
1000.9766
1166.9922
1166.9922
1337.8906
1337.8906
1352.5391
1352.5391
1401.3672
1401.3672
1367.1875
1367.1875
1376.9531
1376.9531
1430.6641
1430.6641
1435.5469
1435.5469
1562.5000
1562.5000
1567.3828
1567.3828
1601.5625
1601.5625
1494.1406
1494.1406
1406.2500
1406.2500
1240.2344
1240.2344
1162.1094
1162.1094
1250.0000
1250.0000
1171.8750
1171.8750
810.5469
810.5469
112.3047
112.3047
0.0000
0.0000
0.0000
0.0000
0.0000
0.0000
0.0000
0.0000
0.0000
0.0000
0.0000
0.0000
0.0000
0.0000
0.0000
0.0000
0.0000
0.0000
0.0000
0.0000
0.0000
0.0000
0.0000
0.0000
0.0000
0.0000
0.0000
0.0000
0.0000
0.0000
0.0000
0.0000
249.0234
249.0234
644.5312
644.5312
874.0234
874.0234
1020.5078
1020.5078
1079.1016
1079.1016
1093.7500
1093.7500
1171.8750
1171.8750
1250.0000
1250.0000
1396.4844
1396.4844
1474.6094
1474.6094
1572.2656
1572.2656
1577.1484
1577.1484
1562.5000
1562.5000
1499.0234
1499.0234
1406.2500
1406.2500
1308.5937
1308.5937
1240.2344
1240.2344
1215.8203
1215.8203
1196.2891
1196.2891
1220.7031
1220.7031
1220.7031
1220.7031
932.6172
932.6172
366.2109
366.2109
0.0000
0.0000
0.0000
0.0000
0.0000
0.0000
0.0000
0.0000
0.0000
0.0000
0.0000
0.0000
0.0000
