439.4531
439.4531
0.0000
0.0000
0.0000
0.0000
0.0000
0.0000
0.0000
0.0000
0.0000
0.0000
0.0000
0.0000
0.0000
0.0000
0.0000
0.0000
0.0000
0.0000
0.0000
0.0000
0.0000
0.0000
0.0000
0.0000
0.0000
0.0000
0.0000
0.0000
0.0000
0.0000
288.0859
288.0859
551.7578
551.7578
717.7734
717.7734
795.8984
795.8984
815.4297
815.4297
791.0156
791.0156
722.6562
722.6562
659.1797
659.1797
595.7031
595.7031
566.4062
566.4062
585.9375
585.9375
615.2344
615.2344
678.7109
678.7109
703.1250
703.1250
732.4219
732.4219
751.9531
751.9531
737.3047
737.3047
708.0078
708.0078
673.8281
673.8281
610.3516
610.3516
351.5625
351.5625
0.0000
0.0000
0.0000
0.0000
0.0000
0.0000
0.0000
0.0000
0.0000
0.0000
0.0000
0.0000
0.0000
0.0000
0.0000
0.0000
0.0000
0.0000
0.0000
0.0000
0.0000
0.0000
0.0000
0.0000
0.0000
0.0000
0.0000
0.0000
146.4844
146.4844
434.5703
434.5703
664.0625
664.0625
786.1328
786.1328
834.9609
834.9609
830.0781
830.0781
776.3672
776.3672
727.5391
727.5391
668.9453
668.9453
634.7656
634.7656
620.1172
620.1172
620.1172
649.4141
649.4141
683.5937
683.5937
683.5937
708.0078
708.0078
747.0703
747.0703
786.1328
786.1328
791.0156
791.0156
781.2500
781.2500
761.7187
761.7187
639.6484
288.0859
288.0859
0.0000
0.0000
0.0000
0.0000
0.0000
0.0000
0.0000
0.0000
0.0000
0.0000
0.0000
0.0000
0.0000
0.0000
0.0000
0.0000
0.0000
0.0000
0.0000
0.0000
0.0000
0.0000
0.0000
0.0000
0.0000
0.0000
0.0000
0.0000
0.0000
234.3750
234.3750
522.4609
727.5391
727.5391
830.0781
830.0781
869.1406
869.1406
869.1406
869.1406
849.6094
849.6094
800.7812
800.7812
751.9531
751.9531
683.5937
683.5937
664.0625
664.0625
678.7109
678.7109
693.3594
693.3594
727.5391
727.5391
751.9531
751.9531
771.4844
771.4844
810.5469
810.5469
805.6641
805.6641
776.3672
776.3672
761.7187
761.7187
625.0000
625.0000
239.2578
239.2578
0.0000
0.0000
0.0000
0.0000
0.0000
0.0000
0.0000
0.0000
0.0000
0.0000
0.0000
0.0000
0.0000
0.0000
0.0000
0.0000
0.0000
0.0000
0.0000
0.0000
0.0000
0.0000
0.0000
0.0000
0.0000
0.0000
253.9062
253.9062
541.9922
541.9922
791.0156
791.0156
932.6172
932.6172
1000.9766
1000.9766
1000.9766
1000.9766
952.1484
952.1484
878.9062
878.9062
791.0156
791.0156
712.8906
712.8906
683.5937
683.5937
698.2422
698.2422
742.1875
742.1875
791.0156
791.0156
810.5469
810.5469
820.3125
820.3125
830.0781
830.0781
800.7812
800.7812
771.4844
771.4844
727.5391
727.5391
610.3516
610.3516
268.5547
268.5547
0.0000
0.0000
0.0000
0.0000
0.0000
0.0000
0.0000
0.0000
0.0000
0.0000
0.0000
0.0000
0.0000
0.0000
0.0000
0.0000
0.0000
0.0000
0.0000
0.0000
0.0000
0.0000
0.0000
0.0000
0.0000
0.0000
0.0000
0.0000
268.5547
268.5547
537.1094
537.1094
732.4219
732.4219
844.7266
844.7266
893.5547
893.5547
878.9062
878.9062
815.4297
815.4297
727.5391
727.5391
668.9453
668.9453
634.7656
634.7656
620.1172
620.1172
644.5312
644.5312
668.9453
668.9453
698.2422
698.2422
732.4219
732.4219
761.7187
761.7187
800.7812
800.7812
800.7812
800.7812
795.8984
795.8984
776.3672
776.3672
615.2344
615.2344
195.3125
195.3125
0.0000
0.0000
0.0000
0.0000
0.0000
0.0000
0.0000
0.0000
0.0000
0.0000
0.0000
0.0000
0.0000
0.0000
0.0000
0.0000
0.0000
0.0000
0.0000
0.0000
0.0000
0.0000
0.0000
0.0000
0.0000
0.0000
283.2031
283.2031
561.5234
561.5234
766.6016
766.6016
874.0234
874.0234
913.0859
913.0859
888.6719
888.6719
825.1953
825.1953
761.7187
761.7187
698.2422
698.2422
654.2969
654.2969
649.4141
649.4141
649.4141
649.4141
678.7109
678.7109
708.0078
708.0078
742.1875
742.1875
771.4844
771.4844
781.2500
781.2500
756.8359
756.8359
727.5391
727.5391
664.0625
664.0625
488.2812
488.2812
102.5391
102.5391
0.0000
0.0000
0.0000
0.0000
0.0000
0.0000
0.0000
0.0000
0.0000
0.0000
0.0000
0.0000
0.0000
0.0000
0.0000
0.0000
0.0000
0.0000
0.0000
0.0000
0.0000
0.0000
0.0000
0.0000
0.0000
0.0000
0.0000
0.0000
317.3828
317.3828
561.5234
561.5234
742.1875
742.1875
834.9609
834.9609
854.4922
854.4922
839.8437
839.8437
756.8359
756.8359
688.4766
688.4766
615.2344
615.2344
581.0547
581.0547
585.9375
585.9375
600.5859
600.5859
649.4141
649.4141
703.1250
703.1250
737.3047
737.3047
766.6016
766.6016
776.3672
776.3672
761.7187
761.7187
737.3047
737.3047
737.3047
737.3047
644.5312
644.5312
332.0312
332.0312
0.0000
0.0000
0.0000
0.0000
0.0000
0.0000
0.0000
0.0000
0.0000
0.0000
0.0000
0.0000
0.0000
0.0000
0.0000
0.0000
0.0000
0.0000
0.0000
0.0000
0.0000
0.0000
0.0000
0.0000
0.0000
0.0000
151.3672
151.3672
458.9844
458.9844
693.3594
693.3594
864.2578
864.2578
947.2656
947.2656
957.0312
957.0312
942.3828
942.3828
859.3750
859.3750
786.1328
786.1328
722.6562
722.6562
659.1797
659.1797
644.5312
644.5312
644.5312
644.5312
664.0625
664.0625
708.0078
708.0078
756.8359
756.8359
781.2500
781.2500
791.0156
791.0156
747.0703
747.0703
698.2422
698.2422
605.4687
605.4687
312.5000
312.5000
0.0000
0.0000
0.0000
0.0000
0.0000
0.0000
0.0000
0.0000
0.0000
0.0000
0.0000
0.0000
0.0000
0.0000
0.0000
0.0000
0.0000
0.0000
0.0000
0.0000
0.0000
0.0000
0.0000
0.0000
0.0000
0.0000
0.0000
0.0000
63.4766
63.4766
366.2109
366.2109
576.1719
576.1719
698.2422
698.2422
761.7187
761.7187
756.8359
756.8359
742.1875
742.1875
688.4766
688.4766
634.7656
634.7656
610.3516
610.3516
590.8203
590.8203
605.4687
605.4687
625.0000
625.0000
639.6484
639.6484
678.7109
678.7109
717.7734
717.7734
722.6562
722.6562
712.8906
712.8906
693.3594
693.3594
683.5937
683.5937
532.2266
532.2266
126.9531
126.9531
0.0000
0.0000
0.0000
0.0000
0.0000
0.0000
0.0000
0.0000
0.0000
0.0000
0.0000
0.0000
0.0000
0.0000
0.0000
0.0000
0.0000
0.0000
0.0000
0.0000
0.0000
0.0000
0.0000
0.0000
0.0000
0.0000
170.8984
170.8984
454.1016
454.1016
722.6562
722.6562
883.7891
883.7891
942.3828
942.3828
942.3828
942.3828
859.3750
859.3750
781.2500
781.2500
688.4766
688.4766
639.6484
639.6484
629.8828
629.8828
644.5312
644.5312
668.9453
668.9453
712.8906
712.8906
747.0703
747.0703
776.3672
776.3672
795.8984
795.8984
781.2500
781.2500
727.5391
727.5391
668.9453
668.9453
541.9922
541.9922
219.7266
219.7266
0.0000
0.0000
0.0000
0.0000
0.0000
0.0000
0.0000
0.0000
0.0000
0.0000
0.0000
0.0000
0.0000
0.0000
0.0000
0.0000
0.0000
0.0000
0.0000
0.0000
0.0000
0.0000
0.0000
0.0000
0.0000
0.0000
0.0000
0.0000
307.6172
307.6172
585.9375
585.9375
776.3672
776.3672
888.6719
888.6719
937.5000
937.5000
927.7344
927.7344
878.9062
878.9062
800.7812
800.7812
742.1875
742.1875
698.2422
698.2422
664.0625
664.0625
664.0625
664.0625
673.8281
673.8281
693.3594
693.3594
742.1875
742.1875
776.3672
776.3672
805.6641
805.6641
786.1328
786.1328
747.0703
747.0703
688.4766
688.4766
512.6953
512.6953
97.6562
97.6562
0.0000
0.0000
0.0000
0.0000
0.0000
0.0000
0.0000
0.0000
0.0000
0.0000
0.0000
0.0000
0.0000
0.0000
0.0000
0.0000
0.0000
0.0000
0.0000
0.0000
0.0000
0.0000
0.0000
0.0000
0.0000
0.0000
258.7891
258.7891
546.8750
546.8750
766.6016
766.6016
893.5547
893.5547
942.3828
942.3828
932.6172
932.6172
864.2578
864.2578
791.0156
791.0156
717.7734
717.7734
659.1797
659.1797
654.2969
654.2969
649.4141
649.4141
688.4766
688.4766
732.4219
732.4219
761.7187
761.7187
786.1328
786.1328
786.1328
786.1328
756.8359
756.8359
712.8906
712.8906
654.2969
654.2969
449.2187
449.2187
43.9453
43.9453
0.0000
0.0000
0.0000
0.0000
0.0000
0.0000
0.0000
0.0000
0.0000
0.0000
0.0000
0.0000
0.0000
0.0000
0.0000
0.0000
0.0000
0.0000
0.0000
0.0000
0.0000
0.0000
0.0000
0.0000
0.0000
0.0000
0.0000
0.0000
175.7812
175.7812
439.4531
439.4531
634.7656
634.7656
727.5391
727.5391
766.6016
766.6016
761.7187
761.7187
722.6562
722.6562
654.2969
654.2969
600.5859
600.5859
566.4062
566.4062
581.0547
581.0547
605.4687
605.4687
644.5312
644.5312
693.3594
693.3594
717.7734
717.7734
742.1875
742.1875
756.8359
756.8359
747.0703
747.0703
747.0703
747.0703
727.5391
727.5391
590.8203
590.8203
205.0781
205.0781
0.0000
0.0000
0.0000
0.0000
0.0000
0.0000
0.0000
0.0000
0.0000
0.0000
0.0000
0.0000
0.0000
0.0000
0.0000
0.0000
0.0000
0.0000
0.0000
0.0000
0.0000
0.0000
0.0000
0.0000
0.0000
0.0000
141.6016
141.6016
444.3359
444.3359
673.8281
673.8281
839.8437
839.8437
913.0859
913.0859
903.3203
903.3203
864.2578
864.2578
791.0156
791.0156
732.4219
732.4219
678.7109
678.7109
639.6484
639.6484
649.4141
649.4141
673.8281
673.8281
698.2422
698.2422
747.0703
747.0703
781.2500
781.2500
810.5469
810.5469
820.3125
820.3125
800.7812
800.7812
747.0703
747.0703
673.8281
673.8281
390.6250
390.6250
0.0000
0.0000
0.0000
0.0000
0.0000
0.0000
0.0000
0.0000
0.0000
0.0000
0.0000
0.0000
0.0000
0.0000
0.0000
0.0000
0.0000
0.0000
0.0000
0.0000
0.0000
0.0000
0.0000
0.0000
0.0000
0.0000
0.0000
0.0000
195.3125
195.3125
483.3984
483.3984
693.3594
693.3594
800.7812
800.7812
854.4922
854.4922
834.9609
834.9609
786.1328
786.1328
727.5391
727.5391
659.1797
659.1797
634.7656
634.7656
615.2344
615.2344
620.1172
620.1172
668.9453
668.9453
698.2422
698.2422
732.4219
732.4219
761.7187
761.7187
756.8359
756.8359
751.9531
751.9531
747.0703
703.1250
703.1250
703.1250
483.3984
483.3984
63.4766
63.4766
0.0000
0.0000
0.0000
0.0000
0.0000
0.0000
0.0000
0.0000
0.0000
0.0000
0.0000
0.0000
0.0000
0.0000
0.0000
0.0000
0.0000
0.0000
0.0000
0.0000
0.0000
0.0000
0.0000
0.0000
0.0000
0.0000
292.9687
292.9687
576.1719
576.1719
791.0156
937.5000
937.5000
991.2109
991.2109
991.2109
971.6797
913.0859
913.0859
913.0859
810.5469
810.5469
747.0703
747.0703
693.3594
673.8281
673.8281
688.4766
688.4766
717.7734
717.7734
742.1875
742.1875
776.3672
776.3672
776.3672
776.3672
795.8984
795.8984
786.1328
786.1328
756.8359
756.8359
722.6562
722.6562
649.4141
649.4141
390.6250
390.6250
0.0000
0.0000
0.0000
0.0000
0.0000
0.0000
0.0000
0.0000
0.0000
0.0000
0.0000
0.0000
0.0000
0.0000
0.0000
0.0000
0.0000
0.0000
0.0000
0.0000
0.0000
0.0000
0.0000
0.0000
0.0000
0.0000
0.0000
0.0000
195.3125
195.3125
454.1016
454.1016
668.9453
668.9453
800.7812
800.7812
874.0234
874.0234
878.9062
878.9062
834.9609
834.9609
781.2500
781.2500
712.8906
712.8906
668.9453
668.9453
629.8828
629.8828
629.8828
629.8828
654.2969
654.2969
678.7109
678.7109
732.4219
732.4219
766.6016
766.6016
791.0156
791.0156
791.0156
791.0156
747.0703
747.0703
708.0078
708.0078
590.8203
590.8203
224.6094
224.6094
0.0000
0.0000
0.0000
0.0000
0.0000
0.0000
0.0000
0.0000
0.0000
0.0000
0.0000
0.0000
0.0000
0.0000
0.0000
0.0000
0.0000
0.0000
0.0000
0.0000
0.0000
0.0000
0.0000
0.0000
0.0000
0.0000
219.7266
219.7266
493.1641
493.1641
717.7734
717.7734
859.3750
859.3750
937.5000
937.5000
947.2656
947.2656
903.3203
903.3203
810.5469
810.5469
737.3047
737.3047
673.8281
673.8281
659.1797
659.1797
659.1797
659.1797
673.8281
673.8281
712.8906
712.8906
742.1875
742.1875
776.3672
776.3672
791.0156
791.0156
771.4844
771.4844
727.5391
727.5391
708.0078
708.0078
576.1719
576.1719
253.9062
253.9062
0.0000
0.0000
0.0000
0.0000
0.0000
0.0000
0.0000
0.0000
0.0000
0.0000
0.0000
0.0000
0.0000
0.0000
0.0000
0.0000
0.0000
0.0000
0.0000
0.0000
0.0000
0.0000
0.0000
0.0000
0.0000
0.0000
0.0000
0.0000
209.9609
209.9609
498.0469
498.0469
698.2422
698.2422
830.0781
830.0781
869.1406
869.1406
864.2578
864.2578
800.7812
800.7812
708.0078
708.0078
664.0625
664.0625
625.0000
625.0000
629.8828
629.8828
649.4141
649.4141
649.4141
649.4141
688.4766
688.4766
722.6562
722.6562
742.1875
742.1875
756.8359
756.8359
747.0703
747.0703
703.1250
703.1250
688.4766
688.4766
517.5781
517.5781
107.4219
107.4219
0.0000
0.0000
0.0000
0.0000
0.0000
0.0000
0.0000
0.0000
0.0000
0.0000
0.0000
0.0000
0.0000
0.0000
0.0000
0.0000
0.0000
0.0000
0.0000
0.0000
0.0000
0.0000
0.0000
0.0000
0.0000
0.0000
258.7891
258.7891
541.9922
541.9922
766.6016
766.6016
874.0234
874.0234
932.6172
932.6172
922.8516
922.8516
869.1406
869.1406
810.5469
810.5469
722.6562
722.6562
673.8281
673.8281
654.2969
654.2969
639.6484
639.6484
664.0625
664.0625
708.0078
708.0078
737.3047
737.3047
805.6641
805.6641
830.0781
830.0781
805.6641
805.6641
751.9531
751.9531
683.5937
683.5937
532.2266
532.2266
161.1328
161.1328
0.0000
0.0000
0.0000
0.0000
0.0000
0.0000
0.0000
0.0000
0.0000
0.0000
0.0000
0.0000
0.0000
0.0000
0.0000
0.0000
0.0000
0.0000
0.0000
0.0000
0.0000
0.0000
0.0000
0.0000
0.0000
0.0000
0.0000
0.0000
166.0156
166.0156
434.5703
434.5703
644.5312
644.5312
747.0703
747.0703
786.1328
786.1328
776.3672
776.3672
722.6562
722.6562
678.7109
678.7109
629.8828
629.8828
595.7031
595.7031
595.7031
595.7031
610.3516
610.3516
644.5312
644.5312
683.5937
683.5937
703.1250
703.1250
727.5391
727.5391
747.0703
747.0703
732.4219
732.4219
742.1875
742.1875
727.5391
727.5391
629.8828
629.8828
273.4375
273.4375
0.0000
0.0000
0.0000
0.0000
0.0000
0.0000
0.0000
0.0000
0.0000
0.0000
0.0000
0.0000
0.0000
0.0000
0.0000
0.0000
0.0000
0.0000
0.0000
0.0000
0.0000
0.0000
0.0000
0.0000
0.0000
0.0000
107.4219
107.4219
419.9219
419.9219
664.0625
664.0625
820.3125
820.3125
878.9062
878.9062
869.1406
869.1406
834.9609
834.9609
776.3672
776.3672
708.0078
708.0078
654.2969
654.2969
610.3516
610.3516
625.0000
625.0000
668.9453
668.9453
708.0078
708.0078
751.9531
751.9531
766.6016
766.6016
791.0156
791.0156
791.0156
791.0156
756.8359
756.8359
712.8906
712.8906
620.1172
620.1172
312.5000
312.5000
0.0000
0.0000
0.0000
0.0000
0.0000
0.0000
0.0000
0.0000
0.0000
0.0000
0.0000
0.0000
0.0000
0.0000
0.0000
0.0000
0.0000
0.0000
0.0000
0.0000
0.0000
0.0000
0.0000
0.0000
0.0000
0.0000
0.0000
0.0000
307.6172
307.6172
600.5859
600.5859
815.4297
815.4297
927.7344
927.7344
976.5625
976.5625
966.7969
966.7969
922.8516
922.8516
854.4922
854.4922
766.6016
766.6016
693.3594
693.3594
654.2969
654.2969
644.5312
644.5312
678.7109
678.7109
708.0078
708.0078
756.8359
756.8359
781.2500
781.2500
800.7812
800.7812
781.2500
781.2500
756.8359
756.8359
693.3594
693.3594
468.7500
468.7500
53.7109
53.7109
0.0000
0.0000
0.0000
0.0000
0.0000
0.0000
0.0000
0.0000
0.0000
0.0000
0.0000
0.0000
0.0000
0.0000
0.0000
0.0000
0.0000
0.0000
0.0000
0.0000
0.0000
0.0000
0.0000
0.0000
0.0000
0.0000
239.2578
239.2578
541.9922
541.9922
756.8359
756.8359
898.4375
898.4375
952.1484
952.1484
932.6172
932.6172
883.7891
883.7891
791.0156
791.0156
737.3047
737.3047
673.8281
673.8281
654.2969
654.2969
659.1797
659.1797
678.7109
678.7109
712.8906
712.8906
751.9531
751.9531
747.0703
747.0703
761.7187
761.7187
751.9531
751.9531
703.1250
703.1250
659.1797
659.1797
517.5781
517.5781
136.7187
136.7187
0.0000
0.0000
0.0000
0.0000
0.0000
0.0000
0.0000
0.0000
0.0000
0.0000
0.0000
0.0000
0.0000
0.0000
0.0000
0.0000
0.0000
0.0000
0.0000
0.0000
0.0000
0.0000
0.0000
0.0000
0.0000
0.0000
0.0000
0.0000
229.4922
229.4922
527.3437
527.3437
722.6562
722.6562
825.1953
825.1953
834.9609
834.9609
805.6641
805.6641
756.8359
756.8359
688.4766
688.4766
649.4141
649.4141
615.2344
615.2344
595.7031
595.7031
615.2344
615.2344
649.4141
649.4141
683.5937
683.5937
727.5391
727.5391
756.8359
756.8359
761.7187
761.7187
766.6016
766.6016
722.6562
722.6562
698.2422
698.2422
541.9922
541.9922
122.0703
122.0703
0.0000
0.0000
0.0000
0.0000
0.0000
0.0000
0.0000
0.0000
0.0000
0.0000
0.0000
0.0000
0.0000
0.0000
0.0000
0.0000
0.0000
0.0000
0.0000
0.0000
0.0000
0.0000
0.0000
0.0000
0.0000
0.0000
190.4297
190.4297
454.1016
454.1016
678.7109
678.7109
795.8984
795.8984
869.1406
869.1406
883.7891
883.7891
854.4922
854.4922
805.6641
805.6641
737.3047
737.3047
668.9453
668.9453
639.6484
639.6484
629.8828
629.8828
649.4141
649.4141
688.4766
688.4766
727.5391
727.5391
766.6016
766.6016
800.7812
800.7812
805.6641
805.6641
791.0156
791.0156
771.4844
771.4844
703.1250
703.1250
424.8047
424.8047
0.0000
0.0000
0.0000
0.0000
0.0000
0.0000
0.0000
0.0000
0.0000
0.0000
0.0000
0.0000
0.0000
0.0000
0.0000
0.0000
0.0000
0.0000
0.0000
0.0000
0.0000
0.0000
0.0000
0.0000
0.0000
0.0000
0.0000
0.0000
0.0000
0.0000
200.1953
200.1953
449.2187
449.2187
610.3516
610.3516
688.4766
688.4766
732.4219
732.4219
698.2422
698.2422
664.0625
664.0625
615.2344
615.2344
576.1719
576.1719
581.0547
581.0547
600.5859
600.5859
634.7656
634.7656
678.7109
678.7109
678.7109
678.7109
703.1250
703.1250
732.4219
732.4219
727.5391
727.5391
732.4219
732.4219
751.9531
751.9531
673.8281
673.8281
356.4453
356.4453
0.0000
0.0000
0.0000
0.0000
0.0000
0.0000
0.0000
0.0000
0.0000
0.0000
0.0000
0.0000
0.0000
0.0000
0.0000
0.0000
0.0000
0.0000
0.0000
0.0000
0.0000
0.0000
0.0000
0.0000
0.0000
0.0000
166.0156
166.0156
468.7500
468.7500
712.8906
712.8906
883.7891
883.7891
981.4453
981.4453
991.2109
991.2109
957.0312
957.0312
878.9062
878.9062
791.0156
791.0156
732.4219
732.4219
698.2422
698.2422
693.3594
693.3594
727.5391
727.5391
761.7187
761.7187
791.0156
791.0156
834.9609
834.9609
854.4922
854.4922
859.3750
859.3750
815.4297
815.4297
771.4844
771.4844
649.4141
649.4141
322.2656
322.2656
0.0000
0.0000
0.0000
0.0000
0.0000
0.0000
0.0000
0.0000
0.0000
0.0000
0.0000
0.0000
0.0000
0.0000
0.0000
0.0000
0.0000
0.0000
0.0000
0.0000
0.0000
0.0000
0.0000
0.0000
0.0000
0.0000
0.0000
0.0000
288.0859
288.0859
561.5234
561.5234
756.8359
756.8359
869.1406
869.1406
913.0859
913.0859
917.9687
917.9687
874.0234
874.0234
820.3125
820.3125
756.8359
756.8359
708.0078
693.3594
693.3594
693.3594
678.7109
678.7109
698.2422
698.2422
727.5391
727.5391
761.7187
761.7187
805.6641
805.6641
815.4297
771.4844
771.4844
727.5391
727.5391
644.5312
644.5312
385.7422
385.7422
4.8828
4.8828
0.0000
0.0000
0.0000
0.0000
0.0000
0.0000
0.0000
0.0000
0.0000
0.0000
0.0000
0.0000
0.0000
0.0000
0.0000
0.0000
0.0000
0.0000
0.0000
0.0000
0.0000
0.0000
0.0000
0.0000
78.1250
78.1250
366.2109
366.2109
644.5312
644.5312
795.8984
795.8984
888.6719
888.6719
893.5547
893.5547
854.4922
854.4922
805.6641
805.6641
737.3047
737.3047
678.7109
678.7109
649.4141
649.4141
639.6484
639.6484
668.9453
668.9453
698.2422
698.2422
727.5391
727.5391
756.8359
756.8359
781.2500
781.2500
776.3672
776.3672
766.6016
766.6016
722.6562
722.6562
654.2969
654.2969
429.6875
429.6875
0.0000
0.0000
0.0000
0.0000
0.0000
0.0000
0.0000
0.0000
0.0000
0.0000
0.0000
0.0000
0.0000
0.0000
0.0000
0.0000
0.0000
0.0000
0.0000
0.0000
0.0000
0.0000
0.0000
0.0000
0.0000
0.0000
0.0000
0.0000
0.0000
0.0000
239.2578
239.2578
507.8125
507.8125
688.4766
688.4766
756.8359
756.8359
800.7812
800.7812
776.3672
776.3672
747.0703
747.0703
683.5937
683.5937
625.0000
625.0000
595.7031
595.7031
585.9375
585.9375
605.4687
605.4687
639.6484
639.6484
659.1797
659.1797
698.2422
698.2422
732.4219
732.4219
727.5391
727.5391
703.1250
703.1250
703.1250
703.1250
629.8828
629.8828
346.6797
346.6797
0.0000
0.0000
0.0000
0.0000
0.0000
0.0000
0.0000
0.0000
0.0000
0.0000
0.0000
0.0000
0.0000
0.0000
0.0000
0.0000
0.0000
0.0000
0.0000
0.0000
0.0000
0.0000
0.0000
0.0000
0.0000
0.0000
126.9531
126.9531
405.2734
405.2734
629.8828
629.8828
795.8984
795.8984
878.9062
878.9062
893.5547
893.5547
874.0234
874.0234
834.9609
834.9609
771.4844
771.4844
717.7734
717.7734
678.7109
678.7109
668.9453
668.9453
688.4766
688.4766
703.1250
703.1250
732.4219
732.4219
776.3672
776.3672
781.2500
781.2500
791.0156
791.0156
751.9531
751.9531
717.7734
717.7734
644.5312
644.5312
395.5078
395.5078
0.0000
0.0000
0.0000
0.0000
0.0000
0.0000
0.0000
0.0000
0.0000
0.0000
0.0000
0.0000
0.0000
0.0000
0.0000
0.0000
0.0000
0.0000
0.0000
0.0000
0.0000
0.0000
0.0000
0.0000
0.0000
0.0000
0.0000
0.0000
131.8359
131.8359
434.5703
434.5703
673.8281
673.8281
839.8437
839.8437
903.3203
903.3203
903.3203
903.3203
834.9609
834.9609
766.6016
766.6016
698.2422
698.2422
644.5312
644.5312
644.5312
644.5312
639.6484
639.6484
668.9453
668.9453
703.1250
703.1250
727.5391
727.5391
761.7187
761.7187
766.6016
766.6016
751.9531
751.9531
742.1875
742.1875
737.3047
737.3047
615.2344
615.2344
268.5547
268.5547
0.0000
0.0000
0.0000
0.0000
0.0000
0.0000
0.0000
0.0000
0.0000
0.0000
0.0000
0.0000
0.0000
0.0000
0.0000
0.0000
0.0000
0.0000
0.0000
0.0000
0.0000
0.0000
0.0000
0.0000
92.7734
92.7734
385.7422
385.7422
659.1797
659.1797
844.7266
844.7266
966.7969
966.7969
1010.7422
1010.7422
996.0937
996.0937
952.1484
952.1484
869.1406
869.1406
795.8984
795.8984
756.8359
756.8359
708.0078
708.0078
688.4766
688.4766
693.3594
693.3594
727.5391
727.5391
771.4844
771.4844
815.4297
815.4297
820.3125
820.3125
810.5469
810.5469
742.1875
742.1875
668.9453
668.9453
522.4609
522.4609
146.4844
146.4844
0.0000
0.0000
0.0000
0.0000
0.0000
0.0000
0.0000
0.0000
0.0000
0.0000
0.0000
0.0000
0.0000
0.0000
0.0000
0.0000
0.0000
0.0000
0.0000
0.0000
0.0000
0.0000
0.0000
0.0000
0.0000
0.0000
0.0000
0.0000
83.0078
83.0078
375.9766
375.9766
551.7578
551.7578
664.0625
664.0625
712.8906
712.8906
703.1250
703.1250
688.4766
688.4766
625.0000
625.0000
581.0547
581.0547
556.6406
556.6406
537.1094
537.1094
546.8750
546.8750
581.0547
581.0547
625.0000
625.0000
678.7109
678.7109
698.2422
698.2422
703.1250
703.1250
673.8281
673.8281
649.4141
649.4141
605.4687
605.4687
346.6797
346.6797
0.0000
0.0000
0.0000
0.0000
0.0000
0.0000
0.0000
0.0000
0.0000
0.0000
0.0000
0.0000
0.0000
0.0000
0.0000
0.0000
0.0000
0.0000
0.0000
0.0000
0.0000
0.0000
0.0000
0.0000
0.0000
0.0000
0.0000
0.0000
283.2031
283.2031
532.2266
532.2266
712.8906
712.8906
795.8984
795.8984
810.5469
810.5469
800.7812
800.7812
742.1875
742.1875
688.4766
688.4766
629.8828
629.8828
605.4687
605.4687
620.1172
620.1172
629.8828
629.8828
668.9453
668.9453
703.1250
703.1250
722.6562
722.6562
737.3047
737.3047
751.9531
751.9531
722.6562
722.6562
722.6562
722.6562
688.4766
688.4766
444.3359
444.3359
0.0000
0.0000
0.0000
0.0000
0.0000
0.0000
0.0000
0.0000
0.0000
0.0000
0.0000
0.0000
0.0000
0.0000
0.0000
0.0000
0.0000
0.0000
0.0000
0.0000
0.0000
0.0000
0.0000
0.0000
0.0000
0.0000
0.0000
0.0000
136.7187
136.7187
429.6875
429.6875
620.1172
620.1172
751.9531
751.9531
800.7812
800.7812
805.6641
805.6641
781.2500
781.2500
722.6562
722.6562
668.9453
668.9453
620.1172
620.1172
595.7031
595.7031
620.1172
620.1172
654.2969
654.2969
683.5937
683.5937
717.7734
717.7734
751.9531
751.9531
766.6016
766.6016
771.4844
771.4844
742.1875
742.1875
708.0078
708.0078
581.0547
581.0547
200.1953
200.1953
0.0000
0.0000
0.0000
0.0000
0.0000
0.0000
0.0000
0.0000
0.0000
0.0000
0.0000
0.0000
0.0000
0.0000
0.0000
0.0000
0.0000
0.0000
0.0000
0.0000
0.0000
0.0000
0.0000
0.0000
0.0000
0.0000
219.7266
219.7266
498.0469
498.0469
732.4219
732.4219
869.1406
869.1406
908.2031
908.2031
913.0859
913.0859
869.1406
869.1406
805.6641
805.6641
737.3047
737.3047
673.8281
673.8281
639.6484
639.6484
644.5312
644.5312
659.1797
659.1797
703.1250
703.1250
727.5391
727.5391
751.9531
751.9531
776.3672
776.3672
786.1328
786.1328
771.4844
771.4844
751.9531
751.9531
673.8281
673.8281
405.2734
405.2734
0.0000
0.0000
0.0000
0.0000
0.0000
0.0000
0.0000
0.0000
0.0000
0.0000
0.0000
0.0000
0.0000
0.0000
0.0000
0.0000
0.0000
0.0000
0.0000
0.0000
0.0000
0.0000
0.0000
0.0000
0.0000
0.0000
0.0000
0.0000
307.6172
307.6172
610.3516
610.3516
805.6641
805.6641
917.9687
917.9687
947.2656
947.2656
917.9687
917.9687
859.3750
859.3750
766.6016
766.6016
693.3594
693.3594
644.5312
644.5312
625.0000
625.0000
659.1797
659.1797
693.3594
693.3594
727.5391
727.5391
761.7187
761.7187
756.8359
756.8359
751.9531
751.9531
712.8906
712.8906
683.5937
683.5937
634.7656
634.7656
434.5703
434.5703
9.7656
9.7656
0.0000
0.0000
0.0000
0.0000
0.0000
0.0000
0.0000
0.0000
0.0000
0.0000
0.0000
0.0000
0.0000
0.0000
0.0000
0.0000
0.0000
0.0000
0.0000
0.0000
0.0000
0.0000
0.0000
0.0000
0.0000
0.0000
268.5547
268.5547
532.2266
532.2266
732.4219
732.4219
825.1953
825.1953
854.4922
854.4922
854.4922
854.4922
795.8984
795.8984
732.4219
732.4219
668.9453
668.9453
620.1172
620.1172
605.4687
605.4687
615.2344
615.2344
639.6484
639.6484
678.7109
678.7109
712.8906
712.8906
756.8359
756.8359
791.0156
791.0156
781.2500
781.2500
751.9531
751.9531
712.8906
712.8906
600.5859
600.5859
292.9687
292.9687
0.0000
0.0000
0.0000
0.0000
0.0000
0.0000
0.0000
0.0000
0.0000
0.0000
0.0000
0.0000
0.0000
0.0000
0.0000
0.0000
0.0000
0.0000
0.0000
0.0000
0.0000
0.0000
0.0000
0.0000
0.0000
0.0000
0.0000
0.0000
292.9687
292.9687
532.2266
532.2266
708.0078
708.0078
786.1328
786.1328
810.5469
810.5469
800.7812
800.7812
747.0703
747.0703
678.7109
678.7109
625.0000
625.0000
585.9375
585.9375
595.7031
595.7031
605.4687
605.4687
634.7656
634.7656
673.8281
673.8281
703.1250
703.1250
708.0078
708.0078
693.3594
693.3594
629.8828
629.8828
581.0547
581.0547
361.3281
361.3281
0.0000
0.0000
0.0000
0.0000
0.0000
0.0000
0.0000
0.0000
0.0000
0.0000
0.0000
0.0000
0.0000
0.0000
0.0000
0.0000
0.0000
0.0000
0.0000
0.0000
0.0000
0.0000
0.0000
0.0000
0.0000
0.0000
0.0000
0.0000
239.2578
239.2578
488.2812
488.2812
683.5937
683.5937
781.2500
781.2500
830.0781
830.0781
820.3125
820.3125
771.4844
771.4844
722.6562
722.6562
644.5312
644.5312
615.2344
615.2344
610.3516
625.0000
625.0000
625.0000
678.7109
678.7109
717.7734
717.7734
732.4219
732.4219
751.9531
751.9531
761.7187
761.7187
761.7187
761.7187
727.5391
727.5391
703.1250
703.1250
590.8203
273.4375
273.4375
273.4375
0.0000
0.0000
0.0000
0.0000
0.0000
0.0000
0.0000
0.0000
0.0000
0.0000
0.0000
0.0000
0.0000
0.0000
0.0000
0.0000
0.0000
0.0000
0.0000
0.0000
0.0000
0.0000
0.0000
0.0000
0.0000
0.0000
0.0000
0.0000
292.9687
551.7578
551.7578
747.0703
747.0703
844.7266
844.7266
874.0234
874.0234
878.9062
878.9062
820.3125
820.3125
756.8359
756.8359
683.5937
683.5937
634.7656
634.7656
634.7656
634.7656
639.6484
639.6484
664.0625
664.0625
693.3594
693.3594
712.8906
712.8906
756.8359
756.8359
805.6641
805.6641
791.0156
791.0156
786.1328
786.1328
756.8359
756.8359
590.8203
590.8203
185.5469
185.5469
0.0000
0.0000
0.0000
0.0000
0.0000
0.0000
0.0000
0.0000
0.0000
0.0000
0.0000
0.0000
0.0000
0.0000
0.0000
0.0000
0.0000
0.0000
0.0000
0.0000
0.0000
0.0000
0.0000
0.0000
0.0000
0.0000
63.4766
63.4766
385.7422
385.7422
625.0000
625.0000
791.0156
791.0156
874.0234
874.0234
888.6719
888.6719
869.1406
869.1406
800.7812
800.7812
717.7734
717.7734
664.0625
664.0625
634.7656
634.7656
644.5312
644.5312
664.0625
664.0625
683.5937
683.5937
703.1250
703.1250
747.0703
747.0703
761.7187
761.7187
776.3672
776.3672
756.8359
756.8359
747.0703
747.0703
727.5391
727.5391
527.3437
527.3437
112.3047
112.3047
0.0000
0.0000
0.0000
0.0000
0.0000
0.0000
0.0000
0.0000
0.0000
0.0000
0.0000
0.0000
0.0000
0.0000
0.0000
0.0000
0.0000
0.0000
0.0000
0.0000
0.0000
0.0000
0.0000
0.0000
0.0000
0.0000
195.3125
195.3125
498.0469
498.0469
737.3047
737.3047
878.9062
878.9062
942.3828
942.3828
942.3828
942.3828
878.9062
878.9062
795.8984
795.8984
712.8906
712.8906
634.7656
634.7656
615.2344
615.2344
615.2344
615.2344
654.2969
654.2969
698.2422
698.2422
732.4219
732.4219
771.4844
771.4844
781.2500
781.2500
761.7187
761.7187
722.6562
722.6562
673.8281
673.8281
546.8750
546.8750
190.4297
190.4297
0.0000
0.0000
0.0000
0.0000
0.0000
0.0000
0.0000
0.0000
0.0000
0.0000
0.0000
0.0000
0.0000
0.0000
0.0000
0.0000
0.0000
0.0000
0.0000
0.0000
0.0000
0.0000
0.0000
0.0000
0.0000
0.0000
107.4219
107.4219
424.8047
424.8047
644.5312
644.5312
791.0156
791.0156
854.4922
854.4922
859.3750
859.3750
839.8437
839.8437
776.3672
776.3672
708.0078
708.0078
659.1797
659.1797
610.3516
610.3516
615.2344
615.2344
620.1172
620.1172
649.4141
649.4141
688.4766
688.4766
712.8906
712.8906
747.0703
747.0703
742.1875
742.1875
708.0078
708.0078
664.0625
664.0625
551.7578
551.7578
195.3125
195.3125
0.0000
0.0000
0.0000
0.0000
0.0000
0.0000
0.0000
0.0000
0.0000
0.0000
0.0000
0.0000
0.0000
0.0000
0.0000
0.0000
0.0000
0.0000
0.0000
0.0000
0.0000
0.0000
0.0000
0.0000
0.0000
0.0000
0.0000
0.0000
214.8437
214.8437
498.0469
498.0469
693.3594
693.3594
800.7812
800.7812
839.8437
839.8437
815.4297
815.4297
781.2500
781.2500
712.8906
712.8906
659.1797
659.1797
620.1172
620.1172
600.5859
600.5859
620.1172
620.1172
659.1797
659.1797
683.5937
683.5937
727.5391
727.5391
737.3047
737.3047
737.3047
737.3047
712.8906
712.8906
688.4766
688.4766
629.8828
629.8828
356.4453
356.4453
0.0000
0.0000
0.0000
0.0000
0.0000
0.0000
0.0000
0.0000
0.0000
0.0000
0.0000
0.0000
0.0000
0.0000
0.0000
0.0000
0.0000
0.0000
0.0000
0.0000
0.0000
0.0000
0.0000
0.0000
0.0000
0.0000
29.2969
29.2969
336.9141
336.9141
581.0547
581.0547
776.3672
776.3672
893.5547
893.5547
937.5000
937.5000
903.3203
903.3203
825.1953
825.1953
747.0703
747.0703
673.8281
673.8281
634.7656
634.7656
639.6484
639.6484
644.5312
644.5312
688.4766
688.4766
727.5391
727.5391
761.7187
761.7187
791.0156
791.0156
805.6641
805.6641
761.7187
761.7187
727.5391
727.5391
673.8281
673.8281
449.2187
449.2187
39.0625
39.0625
0.0000
0.0000
0.0000
0.0000
0.0000
0.0000
0.0000
0.0000
0.0000
0.0000
0.0000
0.0000
0.0000
0.0000
0.0000
0.0000
0.0000
0.0000
0.0000
0.0000
0.0000
0.0000
0.0000
0.0000
0.0000
0.0000
141.6016
141.6016
463.8672
463.8672
673.8281
673.8281
815.4297
815.4297
878.9062
878.9062
878.9062
878.9062
854.4922
854.4922
781.2500
781.2500
727.5391
727.5391
693.3594
693.3594
664.0625
664.0625
654.2969
654.2969
654.2969
654.2969
668.9453
668.9453
708.0078
708.0078
751.9531
751.9531
771.4844
771.4844
761.7187
761.7187
732.4219
732.4219
693.3594
693.3594
556.6406
556.6406
156.2500
156.2500
0.0000
0.0000
0.0000
0.0000
0.0000
0.0000
0.0000
0.0000
0.0000
0.0000
0.0000
0.0000
0.0000
0.0000
0.0000
0.0000
0.0000
0.0000
0.0000
0.0000
0.0000
0.0000
0.0000
0.0000
0.0000
0.0000
229.4922
229.4922
532.2266
532.2266
766.6016
766.6016
927.7344
927.7344
981.4453
981.4453
986.3281
986.3281
927.7344
927.7344
844.7266
844.7266
751.9531
751.9531
678.7109
678.7109
649.4141
649.4141
664.0625
664.0625
678.7109
678.7109
727.5391
727.5391
771.4844
771.4844
800.7812
800.7812
815.4297
815.4297
766.6016
766.6016
683.5937
683.5937
585.9375
585.9375
415.0391
415.0391
53.7109
53.7109
0.0000
0.0000
0.0000
0.0000
0.0000
0.0000
0.0000
0.0000
0.0000
0.0000
0.0000
0.0000
0.0000
0.0000
0.0000
0.0000
0.0000
0.0000
0.0000
0.0000
0.0000
0.0000
0.0000
0.0000
0.0000
0.0000
0.0000
0.0000
322.2656
322.2656
576.1719
576.1719
742.1875
742.1875
844.7266
844.7266
883.7891
883.7891
869.1406
869.1406
815.4297
815.4297
722.6562
722.6562
659.1797
659.1797
620.1172
620.1172
610.3516
610.3516
625.0000
625.0000
659.1797
659.1797
693.3594
693.3594
747.0703
747.0703
751.9531
751.9531
781.2500
781.2500
766.6016
766.6016
747.0703
747.0703
727.5391
727.5391
571.2891
571.2891
146.4844
146.4844
0.0000
0.0000
0.0000
0.0000
0.0000
0.0000
0.0000
0.0000
0.0000
0.0000
0.0000
0.0000
0.0000
0.0000
0.0000
0.0000
0.0000
0.0000
0.0000
0.0000
0.0000
0.0000
0.0000
0.0000
0.0000
0.0000
214.8437
214.8437
502.9297
502.9297
742.1875
742.1875
874.0234
874.0234
927.7344
927.7344
913.0859
913.0859
859.3750
859.3750
791.0156
791.0156
722.6562
722.6562
659.1797
659.1797
634.7656
634.7656
625.0000
625.0000
659.1797
659.1797
693.3594
693.3594
722.6562
722.6562
756.8359
756.8359
771.4844
771.4844
756.8359
756.8359
722.6562
722.6562
649.4141
649.4141
488.2812
488.2812
122.0703
122.0703
0.0000
0.0000
0.0000
0.0000
0.0000
0.0000
0.0000
0.0000
0.0000
0.0000
0.0000
0.0000
0.0000
0.0000
0.0000
0.0000
0.0000
0.0000
0.0000
0.0000
0.0000
0.0000
0.0000
0.0000
0.0000
0.0000
0.0000
0.0000
29.2969
29.2969
327.1484
327.1484
571.2891
571.2891
722.6562
722.6562
786.1328
786.1328
795.8984
795.8984
751.9531
751.9531
693.3594
693.3594
625.0000
625.0000
561.5234
561.5234
561.5234
561.5234
571.2891
571.2891
600.5859
600.5859
644.5312
644.5312
664.0625
664.0625
703.1250
703.1250
703.1250
703.1250
683.5937
683.5937
659.1797
659.1797
600.5859
600.5859
361.3281
361.3281
0.0000
0.0000
0.0000
0.0000
0.0000
0.0000
0.0000
0.0000
0.0000
0.0000
0.0000
0.0000
0.0000
0.0000
0.0000
0.0000
0.0000
0.0000
0.0000
0.0000
0.0000
0.0000
0.0000
0.0000
0.0000
0.0000
0.0000
0.0000
297.8516
297.8516
551.7578
551.7578
742.1875
742.1875
854.4922
854.4922
908.2031
908.2031
888.6719
888.6719
849.6094
849.6094
781.2500
781.2500
722.6562
722.6562
678.7109
678.7109
654.2969
654.2969
673.8281
673.8281
708.0078
708.0078
747.0703
747.0703
786.1328
786.1328
786.1328
786.1328
800.7812
800.7812
791.0156
791.0156
732.4219
732.4219
678.7109
678.7109
512.6953
512.6953
102.5391
102.5391
0.0000
0.0000
0.0000
0.0000
0.0000
0.0000
0.0000
0.0000
0.0000
0.0000
0.0000
0.0000
0.0000
0.0000
0.0000
0.0000
0.0000
0.0000
0.0000
0.0000
0.0000
0.0000
0.0000
0.0000
0.0000
0.0000
43.9453
43.9453
351.5625
351.5625
605.4687
605.4687
737.3047
737.3047
800.7812
800.7812
820.3125
820.3125
795.8984
795.8984
761.7187
761.7187
717.7734
717.7734
668.9453
668.9453
659.1797
659.1797
639.6484
639.6484
668.9453
668.9453
698.2422
698.2422
717.7734
717.7734
747.0703
747.0703
781.2500
781.2500
781.2500
781.2500
771.4844
771.4844
756.8359
673.8281
673.8281
673.8281
380.8594
380.8594
0.0000
0.0000
0.0000
0.0000
0.0000
0.0000
0.0000
0.0000
0.0000
0.0000
0.0000
0.0000
0.0000
0.0000
0.0000
0.0000
0.0000
0.0000
0.0000
0.0000
0.0000
0.0000
0.0000
0.0000
0.0000
0.0000
0.0000
0.0000
307.6172
307.6172
546.8750
546.8750
737.3047
737.3047
854.4922
854.4922
888.6719
888.6719
898.4375
898.4375
844.7266
844.7266
771.4844
771.4844
708.0078
708.0078
654.2969
649.4141
649.4141
668.9453
668.9453
693.3594
693.3594
737.3047
737.3047
776.3672
776.3672
795.8984
795.8984
800.7812
800.7812
776.3672
776.3672
747.0703
747.0703
727.5391
727.5391
512.6953
512.6953
87.8906
87.8906
0.0000
0.0000
0.0000
0.0000
0.0000
0.0000
0.0000
0.0000
0.0000
0.0000
0.0000
0.0000
0.0000
0.0000
0.0000
0.0000
0.0000
0.0000
0.0000
0.0000
0.0000
0.0000
0.0000
0.0000
0.0000
0.0000
307.6172
307.6172
585.9375
585.9375
791.0156
791.0156
893.5547
893.5547
952.1484
952.1484
947.2656
947.2656
888.6719
888.6719
810.5469
810.5469
732.4219
732.4219
678.7109
678.7109
683.5937
683.5937
698.2422
698.2422
727.5391
727.5391
756.8359
756.8359
766.6016
766.6016
805.6641
805.6641
810.5469
810.5469
810.5469
810.5469
766.6016
766.6016
727.5391
727.5391
551.7578
551.7578
141.6016
141.6016
0.0000
0.0000
0.0000
0.0000
0.0000
0.0000
0.0000
0.0000
0.0000
0.0000
0.0000
0.0000
0.0000
0.0000
0.0000
0.0000
0.0000
0.0000
0.0000
0.0000
0.0000
0.0000
0.0000
0.0000
0.0000
0.0000
175.7812
175.7812
463.8672
463.8672
688.4766
688.4766
815.4297
815.4297
893.5547
893.5547
883.7891
883.7891
864.2578
864.2578
800.7812
800.7812
737.3047
737.3047
688.4766
688.4766
659.1797
659.1797
664.0625
664.0625
678.7109
678.7109
693.3594
693.3594
727.5391
727.5391
761.7187
761.7187
791.0156
791.0156
805.6641
805.6641
781.2500
781.2500
737.3047
737.3047
639.6484
639.6484
302.7344
302.7344
0.0000
0.0000
0.0000
0.0000
0.0000
0.0000
0.0000
0.0000
0.0000
0.0000
0.0000
0.0000
0.0000
0.0000
0.0000
0.0000
0.0000
0.0000
0.0000
0.0000
0.0000
0.0000
0.0000
0.0000
0.0000
0.0000
48.8281
48.8281
346.6797
346.6797
625.0000
625.0000
810.5469
810.5469
898.4375
898.4375
927.7344
927.7344
898.4375
898.4375
844.7266
844.7266
776.3672
776.3672
703.1250
703.1250
659.1797
659.1797
644.5312
644.5312
659.1797
659.1797
688.4766
688.4766
722.6562
722.6562
742.1875
742.1875
781.2500
781.2500
771.4844
771.4844
747.0703
747.0703
698.2422
698.2422
654.2969
654.2969
473.6328
473.6328
83.0078
83.0078
0.0000
0.0000
0.0000
0.0000
0.0000
0.0000
0.0000
0.0000
0.0000
0.0000
0.0000
0.0000
0.0000
0.0000
0.0000
0.0000
0.0000
0.0000
0.0000
0.0000
0.0000
0.0000
0.0000
0.0000
0.0000
0.0000
136.7187
136.7187
419.9219
419.9219
639.6484
639.6484
791.0156
791.0156
854.4922
854.4922
864.2578
864.2578
825.1953
825.1953
747.0703
747.0703
668.9453
668.9453
615.2344
615.2344
590.8203
590.8203
595.7031
595.7031
615.2344
615.2344
649.4141
649.4141
703.1250
703.1250
727.5391
727.5391
751.9531
751.9531
751.9531
751.9531
712.8906
712.8906
683.5937
683.5937
581.0547
581.0547
253.9062
253.9062
0.0000
0.0000
0.0000
0.0000
0.0000
0.0000
0.0000
0.0000
0.0000
0.0000
0.0000
0.0000
0.0000
0.0000
0.0000
0.0000
0.0000
0.0000
0.0000
0.0000
0.0000
0.0000
0.0000
0.0000
0.0000
0.0000
0.0000
0.0000
141.6016
141.6016
429.6875
429.6875
629.8828
629.8828
771.4844
771.4844
800.7812
800.7812
800.7812
800.7812
771.4844
771.4844
712.8906
712.8906
664.0625
664.0625
625.0000
625.0000
600.5859
600.5859
605.4687
605.4687
610.3516
610.3516
639.6484
639.6484
673.8281
673.8281
688.4766
688.4766
708.0078
708.0078
712.8906
712.8906
668.9453
668.9453
639.6484
639.6484
454.1016
454.1016
83.0078
83.0078
0.0000
0.0000
0.0000
0.0000
0.0000
0.0000
0.0000
0.0000
0.0000
0.0000
0.0000
0.0000
0.0000
0.0000
0.0000
0.0000
0.0000
0.0000
0.0000
0.0000
0.0000
0.0000
0.0000
0.0000
73.2422
73.2422
356.4453
356.4453
605.4687
605.4687
825.1953
825.1953
952.1484
952.1484
1005.8594
1005.8594
996.0937
996.0937
922.8516
922.8516
849.6094
849.6094
761.7187
761.7187
693.3594
693.3594
668.9453
668.9453
668.9453
668.9453
698.2422
698.2422
751.9531
751.9531
771.4844
771.4844
805.6641
805.6641
795.8984
795.8984
756.8359
756.8359
688.4766
688.4766
625.0000
625.0000
444.3359
444.3359
63.4766
63.4766
0.0000
0.0000
0.0000
0.0000
0.0000
0.0000
0.0000
0.0000
0.0000
0.0000
0.0000
0.0000
0.0000
0.0000
0.0000
0.0000
0.0000
0.0000
0.0000
0.0000
0.0000
0.0000
0.0000
0.0000
0.0000
0.0000
0.0000
0.0000
209.9609
209.9609
483.3984
483.3984
688.4766
688.4766
805.6641
805.6641
830.0781
830.0781
810.5469
810.5469
742.1875
742.1875
678.7109
678.7109
625.0000
625.0000
576.1719
576.1719
576.1719
576.1719
590.8203
590.8203
615.2344
615.2344
664.0625
664.0625
703.1250
703.1250
717.7734
717.7734
708.0078
708.0078
659.1797
659.1797
610.3516
610.3516
468.7500
468.7500
107.4219
107.4219
0.0000
0.0000
0.0000
0.0000
0.0000
0.0000
0.0000
0.0000
0.0000
0.0000
0.0000
0.0000
0.0000
0.0000
0.0000
0.0000
0.0000
0.0000
0.0000
0.0000
0.0000
0.0000
0.0000
0.0000
0.0000
0.0000
87.8906
87.8906
380.8594
380.8594
634.7656
634.7656
766.6016
766.6016
849.6094
849.6094
849.6094
849.6094
810.5469
810.5469
756.8359
756.8359
703.1250
703.1250
668.9453
668.9453
664.0625
664.0625
644.5312
644.5312
644.5312
644.5312
678.7109
678.7109
703.1250
703.1250
747.0703
747.0703
766.6016
766.6016
761.7187
761.7187
717.7734
717.7734
664.0625
664.0625
556.6406
556.6406
263.6719
263.6719
0.0000
0.0000
0.0000
0.0000
0.0000
0.0000
0.0000
0.0000
0.0000
0.0000
0.0000
0.0000
0.0000
0.0000
0.0000
0.0000
0.0000
0.0000
0.0000
0.0000
0.0000
0.0000
0.0000
0.0000
0.0000
0.0000
0.0000
0.0000
292.9687
292.9687
571.2891
571.2891
751.9531
751.9531
874.0234
874.0234
908.2031
908.2031
908.2031
908.2031
839.8437
839.8437
761.7187
761.7187
703.1250
703.1250
639.6484
639.6484
634.7656
634.7656
644.5312
644.5312
678.7109
678.7109
742.1875
742.1875
781.2500
781.2500
810.5469
810.5469
805.6641
805.6641
751.9531
751.9531
668.9453
668.9453
585.9375
585.9375
327.1484
327.1484
0.0000
0.0000
0.0000
0.0000
0.0000
0.0000
0.0000
0.0000
0.0000
0.0000
0.0000
0.0000
0.0000
0.0000
0.0000
0.0000
0.0000
0.0000
0.0000
0.0000
0.0000
0.0000
0.0000
0.0000
0.0000
0.0000
0.0000
0.0000
0.0000
0.0000
273.4375
273.4375
522.4609
522.4609
668.9453
668.9453
766.6016
766.6016
795.8984
795.8984
791.0156
791.0156
751.9531
751.9531
683.5937
683.5937
649.4141
649.4141
615.2344
615.2344
625.0000
625.0000
634.7656
634.7656
659.1797
659.1797
698.2422
698.2422
732.4219
732.4219
761.7187
761.7187
771.4844
771.4844
742.1875
742.1875
708.0078
708.0078
625.0000
625.0000
292.9687
292.9687
0.0000
0.0000
0.0000
0.0000
0.0000
0.0000
0.0000
0.0000
0.0000
0.0000
0.0000
0.0000
0.0000
0.0000
0.0000
0.0000
0.0000
0.0000
0.0000
0.0000
0.0000
0.0000
0.0000
0.0000
0.0000
0.0000
43.9453
43.9453
366.2109
366.2109
649.4141
649.4141
844.7266
844.7266
937.5000
937.5000
971.6797
971.6797
942.3828
942.3828
883.7891
883.7891
810.5469
810.5469
742.1875
742.1875
717.7734
717.7734
708.0078
708.0078
722.6562
722.6562
747.0703
747.0703
776.3672
776.3672
800.7812
800.7812
834.9609
834.9609
834.9609
834.9609
800.7812
800.7812
776.3672
776.3672
722.6562
722.6562
502.9297
502.9297
68.3594
68.3594
0.0000
0.0000
0.0000
0.0000
0.0000
0.0000
0.0000
0.0000
0.0000
0.0000
0.0000
0.0000
0.0000
0.0000
0.0000
0.0000
0.0000
0.0000
0.0000
0.0000
0.0000
0.0000
0.0000
0.0000
0.0000
0.0000
0.0000
0.0000
278.3203
278.3203
517.5781
517.5781
712.8906
712.8906
800.7812
800.7812
849.6094
849.6094
844.7266
844.7266
786.1328
786.1328
722.6562
722.6562
659.1797
659.1797
615.2344
615.2344
610.3516
610.3516
625.0000
625.0000
668.9453
668.9453
732.4219
732.4219
751.9531
751.9531
786.1328
786.1328
786.1328
786.1328
742.1875
742.1875
703.1250
703.1250
590.8203
590.8203
278.3203
278.3203
0.0000
0.0000
0.0000
0.0000
0.0000
0.0000
0.0000
0.0000
0.0000
0.0000
0.0000
0.0000
0.0000
0.0000
0.0000
0.0000
0.0000
0.0000
0.0000
0.0000
0.0000
0.0000
0.0000
0.0000
0.0000
0.0000
0.0000
0.0000
253.9062
253.9062
561.5234
561.5234
781.2500
908.2031
908.2031
908.2031
966.7969
966.7969
947.2656
947.2656
913.0859
913.0859
849.6094
849.6094
791.0156
791.0156
751.9531
751.9531
712.8906
712.8906
703.1250
703.1250
742.1875
742.1875
751.9531
751.9531
791.0156
791.0156
810.5469
810.5469
820.3125
820.3125
815.4297
815.4297
800.7812
800.7812
786.1328
786.1328
654.2969
654.2969
283.2031
0.0000
0.0000
0.0000
0.0000
0.0000
0.0000
0.0000
0.0000
0.0000
0.0000
0.0000
0.0000
0.0000
0.0000
0.0000
0.0000
0.0000
0.0000
0.0000
0.0000
0.0000
0.0000
0.0000
0.0000
0.0000
0.0000
131.8359
131.8359
434.5703
434.5703
668.9453
668.9453
839.8437
839.8437
917.9687
917.9687
932.6172
932.6172
913.0859
913.0859
859.3750
859.3750
810.5469
810.5469
756.8359
756.8359
712.8906
712.8906
698.2422
698.2422
712.8906
712.8906
747.0703
747.0703
786.1328
786.1328
800.7812
800.7812
834.9609
834.9609
839.8437
839.8437
815.4297
815.4297
795.8984
795.8984
756.8359
756.8359
541.9922
541.9922
92.7734
92.7734
0.0000
0.0000
0.0000
0.0000
0.0000
0.0000
0.0000
0.0000
0.0000
0.0000
0.0000
0.0000
0.0000
0.0000
0.0000
0.0000
0.0000
0.0000
0.0000
0.0000
0.0000
0.0000
0.0000
0.0000
0.0000
0.0000
112.3047
112.3047
415.0391
415.0391
649.4141
649.4141
810.5469
810.5469
893.5547
893.5547
917.9687
917.9687
888.6719
888.6719
815.4297
815.4297
727.5391
727.5391
664.0625
664.0625
634.7656
634.7656
634.7656
634.7656
673.8281
673.8281
703.1250
703.1250
756.8359
756.8359
791.0156
791.0156
791.0156
791.0156
786.1328
786.1328
747.0703
747.0703
717.7734
717.7734
629.8828
629.8828
312.5000
312.5000
0.0000
0.0000
0.0000
0.0000
0.0000
0.0000
0.0000
0.0000
0.0000
0.0000
0.0000
0.0000
0.0000
0.0000
0.0000
0.0000
0.0000
0.0000
0.0000
0.0000
0.0000
0.0000
0.0000
0.0000
0.0000
0.0000
0.0000
0.0000
283.2031
283.2031
546.8750
546.8750
742.1875
742.1875
839.8437
839.8437
874.0234
874.0234
854.4922
854.4922
791.0156
791.0156
737.3047
737.3047
688.4766
688.4766
668.9453
668.9453
668.9453
668.9453
659.1797
659.1797
678.7109
678.7109
688.4766
688.4766
727.5391
727.5391
771.4844
771.4844
776.3672
776.3672
756.8359
756.8359
737.3047
737.3047
693.3594
693.3594
478.5156
478.5156
68.3594
68.3594
0.0000
0.0000
0.0000
0.0000
0.0000
0.0000
0.0000
0.0000
0.0000
0.0000
0.0000
0.0000
0.0000
0.0000
0.0000
0.0000
0.0000
0.0000
0.0000
0.0000
0.0000
0.0000
0.0000
0.0000
0.0000
0.0000
190.4297
190.4297
507.8125
507.8125
732.4219
732.4219
874.0234
874.0234
913.0859
913.0859
908.2031
908.2031
869.1406
869.1406
795.8984
795.8984
737.3047
737.3047
703.1250
703.1250
673.8281
673.8281
678.7109
678.7109
688.4766
688.4766
717.7734
717.7734
756.8359
756.8359
795.8984
795.8984
810.5469
810.5469
805.6641
805.6641
737.3047
737.3047
693.3594
693.3594
605.4687
605.4687
292.9687
292.9687
0.0000
0.0000
0.0000
0.0000
0.0000
0.0000
0.0000
0.0000
0.0000
0.0000
0.0000
0.0000
0.0000
0.0000
0.0000
0.0000
0.0000
0.0000
0.0000
0.0000
0.0000
0.0000
0.0000
0.0000
0.0000
0.0000
0.0000
0.0000
283.2031
283.2031
561.5234
561.5234
747.0703
747.0703
854.4922
854.4922
893.5547
893.5547
854.4922
854.4922
810.5469
810.5469
737.3047
737.3047
673.8281
673.8281
634.7656
634.7656
625.0000
625.0000
644.5312
644.5312
683.5937
683.5937
698.2422
698.2422
747.0703
747.0703
776.3672
776.3672
776.3672
776.3672
766.6016
766.6016
712.8906
712.8906
659.1797
659.1797
546.8750
546.8750
185.5469
185.5469
0.0000
0.0000
0.0000
0.0000
0.0000
0.0000
0.0000
0.0000
0.0000
0.0000
0.0000
0.0000
0.0000
0.0000
0.0000
0.0000
0.0000
0.0000
0.0000
0.0000
0.0000
0.0000
0.0000
0.0000
0.0000
0.0000
0.0000
0.0000
43.9453
43.9453
361.3281
361.3281
581.0547
581.0547
712.8906
712.8906
771.4844
771.4844
771.4844
771.4844
761.7187
761.7187
703.1250
703.1250
639.6484
639.6484
585.9375
585.9375
571.2891
571.2891
581.0547
581.0547
615.2344
615.2344
639.6484
639.6484
688.4766
688.4766
732.4219
732.4219
737.3047
737.3047
737.3047
737.3047
693.3594
693.3594
659.1797
659.1797
541.9922
541.9922
185.5469
185.5469
0.0000
0.0000
0.0000
0.0000
0.0000
0.0000
0.0000
0.0000
0.0000
0.0000
0.0000
0.0000
0.0000
0.0000
0.0000
0.0000
0.0000
0.0000
0.0000
0.0000
0.0000
0.0000
0.0000
0.0000
0.0000
0.0000
107.4219
107.4219
410.1562
410.1562
659.1797
659.1797
820.3125
820.3125
908.2031
908.2031
932.6172
932.6172
913.0859
913.0859
844.7266
844.7266
771.4844
771.4844
708.0078
708.0078
664.0625
664.0625
659.1797
659.1797
673.8281
673.8281
698.2422
698.2422
732.4219
732.4219
747.0703
747.0703
791.0156
791.0156
800.7812
800.7812
791.0156
791.0156
756.8359
756.8359
712.8906
712.8906
522.4609
522.4609
131.8359
131.8359
0.0000
0.0000
0.0000
0.0000
0.0000
0.0000
0.0000
0.0000
0.0000
0.0000
0.0000
0.0000
0.0000
0.0000
0.0000
0.0000
0.0000
0.0000
0.0000
0.0000
0.0000
0.0000
0.0000
0.0000
0.0000
0.0000
224.6094
224.6094
541.9922
541.9922
771.4844
771.4844
917.9687
917.9687
966.7969
966.7969
961.9141
961.9141
927.7344
927.7344
849.6094
849.6094
771.4844
771.4844
712.8906
712.8906
678.7109
678.7109
698.2422
698.2422
712.8906
712.8906
737.3047
737.3047
751.9531
751.9531
786.1328
786.1328
776.3672
776.3672
751.9531
751.9531
678.7109
678.7109
600.5859
600.5859
434.5703
434.5703
92.7734
92.7734
0.0000
0.0000
0.0000
0.0000
0.0000
0.0000
0.0000
0.0000
0.0000
0.0000
0.0000
0.0000
0.0000
0.0000
0.0000
0.0000
0.0000
0.0000
0.0000
0.0000
0.0000
0.0000
0.0000
0.0000
0.0000
0.0000
73.2422
73.2422
375.9766
375.9766
644.5312
644.5312
795.8984
795.8984
869.1406
869.1406
893.5547
893.5547
864.2578
864.2578
815.4297
815.4297
737.3047
737.3047
659.1797
659.1797
629.8828
629.8828
620.1172
620.1172
644.5312
644.5312
668.9453
668.9453
698.2422
698.2422
737.3047
737.3047
771.4844
771.4844
756.8359
756.8359
722.6562
722.6562
678.7109
678.7109
576.1719
576.1719
302.7344
302.7344
0.0000
0.0000
0.0000
0.0000
0.0000
0.0000
0.0000
0.0000
0.0000
0.0000
0.0000
0.0000
0.0000
0.0000
0.0000
0.0000
0.0000
0.0000
0.0000
0.0000
0.0000
0.0000
0.0000
0.0000
0.0000
0.0000
43.9453
43.9453
366.2109
366.2109
639.6484
639.6484
825.1953
825.1953
937.5000
937.5000
957.0312
957.0312
942.3828
942.3828
903.3203
903.3203
810.5469
810.5469
732.4219
732.4219
683.5937
683.5937
659.1797
659.1797
683.5937
683.5937
698.2422
698.2422
722.6562
722.6562
761.7187
761.7187
766.6016
766.6016
766.6016
766.6016
737.3047
737.3047
664.0625
664.0625
581.0547
581.0547
361.3281
361.3281
0.0000
0.0000
0.0000
0.0000
0.0000
0.0000
0.0000
0.0000
0.0000
0.0000
0.0000
0.0000
0.0000
0.0000
0.0000
0.0000
0.0000
0.0000
0.0000
0.0000
0.0000
0.0000
0.0000
0.0000
0.0000
0.0000
0.0000
0.0000
78.1250
78.1250
366.2109
366.2109
610.3516
610.3516
751.9531
751.9531
830.0781
830.0781
839.8437
839.8437
800.7812
800.7812
737.3047
737.3047
649.4141
649.4141
610.3516
610.3516
600.5859
600.5859
610.3516
610.3516
649.4141
649.4141
683.5937
683.5937
698.2422
698.2422
732.4219
732.4219
732.4219
732.4219
727.5391
727.5391
688.4766
688.4766
654.2969
654.2969
556.6406
556.6406
244.1406
244.1406
0.0000
0.0000
0.0000
0.0000
0.0000
0.0000
0.0000
0.0000
0.0000
0.0000
0.0000
0.0000
0.0000
0.0000
0.0000
0.0000
0.0000
0.0000
0.0000
0.0000
0.0000
0.0000
0.0000
0.0000
0.0000
0.0000
0.0000
0.0000
302.7344
302.7344
546.8750
546.8750
751.9531
751.9531
854.4922
854.4922
888.6719
888.6719
874.0234
874.0234
810.5469
810.5469
756.8359
756.8359
698.2422
698.2422
659.1797
659.1797
649.4141
649.4141
629.8828
629.8828
654.2969
654.2969
693.3594
693.3594
737.3047
737.3047
791.0156
791.0156
805.6641
805.6641
771.4844
771.4844
708.0078
708.0078
615.2344
615.2344
346.6797
346.6797
0.0000
0.0000
0.0000
0.0000
0.0000
0.0000
0.0000
0.0000
0.0000
0.0000
0.0000
0.0000
0.0000
0.0000
0.0000
0.0000
0.0000
0.0000
0.0000
0.0000
0.0000
0.0000
0.0000
0.0000
0.0000
0.0000
0.0000
0.0000
0.0000
0.0000
283.2031
283.2031
517.5781
517.5781
688.4766
688.4766
795.8984
795.8984
825.1953
825.1953
800.7812
800.7812
737.3047
737.3047
683.5937
683.5937
639.6484
639.6484
600.5859
600.5859
610.3516
610.3516
629.8828
629.8828
664.0625
664.0625
712.8906
712.8906
732.4219
732.4219
761.7187
761.7187
771.4844
771.4844
766.6016
756.8359
756.8359
756.8359
737.3047
737.3047
649.4141
649.4141
302.7344
302.7344
0.0000
0.0000
0.0000
0.0000
0.0000
0.0000
0.0000
0.0000
0.0000
0.0000
0.0000
0.0000
0.0000
0.0000
0.0000
0.0000
0.0000
0.0000
0.0000
0.0000
0.0000
0.0000
0.0000
0.0000
0.0000
126.9531
126.9531
429.6875
429.6875
693.3594
693.3594
859.3750
859.3750
952.1484
952.1484
942.3828
942.3828
908.2031
908.2031
834.9609
834.9609
756.8359
756.8359
698.2422
698.2422
659.1797
659.1797
664.0625
664.0625
688.4766
688.4766
717.7734
717.7734
766.6016
766.6016
791.0156
791.0156
810.5469
810.5469
805.6641
805.6641
761.7187
761.7187
693.3594
693.3594
639.6484
639.6484
395.5078
395.5078
0.0000
0.0000
0.0000
0.0000
0.0000
0.0000
0.0000
0.0000
0.0000
0.0000
0.0000
0.0000
0.0000
0.0000
0.0000
0.0000
0.0000
0.0000
0.0000
0.0000
0.0000
0.0000
0.0000
0.0000
0.0000
0.0000
0.0000
0.0000
190.4297
190.4297
483.3984
483.3984
708.0078
708.0078
849.6094
849.6094
932.6172
932.6172
942.3828
942.3828
903.3203
903.3203
834.9609
834.9609
751.9531
751.9531
688.4766
688.4766
644.5312
644.5312
629.8828
629.8828
639.6484
639.6484
683.5937
683.5937
717.7734
717.7734
771.4844
771.4844
781.2500
781.2500
795.8984
795.8984
786.1328
786.1328
742.1875
742.1875
693.3594
693.3594
556.6406
556.6406
190.4297
190.4297
0.0000
0.0000
0.0000
0.0000
0.0000
0.0000
0.0000
0.0000
0.0000
0.0000
0.0000
0.0000
0.0000
0.0000
0.0000
0.0000
0.0000
0.0000
0.0000
0.0000
0.0000
0.0000
0.0000
0.0000
0.0000
0.0000
0.0000
0.0000
249.0234
249.0234
532.2266
532.2266
742.1875
742.1875
864.2578
864.2578
908.2031
908.2031
878.9062
878.9062
834.9609
834.9609
776.3672
776.3672
712.8906
