517.5781
800.7812
800.7812
1059.5703
1059.5703
1289.0625
1289.0625
1489.2578
1489.2578
1596.6797
1596.6797
1728.5156
1728.5156
1733.3984
1733.3984
1757.8125
1757.8125
1679.6875
1679.6875
1635.7422
1635.7422
1606.4453
1606.4453
1601.5625
1601.5625
1660.1562
1660.1562
1660.1562
1660.1562
1723.6328
1723.6328
1679.6875
1679.6875
1650.3906
1650.3906
1489.2578
1489.2578
1352.5391
1352.5391
1240.2344
1240.2344
1137.6953
1137.6953
737.3047
737.3047
0.0000
0.0000
0.0000
0.0000
0.0000
0.0000
0.0000
0.0000
0.0000
0.0000
0.0000
0.0000
0.0000
0.0000
0.0000
0.0000
0.0000
0.0000
0.0000
0.0000
0.0000
0.0000
0.0000
0.0000
0.0000
0.0000
0.0000
0.0000
0.0000
0.0000
0.0000
0.0000
0.0000
0.0000
0.0000
0.0000
253.9062
253.9062
649.4141
649.4141
971.6797
971.6797
1137.6953
1137.6953
1245.1172
1245.1172
1293.9453
1293.9453
1362.3047
1362.3047
1440.4297
1440.4297
1572.2656
1572.2656
1655.2734
1655.2734
1728.5156
1728.5156
1713.8672
1713.8672
1660.1562
1660.1562
1572.2656
1572.2656
1489.2578
1489.2578
1528.3203
1528.3203
1552.7344
1552.7344
1665.0391
1665.0391
1689.4531
1689.4531
1704.1016
1704.1016
1596.6797
1596.6797
1347.6562
1347.6562
791.0156
791.0156
87.8906
87.8906
0.0000
0.0000
0.0000
0.0000
0.0000
0.0000
0.0000
0.0000
0.0000
0.0000
0.0000
0.0000
0.0000
0.0000
0.0000
0.0000
0.0000
0.0000
0.0000
0.0000
0.0000
0.0000
0.0000
0.0000
0.0000
0.0000
0.0000
0.0000
151.3672
151.3672
483.3984
483.3984
776.3672
776.3672
1035.1562
1035.1562
1206.0547
1206.0547
1381.8359
1381.8359
1499.0234
1499.0234
1616.2109
1616.2109
1713.8672
1713.8672
1767.5781
1767.5781
1811.5234
1811.5234
1757.8125
1757.8125
1728.5156
1728.5156
1630.8594
1630.8594
1596.6797
1596.6797
1528.3203
1528.3203
1528.3203
1528.3203
1503.9062
1503.9062
1503.9062
1503.9062
1474.6094
1474.6094
1367.1875
1367.1875
1333.0078
1333.0078
1250.0000
1250.0000
1069.3359
1069.3359
400.3906
400.3906
0.0000
0.0000
0.0000
0.0000
0.0000
0.0000
0.0000
0.0000
0.0000
0.0000
0.0000
0.0000
0.0000
0.0000
0.0000
0.0000
0.0000
0.0000
0.0000
0.0000
0.0000
0.0000
0.0000
0.0000
0.0000
0.0000
0.0000
0.0000
0.0000
0.0000
0.0000
0.0000
0.0000
0.0000
0.0000
0.0000
385.7422
385.7422
683.5937
683.5937
976.5625
976.5625
1108.3984
1108.3984
1206.0547
1206.0547
1210.9375
1210.9375
1230.4687
1230.4687
1250.0000
1250.0000
1328.1250
1328.1250
1425.7812
1425.7812
1499.0234
1499.0234
1572.2656
1572.2656
1552.7344
1552.7344
1503.9062
1503.9062
1435.5469
1435.5469
1381.8359
1381.8359
1308.5937
1308.5937
1264.6484
1264.6484
1235.3516
1235.3516
1171.8750
1171.8750
976.5625
976.5625
581.0547
581.0547
0.0000
0.0000
0.0000
0.0000
0.0000
0.0000
0.0000
0.0000
0.0000
0.0000
0.0000
0.0000
0.0000
0.0000
0.0000
0.0000
0.0000
0.0000
0.0000
0.0000
0.0000
0.0000
0.0000
0.0000
0.0000
0.0000
0.0000
0.0000
0.0000
0.0000
0.0000
0.0000
19.5312
19.5312
361.3281
361.3281
678.7109
678.7109
917.9687
917.9687
1088.8672
1088.8672
1225.5859
1225.5859
1308.5937
1308.5937
1425.7812
1425.7812
1489.2578
1489.2578
1591.7969
1591.7969
1630.8594
1630.8594
1635.7422
1635.7422
1586.9141
1586.9141
1523.4375
1523.4375
1459.9609
1459.9609
1372.0703
1372.0703
1391.6016
1391.6016
1357.4219
1357.4219
1391.6016
1391.6016
1333.0078
1333.0078
1313.4766
1313.4766
1240.2344
1240.2344
1015.6250
1015.6250
478.5156
478.5156
0.0000
0.0000
0.0000
0.0000
0.0000
0.0000
0.0000
0.0000
0.0000
0.0000
0.0000
0.0000
0.0000
0.0000
0.0000
0.0000
0.0000
0.0000
0.0000
0.0000
0.0000
0.0000
0.0000
0.0000
0.0000
0.0000
0.0000
0.0000
0.0000
0.0000
0.0000
0.0000
112.3047
112.3047
332.0312
332.0312
629.8828
629.8828
810.5469
810.5469
1064.4531
1064.4531
1230.4687
1230.4687
1401.3672
1401.3672
1513.6719
1513.6719
1562.5000
1562.5000
1562.5000
1562.5000
1499.0234
1499.0234
1459.9609
1459.9609
1411.1328
1411.1328
1396.4844
1396.4844
1386.7187
1386.7187
1425.7812
1425.7812
1445.3125
1445.3125
1445.3125
1445.3125
1381.8359
1381.8359
1240.2344
1240.2344
1079.1016
1079.1016
913.0859
913.0859
532.2266
532.2266
0.0000
0.0000
0.0000
0.0000
0.0000
0.0000
0.0000
0.0000
0.0000
0.0000
0.0000
0.0000
0.0000
0.0000
0.0000
0.0000
0.0000
0.0000
0.0000
0.0000
0.0000
0.0000
0.0000
0.0000
0.0000
0.0000
0.0000
0.0000
0.0000
0.0000
0.0000
0.0000
0.0000
0.0000
385.7422
385.7422
751.9531
751.9531
1025.3906
1025.3906
1245.1172
1245.1172
1342.7734
1342.7734
1391.6016
1391.6016
1357.4219
1357.4219
1333.0078
1333.0078
1342.7734
1342.7734
1406.2500
1406.2500
1499.0234
1499.0234
1538.0859
1538.0859
1606.4453
1606.4453
1557.6172
1557.6172
1499.0234
1499.0234
1352.5391
1352.5391
1230.4687
1230.4687
1103.5156
1103.5156
1040.0391
1040.0391
1103.5156
1103.5156
1040.0391
1040.0391
717.7734
717.7734
0.0000
0.0000
0.0000
0.0000
0.0000
0.0000
0.0000
0.0000
0.0000
0.0000
0.0000
0.0000
0.0000
0.0000
0.0000
0.0000
0.0000
0.0000
0.0000
0.0000
0.0000
0.0000
0.0000
0.0000
0.0000
0.0000
0.0000
0.0000
0.0000
0.0000
0.0000
0.0000
29.2969
29.2969
366.2109
366.2109
712.8906
712.8906
908.2031
908.2031
1054.6875
1054.6875
1147.4609
1147.4609
1201.1719
1201.1719
1298.8281
1298.8281
1342.7734
1342.7734
1430.6641
1430.6641
1450.1953
1450.1953
1469.7266
1469.7266
1430.6641
1430.6641
1376.9531
1376.9531
1289.0625
1289.0625
1259.7656
1259.7656
1293.9453
1293.9453
1342.7734
1342.7734
1381.8359
1381.8359
1367.1875
1367.1875
1308.5937
1308.5937
1137.6953
1137.6953
800.7812
800.7812
126.9531
126.9531
0.0000
0.0000
0.0000
0.0000
0.0000
0.0000
0.0000
0.0000
0.0000
0.0000
0.0000
0.0000
0.0000
0.0000
0.0000
0.0000
0.0000
0.0000
0.0000
0.0000
0.0000
0.0000
0.0000
0.0000
0.0000
0.0000
0.0000
0.0000
0.0000
0.0000
0.0000
0.0000
0.0000
0.0000
180.6641
180.6641
400.3906
400.3906
688.4766
688.4766
903.3203
903.3203
1132.8125
1132.8125
1328.1250
1328.1250
1396.4844
1396.4844
1518.5547
1518.5547
1503.9062
1503.9062
1533.2031
1533.2031
1440.4297
1440.4297
1464.8437
1464.8437
1440.4297
1440.4297
1469.7266
1469.7266
1513.6719
1513.6719
1538.0859
1538.0859
1582.0312
1582.0312
1503.9062
1503.9062
1445.3125
1445.3125
1352.5391
1352.5391
1401.3672
1401.3672
1250.0000
1250.0000
771.4844
771.4844
29.2969
29.2969
0.0000
0.0000
0.0000
0.0000
0.0000
0.0000
0.0000
0.0000
0.0000
0.0000
0.0000
0.0000
0.0000
0.0000
0.0000
0.0000
0.0000
0.0000
0.0000
0.0000
0.0000
0.0000
0.0000
0.0000
0.0000
0.0000
0.0000
0.0000
0.0000
0.0000
346.6797
346.6797
727.5391
727.5391
986.3281
986.3281
1245.1172
1245.1172
1357.4219
1357.4219
1440.4297
1440.4297
1411.1328
1411.1328
1416.0156
1416.0156
1376.9531
1376.9531
1391.6016
1391.6016
1445.3125
1445.3125
1494.1406
1494.1406
1577.1484
1577.1484
1562.5000
1562.5000
1538.0859
1538.0859
1420.8984
1420.8984
1347.6562
1347.6562
1259.7656
1259.7656
1210.9375
1210.9375
1166.9922
1166.9922
1137.6953
1137.6953
1005.8594
1005.8594
507.8125
507.8125
0.0000
0.0000
0.0000
0.0000
0.0000
0.0000
0.0000
0.0000
0.0000
0.0000
0.0000
0.0000
0.0000
0.0000
0.0000
0.0000
0.0000
0.0000
0.0000
0.0000
0.0000
0.0000
0.0000
0.0000
0.0000
0.0000
0.0000
0.0000
0.0000
0.0000
0.0000
0.0000
14.6484
14.6484
415.0391
415.0391
708.0078
708.0078
927.7344
927.7344
1059.5703
1059.5703
1152.3437
1152.3437
1201.1719
1201.1719
1298.8281
1298.8281
1357.4219
1357.4219
1484.3750
1484.3750
1562.5000
1562.5000
1611.3281
1611.3281
1625.9766
1625.9766
1533.2031
1533.2031
1455.0781
1455.0781
1313.4766
1313.4766
1313.4766
1313.4766
1259.7656
1259.7656
1303.7109
1303.7109
1289.0625
1289.0625
1318.3594
1318.3594
1225.5859
1225.5859
776.3672
776.3672
58.5937
58.5937
0.0000
0.0000
0.0000
0.0000
0.0000
0.0000
0.0000
0.0000
0.0000
0.0000
0.0000
0.0000
0.0000
0.0000
0.0000
0.0000
0.0000
0.0000
0.0000
0.0000
0.0000
0.0000
0.0000
0.0000
0.0000
0.0000
0.0000
0.0000
0.0000
0.0000
190.4297
190.4297
522.4609
522.4609
629.8828
629.8828
830.0781
830.0781
942.3828
942.3828
1118.1641
1118.1641
1264.6484
1264.6484
1386.7187
1386.7187
1489.2578
1489.2578
1484.3750
1459.9609
1459.9609
1459.9609
1362.3047
1362.3047
1323.2422
1323.2422
1264.6484
1264.6484
1269.5312
1269.5312
1323.2422
1323.2422
1386.7187
1386.7187
1416.0156
1416.0156
1381.8359
1381.8359
1264.6484
1264.6484
1079.1016
1079.1016
815.4297
815.4297
356.4453
356.4453
0.0000
0.0000
0.0000
0.0000
0.0000
0.0000
0.0000
0.0000
0.0000
0.0000
0.0000
0.0000
0.0000
0.0000
0.0000
0.0000
0.0000
0.0000
0.0000
0.0000
0.0000
0.0000
0.0000
0.0000
0.0000
0.0000
0.0000
0.0000
0.0000
0.0000
0.0000
0.0000
0.0000
175.7812
175.7812
507.8125
507.8125
839.8437
839.8437
1079.1016
1079.1016
1289.0625
1289.0625
1401.3672
1401.3672
1459.9609
1459.9609
1450.1953
1450.1953
1420.8984
1420.8984
1425.7812
1425.7812
1411.1328
1411.1328
1474.6094
1474.6094
1464.8437
1464.8437
1523.4375
1523.4375
1479.4922
1479.4922
1464.8437
1464.8437
1367.1875
1367.1875
1274.4141
1274.4141
1176.7578
1176.7578
1142.5781
1142.5781
1240.2344
1240.2344
1108.3984
1108.3984
673.8281
673.8281
0.0000
0.0000
0.0000
0.0000
0.0000
0.0000
0.0000
0.0000
0.0000
0.0000
0.0000
0.0000
0.0000
0.0000
0.0000
0.0000
0.0000
0.0000
0.0000
0.0000
0.0000
0.0000
0.0000
0.0000
0.0000
0.0000
0.0000
0.0000
0.0000
0.0000
0.0000
0.0000
24.4141
24.4141
395.5078
395.5078
732.4219
732.4219
952.1484
952.1484
1059.5703
1059.5703
1157.2266
1157.2266
1147.4609
1147.4609
1220.7031
1220.7031
1259.7656
1259.7656
1362.3047
1362.3047
1411.1328
1411.1328
1474.6094
1474.6094
1484.3750
1484.3750
1435.5469
1435.5469
1342.7734
1342.7734
1264.6484
1264.6484
1240.2344
1240.2344
1235.3516
1235.3516
1250.0000
1250.0000
1210.9375
1210.9375
1171.8750
1171.8750
893.5547
893.5547
297.8516
297.8516
0.0000
0.0000
0.0000
0.0000
0.0000
0.0000
0.0000
0.0000
0.0000
0.0000
0.0000
0.0000
0.0000
0.0000
0.0000
0.0000
0.0000
0.0000
0.0000
0.0000
0.0000
0.0000
0.0000
0.0000
0.0000
0.0000
0.0000
0.0000
0.0000
0.0000
0.0000
0.0000
195.3125
195.3125
488.2812
488.2812
747.0703
747.0703
932.6172
932.6172
1093.7500
1093.7500
1225.5859
1225.5859
1357.4219
1357.4219
1484.3750
1484.3750
1547.8516
1547.8516
1616.2109
1616.2109
1577.1484
1577.1484
1582.0312
1582.0312
1494.1406
1494.1406
1484.3750
1484.3750
1430.6641
1430.6641
1401.3672
1401.3672
1386.7187
1386.7187
1313.4766
1313.4766
1313.4766
1313.4766
1259.7656
1259.7656
1245.1172
1245.1172
869.1406
869.1406
278.3203
278.3203
0.0000
0.0000
0.0000
0.0000
0.0000
0.0000
0.0000
0.0000
0.0000
0.0000
0.0000
0.0000
0.0000
0.0000
0.0000
0.0000
0.0000
0.0000
0.0000
0.0000
0.0000
0.0000
0.0000
0.0000
0.0000
0.0000
0.0000
0.0000
0.0000
0.0000
19.5312
19.5312
312.5000
312.5000
581.0547
581.0547
791.0156
791.0156
1005.8594
1005.8594
1132.8125
1132.8125
1313.4766
1313.4766
1386.7187
1386.7187
1479.4922
1479.4922
1479.4922
1479.4922
1469.7266
1469.7266
1420.8984
1420.8984
1376.9531
1376.9531
1391.6016
1391.6016
1391.6016
1391.6016
1430.6641
1430.6641
1445.3125
1445.3125
1474.6094
1474.6094
1401.3672
1401.3672
1323.2422
1323.2422
1162.1094
1162.1094
1079.1016
1079.1016
917.9687
917.9687
385.7422
385.7422
0.0000
0.0000
0.0000
0.0000
0.0000
0.0000
0.0000
0.0000
0.0000
0.0000
0.0000
0.0000
0.0000
0.0000
0.0000
0.0000
0.0000
0.0000
0.0000
0.0000
0.0000
0.0000
0.0000
0.0000
0.0000
0.0000
0.0000
0.0000
0.0000
0.0000
0.0000
0.0000
0.0000
0.0000
131.8359
131.8359
546.8750
546.8750
888.6719
888.6719
1123.0469
1123.0469
1274.4141
1274.4141
1308.5937
1308.5937
1372.0703
1372.0703
1323.2422
1323.2422
1411.1328
1411.1328
1459.9609
1459.9609
1562.5000
1562.5000
1621.0937
1621.0937
1665.0391
1665.0391
1655.2734
1655.2734
1547.8516
1547.8516
1479.4922
1479.4922
1347.6562
1347.6562
1347.6562
1347.6562
1293.9453
1293.9453
1318.3594
1318.3594
1352.5391
1352.5391
1308.5937
1308.5937
922.8516
922.8516
151.3672
151.3672
0.0000
0.0000
0.0000
0.0000
0.0000
0.0000
0.0000
0.0000
0.0000
0.0000
0.0000
0.0000
0.0000
0.0000
0.0000
0.0000
0.0000
0.0000
0.0000
0.0000
0.0000
0.0000
0.0000
0.0000
0.0000
0.0000
0.0000
0.0000
0.0000
0.0000
366.2109
366.2109
634.7656
634.7656
883.7891
883.7891
1010.7422
1010.7422
1113.2812
1113.2812
1171.8750
1171.8750
1269.5312
1269.5312
1362.3047
1362.3047
1455.0781
1455.0781
1547.8516
1547.8516
1547.8516
1547.8516
1518.5547
1518.5547
1411.1328
1411.1328
1337.8906
1337.8906
1230.4687
1230.4687
1240.2344
1240.2344
1279.2969
1279.2969
1323.2422
1323.2422
1289.0625
1289.0625
1196.2891
1196.2891
1030.2734
1030.2734
634.7656
634.7656
0.0000
0.0000
0.0000
0.0000
0.0000
0.0000
0.0000
0.0000
0.0000
0.0000
0.0000
0.0000
0.0000
0.0000
0.0000
0.0000
0.0000
0.0000
0.0000
0.0000
0.0000
0.0000
0.0000
0.0000
0.0000
0.0000
0.0000
0.0000
0.0000
0.0000
0.0000
0.0000
0.0000
0.0000
0.0000
0.0000
112.3047
112.3047
390.6250
390.6250
615.2344
615.2344
932.6172
932.6172
1108.3984
1108.3984
1337.8906
1337.8906
1445.3125
1445.3125
1489.2578
1489.2578
1499.0234
1499.0234
1455.0781
1455.0781
1469.7266
1469.7266
1425.7812
1425.7812
1494.1406
1494.1406
1479.4922
1479.4922
1538.0859
1538.0859
1508.7891
1508.7891
1479.4922
1479.4922
1391.6016
1391.6016
1279.2969
1279.2969
1259.7656
1259.7656
1220.7031
1220.7031
1074.2187
1074.2187
507.8125
507.8125
0.0000
0.0000
0.0000
0.0000
0.0000
0.0000
0.0000
0.0000
0.0000
0.0000
0.0000
0.0000
0.0000
0.0000
0.0000
0.0000
0.0000
0.0000
0.0000
0.0000
0.0000
0.0000
0.0000
0.0000
0.0000
0.0000
0.0000
0.0000
0.0000
0.0000
0.0000
0.0000
229.4922
229.4922
629.8828
629.8828
917.9687
917.9687
1166.9922
1166.9922
1323.2422
1323.2422
1386.7187
1386.7187
1430.6641
1430.6641
1381.8359
1381.8359
1396.4844
1396.4844
1386.7187
1386.7187
1450.1953
1450.1953
1489.2578
1489.2578
1557.6172
1557.6172
1572.2656
1572.2656
1513.6719
1513.6719
1440.4297
1440.4297
1328.1250
1328.1250
1240.2344
1240.2344
1142.5781
1142.5781
1123.0469
1123.0469
1059.5703
1059.5703
820.3125
820.3125
307.6172
307.6172
0.0000
0.0000
0.0000
0.0000
0.0000
0.0000
0.0000
0.0000
0.0000
0.0000
0.0000
0.0000
0.0000
0.0000
0.0000
0.0000
0.0000
0.0000
0.0000
0.0000
0.0000
0.0000
0.0000
0.0000
0.0000
0.0000
0.0000
0.0000
0.0000
0.0000
0.0000
0.0000
268.5547
268.5547
625.0000
625.0000
869.1406
869.1406
1030.2734
1030.2734
1137.6953
1137.6953
1201.1719
1201.1719
1279.2969
1279.2969
1357.4219
1357.4219
1474.6094
1474.6094
1533.2031
1533.2031
1616.2109
1616.2109
1586.9141
1586.9141
1542.9687
1542.9687
1459.9609
1459.9609
1357.4219
1357.4219
1289.0625
1289.0625
1250.0000
1250.0000
1254.8828
1254.8828
1235.3516
1235.3516
1279.2969
1279.2969
1210.9375
1210.9375
908.2031
908.2031
195.3125
195.3125
0.0000
0.0000
0.0000
0.0000
0.0000
0.0000
0.0000
0.0000
0.0000
0.0000
0.0000
0.0000
0.0000
0.0000
0.0000
0.0000
0.0000
0.0000
0.0000
0.0000
0.0000
0.0000
0.0000
0.0000
0.0000
0.0000
0.0000
0.0000
0.0000
0.0000
0.0000
0.0000
39.0625
39.0625
302.7344
302.7344
551.7578
551.7578
698.2422
698.2422
932.6172
932.6172
1044.9219
1044.9219
1225.5859
1225.5859
1323.2422
1323.2422
1416.0156
1416.0156
1430.6641
1430.6641
1411.1328
1411.1328
1367.1875
1367.1875
1313.4766
1313.4766
1342.7734
1342.7734
1303.7109
1303.7109
1337.8906
1337.8906
1357.4219
1357.4219
1357.4219
1357.4219
1303.7109
1303.7109
1166.9922
1166.9922
957.0312
957.0312
625.0000
625.0000
175.7812
175.7812
0.0000
0.0000
0.0000
0.0000
0.0000
0.0000
0.0000
0.0000
0.0000
0.0000
0.0000
0.0000
0.0000
0.0000
0.0000
0.0000
0.0000
0.0000
0.0000
0.0000
0.0000
0.0000
0.0000
0.0000
0.0000
0.0000
0.0000
0.0000
0.0000
0.0000
0.0000
0.0000
24.4141
24.4141
327.1484
327.1484
644.5312
644.5312
942.3828
942.3828
1191.4062
1191.4062
1337.8906
1337.8906
1464.8437
1464.8437
1474.6094
1474.6094
1474.6094
1474.6094
1401.3672
1401.3672
1406.2500
1406.2500
1401.3672
1401.3672
1484.3750
1484.3750
1562.5000
1562.5000
1577.1484
1577.1484
1591.7969
1591.7969
1503.9062
1503.9062
1420.8984
1420.8984
1250.0000
1250.0000
1186.5234
1186.5234
1142.5781
1142.5781
1176.7578
1176.7578
952.1484
952.1484
371.0937
371.0937
0.0000
0.0000
0.0000
0.0000
0.0000
0.0000
0.0000
0.0000
0.0000
0.0000
0.0000
0.0000
0.0000
0.0000
0.0000
0.0000
0.0000
0.0000
0.0000
0.0000
0.0000
0.0000
0.0000
0.0000
0.0000
0.0000
0.0000
0.0000
0.0000
0.0000
0.0000
0.0000
131.8359
131.8359
571.2891
571.2891
781.2500
781.2500
1010.7422
1010.7422
1088.8672
1088.8672
1162.1094
1162.1094
1215.8203
1215.8203
1264.6484
1264.6484
1362.3047
1362.3047
1416.0156
1416.0156
1503.9062
1503.9062
1499.0234
1499.0234
1494.1406
1494.1406
1391.6016
1391.6016
1303.7109
1303.7109
1225.5859
1196.2891
1196.2891
1196.2891
1201.1719
1201.1719
1186.5234
1186.5234
1157.2266
1157.2266
1030.2734
1030.2734
678.7109
678.7109
78.1250
78.1250
0.0000
0.0000
0.0000
0.0000
0.0000
0.0000
0.0000
0.0000
0.0000
0.0000
0.0000
0.0000
0.0000
0.0000
0.0000
0.0000
0.0000
0.0000
0.0000
0.0000
0.0000
0.0000
0.0000
0.0000
0.0000
0.0000
0.0000
0.0000
0.0000
24.4141
24.4141
361.3281
361.3281
659.1797
659.1797
869.1406
869.1406
1020.5078
1020.5078
1103.5156
1103.5156
1225.5859
1225.5859
1313.4766
1313.4766
1435.5469
1435.5469
1518.5547
1518.5547
1591.7969
1591.7969
1616.2109
1616.2109
1572.2656
1572.2656
1538.0859
1538.0859
1445.3125
1445.3125
1435.5469
1435.5469
1381.8359
1381.8359
1435.5469
1435.5469
1416.0156
1416.0156
1386.7187
1386.7187
1328.1250
1328.1250
1289.0625
1289.0625
1220.7031
1220.7031
751.9531
751.9531
73.2422
73.2422
0.0000
0.0000
0.0000
0.0000
0.0000
0.0000
0.0000
0.0000
0.0000
0.0000
0.0000
0.0000
0.0000
0.0000
0.0000
0.0000
0.0000
0.0000
0.0000
0.0000
0.0000
0.0000
0.0000
0.0000
0.0000
0.0000
0.0000
0.0000
0.0000
0.0000
4.8828
4.8828
351.5625
351.5625
615.2344
615.2344
908.2031
908.2031
1127.9297
1127.9297
1293.9453
1293.9453
1416.0156
1416.0156
1430.6641
1430.6641
1425.7812
1425.7812
1323.2422
1323.2422
1293.9453
1293.9453
1250.0000
1250.0000
1298.8281
1298.8281
1342.7734
1342.7734
1396.4844
1396.4844
1411.1328
1411.1328
1391.6016
1391.6016
1323.2422
1323.2422
1196.2891
1196.2891
1083.9844
1083.9844
947.2656
947.2656
878.9062
878.9062
585.9375
585.9375
19.5312
19.5312
0.0000
0.0000
0.0000
0.0000
0.0000
0.0000
0.0000
0.0000
0.0000
0.0000
0.0000
0.0000
0.0000
0.0000
0.0000
0.0000
0.0000
0.0000
0.0000
0.0000
0.0000
0.0000
0.0000
0.0000
0.0000
0.0000
0.0000
0.0000
0.0000
0.0000
0.0000
0.0000
83.0078
83.0078
439.4531
439.4531
766.6016
766.6016
1000.9766
1000.9766
1137.6953
1137.6953
1230.4687
1230.4687
1264.6484
1264.6484
1318.3594
1318.3594
1342.7734
1342.7734
1455.0781
1455.0781
1494.1406
1494.1406
1557.6172
1557.6172
1533.2031
1533.2031
1489.2578
1489.2578
1372.0703
1372.0703
1284.1797
1284.1797
1274.4141
1274.4141
1230.4687
1230.4687
1289.0625
1289.0625
1293.9453
1293.9453
1391.6016
1391.6016
1279.2969
1279.2969
839.8437
839.8437
24.4141
24.4141
0.0000
0.0000
0.0000
0.0000
0.0000
0.0000
0.0000
0.0000
0.0000
0.0000
0.0000
0.0000
0.0000
0.0000
0.0000
0.0000
0.0000
0.0000
0.0000
0.0000
0.0000
0.0000
0.0000
0.0000
0.0000
0.0000
0.0000
0.0000
0.0000
0.0000
83.0078
83.0078
424.8047
424.8047
625.0000
625.0000
815.4297
815.4297
883.7891
883.7891
1025.3906
1025.3906
1113.2812
1113.2812
1259.7656
1259.7656
1352.5391
1352.5391
1445.3125
1445.3125
1445.3125
1445.3125
1420.8984
1420.8984
1372.0703
1372.0703
1293.9453
1293.9453
1259.7656
1259.7656
1264.6484
1264.6484
1318.3594
1318.3594
1362.3047
1362.3047
1391.6016
1391.6016
1313.4766
1313.4766
1186.5234
1186.5234
917.9687
917.9687
429.6875
429.6875
0.0000
0.0000
0.0000
0.0000
0.0000
0.0000
0.0000
0.0000
0.0000
0.0000
0.0000
0.0000
0.0000
0.0000
0.0000
0.0000
0.0000
0.0000
0.0000
0.0000
0.0000
0.0000
0.0000
0.0000
0.0000
0.0000
0.0000
0.0000
0.0000
0.0000
0.0000
0.0000
58.5937
58.5937
366.2109
366.2109
654.2969
654.2969
913.0859
913.0859
1147.4609
1147.4609
1347.6562
1347.6562
1459.9609
1459.9609
1533.2031
1533.2031
1489.2578
1489.2578
1450.1953
1450.1953
1372.0703
1372.0703
1372.0703
1372.0703
1376.9531
1376.9531
1435.5469
1435.5469
1508.7891
1508.7891
1503.9062
1503.9062
1499.0234
1499.0234
1362.3047
1362.3047
1250.0000
1250.0000
1123.0469
1123.0469
1142.5781
1142.5781
1049.8047
1049.8047
654.2969
654.2969
24.4141
24.4141
0.0000
0.0000
0.0000
0.0000
0.0000
0.0000
0.0000
0.0000
0.0000
0.0000
0.0000
0.0000
0.0000
0.0000
0.0000
0.0000
0.0000
0.0000
0.0000
0.0000
0.0000
0.0000
0.0000
0.0000
0.0000
0.0000
0.0000
0.0000
0.0000
0.0000
136.7187
136.7187
507.8125
507.8125
747.0703
747.0703
986.3281
986.3281
1123.0469
1123.0469
1245.1172
1245.1172
1293.9453
1293.9453
1318.3594
1318.3594
1284.1797
1284.1797
1264.6484
1264.6484
1318.3594
1318.3594
1347.6562
1347.6562
1411.1328
1411.1328
1416.0156
1416.0156
1416.0156
1416.0156
1333.0078
1333.0078
1279.2969
1279.2969
1186.5234
1186.5234
1098.6328
1098.6328
1000.9766
1000.9766
903.3203
903.3203
708.0078
708.0078
224.6094
224.6094
0.0000
0.0000
0.0000
0.0000
0.0000
0.0000
0.0000
0.0000
0.0000
0.0000
0.0000
0.0000
0.0000
0.0000
0.0000
0.0000
0.0000
0.0000
0.0000
0.0000
0.0000
0.0000
0.0000
0.0000
0.0000
0.0000
0.0000
0.0000
0.0000
0.0000
0.0000
0.0000
0.0000
0.0000
185.5469
185.5469
517.5781
517.5781
771.4844
771.4844
908.2031
908.2031
1044.9219
1044.9219
1064.4531
1064.4531
1201.1719
1201.1719
1279.2969
1279.2969
1406.2500
1406.2500
1528.3203
1528.3203
1572.2656
1572.2656
1616.2109
1616.2109
1547.8516
1547.8516
1489.2578
1489.2578
1337.8906
1337.8906
1347.6562
1347.6562
1337.8906
1337.8906
1391.6016
1391.6016
1411.1328
1411.1328
1401.3672
1401.3672
1435.5469
1435.5469
1347.6562
1347.6562
996.0937
996.0937
229.4922
229.4922
0.0000
0.0000
0.0000
0.0000
0.0000
0.0000
0.0000
0.0000
0.0000
0.0000
0.0000
0.0000
0.0000
0.0000
0.0000
0.0000
0.0000
0.0000
0.0000
0.0000
0.0000
0.0000
0.0000
0.0000
0.0000
0.0000
0.0000
0.0000
0.0000
0.0000
0.0000
0.0000
195.3125
195.3125
502.9297
502.9297
756.8359
756.8359
1015.6250
1015.6250
1225.5859
1225.5859
1362.3047
1362.3047
1474.6094
1474.6094
1499.0234
1499.0234
1513.6719
1513.6719
1445.3125
1445.3125
1425.7812
1425.7812
1396.4844
1396.4844
1401.3672
1401.3672
1416.0156
1416.0156
1425.7812
1425.7812
1435.5469
1435.5469
1381.8359
1381.8359
1313.4766
1313.4766
1191.4062
1191.4062
1079.1016
1079.1016
947.2656
947.2656
634.7656
634.7656
87.8906
87.8906
0.0000
0.0000
0.0000
0.0000
0.0000
0.0000
0.0000
0.0000
0.0000
0.0000
0.0000
0.0000
0.0000
0.0000
0.0000
0.0000
0.0000
0.0000
0.0000
0.0000
0.0000
0.0000
0.0000
0.0000
0.0000
0.0000
0.0000
0.0000
0.0000
0.0000
0.0000
0.0000
14.6484
14.6484
405.2734
405.2734
693.3594
693.3594
991.2109
991.2109
1171.8750
1171.8750
1289.0625
1289.0625
1347.6562
1347.6562
1328.1250
1328.1250
1347.6562
1347.6562
1313.4766
1313.4766
1391.6016
1391.6016
1425.7812
1425.7812
1523.4375
1523.4375
1533.2031
1533.2031
1508.7891
1508.7891
1425.7812
1425.7812
1298.8281
1298.8281
1259.7656
1259.7656
1152.3437
1152.3437
1186.5234
1186.5234
1196.2891
1196.2891
1186.5234
1186.5234
766.6016
766.6016
102.5391
102.5391
0.0000
0.0000
0.0000
0.0000
0.0000
0.0000
0.0000
0.0000
0.0000
0.0000
0.0000
0.0000
0.0000
0.0000
0.0000
0.0000
0.0000
0.0000
0.0000
0.0000
0.0000
0.0000
0.0000
0.0000
0.0000
0.0000
0.0000
0.0000
0.0000
0.0000
136.7187
136.7187
507.8125
507.8125
805.6641
805.6641
966.7969
966.7969
1113.2812
1113.2812
1132.8125
1132.8125
1240.2344
1240.2344
1313.4766
1313.4766
1420.8984
1420.8984
1484.3750
1484.3750
1538.0859
1538.0859
1518.5547
1518.5547
1479.4922
1479.4922
1416.0156
1416.0156
1308.5937
1308.5937
1279.2969
1279.2969
1289.0625
1289.0625
1337.8906
1337.8906
1352.5391
1352.5391
1352.5391
1352.5391
1279.2969
1279.2969
1176.7578
1176.7578
781.2500
781.2500
63.4766
63.4766
0.0000
0.0000
0.0000
0.0000
0.0000
0.0000
0.0000
0.0000
0.0000
0.0000
0.0000
0.0000
0.0000
0.0000
0.0000
0.0000
0.0000
0.0000
0.0000
0.0000
0.0000
0.0000
0.0000
0.0000
0.0000
0.0000
0.0000
0.0000
0.0000
0.0000
0.0000
0.0000
0.0000
0.0000
131.8359
131.8359
429.6875
429.6875
737.3047
737.3047
947.2656
947.2656
1186.5234
1186.5234
1308.5937
1308.5937
1450.1953
1450.1953
1469.7266
1469.7266
1523.4375
1523.4375
1484.3750
1484.3750
1469.7266
1469.7266
1469.7266
1469.7266
1450.1953
1450.1953
1528.3203
1528.3203
1523.4375
1523.4375
1557.6172
1557.6172
1484.3750
1484.3750
1416.0156
1416.0156
1274.4141
1274.4141
1254.8828
1254.8828
1279.2969
1279.2969
1093.7500
1093.7500
625.0000
625.0000
0.0000
0.0000
0.0000
0.0000
0.0000
0.0000
0.0000
0.0000
0.0000
0.0000
0.0000
0.0000
0.0000
0.0000
0.0000
0.0000
0.0000
0.0000
0.0000
0.0000
0.0000
0.0000
0.0000
0.0000
0.0000
0.0000
0.0000
0.0000
0.0000
0.0000
0.0000
136.7187
136.7187
449.2187
449.2187
869.1406
869.1406
869.1406
1103.5156
1103.5156
1298.8281
1298.8281
1376.9531
1376.9531
1391.6016
1391.6016
1362.3047
1362.3047
1337.8906
1337.8906
1396.4844
1396.4844
1440.4297
1440.4297
1533.2031
1547.8516
1547.8516
1547.8516
1572.2656
1572.2656
1494.1406
1494.1406
1416.0156
1416.0156
1303.7109
1303.7109
1254.8828
1254.8828
1210.9375
1210.9375
1171.8750
1171.8750
1171.8750
1171.8750
1059.5703
664.0625
664.0625
664.0625
48.8281
48.8281
0.0000
0.0000
0.0000
0.0000
0.0000
0.0000
0.0000
0.0000
0.0000
0.0000
0.0000
0.0000
0.0000
0.0000
0.0000
0.0000
0.0000
0.0000
0.0000
0.0000
0.0000
0.0000
0.0000
0.0000
0.0000
0.0000
0.0000
0.0000
0.0000
117.1875
117.1875
449.2187
449.2187
732.4219
732.4219
898.4375
898.4375
1069.3359
1069.3359
1147.4609
1147.4609
1259.7656
1259.7656
1337.8906
1337.8906
1425.7812
1425.7812
1533.2031
1533.2031
1562.5000
1562.5000
1596.6797
1596.6797
1513.6719
1513.6719
1459.9609
1459.9609
1347.6562
1347.6562
1303.7109
1303.7109
1264.6484
1264.6484
1293.9453
1293.9453
1313.4766
1313.4766
1289.0625
1289.0625
1308.5937
1308.5937
1240.2344
1240.2344
966.7969
966.7969
253.9062
253.9062
0.0000
0.0000
0.0000
0.0000
0.0000
0.0000
0.0000
0.0000
0.0000
0.0000
0.0000
0.0000
0.0000
0.0000
0.0000
0.0000
0.0000
0.0000
0.0000
0.0000
0.0000
0.0000
0.0000
0.0000
0.0000
0.0000
0.0000
0.0000
0.0000
0.0000
0.0000
0.0000
0.0000
0.0000
63.4766
63.4766
341.7969
341.7969
571.2891
571.2891
859.3750
859.3750
1040.0391
1040.0391
1240.2344
1240.2344
1333.0078
1333.0078
1391.6016
1391.6016
1367.1875
1367.1875
1347.6562
1347.6562
1318.3594
1318.3594
1328.1250
1328.1250
1372.0703
1372.0703
1420.8984
1420.8984
1450.1953
1450.1953
1455.0781
1455.0781
1416.0156
1416.0156
1298.8281
1298.8281
1186.5234
1186.5234
1098.6328
1098.6328
1049.8047
1049.8047
693.3594
693.3594
151.3672
151.3672
0.0000
0.0000
0.0000
0.0000
0.0000
0.0000
0.0000
0.0000
0.0000
0.0000
0.0000
0.0000
0.0000
0.0000
0.0000
0.0000
0.0000
0.0000
0.0000
0.0000
0.0000
0.0000
0.0000
0.0000
0.0000
0.0000
0.0000
0.0000
0.0000
0.0000
0.0000
0.0000
83.0078
83.0078
468.7500
468.7500
