0.0000
0.0000
0.0000
0.0000
0.0000
0.0000
24.4141
24.4141
273.4375
273.4375
444.3359
444.3359
546.8750
546.8750
585.9375
585.9375
595.7031
595.7031
585.9375
585.9375
551.7578
551.7578
532.2266
532.2266
517.5781
517.5781
522.4609
522.4609
566.4062
566.4062
605.4687
605.4687
634.7656
634.7656
668.9453
668.9453
712.8906
712.8906
722.6562
722.6562
717.7734
717.7734
703.1250
703.1250
639.6484
639.6484
351.5625
351.5625
0.0000
0.0000
0.0000
0.0000
0.0000
0.0000
0.0000
0.0000
0.0000
0.0000
0.0000
0.0000
0.0000
0.0000
0.0000
0.0000
0.0000
0.0000
0.0000
0.0000
0.0000
0.0000
0.0000
0.0000
0.0000
0.0000
0.0000
0.0000
126.9531
126.9531
439.4531
439.4531
683.5937
683.5937
825.1953
825.1953
898.4375
898.4375
903.3203
903.3203
869.1406
869.1406
825.1953
825.1953
756.8359
756.8359
698.2422
698.2422
693.3594
693.3594
732.4219
732.4219
761.7187
761.7187
810.5469
810.5469
834.9609
834.9609
849.6094
849.6094
869.1406
869.1406
883.7891
883.7891
864.2578
864.2578
849.6094
849.6094
805.6641
805.6641
561.5234
561.5234
68.3594
68.3594
0.0000
0.0000
0.0000
0.0000
0.0000
0.0000
0.0000
0.0000
0.0000
0.0000
0.0000
0.0000
0.0000
0.0000
0.0000
0.0000
0.0000
0.0000
0.0000
0.0000
0.0000
0.0000
0.0000
0.0000
0.0000
0.0000
43.9453
43.9453
356.4453
356.4453
585.9375
585.9375
747.0703
747.0703
859.3750
859.3750
908.2031
908.2031
913.0859
913.0859
864.2578
864.2578
805.6641
805.6641
766.6016
766.6016
737.3047
737.3047
727.5391
727.5391
747.0703
747.0703
771.4844
771.4844
810.5469
810.5469
869.1406
869.1406
908.2031
908.2031
913.0859
913.0859
898.4375
898.4375
878.9062
878.9062
869.1406
869.1406
776.3672
776.3672
424.8047
424.8047
0.0000
0.0000
0.0000
0.0000
0.0000
0.0000
0.0000
0.0000
0.0000
0.0000
0.0000
0.0000
0.0000
0.0000
0.0000
0.0000
0.0000
0.0000
0.0000
0.0000
0.0000
0.0000
0.0000
0.0000
24.4141
24.4141
341.7969
341.7969
620.1172
620.1172
859.3750
859.3750
1030.2734
1030.2734
1098.6328
1098.6328
1093.7500
1093.7500
1025.3906
1025.3906
952.1484
952.1484
888.6719
888.6719
830.0781
830.0781
786.1328
786.1328
791.0156
791.0156
815.4297
815.4297
839.8437
839.8437
864.2578
864.2578
888.6719
888.6719
898.4375
898.4375
893.5547
893.5547
888.6719
888.6719
869.1406
869.1406
776.3672
776.3672
507.8125
507.8125
58.5937
58.5937
0.0000
0.0000
0.0000
0.0000
0.0000
0.0000
0.0000
0.0000
0.0000
0.0000
0.0000
0.0000
0.0000
0.0000
0.0000
0.0000
0.0000
0.0000
0.0000
0.0000
0.0000
0.0000
0.0000
0.0000
136.7187
136.7187
449.2187
449.2187
703.1250
703.1250
888.6719
888.6719
986.3281
986.3281
996.0937
996.0937
981.4453
981.4453
917.9687
917.9687
839.8437
839.8437
781.2500
781.2500
727.5391
727.5391
708.0078
708.0078
708.0078
708.0078
742.1875
742.1875
766.6016
766.6016
800.7812
800.7812
825.1953
825.1953
834.9609
834.9609
800.7812
800.7812
776.3672
776.3672
717.7734
717.7734
571.2891
571.2891
185.5469
185.5469
0.0000
0.0000
0.0000
0.0000
0.0000
0.0000
0.0000
0.0000
0.0000
0.0000
0.0000
0.0000
0.0000
0.0000
0.0000
0.0000
0.0000
0.0000
0.0000
0.0000
0.0000
0.0000
0.0000
0.0000
9.7656
9.7656
302.7344
302.7344
571.2891
571.2891
761.7187
761.7187
869.1406
869.1406
917.9687
917.9687
903.3203
903.3203
839.8437
839.8437
756.8359
756.8359
673.8281
673.8281
615.2344
615.2344
605.4687
605.4687
625.0000
625.0000
654.2969
654.2969
712.8906
712.8906
756.8359
756.8359
761.7187
761.7187
756.8359
756.8359
727.5391
727.5391
678.7109
678.7109
634.7656
634.7656
488.2812
488.2812
97.6562
97.6562
0.0000
0.0000
0.0000
0.0000
0.0000
0.0000
0.0000
0.0000
0.0000
0.0000
0.0000
0.0000
0.0000
0.0000
0.0000
0.0000
0.0000
0.0000
0.0000
0.0000
0.0000
0.0000
0.0000
0.0000
0.0000
0.0000
0.0000
0.0000
288.0859
288.0859
498.0469
498.0469
644.5312
644.5312
722.6562
722.6562
737.3047
737.3047
727.5391
727.5391
664.0625
664.0625
605.4687
605.4687
576.1719
576.1719
561.5234
561.5234
551.7578
551.7578
571.2891
571.2891
590.8203
590.8203
610.3516
610.3516
664.0625
664.0625
688.4766
688.4766
722.6562
722.6562
737.3047
737.3047
727.5391
727.5391
678.7109
678.7109
434.5703
434.5703
0.0000
0.0000
0.0000
0.0000
0.0000
0.0000
0.0000
0.0000
0.0000
0.0000
0.0000
0.0000
0.0000
0.0000
0.0000
0.0000
0.0000
0.0000
0.0000
0.0000
0.0000
0.0000
0.0000
0.0000
0.0000
0.0000
0.0000
0.0000
131.8359
131.8359
424.8047
424.8047
620.1172
620.1172
742.1875
742.1875
805.6641
805.6641
776.3672
776.3672
717.7734
717.7734
659.1797
659.1797
605.4687
605.4687
590.8203
590.8203
576.1719
585.9375
585.9375
610.3516
610.3516
664.0625
664.0625
678.7109
678.7109
678.7109
717.7734
717.7734
717.7734
717.7734
712.8906
712.8906
698.2422
698.2422
698.2422
615.2344
615.2344
341.7969
341.7969
0.0000
0.0000
0.0000
0.0000
0.0000
0.0000
0.0000
0.0000
0.0000
0.0000
0.0000
0.0000
0.0000
0.0000
0.0000
0.0000
0.0000
0.0000
0.0000
0.0000
0.0000
0.0000
0.0000
0.0000
0.0000
0.0000
0.0000
83.0078
83.0078
390.6250
390.6250
673.8281
874.0234
874.0234
976.5625
976.5625
986.3281
986.3281
942.3828
942.3828
859.3750
859.3750
766.6016
766.6016
698.2422
698.2422
639.6484
639.6484
629.8828
629.8828
659.1797
659.1797
683.5937
683.5937
722.6562
722.6562
766.6016
766.6016
781.2500
781.2500
781.2500
781.2500
756.8359
756.8359
703.1250
703.1250
625.0000
625.0000
380.8594
380.8594
0.0000
0.0000
0.0000
0.0000
0.0000
0.0000
0.0000
0.0000
0.0000
0.0000
0.0000
0.0000
0.0000
0.0000
0.0000
0.0000
0.0000
0.0000
0.0000
0.0000
0.0000
0.0000
0.0000
0.0000
0.0000
0.0000
0.0000
0.0000
292.9687
292.9687
566.4062
566.4062
766.6016
766.6016
859.3750
859.3750
903.3203
903.3203
864.2578
864.2578
805.6641
805.6641
732.4219
732.4219
654.2969
654.2969
610.3516
610.3516
590.8203
590.8203
600.5859
600.5859
620.1172
620.1172
659.1797
659.1797
693.3594
693.3594
717.7734
717.7734
747.0703
747.0703
732.4219
732.4219
708.0078
708.0078
688.4766
688.4766
537.1094
537.1094
141.6016
141.6016
0.0000
0.0000
0.0000
0.0000
0.0000
0.0000
0.0000
0.0000
0.0000
0.0000
0.0000
0.0000
0.0000
0.0000
0.0000
0.0000
0.0000
0.0000
0.0000
0.0000
0.0000
0.0000
0.0000
0.0000
0.0000
0.0000
43.9453
43.9453
336.9141
336.9141
561.5234
561.5234
722.6562
722.6562
791.0156
791.0156
810.5469
810.5469
786.1328
786.1328
717.7734
717.7734
654.2969
654.2969
605.4687
605.4687
590.8203
590.8203
600.5859
600.5859
629.8828
629.8828
634.7656
634.7656
668.9453
668.9453
698.2422
698.2422
712.8906
712.8906
708.0078
708.0078
683.5937
683.5937
639.6484
639.6484
585.9375
585.9375
317.3828
317.3828
0.0000
0.0000
0.0000
0.0000
0.0000
0.0000
0.0000
0.0000
0.0000
0.0000
0.0000
0.0000
0.0000
0.0000
0.0000
0.0000
0.0000
0.0000
0.0000
0.0000
0.0000
0.0000
0.0000
0.0000
0.0000
0.0000
34.1797
34.1797
346.6797
346.6797
620.1172
620.1172
800.7812
800.7812
883.7891
883.7891
888.6719
888.6719
839.8437
839.8437
766.6016
766.6016
693.3594
693.3594
625.0000
625.0000
605.4687
605.4687
600.5859
600.5859
610.3516
610.3516
654.2969
654.2969
703.1250
703.1250
732.4219
732.4219
756.8359
756.8359
751.9531
751.9531
722.6562
722.6562
693.3594
693.3594
634.7656
634.7656
400.3906
400.3906
0.0000
0.0000
0.0000
0.0000
0.0000
0.0000
0.0000
0.0000
0.0000
0.0000
0.0000
0.0000
0.0000
0.0000
0.0000
0.0000
0.0000
0.0000
0.0000
0.0000
0.0000
0.0000
0.0000
0.0000
0.0000
0.0000
0.0000
0.0000
58.5937
58.5937
332.0312
332.0312
556.6406
556.6406
717.7734
717.7734
781.2500
781.2500
795.8984
795.8984
771.4844
771.4844
722.6562
722.6562
678.7109
678.7109
625.0000
625.0000
581.0547
581.0547
576.1719
576.1719
605.4687
605.4687
634.7656
634.7656
698.2422
698.2422
727.5391
727.5391
756.8359
756.8359
771.4844
771.4844
751.9531
751.9531
708.0078
708.0078
664.0625
664.0625
454.1016
454.1016
0.0000
0.0000
0.0000
0.0000
0.0000
0.0000
0.0000
0.0000
0.0000
0.0000
0.0000
0.0000
0.0000
0.0000
0.0000
0.0000
0.0000
0.0000
0.0000
0.0000
0.0000
0.0000
0.0000
0.0000
0.0000
0.0000
0.0000
0.0000
175.7812
175.7812
478.5156
478.5156
678.7109
678.7109
800.7812
800.7812
844.7266
844.7266
815.4297
815.4297
791.0156
791.0156
732.4219
732.4219
664.0625
664.0625
629.8828
629.8828
625.0000
625.0000
649.4141
649.4141
703.1250
703.1250
708.0078
708.0078
727.5391
727.5391
732.4219
732.4219
756.8359
756.8359
766.6016
766.6016
766.6016
766.6016
747.0703
747.0703
668.9453
668.9453
366.2109
366.2109
0.0000
0.0000
0.0000
0.0000
0.0000
0.0000
0.0000
0.0000
0.0000
0.0000
0.0000
0.0000
0.0000
0.0000
0.0000
0.0000
0.0000
0.0000
0.0000
0.0000
0.0000
0.0000
0.0000
0.0000
0.0000
0.0000
151.3672
151.3672
463.8672
463.8672
717.7734
717.7734
878.9062
878.9062
937.5000
937.5000
937.5000
937.5000
898.4375
898.4375
815.4297
815.4297
737.3047
737.3047
678.7109
678.7109
664.0625
664.0625
668.9453
668.9453
698.2422
698.2422
708.0078
708.0078
742.1875
742.1875
776.3672
776.3672
805.6641
805.6641
805.6641
805.6641
766.6016
766.6016
693.3594
693.3594
561.5234
561.5234
239.2578
239.2578
0.0000
0.0000
0.0000
0.0000
0.0000
0.0000
0.0000
0.0000
0.0000
0.0000
0.0000
0.0000
0.0000
0.0000
0.0000
0.0000
0.0000
0.0000
0.0000
0.0000
0.0000
0.0000
0.0000
0.0000
0.0000
0.0000
195.3125
195.3125
468.7500
468.7500
698.2422
698.2422
834.9609
834.9609
903.3203
903.3203
908.2031
908.2031
874.0234
874.0234
800.7812
800.7812
732.4219
732.4219
659.1797
659.1797
629.8828
629.8828
625.0000
625.0000
634.7656
634.7656
678.7109
678.7109
722.6562
722.6562
766.6016
766.6016
786.1328
786.1328
795.8984
795.8984
756.8359
756.8359
712.8906
712.8906
659.1797
659.1797
458.9844
458.9844
0.0000
0.0000
0.0000
0.0000
0.0000
0.0000
0.0000
0.0000
0.0000
0.0000
0.0000
0.0000
0.0000
0.0000
0.0000
0.0000
0.0000
0.0000
0.0000
0.0000
0.0000
0.0000
0.0000
0.0000
0.0000
0.0000
0.0000
0.0000
0.0000
0.0000
234.3750
234.3750
439.4531
439.4531
595.7031
595.7031
673.8281
673.8281
688.4766
688.4766
688.4766
688.4766
629.8828
629.8828
585.9375
585.9375
551.7578
551.7578
537.1094
537.1094
546.8750
546.8750
566.4062
566.4062
600.5859
600.5859
644.5312
644.5312
673.8281
673.8281
693.3594
693.3594
717.7734
717.7734
708.0078
708.0078
678.7109
678.7109
639.6484
639.6484
444.3359
444.3359
9.7656
9.7656
0.0000
0.0000
0.0000
0.0000
0.0000
0.0000
0.0000
0.0000
0.0000
0.0000
0.0000
0.0000
0.0000
0.0000
0.0000
0.0000
0.0000
0.0000
0.0000
0.0000
0.0000
0.0000
0.0000
0.0000
0.0000
0.0000
288.0859
288.0859
581.0547
581.0547
786.1328
786.1328
908.2031
908.2031
957.0312
957.0312
937.5000
937.5000
883.7891
883.7891
800.7812
800.7812
717.7734
717.7734
664.0625
664.0625
629.8828
629.8828
629.8828
629.8828
673.8281
673.8281
712.8906
712.8906
737.3047
737.3047
747.0703
747.0703
781.2500
781.2500
786.1328
786.1328
776.3672
776.3672
747.0703
747.0703
625.0000
625.0000
249.0234
249.0234
0.0000
0.0000
0.0000
0.0000
0.0000
0.0000
0.0000
0.0000
0.0000
0.0000
0.0000
0.0000
0.0000
0.0000
0.0000
0.0000
0.0000
0.0000
0.0000
0.0000
0.0000
0.0000
0.0000
0.0000
0.0000
0.0000
0.0000
0.0000
0.0000
0.0000
292.9687
292.9687
532.2266
532.2266
649.4141
649.4141
717.7734
717.7734
737.3047
737.3047
693.3594
693.3594
649.4141
649.4141
595.7031
595.7031
551.7578
551.7578
571.2891
571.2891
585.9375
585.9375
620.1172
620.1172
654.2969
654.2969
693.3594
693.3594
708.0078
708.0078
732.4219
732.4219
708.0078
708.0078
693.3594
693.3594
693.3594
693.3594
615.2344
615.2344
278.3203
278.3203
0.0000
0.0000
0.0000
0.0000
0.0000
0.0000
0.0000
0.0000
0.0000
0.0000
0.0000
0.0000
0.0000
0.0000
0.0000
0.0000
0.0000
0.0000
0.0000
0.0000
0.0000
0.0000
0.0000
0.0000
0.0000
0.0000
283.2031
283.2031
595.7031
595.7031
786.1328
786.1328
898.4375
898.4375
957.0312
957.0312
971.6797
971.6797
932.6172
932.6172
859.3750
859.3750
776.3672
776.3672
708.0078
708.0078
688.4766
688.4766
683.5937
683.5937
708.0078
708.0078
742.1875
742.1875
771.4844
771.4844
820.3125
820.3125
849.6094
849.6094
844.7266
844.7266
800.7812
800.7812
737.3047
737.3047
634.7656
634.7656
351.5625
351.5625
0.0000
0.0000
0.0000
0.0000
0.0000
0.0000
0.0000
0.0000
0.0000
0.0000
0.0000
0.0000
0.0000
0.0000
0.0000
0.0000
0.0000
0.0000
0.0000
0.0000
0.0000
0.0000
0.0000
0.0000
0.0000
0.0000
0.0000
0.0000
87.8906
87.8906
380.8594
380.8594
620.1172
620.1172
776.3672
776.3672
864.2578
864.2578
893.5547
893.5547
849.6094
849.6094
776.3672
776.3672
708.0078
708.0078
649.4141
649.4141
634.7656
634.7656
629.8828
629.8828
634.7656
634.7656
668.9453
668.9453
712.8906
712.8906
727.5391
727.5391
756.8359
756.8359
781.2500
781.2500
805.6641
805.6641
791.0156
791.0156
776.3672
776.3672
654.2969
654.2969
292.9687
292.9687
0.0000
0.0000
0.0000
0.0000
0.0000
0.0000
0.0000
0.0000
0.0000
0.0000
0.0000
0.0000
0.0000
0.0000
0.0000
0.0000
0.0000
0.0000
0.0000
0.0000
0.0000
0.0000
0.0000
0.0000
0.0000
0.0000
180.6641
478.5156
478.5156
708.0078
708.0078
864.2578
864.2578
927.7344
927.7344
913.0859
913.0859
913.0859
859.3750
859.3750
791.0156
727.5391
727.5391
688.4766
688.4766
668.9453
668.9453
673.8281
673.8281
698.2422
698.2422
717.7734
717.7734
742.1875
742.1875
771.4844
771.4844
791.0156
791.0156
800.7812
800.7812
800.7812
800.7812
771.4844
771.4844
722.6562
722.6562
590.8203
590.8203
209.9609
209.9609
0.0000
0.0000
0.0000
0.0000
0.0000
0.0000
0.0000
0.0000
0.0000
0.0000
0.0000
0.0000
0.0000
0.0000
0.0000
0.0000
0.0000
0.0000
0.0000
0.0000
0.0000
0.0000
0.0000
0.0000
0.0000
0.0000
0.0000
0.0000
302.7344
302.7344
561.5234
561.5234
727.5391
727.5391
830.0781
830.0781
849.6094
849.6094
820.3125
820.3125
747.0703
747.0703
668.9453
668.9453
600.5859
600.5859
581.0547
581.0547
581.0547
581.0547
610.3516
610.3516
673.8281
673.8281
722.6562
722.6562
742.1875
742.1875
742.1875
742.1875
727.5391
727.5391
683.5937
683.5937
668.9453
668.9453
541.9922
541.9922
161.1328
161.1328
0.0000
0.0000
0.0000
0.0000
0.0000
0.0000
0.0000
0.0000
0.0000
0.0000
0.0000
0.0000
0.0000
0.0000
0.0000
0.0000
0.0000
0.0000
0.0000
0.0000
0.0000
0.0000
0.0000
0.0000
0.0000
0.0000
253.9062
253.9062
522.4609
522.4609
693.3594
693.3594
810.5469
810.5469
864.2578
864.2578
854.4922
854.4922
805.6641
805.6641
737.3047
737.3047
659.1797
659.1797
639.6484
639.6484
625.0000
625.0000
629.8828
629.8828
654.2969
654.2969
683.5937
683.5937
717.7734
717.7734
756.8359
756.8359
781.2500
781.2500
795.8984
795.8984
805.6641
805.6641
800.7812
800.7812
742.1875
742.1875
458.9844
458.9844
0.0000
0.0000
0.0000
0.0000
0.0000
0.0000
0.0000
0.0000
0.0000
0.0000
0.0000
0.0000
0.0000
0.0000
0.0000
0.0000
0.0000
0.0000
0.0000
0.0000
0.0000
0.0000
0.0000
0.0000
0.0000
0.0000
0.0000
0.0000
214.8437
214.8437
483.3984
483.3984
693.3594
693.3594
795.8984
795.8984
844.7266
844.7266
820.3125
820.3125
771.4844
771.4844
717.7734
717.7734
654.2969
654.2969
615.2344
615.2344
605.4687
605.4687
615.2344
615.2344
639.6484
639.6484
688.4766
688.4766
712.8906
712.8906
727.5391
727.5391
747.0703
747.0703
751.9531
751.9531
737.3047
737.3047
727.5391
727.5391
585.9375
585.9375
229.4922
229.4922
0.0000
0.0000
0.0000
0.0000
0.0000
0.0000
0.0000
0.0000
0.0000
0.0000
0.0000
0.0000
0.0000
0.0000
0.0000
0.0000
0.0000
0.0000
0.0000
0.0000
0.0000
0.0000
0.0000
0.0000
0.0000
0.0000
302.7344
302.7344
581.0547
581.0547
786.1328
786.1328
922.8516
922.8516
971.6797
971.6797
942.3828
942.3828
864.2578
864.2578
786.1328
786.1328
688.4766
688.4766
639.6484
639.6484
620.1172
620.1172
629.8828
629.8828
673.8281
673.8281
712.8906
712.8906
737.3047
737.3047
766.6016
766.6016
781.2500
781.2500
766.6016
766.6016
727.5391
727.5391
693.3594
693.3594
512.6953
512.6953
107.4219
107.4219
0.0000
0.0000
0.0000
0.0000
0.0000
0.0000
0.0000
0.0000
0.0000
0.0000
0.0000
0.0000
0.0000
0.0000
0.0000
0.0000
0.0000
0.0000
0.0000
0.0000
0.0000
0.0000
0.0000
0.0000
0.0000
0.0000
9.7656
9.7656
288.0859
288.0859
522.4609
522.4609
668.9453
668.9453
722.6562
722.6562
732.4219
732.4219
712.8906
712.8906
664.0625
664.0625
629.8828
629.8828
590.8203
590.8203
556.6406
556.6406
561.5234
561.5234
576.1719
576.1719
595.7031
595.7031
639.6484
639.6484
668.9453
668.9453
703.1250
703.1250
717.7734
717.7734
693.3594
693.3594
654.2969
654.2969
585.9375
585.9375
297.8516
297.8516
0.0000
0.0000
0.0000
0.0000
0.0000
0.0000
0.0000
0.0000
0.0000
0.0000
0.0000
0.0000
0.0000
0.0000
0.0000
0.0000
0.0000
0.0000
0.0000
0.0000
0.0000
0.0000
0.0000
0.0000
0.0000
0.0000
180.6641
180.6641
463.8672
463.8672
703.1250
703.1250
834.9609
834.9609
903.3203
903.3203
898.4375
898.4375
854.4922
854.4922
795.8984
795.8984
722.6562
722.6562
649.4141
649.4141
644.5312
644.5312
644.5312
644.5312
668.9453
668.9453
703.1250
703.1250
732.4219
732.4219
756.8359
756.8359
781.2500
781.2500
791.0156
791.0156
761.7187
761.7187
722.6562
722.6562
649.4141
649.4141
419.9219
419.9219
0.0000
0.0000
0.0000
0.0000
0.0000
0.0000
0.0000
0.0000
0.0000
0.0000
0.0000
0.0000
0.0000
0.0000
0.0000
0.0000
0.0000
0.0000
0.0000
0.0000
0.0000
0.0000
0.0000
0.0000
0.0000
0.0000
0.0000
0.0000
0.0000
0.0000
283.2031
283.2031
537.1094
537.1094
703.1250
703.1250
781.2500
781.2500
791.0156
791.0156
732.4219
732.4219
649.4141
649.4141
600.5859
600.5859
551.7578
551.7578
546.8750
546.8750
566.4062
566.4062
595.7031
595.7031
639.6484
639.6484
683.5937
683.5937
703.1250
703.1250
717.7734
717.7734
712.8906
712.8906
678.7109
678.7109
629.8828
629.8828
488.2812
488.2812
83.0078
83.0078
0.0000
0.0000
0.0000
0.0000
0.0000
0.0000
0.0000
0.0000
0.0000
0.0000
0.0000
0.0000
0.0000
0.0000
0.0000
0.0000
0.0000
0.0000
0.0000
0.0000
0.0000
0.0000
0.0000
0.0000
0.0000
0.0000
34.1797
34.1797
341.7969
341.7969
576.1719
576.1719
712.8906
712.8906
815.4297
815.4297
820.3125
820.3125
800.7812
800.7812
756.8359
756.8359
698.2422
698.2422
673.8281
673.8281
649.4141
649.4141
620.1172
620.1172
634.7656
634.7656
678.7109
678.7109
722.6562
722.6562
756.8359
756.8359
786.1328
786.1328
795.8984
795.8984
781.2500
781.2500
761.7187
761.7187
678.7109
678.7109
385.7422
385.7422
0.0000
0.0000
0.0000
0.0000
0.0000
0.0000
0.0000
0.0000
0.0000
0.0000
0.0000
0.0000
0.0000
0.0000
0.0000
0.0000
0.0000
0.0000
0.0000
0.0000
0.0000
0.0000
0.0000
0.0000
0.0000
0.0000
0.0000
0.0000
63.4766
63.4766
356.4453
356.4453
605.4687
605.4687
747.0703
747.0703
815.4297
815.4297
815.4297
815.4297
795.8984
795.8984
751.9531
751.9531
708.0078
708.0078
659.1797
659.1797
629.8828
629.8828
639.6484
639.6484
668.9453
668.9453
722.6562
722.6562
766.6016
766.6016
786.1328
786.1328
800.7812
800.7812
805.6641
805.6641
791.0156
791.0156
791.0156
791.0156
712.8906
712.8906
395.5078
395.5078
0.0000
0.0000
0.0000
0.0000
0.0000
0.0000
0.0000
0.0000
0.0000
0.0000
0.0000
0.0000
0.0000
0.0000
0.0000
0.0000
0.0000
0.0000
0.0000
0.0000
0.0000
0.0000
0.0000
0.0000
0.0000
0.0000
214.8437
214.8437
522.4609
522.4609
781.2500
781.2500
922.8516
922.8516
1000.9766
1000.9766
1000.9766
1000.9766
942.3828
942.3828
874.0234
874.0234
800.7812
800.7812
727.5391
727.5391
703.1250
703.1250
717.7734
717.7734
747.0703
747.0703
786.1328
786.1328
815.4297
815.4297
825.1953
825.1953
854.4922
854.4922
878.9062
878.9062
854.4922
854.4922
839.8437
839.8437
786.1328
786.1328
585.9375
585.9375
141.6016
141.6016
0.0000
0.0000
0.0000
0.0000
0.0000
0.0000
0.0000
0.0000
0.0000
0.0000
0.0000
0.0000
0.0000
0.0000
0.0000
0.0000
0.0000
0.0000
0.0000
0.0000
0.0000
0.0000
0.0000
0.0000
97.6562
97.6562
385.7422
385.7422
629.8828
629.8828
786.1328
786.1328
883.7891
883.7891
917.9687
917.9687
903.3203
903.3203
849.6094
849.6094
771.4844
771.4844
703.1250
703.1250
668.9453
668.9453
664.0625
664.0625
659.1797
659.1797
703.1250
703.1250
742.1875
742.1875
781.2500
781.2500
805.6641
805.6641
810.5469
810.5469
751.9531
751.9531
703.1250
703.1250
585.9375
585.9375
283.2031
283.2031
0.0000
0.0000
0.0000
0.0000
0.0000
0.0000
0.0000
0.0000
0.0000
0.0000
0.0000
0.0000
0.0000
0.0000
0.0000
0.0000
0.0000
0.0000
0.0000
0.0000
0.0000
0.0000
0.0000
0.0000
14.6484
14.6484
322.2656
322.2656
610.3516
610.3516
820.3125
820.3125
922.8516
922.8516
966.7969
966.7969
927.7344
927.7344
878.9062
878.9062
791.0156
791.0156
708.0078
708.0078
644.5312
644.5312
625.0000
625.0000
629.8828
629.8828
649.4141
649.4141
683.5937
683.5937
717.7734
717.7734
747.0703
747.0703
766.6016
766.6016
756.8359
756.8359
712.8906
712.8906
668.9453
668.9453
507.8125
507.8125
112.3047
112.3047
0.0000
0.0000
0.0000
0.0000
0.0000
0.0000
0.0000
0.0000
0.0000
0.0000
0.0000
0.0000
0.0000
0.0000
0.0000
0.0000
0.0000
0.0000
0.0000
0.0000
0.0000
0.0000
0.0000
0.0000
0.0000
0.0000
0.0000
273.4375
273.4375
532.2266
532.2266
532.2266
712.8906
712.8906
810.5469
810.5469
844.7266
830.0781
830.0781
830.0781
776.3672
776.3672
693.3594
693.3594
634.7656
634.7656
595.7031
576.1719
576.1719
590.8203
590.8203
610.3516
610.3516
639.6484
639.6484
678.7109
678.7109
678.7109
693.3594
693.3594
688.4766
688.4766
668.9453
668.9453
620.1172
620.1172
571.2891
317.3828
317.3828
0.0000
0.0000
0.0000
0.0000
0.0000
0.0000
0.0000
0.0000
0.0000
0.0000
0.0000
0.0000
0.0000
0.0000
0.0000
0.0000
0.0000
0.0000
0.0000
0.0000
0.0000
0.0000
0.0000
0.0000
0.0000
0.0000
83.0078
83.0078
366.2109
366.2109
605.4687
605.4687
771.4844
771.4844
864.2578
864.2578
898.4375
898.4375
874.0234
874.0234
805.6641
805.6641
737.3047
737.3047
659.1797
659.1797
615.2344
615.2344
590.8203
590.8203
585.9375
585.9375
634.7656
634.7656
693.3594
693.3594
727.5391
727.5391
751.9531
751.9531
756.8359
756.8359
727.5391
727.5391
688.4766
688.4766
629.8828
629.8828
463.8672
463.8672
39.0625
39.0625
0.0000
0.0000
0.0000
0.0000
0.0000
0.0000
0.0000
0.0000
0.0000
0.0000
0.0000
0.0000
0.0000
0.0000
0.0000
0.0000
0.0000
0.0000
0.0000
0.0000
0.0000
0.0000
0.0000
0.0000
0.0000
0.0000
29.2969
29.2969
307.6172
307.6172
522.4609
522.4609
693.3594
693.3594
771.4844
771.4844
776.3672
776.3672
737.3047
737.3047
678.7109
678.7109
629.8828
629.8828
595.7031
595.7031
566.4062
566.4062
576.1719
576.1719
600.5859
600.5859
620.1172
620.1172
664.0625
664.0625
683.5937
683.5937
708.0078
708.0078
727.5391
727.5391
708.0078
708.0078
683.5937
683.5937
605.4687
605.4687
297.8516
297.8516
0.0000
0.0000
0.0000
0.0000
0.0000
0.0000
0.0000
0.0000
0.0000
0.0000
0.0000
0.0000
0.0000
0.0000
0.0000
0.0000
0.0000
0.0000
0.0000
0.0000
0.0000
0.0000
0.0000
0.0000
0.0000
0.0000
97.6562
97.6562
400.3906
400.3906
668.9453
668.9453
830.0781
830.0781
908.2031
908.2031
903.3203
903.3203
849.6094
849.6094
791.0156
791.0156
742.1875
742.1875
683.5937
683.5937
659.1797
659.1797
639.6484
639.6484
644.5312
644.5312
688.4766
688.4766
717.7734
717.7734
727.5391
727.5391
751.9531
751.9531
756.8359
756.8359
722.6562
722.6562
698.2422
698.2422
629.8828
629.8828
371.0937
371.0937
0.0000
0.0000
0.0000
0.0000
0.0000
0.0000
0.0000
0.0000
0.0000
0.0000
0.0000
0.0000
0.0000
0.0000
0.0000
0.0000
0.0000
0.0000
0.0000
0.0000
0.0000
0.0000
0.0000
0.0000
0.0000
0.0000
0.0000
0.0000
117.1875
117.1875
400.3906
400.3906
600.5859
600.5859
742.1875
742.1875
795.8984
795.8984
815.4297
815.4297
791.0156
791.0156
722.6562
722.6562
664.0625
664.0625
600.5859
600.5859
576.1719
576.1719
581.0547
581.0547
625.0000
625.0000
668.9453
668.9453
722.6562
722.6562
751.9531
751.9531
737.3047
737.3047
727.5391
727.5391
693.3594
693.3594
664.0625
664.0625
502.9297
502.9297
112.3047
112.3047
0.0000
0.0000
0.0000
0.0000
0.0000
0.0000
0.0000
0.0000
0.0000
0.0000
0.0000
0.0000
0.0000
0.0000
0.0000
0.0000
0.0000
0.0000
0.0000
0.0000
0.0000
0.0000
0.0000
0.0000
48.8281
48.8281
341.7969
341.7969
610.3516
610.3516
805.6641
805.6641
878.9062
878.9062
908.2031
908.2031
878.9062
878.9062
830.0781
830.0781
751.9531
751.9531
703.1250
703.1250
649.4141
649.4141
644.5312
644.5312
649.4141
649.4141
659.1797
659.1797
703.1250
703.1250
737.3047
737.3047
756.8359
756.8359
766.6016
766.6016
747.0703
747.0703
703.1250
703.1250
639.6484
639.6484
419.9219
419.9219
0.0000
0.0000
0.0000
0.0000
0.0000
0.0000
0.0000
0.0000
0.0000
0.0000
0.0000
0.0000
0.0000
0.0000
0.0000
0.0000
0.0000
0.0000
0.0000
0.0000
0.0000
0.0000
0.0000
0.0000
0.0000
0.0000
0.0000
0.0000
214.8437
214.8437
522.4609
522.4609
737.3047
737.3047
859.3750
859.3750
903.3203
903.3203
874.0234
874.0234
815.4297
815.4297
747.0703
747.0703
659.1797
659.1797
625.0000
625.0000
620.1172
620.1172
629.8828
629.8828
649.4141
649.4141
688.4766
688.4766
708.0078
708.0078
737.3047
737.3047
732.4219
732.4219
683.5937
683.5937
649.4141
649.4141
556.6406
556.6406
229.4922
229.4922
0.0000
0.0000
0.0000
0.0000
0.0000
0.0000
0.0000
0.0000
0.0000
0.0000
0.0000
0.0000
0.0000
0.0000
0.0000
0.0000
0.0000
0.0000
0.0000
0.0000
0.0000
0.0000
0.0000
0.0000
0.0000
0.0000
112.3047
112.3047
395.5078
395.5078
620.1172
620.1172
761.7187
761.7187
864.2578
864.2578
888.6719
888.6719
859.3750
859.3750
781.2500
781.2500
698.2422
698.2422
629.8828
629.8828
595.7031
595.7031
581.0547
581.0547
595.7031
595.7031
625.0000
625.0000
664.0625
664.0625
717.7734
717.7734
747.0703
747.0703
717.7734
717.7734
673.8281
673.8281
620.1172
620.1172
478.5156
478.5156
126.9531
126.9531
0.0000
0.0000
0.0000
0.0000
0.0000
0.0000
0.0000
0.0000
0.0000
0.0000
0.0000
0.0000
0.0000
0.0000
0.0000
0.0000
0.0000
0.0000
0.0000
0.0000
0.0000
0.0000
0.0000
0.0000
0.0000
0.0000
0.0000
0.0000
175.7812
175.7812
434.5703
434.5703
615.2344
615.2344
703.1250
703.1250
751.9531
751.9531
732.4219
732.4219
693.3594
693.3594
649.4141
649.4141
600.5859
600.5859
571.2891
571.2891
571.2891
571.2891
576.1719
576.1719
605.4687
605.4687
644.5312
644.5312
659.1797
659.1797
678.7109
678.7109
688.4766
688.4766
668.9453
668.9453
639.6484
639.6484
556.6406
556.6406
219.7266
219.7266
0.0000
0.0000
0.0000
0.0000
0.0000
0.0000
0.0000
0.0000
0.0000
0.0000
0.0000
0.0000
0.0000
0.0000
0.0000
0.0000
0.0000
0.0000
0.0000
0.0000
0.0000
0.0000
0.0000
0.0000
0.0000
0.0000
112.3047
112.3047
415.0391
415.0391
639.6484
639.6484
776.3672
776.3672
844.7266
844.7266
839.8437
839.8437
810.5469
810.5469
747.0703
747.0703
678.7109
678.7109
644.5312
644.5312
634.7656
634.7656
629.8828
629.8828
654.2969
654.2969
698.2422
698.2422
747.0703
747.0703
776.3672
776.3672
795.8984
795.8984
791.0156
791.0156
747.0703
747.0703
712.8906
712.8906
615.2344
615.2344
302.7344
302.7344
0.0000
0.0000
0.0000
0.0000
0.0000
0.0000
0.0000
0.0000
0.0000
0.0000
0.0000
0.0000
0.0000
0.0000
0.0000
0.0000
0.0000
0.0000
0.0000
0.0000
0.0000
0.0000
0.0000
0.0000
0.0000
0.0000
0.0000
0.0000
292.9687
292.9687
546.8750
546.8750
747.0703
747.0703
869.1406
869.1406
908.2031
908.2031
917.9687
917.9687
864.2578
864.2578
786.1328
786.1328
712.8906
712.8906
654.2969
654.2969
625.0000
625.0000
644.5312
644.5312
688.4766
688.4766
722.6562
722.6562
766.6016
766.6016
781.2500
781.2500
786.1328
786.1328
756.8359
756.8359
708.0078
708.0078
590.8203
590.8203
268.5547
268.5547
0.0000
0.0000
0.0000
0.0000
0.0000
0.0000
0.0000
0.0000
0.0000
0.0000
0.0000
0.0000
0.0000
0.0000
0.0000
0.0000
0.0000
0.0000
0.0000
0.0000
0.0000
0.0000
0.0000
0.0000
0.0000
0.0000
0.0000
0.0000
292.9687
292.9687
556.6406
556.6406
751.9531
751.9531
854.4922
854.4922
893.5547
893.5547
869.1406
869.1406
820.3125
820.3125
751.9531
751.9531
698.2422
698.2422
654.2969
654.2969
668.9453
668.9453
688.4766
688.4766
712.8906
712.8906
722.6562
722.6562
742.1875
742.1875
756.8359
756.8359
781.2500
781.2500
771.4844
771.4844
742.1875
742.1875
664.0625
664.0625
395.5078
395.5078
0.0000
0.0000
0.0000
0.0000
0.0000
0.0000
0.0000
0.0000
0.0000
0.0000
0.0000
0.0000
0.0000
0.0000
0.0000
0.0000
0.0000
0.0000
0.0000
0.0000
0.0000
0.0000
0.0000
0.0000
0.0000
0.0000
0.0000
0.0000
195.3125
195.3125
502.9297
502.9297
742.1875
742.1875
878.9062
878.9062
952.1484
952.1484
937.5000
937.5000
898.4375
898.4375
825.1953
825.1953
737.3047
737.3047
688.4766
688.4766
678.7109
678.7109
668.9453
668.9453
688.4766
688.4766
722.6562
722.6562
756.8359
756.8359
795.8984
795.8984
825.1953
825.1953
805.6641
805.6641
747.0703
747.0703
703.1250
703.1250
546.8750
546.8750
170.8984
170.8984
0.0000
0.0000
0.0000
0.0000
0.0000
0.0000
0.0000
0.0000
0.0000
0.0000
0.0000
0.0000
0.0000
0.0000
0.0000
0.0000
0.0000
0.0000
0.0000
0.0000
0.0000
0.0000
0.0000
0.0000
0.0000
0.0000
24.4141
24.4141
317.3828
317.3828
532.2266
532.2266
683.5937
683.5937
776.3672
776.3672
815.4297
815.4297
805.6641
805.6641
756.8359
756.8359
688.4766
688.4766
649.4141
649.4141
625.0000
625.0000
629.8828
629.8828
634.7656
634.7656
664.0625
698.2422
698.2422
698.2422
751.9531
751.9531
771.4844
771.4844
766.6016
766.6016
727.5391
727.5391
703.1250
703.1250
600.5859
600.5859
307.6172
307.6172
0.0000
0.0000
0.0000
0.0000
0.0000
0.0000
0.0000
0.0000
0.0000
0.0000
0.0000
0.0000
0.0000
0.0000
0.0000
0.0000
0.0000
0.0000
0.0000
0.0000
0.0000
0.0000
0.0000
0.0000
0.0000
9.7656
9.7656
9.7656
302.7344
302.7344
576.1719
576.1719
742.1875
742.1875
844.7266
883.7891
883.7891
854.4922
854.4922
795.8984
795.8984
732.4219
732.4219
678.7109
678.7109
649.4141
649.4141
644.5312
644.5312
644.5312
644.5312
668.9453
668.9453
717.7734
717.7734
756.8359
756.8359
781.2500
781.2500
786.1328
786.1328
766.6016
766.6016
747.0703
747.0703
727.5391
727.5391
488.2812
488.2812
34.1797
34.1797
0.0000
0.0000
0.0000
0.0000
0.0000
0.0000
0.0000
0.0000
0.0000
0.0000
0.0000
0.0000
0.0000
0.0000
0.0000
0.0000
0.0000
0.0000
0.0000
0.0000
0.0000
0.0000
0.0000
0.0000
141.6016
141.6016
439.4531
439.4531
698.2422
698.2422
849.6094
849.6094
932.6172
932.6172
961.9141
961.9141
913.0859
913.0859
839.8437
839.8437
751.9531
751.9531
683.5937
683.5937
649.4141
649.4141
639.6484
639.6484
654.2969
654.2969
688.4766
688.4766
737.3047
737.3047
761.7187
761.7187
776.3672
776.3672
800.7812
800.7812
800.7812
800.7812
781.2500
781.2500
756.8359
756.8359
625.0000
625.0000
253.9062
253.9062
0.0000
0.0000
0.0000
0.0000
0.0000
0.0000
0.0000
0.0000
0.0000
0.0000
0.0000
0.0000
0.0000
0.0000
0.0000
0.0000
0.0000
0.0000
0.0000
0.0000
0.0000
0.0000
0.0000
0.0000
0.0000
0.0000
156.2500
156.2500
449.2187
449.2187
698.2422
698.2422
859.3750
859.3750
932.6172
932.6172
932.6172
932.6172
883.7891
883.7891
805.6641
805.6641
732.4219
732.4219
678.7109
678.7109
629.8828
629.8828
625.0000
625.0000
644.5312
644.5312
678.7109
678.7109
708.0078
708.0078
747.0703
747.0703
747.0703
747.0703
732.4219
732.4219
683.5937
683.5937
629.8828
629.8828
458.9844
458.9844
92.7734
92.7734
0.0000
0.0000
0.0000
0.0000
0.0000
0.0000
0.0000
0.0000
0.0000
0.0000
0.0000
0.0000
0.0000
0.0000
0.0000
0.0000
0.0000
0.0000
0.0000
0.0000
0.0000
0.0000
0.0000
0.0000
0.0000
0.0000
166.0156
166.0156
458.9844
458.9844
698.2422
698.2422
825.1953
825.1953
849.6094
849.6094
849.6094
849.6094
791.0156
791.0156
732.4219
732.4219
673.8281
673.8281
625.0000
625.0000
590.8203
590.8203
610.3516
610.3516
639.6484
639.6484
664.0625
664.0625
693.3594
693.3594
703.1250
703.1250
722.6562
722.6562
742.1875
742.1875
703.1250
703.1250
634.7656
634.7656
493.1641
493.1641
112.3047
112.3047
0.0000
0.0000
0.0000
0.0000
0.0000
0.0000
0.0000
0.0000
0.0000
0.0000
0.0000
0.0000
0.0000
0.0000
0.0000
0.0000
0.0000
0.0000
0.0000
0.0000
0.0000
0.0000
0.0000
0.0000
0.0000
0.0000
0.0000
0.0000
166.0156
166.0156
429.6875
429.6875
610.3516
610.3516
727.5391
727.5391
756.8359
756.8359
766.6016
766.6016
722.6562
722.6562
644.5312
644.5312
585.9375
585.9375
556.6406
556.6406
551.7578
551.7578
576.1719
576.1719
605.4687
605.4687
634.7656
634.7656
678.7109
678.7109
703.1250
703.1250
722.6562
722.6562
712.8906
712.8906
703.1250
703.1250
693.3594
693.3594
673.8281
673.8281
395.5078
395.5078
0.0000
0.0000
0.0000
0.0000
0.0000
0.0000
0.0000
0.0000
0.0000
0.0000
0.0000
0.0000
0.0000
0.0000
0.0000
0.0000
0.0000
0.0000
0.0000
0.0000
0.0000
0.0000
0.0000
0.0000
0.0000
0.0000
24.4141
24.4141
332.0312
332.0312
585.9375
585.9375
771.4844
771.4844
874.0234
874.0234
922.8516
922.8516
883.7891
883.7891
820.3125
820.3125
742.1875
742.1875
659.1797
659.1797
639.6484
639.6484
639.6484
639.6484
659.1797
659.1797
688.4766
688.4766
727.5391
727.5391
756.8359
756.8359
776.3672
776.3672
795.8984
795.8984
761.7187
761.7187
722.6562
722.6562
654.2969
654.2969
458.9844
458.9844
53.7109
53.7109
0.0000
0.0000
0.0000
0.0000
0.0000
0.0000
0.0000
0.0000
0.0000
0.0000
0.0000
0.0000
0.0000
0.0000
0.0000
0.0000
0.0000
0.0000
0.0000
0.0000
0.0000
0.0000
0.0000
0.0000
0.0000
0.0000
122.0703
122.0703
400.3906
400.3906
629.8828
629.8828
795.8984
795.8984
864.2578
864.2578
878.9062
878.9062
839.8437
839.8437
771.4844
771.4844
712.8906
712.8906
664.0625
664.0625
615.2344
615.2344
610.3516
610.3516
629.8828
629.8828
659.1797
659.1797
717.7734
717.7734
761.7187
761.7187
781.2500
781.2500
756.8359
756.8359
703.1250
703.1250
629.8828
629.8828
449.2187
449.2187
68.3594
68.3594
0.0000
0.0000
0.0000
0.0000
0.0000
0.0000
0.0000
0.0000
0.0000
0.0000
0.0000
0.0000
0.0000
0.0000
0.0000
0.0000
0.0000
0.0000
0.0000
0.0000
0.0000
0.0000
0.0000
0.0000
0.0000
0.0000
288.0859
288.0859
546.8750
546.8750
751.9531
751.9531
869.1406
869.1406
888.6719
888.6719
874.0234
874.0234
815.4297
815.4297
756.8359
756.8359
708.0078
708.0078
659.1797
659.1797
629.8828
629.8828
649.4141
649.4141
683.5937
683.5937
722.6562
722.6562
751.9531
751.9531
761.7187
761.7187
776.3672
776.3672
791.0156
791.0156
766.6016
766.6016
732.4219
732.4219
698.2422
698.2422
483.3984
483.3984
29.2969
29.2969
0.0000
0.0000
0.0000
0.0000
0.0000
0.0000
0.0000
0.0000
0.0000
0.0000
0.0000
0.0000
0.0000
0.0000
0.0000
0.0000
0.0000
0.0000
0.0000
0.0000
0.0000
0.0000
0.0000
0.0000
0.0000
0.0000
234.3750
234.3750
522.4609
522.4609
737.3047
737.3047
869.1406
869.1406
898.4375
898.4375
883.7891
883.7891
830.0781
830.0781
751.9531
751.9531
678.7109
678.7109
639.6484
639.6484
610.3516
610.3516
625.0000
625.0000
649.4141
649.4141
688.4766
688.4766
717.7734
717.7734
756.8359
756.8359
761.7187
761.7187
717.7734
717.7734
654.2969
654.2969
581.0547
581.0547
375.9766
375.9766
4.8828
4.8828
0.0000
0.0000
0.0000
0.0000
0.0000
0.0000
0.0000
0.0000
0.0000
0.0000
0.0000
0.0000
0.0000
0.0000
0.0000
0.0000
0.0000
0.0000
0.0000
0.0000
0.0000
0.0000
0.0000
0.0000
0.0000
0.0000
263.6719
263.6719
527.3437
527.3437
727.5391
727.5391
830.0781
830.0781
883.7891
883.7891
893.5547
893.5547
859.3750
859.3750
791.0156
791.0156
727.5391
727.5391
654.2969
654.2969
615.2344
615.2344
605.4687
605.4687
634.7656
634.7656
649.4141
649.4141
698.2422
698.2422
727.5391
727.5391
751.9531
751.9531
742.1875
742.1875
698.2422
698.2422
634.7656
634.7656
483.3984
483.3984
97.6562
97.6562
0.0000
0.0000
0.0000
0.0000
0.0000
0.0000
0.0000
0.0000
0.0000
0.0000
0.0000
0.0000
0.0000
0.0000
0.0000
0.0000
0.0000
0.0000
0.0000
0.0000
0.0000
0.0000
0.0000
0.0000
0.0000
0.0000
0.0000
0.0000
288.0859
288.0859
551.7578
551.7578
737.3047
737.3047
849.6094
849.6094
869.1406
869.1406
849.6094
849.6094
781.2500
781.2500
732.4219
732.4219
678.7109
678.7109
649.4141
649.4141
625.0000
625.0000
620.1172
620.1172
639.6484
639.6484
664.0625
664.0625
693.3594
693.3594
708.0078
708.0078
708.0078
708.0078
673.8281
673.8281
639.6484
639.6484
561.5234
561.5234
307.6172
307.6172
0.0000
0.0000
0.0000
0.0000
0.0000
0.0000
0.0000
0.0000
0.0000
0.0000
0.0000
0.0000
0.0000
0.0000
0.0000
0.0000
0.0000
0.0000
0.0000
0.0000
0.0000
0.0000
0.0000
0.0000
0.0000
0.0000
0.0000
0.0000
0.0000
0.0000
263.6719
263.6719
502.9297
502.9297
664.0625
664.0625
761.7187
761.7187
781.2500
781.2500
771.4844
771.4844
722.6562
722.6562
668.9453
668.9453
600.5859
600.5859
566.4062
566.4062
576.1719
576.1719
600.5859
600.5859
659.1797
659.1797
683.5937
683.5937
708.0078
708.0078
732.4219
732.4219
722.6562
722.6562
688.4766
688.4766
649.4141
649.4141
532.2266
532.2266
200.1953
200.1953
0.0000
0.0000
0.0000
0.0000
0.0000
0.0000
0.0000
0.0000
0.0000
0.0000
0.0000
0.0000
0.0000
0.0000
0.0000
0.0000
0.0000
0.0000
0.0000
0.0000
0.0000
0.0000
0.0000
0.0000
0.0000
0.0000
68.3594
68.3594
375.9766
375.9766
644.5312
644.5312
854.4922
854.4922
966.7969
966.7969
1005.8594
1005.8594
986.3281
986.3281
927.7344
927.7344
834.9609
834.9609
756.8359
756.8359
698.2422
698.2422
664.0625
664.0625
683.5937
683.5937
722.6562
722.6562
756.8359
756.8359
781.2500
781.2500
815.4297
815.4297
820.3125
820.3125
791.0156
791.0156
747.0703
747.0703
654.2969
654.2969
390.6250
390.6250
0.0000
0.0000
0.0000
0.0000
0.0000
0.0000
0.0000
0.0000
0.0000
0.0000
0.0000
0.0000
0.0000
0.0000
0.0000
0.0000
0.0000
0.0000
0.0000
0.0000
0.0000
0.0000
0.0000
0.0000
0.0000
0.0000
0.0000
0.0000
288.0859
288.0859
551.7578
551.7578
771.4844
771.4844
893.5547
893.5547
937.5000
937.5000
932.6172
883.7891
883.7891
883.7891
810.5469
810.5469
756.8359
756.8359
708.0078
708.0078
693.3594
693.3594
693.3594
693.3594
693.3594
703.1250
703.1250
737.3047
737.3047
756.8359
756.8359
791.0156
791.0156
795.8984
795.8984
747.0703
747.0703
693.3594
693.3594
537.1094
537.1094
146.4844
146.4844
0.0000
0.0000
0.0000
0.0000
0.0000
0.0000
0.0000
0.0000
0.0000
0.0000
0.0000
0.0000
0.0000
0.0000
0.0000
0.0000
0.0000
0.0000
0.0000
0.0000
0.0000
0.0000
0.0000
0.0000
0.0000
0.0000
0.0000
0.0000
205.0781
205.0781
468.7500
468.7500
649.4141
649.4141
756.8359
756.8359
791.0156
791.0156
766.6016
766.6016
722.6562
722.6562
659.1797
659.1797
615.2344
615.2344
590.8203
590.8203
590.8203
590.8203
595.7031
595.7031
639.6484
639.6484
678.7109
678.7109
737.3047
737.3047
761.7187
761.7187
747.0703
747.0703
722.6562
722.6562
722.6562
722.6562
712.8906
712.8906
493.1641
493.1641
63.4766
63.4766
0.0000
0.0000
0.0000
0.0000
0.0000
0.0000
0.0000
0.0000
0.0000
0.0000
0.0000
0.0000
0.0000
0.0000
0.0000
0.0000
0.0000
0.0000
0.0000
0.0000
0.0000
0.0000
0.0000
0.0000
0.0000
0.0000
268.5547
268.5547
527.3437
527.3437
747.0703
747.0703
874.0234
874.0234
937.5000
937.5000
942.3828
942.3828
898.4375
898.4375
825.1953
825.1953
761.7187
761.7187
688.4766
688.4766
649.4141
649.4141
654.2969
654.2969
683.5937
683.5937
732.4219
732.4219
766.6016
766.6016
786.1328
786.1328
786.1328
786.1328
786.1328
786.1328
742.1875
742.1875
693.3594
693.3594
537.1094
537.1094
151.3672
151.3672
0.0000
0.0000
0.0000
0.0000
0.0000
0.0000
0.0000
0.0000
0.0000
0.0000
0.0000
0.0000
0.0000
0.0000
0.0000
0.0000
0.0000
0.0000
0.0000
0.0000
0.0000
0.0000
0.0000
0.0000
0.0000
0.0000
48.8281
48.8281
341.7969
341.7969
610.3516
610.3516
771.4844
771.4844
854.4922
854.4922
869.1406
869.1406
834.9609
834.9609
795.8984
795.8984
737.3047
737.3047
673.8281
673.8281
629.8828
629.8828
620.1172
620.1172
620.1172
620.1172
668.9453
668.9453
698.2422
698.2422
737.3047
737.3047
766.6016
766.6016
786.1328
786.1328
747.0703
747.0703
747.0703
747.0703
708.0078
708.0078
493.1641
493.1641
107.4219
107.4219
0.0000
0.0000
0.0000
0.0000
0.0000
0.0000
0.0000
0.0000
0.0000
0.0000
0.0000
0.0000
0.0000
0.0000
0.0000
0.0000
0.0000
0.0000
0.0000
0.0000
0.0000
0.0000
0.0000
0.0000
97.6562
97.6562
395.5078
395.5078
678.7109
678.7109
878.9062
878.9062
986.3281
986.3281
1010.7422
1010.7422
981.4453
981.4453
908.2031
908.2031
810.5469
810.5469
712.8906
712.8906
654.2969
654.2969
620.1172
620.1172
644.5312
644.5312
698.2422
698.2422
708.0078
708.0078
732.4219
732.4219
751.9531
751.9531
747.0703
747.0703
698.2422
698.2422
634.7656
634.7656
507.8125
507.8125
190.4297
190.4297
0.0000
0.0000
0.0000
0.0000
0.0000
0.0000
0.0000
0.0000
0.0000
0.0000
0.0000
0.0000
0.0000
0.0000
0.0000
0.0000
0.0000
0.0000
0.0000
0.0000
0.0000
0.0000
0.0000
0.0000
0.0000
0.0000
0.0000
0.0000
107.4219
107.4219
390.6250
390.6250
610.3516
610.3516
727.5391
727.5391
776.3672
776.3672
776.3672
776.3672
737.3047
737.3047
678.7109
678.7109
629.8828
629.8828
576.1719
576.1719
576.1719
576.1719
590.8203
590.8203
600.5859
600.5859
629.8828
629.8828
654.2969
654.2969
688.4766
688.4766
693.3594
693.3594
664.0625
664.0625
605.4687
605.4687
527.3437
527.3437
258.7891
258.7891
0.0000
0.0000
0.0000
0.0000
0.0000
0.0000
0.0000
0.0000
0.0000
0.0000
0.0000
0.0000
0.0000
0.0000
0.0000
0.0000
0.0000
0.0000
0.0000
0.0000
0.0000
0.0000
0.0000
0.0000
0.0000
0.0000
0.0000
0.0000
278.3203
278.3203
556.6406
556.6406
727.5391
727.5391
820.3125
820.3125
844.7266
844.7266
830.0781
830.0781
805.6641
805.6641
756.8359
756.8359
688.4766
688.4766
649.4141
649.4141
634.7656
634.7656
625.0000
625.0000
659.1797
659.1797
683.5937
683.5937
717.7734
717.7734
747.0703
747.0703
781.2500
781.2500
756.8359
756.8359
708.0078
708.0078
620.1172
620.1172
454.1016
454.1016
73.2422
73.2422
0.0000
0.0000
0.0000
0.0000
0.0000
0.0000
0.0000
0.0000
0.0000
0.0000
0.0000
0.0000
0.0000
0.0000
0.0000
0.0000
0.0000
0.0000
0.0000
0.0000
0.0000
0.0000
0.0000
0.0000
0.0000
0.0000
151.3672
151.3672
449.2187
449.2187
668.9453
668.9453
834.9609
834.9609
913.0859
913.0859
937.5000
937.5000
913.0859
913.0859
825.1953
825.1953
751.9531
751.9531
698.2422
698.2422
678.7109
678.7109
664.0625
664.0625
678.7109
678.7109
703.1250
703.1250
747.0703
747.0703
781.2500
781.2500
786.1328
786.1328
766.6016
766.6016
722.6562
722.6562
659.1797
659.1797
522.4609
522.4609
170.8984
170.8984
0.0000
0.0000
0.0000
0.0000
0.0000
0.0000
0.0000
0.0000
0.0000
0.0000
0.0000
0.0000
0.0000
0.0000
0.0000
0.0000
0.0000
0.0000
0.0000
0.0000
0.0000
0.0000
0.0000
0.0000
0.0000
0.0000
0.0000
0.0000
273.4375
273.4375
546.8750
546.8750
717.7734
717.7734
834.9609
834.9609
864.2578
864.2578
834.9609
834.9609
776.3672
776.3672
712.8906
712.8906
659.1797
659.1797
634.7656
634.7656
625.0000
625.0000
625.0000
625.0000
668.9453
668.9453
703.1250
703.1250
737.3047
737.3047
747.0703
747.0703
766.6016
766.6016
747.0703
747.0703
727.5391
727.5391
668.9453
668.9453
498.0469
498.0469
83.0078
83.0078
0.0000
0.0000
0.0000
0.0000
0.0000
0.0000
0.0000
0.0000
0.0000
0.0000
0.0000
0.0000
0.0000
0.0000
0.0000
0.0000
0.0000
0.0000
0.0000
0.0000
0.0000
0.0000
0.0000
0.0000
0.0000
0.0000
146.4844
146.4844
439.4531
439.4531
668.9453
668.9453
830.0781
830.0781
893.5547
893.5547
903.3203
903.3203
878.9062
878.9062
810.5469
810.5469
747.0703
747.0703
683.5937
683.5937
634.7656
634.7656
625.0000
625.0000
659.1797
659.1797
698.2422
698.2422
742.1875
742.1875
786.1328
786.1328
805.6641
805.6641
805.6641
805.6641
761.7187
761.7187
722.6562
722.6562
649.4141
649.4141
380.8594
380.8594
0.0000
0.0000
0.0000
0.0000
0.0000
0.0000
0.0000
0.0000
0.0000
0.0000
0.0000
0.0000
0.0000
0.0000
0.0000
0.0000
0.0000
0.0000
0.0000
0.0000
0.0000
0.0000
0.0000
0.0000
0.0000
0.0000
87.8906
87.8906
385.7422
385.7422
668.9453
668.9453
859.3750
859.3750
937.5000
937.5000
952.1484
952.1484
927.7344
927.7344
864.2578
864.2578
795.8984
795.8984
708.0078
708.0078
664.0625
664.0625
649.4141
649.4141
673.8281
673.8281
698.2422
698.2422
732.4219
732.4219
747.0703
747.0703
756.8359
756.8359
776.3672
776.3672
786.1328
786.1328
747.0703
747.0703
693.3594
693.3594
541.9922
541.9922
126.9531
126.9531
0.0000
0.0000
0.0000
0.0000
0.0000
0.0000
0.0000
0.0000
0.0000
0.0000
0.0000
0.0000
0.0000
0.0000
0.0000
0.0000
0.0000
0.0000
0.0000
0.0000
0.0000
0.0000
0.0000
0.0000
0.0000
0.0000
0.0000
0.0000
0.0000
0.0000
209.9609
209.9609
434.5703
434.5703
561.5234
561.5234
644.5312
644.5312
664.0625
664.0625
629.8828
629.8828
590.8203
590.8203
541.9922
541.9922
517.5781
517.5781
527.3437
527.3437
541.9922
541.9922
566.4062
566.4062
610.3516
610.3516
659.1797
659.1797
678.7109
678.7109
712.8906
712.8906
698.2422
698.2422
668.9453
668.9453
678.7109
678.7109
639.6484
639.6484
346.6797
346.6797
0.0000
0.0000
0.0000
0.0000
0.0000
0.0000
0.0000
0.0000
0.0000
0.0000
0.0000
0.0000
0.0000
0.0000
0.0000
0.0000
0.0000
0.0000
0.0000
0.0000
0.0000
0.0000
0.0000
0.0000
0.0000
0.0000
87.8906
87.8906
410.1562
410.1562
644.5312
644.5312
839.8437
839.8437
947.2656
947.2656
991.2109
991.2109
966.7969
966.7969
903.3203
903.3203
800.7812
800.7812
717.7734
717.7734
668.9453
668.9453
649.4141
649.4141
673.8281
673.8281
717.7734
717.7734
751.9531
751.9531
786.1328
786.1328
815.4297
815.4297
820.3125
820.3125
805.6641
805.6641
766.6016
766.6016
698.2422
698.2422
537.1094
537.1094
170.8984
170.8984
0.0000
0.0000
0.0000
0.0000
0.0000
0.0000
0.0000
0.0000
0.0000
0.0000
0.0000
0.0000
0.0000
0.0000
0.0000
0.0000
0.0000
0.0000
0.0000
0.0000
0.0000
0.0000
0.0000
0.0000
0.0000
0.0000
63.4766
63.4766
356.4453
356.4453
605.4687
605.4687
776.3672
864.2578
864.2578
864.2578
883.7891
883.7891
849.6094
849.6094
791.0156
791.0156
732.4219
732.4219
683.5937
683.5937
649.4141
649.4141
649.4141
649.4141
654.2969
654.2969
673.8281
708.0078
708.0078
708.0078
732.4219
732.4219
771.4844
771.4844
795.8984
795.8984
771.4844
771.4844
727.5391
727.5391
683.5937
683.5937
454.1016
454.1016
14.6484
14.6484
0.0000
0.0000
0.0000
0.0000
0.0000
0.0000
0.0000
0.0000
0.0000
0.0000
0.0000
0.0000
0.0000
0.0000
0.0000
0.0000
0.0000
0.0000
0.0000
0.0000
0.0000
0.0000
0.0000
48.8281
48.8281
351.5625
351.5625
615.2344
615.2344
795.8984
795.8984
888.6719
888.6719
917.9687
917.9687
898.4375
898.4375
854.4922
854.4922
771.4844
771.4844
703.1250
703.1250
673.8281
673.8281
688.4766
688.4766
693.3594
693.3594
727.5391
727.5391
751.9531
751.9531
761.7187
761.7187
786.1328
786.1328
795.8984
795.8984
786.1328
786.1328
747.0703
747.0703
703.1250
703.1250
595.7031
595.7031
283.2031
283.2031
0.0000
0.0000
0.0000
0.0000
0.0000
0.0000
0.0000
0.0000
0.0000
0.0000
0.0000
0.0000
0.0000
0.0000
0.0000
0.0000
0.0000
0.0000
0.0000
0.0000
0.0000
0.0000
0.0000
0.0000
0.0000
0.0000
0.0000
0.0000
156.2500
156.2500
468.7500
468.7500
737.3047
737.3047
883.7891
883.7891
947.2656
947.2656
937.5000
937.5000
874.0234
874.0234
795.8984
795.8984
742.1875
742.1875
668.9453
668.9453
644.5312
644.5312
620.1172
620.1172
649.4141
649.4141
688.4766
688.4766
737.3047
737.3047
761.7187
761.7187
771.4844
771.4844
742.1875
742.1875
688.4766
688.4766
644.5312
644.5312
512.6953
512.6953
146.4844
146.4844
0.0000
0.0000
0.0000
0.0000
0.0000
0.0000
0.0000
0.0000
0.0000
0.0000
0.0000
0.0000
0.0000
0.0000
0.0000
0.0000
0.0000
0.0000
0.0000
0.0000
0.0000
0.0000
0.0000
0.0000
0.0000
0.0000
0.0000
0.0000
292.9687
292.9687
546.8750
546.8750
712.8906
712.8906
834.9609
834.9609
869.1406
869.1406
874.0234
874.0234
844.7266
844.7266
771.4844
771.4844
693.3594
693.3594
629.8828
629.8828
610.3516
610.3516
620.1172
620.1172
664.0625
664.0625
693.3594
693.3594
732.4219
732.4219
766.6016
766.6016
771.4844
771.4844
751.9531
751.9531
708.0078
708.0078
625.0000
625.0000
473.6328
473.6328
146.4844
146.4844
0.0000
0.0000
0.0000
0.0000
0.0000
0.0000
0.0000
0.0000
0.0000
0.0000
0.0000
0.0000
0.0000
0.0000
0.0000
0.0000
0.0000
0.0000
0.0000
0.0000
0.0000
0.0000
0.0000
0.0000
0.0000
0.0000
136.7187
136.7187
444.3359
444.3359
708.0078
708.0078
864.2578
864.2578
937.5000
937.5000
937.5000
937.5000
898.4375
898.4375
844.7266
844.7266
781.2500
781.2500
703.1250
703.1250
673.8281
673.8281
678.7109
678.7109
698.2422
698.2422
712.8906
712.8906
737.3047
737.3047
747.0703
747.0703
781.2500
781.2500
786.1328
786.1328
761.7187
761.7187
712.8906
712.8906
664.0625
664.0625
439.4531
439.4531
9.7656
9.7656
0.0000
0.0000
0.0000
0.0000
0.0000
0.0000
0.0000
0.0000
0.0000
0.0000
0.0000
0.0000
0.0000
0.0000
0.0000
0.0000
0.0000
0.0000
0.0000
0.0000
0.0000
0.0000
0.0000
0.0000
0.0000
0.0000
58.5937
58.5937
366.2109
366.2109
585.9375
585.9375
737.3047
737.3047
800.7812
800.7812
805.6641
805.6641
786.1328
786.1328
717.7734
717.7734
654.2969
654.2969
620.1172
620.1172
610.3516
610.3516
600.5859
600.5859
629.8828
629.8828
649.4141
649.4141
693.3594
693.3594
737.3047
737.3047
771.4844
771.4844
761.7187
761.7187
756.8359
756.8359
722.6562
722.6562
717.7734
717.7734
620.1172
620.1172
263.6719
263.6719
0.0000
0.0000
0.0000
0.0000
0.0000
0.0000
0.0000
0.0000
0.0000
0.0000
0.0000
0.0000
0.0000
0.0000
0.0000
0.0000
0.0000
0.0000
0.0000
0.0000
0.0000
0.0000
0.0000
0.0000
0.0000
0.0000
0.0000
0.0000
253.9062
253.9062
541.9922
541.9922
742.1875
742.1875
854.4922
854.4922
888.6719
888.6719
854.4922
854.4922
800.7812
800.7812
717.7734
717.7734
649.4141
649.4141
610.3516
610.3516
595.7031
595.7031
625.0000
625.0000
673.8281
673.8281
708.0078
708.0078
727.5391
727.5391
737.3047
737.3047
737.3047
737.3047
732.4219
732.4219
727.5391
727.5391
703.1250
703.1250
493.1641
493.1641
107.4219
107.4219
0.0000
0.0000
0.0000
0.0000
0.0000
0.0000
0.0000
0.0000
0.0000
0.0000
0.0000
0.0000
0.0000
0.0000
0.0000
0.0000
0.0000
0.0000
0.0000
0.0000
0.0000
0.0000
0.0000
0.0000
4.8828
4.8828
307.6172
307.6172
576.1719
576.1719
805.6641
805.6641
932.6172
932.6172
976.5625
976.5625
976.5625
976.5625
922.8516
922.8516
849.6094
849.6094
761.7187
761.7187
688.4766
688.4766
639.6484
639.6484
659.1797
659.1797
683.5937
683.5937
703.1250
703.1250
747.0703
747.0703
786.1328
786.1328
795.8984
795.8984
800.7812
800.7812
737.3047
737.3047
668.9453
668.9453
561.5234
561.5234
273.4375
273.4375
0.0000
0.0000
0.0000
0.0000
0.0000
0.0000
0.0000
0.0000
0.0000
0.0000
0.0000
0.0000
0.0000
0.0000
0.0000
0.0000
0.0000
0.0000
0.0000
0.0000
0.0000
0.0000
0.0000
0.0000
0.0000
0.0000
0.0000
0.0000
58.5937
58.5937
366.2109
366.2109
561.5234
561.5234
693.3594
693.3594
751.9531
751.9531
761.7187
761.7187
742.1875
742.1875
668.9453
668.9453
590.8203
590.8203
551.7578
551.7578
541.9922
541.9922
556.6406
556.6406
581.0547
581.0547
610.3516
610.3516
634.7656
634.7656
683.5937
683.5937
708.0078
708.0078
712.8906
712.8906
678.7109
678.7109
664.0625
664.0625
585.9375
585.9375
307.6172
307.6172
0.0000
0.0000
0.0000
0.0000
0.0000
0.0000
0.0000
0.0000
0.0000
0.0000
0.0000
0.0000
0.0000
0.0000
0.0000
0.0000
0.0000
0.0000
0.0000
0.0000
0.0000
0.0000
0.0000
0.0000
0.0000
0.0000
68.3594
68.3594
366.2109
366.2109
625.0000
625.0000
805.6641
805.6641
893.5547
893.5547
932.6172
932.6172
888.6719
888.6719
810.5469
810.5469
737.3047
737.3047
678.7109
678.7109
654.2969
654.2969
654.2969
654.2969
639.6484
639.6484
664.0625
664.0625
698.2422
698.2422
727.5391
727.5391
742.1875
742.1875
761.7187
761.7187
737.3047
737.3047
708.0078
708.0078
683.5937
683.5937
566.4062
566.4062
219.7266
219.7266
0.0000
0.0000
0.0000
0.0000
0.0000
0.0000
0.0000
0.0000
0.0000
0.0000
0.0000
0.0000
0.0000
0.0000
0.0000
0.0000
0.0000
0.0000
0.0000
0.0000
0.0000
0.0000
0.0000
0.0000
0.0000
0.0000
29.2969
29.2969
322.2656
322.2656
571.2891
571.2891
751.9531
751.9531
839.8437
839.8437
864.2578
864.2578
844.7266
844.7266
786.1328
786.1328
708.0078
708.0078
649.4141
649.4141
610.3516
610.3516
610.3516
610.3516
644.5312
644.5312
678.7109
678.7109
693.3594
693.3594
737.3047
737.3047
747.0703
747.0703
756.8359
756.8359
722.6562
722.6562
678.7109
678.7109
600.5859
600.5859
410.1562
410.1562
