0.0000
0.0000
0.0000
0.0000
0.0000
0.0000
0.0000
0.0000
0.0000
0.0000
0.0000
0.0000
263.6719
263.6719
483.3984
483.3984
629.8828
629.8828
712.8906
712.8906
742.1875
742.1875
703.1250
703.1250
615.2344
615.2344
556.6406
556.6406
532.2266
532.2266
502.9297
502.9297
502.9297
502.9297
527.3437
527.3437
561.5234
561.5234
590.8203
590.8203
600.5859
600.5859
639.6484
639.6484
664.0625
664.0625
654.2969
654.2969
600.5859
600.5859
541.9922
541.9922
449.2187
449.2187
146.4844
146.4844
0.0000
0.0000
0.0000
0.0000
0.0000
0.0000
0.0000
0.0000
0.0000
0.0000
0.0000
0.0000
0.0000
0.0000
0.0000
0.0000
0.0000
0.0000
0.0000
0.0000
0.0000
0.0000
0.0000
0.0000
0.0000
0.0000
146.4844
146.4844
395.5078
395.5078
581.0547
581.0547
708.0078
708.0078
732.4219
732.4219
703.1250
703.1250
644.5312
644.5312
590.8203
590.8203
541.9922
541.9922
502.9297
498.0469
498.0469
498.0469
527.3437
527.3437
556.6406
556.6406
571.2891
571.2891
590.8203
590.8203
625.0000
625.0000
639.6484
639.6484
620.1172
620.1172
571.2891
571.2891
502.9297
356.4453
356.4453
356.4453
0.0000
0.0000
0.0000
0.0000
0.0000
0.0000
0.0000
0.0000
0.0000
0.0000
0.0000
0.0000
0.0000
0.0000
0.0000
0.0000
0.0000
0.0000
0.0000
0.0000
0.0000
0.0000
0.0000
0.0000
0.0000
0.0000
0.0000
0.0000
0.0000
229.4922
229.4922
439.4531
439.4531
576.1719
576.1719
615.2344
615.2344
605.4687
605.4687
561.5234
561.5234
502.9297
502.9297
463.8672
463.8672
434.5703
434.5703
458.9844
458.9844
483.3984
483.3984
512.6953
512.6953
541.9922
541.9922
566.4062
566.4062
595.7031
595.7031
600.5859
600.5859
615.2344
615.2344
605.4687
605.4687
585.9375
585.9375
517.5781
517.5781
273.4375
273.4375
0.0000
0.0000
0.0000
0.0000
0.0000
0.0000
0.0000
0.0000
0.0000
0.0000
0.0000
0.0000
0.0000
0.0000
0.0000
0.0000
0.0000
0.0000
0.0000
0.0000
0.0000
0.0000
0.0000
0.0000
0.0000
0.0000
0.0000
0.0000
249.0234
249.0234
454.1016
454.1016
585.9375
585.9375
629.8828
629.8828
644.5312
644.5312
600.5859
600.5859
546.8750
546.8750
498.0469
498.0469
478.5156
478.5156
493.1641
493.1641
507.8125
507.8125
532.2266
532.2266
546.8750
546.8750
585.9375
585.9375
605.4687
605.4687
615.2344
615.2344
615.2344
615.2344
590.8203
590.8203
546.8750
546.8750
336.9141
336.9141
0.0000
0.0000
0.0000
0.0000
0.0000
0.0000
0.0000
0.0000
0.0000
0.0000
0.0000
0.0000
0.0000
0.0000
0.0000
0.0000
0.0000
0.0000
0.0000
0.0000
0.0000
0.0000
0.0000
0.0000
0.0000
0.0000
136.7187
136.7187
410.1562
410.1562
625.0000
625.0000
756.8359
756.8359
810.5469
810.5469
795.8984
795.8984
747.0703
747.0703
659.1797
659.1797
600.5859
600.5859
581.0547
581.0547
581.0547
581.0547
590.8203
590.8203
590.8203
590.8203
629.8828
629.8828
654.2969
654.2969
668.9453
668.9453
688.4766
688.4766
703.1250
703.1250
693.3594
693.3594
634.7656
634.7656
532.2266
532.2266
288.0859
288.0859
0.0000
0.0000
0.0000
0.0000
0.0000
0.0000
0.0000
0.0000
0.0000
0.0000
0.0000
0.0000
0.0000
0.0000
0.0000
0.0000
0.0000
0.0000
0.0000
0.0000
0.0000
0.0000
0.0000
0.0000
0.0000
0.0000
43.9453
43.9453
292.9687
292.9687
478.5156
478.5156
595.7031
595.7031
688.4766
688.4766
703.1250
703.1250
654.2969
654.2969
585.9375
585.9375
541.9922
541.9922
527.3437
527.3437
517.5781
517.5781
527.3437
527.3437
537.1094
537.1094
581.0547
581.0547
615.2344
615.2344
629.8828
629.8828
649.4141
649.4141
664.0625
664.0625
649.4141
649.4141
605.4687
605.4687
527.3437
527.3437
258.7891
258.7891
0.0000
0.0000
0.0000
0.0000
0.0000
0.0000
0.0000
0.0000
0.0000
0.0000
0.0000
0.0000
0.0000
0.0000
0.0000
0.0000
0.0000
0.0000
0.0000
0.0000
0.0000
0.0000
0.0000
0.0000
0.0000
0.0000
146.4844
146.4844
366.2109
366.2109
541.9922
541.9922
659.1797
659.1797
742.1875
742.1875
722.6562
722.6562
654.2969
654.2969
585.9375
585.9375
551.7578
551.7578
532.2266
532.2266
512.6953
512.6953
527.3437
527.3437
566.4062
566.4062
600.5859
600.5859
625.0000
625.0000
644.5312
644.5312
673.8281
673.8281
668.9453
668.9453
644.5312
644.5312
610.3516
610.3516
546.8750
546.8750
307.6172
307.6172
0.0000
0.0000
0.0000
0.0000
0.0000
0.0000
0.0000
0.0000
0.0000
0.0000
0.0000
0.0000
0.0000
0.0000
0.0000
0.0000
0.0000
0.0000
0.0000
0.0000
0.0000
0.0000
0.0000
0.0000
0.0000
0.0000
83.0078
83.0078
341.7969
341.7969
551.7578
551.7578
712.8906
712.8906
791.0156
791.0156
761.7187
761.7187
703.1250
703.1250
620.1172
620.1172
561.5234
561.5234
522.4609
522.4609
517.5781
517.5781
537.1094
537.1094
566.4062
566.4062
600.5859
600.5859
615.2344
615.2344
629.8828
629.8828
654.2969
654.2969
639.6484
639.6484
615.2344
615.2344
600.5859
600.5859
488.2812
488.2812
87.8906
87.8906
0.0000
0.0000
0.0000
0.0000
0.0000
0.0000
0.0000
0.0000
0.0000
0.0000
0.0000
0.0000
0.0000
0.0000
0.0000
0.0000
0.0000
0.0000
0.0000
0.0000
0.0000
0.0000
0.0000
0.0000
0.0000
0.0000
131.8359
131.8359
356.4453
356.4453
522.4609
522.4609
625.0000
625.0000
644.5312
644.5312
605.4687
605.4687
551.7578
551.7578
507.8125
507.8125
463.8672
463.8672
463.8672
463.8672
493.1641
493.1641
522.4609
522.4609
541.9922
541.9922
551.7578
551.7578
576.1719
576.1719
610.3516
610.3516
625.0000
625.0000
625.0000
625.0000
629.8828
629.8828
629.8828
629.8828
576.1719
576.1719
307.6172
307.6172
0.0000
0.0000
0.0000
0.0000
0.0000
0.0000
0.0000
0.0000
0.0000
0.0000
0.0000
0.0000
0.0000
0.0000
0.0000
0.0000
0.0000
0.0000
0.0000
0.0000
0.0000
0.0000
0.0000
0.0000
0.0000
0.0000
190.4297
190.4297
449.2187
449.2187
634.7656
634.7656
717.7734
717.7734
766.6016
766.6016
742.1875
742.1875
678.7109
678.7109
600.5859
600.5859
532.2266
532.2266
537.1094
537.1094
546.8750
546.8750
556.6406
556.6406
556.6406
556.6406
576.1719
576.1719
620.1172
620.1172
649.4141
649.4141
649.4141
649.4141
634.7656
634.7656
615.2344
615.2344
541.9922
541.9922
292.9687
292.9687
0.0000
0.0000
0.0000
0.0000
0.0000
0.0000
0.0000
0.0000
0.0000
0.0000
0.0000
0.0000
0.0000
0.0000
0.0000
0.0000
0.0000
0.0000
0.0000
0.0000
0.0000
0.0000
0.0000
0.0000
0.0000
0.0000
209.9609
209.9609
468.7500
468.7500
649.4141
649.4141
742.1875
742.1875
771.4844
771.4844
776.3672
776.3672
722.6562
722.6562
629.8828
629.8828
551.7578
551.7578
532.2266
532.2266
537.1094
537.1094
546.8750
546.8750
556.6406
556.6406
585.9375
585.9375
625.0000
625.0000
649.4141
649.4141
668.9453
668.9453
664.0625
664.0625
629.8828
629.8828
566.4062
566.4062
434.5703
434.5703
161.1328
161.1328
0.0000
0.0000
0.0000
0.0000
0.0000
0.0000
0.0000
0.0000
0.0000
0.0000
0.0000
0.0000
0.0000
0.0000
0.0000
0.0000
0.0000
0.0000
0.0000
0.0000
0.0000
0.0000
0.0000
0.0000
0.0000
0.0000
0.0000
0.0000
175.7812
175.7812
366.2109
366.2109
517.5781
517.5781
595.7031
595.7031
634.7656
634.7656
600.5859
600.5859
532.2266
532.2266
478.5156
478.5156
454.1016
454.1016
444.3359
444.3359
449.2187
449.2187
473.6328
473.6328
522.4609
522.4609
546.8750
546.8750
566.4062
566.4062
595.7031
595.7031
605.4687
605.4687
585.9375
585.9375
537.1094
537.1094
478.5156
478.5156
268.5547
268.5547
0.0000
0.0000
0.0000
0.0000
0.0000
0.0000
0.0000
0.0000
0.0000
0.0000
0.0000
0.0000
0.0000
0.0000
0.0000
0.0000
0.0000
0.0000
0.0000
0.0000
0.0000
0.0000
0.0000
0.0000
0.0000
0.0000
0.0000
0.0000
151.3672
151.3672
371.0937
371.0937
532.2266
532.2266
615.2344
615.2344
644.5312
644.5312
610.3516
610.3516
556.6406
556.6406
507.8125
507.8125
483.3984
483.3984
463.8672
463.8672
488.2812
488.2812
522.4609
522.4609
546.8750
546.8750
576.1719
576.1719
585.9375
585.9375
615.2344
615.2344
634.7656
634.7656
634.7656
634.7656
610.3516
610.3516
585.9375
585.9375
522.4609
522.4609
219.7266
219.7266
0.0000
0.0000
0.0000
0.0000
0.0000
0.0000
0.0000
0.0000
0.0000
0.0000
0.0000
0.0000
0.0000
0.0000
0.0000
0.0000
0.0000
0.0000
0.0000
0.0000
0.0000
0.0000
0.0000
0.0000
0.0000
0.0000
24.4141
24.4141
302.7344
302.7344
532.2266
532.2266
668.9453
668.9453
727.5391
727.5391
732.4219
732.4219
688.4766
688.4766
620.1172
620.1172
551.7578
551.7578
527.3437
527.3437
537.1094
537.1094
561.5234
561.5234
581.0547
581.0547
590.8203
590.8203
620.1172
620.1172
639.6484
639.6484
668.9453
668.9453
673.8281
673.8281
649.4141
649.4141
620.1172
620.1172
522.4609
522.4609
195.3125
195.3125
0.0000
0.0000
0.0000
0.0000
0.0000
0.0000
0.0000
0.0000
0.0000
0.0000
0.0000
0.0000
0.0000
0.0000
0.0000
0.0000
0.0000
0.0000
0.0000
0.0000
0.0000
0.0000
0.0000
0.0000
0.0000
0.0000
141.6016
141.6016
390.6250
390.6250
561.5234
561.5234
664.0625
664.0625
703.1250
703.1250
698.2422
698.2422
654.2969
654.2969
571.2891
571.2891
527.3437
527.3437
512.6953
512.6953
541.9922
541.9922
556.6406
556.6406
561.5234
561.5234
590.8203
590.8203
615.2344
615.2344
654.2969
654.2969
664.0625
664.0625
649.4141
649.4141
625.0000
625.0000
576.1719
576.1719
405.2734
405.2734
39.0625
39.0625
0.0000
0.0000
0.0000
0.0000
0.0000
0.0000
0.0000
0.0000
0.0000
0.0000
0.0000
0.0000
0.0000
0.0000
0.0000
0.0000
0.0000
0.0000
0.0000
0.0000
0.0000
0.0000
0.0000
0.0000
19.5312
19.5312
292.9687
292.9687
507.8125
507.8125
625.0000
625.0000
698.2422
698.2422
727.5391
727.5391
717.7734
717.7734
659.1797
659.1797
595.7031
595.7031
551.7578
551.7578
551.7578
551.7578
561.5234
561.5234
566.4062
566.4062
595.7031
595.7031
629.8828
629.8828
649.4141
673.8281
673.8281
688.4766
688.4766
673.8281
673.8281
625.0000
625.0000
566.4062
566.4062
361.3281
361.3281
0.0000
0.0000
0.0000
0.0000
0.0000
0.0000
0.0000
0.0000
0.0000
0.0000
0.0000
0.0000
0.0000
0.0000
0.0000
0.0000
0.0000
0.0000
0.0000
0.0000
0.0000
0.0000
0.0000
0.0000
0.0000
0.0000
122.0703
122.0703
361.3281
361.3281
561.5234
561.5234
693.3594
693.3594
756.8359
756.8359
771.4844
771.4844
712.8906
712.8906
649.4141
649.4141
585.9375
585.9375
561.5234
561.5234
532.2266
532.2266
541.9922
541.9922
571.2891
571.2891
610.3516
610.3516
639.6484
639.6484
649.4141
649.4141
668.9453
668.9453
673.8281
673.8281
654.2969
654.2969
581.0547
581.0547
498.0469
498.0469
302.7344
302.7344
0.0000
0.0000
0.0000
0.0000
0.0000
0.0000
0.0000
0.0000
0.0000
0.0000
0.0000
0.0000
0.0000
0.0000
0.0000
0.0000
0.0000
0.0000
0.0000
0.0000
0.0000
0.0000
0.0000
0.0000
0.0000
0.0000
146.4844
146.4844
395.5078
395.5078
595.7031
595.7031
727.5391
727.5391
800.7812
800.7812
781.2500
781.2500
712.8906
712.8906
644.5312
644.5312
585.9375
585.9375
541.9922
541.9922
522.4609
522.4609
532.2266
532.2266
566.4062
566.4062
610.3516
610.3516
625.0000
625.0000
625.0000
625.0000
649.4141
649.4141
654.2969
654.2969
615.2344
615.2344
561.5234
561.5234
458.9844
458.9844
156.2500
156.2500
0.0000
0.0000
0.0000
0.0000
0.0000
0.0000
0.0000
0.0000
0.0000
0.0000
0.0000
0.0000
0.0000
0.0000
0.0000
0.0000
0.0000
0.0000
0.0000
0.0000
0.0000
0.0000
0.0000
0.0000
0.0000
0.0000
141.6016
141.6016
395.5078
395.5078
576.1719
576.1719
712.8906
712.8906
747.0703
747.0703
708.0078
708.0078
644.5312
644.5312
585.9375
585.9375
532.2266
532.2266
498.0469
498.0469
498.0469
498.0469
522.4609
522.4609
551.7578
551.7578
576.1719
576.1719
595.7031
595.7031
605.4687
605.4687
629.8828
629.8828
639.6484
639.6484
644.5312
644.5312
615.2344
615.2344
561.5234
561.5234
390.6250
390.6250
0.0000
0.0000
0.0000
0.0000
0.0000
0.0000
0.0000
0.0000
0.0000
0.0000
0.0000
0.0000
0.0000
0.0000
0.0000
0.0000
0.0000
0.0000
0.0000
0.0000
0.0000
0.0000
0.0000
0.0000
0.0000
0.0000
0.0000
0.0000
0.0000
0.0000
214.8437
214.8437
405.2734
405.2734
532.2266
532.2266
581.0547
581.0547
605.4687
605.4687
576.1719
576.1719
512.6953
512.6953
458.9844
458.9844
444.3359
444.3359
449.2187
449.2187
454.1016
454.1016
468.7500
468.7500
512.6953
512.6953
541.9922
541.9922
581.0547
581.0547
581.0547
581.0547
610.3516
610.3516
605.4687
605.4687
571.2891
571.2891
488.2812
488.2812
195.3125
195.3125
0.0000
0.0000
0.0000
0.0000
0.0000
0.0000
0.0000
0.0000
0.0000
0.0000
0.0000
0.0000
0.0000
0.0000
0.0000
0.0000
0.0000
0.0000
0.0000
0.0000
0.0000
0.0000
0.0000
0.0000
0.0000
0.0000
0.0000
0.0000
258.7891
258.7891
458.9844
458.9844
625.0000
625.0000
708.0078
708.0078
727.5391
727.5391
673.8281
673.8281
600.5859
600.5859
561.5234
561.5234
532.2266
532.2266
507.8125
507.8125
507.8125
507.8125
541.9922
541.9922
590.8203
590.8203
620.1172
620.1172
629.8828
629.8828
644.5312
644.5312
678.7109
678.7109
673.8281
673.8281
644.5312
644.5312
600.5859
600.5859
478.5156
478.5156
146.4844
146.4844
0.0000
0.0000
0.0000
0.0000
0.0000
0.0000
0.0000
0.0000
0.0000
0.0000
0.0000
0.0000
0.0000
0.0000
0.0000
0.0000
0.0000
0.0000
0.0000
0.0000
0.0000
0.0000
0.0000
0.0000
0.0000
0.0000
0.0000
0.0000
175.7812
175.7812
400.3906
400.3906
556.6406
556.6406
620.1172
620.1172
634.7656
634.7656
595.7031
595.7031
561.5234
561.5234
512.6953
512.6953
473.6328
473.6328
478.5156
478.5156
517.5781
517.5781
551.7578
551.7578
561.5234
561.5234
576.1719
576.1719
605.4687
605.4687
629.8828
629.8828
629.8828
629.8828
605.4687
605.4687
561.5234
561.5234
463.8672
463.8672
126.9531
126.9531
0.0000
0.0000
0.0000
0.0000
0.0000
0.0000
0.0000
0.0000
0.0000
0.0000
0.0000
0.0000
0.0000
0.0000
0.0000
0.0000
0.0000
0.0000
0.0000
0.0000
0.0000
0.0000
0.0000
0.0000
0.0000
0.0000
263.6719
263.6719
498.0469
498.0469
688.4766
688.4766
786.1328
786.1328
800.7812
800.7812
781.2500
781.2500
727.5391
727.5391
659.1797
659.1797
605.4687
605.4687
590.8203
590.8203
595.7031
595.7031
625.0000
625.0000
644.5312
644.5312
659.1797
659.1797
673.8281
673.8281
698.2422
698.2422
712.8906
712.8906
712.8906
712.8906
683.5937
683.5937
629.8828
629.8828
463.8672
463.8672
97.6562
97.6562
0.0000
0.0000
0.0000
0.0000
0.0000
0.0000
0.0000
0.0000
0.0000
0.0000
0.0000
0.0000
0.0000
0.0000
0.0000
0.0000
0.0000
0.0000
0.0000
0.0000
0.0000
0.0000
0.0000
0.0000
0.0000
0.0000
126.9531
126.9531
366.2109
366.2109
551.7578
551.7578
654.2969
654.2969
703.1250
703.1250
688.4766
688.4766
639.6484
639.6484
595.7031
595.7031
546.8750
546.8750
541.9922
541.9922
551.7578
551.7578
551.7578
551.7578
566.4062
566.4062
600.5859
600.5859
634.7656
634.7656
639.6484
639.6484
668.9453
668.9453
678.7109
678.7109
668.9453
668.9453
625.0000
625.0000
498.0469
498.0469
170.8984
170.8984
0.0000
0.0000
0.0000
0.0000
0.0000
0.0000
0.0000
0.0000
0.0000
0.0000
0.0000
0.0000
0.0000
0.0000
0.0000
0.0000
0.0000
0.0000
0.0000
0.0000
0.0000
0.0000
0.0000
0.0000
19.5312
19.5312
297.8516
297.8516
517.5781
517.5781
693.3594
693.3594
786.1328
786.1328
825.1953
825.1953
795.8984
795.8984
717.7734
717.7734
654.2969
654.2969
610.3516
610.3516
590.8203
590.8203
561.5234
561.5234
571.2891
571.2891
610.3516
610.3516
644.5312
644.5312
664.0625
664.0625
673.8281
673.8281
688.4766
688.4766
673.8281
673.8281
605.4687
605.4687
483.3984
483.3984
249.0234
249.0234
0.0000
0.0000
0.0000
0.0000
0.0000
0.0000
0.0000
0.0000
0.0000
0.0000
0.0000
0.0000
0.0000
0.0000
0.0000
0.0000
0.0000
0.0000
0.0000
0.0000
0.0000
0.0000
0.0000
0.0000
0.0000
0.0000
0.0000
0.0000
190.4297
190.4297
405.2734
405.2734
585.9375
585.9375
703.1250
703.1250
742.1875
742.1875
703.1250
703.1250
625.0000
625.0000
581.0547
581.0547
532.2266
532.2266
507.8125
507.8125
493.1641
493.1641
527.3437
527.3437
566.4062
566.4062
595.7031
595.7031
600.5859
600.5859
625.0000
625.0000
644.5312
644.5312
659.1797
659.1797
639.6484
639.6484
605.4687
605.4687
537.1094
537.1094
239.2578
239.2578
0.0000
0.0000
0.0000
0.0000
0.0000
0.0000
0.0000
0.0000
0.0000
0.0000
0.0000
0.0000
0.0000
0.0000
0.0000
0.0000
0.0000
0.0000
0.0000
0.0000
0.0000
0.0000
0.0000
0.0000
0.0000
0.0000
102.5391
102.5391
327.1484
327.1484
522.4609
522.4609
649.4141
649.4141
693.3594
693.3594
673.8281
673.8281
634.7656
634.7656
571.2891
571.2891
527.3437
527.3437
502.9297
502.9297
512.6953
512.6953
541.9922
541.9922
561.5234
561.5234
576.1719
576.1719
595.7031
595.7031
625.0000
625.0000
654.2969
654.2969
625.0000
625.0000
590.8203
590.8203
537.1094
537.1094
405.2734
405.2734
63.4766
63.4766
0.0000
0.0000
0.0000
0.0000
0.0000
0.0000
0.0000
0.0000
0.0000
0.0000
0.0000
0.0000
0.0000
0.0000
0.0000
0.0000
0.0000
0.0000
0.0000
0.0000
0.0000
0.0000
0.0000
0.0000
0.0000
0.0000
175.7812
175.7812
434.5703
434.5703
644.5312
644.5312
761.7187
761.7187
800.7812
800.7812
776.3672
776.3672
708.0078
708.0078
629.8828
629.8828
561.5234
561.5234
541.9922
541.9922
566.4062
566.4062
576.1719
576.1719
571.2891
571.2891
600.5859
600.5859
629.8828
629.8828
649.4141
649.4141
659.1797
659.1797
644.5312
644.5312
615.2344
615.2344
537.1094
537.1094
312.5000
312.5000
0.0000
0.0000
0.0000
0.0000
0.0000
0.0000
0.0000
0.0000
0.0000
0.0000
0.0000
0.0000
0.0000
0.0000
0.0000
0.0000
0.0000
0.0000
0.0000
0.0000
0.0000
0.0000
0.0000
0.0000
0.0000
0.0000
0.0000
0.0000
205.0781
205.0781
434.5703
434.5703
585.9375
668.9453
668.9453
668.9453
708.0078
708.0078
678.7109
678.7109
615.2344
615.2344
551.7578
551.7578
522.4609
522.4609
522.4609
522.4609
522.4609
522.4609
522.4609
522.4609
541.9922
541.9922
585.9375
585.9375
620.1172
620.1172
629.8828
629.8828
649.4141
649.4141
639.6484
639.6484
600.5859
600.5859
522.4609
522.4609
361.3281
361.3281
9.7656
0.0000
0.0000
0.0000
0.0000
0.0000
0.0000
0.0000
0.0000
0.0000
0.0000
0.0000
0.0000
0.0000
0.0000
0.0000
0.0000
0.0000
0.0000
0.0000
0.0000
0.0000
0.0000
0.0000
0.0000
0.0000
0.0000
0.0000
166.0156
166.0156
405.2734
405.2734
561.5234
561.5234
668.9453
732.4219
732.4219
722.6562
722.6562
634.7656
634.7656
571.2891
571.2891
537.1094
537.1094
522.4609
522.4609
512.6953
512.6953
512.6953
512.6953
541.9922
541.9922
590.8203
590.8203
620.1172
620.1172
629.8828
629.8828
639.6484
639.6484
644.5312
644.5312
605.4687
605.4687
551.7578
551.7578
415.0391
415.0391
19.5312
19.5312
0.0000
0.0000
0.0000
0.0000
0.0000
0.0000
0.0000
0.0000
0.0000
0.0000
0.0000
0.0000
0.0000
0.0000
0.0000
0.0000
0.0000
0.0000
0.0000
0.0000
0.0000
0.0000
0.0000
0.0000
0.0000
0.0000
0.0000
0.0000
205.0781
205.0781
405.2734
405.2734
551.7578
551.7578
629.8828
629.8828
610.3516
610.3516
551.7578
551.7578
502.9297
502.9297
473.6328
473.6328
454.1016
454.1016
454.1016
454.1016
488.2812
488.2812
522.4609
522.4609
566.4062
566.4062
566.4062
566.4062
600.5859
600.5859
620.1172
620.1172
605.4687
605.4687
561.5234
561.5234
502.9297
502.9297
400.3906
400.3906
102.5391
102.5391
0.0000
0.0000
0.0000
0.0000
0.0000
0.0000
0.0000
0.0000
0.0000
0.0000
0.0000
0.0000
0.0000
0.0000
0.0000
0.0000
0.0000
0.0000
0.0000
0.0000
0.0000
0.0000
0.0000
0.0000
58.5937
58.5937
346.6797
346.6797
581.0547
581.0547
776.3672
776.3672
883.7891
883.7891
898.4375
898.4375
849.6094
849.6094
766.6016
766.6016
688.4766
688.4766
625.0000
625.0000
595.7031
595.7031
600.5859
600.5859
634.7656
634.7656
654.2969
654.2969
668.9453
668.9453
688.4766
688.4766
717.7734
717.7734
727.5391
727.5391
693.3594
693.3594
644.5312
644.5312
566.4062
566.4062
317.3828
317.3828
0.0000
0.0000
0.0000
0.0000
0.0000
0.0000
0.0000
0.0000
0.0000
0.0000
0.0000
0.0000
0.0000
0.0000
0.0000
0.0000
0.0000
0.0000
0.0000
0.0000
0.0000
0.0000
0.0000
0.0000
0.0000
0.0000
0.0000
0.0000
200.1953
200.1953
415.0391
415.0391
551.7578
551.7578
634.7656
634.7656
644.5312
644.5312
620.1172
620.1172
571.2891
571.2891
512.6953
512.6953
483.3984
483.3984
498.0469
498.0469
527.3437
527.3437
541.9922
541.9922
556.6406
556.6406
581.0547
581.0547
610.3516
610.3516
639.6484
639.6484
639.6484
639.6484
644.5312
644.5312
629.8828
629.8828
595.7031
595.7031
458.9844
458.9844
68.3594
68.3594
0.0000
0.0000
0.0000
0.0000
0.0000
0.0000
0.0000
0.0000
0.0000
0.0000
0.0000
0.0000
0.0000
0.0000
0.0000
0.0000
0.0000
0.0000
0.0000
0.0000
0.0000
0.0000
0.0000
0.0000
0.0000
0.0000
0.0000
0.0000
224.6094
224.6094
400.3906
400.3906
517.5781
517.5781
581.0547
581.0547
600.5859
600.5859
551.7578
551.7578
502.9297
502.9297
483.3984
483.3984
488.2812
488.2812
498.0469
498.0469
493.1641
493.1641
507.8125
507.8125
541.9922
541.9922
581.0547
581.0547
610.3516
610.3516
625.0000
625.0000
625.0000
625.0000
610.3516
610.3516
595.7031
595.7031
512.6953
512.6953
195.3125
195.3125
0.0000
0.0000
0.0000
0.0000
0.0000
0.0000
0.0000
0.0000
0.0000
0.0000
0.0000
0.0000
0.0000
0.0000
0.0000
0.0000
0.0000
0.0000
0.0000
0.0000
0.0000
0.0000
0.0000
0.0000
0.0000
0.0000
185.5469
185.5469
444.3359
444.3359
605.4687
605.4687
722.6562
722.6562
786.1328
786.1328
776.3672
776.3672
708.0078
708.0078
629.8828
629.8828
595.7031
595.7031
571.2891
571.2891
576.1719
576.1719
576.1719
576.1719
605.4687
605.4687
649.4141
649.4141
659.1797
659.1797
688.4766
688.4766
708.0078
708.0078
717.7734
717.7734
678.7109
678.7109
610.3516
610.3516
498.0469
498.0469
200.1953
200.1953
0.0000
0.0000
0.0000
0.0000
0.0000
0.0000
0.0000
0.0000
0.0000
0.0000
0.0000
0.0000
0.0000
0.0000
0.0000
0.0000
0.0000
0.0000
0.0000
0.0000
0.0000
0.0000
0.0000
0.0000
0.0000
0.0000
0.0000
0.0000
234.3750
234.3750
458.9844
458.9844
625.0000
625.0000
717.7734
717.7734
722.6562
722.6562
659.1797
659.1797
595.7031
595.7031
537.1094
537.1094
517.5781
517.5781
512.6953
512.6953
546.8750
546.8750
581.0547
581.0547
605.4687
605.4687
610.3516
610.3516
639.6484
639.6484
664.0625
664.0625
664.0625
664.0625
634.7656
634.7656
605.4687
605.4687
507.8125
507.8125
161.1328
161.1328
0.0000
0.0000
0.0000
0.0000
0.0000
0.0000
0.0000
0.0000
0.0000
0.0000
0.0000
0.0000
0.0000
0.0000
0.0000
0.0000
0.0000
0.0000
0.0000
0.0000
0.0000
0.0000
0.0000
0.0000
0.0000
0.0000
229.4922
229.4922
488.2812
488.2812
673.8281
673.8281
795.8984
795.8984
825.1953
825.1953
795.8984
795.8984
722.6562
722.6562
634.7656
634.7656
576.1719
576.1719
551.7578
551.7578
571.2891
571.2891
600.5859
600.5859
625.0000
625.0000
634.7656
634.7656
649.4141
649.4141
688.4766
688.4766
698.2422
698.2422
698.2422
698.2422
678.7109
678.7109
634.7656
634.7656
546.8750
546.8750
288.0859
288.0859
0.0000
0.0000
0.0000
0.0000
0.0000
0.0000
0.0000
0.0000
0.0000
0.0000
0.0000
0.0000
0.0000
0.0000
0.0000
0.0000
0.0000
0.0000
0.0000
0.0000
0.0000
0.0000
0.0000
0.0000
0.0000
0.0000
0.0000
0.0000
0.0000
0.0000
234.3750
234.3750
419.9219
419.9219
522.4609
522.4609
590.8203
590.8203
590.8203
590.8203
532.2266
532.2266
488.2812
488.2812
463.8672
463.8672
478.5156
478.5156
483.3984
483.3984
488.2812
488.2812
512.6953
512.6953
537.1094
537.1094
576.1719
576.1719
595.7031
595.7031
600.5859
600.5859
605.4687
605.4687
595.7031
595.7031
561.5234
561.5234
332.0312
332.0312
0.0000
0.0000
0.0000
0.0000
0.0000
0.0000
0.0000
0.0000
0.0000
0.0000
0.0000
0.0000
0.0000
0.0000
0.0000
0.0000
0.0000
0.0000
0.0000
0.0000
0.0000
0.0000
0.0000
0.0000
0.0000
0.0000
156.2500
156.2500
429.6875
429.6875
595.7031
595.7031
717.7734
717.7734
781.2500
781.2500
781.2500
781.2500
737.3047
737.3047
659.1797
659.1797
610.3516
610.3516
595.7031
595.7031
600.5859
600.5859
595.7031
595.7031
610.3516
610.3516
649.4141
649.4141
668.9453
668.9453
693.3594
693.3594
708.0078
708.0078
727.5391
727.5391
703.1250
703.1250
664.0625
664.0625
595.7031
595.7031
366.2109
366.2109
0.0000
0.0000
0.0000
0.0000
0.0000
0.0000
0.0000
0.0000
0.0000
0.0000
0.0000
0.0000
0.0000
0.0000
0.0000
0.0000
0.0000
0.0000
0.0000
0.0000
0.0000
0.0000
0.0000
0.0000
0.0000
0.0000
102.5391
102.5391
366.2109
366.2109
556.6406
556.6406
693.3594
693.3594
781.2500
781.2500
795.8984
795.8984
747.0703
747.0703
664.0625
664.0625
610.3516
610.3516
571.2891
571.2891
551.7578
551.7578
561.5234
561.5234
600.5859
600.5859
620.1172
620.1172
644.5312
644.5312
659.1797
659.1797
693.3594
693.3594
698.2422
698.2422
673.8281
673.8281
634.7656
634.7656
581.0547
581.0547
351.5625
351.5625
0.0000
0.0000
0.0000
0.0000
0.0000
0.0000
0.0000
0.0000
0.0000
0.0000
0.0000
0.0000
0.0000
0.0000
0.0000
0.0000
0.0000
0.0000
0.0000
0.0000
0.0000
0.0000
0.0000
0.0000
0.0000
0.0000
0.0000
0.0000
175.7812
175.7812
375.9766
375.9766
546.8750
546.8750
629.8828
629.8828
629.8828
629.8828
595.7031
595.7031
532.2266
532.2266
483.3984
483.3984
454.1016
454.1016
458.9844
458.9844
493.1641
493.1641
532.2266
532.2266
546.8750
546.8750
556.6406
556.6406
585.9375
585.9375
620.1172
620.1172
629.8828
629.8828
605.4687
605.4687
566.4062
566.4062
502.9297
502.9297
312.5000
312.5000
0.0000
0.0000
0.0000
0.0000
0.0000
0.0000
0.0000
0.0000
0.0000
0.0000
0.0000
0.0000
0.0000
0.0000
0.0000
0.0000
0.0000
0.0000
0.0000
0.0000
0.0000
0.0000
0.0000
0.0000
0.0000
0.0000
0.0000
0.0000
229.4922
229.4922
454.1016
454.1016
625.0000
625.0000
688.4766
688.4766
703.1250
703.1250
688.4766
688.4766
625.0000
625.0000
556.6406
556.6406
522.4609
522.4609
527.3437
527.3437
551.7578
551.7578
576.1719
576.1719
581.0547
581.0547
600.5859
600.5859
639.6484
639.6484
654.2969
654.2969
659.1797
659.1797
644.5312
644.5312
625.0000
625.0000
551.7578
551.7578
263.6719
263.6719
0.0000
0.0000
0.0000
0.0000
0.0000
0.0000
0.0000
0.0000
0.0000
0.0000
0.0000
0.0000
0.0000
0.0000
0.0000
0.0000
0.0000
0.0000
0.0000
0.0000
0.0000
0.0000
0.0000
0.0000
0.0000
0.0000
0.0000
166.0156
166.0156
166.0156
371.0937
371.0937
541.9922
541.9922
615.2344
615.2344
639.6484
639.6484
634.7656
634.7656
571.2891
571.2891
512.6953
512.6953
507.8125
507.8125
512.6953
527.3437
527.3437
527.3437
541.9922
541.9922
566.4062
566.4062
590.8203
590.8203
625.0000
625.0000
639.6484
639.6484
644.5312
605.4687
605.4687
566.4062
566.4062
410.1562
410.1562
68.3594
68.3594
0.0000
0.0000
0.0000
0.0000
0.0000
0.0000
0.0000
0.0000
0.0000
0.0000
0.0000
0.0000
0.0000
0.0000
0.0000
0.0000
0.0000
0.0000
0.0000
0.0000
0.0000
0.0000
0.0000
0.0000
0.0000
0.0000
214.8437
214.8437
449.2187
449.2187
600.5859
600.5859
703.1250
703.1250
747.0703
747.0703
751.9531
751.9531
712.8906
712.8906
639.6484
639.6484
595.7031
595.7031
576.1719
576.1719
571.2891
571.2891
576.1719
576.1719
605.4687
605.4687
639.6484
639.6484
668.9453
668.9453
668.9453
668.9453
688.4766
688.4766
708.0078
708.0078
683.5937
683.5937
629.8828
629.8828
434.5703
434.5703
34.1797
34.1797
0.0000
0.0000
0.0000
0.0000
0.0000
0.0000
0.0000
0.0000
0.0000
0.0000
0.0000
0.0000
0.0000
0.0000
0.0000
0.0000
0.0000
0.0000
0.0000
0.0000
0.0000
0.0000
0.0000
0.0000
0.0000
0.0000
141.6016
141.6016
356.4453
356.4453
507.8125
507.8125
620.1172
620.1172
668.9453
668.9453
668.9453
668.9453
615.2344
615.2344
561.5234
561.5234
537.1094
537.1094
512.6953
512.6953
517.5781
517.5781
537.1094
537.1094
581.0547
581.0547
615.2344
615.2344
625.0000
625.0000
629.8828
629.8828
659.1797
659.1797
639.6484
639.6484
581.0547
581.0547
483.3984
483.3984
219.7266
219.7266
0.0000
0.0000
0.0000
0.0000
0.0000
0.0000
0.0000
0.0000
0.0000
0.0000
0.0000
0.0000
0.0000
0.0000
0.0000
0.0000
0.0000
0.0000
0.0000
0.0000
0.0000
0.0000
0.0000
0.0000
0.0000
0.0000
53.7109
53.7109
312.5000
312.5000
512.6953
512.6953
659.1797
659.1797
756.8359
756.8359
781.2500
781.2500
737.3047
737.3047
673.8281
673.8281
620.1172
620.1172
581.0547
581.0547
556.6406
556.6406
556.6406
556.6406
590.8203
590.8203
629.8828
629.8828
644.5312
644.5312
659.1797
659.1797
678.7109
678.7109
668.9453
668.9453
629.8828
629.8828
556.6406
556.6406
366.2109
366.2109
0.0000
0.0000
0.0000
0.0000
0.0000
0.0000
0.0000
0.0000
0.0000
0.0000
0.0000
0.0000
0.0000
0.0000
0.0000
0.0000
0.0000
0.0000
0.0000
0.0000
0.0000
0.0000
0.0000
0.0000
0.0000
0.0000
0.0000
0.0000
97.6562
97.6562
332.0312
332.0312
507.8125
507.8125
629.8828
629.8828
693.3594
693.3594
668.9453
668.9453
605.4687
605.4687
561.5234
561.5234
537.1094
537.1094
522.4609
522.4609
527.3437
527.3437
551.7578
551.7578
581.0547
581.0547
615.2344
615.2344
625.0000
625.0000
644.5312
644.5312
664.0625
664.0625
659.1797
659.1797
620.1172
620.1172
576.1719
576.1719
444.3359
444.3359
73.2422
73.2422
0.0000
0.0000
0.0000
0.0000
0.0000
0.0000
0.0000
0.0000
0.0000
0.0000
0.0000
0.0000
0.0000
0.0000
0.0000
0.0000
0.0000
0.0000
0.0000
0.0000
0.0000
0.0000
0.0000
0.0000
39.0625
39.0625
317.3828
317.3828
532.2266
532.2266
712.8906
712.8906
795.8984
795.8984
805.6641
805.6641
756.8359
756.8359
683.5937
683.5937
634.7656
634.7656
600.5859
600.5859
581.0547
581.0547
590.8203
590.8203
610.3516
610.3516
629.8828
629.8828
654.2969
654.2969
668.9453
668.9453
698.2422
698.2422
693.3594
693.3594
659.1797
659.1797
649.4141
649.4141
571.2891
571.2891
249.0234
249.0234
0.0000
0.0000
0.0000
0.0000
0.0000
0.0000
0.0000
0.0000
0.0000
0.0000
0.0000
0.0000
0.0000
0.0000
0.0000
0.0000
0.0000
0.0000
0.0000
0.0000
0.0000
0.0000
0.0000
0.0000
0.0000
0.0000
185.5469
185.5469
429.6875
429.6875
629.8828
629.8828
737.3047
737.3047
771.4844
771.4844
751.9531
751.9531
693.3594
693.3594
649.4141
649.4141
585.9375
585.9375
561.5234
561.5234
556.6406
556.6406
576.1719
576.1719
590.8203
590.8203
605.4687
605.4687
639.6484
639.6484
668.9453
668.9453
688.4766
688.4766
664.0625
664.0625
620.1172
620.1172
576.1719
576.1719
429.6875
429.6875
63.4766
63.4766
0.0000
0.0000
0.0000
0.0000
0.0000
0.0000
0.0000
0.0000
0.0000
0.0000
0.0000
0.0000
0.0000
0.0000
0.0000
0.0000
0.0000
0.0000
0.0000
0.0000
0.0000
0.0000
0.0000
0.0000
0.0000
0.0000
141.6016
141.6016
390.6250
390.6250
576.1719
576.1719
668.9453
668.9453
698.2422
698.2422
693.3594
693.3594
654.2969
654.2969
600.5859
600.5859
537.1094
537.1094
517.5781
517.5781
527.3437
527.3437
546.8750
546.8750
566.4062
566.4062
576.1719
576.1719
629.8828
629.8828
654.2969
654.2969
654.2969
654.2969
610.3516
610.3516
585.9375
585.9375
517.5781
517.5781
214.8437
214.8437
0.0000
0.0000
0.0000
0.0000
0.0000
0.0000
0.0000
0.0000
0.0000
0.0000
0.0000
0.0000
0.0000
0.0000
0.0000
0.0000
0.0000
0.0000
0.0000
0.0000
0.0000
0.0000
0.0000
0.0000
0.0000
0.0000
170.8984
170.8984
429.6875
429.6875
620.1172
620.1172
732.4219
732.4219
761.7187
761.7187
742.1875
742.1875
708.0078
708.0078
639.6484
639.6484
581.0547
581.0547
546.8750
546.8750
537.1094
537.1094
556.6406
556.6406
576.1719
576.1719
610.3516
610.3516
639.6484
639.6484
673.8281
673.8281
683.5937
683.5937
668.9453
668.9453
610.3516
610.3516
551.7578
551.7578
400.3906
400.3906
73.2422
73.2422
0.0000
0.0000
0.0000
0.0000
0.0000
0.0000
0.0000
0.0000
0.0000
0.0000
0.0000
0.0000
0.0000
0.0000
0.0000
0.0000
0.0000
0.0000
0.0000
0.0000
0.0000
0.0000
0.0000
0.0000
0.0000
0.0000
107.4219
107.4219
385.7422
385.7422
571.2891
571.2891
678.7109
678.7109
727.5391
727.5391
717.7734
717.7734
654.2969
654.2969
576.1719
576.1719
522.4609
522.4609
502.9297
502.9297
507.8125
507.8125
522.4609
522.4609
551.7578
551.7578
585.9375
585.9375
605.4687
605.4687
625.0000
625.0000
620.1172
620.1172
610.3516
610.3516
566.4062
566.4062
454.1016
454.1016
131.8359
131.8359
0.0000
0.0000
0.0000
0.0000
0.0000
0.0000
0.0000
0.0000
0.0000
0.0000
0.0000
0.0000
0.0000
0.0000
0.0000
0.0000
0.0000
0.0000
0.0000
0.0000
0.0000
0.0000
0.0000
0.0000
0.0000
0.0000
68.3594
68.3594
327.1484
327.1484
527.3437
527.3437
654.2969
654.2969
712.8906
712.8906
703.1250
703.1250
654.2969
654.2969
581.0547
581.0547
537.1094
537.1094
522.4609
522.4609
522.4609
522.4609
532.2266
532.2266
541.9922
541.9922
585.9375
585.9375
615.2344
615.2344
629.8828
629.8828
639.6484
639.6484
644.5312
644.5312
620.1172
620.1172
546.8750
546.8750
424.8047
424.8047
122.0703
122.0703
0.0000
0.0000
0.0000
0.0000
0.0000
0.0000
0.0000
0.0000
0.0000
0.0000
0.0000
0.0000
0.0000
0.0000
0.0000
0.0000
0.0000
0.0000
0.0000
0.0000
0.0000
0.0000
0.0000
0.0000
0.0000
0.0000
0.0000
0.0000
97.6562
97.6562
317.3828
317.3828
463.8672
463.8672
556.6406
556.6406
581.0547
581.0547
537.1094
537.1094
493.1641
493.1641
458.9844
458.9844
468.7500
468.7500
478.5156
478.5156
483.3984
483.3984
502.9297
502.9297
546.8750
546.8750
576.1719
576.1719
585.9375
585.9375
600.5859
600.5859
620.1172
620.1172
625.0000
625.0000
585.9375
585.9375
473.6328
473.6328
87.8906
87.8906
0.0000
0.0000
0.0000
0.0000
0.0000
0.0000
0.0000
0.0000
0.0000
0.0000
0.0000
0.0000
0.0000
0.0000
0.0000
0.0000
0.0000
0.0000
0.0000
0.0000
0.0000
0.0000
0.0000
0.0000
0.0000
0.0000
14.6484
14.6484
239.2578
239.2578
424.8047
424.8047
561.5234
561.5234
629.8828
629.8828
610.3516
610.3516
551.7578
551.7578
522.4609
522.4609
512.6953
512.6953
522.4609
522.4609
517.5781
517.5781
532.2266
532.2266
556.6406
556.6406
595.7031
595.7031
615.2344
615.2344
629.8828
629.8828
668.9453
668.9453
688.4766
688.4766
678.7109
678.7109
668.9453
668.9453
610.3516
610.3516
312.5000
312.5000
0.0000
0.0000
0.0000
0.0000
0.0000
0.0000
0.0000
0.0000
0.0000
0.0000
0.0000
0.0000
0.0000
0.0000
0.0000
0.0000
0.0000
0.0000
0.0000
0.0000
0.0000
0.0000
0.0000
0.0000
0.0000
0.0000
151.3672
151.3672
385.7422
385.7422
561.5234
561.5234
678.7109
678.7109
727.5391
727.5391
698.2422
698.2422
654.2969
654.2969
610.3516
610.3516
590.8203
585.9375
585.9375
585.9375
581.0547
581.0547
600.5859
600.5859
615.2344
615.2344
654.2969
654.2969
673.8281
673.8281
698.2422
698.2422
717.7734
717.7734
703.1250
703.1250
664.0625
625.0000
625.0000
625.0000
439.4531
439.4531
43.9453
43.9453
0.0000
0.0000
0.0000
0.0000
0.0000
0.0000
0.0000
0.0000
0.0000
0.0000
0.0000
0.0000
0.0000
0.0000
0.0000
0.0000
0.0000
0.0000
0.0000
0.0000
0.0000
0.0000
0.0000
0.0000
224.6094
224.6094
463.8672
673.8281
673.8281
673.8281
815.4297
869.1406
869.1406
864.2578
864.2578
800.7812
800.7812
732.4219
732.4219
668.9453
668.9453
629.8828
629.8828
620.1172
620.1172
634.7656
634.7656
659.1797
659.1797
673.8281
673.8281
698.2422
698.2422
727.5391
727.5391
756.8359
756.8359
737.3047
737.3047
693.3594
693.3594
654.2969
654.2969
566.4062
566.4062
283.2031
283.2031
0.0000
0.0000
0.0000
0.0000
0.0000
0.0000
0.0000
0.0000
0.0000
0.0000
0.0000
0.0000
0.0000
0.0000
0.0000
0.0000
0.0000
0.0000
0.0000
0.0000
0.0000
0.0000
0.0000
0.0000
0.0000
0.0000
0.0000
0.0000
209.9609
209.9609
434.5703
434.5703
585.9375
585.9375
668.9453
668.9453
698.2422
698.2422
659.1797
659.1797
600.5859
600.5859
532.2266
532.2266
502.9297
502.9297
522.4609
522.4609
541.9922
541.9922
551.7578
551.7578
561.5234
561.5234
595.7031
595.7031
639.6484
639.6484
634.7656
634.7656
595.7031
595.7031
561.5234
561.5234
517.5781
517.5781
322.2656
322.2656
0.0000
0.0000
0.0000
0.0000
0.0000
0.0000
0.0000
0.0000
0.0000
0.0000
0.0000
0.0000
0.0000
0.0000
0.0000
0.0000
0.0000
0.0000
0.0000
0.0000
0.0000
0.0000
0.0000
0.0000
0.0000
0.0000
78.1250
78.1250
351.5625
351.5625
581.0547
581.0547
732.4219
732.4219
795.8984
795.8984
795.8984
795.8984
756.8359
756.8359
673.8281
673.8281
595.7031
595.7031
541.9922
541.9922
546.8750
546.8750
585.9375
585.9375
600.5859
600.5859
605.4687
605.4687
629.8828
629.8828
664.0625
664.0625
678.7109
678.7109
673.8281
673.8281
629.8828
629.8828
576.1719
576.1719
458.9844
458.9844
170.8984
170.8984
0.0000
0.0000
0.0000
0.0000
0.0000
0.0000
0.0000
0.0000
0.0000
0.0000
0.0000
0.0000
0.0000
0.0000
0.0000
0.0000
0.0000
0.0000
0.0000
0.0000
0.0000
0.0000
0.0000
0.0000
0.0000
0.0000
4.8828
4.8828
297.8516
297.8516
522.4609
522.4609
649.4141
649.4141
703.1250
703.1250
708.0078
708.0078
678.7109
678.7109
595.7031
595.7031
527.3437
527.3437
502.9297
502.9297
517.5781
517.5781
541.9922
541.9922
561.5234
561.5234
581.0547
581.0547
600.5859
600.5859
634.7656
634.7656
634.7656
634.7656
629.8828
629.8828
629.8828
629.8828
625.0000
625.0000
454.1016
454.1016
58.5937
58.5937
0.0000
0.0000
0.0000
0.0000
0.0000
0.0000
0.0000
0.0000
0.0000
0.0000
0.0000
0.0000
0.0000
0.0000
0.0000
0.0000
0.0000
0.0000
0.0000
0.0000
0.0000
0.0000
0.0000
0.0000
0.0000
0.0000
244.1406
244.1406
483.3984
483.3984
615.2344
615.2344
668.9453
668.9453
673.8281
673.8281
634.7656
634.7656
581.0547
581.0547
527.3437
527.3437
507.8125
507.8125
517.5781
517.5781
532.2266
532.2266
546.8750
546.8750
576.1719
576.1719
610.3516
610.3516
615.2344
615.2344
634.7656
634.7656
649.4141
649.4141
639.6484
639.6484
585.9375
585.9375
483.3984
483.3984
205.0781
205.0781
0.0000
0.0000
0.0000
0.0000
0.0000
0.0000
0.0000
0.0000
0.0000
0.0000
0.0000
0.0000
0.0000
0.0000
0.0000
0.0000
0.0000
0.0000
0.0000
0.0000
0.0000
0.0000
0.0000
0.0000
0.0000
0.0000
34.1797
34.1797
283.2031
283.2031
468.7500
468.7500
581.0547
581.0547
634.7656
634.7656
644.5312
644.5312
600.5859
600.5859
561.5234
561.5234
517.5781
517.5781
507.8125
507.8125
507.8125
507.8125
507.8125
507.8125
532.2266
532.2266
576.1719
576.1719
610.3516
610.3516
620.1172
620.1172
629.8828
629.8828
639.6484
639.6484
634.7656
634.7656
590.8203
590.8203
434.5703
434.5703
48.8281
48.8281
0.0000
0.0000
0.0000
0.0000
0.0000
0.0000
0.0000
0.0000
0.0000
0.0000
0.0000
0.0000
0.0000
0.0000
0.0000
0.0000
0.0000
0.0000
0.0000
0.0000
0.0000
0.0000
0.0000
0.0000
0.0000
0.0000
234.3750
234.3750
429.6875
429.6875
571.2891
571.2891
649.4141
649.4141
678.7109
678.7109
654.2969
654.2969
585.9375
585.9375
546.8750
546.8750
532.2266
532.2266
517.5781
517.5781
512.6953
512.6953
532.2266
532.2266
571.2891
571.2891
620.1172
620.1172
634.7656
634.7656
639.6484
639.6484
634.7656
634.7656
610.3516
610.3516
551.7578
551.7578
415.0391
415.0391
102.5391
102.5391
0.0000
0.0000
0.0000
0.0000
0.0000
0.0000
0.0000
0.0000
0.0000
0.0000
0.0000
0.0000
0.0000
0.0000
0.0000
0.0000
0.0000
0.0000
0.0000
0.0000
0.0000
0.0000
0.0000
0.0000
0.0000
0.0000
136.7187
136.7187
400.3906
400.3906
571.2891
571.2891
698.2422
698.2422
756.8359
756.8359
756.8359
756.8359
693.3594
693.3594
629.8828
629.8828
585.9375
585.9375
556.6406
556.6406
551.7578
551.7578
541.9922
541.9922
581.0547
581.0547
620.1172
620.1172
654.2969
654.2969
668.9453
668.9453
668.9453
668.9453
639.6484
639.6484
585.9375
585.9375
507.8125
507.8125
253.9062
253.9062
0.0000
0.0000
0.0000
0.0000
0.0000
0.0000
0.0000
0.0000
0.0000
0.0000
0.0000
0.0000
0.0000
0.0000
0.0000
0.0000
0.0000
0.0000
0.0000
0.0000
0.0000
0.0000
0.0000
0.0000
0.0000
0.0000
234.3750
234.3750
488.2812
488.2812
673.8281
673.8281
800.7812
800.7812
859.3750
859.3750
830.0781
830.0781
761.7187
761.7187
664.0625
664.0625
605.4687
605.4687
576.1719
576.1719
561.5234
561.5234
566.4062
566.4062
605.4687
605.4687
644.5312
644.5312
668.9453
668.9453
688.4766
688.4766
703.1250
703.1250
693.3594
693.3594
629.8828
629.8828
537.1094
537.1094
400.3906
400.3906
68.3594
68.3594
0.0000
0.0000
0.0000
0.0000
0.0000
0.0000
0.0000
0.0000
0.0000
0.0000
0.0000
0.0000
0.0000
0.0000
0.0000
0.0000
0.0000
0.0000
0.0000
0.0000
0.0000
0.0000
0.0000
0.0000
0.0000
0.0000
131.8359
131.8359
356.4453
356.4453
527.3437
527.3437
644.5312
644.5312
703.1250
703.1250
678.7109
678.7109
605.4687
605.4687
551.7578
551.7578
498.0469
498.0469
483.3984
483.3984
483.3984
483.3984
522.4609
522.4609
541.9922
541.9922
571.2891
571.2891
581.0547
581.0547
615.2344
615.2344
634.7656
634.7656
625.0000
625.0000
581.0547
581.0547
541.9922
541.9922
385.7422
385.7422
4.8828
4.8828
0.0000
0.0000
0.0000
0.0000
0.0000
0.0000
0.0000
0.0000
0.0000
0.0000
0.0000
0.0000
0.0000
0.0000
0.0000
0.0000
0.0000
0.0000
0.0000
0.0000
0.0000
0.0000
0.0000
0.0000
0.0000
0.0000
195.3125
195.3125
429.6875
429.6875
600.5859
600.5859
693.3594
693.3594
703.1250
703.1250
649.4141
649.4141
590.8203
590.8203
532.2266
532.2266
498.0469
498.0469
478.5156
478.5156
502.9297
502.9297
522.4609
522.4609
546.8750
546.8750
571.2891
571.2891
590.8203
590.8203
634.7656
634.7656
649.4141
649.4141
620.1172
620.1172
576.1719
576.1719
527.3437
527.3437
317.3828
317.3828
0.0000
0.0000
0.0000
0.0000
0.0000
0.0000
0.0000
0.0000
0.0000
0.0000
0.0000
0.0000
0.0000
0.0000
0.0000
0.0000
0.0000
0.0000
0.0000
0.0000
0.0000
0.0000
0.0000
0.0000
0.0000
0.0000
0.0000
0.0000
58.5937
58.5937
322.2656
322.2656
512.6953
512.6953
625.0000
625.0000
659.1797
659.1797
625.0000
625.0000
581.0547
581.0547
537.1094
537.1094
488.2812
488.2812
478.5156
478.5156
502.9297
502.9297
512.6953
512.6953
517.5781
517.5781
551.7578
551.7578
576.1719
576.1719
634.7656
634.7656
634.7656
634.7656
629.8828
629.8828
610.3516
610.3516
590.8203
590.8203
410.1562
410.1562
34.1797
34.1797
0.0000
0.0000
0.0000
0.0000
0.0000
0.0000
0.0000
0.0000
0.0000
0.0000
0.0000
0.0000
0.0000
0.0000
0.0000
0.0000
0.0000
0.0000
0.0000
0.0000
0.0000
0.0000
0.0000
0.0000
258.7891
258.7891
493.1641
493.1641
678.7109
678.7109
776.3672
776.3672
805.6641
805.6641
795.8984
795.8984
732.4219
732.4219
678.7109
678.7109
620.1172
620.1172
595.7031
595.7031
585.9375
585.9375
585.9375
585.9375
600.5859
600.5859
625.0000
625.0000
668.9453
668.9453
698.2422
698.2422
708.0078
708.0078
693.3594
693.3594
644.5312
644.5312
576.1719
576.1719
395.5078
395.5078
39.0625
39.0625
0.0000
0.0000
0.0000
0.0000
0.0000
0.0000
0.0000
0.0000
0.0000
0.0000
0.0000
0.0000
0.0000
0.0000
0.0000
0.0000
0.0000
0.0000
0.0000
0.0000
0.0000
0.0000
0.0000
0.0000
0.0000
0.0000
92.7734
92.7734
336.9141
336.9141
507.8125
507.8125
620.1172
678.7109
678.7109
678.7109
678.7109
678.7109
634.7656
634.7656
566.4062
566.4062
512.6953
512.6953
488.2812
488.2812
488.2812
488.2812
493.1641
493.1641
517.5781
517.5781
556.6406
556.6406
595.7031
595.7031
615.2344
615.2344
629.8828
629.8828
605.4687
605.4687
561.5234
561.5234
493.1641
493.1641
249.0234
249.0234
0.0000
0.0000
0.0000
0.0000
0.0000
0.0000
0.0000
0.0000
0.0000
0.0000
0.0000
0.0000
0.0000
0.0000
0.0000
0.0000
0.0000
0.0000
0.0000
0.0000
0.0000
0.0000
0.0000
0.0000
0.0000
136.7187
136.7187
385.7422
385.7422
581.0547
581.0547
698.2422
698.2422
751.9531
751.9531
761.7187
761.7187
688.4766
688.4766
620.1172
620.1172
551.7578
551.7578
527.3437
527.3437
522.4609
522.4609
527.3437
527.3437
551.7578
551.7578
581.0547
581.0547
620.1172
620.1172
634.7656
634.7656
634.7656
634.7656
668.9453
668.9453
654.2969
654.2969
605.4687
605.4687
522.4609
522.4609
322.2656
322.2656
0.0000
0.0000
0.0000
0.0000
0.0000
0.0000
0.0000
0.0000
0.0000
0.0000
0.0000
0.0000
0.0000
0.0000
0.0000
0.0000
0.0000
0.0000
0.0000
0.0000
0.0000
0.0000
0.0000
0.0000
0.0000
0.0000
0.0000
0.0000
161.1328
161.1328
375.9766
375.9766
532.2266
532.2266
629.8828
629.8828
673.8281
673.8281
625.0000
625.0000
551.7578
551.7578
507.8125
507.8125
478.5156
478.5156
473.6328
473.6328
483.3984
483.3984
502.9297
502.9297
532.2266
532.2266
546.8750
546.8750
576.1719
576.1719
600.5859
600.5859
629.8828
629.8828
610.3516
610.3516
566.4062
566.4062
512.6953
512.6953
273.4375
273.4375
0.0000
0.0000
0.0000
0.0000
0.0000
0.0000
0.0000
0.0000
0.0000
0.0000
0.0000
0.0000
0.0000
0.0000
0.0000
0.0000
0.0000
0.0000
0.0000
0.0000
0.0000
0.0000
0.0000
0.0000
0.0000
0.0000
4.8828
4.8828
234.3750
234.3750
439.4531
439.4531
595.7031
595.7031
668.9453
668.9453
668.9453
668.9453
610.3516
610.3516
556.6406
556.6406
522.4609
522.4609
488.2812
488.2812
498.0469
498.0469
512.6953
512.6953
532.2266
532.2266
546.8750
546.8750
561.5234
561.5234
600.5859
600.5859
634.7656
634.7656
659.1797
659.1797
615.2344
615.2344
576.1719
576.1719
498.0469
498.0469
239.2578
239.2578
0.0000
0.0000
0.0000
0.0000
0.0000
0.0000
0.0000
0.0000
0.0000
0.0000
0.0000
0.0000
0.0000
0.0000
0.0000
0.0000
0.0000
0.0000
0.0000
0.0000
0.0000
0.0000
0.0000
0.0000
0.0000
0.0000
126.9531
126.9531
371.0937
371.0937
566.4062
566.4062
693.3594
693.3594
737.3047
737.3047
727.5391
727.5391
668.9453
668.9453
615.2344
615.2344
566.4062
566.4062
537.1094
537.1094
532.2266
532.2266
546.8750
546.8750
561.5234
561.5234
566.4062
566.4062
600.5859
600.5859
659.1797
659.1797
678.7109
678.7109
664.0625
664.0625
625.0000
625.0000
600.5859
600.5859
468.7500
468.7500
78.1250
78.1250
0.0000
0.0000
0.0000
0.0000
0.0000
0.0000
0.0000
0.0000
0.0000
0.0000
0.0000
0.0000
0.0000
0.0000
0.0000
0.0000
0.0000
0.0000
0.0000
0.0000
0.0000
0.0000
0.0000
0.0000
68.3594
68.3594
327.1484
327.1484
546.8750
546.8750
678.7109
678.7109
756.8359
756.8359
747.0703
747.0703
708.0078
708.0078
649.4141
649.4141
590.8203
590.8203
541.9922
541.9922
522.4609
522.4609
546.8750
546.8750
556.6406
556.6406
581.0547
581.0547
595.7031
595.7031
629.8828
629.8828
664.0625
664.0625
673.8281
673.8281
668.9453
668.9453
620.1172
620.1172
566.4062
566.4062
366.2109
366.2109
0.0000
0.0000
0.0000
0.0000
0.0000
0.0000
0.0000
0.0000
0.0000
0.0000
0.0000
0.0000
0.0000
0.0000
0.0000
0.0000
0.0000
0.0000
0.0000
0.0000
0.0000
0.0000
0.0000
0.0000
0.0000
0.0000
0.0000
0.0000
229.4922
229.4922
434.5703
434.5703
561.5234
561.5234
629.8828
629.8828
644.5312
644.5312
634.7656
634.7656
566.4062
566.4062
502.9297
502.9297
468.7500
468.7500
478.5156
478.5156
498.0469
498.0469
522.4609
522.4609
537.1094
537.1094
561.5234
561.5234
595.7031
595.7031
610.3516
610.3516
595.7031
595.7031
581.0547
581.0547
522.4609
522.4609
322.2656
322.2656
0.0000
0.0000
0.0000
0.0000
0.0000
0.0000
0.0000
0.0000
0.0000
0.0000
0.0000
0.0000
0.0000
0.0000
0.0000
0.0000
0.0000
0.0000
0.0000
0.0000
0.0000
0.0000
0.0000
0.0000
0.0000
0.0000
78.1250
78.1250
336.9141
336.9141
541.9922
541.9922
673.8281
673.8281
717.7734
717.7734
708.0078
708.0078
673.8281
673.8281
620.1172
620.1172
546.8750
546.8750
507.8125
507.8125
502.9297
502.9297
512.6953
512.6953
541.9922
541.9922
571.2891
571.2891
600.5859
600.5859
620.1172
620.1172
625.0000
625.0000
634.7656
634.7656
615.2344
615.2344
576.1719
576.1719
493.1641
493.1641
268.5547
268.5547
0.0000
0.0000
0.0000
0.0000
0.0000
0.0000
0.0000
0.0000
0.0000
0.0000
0.0000
0.0000
0.0000
0.0000
0.0000
0.0000
0.0000
0.0000
0.0000
0.0000
0.0000
0.0000
0.0000
0.0000
0.0000
0.0000
0.0000
0.0000
263.6719
263.6719
488.2812
488.2812
634.7656
634.7656
712.8906
712.8906
732.4219
732.4219
688.4766
688.4766
615.2344
615.2344
546.8750
546.8750
517.5781
517.5781
507.8125
507.8125
502.9297
502.9297
517.5781
517.5781
566.4062
566.4062
585.9375
585.9375
585.9375
585.9375
595.7031
595.7031
600.5859
600.5859
561.5234
561.5234
463.8672
463.8672
209.9609
209.9609
0.0000
0.0000
0.0000
0.0000
0.0000
0.0000
0.0000
0.0000
0.0000
0.0000
0.0000
0.0000
0.0000
0.0000
0.0000
0.0000
0.0000
0.0000
0.0000
0.0000
0.0000
0.0000
0.0000
0.0000
0.0000
0.0000
24.4141
24.4141
283.2031
283.2031
493.1641
493.1641
629.8828
629.8828
717.7734
717.7734
742.1875
742.1875
688.4766
688.4766
610.3516
610.3516
561.5234
561.5234
532.2266
532.2266
527.3437
527.3437
527.3437
527.3437
537.1094
537.1094
571.2891
571.2891
600.5859
600.5859
610.3516
610.3516
610.3516
610.3516
625.0000
625.0000
605.4687
605.4687
556.6406
556.6406
434.5703
434.5703
151.3672
151.3672
0.0000
0.0000
0.0000
0.0000
0.0000
0.0000
0.0000
0.0000
0.0000
0.0000
0.0000
0.0000
0.0000
0.0000
0.0000
0.0000
0.0000
0.0000
0.0000
0.0000
0.0000
0.0000
0.0000
0.0000
0.0000
0.0000
0.0000
0.0000
239.2578
239.2578
424.8047
424.8047
566.4062
566.4062
654.2969
654.2969
659.1797
659.1797
610.3516
610.3516
541.9922
541.9922
512.6953
512.6953
498.0469
498.0469
478.5156
478.5156
478.5156
478.5156
493.1641
493.1641
537.1094
537.1094
566.4062
566.4062
581.0547
581.0547
600.5859
600.5859
615.2344
615.2344
600.5859
600.5859
546.8750
546.8750
439.4531
439.4531
97.6562
97.6562
0.0000
0.0000
0.0000
0.0000
0.0000
0.0000
0.0000
0.0000
0.0000
0.0000
0.0000
0.0000
0.0000
0.0000
0.0000
0.0000
0.0000
0.0000
0.0000
0.0000
0.0000
0.0000
0.0000
0.0000
0.0000
0.0000
68.3594
68.3594
307.6172
307.6172
483.3984
483.3984
605.4687
605.4687
659.1797
659.1797
649.4141
649.4141
600.5859
600.5859
541.9922
541.9922
512.6953
512.6953
502.9297
502.9297
493.1641
493.1641
507.8125
507.8125
537.1094
537.1094
571.2891
571.2891
600.5859
600.5859
620.1172
620.1172
634.7656
634.7656
644.5312
644.5312
610.3516
610.3516
571.2891
571.2891
502.9297
502.9297
219.7266
219.7266
0.0000
0.0000
0.0000
0.0000
0.0000
0.0000
0.0000
0.0000
0.0000
0.0000
0.0000
0.0000
0.0000
0.0000
0.0000
0.0000
0.0000
0.0000
0.0000
0.0000
0.0000
0.0000
0.0000
0.0000
0.0000
0.0000
0.0000
0.0000
180.6641
180.6641
385.7422
385.7422
537.1094
537.1094
625.0000
625.0000
629.8828
629.8828
600.5859
600.5859
571.2891
571.2891
532.2266
532.2266
498.0469
498.0469
483.3984
483.3984
507.8125
507.8125
546.8750
546.8750
561.5234
561.5234
595.7031
595.7031
625.0000
625.0000
639.6484
639.6484
625.0000
625.0000
595.7031
595.7031
605.4687
605.4687
527.3437
527.3437
185.5469
185.5469
0.0000
0.0000
0.0000
0.0000
0.0000
0.0000
0.0000
0.0000
0.0000
0.0000
0.0000
0.0000
0.0000
0.0000
0.0000
0.0000
0.0000
0.0000
0.0000
0.0000
0.0000
0.0000
0.0000
0.0000
0.0000
0.0000
224.6094
224.6094
473.6328
473.6328
639.6484
639.6484
761.7187
761.7187
776.3672
776.3672
771.4844
771.4844
722.6562
722.6562
654.2969
654.2969
590.8203
590.8203
566.4062
566.4062
576.1719
576.1719
600.5859
600.5859
620.1172
620.1172
634.7656
634.7656
668.9453
668.9453
698.2422
698.2422
693.3594
693.3594
673.8281
673.8281
634.7656
634.7656
576.1719
576.1719
395.5078
395.5078
4.8828
4.8828
0.0000
0.0000
0.0000
0.0000
0.0000
0.0000
0.0000
0.0000
0.0000
0.0000
0.0000
0.0000
0.0000
0.0000
0.0000
0.0000
0.0000
0.0000
0.0000
0.0000
0.0000
0.0000
0.0000
0.0000
0.0000
0.0000
229.4922
229.4922
454.1016
454.1016
605.4687
605.4687
673.8281
673.8281
703.1250
703.1250
693.3594
634.7656
634.7656
634.7656
566.4062
566.4062
537.1094
537.1094
532.2266
532.2266
556.6406
556.6406
561.5234
561.5234
581.0547
581.0547
600.5859
629.8828
629.8828
654.2969
654.2969
634.7656
634.7656
605.4687
605.4687
585.9375
585.9375
478.5156
478.5156
166.0156
166.0156
0.0000
0.0000
0.0000
0.0000
0.0000
0.0000
0.0000
0.0000
0.0000
0.0000
0.0000
0.0000
0.0000
0.0000
0.0000
0.0000
0.0000
0.0000
0.0000
0.0000
0.0000
0.0000
0.0000
0.0000
73.2422
73.2422
336.9141
336.9141
546.8750
546.8750
688.4766
688.4766
747.0703
747.0703
737.3047
737.3047
698.2422
698.2422
644.5312
644.5312
581.0547
581.0547
546.8750
546.8750
551.7578
551.7578
571.2891
571.2891
585.9375
585.9375
590.8203
590.8203
625.0000
625.0000
644.5312
644.5312
664.0625
664.0625
673.8281
673.8281
649.4141
649.4141
615.2344
615.2344
537.1094
537.1094
327.1484
327.1484
0.0000
0.0000
0.0000
0.0000
0.0000
0.0000
0.0000
0.0000
0.0000
0.0000
0.0000
0.0000
0.0000
0.0000
0.0000
0.0000
0.0000
0.0000
0.0000
0.0000
0.0000
0.0000
0.0000
0.0000
0.0000
0.0000
58.5937
58.5937
317.3828
317.3828
522.4609
522.4609
639.6484
639.6484
703.1250
703.1250
708.0078
708.0078
659.1797
659.1797
590.8203
590.8203
537.1094
537.1094
522.4609
522.4609
527.3437
527.3437
532.2266
532.2266
537.1094
537.1094
561.5234
561.5234
585.9375
585.9375
620.1172
620.1172
625.0000
625.0000
610.3516
610.3516
576.1719
576.1719
527.3437
527.3437
292.9687
292.9687
0.0000
0.0000
0.0000
0.0000
0.0000
0.0000
0.0000
0.0000
0.0000
0.0000
0.0000
0.0000
0.0000
0.0000
0.0000
0.0000
0.0000
0.0000
0.0000
0.0000
0.0000
0.0000
0.0000
0.0000
0.0000
0.0000
180.6641
180.6641
439.4531
439.4531
634.7656
634.7656
751.9531
751.9531
795.8984
