410.1562
610.3516
610.3516
722.6562
722.6562
771.4844
771.4844
751.9531
751.9531
688.4766
688.4766
629.8828
629.8828
576.1719
576.1719
566.4062
566.4062
571.2891
571.2891
585.9375
585.9375
610.3516
610.3516
634.7656
634.7656
664.0625
664.0625
668.9453
668.9453
668.9453
668.9453
639.6484
639.6484
605.4687
605.4687
527.3437
527.3437
249.0234
249.0234
0.0000
0.0000
0.0000
0.0000
0.0000
0.0000
0.0000
0.0000
0.0000
0.0000
0.0000
0.0000
0.0000
0.0000
0.0000
0.0000
0.0000
0.0000
0.0000
0.0000
0.0000
0.0000
0.0000
0.0000
0.0000
0.0000
97.6562
97.6562
332.0312
332.0312
502.9297
502.9297
620.1172
620.1172
659.1797
659.1797
649.4141
649.4141
600.5859
600.5859
522.4609
522.4609
488.2812
488.2812
498.0469
498.0469
527.3437
527.3437
537.1094
537.1094
551.7578
551.7578
581.0547
581.0547
605.4687
605.4687
629.8828
629.8828
625.0000
625.0000
620.1172
620.1172
615.2344
615.2344
561.5234
561.5234
444.3359
444.3359
122.0703
122.0703
0.0000
0.0000
0.0000
0.0000
0.0000
0.0000
0.0000
0.0000
0.0000
0.0000
0.0000
0.0000
0.0000
0.0000
0.0000
0.0000
0.0000
0.0000
0.0000
0.0000
0.0000
0.0000
0.0000
0.0000
0.0000
0.0000
161.1328
161.1328
385.7422
385.7422
561.5234
561.5234
673.8281
673.8281
737.3047
737.3047
698.2422
698.2422
615.2344
615.2344
556.6406
556.6406
527.3437
527.3437
537.1094
537.1094
537.1094
537.1094
551.7578
551.7578
566.4062
566.4062
581.0547
581.0547
605.4687
605.4687
620.1172
620.1172
629.8828
629.8828
610.3516
610.3516
561.5234
561.5234
449.2187
449.2187
122.0703
122.0703
0.0000
0.0000
0.0000
0.0000
0.0000
0.0000
0.0000
0.0000
0.0000
0.0000
0.0000
0.0000
0.0000
0.0000
0.0000
0.0000
0.0000
0.0000
0.0000
0.0000
0.0000
0.0000
0.0000
0.0000
0.0000
0.0000
141.6016
141.6016
351.5625
351.5625
498.0469
498.0469
581.0547
581.0547
610.3516
610.3516
595.7031
595.7031
556.6406
556.6406
517.5781
517.5781
483.3984
483.3984
488.2812
488.2812
502.9297
502.9297
532.2266
532.2266
556.6406
556.6406
566.4062
566.4062
581.0547
581.0547
620.1172
620.1172
634.7656
634.7656
595.7031
595.7031
532.2266
532.2266
405.2734
405.2734
126.9531
126.9531
0.0000
0.0000
0.0000
0.0000
0.0000
0.0000
0.0000
0.0000
0.0000
0.0000
0.0000
0.0000
0.0000
0.0000
0.0000
0.0000
0.0000
0.0000
0.0000
0.0000
0.0000
0.0000
0.0000
0.0000
0.0000
0.0000
0.0000
0.0000
209.9609
209.9609
405.2734
405.2734
546.8750
546.8750
605.4687
605.4687
600.5859
600.5859
561.5234
561.5234
537.1094
537.1094
498.0469
498.0469
478.5156
478.5156
473.6328
473.6328
502.9297
502.9297
551.7578
551.7578
561.5234
561.5234
581.0547
581.0547
610.3516
610.3516
625.0000
625.0000
620.1172
620.1172
576.1719
576.1719
541.9922
541.9922
361.3281
361.3281
0.0000
0.0000
0.0000
0.0000
0.0000
0.0000
0.0000
0.0000
0.0000
0.0000
0.0000
0.0000
0.0000
0.0000
0.0000
0.0000
0.0000
0.0000
0.0000
0.0000
0.0000
0.0000
0.0000
0.0000
0.0000
0.0000
249.0234
249.0234
463.8672
463.8672
649.4141
649.4141
766.6016
766.6016
795.8984
795.8984
756.8359
756.8359
688.4766
688.4766
654.2969
654.2969
605.4687
605.4687
576.1719
576.1719
576.1719
576.1719
610.3516
610.3516
644.5312
644.5312
649.4141
649.4141
673.8281
673.8281
693.3594
693.3594
717.7734
717.7734
703.1250
703.1250
649.4141
649.4141
600.5859
600.5859
419.9219
419.9219
19.5312
19.5312
0.0000
0.0000
0.0000
0.0000
0.0000
0.0000
0.0000
0.0000
0.0000
0.0000
0.0000
0.0000
0.0000
0.0000
0.0000
0.0000
0.0000
0.0000
0.0000
0.0000
0.0000
0.0000
0.0000
0.0000
0.0000
0.0000
97.6562
97.6562
336.9141
336.9141
507.8125
507.8125
620.1172
620.1172
644.5312
644.5312
629.8828
629.8828
576.1719
576.1719
522.4609
522.4609
493.1641
493.1641
488.2812
488.2812
522.4609
522.4609
537.1094
537.1094
561.5234
561.5234
590.8203
590.8203
610.3516
610.3516
625.0000
625.0000
615.2344
615.2344
600.5859
600.5859
585.9375
585.9375
541.9922
541.9922
302.7344
302.7344
0.0000
0.0000
0.0000
0.0000
0.0000
0.0000
0.0000
0.0000
0.0000
0.0000
0.0000
0.0000
0.0000
0.0000
0.0000
0.0000
0.0000
0.0000
0.0000
0.0000
0.0000
0.0000
0.0000
0.0000
0.0000
0.0000
244.1406
244.1406
483.3984
483.3984
639.6484
639.6484
717.7734
717.7734
747.0703
747.0703
722.6562
722.6562
649.4141
649.4141
581.0547
581.0547
541.9922
541.9922
556.6406
556.6406
571.2891
571.2891
585.9375
585.9375
605.4687
605.4687
620.1172
620.1172
649.4141
649.4141
659.1797
659.1797
664.0625
664.0625
668.9453
668.9453
625.0000
625.0000
571.2891
571.2891
385.7422
385.7422
4.8828
4.8828
0.0000
0.0000
0.0000
0.0000
0.0000
0.0000
0.0000
0.0000
0.0000
0.0000
0.0000
0.0000
0.0000
0.0000
0.0000
0.0000
0.0000
0.0000
0.0000
0.0000
0.0000
0.0000
0.0000
0.0000
0.0000
0.0000
214.8437
214.8437
439.4531
439.4531
576.1719
576.1719
683.5937
683.5937
698.2422
698.2422
664.0625
664.0625
595.7031
595.7031
551.7578
551.7578
541.9922
541.9922
517.5781
517.5781
522.4609
522.4609
546.8750
546.8750
571.2891
571.2891
581.0547
581.0547
595.7031
595.7031
629.8828
629.8828
629.8828
629.8828
605.4687
605.4687
561.5234
561.5234
434.5703
434.5703
107.4219
107.4219
0.0000
0.0000
0.0000
0.0000
0.0000
0.0000
0.0000
0.0000
0.0000
0.0000
0.0000
0.0000
0.0000
0.0000
0.0000
0.0000
0.0000
0.0000
0.0000
0.0000
0.0000
0.0000
0.0000
0.0000
0.0000
0.0000
87.8906
87.8906
297.8516
297.8516
458.9844
458.9844
566.4062
566.4062
595.7031
595.7031
576.1719
576.1719
541.9922
541.9922
507.8125
507.8125
478.5156
478.5156
463.8672
463.8672
468.7500
468.7500
502.9297
502.9297
541.9922
541.9922
556.6406
556.6406
576.1719
576.1719
600.5859
600.5859
620.1172
620.1172
595.7031
595.7031
541.9922
541.9922
468.7500
468.7500
190.4297
190.4297
0.0000
0.0000
0.0000
0.0000
0.0000
0.0000
0.0000
0.0000
0.0000
0.0000
0.0000
0.0000
0.0000
0.0000
0.0000
0.0000
0.0000
0.0000
0.0000
0.0000
0.0000
0.0000
0.0000
0.0000
0.0000
0.0000
48.8281
48.8281
278.3203
278.3203
488.2812
488.2812
610.3516
610.3516
664.0625
664.0625
654.2969
654.2969
615.2344
615.2344
571.2891
571.2891
522.4609
522.4609
498.0469
498.0469
498.0469
498.0469
537.1094
537.1094
571.2891
571.2891
590.8203
590.8203
605.4687
605.4687
629.8828
629.8828
639.6484
639.6484
585.9375
585.9375
546.8750
546.8750
478.5156
478.5156
200.1953
200.1953
0.0000
0.0000
0.0000
0.0000
0.0000
0.0000
0.0000
0.0000
0.0000
0.0000
0.0000
0.0000
0.0000
0.0000
0.0000
0.0000
0.0000
0.0000
0.0000
0.0000
0.0000
0.0000
0.0000
0.0000
0.0000
0.0000
39.0625
39.0625
273.4375
273.4375
449.2187
449.2187
585.9375
585.9375
629.8828
629.8828
615.2344
615.2344
600.5859
600.5859
546.8750
546.8750
512.6953
512.6953
488.2812
488.2812
512.6953
512.6953
546.8750
546.8750
556.6406
556.6406
590.8203
590.8203
605.4687
605.4687
629.8828
629.8828
644.5312
625.0000
625.0000
605.4687
605.4687
581.0547
581.0547
454.1016
454.1016
107.4219
107.4219
107.4219
0.0000
0.0000
0.0000
0.0000
0.0000
0.0000
0.0000
0.0000
0.0000
0.0000
0.0000
0.0000
0.0000
0.0000
0.0000
0.0000
0.0000
0.0000
0.0000
0.0000
0.0000
0.0000
0.0000
0.0000
83.0078
83.0078
375.9766
375.9766
595.7031
742.1875
742.1875
810.5469
810.5469
830.0781
830.0781
786.1328
786.1328
712.8906
712.8906
712.8906
629.8828
595.7031
595.7031
600.5859
600.5859
610.3516
610.3516
620.1172
620.1172
634.7656
634.7656
668.9453
668.9453
683.5937
683.5937
668.9453
668.9453
644.5312
644.5312
600.5859
600.5859
532.2266
532.2266
273.4375
273.4375
0.0000
0.0000
0.0000
0.0000
0.0000
0.0000
0.0000
0.0000
0.0000
0.0000
0.0000
0.0000
0.0000
0.0000
0.0000
0.0000
0.0000
0.0000
0.0000
0.0000
0.0000
0.0000
0.0000
0.0000
0.0000
0.0000
4.8828
4.8828
239.2578
239.2578
434.5703
434.5703
546.8750
546.8750
576.1719
576.1719
585.9375
585.9375
541.9922
541.9922
512.6953
512.6953
473.6328
473.6328
468.7500
468.7500
483.3984
483.3984
498.0469
498.0469
527.3437
527.3437
551.7578
551.7578
585.9375
585.9375
600.5859
600.5859
610.3516
610.3516
625.0000
625.0000
590.8203
590.8203
541.9922
541.9922
400.3906
400.3906
73.2422
73.2422
0.0000
0.0000
0.0000
0.0000
0.0000
0.0000
0.0000
0.0000
0.0000
0.0000
0.0000
0.0000
0.0000
0.0000
0.0000
0.0000
0.0000
0.0000
0.0000
0.0000
0.0000
0.0000
0.0000
0.0000
0.0000
0.0000
249.0234
249.0234
463.8672
463.8672
590.8203
590.8203
668.9453
668.9453
683.5937
683.5937
654.2969
654.2969
595.7031
595.7031
541.9922
541.9922
537.1094
537.1094
517.5781
517.5781
522.4609
522.4609
551.7578
551.7578
581.0547
581.0547
615.2344
615.2344
625.0000
625.0000
639.6484
639.6484
644.5312
644.5312
629.8828
629.8828
590.8203
590.8203
468.7500
468.7500
170.8984
170.8984
0.0000
0.0000
0.0000
0.0000
0.0000
0.0000
0.0000
0.0000
0.0000
0.0000
0.0000
0.0000
0.0000
0.0000
0.0000
0.0000
0.0000
0.0000
0.0000
0.0000
0.0000
0.0000
0.0000
0.0000
131.8359
131.8359
410.1562
410.1562
605.4687
605.4687
737.3047
737.3047
820.3125
820.3125
820.3125
820.3125
766.6016
766.6016
673.8281
673.8281
629.8828
629.8828
581.0547
581.0547
561.5234
561.5234
556.6406
556.6406
576.1719
576.1719
629.8828
629.8828
654.2969
654.2969
673.8281
673.8281
678.7109
678.7109
683.5937
683.5937
644.5312
644.5312
566.4062
566.4062
444.3359
444.3359
107.4219
107.4219
0.0000
0.0000
0.0000
0.0000
0.0000
0.0000
0.0000
0.0000
0.0000
0.0000
0.0000
0.0000
0.0000
0.0000
0.0000
0.0000
0.0000
0.0000
0.0000
0.0000
0.0000
0.0000
0.0000
0.0000
0.0000
0.0000
0.0000
0.0000
185.5469
185.5469
361.3281
361.3281
483.3984
483.3984
546.8750
546.8750
527.3437
527.3437
468.7500
468.7500
444.3359
444.3359
415.0391
415.0391
410.1562
410.1562
410.1562
410.1562
444.3359
444.3359
478.5156
478.5156
512.6953
512.6953
546.8750
546.8750
556.6406
556.6406
551.7578
551.7578
498.0469
498.0469
458.9844
458.9844
351.5625
351.5625
34.1797
34.1797
0.0000
0.0000
0.0000
0.0000
0.0000
0.0000
0.0000
0.0000
0.0000
0.0000
0.0000
0.0000
0.0000
0.0000
0.0000
0.0000
0.0000
0.0000
0.0000
0.0000
0.0000
0.0000
0.0000
0.0000
0.0000
0.0000
146.4844
146.4844
327.1484
327.1484
473.6328
473.6328
561.5234
561.5234
581.0547
581.0547
551.7578
551.7578
522.4609
522.4609
478.5156
478.5156
463.8672
463.8672
463.8672
463.8672
478.5156
478.5156
522.4609
522.4609
546.8750
546.8750
571.2891
571.2891
581.0547
581.0547
620.1172
620.1172
620.1172
620.1172
581.0547
581.0547
546.8750
546.8750
468.7500
468.7500
224.6094
224.6094
0.0000
0.0000
0.0000
0.0000
0.0000
0.0000
0.0000
0.0000
0.0000
0.0000
0.0000
0.0000
0.0000
0.0000
0.0000
0.0000
0.0000
0.0000
0.0000
0.0000
0.0000
0.0000
0.0000
0.0000
0.0000
0.0000
195.3125
195.3125
429.6875
429.6875
610.3516
610.3516
722.6562
722.6562
732.4219
732.4219
708.0078
708.0078
654.2969
654.2969
600.5859
600.5859
551.7578
551.7578
532.2266
532.2266
551.7578
551.7578
581.0547
581.0547
605.4687
605.4687
610.3516
610.3516
639.6484
639.6484
664.0625
664.0625
644.5312
644.5312
605.4687
605.4687
546.8750
546.8750
341.7969
341.7969
0.0000
0.0000
0.0000
0.0000
0.0000
0.0000
0.0000
0.0000
0.0000
0.0000
0.0000
0.0000
0.0000
0.0000
0.0000
0.0000
0.0000
0.0000
0.0000
0.0000
0.0000
0.0000
0.0000
0.0000
0.0000
0.0000
102.5391
102.5391
322.2656
322.2656
483.3984
483.3984
610.3516
610.3516
649.4141
649.4141
629.8828
629.8828
585.9375
585.9375
541.9922
541.9922
537.1094
537.1094
517.5781
517.5781
527.3437
527.3437
541.9922
541.9922
561.5234
561.5234
581.0547
581.0547
595.7031
595.7031
634.7656
634.7656
644.5312
644.5312
620.1172
620.1172
581.0547
581.0547
507.8125
507.8125
273.4375
273.4375
0.0000
0.0000
0.0000
0.0000
0.0000
0.0000
0.0000
0.0000
0.0000
0.0000
0.0000
0.0000
0.0000
0.0000
0.0000
0.0000
0.0000
0.0000
0.0000
0.0000
0.0000
0.0000
0.0000
0.0000
0.0000
0.0000
78.1250
78.1250
312.5000
312.5000
493.1641
493.1641
620.1172
620.1172
649.4141
649.4141
629.8828
629.8828
566.4062
566.4062
537.1094
537.1094
502.9297
502.9297
493.1641
493.1641
502.9297
502.9297
522.4609
522.4609
546.8750
546.8750
551.7578
551.7578
581.0547
581.0547
620.1172
620.1172
615.2344
615.2344
585.9375
585.9375
541.9922
541.9922
415.0391
415.0391
97.6562
97.6562
0.0000
0.0000
0.0000
0.0000
0.0000
0.0000
0.0000
0.0000
0.0000
0.0000
0.0000
0.0000
0.0000
0.0000
0.0000
0.0000
0.0000
0.0000
0.0000
0.0000
0.0000
0.0000
0.0000
0.0000
205.0781
205.0781
434.5703
434.5703
605.4687
605.4687
732.4219
732.4219
761.7187
761.7187
727.5391
727.5391
664.0625
664.0625
625.0000
625.0000
590.8203
590.8203
556.6406
556.6406
556.6406
556.6406
566.4062
566.4062
590.8203
590.8203
615.2344
615.2344
625.0000
625.0000
659.1797
659.1797
659.1797
659.1797
634.7656
634.7656
566.4062
566.4062
458.9844
458.9844
190.4297
190.4297
0.0000
0.0000
0.0000
0.0000
0.0000
0.0000
0.0000
0.0000
0.0000
0.0000
0.0000
0.0000
0.0000
0.0000
0.0000
0.0000
0.0000
0.0000
0.0000
0.0000
0.0000
0.0000
0.0000
0.0000
0.0000
0.0000
205.0781
205.0781
415.0391
415.0391
566.4062
566.4062
673.8281
673.8281
698.2422
698.2422
668.9453
668.9453
610.3516
610.3516
561.5234
561.5234
532.2266
532.2266
502.9297
502.9297
512.6953
512.6953
527.3437
527.3437
541.9922
541.9922
566.4062
566.4062
600.5859
600.5859
620.1172
620.1172
605.4687
605.4687
556.6406
556.6406
512.6953
512.6953
371.0937
371.0937
0.0000
0.0000
0.0000
0.0000
0.0000
0.0000
0.0000
0.0000
0.0000
0.0000
0.0000
0.0000
0.0000
0.0000
0.0000
0.0000
0.0000
0.0000
0.0000
0.0000
0.0000
0.0000
0.0000
0.0000
0.0000
0.0000
0.0000
0.0000
229.4922
229.4922
400.3906
400.3906
527.3437
527.3437
585.9375
585.9375
590.8203
590.8203
551.7578
551.7578
512.6953
512.6953
483.3984
483.3984
458.9844
458.9844
454.1016
454.1016
473.6328
473.6328
512.6953
512.6953
522.4609
522.4609
546.8750
546.8750
576.1719
576.1719
595.7031
595.7031
581.0547
581.0547
507.8125
507.8125
439.4531
439.4531
283.2031
283.2031
0.0000
0.0000
0.0000
0.0000
0.0000
0.0000
0.0000
0.0000
0.0000
0.0000
0.0000
0.0000
0.0000
0.0000
0.0000
0.0000
0.0000
0.0000
0.0000
0.0000
0.0000
0.0000
0.0000
0.0000
0.0000
0.0000
24.4141
24.4141
249.0234
249.0234
458.9844
458.9844
585.9375
585.9375
639.6484
639.6484
625.0000
625.0000
600.5859
600.5859
571.2891
571.2891
517.5781
517.5781
478.5156
478.5156
473.6328
473.6328
498.0469
498.0469
537.1094
537.1094
546.8750
546.8750
581.0547
581.0547
595.7031
595.7031
595.7031
595.7031
551.7578
551.7578
507.8125
507.8125
419.9219
419.9219
122.0703
122.0703
0.0000
0.0000
0.0000
0.0000
0.0000
0.0000
0.0000
0.0000
0.0000
0.0000
0.0000
0.0000
0.0000
0.0000
0.0000
0.0000
0.0000
0.0000
0.0000
0.0000
0.0000
0.0000
0.0000
0.0000
0.0000
0.0000
209.9609
209.9609
415.0391
415.0391
576.1719
576.1719
664.0625
664.0625
683.5937
683.5937
639.6484
639.6484
590.8203
590.8203
541.9922
541.9922
507.8125
507.8125
502.9297
502.9297
507.8125
507.8125
537.1094
537.1094
556.6406
590.8203
590.8203
620.1172
620.1172
629.8828
629.8828
590.8203
590.8203
590.8203
502.9297
502.9297
419.9219
419.9219
229.4922
229.4922
0.0000
0.0000
0.0000
0.0000
0.0000
0.0000
0.0000
0.0000
0.0000
0.0000
0.0000
0.0000
0.0000
0.0000
0.0000
0.0000
0.0000
0.0000
0.0000
0.0000
0.0000
0.0000
0.0000
0.0000
0.0000
0.0000
0.0000
185.5469
185.5469
415.0391
415.0391
415.0391
571.2891
571.2891
639.6484
639.6484
639.6484
639.6484
605.4687
605.4687
561.5234
502.9297
502.9297
468.7500
468.7500
468.7500
468.7500
507.8125
507.8125
537.1094
537.1094
551.7578
551.7578
576.1719
576.1719
600.5859
600.5859
625.0000
625.0000
595.7031
595.7031
556.6406
556.6406
537.1094
537.1094
380.8594
380.8594
9.7656
9.7656
0.0000
0.0000
0.0000
0.0000
0.0000
0.0000
0.0000
0.0000
0.0000
0.0000
0.0000
0.0000
0.0000
0.0000
0.0000
0.0000
0.0000
0.0000
0.0000
0.0000
0.0000
0.0000
0.0000
0.0000
0.0000
0.0000
180.6641
180.6641
395.5078
395.5078
537.1094
537.1094
590.8203
590.8203
576.1719
576.1719
556.6406
556.6406
512.6953
512.6953
488.2812
488.2812
458.9844
458.9844
478.5156
478.5156
512.6953
512.6953
537.1094
537.1094
556.6406
556.6406
561.5234
561.5234
590.8203
590.8203
620.1172
620.1172
620.1172
620.1172
605.4687
605.4687
571.2891
571.2891
468.7500
468.7500
151.3672
151.3672
0.0000
0.0000
0.0000
0.0000
0.0000
0.0000
0.0000
0.0000
0.0000
0.0000
0.0000
0.0000
0.0000
0.0000
0.0000
0.0000
0.0000
0.0000
0.0000
0.0000
0.0000
0.0000
0.0000
0.0000
0.0000
0.0000
263.6719
263.6719
473.6328
473.6328
634.7656
634.7656
688.4766
688.4766
698.2422
698.2422
659.1797
659.1797
605.4687
605.4687
576.1719
576.1719
541.9922
541.9922
541.9922
541.9922
556.6406
556.6406
571.2891
571.2891
590.8203
590.8203
615.2344
615.2344
644.5312
644.5312
634.7656
634.7656
610.3516
610.3516
556.6406
556.6406
434.5703
434.5703
131.8359
131.8359
0.0000
0.0000
0.0000
0.0000
0.0000
0.0000
0.0000
0.0000
0.0000
0.0000
0.0000
0.0000
0.0000
0.0000
0.0000
0.0000
0.0000
0.0000
0.0000
0.0000
0.0000
0.0000
0.0000
0.0000
0.0000
0.0000
214.8437
214.8437
405.2734
405.2734
556.6406
556.6406
644.5312
644.5312
673.8281
673.8281
644.5312
644.5312
581.0547
581.0547
537.1094
537.1094
502.9297
502.9297
517.5781
517.5781
527.3437
527.3437
537.1094
537.1094
561.5234
561.5234
576.1719
576.1719
625.0000
625.0000
644.5312
644.5312
639.6484
639.6484
620.1172
620.1172
576.1719
576.1719
507.8125
507.8125
268.5547
268.5547
0.0000
0.0000
0.0000
0.0000
0.0000
0.0000
0.0000
0.0000
0.0000
0.0000
0.0000
0.0000
0.0000
0.0000
0.0000
0.0000
0.0000
0.0000
0.0000
0.0000
0.0000
0.0000
0.0000
0.0000
43.9453
43.9453
341.7969
341.7969
571.2891
571.2891
727.5391
727.5391
805.6641
805.6641
834.9609
834.9609
810.5469
810.5469
722.6562
722.6562
634.7656
634.7656
576.1719
576.1719
571.2891
571.2891
571.2891
571.2891
581.0547
581.0547
585.9375
585.9375
629.8828
629.8828
668.9453
668.9453
678.7109
678.7109
664.0625
664.0625
610.3516
610.3516
556.6406
556.6406
375.9766
375.9766
29.2969
29.2969
0.0000
0.0000
0.0000
0.0000
0.0000
0.0000
0.0000
0.0000
0.0000
0.0000
0.0000
0.0000
0.0000
0.0000
0.0000
0.0000
0.0000
0.0000
0.0000
0.0000
0.0000
0.0000
0.0000
0.0000
117.1875
117.1875
371.0937
371.0937
576.1719
576.1719
698.2422
698.2422
747.0703
747.0703
761.7187
761.7187
708.0078
708.0078
644.5312
644.5312
556.6406
556.6406
522.4609
522.4609
507.8125
507.8125
507.8125
507.8125
537.1094
537.1094
566.4062
566.4062
600.5859
600.5859
620.1172
620.1172
625.0000
625.0000
649.4141
649.4141
605.4687
605.4687
532.2266
532.2266
400.3906
400.3906
117.1875
117.1875
0.0000
0.0000
0.0000
0.0000
0.0000
0.0000
0.0000
0.0000
0.0000
0.0000
0.0000
0.0000
0.0000
0.0000
0.0000
0.0000
0.0000
0.0000
0.0000
0.0000
0.0000
0.0000
0.0000
0.0000
0.0000
0.0000
0.0000
0.0000
185.5469
185.5469
380.8594
380.8594
537.1094
537.1094
610.3516
610.3516
610.3516
610.3516
541.9922
541.9922
478.5156
478.5156
449.2187
449.2187
419.9219
419.9219
410.1562
410.1562
415.0391
415.0391
463.8672
463.8672
507.8125
507.8125
522.4609
522.4609
527.3437
527.3437
532.2266
532.2266
527.3437
527.3437
488.2812
488.2812
424.8047
424.8047
180.6641
180.6641
0.0000
0.0000
0.0000
0.0000
0.0000
0.0000
0.0000
0.0000
0.0000
0.0000
0.0000
0.0000
0.0000
0.0000
0.0000
0.0000
0.0000
0.0000
0.0000
0.0000
0.0000
0.0000
0.0000
0.0000
0.0000
0.0000
141.6016
141.6016
361.3281
361.3281
532.2266
532.2266
654.2969
654.2969
693.3594
693.3594
668.9453
668.9453
585.9375
585.9375
522.4609
522.4609
493.1641
493.1641
478.5156
478.5156
488.2812
488.2812
493.1641
493.1641
532.2266
532.2266
556.6406
556.6406
585.9375
585.9375
590.8203
590.8203
605.4687
605.4687
581.0547
581.0547
532.2266
532.2266
424.8047
424.8047
102.5391
102.5391
0.0000
0.0000
0.0000
0.0000
0.0000
0.0000
0.0000
0.0000
0.0000
0.0000
0.0000
0.0000
0.0000
0.0000
0.0000
0.0000
0.0000
0.0000
0.0000
0.0000
0.0000
0.0000
0.0000
0.0000
0.0000
0.0000
0.0000
0.0000
166.0156
166.0156
356.4453
356.4453
468.7500
468.7500
541.9922
541.9922
537.1094
537.1094
498.0469
498.0469
458.9844
458.9844
419.9219
419.9219
419.9219
419.9219
429.6875
429.6875
463.8672
463.8672
488.2812
488.2812
493.1641
493.1641
522.4609
522.4609
546.8750
546.8750
561.5234
561.5234
517.5781
517.5781
473.6328
473.6328
327.1484
327.1484
4.8828
4.8828
0.0000
0.0000
0.0000
0.0000
0.0000
0.0000
0.0000
0.0000
0.0000
0.0000
0.0000
0.0000
0.0000
0.0000
0.0000
0.0000
0.0000
0.0000
0.0000
0.0000
0.0000
0.0000
0.0000
0.0000
117.1875
117.1875
371.0937
371.0937
576.1719
576.1719
708.0078
708.0078
776.3672
776.3672
766.6016
766.6016
708.0078
708.0078
639.6484
639.6484
595.7031
595.7031
566.4062
566.4062
537.1094
537.1094
556.6406
556.6406
581.0547
581.0547
610.3516
610.3516
615.2344
615.2344
625.0000
625.0000
668.9453
668.9453
664.0625
664.0625
625.0000
625.0000
556.6406
556.6406
351.5625
351.5625
0.0000
0.0000
0.0000
0.0000
0.0000
0.0000
0.0000
0.0000
0.0000
0.0000
0.0000
0.0000
0.0000
0.0000
0.0000
0.0000
0.0000
0.0000
0.0000
0.0000
0.0000
0.0000
0.0000
0.0000
0.0000
0.0000
112.3047
112.3047
336.9141
336.9141
532.2266
532.2266
654.2969
654.2969
717.7734
717.7734
693.3594
693.3594
634.7656
634.7656
590.8203
590.8203
561.5234
561.5234
546.8750
546.8750
517.5781
517.5781
532.2266
532.2266
566.4062
566.4062
585.9375
585.9375
605.4687
605.4687
625.0000
625.0000
644.5312
644.5312
610.3516
610.3516
561.5234
561.5234
449.2187
449.2187
151.3672
151.3672
0.0000
0.0000
0.0000
0.0000
0.0000
0.0000
0.0000
0.0000
0.0000
0.0000
0.0000
0.0000
0.0000
0.0000
0.0000
0.0000
0.0000
0.0000
0.0000
0.0000
0.0000
0.0000
0.0000
0.0000
48.8281
48.8281
302.7344
302.7344
502.9297
502.9297
629.8828
629.8828
717.7734
717.7734
722.6562
722.6562
683.5937
683.5937
625.0000
625.0000
566.4062
566.4062
556.6406
556.6406
527.3437
527.3437
527.3437
527.3437
551.7578
551.7578
566.4062
566.4062
585.9375
585.9375
605.4687
605.4687
654.2969
654.2969
654.2969
654.2969
610.3516
610.3516
556.6406
556.6406
449.2187
449.2187
185.5469
185.5469
0.0000
0.0000
0.0000
0.0000
0.0000
0.0000
0.0000
0.0000
0.0000
0.0000
0.0000
0.0000
0.0000
0.0000
0.0000
0.0000
0.0000
0.0000
0.0000
0.0000
0.0000
0.0000
0.0000
0.0000
0.0000
0.0000
48.8281
48.8281
292.9687
292.9687
483.3984
483.3984
600.5859
600.5859
634.7656
634.7656
629.8828
629.8828
581.0547
581.0547
537.1094
537.1094
498.0469
498.0469
458.9844
458.9844
473.6328
473.6328
488.2812
488.2812
517.5781
517.5781
532.2266
532.2266
551.7578
551.7578
585.9375
585.9375
581.0547
581.0547
541.9922
541.9922
498.0469
498.0469
366.2109
366.2109
53.7109
53.7109
0.0000
0.0000
0.0000
0.0000
0.0000
0.0000
0.0000
0.0000
0.0000
0.0000
0.0000
0.0000
0.0000
0.0000
0.0000
0.0000
0.0000
0.0000
0.0000
0.0000
0.0000
0.0000
0.0000
0.0000
195.3125
195.3125
434.5703
434.5703
610.3516
610.3516
751.9531
751.9531
810.5469
810.5469
781.2500
781.2500
717.7734
717.7734
654.2969
654.2969
610.3516
571.2891
571.2891
546.8750
546.8750
556.6406
556.6406
581.0547
581.0547
600.5859
600.5859
600.5859
620.1172
620.1172
649.4141
649.4141
644.5312
644.5312
620.1172
620.1172
541.9922
424.8047
424.8047
170.8984
170.8984
0.0000
0.0000
0.0000
0.0000
0.0000
0.0000
0.0000
0.0000
0.0000
0.0000
0.0000
0.0000
0.0000
0.0000
0.0000
0.0000
0.0000
0.0000
0.0000
0.0000
0.0000
0.0000
0.0000
0.0000
0.0000
0.0000
0.0000
0.0000
0.0000
34.1797
34.1797
239.2578
239.2578
400.3906
488.2812
488.2812
517.5781
517.5781
488.2812
488.2812
468.7500
468.7500
429.6875
429.6875
419.9219
419.9219
424.8047
424.8047
439.4531
439.4531
458.9844
458.9844
478.5156
478.5156
512.6953
512.6953
537.1094
537.1094
546.8750
546.8750
541.9922
541.9922
522.4609
522.4609
512.6953
512.6953
424.8047
424.8047
141.6016
141.6016
0.0000
0.0000
0.0000
0.0000
0.0000
0.0000
0.0000
0.0000
0.0000
0.0000
0.0000
0.0000
0.0000
0.0000
0.0000
0.0000
0.0000
0.0000
0.0000
0.0000
0.0000
0.0000
0.0000
0.0000
4.8828
4.8828
268.5547
268.5547
517.5781
517.5781
668.9453
668.9453
766.6016
766.6016
786.1328
786.1328
756.8359
756.8359
688.4766
688.4766
600.5859
600.5859
571.2891
571.2891
571.2891
571.2891
590.8203
590.8203
590.8203
590.8203
585.9375
585.9375
610.3516
610.3516
639.6484
639.6484
659.1797
659.1797
620.1172
620.1172
566.4062
566.4062
468.7500
468.7500
297.8516
297.8516
0.0000
0.0000
0.0000
0.0000
0.0000
0.0000
0.0000
0.0000
0.0000
0.0000
0.0000
0.0000
0.0000
0.0000
0.0000
0.0000
0.0000
0.0000
0.0000
0.0000
0.0000
0.0000
0.0000
0.0000
0.0000
0.0000
0.0000
0.0000
0.0000
0.0000
229.4922
229.4922
419.9219
419.9219
512.6953
512.6953
561.5234
561.5234
585.9375
585.9375
561.5234
561.5234
512.6953
512.6953
478.5156
478.5156
478.5156
478.5156
498.0469
498.0469
507.8125
507.8125
512.6953
512.6953
522.4609
522.4609
561.5234
561.5234
585.9375
585.9375
600.5859
600.5859
595.7031
595.7031
561.5234
561.5234
527.3437
527.3437
322.2656
322.2656
0.0000
0.0000
0.0000
0.0000
0.0000
0.0000
0.0000
0.0000
0.0000
0.0000
0.0000
0.0000
0.0000
0.0000
0.0000
0.0000
0.0000
0.0000
0.0000
0.0000
0.0000
0.0000
0.0000
0.0000
0.0000
0.0000
136.7187
136.7187
371.0937
371.0937
556.6406
556.6406
649.4141
649.4141
717.7734
717.7734
708.0078
708.0078
668.9453
668.9453
615.2344
615.2344
571.2891
571.2891
566.4062
566.4062
551.7578
551.7578
561.5234
561.5234
571.2891
571.2891
605.4687
605.4687
615.2344
615.2344
625.0000
625.0000
664.0625
664.0625
668.9453
668.9453
634.7656
634.7656
561.5234
561.5234
380.8594
380.8594
48.8281
48.8281
0.0000
0.0000
0.0000
0.0000
0.0000
0.0000
0.0000
0.0000
0.0000
0.0000
0.0000
0.0000
0.0000
0.0000
0.0000
0.0000
0.0000
0.0000
0.0000
0.0000
0.0000
0.0000
0.0000
0.0000
97.6562
97.6562
361.3281
361.3281
551.7578
551.7578
698.2422
698.2422
766.6016
766.6016
766.6016
766.6016
703.1250
703.1250
649.4141
649.4141
610.3516
610.3516
576.1719
576.1719
546.8750
546.8750
561.5234
561.5234
581.0547
581.0547
620.1172
620.1172
625.0000
625.0000
634.7656
634.7656
644.5312
644.5312
615.2344
615.2344
566.4062
566.4062
434.5703
434.5703
146.4844
146.4844
0.0000
0.0000
0.0000
0.0000
0.0000
0.0000
0.0000
0.0000
0.0000
0.0000
0.0000
0.0000
0.0000
0.0000
0.0000
0.0000
0.0000
0.0000
0.0000
0.0000
0.0000
0.0000
0.0000
0.0000
156.2500
156.2500
405.2734
405.2734
600.5859
600.5859
722.6562
722.6562
815.4297
815.4297
820.3125
820.3125
766.6016
766.6016
678.7109
678.7109
610.3516
610.3516
581.0547
581.0547
561.5234
561.5234
556.6406
556.6406
576.1719
576.1719
610.3516
610.3516
634.7656
634.7656
644.5312
644.5312
659.1797
659.1797
639.6484
639.6484
595.7031
595.7031
517.5781
517.5781
366.2109
366.2109
39.0625
39.0625
0.0000
0.0000
0.0000
0.0000
0.0000
0.0000
0.0000
0.0000
0.0000
0.0000
0.0000
0.0000
0.0000
0.0000
0.0000
0.0000
0.0000
0.0000
0.0000
0.0000
0.0000
0.0000
0.0000
0.0000
0.0000
0.0000
4.8828
4.8828
214.8437
214.8437
400.3906
400.3906
517.5781
517.5781
551.7578
551.7578
541.9922
541.9922
488.2812
488.2812
454.1016
454.1016
419.9219
419.9219
410.1562
410.1562
439.4531
439.4531
463.8672
463.8672
498.0469
498.0469
498.0469
498.0469
512.6953
512.6953
532.2266
532.2266
532.2266
532.2266
498.0469
498.0469
468.7500
468.7500
361.3281
361.3281
43.9453
43.9453
0.0000
0.0000
0.0000
0.0000
0.0000
0.0000
0.0000
0.0000
0.0000
0.0000
0.0000
0.0000
0.0000
0.0000
0.0000
0.0000
0.0000
0.0000
0.0000
0.0000
0.0000
0.0000
0.0000
0.0000
141.6016
141.6016
380.8594
380.8594
556.6406
556.6406
683.5937
683.5937
737.3047
737.3047
717.7734
717.7734
644.5312
644.5312
581.0547
581.0547
541.9922
541.9922
512.6953
512.6953
512.6953
512.6953
532.2266
532.2266
576.1719
576.1719
595.7031
595.7031
595.7031
595.7031
610.3516
610.3516
615.2344
615.2344
615.2344
615.2344
561.5234
561.5234
488.2812
488.2812
288.0859
288.0859
0.0000
0.0000
0.0000
0.0000
0.0000
0.0000
0.0000
0.0000
0.0000
0.0000
0.0000
0.0000
0.0000
0.0000
0.0000
0.0000
0.0000
0.0000
0.0000
0.0000
0.0000
0.0000
0.0000
0.0000
0.0000
0.0000
24.4141
24.4141
263.6719
263.6719
454.1016
454.1016
600.5859
600.5859
673.8281
673.8281
659.1797
659.1797
600.5859
600.5859
551.7578
551.7578
507.8125
507.8125
493.1641
493.1641
493.1641
493.1641
512.6953
512.6953
522.4609
522.4609
546.8750
546.8750
571.2891
571.2891
576.1719
576.1719
571.2891
571.2891
541.9922
541.9922
498.0469
498.0469
356.4453
356.4453
48.8281
48.8281
0.0000
0.0000
0.0000
0.0000
0.0000
0.0000
0.0000
0.0000
0.0000
0.0000
0.0000
0.0000
0.0000
0.0000
0.0000
0.0000
0.0000
0.0000
0.0000
0.0000
0.0000
0.0000
0.0000
0.0000
195.3125
195.3125
439.4531
439.4531
605.4687
605.4687
717.7734
717.7734
756.8359
756.8359
742.1875
742.1875
668.9453
668.9453
605.4687
605.4687
556.6406
556.6406
532.2266
532.2266
537.1094
537.1094
546.8750
546.8750
581.0547
581.0547
585.9375
585.9375
600.5859
600.5859
615.2344
615.2344
629.8828
629.8828
620.1172
620.1172
541.9922
541.9922
449.2187
449.2187
249.0234
249.0234
0.0000
0.0000
0.0000
0.0000
0.0000
0.0000
0.0000
0.0000
0.0000
0.0000
0.0000
0.0000
0.0000
0.0000
0.0000
0.0000
0.0000
0.0000
0.0000
0.0000
0.0000
0.0000
0.0000
0.0000
0.0000
0.0000
68.3594
68.3594
312.5000
312.5000
507.8125
507.8125
629.8828
629.8828
678.7109
678.7109
659.1797
659.1797
605.4687
605.4687
561.5234
561.5234
512.6953
512.6953
483.3984
483.3984
468.7500
468.7500
498.0469
498.0469
527.3437
527.3437
532.2266
532.2266
556.6406
556.6406
571.2891
571.2891
571.2891
571.2891
517.5781
517.5781
439.4531
439.4531
244.1406
244.1406
0.0000
0.0000
0.0000
0.0000
0.0000
0.0000
0.0000
0.0000
0.0000
0.0000
0.0000
0.0000
0.0000
0.0000
0.0000
0.0000
0.0000
0.0000
0.0000
0.0000
0.0000
0.0000
0.0000
0.0000
0.0000
0.0000
43.9453
43.9453
288.0859
288.0859
463.8672
463.8672
576.1719
576.1719
629.8828
629.8828
625.0000
625.0000
556.6406
556.6406
502.9297
502.9297
473.6328
473.6328
468.7500
468.7500
473.6328
473.6328
478.5156
478.5156
502.9297
502.9297
517.5781
517.5781
551.7578
551.7578
581.0547
581.0547
595.7031
595.7031
581.0547
581.0547
532.2266
532.2266
449.2187
449.2187
205.0781
205.0781
0.0000
0.0000
0.0000
0.0000
0.0000
0.0000
0.0000
0.0000
0.0000
0.0000
0.0000
0.0000
0.0000
0.0000
0.0000
0.0000
0.0000
0.0000
0.0000
0.0000
0.0000
0.0000
0.0000
0.0000
0.0000
0.0000
146.4844
146.4844
366.2109
366.2109
507.8125
507.8125
600.5859
600.5859
649.4141
649.4141
610.3516
610.3516
556.6406
556.6406
512.6953
512.6953
493.1641
493.1641
493.1641
493.1641
478.5156
478.5156
502.9297
502.9297
527.3437
527.3437
546.8750
546.8750
571.2891
571.2891
571.2891
571.2891
571.2891
571.2891
512.6953
512.6953
395.5078
395.5078
83.0078
83.0078
0.0000
0.0000
0.0000
0.0000
0.0000
0.0000
0.0000
0.0000
0.0000
0.0000
0.0000
0.0000
0.0000
0.0000
0.0000
0.0000
0.0000
0.0000
0.0000
0.0000
0.0000
0.0000
0.0000
0.0000
0.0000
0.0000
126.9531
126.9531
336.9141
336.9141
483.3984
483.3984
585.9375
585.9375
634.7656
634.7656
620.1172
620.1172
571.2891
571.2891
517.5781
517.5781
502.9297
502.9297
493.1641
493.1641
483.3984
483.3984
493.1641
493.1641
527.3437
527.3437
551.7578
551.7578
585.9375
600.5859
600.5859
620.1172
620.1172
595.7031
595.7031
541.9922
541.9922
429.6875
429.6875
429.6875
126.9531
126.9531
0.0000
0.0000
0.0000
0.0000
0.0000
0.0000
0.0000
0.0000
0.0000
0.0000
0.0000
0.0000
0.0000
0.0000
0.0000
0.0000
0.0000
0.0000
0.0000
0.0000
0.0000
0.0000
0.0000
0.0000
0.0000
83.0078
83.0078
302.7344
302.7344
463.8672
463.8672
590.8203
590.8203
673.8281
673.8281
654.2969
654.2969
590.8203
590.8203
532.2266
532.2266
512.6953
512.6953
502.9297
502.9297
488.2812
488.2812
507.8125
507.8125
541.9922
541.9922
576.1719
576.1719
595.7031
595.7031
600.5859
600.5859
576.1719
576.1719
512.6953
512.6953
415.0391
415.0391
151.3672
151.3672
0.0000
0.0000
0.0000
0.0000
0.0000
0.0000
0.0000
0.0000
0.0000
0.0000
0.0000
0.0000
0.0000
0.0000
0.0000
0.0000
0.0000
0.0000
0.0000
0.0000
0.0000
0.0000
0.0000
0.0000
0.0000
0.0000
205.0781
205.0781
444.3359
444.3359
610.3516
610.3516
703.1250
703.1250
761.7187
761.7187
742.1875
742.1875
693.3594
693.3594
625.0000
625.0000
576.1719
576.1719
561.5234
561.5234
546.8750
546.8750
571.2891
571.2891
605.4687
605.4687
625.0000
625.0000
654.2969
654.2969
659.1797
659.1797
678.7109
678.7109
649.4141
649.4141
625.0000
625.0000
546.8750
546.8750
312.5000
312.5000
0.0000
0.0000
0.0000
0.0000
0.0000
0.0000
0.0000
0.0000
0.0000
0.0000
0.0000
0.0000
0.0000
0.0000
0.0000
0.0000
0.0000
0.0000
0.0000
0.0000
0.0000
0.0000
0.0000
0.0000
0.0000
0.0000
205.0781
205.0781
434.5703
434.5703
581.0547
581.0547
688.4766
688.4766
727.5391
727.5391
693.3594
693.3594
644.5312
644.5312
571.2891
571.2891
556.6406
556.6406
527.3437
527.3437
527.3437
527.3437
556.6406
556.6406
581.0547
581.0547
620.1172
620.1172
620.1172
620.1172
629.8828
629.8828
620.1172
620.1172
566.4062
566.4062
512.6953
512.6953
302.7344
302.7344
0.0000
0.0000
0.0000
0.0000
0.0000
0.0000
0.0000
0.0000
0.0000
0.0000
0.0000
0.0000
0.0000
0.0000
0.0000
0.0000
0.0000
0.0000
0.0000
0.0000
0.0000
0.0000
0.0000
0.0000
0.0000
0.0000
0.0000
0.0000
117.1875
117.1875
332.0312
332.0312
463.8672
463.8672
581.0547
581.0547
585.9375
585.9375
551.7578
551.7578
507.8125
507.8125
478.5156
478.5156
473.6328
473.6328
458.9844
458.9844
473.6328
473.6328
507.8125
507.8125
527.3437
527.3437
551.7578
551.7578
566.4062
566.4062
585.9375
585.9375
595.7031
595.7031
585.9375
585.9375
566.4062
566.4062
512.6953
512.6953
239.2578
239.2578
0.0000
0.0000
0.0000
0.0000
0.0000
0.0000
0.0000
0.0000
0.0000
0.0000
0.0000
0.0000
0.0000
0.0000
0.0000
0.0000
0.0000
0.0000
0.0000
0.0000
0.0000
0.0000
0.0000
0.0000
0.0000
0.0000
166.0156
166.0156
390.6250
390.6250
566.4062
566.4062
673.8281
673.8281
712.8906
712.8906
688.4766
688.4766
629.8828
629.8828
585.9375
585.9375
546.8750
546.8750
541.9922
541.9922
541.9922
541.9922
561.5234
561.5234
585.9375
585.9375
590.8203
590.8203
620.1172
620.1172
634.7656
634.7656
664.0625
664.0625
644.5312
644.5312
590.8203
590.8203
541.9922
541.9922
302.7344
302.7344
0.0000
0.0000
0.0000
0.0000
0.0000
0.0000
0.0000
0.0000
0.0000
0.0000
0.0000
0.0000
0.0000
0.0000
0.0000
0.0000
0.0000
0.0000
0.0000
0.0000
0.0000
0.0000
0.0000
0.0000
0.0000
0.0000
195.3125
195.3125
429.6875
429.6875
629.8828
629.8828
737.3047
737.3047
776.3672
776.3672
747.0703
747.0703
698.2422
698.2422
649.4141
649.4141
585.9375
585.9375
566.4062
566.4062
556.6406
556.6406
581.0547
581.0547
600.5859
600.5859
600.5859
600.5859
620.1172
620.1172
659.1797
659.1797
683.5937
683.5937
673.8281
673.8281
629.8828
629.8828
561.5234
561.5234
410.1562
410.1562
63.4766
63.4766
0.0000
0.0000
0.0000
0.0000
0.0000
0.0000
0.0000
0.0000
0.0000
0.0000
0.0000
0.0000
0.0000
0.0000
0.0000
0.0000
0.0000
0.0000
0.0000
0.0000
0.0000
0.0000
0.0000
0.0000
0.0000
0.0000
141.6016
141.6016
375.9766
375.9766
546.8750
546.8750
634.7656
634.7656
664.0625
664.0625
668.9453
668.9453
610.3516
610.3516
566.4062
566.4062
517.5781
517.5781
502.9297
502.9297
502.9297
502.9297
502.9297
502.9297
537.1094
537.1094
571.2891
571.2891
600.5859
600.5859
610.3516
610.3516
600.5859
600.5859
581.0547
581.0547
546.8750
546.8750
449.2187
449.2187
126.9531
126.9531
0.0000
0.0000
0.0000
0.0000
0.0000
0.0000
0.0000
0.0000
0.0000
0.0000
0.0000
0.0000
0.0000
0.0000
0.0000
0.0000
0.0000
0.0000
0.0000
0.0000
0.0000
0.0000
0.0000
0.0000
0.0000
0.0000
195.3125
195.3125
419.9219
419.9219
590.8203
590.8203
693.3594
693.3594
756.8359
756.8359
727.5391
727.5391
659.1797
659.1797
610.3516
610.3516
561.5234
561.5234
551.7578
551.7578
532.2266
532.2266
537.1094
537.1094
566.4062
566.4062
600.5859
600.5859
620.1172
620.1172
625.0000
625.0000
639.6484
639.6484
625.0000
625.0000
585.9375
585.9375
517.5781
517.5781
327.1484
327.1484
0.0000
0.0000
0.0000
0.0000
0.0000
0.0000
0.0000
0.0000
0.0000
0.0000
0.0000
0.0000
0.0000
0.0000
0.0000
0.0000
0.0000
0.0000
0.0000
0.0000
0.0000
0.0000
0.0000
0.0000
0.0000
0.0000
29.2969
29.2969
292.9687
292.9687
483.3984
483.3984
634.7656
634.7656
727.5391
727.5391
722.6562
722.6562
678.7109
678.7109
610.3516
610.3516
571.2891
571.2891
541.9922
541.9922
522.4609
522.4609
522.4609
522.4609
537.1094
537.1094
571.2891
571.2891
590.8203
590.8203
595.7031
595.7031
610.3516
610.3516
585.9375
585.9375
537.1094
537.1094
458.9844
458.9844
249.0234
249.0234
0.0000
0.0000
0.0000
0.0000
0.0000
0.0000
0.0000
0.0000
0.0000
0.0000
0.0000
0.0000
0.0000
0.0000
0.0000
0.0000
0.0000
0.0000
0.0000
0.0000
0.0000
0.0000
0.0000
0.0000
0.0000
0.0000
195.3125
195.3125
434.5703
434.5703
576.1719
576.1719
693.3594
693.3594
727.5391
727.5391
708.0078
708.0078
629.8828
629.8828
566.4062
566.4062
551.7578
551.7578
532.2266
532.2266
537.1094
537.1094
532.2266
532.2266
556.6406
556.6406
581.0547
581.0547
595.7031
595.7031
620.1172
620.1172
634.7656
634.7656
610.3516
610.3516
527.3437
527.3437
419.9219
419.9219
214.8437
214.8437
0.0000
0.0000
0.0000
0.0000
0.0000
0.0000
0.0000
0.0000
0.0000
0.0000
0.0000
0.0000
0.0000
0.0000
0.0000
0.0000
0.0000
0.0000
0.0000
0.0000
0.0000
0.0000
0.0000
0.0000
0.0000
0.0000
126.9531
126.9531
361.3281
361.3281
551.7578
551.7578
688.4766
688.4766
732.4219
732.4219
717.7734
717.7734
644.5312
644.5312
595.7031
595.7031
556.6406
556.6406
527.3437
527.3437
517.5781
517.5781
527.3437
527.3437
546.8750
546.8750
551.7578
551.7578
571.2891
571.2891
595.7031
595.7031
620.1172
620.1172
615.2344
615.2344
546.8750
546.8750
473.6328
473.6328
273.4375
273.4375
0.0000
0.0000
0.0000
0.0000
0.0000
0.0000
0.0000
0.0000
0.0000
0.0000
0.0000
0.0000
0.0000
0.0000
0.0000
0.0000
0.0000
0.0000
0.0000
0.0000
0.0000
0.0000
0.0000
0.0000
0.0000
0.0000
39.0625
39.0625
268.5547
268.5547
463.8672
463.8672
590.8203
590.8203
649.4141
649.4141
634.7656
634.7656
595.7031
595.7031
561.5234
561.5234
517.5781
517.5781
488.2812
488.2812
478.5156
478.5156
498.0469
498.0469
512.6953
512.6953
527.3437
527.3437
561.5234
561.5234
585.9375
585.9375
605.4687
605.4687
590.8203
590.8203
541.9922
541.9922
473.6328
473.6328
317.3828
317.3828
0.0000
0.0000
0.0000
0.0000
0.0000
0.0000
0.0000
0.0000
0.0000
0.0000
0.0000
0.0000
0.0000
0.0000
0.0000
0.0000
0.0000
0.0000
0.0000
0.0000
0.0000
0.0000
0.0000
0.0000
0.0000
0.0000
0.0000
0.0000
126.9531
126.9531
351.5625
351.5625
527.3437
527.3437
634.7656
634.7656
664.0625
664.0625
664.0625
664.0625
605.4687
605.4687
561.5234
561.5234
507.8125
507.8125
493.1641
493.1641
502.9297
502.9297
493.1641
493.1641
527.3437
527.3437
551.7578
551.7578
585.9375
585.9375
600.5859
600.5859
581.0547
581.0547
551.7578
551.7578
512.6953
512.6953
375.9766
375.9766
9.7656
9.7656
0.0000
0.0000
0.0000
0.0000
0.0000
0.0000
0.0000
0.0000
0.0000
0.0000
0.0000
0.0000
0.0000
0.0000
0.0000
0.0000
0.0000
0.0000
0.0000
0.0000
0.0000
0.0000
0.0000
0.0000
0.0000
0.0000
112.3047
112.3047
341.7969
341.7969
507.8125
507.8125
605.4687
605.4687
649.4141
649.4141
634.7656
634.7656
581.0547
527.3437
527.3437
488.2812
488.2812
498.0469
498.0469
507.8125
507.8125
522.4609
522.4609
522.4609
532.2266
532.2266
571.2891
571.2891
605.4687
605.4687
605.4687
605.4687
615.2344
605.4687
605.4687
581.0547
581.0547
507.8125
507.8125
375.9766
375.9766
375.9766
58.5937
58.5937
0.0000
0.0000
0.0000
0.0000
0.0000
0.0000
0.0000
0.0000
0.0000
0.0000
0.0000
0.0000
0.0000
0.0000
0.0000
0.0000
0.0000
0.0000
0.0000
0.0000
0.0000
0.0000
0.0000
0.0000
0.0000
205.0781
205.0781
415.0391
415.0391
566.4062
566.4062
668.9453
668.9453
698.2422
698.2422
659.1797
659.1797
585.9375
585.9375
551.7578
551.7578
532.2266
532.2266
532.2266
532.2266
532.2266
532.2266
532.2266
532.2266
566.4062
566.4062
585.9375
585.9375
600.5859
600.5859
615.2344
615.2344
600.5859
600.5859
561.5234
561.5234
498.0469
498.0469
283.2031
283.2031
0.0000
0.0000
0.0000
0.0000
0.0000
0.0000
0.0000
0.0000
0.0000
0.0000
0.0000
0.0000
0.0000
0.0000
0.0000
0.0000
0.0000
0.0000
0.0000
0.0000
0.0000
0.0000
0.0000
0.0000
0.0000
0.0000
97.6562
97.6562
356.4453
356.4453
541.9922
541.9922
678.7109
678.7109
742.1875
742.1875
742.1875
742.1875
693.3594
693.3594
610.3516
610.3516
566.4062
566.4062
551.7578
551.7578
561.5234
561.5234
561.5234
561.5234
576.1719
576.1719
595.7031
595.7031
610.3516
610.3516
625.0000
625.0000
639.6484
639.6484
625.0000
625.0000
551.7578
551.7578
449.2187
449.2187
249.0234
249.0234
0.0000
0.0000
0.0000
0.0000
0.0000
0.0000
0.0000
0.0000
0.0000
0.0000
0.0000
0.0000
0.0000
0.0000
0.0000
0.0000
0.0000
0.0000
0.0000
0.0000
0.0000
0.0000
0.0000
0.0000
0.0000
0.0000
0.0000
0.0000
166.0156
166.0156
380.8594
380.8594
537.1094
537.1094
629.8828
629.8828
654.2969
654.2969
610.3516
610.3516
561.5234
561.5234
527.3437
527.3437
512.6953
512.6953
498.0469
498.0469
493.1641
493.1641
527.3437
527.3437
541.9922
541.9922
561.5234
561.5234
581.0547
581.0547
600.5859
600.5859
600.5859
600.5859
551.7578
551.7578
507.8125
507.8125
297.8516
297.8516
0.0000
0.0000
0.0000
0.0000
0.0000
0.0000
0.0000
0.0000
0.0000
0.0000
0.0000
0.0000
0.0000
0.0000
0.0000
0.0000
0.0000
0.0000
0.0000
0.0000
0.0000
0.0000
0.0000
0.0000
0.0000
0.0000
58.5937
58.5937
278.3203
278.3203
468.7500
468.7500
595.7031
595.7031
659.1797
659.1797
644.5312
644.5312
595.7031
595.7031
551.7578
551.7578
517.5781
517.5781
507.8125
507.8125
498.0469
498.0469
522.4609
522.4609
551.7578
551.7578
566.4062
566.4062
595.7031
595.7031
615.2344
615.2344
644.5312
644.5312
639.6484
639.6484
615.2344
615.2344
581.0547
581.0547
488.2812
488.2812
209.9609
209.9609
0.0000
0.0000
0.0000
0.0000
0.0000
0.0000
0.0000
0.0000
0.0000
0.0000
0.0000
0.0000
0.0000
0.0000
0.0000
0.0000
0.0000
0.0000
0.0000
0.0000
0.0000
0.0000
0.0000
0.0000
0.0000
0.0000
14.6484
14.6484
253.9062
253.9062
468.7500
468.7500
610.3516
610.3516
668.9453
668.9453
673.8281
673.8281
634.7656
634.7656
585.9375
585.9375
527.3437
527.3437
498.0469
498.0469
512.6953
512.6953
527.3437
527.3437
546.8750
546.8750
551.7578
551.7578
600.5859
600.5859
625.0000
625.0000
615.2344
615.2344
576.1719
576.1719
541.9922
541.9922
463.8672
463.8672
146.4844
146.4844
0.0000
0.0000
0.0000
0.0000
0.0000
0.0000
0.0000
0.0000
0.0000
0.0000
0.0000
0.0000
0.0000
0.0000
0.0000
0.0000
0.0000
0.0000
0.0000
0.0000
0.0000
0.0000
0.0000
0.0000
0.0000
0.0000
209.9609
209.9609
424.8047
424.8047
590.8203
590.8203
673.8281
673.8281
698.2422
698.2422
683.5937
683.5937
639.6484
639.6484
581.0547
581.0547
527.3437
527.3437
527.3437
527.3437
551.7578
551.7578
581.0547
581.0547
600.5859
600.5859
620.1172
620.1172
644.5312
644.5312
649.4141
649.4141
649.4141
649.4141
625.0000
625.0000
600.5859
600.5859
537.1094
537.1094
292.9687
292.9687
0.0000
0.0000
0.0000
0.0000
0.0000
0.0000
0.0000
0.0000
0.0000
0.0000
0.0000
0.0000
0.0000
0.0000
0.0000
0.0000
0.0000
0.0000
0.0000
0.0000
0.0000
0.0000
0.0000
0.0000
0.0000
0.0000
4.8828
4.8828
258.7891
258.7891
463.8672
463.8672
576.1719
576.1719
634.7656
634.7656
634.7656
634.7656
610.3516
610.3516
556.6406
556.6406
512.6953
512.6953
493.1641
493.1641
502.9297
502.9297
532.2266
532.2266
546.8750
546.8750
566.4062
566.4062
585.9375
585.9375
595.7031
595.7031
615.2344
615.2344
605.4687
605.4687
576.1719
576.1719
527.3437
527.3437
366.2109
366.2109
14.6484
14.6484
0.0000
0.0000
0.0000
0.0000
0.0000
0.0000
0.0000
0.0000
0.0000
0.0000
0.0000
0.0000
0.0000
0.0000
0.0000
0.0000
0.0000
0.0000
0.0000
0.0000
0.0000
0.0000
0.0000
0.0000
53.7109
53.7109
307.6172
307.6172
507.8125
507.8125
649.4141
649.4141
703.1250
703.1250
712.8906
712.8906
668.9453
668.9453
595.7031
595.7031
556.6406
556.6406
532.2266
532.2266
537.1094
537.1094
537.1094
537.1094
566.4062
566.4062
595.7031
595.7031
605.4687
605.4687
615.2344
615.2344
615.2344
615.2344
605.4687
605.4687
556.6406
556.6406
463.8672
463.8672
209.9609
209.9609
0.0000
0.0000
0.0000
0.0000
0.0000
0.0000
0.0000
0.0000
0.0000
0.0000
0.0000
0.0000
0.0000
0.0000
0.0000
0.0000
0.0000
0.0000
0.0000
0.0000
0.0000
0.0000
0.0000
0.0000
0.0000
0.0000
0.0000
0.0000
205.0781
205.0781
415.0391
415.0391
556.6406
556.6406
644.5312
644.5312
688.4766
688.4766
644.5312
644.5312
600.5859
600.5859
546.8750
546.8750
527.3437
527.3437
517.5781
517.5781
507.8125
507.8125
541.9922
541.9922
561.5234
561.5234
590.8203
590.8203
595.7031
595.7031
600.5859
600.5859
590.8203
590.8203
541.9922
541.9922
478.5156
478.5156
219.7266
219.7266
0.0000
0.0000
0.0000
0.0000
0.0000
0.0000
0.0000
0.0000
0.0000
0.0000
0.0000
0.0000
0.0000
0.0000
0.0000
0.0000
0.0000
0.0000
0.0000
0.0000
0.0000
0.0000
0.0000
0.0000
0.0000
0.0000
68.3594
68.3594
322.2656
322.2656
517.5781
517.5781
629.8828
629.8828
703.1250
703.1250
712.8906
712.8906
654.2969
654.2969
595.7031
595.7031
551.7578
551.7578
537.1094
537.1094
517.5781
517.5781
527.3437
527.3437
561.5234
561.5234
585.9375
585.9375
615.2344
615.2344
629.8828
629.8828
664.0625
664.0625
649.4141
649.4141
615.2344
615.2344
581.0547
581.0547
527.3437
527.3437
263.6719
263.6719
0.0000
0.0000
0.0000
0.0000
0.0000
0.0000
0.0000
0.0000
0.0000
0.0000
0.0000
0.0000
0.0000
0.0000
0.0000
0.0000
0.0000
0.0000
0.0000
0.0000
0.0000
0.0000
0.0000
0.0000
0.0000
0.0000
161.1328
161.1328
371.0937
371.0937
527.3437
527.3437
629.8828
629.8828
659.1797
659.1797
649.4141
649.4141
610.3516
610.3516
556.6406
556.6406
502.9297
502.9297
483.3984
483.3984
507.8125
507.8125
537.1094
537.1094
566.4062
566.4062
581.0547
581.0547
605.4687
605.4687
625.0000
625.0000
625.0000
625.0000
600.5859
600.5859
551.7578
551.7578
522.4609
522.4609
288.0859
288.0859
0.0000
0.0000
0.0000
0.0000
0.0000
0.0000
0.0000
0.0000
0.0000
0.0000
0.0000
0.0000
0.0000
0.0000
0.0000
0.0000
0.0000
0.0000
0.0000
0.0000
0.0000
0.0000
0.0000
0.0000
0.0000
0.0000
249.0234
249.0234
454.1016
454.1016
615.2344
615.2344
673.8281
673.8281
683.5937
683.5937
649.4141
649.4141
595.7031
595.7031
556.6406
556.6406
502.9297
502.9297
502.9297
502.9297
512.6953
512.6953
546.8750
546.8750
581.0547
581.0547
590.8203
590.8203
620.1172
620.1172
625.0000
625.0000
644.5312
644.5312
625.0000
625.0000
600.5859
600.5859
561.5234
561.5234
371.0937
371.0937
0.0000
0.0000
0.0000
0.0000
0.0000
0.0000
0.0000
0.0000
0.0000
0.0000
0.0000
0.0000
0.0000
0.0000
0.0000
0.0000
0.0000
0.0000
0.0000
0.0000
0.0000
0.0000
0.0000
0.0000
0.0000
0.0000
43.9453
43.9453
292.9687
292.9687
507.8125
507.8125
620.1172
620.1172
683.5937
683.5937
668.9453
668.9453
625.0000
625.0000
561.5234
561.5234
507.8125
507.8125
493.1641
493.1641
483.3984
483.3984
483.3984
483.3984
512.6953
512.6953
541.9922
541.9922
576.1719
576.1719
581.0547
581.0547
581.0547
581.0547
551.7578
551.7578
527.3437
527.3437
419.9219
419.9219
131.8359
131.8359
0.0000
0.0000
0.0000
0.0000
0.0000
0.0000
0.0000
0.0000
0.0000
0.0000
0.0000
0.0000
0.0000
0.0000
0.0000
0.0000
0.0000
0.0000
0.0000
0.0000
0.0000
0.0000
0.0000
0.0000
0.0000
0.0000
0.0000
0.0000
209.9609
209.9609
371.0937
371.0937
493.1641
493.1641
546.8750
546.8750
556.6406
556.6406
512.6953
512.6953
463.8672
449.2187
449.2187
449.2187
449.2187
454.1016
454.1016
449.2187
449.2187
449.2187
468.7500
468.7500
507.8125
507.8125
541.9922
541.9922
571.2891
571.2891
561.5234
561.5234
576.1719
571.2891
571.2891
546.8750
546.8750
473.6328
473.6328
180.6641
180.6641
180.6641
0.0000
0.0000
0.0000
0.0000
0.0000
0.0000
0.0000
0.0000
0.0000
0.0000
0.0000
0.0000
0.0000
0.0000
0.0000
0.0000
0.0000
0.0000
0.0000
0.0000
0.0000
0.0000
0.0000
0.0000
0.0000
131.8359
131.8359
361.3281
361.3281
522.4609
522.4609
634.7656
634.7656
703.1250
703.1250
688.4766
688.4766
629.8828
629.8828
561.5234
561.5234
537.1094
537.1094
517.5781
517.5781
498.0469
498.0469
517.5781
517.5781
541.9922
541.9922
585.9375
585.9375
610.3516
610.3516
605.4687
605.4687
625.0000
625.0000
581.0547
581.0547
551.7578
551.7578
444.3359
444.3359
161.1328
161.1328
0.0000
0.0000
0.0000
0.0000
0.0000
0.0000
0.0000
0.0000
0.0000
0.0000
0.0000
0.0000
0.0000
0.0000
0.0000
0.0000
0.0000
0.0000
0.0000
0.0000
0.0000
0.0000
0.0000
0.0000
0.0000
0.0000
0.0000
0.0000
239.2578
239.2578
410.1562
410.1562
532.2266
532.2266
600.5859
600.5859
605.4687
605.4687
576.1719
576.1719
522.4609
522.4609
483.3984
483.3984
458.9844
458.9844
463.8672
463.8672
498.0469
498.0469
522.4609
522.4609
546.8750
546.8750
576.1719
576.1719
590.8203
590.8203
625.0000
625.0000
615.2344
615.2344
571.2891
571.2891
532.2266
532.2266
434.5703
434.5703
102.5391
102.5391
0.0000
0.0000
0.0000
0.0000
0.0000
0.0000
0.0000
0.0000
0.0000
0.0000
0.0000
0.0000
0.0000
0.0000
0.0000
0.0000
0.0000
0.0000
0.0000
0.0000
0.0000
0.0000
0.0000
0.0000
0.0000
0.0000
0.0000
0.0000
209.9609
209.9609
400.3906
400.3906
522.4609
522.4609
585.9375
585.9375
595.7031
595.7031
576.1719
576.1719
522.4609
522.4609
483.3984
483.3984
468.7500
468.7500
483.3984
483.3984
512.6953
512.6953
527.3437
527.3437
551.7578
551.7578
571.2891
571.2891
585.9375
585.9375
600.5859
600.5859
561.5234
561.5234
541.9922
541.9922
458.9844
458.9844
175.7812
175.7812
0.0000
0.0000
0.0000
0.0000
0.0000
0.0000
0.0000
0.0000
0.0000
0.0000
0.0000
0.0000
0.0000
0.0000
0.0000
0.0000
0.0000
0.0000
0.0000
0.0000
0.0000
0.0000
0.0000
0.0000
34.1797
34.1797
278.3203
278.3203
493.1641
493.1641
644.5312
644.5312
732.4219
732.4219
732.4219
732.4219
708.0078
708.0078
668.9453
668.9453
605.4687
605.4687
585.9375
585.9375
561.5234
561.5234
581.0547
581.0547
595.7031
595.7031
610.3516
610.3516
634.7656
634.7656
654.2969
654.2969
678.7109
678.7109
654.2969
654.2969
615.2344
615.2344
551.7578
551.7578
380.8594
380.8594
34.1797
34.1797
0.0000
0.0000
0.0000
0.0000
0.0000
0.0000
0.0000
0.0000
0.0000
0.0000
0.0000
0.0000
0.0000
0.0000
0.0000
0.0000
0.0000
0.0000
0.0000
0.0000
0.0000
0.0000
0.0000
0.0000
0.0000
0.0000
190.4297
190.4297
429.6875
429.6875
585.9375
585.9375
673.8281
673.8281
693.3594
693.3594
683.5937
683.5937
620.1172
620.1172
566.4062
566.4062
537.1094
537.1094
527.3437
527.3437
541.9922
541.9922
537.1094
537.1094
556.6406
556.6406
600.5859
600.5859
629.8828
629.8828
644.5312
644.5312
600.5859
600.5859
561.5234
561.5234
498.0469
498.0469
273.4375
273.4375
0.0000
0.0000
0.0000
0.0000
0.0000
0.0000
0.0000
0.0000
0.0000
0.0000
0.0000
0.0000
0.0000
0.0000
0.0000
0.0000
0.0000
0.0000
0.0000
0.0000
0.0000
0.0000
0.0000
0.0000
0.0000
0.0000
0.0000
0.0000
131.8359
131.8359
327.1484
327.1484
463.8672
463.8672
522.4609
522.4609
556.6406
556.6406
546.8750
546.8750
493.1641
493.1641
458.9844
458.9844
444.3359
444.3359
478.5156
478.5156
483.3984
483.3984
483.3984
483.3984
498.0469
498.0469
541.9922
541.9922
605.4687
605.4687
610.3516
610.3516
600.5859
600.5859
566.4062
566.4062
527.3437
527.3437
424.8047
424.8047
87.8906
87.8906
0.0000
0.0000
0.0000
0.0000
0.0000
0.0000
0.0000
0.0000
0.0000
0.0000
0.0000
0.0000
0.0000
0.0000
0.0000
0.0000
0.0000
0.0000
0.0000
0.0000
0.0000
0.0000
0.0000
0.0000
0.0000
0.0000
0.0000
0.0000
234.3750
234.3750
380.8594
380.8594
493.1641
493.1641
566.4062
566.4062
576.1719
576.1719
546.8750
546.8750
502.9297
502.9297
478.5156
478.5156
478.5156
478.5156
483.3984
483.3984
498.0469
498.0469
522.4609
