258.7891
258.7891
302.7344
302.7344
346.6797
346.6797
390.6250
390.6250
434.5703
434.5703
454.1016
454.1016
434.5703
434.5703
351.5625
351.5625
195.3125
195.3125
4.8828
4.8828
0.0000
0.0000
0.0000
0.0000
0.0000
0.0000
0.0000
0.0000
0.0000
0.0000
0.0000
0.0000
0.0000
0.0000
0.0000
0.0000
0.0000
0.0000
0.0000
0.0000
0.0000
0.0000
0.0000
0.0000
0.0000
0.0000
0.0000
0.0000
73.2422
73.2422
175.7812
175.7812
234.3750
234.3750
253.9062
253.9062
239.2578
239.2578
209.9609
209.9609
180.6641
180.6641
161.1328
161.1328
156.2500
156.2500
166.0156
166.0156
185.5469
185.5469
219.7266
219.7266
258.7891
258.7891
297.8516
297.8516
332.0312
332.0312
375.9766
375.9766
415.0391
415.0391
449.2187
449.2187
478.5156
478.5156
483.3984
483.3984
434.5703
434.5703
327.1484
327.1484
170.8984
170.8984
0.0000
0.0000
0.0000
0.0000
0.0000
0.0000
0.0000
0.0000
0.0000
0.0000
0.0000
0.0000
0.0000
0.0000
0.0000
0.0000
0.0000
0.0000
0.0000
0.0000
0.0000
0.0000
0.0000
0.0000
0.0000
0.0000
0.0000
0.0000
0.0000
0.0000
34.1797
34.1797
156.2500
156.2500
229.4922
229.4922
258.7891
258.7891
249.0234
249.0234
219.7266
219.7266
190.4297
190.4297
166.0156
166.0156
151.3672
151.3672
151.3672
151.3672
170.8984
170.8984
200.1953
200.1953
244.1406
244.1406
283.2031
283.2031
322.2656
322.2656
366.2109
366.2109
400.3906
400.3906
434.5703
434.5703
463.8672
463.8672
488.2812
488.2812
488.2812
488.2812
439.4531
439.4531
332.0312
332.0312
166.0156
166.0156
0.0000
0.0000
0.0000
0.0000
0.0000
0.0000
0.0000
0.0000
0.0000
0.0000
0.0000
0.0000
0.0000
0.0000
0.0000
0.0000
0.0000
0.0000
0.0000
0.0000
0.0000
0.0000
0.0000
0.0000
0.0000
0.0000
0.0000
0.0000
29.2969
29.2969
180.6641
180.6641
288.0859
288.0859
346.6797
346.6797
361.3281
361.3281
332.0312
332.0312
288.0859
288.0859
253.9062
253.9062
229.4922
229.4922
229.4922
229.4922
239.2578
239.2578
258.7891
258.7891
292.9687
292.9687
332.0312
332.0312
371.0937
371.0937
410.1562
444.3359
444.3359
444.3359
478.5156
478.5156
512.6953
512.6953
532.2266
532.2266
517.5781
517.5781
444.3359
444.3359
312.5000
312.5000
141.6016
141.6016
0.0000
0.0000
0.0000
0.0000
0.0000
0.0000
0.0000
0.0000
0.0000
0.0000
0.0000
0.0000
0.0000
0.0000
0.0000
0.0000
0.0000
0.0000
0.0000
0.0000
0.0000
0.0000
0.0000
0.0000
0.0000
0.0000
0.0000
0.0000
29.2969
29.2969
190.4297
190.4297
317.3828
317.3828
385.7422
385.7422
390.6250
346.6797
346.6797
288.0859
288.0859
239.2578
239.2578
214.8437
214.8437
214.8437
214.8437
229.4922
229.4922
253.9062
253.9062
283.2031
283.2031
322.2656
322.2656
356.4453
356.4453
395.5078
395.5078
434.5703
434.5703
478.5156
478.5156
522.4609
522.4609
556.6406
556.6406
566.4062
566.4062
527.3437
527.3437
410.1562
410.1562
224.6094
224.6094
4.8828
4.8828
0.0000
0.0000
0.0000
0.0000
0.0000
0.0000
0.0000
0.0000
0.0000
0.0000
0.0000
0.0000
0.0000
0.0000
0.0000
0.0000
0.0000
0.0000
0.0000
0.0000
0.0000
0.0000
0.0000
0.0000
0.0000
0.0000
0.0000
0.0000
0.0000
0.0000
0.0000
0.0000
43.9453
43.9453
73.2422
73.2422
68.3594
68.3594
43.9453
43.9453
19.5312
19.5312
4.8828
4.8828
0.0000
0.0000
9.7656
9.7656
29.2969
29.2969
53.7109
53.7109
87.8906
87.8906
122.0703
122.0703
156.2500
156.2500
190.4297
190.4297
229.4922
229.4922
268.5547
268.5547
312.5000
312.5000
351.5625
351.5625
366.2109
366.2109
332.0312
332.0312
234.3750
234.3750
83.0078
83.0078
0.0000
0.0000
0.0000
0.0000
0.0000
0.0000
0.0000
0.0000
0.0000
0.0000
0.0000
0.0000
0.0000
0.0000
0.0000
0.0000
0.0000
0.0000
0.0000
0.0000
0.0000
0.0000
0.0000
0.0000
0.0000
0.0000
0.0000
0.0000
4.8828
4.8828
161.1328
161.1328
278.3203
278.3203
341.7969
341.7969
346.6797
346.6797
317.3828
317.3828
278.3203
278.3203
239.2578
239.2578
209.9609
209.9609
205.0781
205.0781
209.9609
209.9609
239.2578
239.2578
278.3203
278.3203
317.3828
317.3828
361.3281
361.3281
405.2734
405.2734
434.5703
434.5703
463.8672
463.8672
493.1641
493.1641
527.3437
527.3437
561.5234
561.5234
561.5234
561.5234
502.9297
502.9297
361.3281
361.3281
161.1328
161.1328
0.0000
0.0000
0.0000
0.0000
0.0000
0.0000
0.0000
0.0000
0.0000
0.0000
0.0000
0.0000
0.0000
0.0000
0.0000
0.0000
0.0000
0.0000
0.0000
0.0000
0.0000
0.0000
0.0000
0.0000
0.0000
0.0000
0.0000
0.0000
0.0000
0.0000
97.6562
97.6562
166.0156
166.0156
195.3125
195.3125
190.4297
190.4297
161.1328
161.1328
131.8359
131.8359
117.1875
117.1875
117.1875
117.1875
126.9531
126.9531
151.3672
151.3672
180.6641
180.6641
219.7266
219.7266
258.7891
258.7891
297.8516
297.8516
336.9141
336.9141
380.8594
380.8594
415.0391
415.0391
444.3359
444.3359
463.8672
463.8672
449.2187
449.2187
380.8594
380.8594
249.0234
249.0234
78.1250
78.1250
0.0000
0.0000
0.0000
0.0000
0.0000
0.0000
0.0000
0.0000
0.0000
0.0000
0.0000
0.0000
0.0000
0.0000
0.0000
0.0000
0.0000
0.0000
0.0000
0.0000
0.0000
0.0000
0.0000
0.0000
0.0000
0.0000
0.0000
0.0000
63.4766
63.4766
229.4922
229.4922
351.5625
351.5625
410.1562
410.1562
400.3906
400.3906
356.4453
356.4453
297.8516
297.8516
253.9062
253.9062
229.4922
229.4922
229.4922
229.4922
249.0234
249.0234
283.2031
283.2031
317.3828
317.3828
351.5625
351.5625
385.7422
385.7422
419.9219
419.9219
463.8672
463.8672
512.6953
512.6953
546.8750
546.8750
556.6406
556.6406
532.2266
532.2266
444.3359
444.3359
283.2031
283.2031
78.1250
78.1250
0.0000
0.0000
0.0000
0.0000
0.0000
0.0000
0.0000
0.0000
0.0000
0.0000
0.0000
0.0000
0.0000
0.0000
0.0000
0.0000
0.0000
0.0000
0.0000
0.0000
0.0000
0.0000
0.0000
0.0000
0.0000
0.0000
0.0000
0.0000
0.0000
0.0000
34.1797
34.1797
102.5391
102.5391
131.8359
131.8359
122.0703
122.0703
92.7734
92.7734
58.5937
58.5937
39.0625
39.0625
34.1797
34.1797
43.9453
43.9453
68.3594
68.3594
97.6562
97.6562
131.8359
131.8359
166.0156
166.0156
200.1953
200.1953
244.1406
244.1406
288.0859
288.0859
336.9141
336.9141
375.9766
375.9766
405.2734
405.2734
410.1562
410.1562
361.3281
361.3281
244.1406
244.1406
78.1250
78.1250
0.0000
0.0000
0.0000
0.0000
0.0000
0.0000
0.0000
0.0000
0.0000
0.0000
0.0000
0.0000
0.0000
0.0000
0.0000
0.0000
0.0000
0.0000
0.0000
0.0000
0.0000
0.0000
0.0000
0.0000
0.0000
0.0000
0.0000
0.0000
0.0000
0.0000
87.8906
87.8906
219.7266
219.7266
302.7344
302.7344
317.3828
317.3828
297.8516
297.8516
253.9062
253.9062
205.0781
205.0781
170.8984
170.8984
156.2500
156.2500
161.1328
161.1328
180.6641
180.6641
214.8437
214.8437
244.1406
244.1406
288.0859
288.0859
327.1484
327.1484
361.3281
361.3281
400.3906
400.3906
439.4531
439.4531
473.6328
473.6328
507.8125
507.8125
517.5781
517.5781
473.6328
473.6328
361.3281
361.3281
175.7812
175.7812
0.0000
0.0000
0.0000
0.0000
0.0000
0.0000
0.0000
0.0000
0.0000
0.0000
0.0000
0.0000
0.0000
0.0000
0.0000
0.0000
0.0000
0.0000
0.0000
0.0000
0.0000
0.0000
0.0000
0.0000
0.0000
0.0000
0.0000
0.0000
14.6484
14.6484
136.7187
136.7187
219.7266
219.7266
253.9062
253.9062
253.9062
253.9062
224.6094
224.6094
185.5469
185.5469
161.1328
161.1328
146.4844
146.4844
156.2500
156.2500
175.7812
175.7812
205.0781
205.0781
244.1406
244.1406
288.0859
288.0859
327.1484
327.1484
366.2109
366.2109
405.2734
405.2734
444.3359
444.3359
468.7500
468.7500
473.6328
473.6328
434.5703
434.5703
346.6797
346.6797
205.0781
205.0781
24.4141
24.4141
0.0000
0.0000
0.0000
0.0000
0.0000
0.0000
0.0000
0.0000
0.0000
0.0000
0.0000
0.0000
0.0000
0.0000
0.0000
0.0000
0.0000
0.0000
0.0000
0.0000
0.0000
0.0000
0.0000
0.0000
0.0000
0.0000
53.7109
53.7109
249.0234
249.0234
410.1562
410.1562
502.9297
502.9297
517.5781
517.5781
478.5156
478.5156
419.9219
419.9219
361.3281
361.3281
317.3828
317.3828
297.8516
297.8516
302.7344
302.7344
327.1484
327.1484
356.4453
356.4453
390.6250
390.6250
424.8047
424.8047
454.1016
454.1016
493.1641
493.1641
537.1094
537.1094
581.0547
581.0547
620.1172
620.1172
634.7656
634.7656
590.8203
590.8203
478.5156
478.5156
288.0859
288.0859
58.5937
58.5937
0.0000
0.0000
0.0000
0.0000
0.0000
0.0000
0.0000
0.0000
0.0000
0.0000
0.0000
0.0000
0.0000
0.0000
0.0000
0.0000
0.0000
0.0000
0.0000
0.0000
0.0000
0.0000
0.0000
0.0000
0.0000
0.0000
0.0000
0.0000
48.8281
48.8281
151.3672
151.3672
200.1953
200.1953
195.3125
195.3125
161.1328
161.1328
117.1875
117.1875
83.0078
83.0078
68.3594
68.3594
68.3594
68.3594
87.8906
87.8906
117.1875
117.1875
151.3672
151.3672
195.3125
195.3125
229.4922
229.4922
263.6719
263.6719
302.7344
302.7344
341.7969
341.7969
380.8594
380.8594
424.8047
424.8047
458.9844
458.9844
454.1016
454.1016
385.7422
385.7422
229.4922
229.4922
34.1797
34.1797
0.0000
0.0000
0.0000
0.0000
0.0000
0.0000
0.0000
0.0000
0.0000
0.0000
0.0000
0.0000
0.0000
0.0000
0.0000
0.0000
0.0000
0.0000
0.0000
0.0000
0.0000
0.0000
0.0000
0.0000
0.0000
0.0000
0.0000
0.0000
39.0625
39.0625
185.5469
185.5469
288.0859
288.0859
327.1484
327.1484
317.3828
317.3828
273.4375
273.4375
224.6094
224.6094
180.6641
180.6641
156.2500
156.2500
146.4844
146.4844
156.2500
156.2500
180.6641
180.6641
214.8437
214.8437
253.9062
253.9062
297.8516
297.8516
346.6797
346.6797
395.5078
395.5078
439.4531
439.4531
468.7500
468.7500
478.5156
478.5156
454.1016
454.1016
356.4453
356.4453
205.0781
205.0781
14.6484
14.6484
0.0000
0.0000
0.0000
0.0000
0.0000
0.0000
0.0000
0.0000
0.0000
0.0000
0.0000
0.0000
0.0000
0.0000
0.0000
0.0000
0.0000
0.0000
0.0000
0.0000
0.0000
0.0000
0.0000
0.0000
0.0000
0.0000
0.0000
0.0000
4.8828
4.8828
151.3672
151.3672
249.0234
249.0234
297.8516
297.8516
292.9687
292.9687
258.7891
258.7891
214.8437
214.8437
175.7812
175.7812
156.2500
156.2500
146.4844
146.4844
156.2500
156.2500
180.6641
180.6641
209.9609
209.9609
249.0234
249.0234
288.0859
288.0859
327.1484
327.1484
371.0937
371.0937
419.9219
419.9219
458.9844
458.9844
488.2812
488.2812
488.2812
488.2812
424.8047
424.8047
278.3203
278.3203
73.2422
73.2422
0.0000
0.0000
0.0000
0.0000
0.0000
0.0000
0.0000
0.0000
0.0000
0.0000
0.0000
0.0000
0.0000
0.0000
0.0000
0.0000
0.0000
0.0000
0.0000
0.0000
0.0000
0.0000
0.0000
0.0000
0.0000
0.0000
0.0000
0.0000
0.0000
0.0000
0.0000
0.0000
0.0000
0.0000
0.0000
0.0000
0.0000
0.0000
0.0000
0.0000
0.0000
0.0000
0.0000
0.0000
0.0000
0.0000
0.0000
0.0000
0.0000
0.0000
0.0000
0.0000
0.0000
0.0000
0.0000
0.0000
0.0000
0.0000
43.9453
83.0078
83.0078
131.8359
131.8359
175.7812
175.7812
214.8437
214.8437
239.2578
239.2578
249.0234
249.0234
249.0234
205.0781
97.6562
97.6562
0.0000
0.0000
0.0000
0.0000
0.0000
0.0000
0.0000
0.0000
0.0000
0.0000
0.0000
0.0000
0.0000
0.0000
0.0000
0.0000
0.0000
0.0000
0.0000
0.0000
0.0000
0.0000
0.0000
0.0000
0.0000
0.0000
0.0000
0.0000
0.0000
0.0000
0.0000
0.0000
34.1797
34.1797
126.9531
126.9531
175.7812
175.7812
185.5469
185.5469
166.0156
166.0156
136.7187
136.7187
112.3047
112.3047
97.6562
97.6562
97.6562
97.6562
117.1875
117.1875
141.6016
141.6016
175.7812
175.7812
205.0781
205.0781
229.4922
229.4922
263.6719
263.6719
302.7344
302.7344
351.5625
351.5625
390.6250
390.6250
415.0391
415.0391
400.3906
400.3906
317.3828
317.3828
190.4297
190.4297
29.2969
29.2969
0.0000
0.0000
0.0000
0.0000
0.0000
0.0000
0.0000
0.0000
0.0000
0.0000
0.0000
0.0000
0.0000
0.0000
0.0000
0.0000
0.0000
0.0000
0.0000
0.0000
0.0000
0.0000
0.0000
0.0000
0.0000
0.0000
0.0000
0.0000
102.5391
102.5391
253.9062
253.9062
371.0937
371.0937
429.6875
429.6875
434.5703
434.5703
405.2734
405.2734
366.2109
366.2109
322.2656
322.2656
297.8516
297.8516
288.0859
288.0859
297.8516
297.8516
322.2656
322.2656
351.5625
351.5625
380.8594
380.8594
415.0391
415.0391
454.1016
454.1016
498.0469
498.0469
537.1094
537.1094
576.1719
576.1719
595.7031
595.7031
576.1719
576.1719
498.0469
498.0469
356.4453
356.4453
180.6641
180.6641
0.0000
0.0000
0.0000
0.0000
0.0000
0.0000
0.0000
0.0000
0.0000
0.0000
0.0000
0.0000
0.0000
0.0000
0.0000
0.0000
0.0000
0.0000
0.0000
0.0000
0.0000
0.0000
0.0000
0.0000
0.0000
0.0000
0.0000
0.0000
9.7656
9.7656
161.1328
161.1328
273.4375
273.4375
336.9141
336.9141
351.5625
351.5625
332.0312
332.0312
302.7344
302.7344
268.5547
268.5547
244.1406
244.1406
239.2578
239.2578
249.0234
249.0234
273.4375
273.4375
297.8516
297.8516
336.9141
336.9141
380.8594
380.8594
429.6875
429.6875
468.7500
468.7500
507.8125
507.8125
541.9922
541.9922
566.4062
566.4062
546.8750
546.8750
454.1016
454.1016
302.7344
302.7344
117.1875
117.1875
0.0000
0.0000
0.0000
0.0000
0.0000
0.0000
0.0000
0.0000
0.0000
0.0000
0.0000
0.0000
0.0000
0.0000
0.0000
0.0000
0.0000
0.0000
0.0000
0.0000
0.0000
0.0000
0.0000
0.0000
0.0000
0.0000
0.0000
0.0000
0.0000
0.0000
53.7109
53.7109
195.3125
195.3125
283.2031
283.2031
317.3828
317.3828
302.7344
302.7344
263.6719
263.6719
219.7266
219.7266
185.5469
185.5469
170.8984
170.8984
175.7812
175.7812
200.1953
200.1953
234.3750
234.3750
273.4375
273.4375
307.6172
307.6172
346.6797
346.6797
380.8594
380.8594
424.8047
424.8047
463.8672
463.8672
498.0469
498.0469
512.6953
512.6953
478.5156
478.5156
385.7422
385.7422
229.4922
229.4922
39.0625
39.0625
0.0000
0.0000
0.0000
0.0000
0.0000
0.0000
0.0000
0.0000
0.0000
0.0000
0.0000
0.0000
0.0000
0.0000
0.0000
0.0000
0.0000
0.0000
0.0000
0.0000
0.0000
0.0000
0.0000
0.0000
0.0000
0.0000
0.0000
0.0000
122.0703
122.0703
268.5547
268.5547
366.2109
366.2109
405.2734
405.2734
390.6250
390.6250
341.7969
341.7969
292.9687
292.9687
258.7891
258.7891
239.2578
239.2578
239.2578
239.2578
263.6719
263.6719
297.8516
297.8516
341.7969
341.7969
380.8594
380.8594
419.9219
419.9219
458.9844
458.9844
493.1641
493.1641
522.4609
522.4609
527.3437
527.3437
493.1641
493.1641
405.2734
405.2734
258.7891
258.7891
73.2422
73.2422
0.0000
0.0000
0.0000
0.0000
0.0000
0.0000
0.0000
0.0000
0.0000
0.0000
0.0000
0.0000
0.0000
0.0000
0.0000
0.0000
0.0000
0.0000
0.0000
0.0000
0.0000
0.0000
0.0000
0.0000
0.0000
0.0000
0.0000
0.0000
0.0000
0.0000
78.1250
78.1250
185.5469
185.5469
229.4922
229.4922
224.6094
224.6094
190.4297
190.4297
151.3672
151.3672
117.1875
117.1875
102.5391
102.5391
97.6562
97.6562
112.3047
112.3047
136.7187
136.7187
170.8984
170.8984
209.9609
209.9609
249.0234
249.0234
292.9687
292.9687
341.7969
341.7969
390.6250
390.6250
424.8047
424.8047
449.2187
449.2187
444.3359
444.3359
380.8594
380.8594
244.1406
244.1406
53.7109
53.7109
0.0000
0.0000
0.0000
0.0000
0.0000
0.0000
0.0000
0.0000
0.0000
0.0000
0.0000
0.0000
0.0000
0.0000
0.0000
0.0000
0.0000
0.0000
0.0000
0.0000
0.0000
0.0000
0.0000
0.0000
0.0000
0.0000
0.0000
0.0000
0.0000
0.0000
0.0000
0.0000
97.6562
97.6562
141.6016
141.6016
146.4844
146.4844
126.9531
126.9531
102.5391
102.5391
83.0078
83.0078
68.3594
68.3594
68.3594
68.3594
83.0078
83.0078
107.4219
107.4219
136.7187
136.7187
166.0156
166.0156
205.0781
205.0781
244.1406
244.1406
288.0859
288.0859
332.0312
332.0312
371.0937
371.0937
395.5078
395.5078
385.7422
385.7422
317.3828
317.3828
195.3125
195.3125
39.0625
39.0625
0.0000
0.0000
0.0000
0.0000
0.0000
0.0000
0.0000
0.0000
0.0000
0.0000
0.0000
0.0000
0.0000
0.0000
0.0000
0.0000
0.0000
0.0000
0.0000
0.0000
0.0000
0.0000
0.0000
0.0000
0.0000
0.0000
0.0000
0.0000
0.0000
0.0000
48.8281
48.8281
161.1328
161.1328
224.6094
224.6094
239.2578
239.2578
219.7266
219.7266
185.5469
185.5469
146.4844
146.4844
122.0703
122.0703
117.1875
117.1875
136.7187
136.7187
161.1328
161.1328
195.3125
195.3125
229.4922
229.4922
263.6719
263.6719
302.7344
302.7344
346.6797
346.6797
390.6250
390.6250
429.6875
429.6875
458.9844
458.9844
468.7500
468.7500
439.4531
439.4531
351.5625
351.5625
200.1953
200.1953
9.7656
9.7656
0.0000
0.0000
0.0000
0.0000
0.0000
0.0000
0.0000
0.0000
0.0000
0.0000
0.0000
0.0000
0.0000
0.0000
0.0000
0.0000
0.0000
0.0000
0.0000
0.0000
0.0000
0.0000
0.0000
0.0000
0.0000
0.0000
29.2969
29.2969
166.0156
166.0156
278.3203
278.3203
346.6797
346.6797
371.0937
371.0937
361.3281
361.3281
332.0312
332.0312
297.8516
297.8516
273.4375
273.4375
258.7891
258.7891
268.5547
268.5547
297.8516
297.8516
336.9141
336.9141
375.9766
375.9766
419.9219
419.9219
454.1016
454.1016
488.2812
488.2812
512.6953
512.6953
522.4609
522.4609
498.0469
498.0469
410.1562
410.1562
263.6719
263.6719
83.0078
83.0078
0.0000
0.0000
0.0000
0.0000
0.0000
0.0000
0.0000
0.0000
0.0000
0.0000
0.0000
0.0000
0.0000
0.0000
0.0000
0.0000
0.0000
0.0000
0.0000
0.0000
0.0000
0.0000
0.0000
0.0000
0.0000
0.0000
0.0000
0.0000
0.0000
0.0000
0.0000
0.0000
14.6484
14.6484
102.5391
102.5391
146.4844
146.4844
146.4844
146.4844
117.1875
117.1875
78.1250
78.1250
48.8281
48.8281
39.0625
39.0625
39.0625
39.0625
48.8281
48.8281
68.3594
68.3594
97.6562
97.6562
131.8359
131.8359
166.0156
166.0156
205.0781
205.0781
249.0234
249.0234
283.2031
283.2031
307.6172
307.6172
302.7344
302.7344
239.2578
239.2578
131.8359
131.8359
0.0000
0.0000
0.0000
0.0000
0.0000
0.0000
0.0000
0.0000
0.0000
0.0000
0.0000
0.0000
0.0000
0.0000
0.0000
0.0000
0.0000
0.0000
0.0000
0.0000
0.0000
0.0000
0.0000
0.0000
0.0000
0.0000
0.0000
0.0000
0.0000
0.0000
0.0000
0.0000
19.5312
19.5312
122.0703
122.0703
195.3125
195.3125
219.7266
219.7266
209.9609
209.9609
180.6641
180.6641
156.2500
156.2500
136.7187
136.7187
131.8359
131.8359
141.6016
141.6016
166.0156
166.0156
190.4297
190.4297
229.4922
229.4922
258.7891
258.7891
283.2031
283.2031
312.5000
312.5000
346.6797
346.6797
390.6250
390.6250
429.6875
429.6875
434.5703
434.5703
380.8594
380.8594
268.5547
268.5547
112.3047
112.3047
0.0000
0.0000
0.0000
0.0000
0.0000
0.0000
0.0000
0.0000
0.0000
0.0000
0.0000
0.0000
0.0000
0.0000
0.0000
0.0000
0.0000
0.0000
0.0000
0.0000
0.0000
0.0000
0.0000
0.0000
0.0000
0.0000
0.0000
0.0000
0.0000
0.0000
48.8281
48.8281
195.3125
195.3125
297.8516
297.8516
346.6797
346.6797
341.7969
341.7969
297.8516
297.8516
253.9062
253.9062
214.8437
214.8437
190.4297
195.3125
195.3125
195.3125
205.0781
205.0781
229.4922
229.4922
258.7891
258.7891
288.0859
288.0859
317.3828
317.3828
351.5625
351.5625
395.5078
395.5078
439.4531
439.4531
478.5156
498.0469
498.0469
498.0469
478.5156
478.5156
400.3906
400.3906
253.9062
253.9062
68.3594
68.3594
0.0000
0.0000
0.0000
0.0000
0.0000
0.0000
0.0000
0.0000
0.0000
0.0000
0.0000
0.0000
0.0000
0.0000
0.0000
0.0000
0.0000
0.0000
0.0000
0.0000
0.0000
0.0000
0.0000
0.0000
0.0000
0.0000
0.0000
97.6562
97.6562
219.7266
219.7266
297.8516
297.8516
332.0312
332.0312
327.1484
327.1484
297.8516
297.8516
268.5547
268.5547
244.1406
244.1406
234.3750
234.3750
234.3750
234.3750
249.0234
249.0234
273.4375
273.4375
307.6172
307.6172
341.7969
341.7969
375.9766
375.9766
419.9219
419.9219
468.7500
468.7500
502.9297
502.9297
527.3437
527.3437
532.2266
532.2266
478.5156
478.5156
361.3281
361.3281
185.5469
185.5469
0.0000
0.0000
0.0000
0.0000
0.0000
0.0000
0.0000
0.0000
0.0000
0.0000
0.0000
0.0000
0.0000
0.0000
0.0000
0.0000
0.0000
0.0000
0.0000
0.0000
0.0000
0.0000
0.0000
0.0000
0.0000
0.0000
0.0000
0.0000
0.0000
0.0000
78.1250
78.1250
185.5469
185.5469
244.1406
244.1406
249.0234
249.0234
224.6094
224.6094
185.5469
185.5469
151.3672
151.3672
131.8359
131.8359
126.9531
126.9531
141.6016
141.6016
161.1328
161.1328
185.5469
185.5469
219.7266
219.7266
253.9062
253.9062
297.8516
297.8516
341.7969
341.7969
380.8594
380.8594
424.8047
424.8047
463.8672
463.8672
488.2812
488.2812
483.3984
483.3984
419.9219
419.9219
292.9687
292.9687
107.4219
107.4219
0.0000
0.0000
0.0000
0.0000
0.0000
0.0000
0.0000
0.0000
0.0000
0.0000
0.0000
0.0000
0.0000
0.0000
0.0000
0.0000
0.0000
0.0000
0.0000
0.0000
0.0000
0.0000
0.0000
0.0000
0.0000
0.0000
0.0000
0.0000
0.0000
0.0000
126.9531
126.9531
219.7266
219.7266
273.4375
273.4375
278.3203
278.3203
249.0234
249.0234
209.9609
209.9609
170.8984
170.8984
151.3672
151.3672
146.4844
146.4844
161.1328
161.1328
180.6641
180.6641
209.9609
209.9609
244.1406
244.1406
283.2031
283.2031
322.2656
322.2656
361.3281
361.3281
410.1562
410.1562
454.1016
454.1016
483.3984
483.3984
483.3984
483.3984
429.6875
429.6875
307.6172
307.6172
136.7187
136.7187
0.0000
0.0000
0.0000
0.0000
0.0000
0.0000
0.0000
0.0000
0.0000
0.0000
0.0000
0.0000
0.0000
0.0000
0.0000
0.0000
0.0000
0.0000
0.0000
0.0000
0.0000
0.0000
0.0000
0.0000
0.0000
0.0000
0.0000
0.0000
0.0000
0.0000
34.1797
34.1797
151.3672
151.3672
219.7266
219.7266
234.3750
234.3750
209.9609
209.9609
175.7812
175.7812
141.6016
141.6016
117.1875
117.1875
107.4219
107.4219
112.3047
112.3047
131.8359
131.8359
166.0156
166.0156
200.1953
200.1953
239.2578
239.2578
268.5547
268.5547
302.7344
302.7344
341.7969
341.7969
385.7422
385.7422
424.8047
424.8047
444.3359
444.3359
429.6875
429.6875
356.4453
356.4453
224.6094
224.6094
48.8281
48.8281
0.0000
0.0000
0.0000
0.0000
0.0000
0.0000
0.0000
0.0000
0.0000
0.0000
0.0000
0.0000
0.0000
0.0000
0.0000
0.0000
0.0000
0.0000
0.0000
0.0000
0.0000
0.0000
0.0000
0.0000
0.0000
0.0000
0.0000
0.0000
43.9453
43.9453
175.7812
175.7812
273.4375
273.4375
317.3828
317.3828
322.2656
322.2656
302.7344
302.7344
278.3203
278.3203
253.9062
253.9062
234.3750
234.3750
229.4922
229.4922
239.2578
239.2578
253.9062
253.9062
283.2031
283.2031
317.3828
317.3828
356.4453
356.4453
400.3906
400.3906
449.2187
449.2187
493.1641
493.1641
532.2266
532.2266
551.7578
551.7578
527.3437
527.3437
444.3359
444.3359
307.6172
307.6172
126.9531
126.9531
0.0000
0.0000
0.0000
0.0000
0.0000
0.0000
0.0000
0.0000
0.0000
0.0000
0.0000
0.0000
0.0000
0.0000
0.0000
0.0000
0.0000
0.0000
0.0000
0.0000
0.0000
0.0000
0.0000
0.0000
0.0000
0.0000
0.0000
0.0000
161.1328
161.1328
336.9141
336.9141
454.1016
454.1016
502.9297
502.9297
493.1641
493.1641
449.2187
449.2187
395.5078
395.5078
346.6797
346.6797
322.2656
322.2656
317.3828
317.3828
332.0312
332.0312
351.5625
351.5625
375.9766
375.9766
410.1562
410.1562
444.3359
444.3359
483.3984
483.3984
527.3437
527.3437
566.4062
566.4062
595.7031
595.7031
595.7031
595.7031
541.9922
541.9922
424.8047
424.8047
253.9062
253.9062
48.8281
48.8281
0.0000
0.0000
0.0000
0.0000
0.0000
0.0000
0.0000
0.0000
0.0000
0.0000
0.0000
0.0000
0.0000
0.0000
0.0000
0.0000
0.0000
0.0000
0.0000
0.0000
0.0000
0.0000
0.0000
0.0000
0.0000
0.0000
0.0000
0.0000
131.8359
131.8359
263.6719
263.6719
346.6797
346.6797
375.9766
375.9766
366.2109
366.2109
336.9141
336.9141
297.8516
297.8516
268.5547
268.5547
253.9062
253.9062
253.9062
253.9062
268.5547
268.5547
292.9687
292.9687
332.0312
332.0312
371.0937
371.0937
410.1562
410.1562
444.3359
444.3359
478.5156
478.5156
498.0469
498.0469
493.1641
493.1641
434.5703
434.5703
322.2656
322.2656
166.0156
166.0156
0.0000
0.0000
0.0000
0.0000
0.0000
0.0000
0.0000
0.0000
0.0000
0.0000
0.0000
0.0000
0.0000
0.0000
0.0000
0.0000
0.0000
0.0000
0.0000
0.0000
0.0000
0.0000
0.0000
0.0000
0.0000
0.0000
0.0000
0.0000
0.0000
0.0000
0.0000
0.0000
122.0703
122.0703
229.4922
229.4922
278.3203
278.3203
273.4375
273.4375
234.3750
234.3750
190.4297
190.4297
156.2500
156.2500
136.7187
136.7187
136.7187
136.7187
151.3672
151.3672
180.6641
180.6641
224.6094
224.6094
263.6719
263.6719
302.7344
302.7344
336.9141
336.9141
375.9766
375.9766
410.1562
410.1562
439.4531
439.4531
454.1016
454.1016
429.6875
429.6875
361.3281
361.3281
229.4922
229.4922
53.7109
53.7109
0.0000
0.0000
0.0000
0.0000
0.0000
0.0000
0.0000
0.0000
0.0000
0.0000
0.0000
0.0000
0.0000
0.0000
0.0000
0.0000
0.0000
0.0000
0.0000
0.0000
0.0000
0.0000
0.0000
0.0000
0.0000
0.0000
0.0000
0.0000
0.0000
0.0000
34.1797
34.1797
131.8359
131.8359
175.7812
175.7812
180.6641
180.6641
161.1328
161.1328
131.8359
131.8359
107.4219
107.4219
97.6562
97.6562
102.5391
102.5391
122.0703
122.0703
146.4844
146.4844
175.7812
175.7812
209.9609
209.9609
244.1406
244.1406
283.2031
283.2031
327.1484
327.1484
375.9766
375.9766
419.9219
419.9219
444.3359
444.3359
429.6875
429.6875
356.4453
356.4453
219.7266
219.7266
34.1797
34.1797
0.0000
0.0000
0.0000
0.0000
0.0000
0.0000
0.0000
0.0000
0.0000
0.0000
0.0000
0.0000
0.0000
0.0000
0.0000
0.0000
0.0000
0.0000
0.0000
0.0000
0.0000
0.0000
0.0000
0.0000
0.0000
0.0000
0.0000
0.0000
0.0000
0.0000
0.0000
0.0000
73.2422
73.2422
112.3047
112.3047
112.3047
112.3047
87.8906
87.8906
53.7109
53.7109
34.1797
34.1797
29.2969
29.2969
39.0625
39.0625
58.5937
58.5937
92.7734
92.7734
126.9531
126.9531
161.1328
161.1328
195.3125
195.3125
229.4922
229.4922
273.4375
273.4375
317.3828
317.3828
356.4453
356.4453
390.6250
390.6250
405.2734
405.2734
400.3906
400.3906
351.5625
351.5625
244.1406
244.1406
87.8906
87.8906
0.0000
0.0000
0.0000
0.0000
0.0000
0.0000
0.0000
0.0000
0.0000
0.0000
0.0000
0.0000
0.0000
0.0000
0.0000
0.0000
0.0000
0.0000
0.0000
0.0000
0.0000
0.0000
0.0000
0.0000
0.0000
0.0000
9.7656
9.7656
185.5469
185.5469
341.7969
341.7969
449.2187
449.2187
493.1641
493.1641
493.1641
493.1641
458.9844
458.9844
415.0391
415.0391
380.8594
380.8594
351.5625
351.5625
346.6797
346.6797
366.2109
366.2109
395.5078
395.5078
434.5703
434.5703
473.6328
473.6328
512.6953
512.6953
546.8750
546.8750
581.0547
581.0547
610.3516
610.3516
625.0000
625.0000
610.3516
610.3516
532.2266
532.2266
390.6250
390.6250
200.1953
200.1953
0.0000
0.0000
0.0000
0.0000
0.0000
0.0000
0.0000
0.0000
0.0000
0.0000
0.0000
0.0000
0.0000
0.0000
0.0000
0.0000
0.0000
0.0000
0.0000
0.0000
0.0000
0.0000
0.0000
0.0000
0.0000
0.0000
0.0000
0.0000
53.7109
53.7109
205.0781
205.0781
312.5000
312.5000
371.0937
371.0937
375.9766
375.9766
346.6797
346.6797
307.6172
307.6172
273.4375
273.4375
253.9062
253.9062
249.0234
249.0234
268.5547
268.5547
292.9687
332.0312
332.0312
332.0312
375.9766
375.9766
419.9219
419.9219
458.9844
458.9844
498.0469
498.0469
532.2266
532.2266
551.7578
551.7578
541.9922
541.9922
483.3984
483.3984
375.9766
229.4922
229.4922
229.4922
48.8281
48.8281
0.0000
0.0000
0.0000
0.0000
0.0000
0.0000
0.0000
0.0000
0.0000
0.0000
0.0000
0.0000
0.0000
0.0000
0.0000
0.0000
0.0000
0.0000
0.0000
0.0000
0.0000
0.0000
0.0000
0.0000
0.0000
0.0000
0.0000
0.0000
53.7109
53.7109
205.0781
205.0781
307.6172
346.6797
346.6797
346.6797
332.0312
332.0312
288.0859
239.2578
239.2578
205.0781
205.0781
190.4297
190.4297
195.3125
195.3125
195.3125
219.7266
253.9062
253.9062
292.9687
292.9687
336.9141
336.9141
375.9766
375.9766
410.1562
410.1562
444.3359
444.3359
478.5156
478.5156
507.8125
507.8125
512.6953
512.6953
468.7500
468.7500
346.6797
346.6797
170.8984
170.8984
0.0000
0.0000
0.0000
0.0000
0.0000
0.0000
0.0000
0.0000
0.0000
0.0000
0.0000
0.0000
0.0000
0.0000
0.0000
0.0000
0.0000
0.0000
0.0000
0.0000
0.0000
0.0000
0.0000
0.0000
0.0000
0.0000
0.0000
0.0000
0.0000
0.0000
131.8359
131.8359
263.6719
263.6719
341.7969
341.7969
356.4453
356.4453
327.1484
327.1484
273.4375
273.4375
219.7266
219.7266
185.5469
185.5469
175.7812
175.7812
185.5469
185.5469
214.8437
214.8437
244.1406
244.1406
288.0859
288.0859
327.1484
327.1484
361.3281
361.3281
395.5078
395.5078
439.4531
439.4531
478.5156
478.5156
517.5781
517.5781
522.4609
522.4609
473.6328
473.6328
351.5625
351.5625
166.0156
166.0156
0.0000
0.0000
0.0000
0.0000
0.0000
0.0000
0.0000
0.0000
0.0000
0.0000
0.0000
0.0000
0.0000
0.0000
0.0000
0.0000
0.0000
0.0000
0.0000
0.0000
0.0000
0.0000
0.0000
0.0000
0.0000
0.0000
0.0000
0.0000
0.0000
0.0000
9.7656
9.7656
107.4219
107.4219
151.3672
151.3672
161.1328
161.1328
141.6016
141.6016
107.4219
107.4219
83.0078
83.0078
73.2422
73.2422
68.3594
68.3594
78.1250
78.1250
97.6562
97.6562
131.8359
131.8359
175.7812
175.7812
209.9609
209.9609
253.9062
253.9062
292.9687
292.9687
327.1484
327.1484
366.2109
366.2109
395.5078
395.5078
395.5078
395.5078
341.7969
341.7969
214.8437
214.8437
39.0625
39.0625
0.0000
0.0000
0.0000
0.0000
0.0000
0.0000
0.0000
0.0000
0.0000
0.0000
0.0000
0.0000
0.0000
0.0000
0.0000
0.0000
0.0000
0.0000
0.0000
0.0000
0.0000
0.0000
0.0000
0.0000
0.0000
0.0000
0.0000
0.0000
0.0000
0.0000
0.0000
0.0000
39.0625
39.0625
78.1250
78.1250
78.1250
78.1250
58.5937
58.5937
24.4141
24.4141
0.0000
0.0000
0.0000
0.0000
0.0000
0.0000
4.8828
4.8828
29.2969
29.2969
58.5937
58.5937
92.7734
92.7734
126.9531
126.9531
170.8984
170.8984
214.8437
214.8437
258.7891
258.7891
302.7344
302.7344
336.9141
336.9141
356.4453
356.4453
341.7969
341.7969
273.4375
273.4375
156.2500
156.2500
0.0000
0.0000
0.0000
0.0000
0.0000
0.0000
0.0000
0.0000
0.0000
0.0000
0.0000
0.0000
0.0000
0.0000
0.0000
0.0000
0.0000
0.0000
0.0000
0.0000
0.0000
0.0000
0.0000
0.0000
0.0000
0.0000
0.0000
0.0000
0.0000
0.0000
161.1328
161.1328
302.7344
302.7344
390.6250
390.6250
419.9219
419.9219
405.2734
405.2734
366.2109
366.2109
317.3828
317.3828
283.2031
283.2031
258.7891
258.7891
258.7891
258.7891
278.3203
278.3203
307.6172
307.6172
341.7969
341.7969
380.8594
380.8594
419.9219
419.9219
458.9844
458.9844
498.0469
498.0469
532.2266
532.2266
546.8750
546.8750
527.3437
527.3437
439.4531
439.4531
283.2031
283.2031
83.0078
83.0078
0.0000
0.0000
0.0000
0.0000
0.0000
0.0000
0.0000
0.0000
0.0000
0.0000
0.0000
0.0000
0.0000
0.0000
0.0000
0.0000
0.0000
0.0000
0.0000
0.0000
0.0000
0.0000
0.0000
0.0000
0.0000
0.0000
0.0000
0.0000
0.0000
0.0000
29.2969
29.2969
102.5391
102.5391
126.9531
126.9531
122.0703
122.0703
97.6562
97.6562
58.5937
58.5937
29.2969
29.2969
14.6484
14.6484
19.5312
19.5312
43.9453
43.9453
83.0078
83.0078
126.9531
126.9531
170.8984
170.8984
209.9609
209.9609
249.0234
249.0234
278.3203
278.3203
312.5000
312.5000
332.0312
332.0312
336.9141
336.9141
297.8516
297.8516
205.0781
205.0781
63.4766
63.4766
0.0000
0.0000
0.0000
0.0000
0.0000
0.0000
0.0000
0.0000
0.0000
0.0000
0.0000
0.0000
0.0000
0.0000
0.0000
0.0000
0.0000
0.0000
0.0000
0.0000
0.0000
0.0000
0.0000
0.0000
0.0000
0.0000
0.0000
0.0000
43.9453
43.9453
185.5469
185.5469
283.2031
283.2031
322.2656
322.2656
317.3828
317.3828
278.3203
278.3203
239.2578
239.2578
200.1953
200.1953
175.7812
175.7812
170.8984
170.8984
180.6641
180.6641
209.9609
209.9609
244.1406
244.1406
283.2031
283.2031
327.1484
327.1484
375.9766
375.9766
419.9219
419.9219
458.9844
458.9844
498.0469
498.0469
522.4609
522.4609
512.6953
512.6953
439.4531
439.4531
297.8516
297.8516
112.3047
112.3047
0.0000
0.0000
0.0000
0.0000
0.0000
0.0000
0.0000
0.0000
0.0000
0.0000
0.0000
0.0000
0.0000
0.0000
0.0000
0.0000
0.0000
0.0000
0.0000
0.0000
0.0000
0.0000
0.0000
0.0000
0.0000
0.0000
0.0000
0.0000
19.5312
19.5312
170.8984
170.8984
288.0859
288.0859
336.9141
336.9141
332.0312
332.0312
297.8516
297.8516
244.1406
244.1406
195.3125
195.3125
166.0156
166.0156
161.1328
161.1328
175.7812
175.7812
205.0781
205.0781
239.2578
239.2578
273.4375
273.4375
307.6172
307.6172
346.6797
346.6797
385.7422
385.7422
429.6875
429.6875
463.8672
463.8672
488.2812
488.2812
473.6328
473.6328
395.5078
395.5078
253.9062
253.9062
73.2422
73.2422
0.0000
0.0000
0.0000
0.0000
0.0000
0.0000
0.0000
0.0000
0.0000
0.0000
0.0000
0.0000
0.0000
0.0000
0.0000
0.0000
0.0000
0.0000
0.0000
0.0000
0.0000
0.0000
0.0000
0.0000
0.0000
0.0000
0.0000
0.0000
4.8828
4.8828
131.8359
131.8359
224.6094
224.6094
263.6719
263.6719
263.6719
263.6719
239.2578
239.2578
205.0781
205.0781
170.8984
170.8984
151.3672
151.3672
151.3672
151.3672
161.1328
161.1328
185.5469
185.5469
214.8437
214.8437
249.0234
249.0234
288.0859
288.0859
327.1484
327.1484
375.9766
375.9766
419.9219
419.9219
458.9844
458.9844
493.1641
493.1641
493.1641
493.1641
434.5703
434.5703
312.5000
312.5000
141.6016
141.6016
0.0000
0.0000
0.0000
0.0000
0.0000
0.0000
0.0000
0.0000
0.0000
0.0000
0.0000
0.0000
0.0000
0.0000
0.0000
0.0000
0.0000
0.0000
0.0000
0.0000
0.0000
0.0000
0.0000
0.0000
0.0000
0.0000
0.0000
0.0000
58.5937
58.5937
234.3750
234.3750
375.9766
375.9766
449.2187
449.2187
458.9844
458.9844
419.9219
419.9219
371.0937
371.0937
317.3828
317.3828
283.2031
283.2031
263.6719
263.6719
258.7891
258.7891
268.5547
268.5547
288.0859
288.0859
327.1484
327.1484
366.2109
366.2109
415.0391
415.0391
468.7500
468.7500
512.6953
512.6953
546.8750
546.8750
566.4062
566.4062
556.6406
556.6406
498.0469
498.0469
375.9766
375.9766
200.1953
200.1953
0.0000
0.0000
0.0000
0.0000
0.0000
0.0000
0.0000
0.0000
0.0000
0.0000
0.0000
0.0000
0.0000
0.0000
0.0000
0.0000
0.0000
0.0000
0.0000
0.0000
0.0000
0.0000
0.0000
0.0000
0.0000
0.0000
0.0000
0.0000
0.0000
0.0000
122.0703
122.0703
234.3750
234.3750
292.9687
292.9687
297.8516
297.8516
273.4375
273.4375
229.4922
229.4922
190.4297
190.4297
170.8984
170.8984
161.1328
161.1328
175.7812
175.7812
205.0781
205.0781
234.3750
234.3750
268.5547
268.5547
302.7344
302.7344
341.7969
341.7969
385.7422
385.7422
424.8047
424.8047
458.9844
458.9844
488.2812
488.2812
488.2812
488.2812
434.5703
434.5703
312.5000
312.5000
136.7187
136.7187
0.0000
0.0000
0.0000
0.0000
0.0000
0.0000
0.0000
0.0000
0.0000
0.0000
0.0000
0.0000
0.0000
0.0000
0.0000
0.0000
0.0000
0.0000
0.0000
0.0000
0.0000
0.0000
0.0000
0.0000
0.0000
0.0000
0.0000
0.0000
0.0000
0.0000
9.7656
9.7656
126.9531
126.9531
195.3125
195.3125
209.9609
209.9609
185.5469
185.5469
146.4844
146.4844
102.5391
102.5391
73.2422
73.2422
68.3594
68.3594
87.8906
87.8906
112.3047
112.3047
141.6016
141.6016
175.7812
175.7812
205.0781
205.0781
244.1406
244.1406
278.3203
278.3203
317.3828
317.3828
356.4453
356.4453
385.7422
385.7422
405.2734
405.2734
390.6250
390.6250
307.6172
307.6172
156.2500
0.0000
0.0000
0.0000
0.0000
0.0000
0.0000
0.0000
0.0000
0.0000
0.0000
0.0000
0.0000
0.0000
0.0000
0.0000
0.0000
0.0000
0.0000
0.0000
0.0000
0.0000
0.0000
0.0000
0.0000
0.0000
0.0000
0.0000
0.0000
0.0000
0.0000
0.0000
58.5937
58.5937
151.3672
151.3672
205.0781
205.0781
214.8437
214.8437
195.3125
161.1328
161.1328
161.1328
131.8359
131.8359
107.4219
107.4219
107.4219
107.4219
122.0703
122.0703
146.4844
146.4844
180.6641
180.6641
214.8437
214.8437
249.0234
249.0234
288.0859
288.0859
327.1484
327.1484
371.0937
405.2734
405.2734
405.2734
434.5703
434.5703
434.5703
385.7422
385.7422
278.3203
278.3203
278.3203
122.0703
0.0000
0.0000
0.0000
0.0000
0.0000
0.0000
0.0000
0.0000
0.0000
0.0000
0.0000
0.0000
0.0000
0.0000
0.0000
0.0000
0.0000
0.0000
0.0000
0.0000
0.0000
0.0000
0.0000
0.0000
0.0000
0.0000
0.0000
0.0000
0.0000
0.0000
136.7187
136.7187
278.3203
278.3203
361.3281
361.3281
385.7422
385.7422
366.2109
366.2109
322.2656
322.2656
278.3203
278.3203
239.2578
239.2578
224.6094
224.6094
224.6094
224.6094
239.2578
239.2578
258.7891
258.7891
283.2031
283.2031
317.3828
317.3828
351.5625
351.5625
395.5078
395.5078
439.4531
439.4531
488.2812
488.2812
517.5781
517.5781
527.3437
527.3437
502.9297
502.9297
419.9219
419.9219
268.5547
268.5547
68.3594
68.3594
0.0000
0.0000
0.0000
0.0000
0.0000
0.0000
0.0000
0.0000
0.0000
0.0000
0.0000
0.0000
0.0000
0.0000
0.0000
0.0000
0.0000
0.0000
0.0000
0.0000
0.0000
0.0000
0.0000
0.0000
0.0000
0.0000
0.0000
0.0000
43.9453
43.9453
146.4844
146.4844
214.8437
214.8437
229.4922
229.4922
219.7266
219.7266
190.4297
190.4297
161.1328
161.1328
146.4844
146.4844
141.6016
141.6016
151.3672
151.3672
175.7812
175.7812
209.9609
209.9609
244.1406
244.1406
278.3203
278.3203
312.5000
312.5000
346.6797
346.6797
390.6250
390.6250
429.6875
429.6875
458.9844
458.9844
463.8672
463.8672
410.1562
410.1562
302.7344
302.7344
146.4844
146.4844
0.0000
0.0000
0.0000
0.0000
0.0000
0.0000
0.0000
0.0000
0.0000
0.0000
0.0000
0.0000
0.0000
0.0000
0.0000
0.0000
0.0000
0.0000
0.0000
0.0000
0.0000
0.0000
0.0000
0.0000
0.0000
0.0000
0.0000
0.0000
0.0000
0.0000
48.8281
48.8281
205.0781
205.0781
312.5000
312.5000
351.5625
351.5625
341.7969
341.7969
302.7344
302.7344
249.0234
249.0234
209.9609
209.9609
180.6641
180.6641
180.6641
180.6641
200.1953
200.1953
234.3750
234.3750
273.4375
273.4375
312.5000
312.5000
346.6797
346.6797
375.9766
375.9766
405.2734
405.2734
439.4531
439.4531
473.6328
473.6328
512.6953
512.6953
541.9922
541.9922
532.2266
532.2266
454.1016
454.1016
297.8516
297.8516
92.7734
92.7734
0.0000
0.0000
0.0000
0.0000
0.0000
0.0000
0.0000
0.0000
0.0000
0.0000
0.0000
0.0000
0.0000
0.0000
0.0000
0.0000
0.0000
0.0000
0.0000
0.0000
0.0000
0.0000
0.0000
0.0000
0.0000
0.0000
0.0000
0.0000
73.2422
73.2422
200.1953
200.1953
278.3203
278.3203
307.6172
307.6172
292.9687
292.9687
258.7891
258.7891
224.6094
224.6094
195.3125
195.3125
185.5469
185.5469
195.3125
195.3125
214.8437
214.8437
249.0234
249.0234
292.9687
292.9687
332.0312
332.0312
375.9766
375.9766
415.0391
415.0391
449.2187
449.2187
478.5156
478.5156
493.1641
493.1641
483.3984
483.3984
419.9219
419.9219
302.7344
302.7344
131.8359
131.8359
0.0000
0.0000
0.0000
0.0000
0.0000
0.0000
0.0000
0.0000
0.0000
0.0000
0.0000
0.0000
0.0000
0.0000
0.0000
0.0000
0.0000
0.0000
0.0000
0.0000
0.0000
0.0000
0.0000
0.0000
0.0000
0.0000
0.0000
0.0000
83.0078
83.0078
253.9062
253.9062
366.2109
366.2109
415.0391
415.0391
410.1562
410.1562
366.2109
366.2109
317.3828
317.3828
273.4375
273.4375
249.0234
249.0234
258.7891
258.7891
283.2031
283.2031
312.5000
312.5000
351.5625
351.5625
380.8594
380.8594
419.9219
419.9219
454.1016
454.1016
488.2812
488.2812
527.3437
527.3437
561.5234
561.5234
571.2891
571.2891
532.2266
532.2266
429.6875
429.6875
258.7891
258.7891
48.8281
48.8281
0.0000
0.0000
0.0000
0.0000
0.0000
0.0000
0.0000
0.0000
0.0000
0.0000
0.0000
0.0000
0.0000
0.0000
0.0000
0.0000
0.0000
0.0000
0.0000
0.0000
0.0000
0.0000
0.0000
0.0000
0.0000
0.0000
0.0000
0.0000
73.2422
73.2422
185.5469
185.5469
244.1406
244.1406
258.7891
258.7891
239.2578
239.2578
195.3125
195.3125
161.1328
161.1328
131.8359
131.8359
131.8359
131.8359
151.3672
151.3672
175.7812
175.7812
209.9609
209.9609
244.1406
244.1406
288.0859
288.0859
332.0312
332.0312
375.9766
375.9766
419.9219
419.9219
458.9844
458.9844
468.7500
468.7500
439.4531
439.4531
356.4453
356.4453
214.8437
214.8437
24.4141
24.4141
0.0000
0.0000
0.0000
0.0000
0.0000
0.0000
0.0000
0.0000
0.0000
0.0000
0.0000
0.0000
0.0000
0.0000
0.0000
0.0000
0.0000
0.0000
0.0000
0.0000
0.0000
0.0000
0.0000
0.0000
0.0000
0.0000
0.0000
0.0000
24.4141
24.4141
170.8984
170.8984
268.5547
268.5547
307.6172
307.6172
297.8516
297.8516
258.7891
258.7891
214.8437
214.8437
175.7812
175.7812
151.3672
151.3672
151.3672
151.3672
166.0156
166.0156
195.3125
195.3125
239.2578
239.2578
283.2031
283.2031
327.1484
327.1484
366.2109
366.2109
405.2734
405.2734
449.2187
449.2187
478.5156
478.5156
488.2812
488.2812
463.8672
463.8672
380.8594
380.8594
234.3750
234.3750
29.2969
29.2969
0.0000
0.0000
0.0000
0.0000
0.0000
0.0000
0.0000
0.0000
0.0000
0.0000
0.0000
0.0000
0.0000
0.0000
0.0000
0.0000
0.0000
0.0000
0.0000
0.0000
0.0000
0.0000
0.0000
0.0000
0.0000
0.0000
0.0000
0.0000
0.0000
0.0000
0.0000
0.0000
39.0625
39.0625
53.7109
53.7109
34.1797
34.1797
9.7656
9.7656
0.0000
0.0000
0.0000
0.0000
0.0000
0.0000
0.0000
0.0000
4.8828
4.8828
39.0625
39.0625
73.2422
73.2422
117.1875
117.1875
161.1328
161.1328
209.9609
209.9609
258.7891
258.7891
297.8516
297.8516
332.0312
332.0312
346.6797
346.6797
322.2656
322.2656
244.1406
244.1406
107.4219
107.4219
0.0000
0.0000
0.0000
0.0000
0.0000
0.0000
0.0000
0.0000
0.0000
0.0000
0.0000
0.0000
0.0000
0.0000
0.0000
0.0000
0.0000
0.0000
0.0000
0.0000
0.0000
0.0000
0.0000
0.0000
0.0000
0.0000
0.0000
0.0000
0.0000
0.0000
19.5312
19.5312
141.6016
141.6016
224.6094
224.6094
249.0234
249.0234
229.4922
229.4922
180.6641
180.6641
136.7187
136.7187
107.4219
107.4219
97.6562
97.6562
107.4219
107.4219
136.7187
136.7187
170.8984
170.8984
214.8437
214.8437
253.9062
253.9062
292.9687
292.9687
327.1484
327.1484
366.2109
366.2109
400.3906
400.3906
429.6875
429.6875
449.2187
449.2187
444.3359
444.3359
395.5078
395.5078
283.2031
283.2031
112.3047
112.3047
0.0000
0.0000
0.0000
0.0000
0.0000
0.0000
0.0000
0.0000
0.0000
0.0000
0.0000
0.0000
0.0000
0.0000
0.0000
0.0000
0.0000
0.0000
0.0000
0.0000
0.0000
0.0000
0.0000
0.0000
0.0000
0.0000
117.1875
117.1875
312.5000
312.5000
468.7500
468.7500
556.6406
556.6406
576.1719
576.1719
541.9922
541.9922
493.1641
493.1641
434.5703
434.5703
390.6250
390.6250
371.0937
371.0937
366.2109
366.2109
390.6250
390.6250
429.6875
429.6875
468.7500
468.7500
512.6953
512.6953
556.6406
556.6406
595.7031
595.7031
629.8828
629.8828
649.4141
649.4141
639.6484
639.6484
585.9375
585.9375
458.9844
458.9844
273.4375
273.4375
58.5937
58.5937
0.0000
0.0000
0.0000
0.0000
0.0000
0.0000
0.0000
0.0000
0.0000
0.0000
0.0000
0.0000
0.0000
0.0000
0.0000
0.0000
0.0000
0.0000
0.0000
0.0000
0.0000
0.0000
0.0000
0.0000
0.0000
0.0000
0.0000
0.0000
9.7656
9.7656
156.2500
156.2500
239.2578
239.2578
258.7891
258.7891
224.6094
224.6094
175.7812
175.7812
131.8359
131.8359
97.6562
97.6562
92.7734
92.7734
102.5391
102.5391
126.9531
126.9531
161.1328
161.1328
190.4297
190.4297
229.4922
229.4922
268.5547
268.5547
312.5000
312.5000
351.5625
351.5625
390.6250
390.6250
429.6875
429.6875
449.2187
449.2187
439.4531
439.4531
371.0937
371.0937
239.2578
239.2578
48.8281
48.8281
0.0000
0.0000
0.0000
0.0000
0.0000
0.0000
0.0000
0.0000
0.0000
0.0000
0.0000
0.0000
0.0000
0.0000
0.0000
0.0000
0.0000
0.0000
0.0000
0.0000
0.0000
0.0000
0.0000
0.0000
0.0000
0.0000
0.0000
0.0000
0.0000
43.9453
43.9453
126.9531
126.9531
156.2500
156.2500
156.2500
141.6016
141.6016
107.4219
107.4219
68.3594
68.3594
43.9453
43.9453
34.1797
39.0625
39.0625
63.4766
63.4766
87.8906
87.8906
122.0703
122.0703
122.0703
156.2500
156.2500
200.1953
200.1953
244.1406
244.1406
292.9687
292.9687
336.9141
380.8594
380.8594
410.1562
410.1562
400.3906
400.3906
332.0312
332.0312
205.0781
205.0781
205.0781
24.4141
24.4141
0.0000
0.0000
0.0000
0.0000
0.0000
0.0000
0.0000
0.0000
0.0000
0.0000
0.0000
0.0000
0.0000
0.0000
0.0000
0.0000
0.0000
0.0000
0.0000
0.0000
0.0000
0.0000
0.0000
0.0000
0.0000
0.0000
0.0000
0.0000
0.0000
73.2422
73.2422
195.3125
195.3125
258.7891
258.7891
273.4375
273.4375
249.0234
249.0234
205.0781
205.0781
166.0156
166.0156
136.7187
136.7187
126.9531
126.9531
136.7187
136.7187
161.1328
161.1328
200.1953
200.1953
244.1406
244.1406
292.9687
292.9687
332.0312
332.0312
366.2109
366.2109
400.3906
400.3906
434.5703
434.5703
458.9844
458.9844
458.9844
458.9844
415.0391
415.0391
312.5000
312.5000
151.3672
151.3672
0.0000
0.0000
0.0000
0.0000
0.0000
0.0000
0.0000
0.0000
0.0000
0.0000
0.0000
0.0000
0.0000
0.0000
0.0000
0.0000
0.0000
0.0000
0.0000
0.0000
0.0000
0.0000
0.0000
0.0000
0.0000
0.0000
0.0000
0.0000
14.6484
14.6484
170.8984
170.8984
297.8516
297.8516
371.0937
371.0937
385.7422
385.7422
356.4453
356.4453
307.6172
307.6172
268.5547
268.5547
239.2578
239.2578
224.6094
224.6094
229.4922
229.4922
253.9062
253.9062
288.0859
288.0859
332.0312
332.0312
371.0937
371.0937
415.0391
415.0391
458.9844
458.9844
498.0469
498.0469
527.3437
527.3437
537.1094
537.1094
502.9297
502.9297
410.1562
410.1562
263.6719
263.6719
78.1250
78.1250
0.0000
0.0000
0.0000
0.0000
0.0000
0.0000
0.0000
0.0000
0.0000
0.0000
0.0000
0.0000
0.0000
0.0000
0.0000
0.0000
0.0000
0.0000
0.0000
0.0000
0.0000
0.0000
0.0000
0.0000
0.0000
0.0000
0.0000
0.0000
0.0000
0.0000
48.8281
48.8281
175.7812
175.7812
234.3750
234.3750
239.2578
239.2578
195.3125
195.3125
146.4844
146.4844
102.5391
102.5391
73.2422
73.2422
68.3594
68.3594
83.0078
83.0078
112.3047
112.3047
151.3672
151.3672
195.3125
195.3125
234.3750
234.3750
278.3203
278.3203
317.3828
317.3828
356.4453
356.4453
390.6250
390.6250
419.9219
419.9219
429.6875
429.6875
395.5078
395.5078
297.8516
297.8516
141.6016
141.6016
0.0000
0.0000
0.0000
0.0000
0.0000
0.0000
0.0000
0.0000
0.0000
0.0000
0.0000
0.0000
0.0000
0.0000
0.0000
0.0000
0.0000
0.0000
0.0000
0.0000
0.0000
0.0000
0.0000
0.0000
0.0000
0.0000
0.0000
0.0000
0.0000
0.0000
141.6016
141.6016
258.7891
258.7891
322.2656
322.2656
332.0312
332.0312
302.7344
302.7344
258.7891
258.7891
214.8437
214.8437
190.4297
190.4297
185.5469
185.5469
200.1953
200.1953
229.4922
229.4922
263.6719
263.6719
302.7344
302.7344
346.6797
346.6797
385.7422
385.7422
429.6875
429.6875
473.6328
473.6328
512.6953
512.6953
522.4609
522.4609
493.1641
493.1641
400.3906
400.3906
249.0234
249.0234
58.5937
58.5937
0.0000
0.0000
0.0000
0.0000
0.0000
0.0000
0.0000
0.0000
0.0000
0.0000
0.0000
0.0000
0.0000
0.0000
0.0000
0.0000
0.0000
0.0000
0.0000
0.0000
0.0000
0.0000
0.0000
0.0000
0.0000
0.0000
0.0000
0.0000
0.0000
0.0000
107.4219
107.4219
200.1953
200.1953
244.1406
244.1406
234.3750
234.3750
195.3125
195.3125
151.3672
151.3672
112.3047
112.3047
97.6562
97.6562
92.7734
92.7734
107.4219
107.4219
131.8359
131.8359
161.1328
161.1328
205.0781
205.0781
249.0234
249.0234
297.8516
297.8516
341.7969
341.7969
390.6250
390.6250
429.6875
429.6875
458.9844
458.9844
454.1016
454.1016
400.3906
400.3906
273.4375
273.4375
87.8906
87.8906
0.0000
0.0000
0.0000
0.0000
0.0000
0.0000
0.0000
0.0000
0.0000
0.0000
0.0000
0.0000
0.0000
0.0000
0.0000
0.0000
0.0000
0.0000
0.0000
0.0000
0.0000
0.0000
0.0000
0.0000
0.0000
0.0000
0.0000
0.0000
0.0000
0.0000
78.1250
78.1250
141.6016
141.6016
166.0156
166.0156
156.2500
156.2500
136.7187
136.7187
107.4219
107.4219
87.8906
87.8906
83.0078
83.0078
87.8906
87.8906
102.5391
102.5391
131.8359
131.8359
161.1328
161.1328
205.0781
205.0781
253.9062
253.9062
302.7344
302.7344
346.6797
346.6797
385.7422
385.7422
415.0391
415.0391
419.9219
419.9219
371.0937
371.0937
268.5547
268.5547
122.0703
122.0703
0.0000
0.0000
0.0000
0.0000
0.0000
0.0000
0.0000
0.0000
0.0000
0.0000
0.0000
0.0000
0.0000
0.0000
0.0000
0.0000
0.0000
0.0000
0.0000
0.0000
0.0000
0.0000
0.0000
0.0000
0.0000
0.0000
0.0000
0.0000
0.0000
0.0000
24.4141
24.4141
151.3672
151.3672
234.3750
234.3750
258.7891
258.7891
244.1406
244.1406
200.1953
200.1953
156.2500
156.2500
122.0703
122.0703
107.4219
107.4219
107.4219
107.4219
126.9531
126.9531
166.0156
166.0156
209.9609
209.9609
258.7891
258.7891
297.8516
297.8516
336.9141
336.9141
375.9766
375.9766
410.1562
410.1562
444.3359
444.3359
463.8672
463.8672
449.2187
449.2187
390.6250
390.6250
278.3203
278.3203
117.1875
117.1875
0.0000
0.0000
0.0000
0.0000
0.0000
0.0000
0.0000
0.0000
0.0000
0.0000
0.0000
0.0000
0.0000
0.0000
0.0000
0.0000
0.0000
0.0000
0.0000
0.0000
0.0000
0.0000
0.0000
0.0000
0.0000
0.0000
29.2969
29.2969
185.5469
185.5469
327.1484
327.1484
419.9219
419.9219
454.1016
454.1016
439.4531
439.4531
395.5078
395.5078
341.7969
341.7969
307.6172
307.6172
288.0859
288.0859
292.9687
292.9687
312.5000
312.5000
346.6797
346.6797
380.8594
380.8594
419.9219
419.9219
458.9844
458.9844
493.1641
493.1641
532.2266
532.2266
566.4062
566.4062
590.8203
590.8203
590.8203
590.8203
537.1094
537.1094
419.9219
419.9219
249.0234
249.0234
48.8281
48.8281
0.0000
0.0000
0.0000
0.0000
0.0000
0.0000
0.0000
0.0000
0.0000
0.0000
0.0000
0.0000
0.0000
0.0000
0.0000
0.0000
0.0000
0.0000
0.0000
0.0000
0.0000
0.0000
0.0000
0.0000
0.0000
0.0000
205.0781
205.0781
400.3906
400.3906
541.9922
541.9922
600.5859
600.5859
585.9375
585.9375
527.3437
527.3437
458.9844
458.9844
405.2734
405.2734
371.0937
371.0937
361.3281
361.3281
371.0937
371.0937
390.6250
390.6250
415.0391
415.0391
444.3359
444.3359
478.5156
478.5156
522.4609
522.4609
571.2891
571.2891
615.2344
615.2344
654.2969
654.2969
673.8281
673.8281
659.1797
659.1797
590.8203
590.8203
449.2187
449.2187
239.2578
239.2578
0.0000
0.0000
0.0000
0.0000
0.0000
0.0000
0.0000
0.0000
0.0000
0.0000
0.0000
0.0000
0.0000
0.0000
0.0000
0.0000
0.0000
0.0000
0.0000
0.0000
0.0000
0.0000
0.0000
0.0000
0.0000
0.0000
0.0000
0.0000
24.4141
24.4141
180.6641
180.6641
278.3203
278.3203
317.3828
317.3828
307.6172
307.6172
268.5547
268.5547
219.7266
219.7266
180.6641
180.6641
156.2500
156.2500
156.2500
156.2500
175.7812
175.7812
205.0781
205.0781
244.1406
244.1406
278.3203
278.3203
312.5000
312.5000
341.7969
341.7969
375.9766
375.9766
410.1562
410.1562
449.2187
449.2187
473.6328
473.6328
463.8672
463.8672
380.8594
380.8594
224.6094
224.6094
24.4141
24.4141
0.0000
0.0000
0.0000
0.0000
0.0000
0.0000
0.0000
0.0000
0.0000
0.0000
0.0000
0.0000
0.0000
0.0000
0.0000
0.0000
0.0000
0.0000
0.0000
0.0000
0.0000
0.0000
0.0000
0.0000
0.0000
0.0000
0.0000
0.0000
0.0000
0.0000
0.0000
0.0000
34.1797
34.1797
87.8906
87.8906
97.6562
97.6562
73.2422
73.2422
34.1797
34.1797
0.0000
0.0000
0.0000
0.0000
0.0000
0.0000
0.0000
0.0000
14.6484
14.6484
48.8281
48.8281
87.8906
87.8906
122.0703
122.0703
161.1328
161.1328
195.3125
195.3125
234.3750
234.3750
278.3203
278.3203
317.3828
317.3828
336.9141
336.9141
322.2656
322.2656
263.6719
263.6719
146.4844
146.4844
0.0000
0.0000
0.0000
0.0000
0.0000
0.0000
0.0000
0.0000
0.0000
0.0000
0.0000
0.0000
0.0000
0.0000
0.0000
0.0000
0.0000
0.0000
0.0000
0.0000
0.0000
0.0000
0.0000
0.0000
0.0000
0.0000
0.0000
0.0000
0.0000
0.0000
161.1328
161.1328
297.8516
297.8516
375.9766
375.9766
405.2734
405.2734
385.7422
385.7422
341.7969
341.7969
297.8516
297.8516
263.6719
263.6719
244.1406
244.1406
244.1406
244.1406
258.7891
258.7891
292.9687
292.9687
341.7969
341.7969
390.6250
390.6250
439.4531
439.4531
478.5156
478.5156
507.8125
507.8125
522.4609
522.4609
512.6953
512.6953
458.9844
458.9844
356.4453
200.1953
200.1953
9.7656
9.7656
0.0000
0.0000
0.0000
0.0000
0.0000
0.0000
0.0000
0.0000
0.0000
0.0000
0.0000
0.0000
0.0000
0.0000
0.0000
0.0000
0.0000
0.0000
0.0000
0.0000
0.0000
0.0000
0.0000
0.0000
0.0000
0.0000
0.0000
0.0000
0.0000
92.7734
92.7734
249.0234
249.0234
346.6797
346.6797
385.7422
366.2109
366.2109
317.3828
317.3828
258.7891
258.7891
214.8437
214.8437
190.4297
190.4297
190.4297
195.3125
219.7266
219.7266
253.9062
253.9062
297.8516
297.8516
341.7969
341.7969
375.9766
375.9766
419.9219
419.9219
458.9844
458.9844
502.9297
502.9297
541.9922
541.9922
571.2891
571.2891
571.2891
571.2891
522.4609
522.4609
390.6250
390.6250
185.5469
185.5469
0.0000
0.0000
0.0000
0.0000
0.0000
0.0000
0.0000
0.0000
0.0000
0.0000
0.0000
0.0000
0.0000
0.0000
0.0000
0.0000
0.0000
0.0000
0.0000
0.0000
0.0000
0.0000
0.0000
0.0000
0.0000
0.0000
0.0000
0.0000
0.0000
0.0000
0.0000
0.0000
53.7109
53.7109
92.7734
92.7734
97.6562
97.6562
78.1250
78.1250
43.9453
43.9453
14.6484
14.6484
4.8828
4.8828
19.5312
19.5312
43.9453
43.9453
78.1250
78.1250
122.0703
122.0703
156.2500
156.2500
185.5469
185.5469
224.6094
