1069.3359
1069.3359
1206.0547
1206.0547
1269.5312
1269.5312
1303.7109
1303.7109
1411.1328
1411.1328
1499.0234
1499.0234
1591.7969
1743.1641
1743.1641
1743.1641
1821.2891
1723.6328
1723.6328
1494.1406
1494.1406
1152.3437
1152.3437
673.8281
673.8281
195.3125
195.3125
0.0000
0.0000
0.0000
0.0000
0.0000
0.0000
0.0000
0.0000
0.0000
0.0000
0.0000
0.0000
0.0000
0.0000
0.0000
0.0000
0.0000
0.0000
0.0000
0.0000
0.0000
0.0000
0.0000
0.0000
0.0000
0.0000
0.0000
0.0000
0.0000
0.0000
0.0000
0.0000
0.0000
0.0000
0.0000
0.0000
0.0000
0.0000
0.0000
0.0000
0.0000
0.0000
0.0000
0.0000
0.0000
0.0000
0.0000
0.0000
58.5937
58.5937
126.9531
126.9531
219.7266
219.7266
322.2656
322.2656
371.0937
371.0937
405.2734
405.2734
488.2812
488.2812
498.0469
498.0469
483.3984
483.3984
576.1719
576.1719
639.6484
639.6484
668.9453
668.9453
747.0703
747.0703
815.4297
815.4297
844.7266
844.7266
888.6719
888.6719
991.2109
991.2109
1025.3906
1025.3906
1035.1562
1035.1562
1118.1641
1118.1641
1162.1094
1162.1094
1186.5234
1186.5234
1274.4141
1274.4141
1391.6016
1391.6016
1503.9062
1503.9062
1679.6875
1679.6875
1865.2344
1865.2344
1894.5312
1894.5312
1752.9297
1752.9297
1523.4375
1523.4375
1142.5781
1142.5781
712.8906
712.8906
375.9766
375.9766
43.9453
43.9453
0.0000
0.0000
0.0000
0.0000
0.0000
0.0000
0.0000
0.0000
0.0000
0.0000
0.0000
0.0000
0.0000
0.0000
0.0000
0.0000
0.0000
0.0000
0.0000
0.0000
0.0000
0.0000
0.0000
0.0000
0.0000
0.0000
0.0000
0.0000
0.0000
0.0000
0.0000
0.0000
0.0000
0.0000
0.0000
0.0000
0.0000
0.0000
0.0000
0.0000
0.0000
0.0000
0.0000
0.0000
0.0000
0.0000
0.0000
0.0000
0.0000
0.0000
0.0000
0.0000
14.6484
14.6484
87.8906
87.8906
244.1406
244.1406
356.4453
356.4453
419.9219
419.9219
517.5781
517.5781
590.8203
590.8203
605.4687
605.4687
625.0000
625.0000
688.4766
688.4766
712.8906
712.8906
727.5391
727.5391
820.3125
820.3125
869.1406
869.1406
898.4375
898.4375
1010.7422
1010.7422
1113.2812
1113.2812
1171.8750
1171.8750
1230.4687
1230.4687
1313.4766
1313.4766
1342.7734
1342.7734
1381.8359
1381.8359
1523.4375
1523.4375
1660.1562
1660.1562
1762.6953
1762.6953
1845.7031
1845.7031
1767.5781
1767.5781
1484.3750
1484.3750
1069.3359
1069.3359
571.2891
571.2891
34.1797
34.1797
0.0000
0.0000
0.0000
0.0000
0.0000
0.0000
0.0000
0.0000
0.0000
0.0000
0.0000
0.0000
0.0000
0.0000
0.0000
0.0000
0.0000
0.0000
0.0000
0.0000
0.0000
0.0000
0.0000
0.0000
0.0000
0.0000
0.0000
0.0000
0.0000
0.0000
0.0000
0.0000
0.0000
0.0000
0.0000
0.0000
0.0000
0.0000
0.0000
0.0000
0.0000
0.0000
0.0000
0.0000
0.0000
0.0000
0.0000
0.0000
0.0000
0.0000
107.4219
107.4219
195.3125
195.3125
322.2656
322.2656
419.9219
419.9219
449.2187
449.2187
483.3984
483.3984
541.9922
541.9922
546.8750
546.8750
566.4062
566.4062
673.8281
673.8281
727.5391
727.5391
737.3047
737.3047
810.5469
810.5469
878.9062
878.9062
917.9687
917.9687
996.0937
996.0937
1088.8672
1088.8672
1127.9297
1127.9297
1162.1094
1162.1094
1254.8828
1254.8828
1303.7109
1303.7109
1328.1250
1328.1250
1440.4297
1440.4297
1562.5000
1562.5000
1674.8047
1674.8047
1806.6406
1806.6406
1875.0000
1875.0000
1752.9297
1752.9297
1523.4375
1523.4375
1254.8828
1254.8828
874.0234
874.0234
434.5703
434.5703
78.1250
78.1250
0.0000
0.0000
0.0000
0.0000
0.0000
0.0000
0.0000
0.0000
0.0000
0.0000
0.0000
0.0000
0.0000
0.0000
0.0000
0.0000
0.0000
0.0000
0.0000
0.0000
0.0000
0.0000
0.0000
0.0000
0.0000
0.0000
0.0000
0.0000
0.0000
0.0000
0.0000
0.0000
0.0000
0.0000
0.0000
0.0000
0.0000
0.0000
0.0000
0.0000
0.0000
0.0000
0.0000
0.0000
0.0000
0.0000
0.0000
0.0000
0.0000
0.0000
0.0000
0.0000
0.0000
0.0000
0.0000
0.0000
58.5937
58.5937
190.4297
190.4297
283.2031
283.2031
327.1484
327.1484
415.0391
415.0391
449.2187
449.2187
429.6875
429.6875
458.9844
458.9844
522.4609
522.4609
546.8750
546.8750
585.9375
585.9375
673.8281
673.8281
737.3047
737.3047
805.6641
805.6641
952.1484
952.1484
1059.5703
1059.5703
1103.5156
1103.5156
1186.5234
1186.5234
1269.5312
1269.5312
1342.7734
1342.7734
1469.7266
1469.7266
1679.6875
1679.6875
1816.4062
1816.4062
1831.0547
1831.0547
1752.9297
1752.9297
1469.7266
1469.7266
1025.3906
1025.3906
615.2344
615.2344
239.2578
239.2578
0.0000
0.0000
0.0000
0.0000
0.0000
0.0000
0.0000
0.0000
0.0000
0.0000
0.0000
0.0000
0.0000
0.0000
0.0000
0.0000
0.0000
0.0000
0.0000
0.0000
0.0000
0.0000
0.0000
0.0000
0.0000
0.0000
0.0000
0.0000
0.0000
0.0000
0.0000
0.0000
0.0000
0.0000
0.0000
0.0000
0.0000
0.0000
0.0000
0.0000
0.0000
0.0000
0.0000
0.0000
0.0000
0.0000
0.0000
0.0000
0.0000
0.0000
83.0078
83.0078
170.8984
170.8984
234.3750
234.3750
366.2109
366.2109
449.2187
449.2187
473.6328
473.6328
541.9922
541.9922
600.5859
600.5859
605.4687
605.4687
644.5312
644.5312
727.5391
727.5391
751.9531
751.9531
786.1328
786.1328
908.2031
908.2031
1000.9766
1000.9766
1059.5703
1059.5703
1157.2266
1157.2266
1235.3516
1235.3516
1259.7656
1259.7656
1308.5937
1308.5937
1386.7187
1386.7187
1425.7812
1425.7812
1499.0234
1499.0234
1704.1016
1704.1016
1845.7031
1845.7031
1884.7656
1884.7656
1865.2344
1865.2344
1708.9844
1708.9844
1406.2500
1406.2500
1098.6328
1098.6328
810.5469
810.5469
444.3359
444.3359
43.9453
43.9453
0.0000
0.0000
0.0000
0.0000
0.0000
0.0000
0.0000
0.0000
0.0000
0.0000
0.0000
0.0000
0.0000
0.0000
0.0000
0.0000
0.0000
0.0000
0.0000
0.0000
0.0000
0.0000
0.0000
0.0000
0.0000
0.0000
0.0000
0.0000
0.0000
0.0000
0.0000
0.0000
0.0000
0.0000
0.0000
0.0000
0.0000
0.0000
0.0000
0.0000
0.0000
0.0000
0.0000
0.0000
0.0000
0.0000
0.0000
0.0000
0.0000
0.0000
0.0000
0.0000
107.4219
107.4219
234.3750
234.3750
322.2656
322.2656
419.9219
419.9219
546.8750
546.8750
595.7031
595.7031
605.4687
605.4687
668.9453
668.9453
668.9453
668.9453
649.4141
649.4141
698.2422
698.2422
737.3047
737.3047
751.9531
751.9531
805.6641
805.6641
903.3203
903.3203
971.6797
971.6797
1054.6875
1054.6875
1196.2891
1196.2891
1274.4141
1274.4141
1313.4766
1313.4766
1430.6641
1430.6641
1562.5000
1562.5000
1708.9844
1708.9844
1909.1797
1909.1797
2045.8984
2045.8984
1972.6562
1972.6562
1689.4531
1689.4531
1245.1172
1245.1172
610.3516
610.3516
0.0000
0.0000
0.0000
0.0000
0.0000
0.0000
0.0000
0.0000
0.0000
0.0000
0.0000
0.0000
0.0000
0.0000
0.0000
0.0000
0.0000
0.0000
0.0000
0.0000
0.0000
0.0000
0.0000
0.0000
0.0000
0.0000
0.0000
0.0000
0.0000
0.0000
0.0000
0.0000
0.0000
0.0000
0.0000
0.0000
0.0000
0.0000
0.0000
0.0000
0.0000
0.0000
0.0000
0.0000
0.0000
0.0000
0.0000
0.0000
0.0000
0.0000
68.3594
68.3594
166.0156
166.0156
253.9062
253.9062
351.5625
351.5625
385.7422
385.7422
405.2734
405.2734
493.1641
493.1641
517.5781
517.5781
498.0469
498.0469
551.7578
551.7578
585.9375
585.9375
595.7031
595.7031
664.0625
664.0625
761.7187
761.7187
805.6641
805.6641
864.2578
864.2578
981.4453
981.4453
1044.9219
1044.9219
1079.1016
1079.1016
1176.7578
1176.7578
1235.3516
1235.3516
1254.8828
1254.8828
1342.7734
1342.7734
1474.6094
1474.6094
1596.6797
1596.6797
1748.0469
1748.0469
1894.5312
1894.5312
1865.2344
1865.2344
1674.8047
1674.8047
1435.5469
1435.5469
1069.3359
1069.3359
644.5312
644.5312
297.8516
297.8516
0.0000
0.0000
0.0000
0.0000
0.0000
0.0000
0.0000
0.0000
0.0000
0.0000
0.0000
0.0000
0.0000
0.0000
0.0000
0.0000
0.0000
0.0000
0.0000
0.0000
0.0000
0.0000
0.0000
0.0000
0.0000
0.0000
0.0000
0.0000
0.0000
0.0000
0.0000
0.0000
0.0000
0.0000
0.0000
0.0000
0.0000
0.0000
0.0000
0.0000
0.0000
0.0000
0.0000
0.0000
0.0000
0.0000
0.0000
0.0000
0.0000
0.0000
0.0000
0.0000
0.0000
0.0000
4.8828
4.8828
73.2422
224.6094
224.6094
341.7969
341.7969
395.5078
395.5078
395.5078
473.6328
473.6328
532.2266
532.2266
522.4609
522.4609
532.2266
532.2266
595.7031
595.7031
620.1172
620.1172
634.7656
634.7656
727.5391
727.5391
771.4844
786.1328
786.1328
786.1328
888.6719
888.6719
996.0937
996.0937
1064.4531
1064.4531
1152.3437
1152.3437
1274.4141
1274.4141
1323.2422
1323.2422
1362.3047
1362.3047
1508.7891
1508.7891
1669.9219
1821.2891
1821.2891
1821.2891
1987.3047
1987.3047
2001.9531
2001.9531
1811.5234
1811.5234
1450.1953
1450.1953
957.0312
957.0312
375.9766
375.9766
0.0000
0.0000
0.0000
0.0000
0.0000
0.0000
0.0000
0.0000
0.0000
0.0000
0.0000
0.0000
0.0000
0.0000
0.0000
0.0000
0.0000
0.0000
0.0000
0.0000
0.0000
0.0000
0.0000
0.0000
0.0000
0.0000
0.0000
0.0000
0.0000
0.0000
0.0000
0.0000
0.0000
0.0000
0.0000
0.0000
0.0000
0.0000
0.0000
0.0000
0.0000
0.0000
0.0000
0.0000
0.0000
0.0000
0.0000
0.0000
0.0000
107.4219
107.4219
185.5469
185.5469
288.0859
288.0859
366.2109
366.2109
385.7422
385.7422
419.9219
419.9219
473.6328
473.6328
483.3984
483.3984
468.7500
468.7500
551.7578
551.7578
605.4687
605.4687
639.6484
639.6484
737.3047
737.3047
810.5469
810.5469
859.3750
859.3750
952.1484
952.1484
1064.4531
1064.4531
1118.1641
1118.1641
1152.3437
1152.3437
1250.0000
1250.0000
1289.0625
1289.0625
1318.3594
1318.3594
1435.5469
1435.5469
1572.2656
1572.2656
1665.0391
1665.0391
1728.5156
1728.5156
1699.2187
1699.2187
1474.6094
1474.6094
1162.1094
1162.1094
878.9062
878.9062
541.9922
541.9922
200.1953
200.1953
0.0000
0.0000
0.0000
0.0000
0.0000
0.0000
0.0000
0.0000
0.0000
0.0000
0.0000
0.0000
0.0000
0.0000
0.0000
0.0000
0.0000
0.0000
0.0000
0.0000
0.0000
0.0000
0.0000
0.0000
0.0000
0.0000
0.0000
0.0000
0.0000
0.0000
0.0000
0.0000
0.0000
0.0000
0.0000
0.0000
0.0000
0.0000
0.0000
0.0000
0.0000
0.0000
0.0000
0.0000
0.0000
0.0000
0.0000
0.0000
0.0000
0.0000
0.0000
0.0000
0.0000
0.0000
0.0000
0.0000
29.2969
29.2969
107.4219
107.4219
249.0234
249.0234
322.2656
322.2656
356.4453
356.4453
449.2187
449.2187
478.5156
478.5156
454.1016
454.1016
488.2812
488.2812
561.5234
561.5234
595.7031
595.7031
644.5312
644.5312
756.8359
756.8359
800.7812
800.7812
834.9609
834.9609
971.6797
971.6797
1083.9844
1083.9844
1147.4609
1147.4609
1245.1172
1245.1172
1337.8906
1337.8906
1391.6016
1391.6016
1508.7891
1508.7891
1728.5156
1728.5156
1889.6484
1889.6484
1948.2422
1948.2422
1923.8281
1923.8281
1679.6875
1679.6875
1215.8203
1215.8203
712.8906
712.8906
224.6094
224.6094
0.0000
0.0000
0.0000
0.0000
0.0000
0.0000
0.0000
0.0000
0.0000
0.0000
0.0000
0.0000
0.0000
0.0000
0.0000
0.0000
0.0000
0.0000
0.0000
0.0000
0.0000
0.0000
0.0000
0.0000
0.0000
0.0000
0.0000
0.0000
0.0000
0.0000
0.0000
0.0000
0.0000
0.0000
0.0000
0.0000
0.0000
0.0000
0.0000
0.0000
0.0000
0.0000
0.0000
0.0000
0.0000
0.0000
0.0000
0.0000
0.0000
0.0000
170.8984
170.8984
288.0859
288.0859
351.5625
351.5625
468.7500
468.7500
507.8125
507.8125
488.2812
488.2812
517.5781
517.5781
551.7578
551.7578
527.3437
527.3437
522.4609
522.4609
595.7031
595.7031
634.7656
634.7656
659.1797
659.1797
761.7187
761.7187
815.4297
815.4297
834.9609
834.9609
908.2031
908.2031
976.5625
976.5625
996.0937
996.0937
1035.1562
1035.1562
1127.9297
1127.9297
1171.8750
1171.8750
1245.1172
1245.1172
1445.3125
1445.3125
1596.6797
1596.6797
1640.6250
1640.6250
1621.0937
1621.0937
1469.7266
1469.7266
1176.7578
1176.7578
883.7891
883.7891
625.0000
625.0000
302.7344
302.7344
0.0000
0.0000
0.0000
0.0000
0.0000
0.0000
0.0000
0.0000
0.0000
0.0000
0.0000
0.0000
0.0000
0.0000
0.0000
0.0000
0.0000
0.0000
0.0000
0.0000
0.0000
0.0000
0.0000
0.0000
0.0000
0.0000
0.0000
0.0000
0.0000
0.0000
0.0000
0.0000
0.0000
0.0000
0.0000
0.0000
0.0000
0.0000
0.0000
0.0000
0.0000
0.0000
0.0000
0.0000
0.0000
0.0000
0.0000
0.0000
0.0000
0.0000
0.0000
0.0000
0.0000
0.0000
0.0000
0.0000
122.0703
122.0703
219.7266
219.7266
322.2656
322.2656
468.7500
468.7500
532.2266
532.2266
546.8750
546.8750
610.3516
610.3516
634.7656
634.7656
625.0000
625.0000
673.8281
673.8281
727.5391
727.5391
737.3047
737.3047
751.9531
751.9531
810.5469
810.5469
854.4922
854.4922
917.9687
917.9687
1069.3359
1069.3359
1176.7578
1176.7578
1235.3516
1235.3516
1342.7734
1342.7734
1459.9609
1459.9609
1582.0312
1582.0312
1762.6953
1762.6953
1938.4766
1938.4766
1953.1250
1953.1250
1801.7578
1801.7578
1528.3203
1528.3203
1064.4531
1064.4531
502.9297
502.9297
53.7109
53.7109
0.0000
0.0000
0.0000
0.0000
0.0000
0.0000
0.0000
0.0000
0.0000
0.0000
0.0000
0.0000
0.0000
0.0000
0.0000
0.0000
0.0000
0.0000
0.0000
0.0000
0.0000
0.0000
0.0000
0.0000
0.0000
0.0000
0.0000
0.0000
0.0000
0.0000
0.0000
0.0000
0.0000
0.0000
0.0000
0.0000
0.0000
0.0000
0.0000
0.0000
0.0000
0.0000
0.0000
0.0000
0.0000
0.0000
0.0000
0.0000
0.0000
0.0000
34.1797
34.1797
170.8984
170.8984
234.3750
234.3750
258.7891
258.7891
341.7969
341.7969
375.9766
375.9766
371.0937
371.0937
419.9219
419.9219
463.8672
463.8672
468.7500
468.7500
532.2266
532.2266
634.7656
634.7656
654.2969
654.2969
664.0625
664.0625
747.0703
747.0703
795.8984
795.8984
825.1953
825.1953
908.2031
908.2031
971.6797
971.6797
1000.9766
1000.9766
1074.2187
1074.2187
1215.8203
1215.8203
1367.1875
1367.1875
1562.5000
1562.5000
1777.3437
1777.3437
1845.7031
1845.7031
1723.6328
1723.6328
1528.3203
1528.3203
1191.4062
1191.4062
737.3047
737.3047
307.6172
307.6172
0.0000
0.0000
0.0000
0.0000
0.0000
0.0000
0.0000
0.0000
0.0000
0.0000
0.0000
0.0000
0.0000
0.0000
0.0000
0.0000
0.0000
0.0000
0.0000
0.0000
0.0000
0.0000
0.0000
0.0000
0.0000
0.0000
0.0000
0.0000
0.0000
0.0000
0.0000
0.0000
0.0000
0.0000
0.0000
0.0000
0.0000
0.0000
0.0000
0.0000
0.0000
0.0000
0.0000
0.0000
0.0000
0.0000
0.0000
0.0000
0.0000
0.0000
0.0000
0.0000
83.0078
83.0078
185.5469
185.5469
263.6719
263.6719
415.0391
415.0391
522.4609
522.4609
556.6406
556.6406
600.5859
600.5859
649.4141
649.4141
634.7656
634.7656
605.4687
605.4687
639.6484
639.6484
629.8828
629.8828
605.4687
605.4687
678.7109
678.7109
732.4219
732.4219
742.1875
742.1875
815.4297
815.4297
908.2031
908.2031
966.7969
966.7969
1044.9219
1044.9219
1166.9922
1166.9922
1235.3516
1235.3516
1318.3594
1318.3594
1542.9687
1542.9687
1757.8125
1757.8125
1884.7656
1884.7656
1914.0625
1914.0625
1762.6953
1762.6953
1376.9531
1376.9531
898.4375
898.4375
434.5703
434.5703
0.0000
0.0000
0.0000
0.0000
0.0000
0.0000
0.0000
0.0000
0.0000
0.0000
0.0000
0.0000
0.0000
0.0000
0.0000
0.0000
0.0000
0.0000
0.0000
0.0000
0.0000
0.0000
0.0000
0.0000
0.0000
0.0000
0.0000
0.0000
0.0000
0.0000
0.0000
0.0000
0.0000
0.0000
0.0000
0.0000
0.0000
0.0000
0.0000
0.0000
0.0000
0.0000
0.0000
0.0000
0.0000
0.0000
14.6484
14.6484
83.0078
83.0078
205.0781
205.0781
297.8516
297.8516
341.7969
341.7969
400.3906
400.3906
444.3359
444.3359
415.0391
415.0391
385.7422
385.7422
419.9219
419.9219
415.0391
415.0391
395.5078
395.5078
483.3984
483.3984
532.2266
532.2266
551.7578
551.7578
634.7656
634.7656
732.4219
732.4219
786.1328
786.1328
874.0234
874.0234
1015.6250
1015.6250
1083.9844
1083.9844
1118.1641
1118.1641
1201.1719
1201.1719
1225.5859
1225.5859
1259.7656
1259.7656
1411.1328
1411.1328
1596.6797
1596.6797
1694.3359
1694.3359
1713.8672
1713.8672
1640.6250
1640.6250
1406.2500
1406.2500
1103.5156
1103.5156
859.3750
859.3750
566.4062
566.4062
253.9062
253.9062
0.0000
0.0000
0.0000
0.0000
0.0000
0.0000
0.0000
0.0000
0.0000
0.0000
0.0000
0.0000
0.0000
0.0000
0.0000
0.0000
0.0000
0.0000
0.0000
0.0000
0.0000
0.0000
0.0000
0.0000
0.0000
0.0000
0.0000
0.0000
0.0000
0.0000
0.0000
0.0000
0.0000
0.0000
0.0000
0.0000
0.0000
0.0000
0.0000
0.0000
0.0000
0.0000
0.0000
0.0000
0.0000
0.0000
0.0000
0.0000
0.0000
0.0000
0.0000
0.0000
0.0000
0.0000
0.0000
0.0000
29.2969
29.2969
102.5391
102.5391
239.2578
239.2578
332.0312
332.0312
356.4453
356.4453
424.8047
424.8047
483.3984
483.3984
493.1641
493.1641
527.3437
527.3437
605.4687
639.6484
639.6484
668.9453
668.9453
786.1328
786.1328
864.2578
864.2578
864.2578
898.4375
898.4375
1005.8594
1005.8594
1108.3984
1108.3984
1176.7578
1176.7578
1259.7656
1259.7656
1401.3672
1542.9687
1542.9687
1713.8672
1713.8672
1923.8281
1923.8281
1967.7734
1967.7734
1967.7734
1801.7578
1801.7578
1484.3750
1484.3750
971.6797
971.6797
371.0937
371.0937
0.0000
0.0000
0.0000
0.0000
0.0000
0.0000
0.0000
0.0000
0.0000
0.0000
0.0000
0.0000
0.0000
0.0000
0.0000
0.0000
0.0000
0.0000
0.0000
0.0000
0.0000
0.0000
0.0000
0.0000
0.0000
0.0000
0.0000
0.0000
0.0000
0.0000
0.0000
0.0000
0.0000
0.0000
0.0000
0.0000
0.0000
0.0000
0.0000
0.0000
0.0000
0.0000
0.0000
0.0000
0.0000
0.0000
0.0000
0.0000
0.0000
34.1797
34.1797
107.4219
107.4219
268.5547
268.5547
371.0937
371.0937
405.2734
405.2734
498.0469
498.0469
546.8750
546.8750
532.2266
532.2266
541.9922
541.9922
600.5859
600.5859
605.4687
605.4687
620.1172
620.1172
712.8906
712.8906
756.8359
756.8359
795.8984
795.8984
908.2031
908.2031
996.0937
996.0937
1035.1562
1035.1562
1123.0469
1123.0469
1206.0547
1206.0547
1215.8203
1215.8203
1235.3516
1235.3516
1367.1875
1367.1875
1508.7891
1508.7891
1650.3906
1650.3906
1772.4609
1772.4609
1704.1016
1704.1016
1440.4297
1440.4297
1123.0469
1123.0469
791.0156
791.0156
429.6875
429.6875
92.7734
92.7734
0.0000
0.0000
0.0000
0.0000
0.0000
0.0000
0.0000
0.0000
0.0000
0.0000
0.0000
0.0000
0.0000
0.0000
0.0000
0.0000
0.0000
0.0000
0.0000
0.0000
0.0000
0.0000
0.0000
0.0000
0.0000
0.0000
0.0000
0.0000
0.0000
0.0000
0.0000
0.0000
0.0000
0.0000
0.0000
0.0000
0.0000
0.0000
0.0000
0.0000
0.0000
0.0000
0.0000
0.0000
0.0000
0.0000
0.0000
0.0000
0.0000
0.0000
0.0000
0.0000
0.0000
0.0000
9.7656
9.7656
19.5312
19.5312
83.0078
83.0078
180.6641
180.6641
234.3750
234.3750
278.3203
278.3203
385.7422
385.7422
429.6875
429.6875
449.2187
449.2187
541.9922
541.9922
590.8203
590.8203
595.7031
595.7031
654.2969
654.2969
732.4219
732.4219
771.4844
771.4844
820.3125
820.3125
922.8516
922.8516
971.6797
971.6797
1000.9766
1000.9766
1103.5156
1103.5156
1191.4062
1191.4062
1289.0625
1289.0625
1489.2578
1489.2578
1708.9844
1708.9844
1787.1094
1787.1094
1723.6328
1723.6328
1494.1406
1494.1406
1025.3906
1025.3906
463.8672
463.8672
14.6484
14.6484
0.0000
0.0000
0.0000
0.0000
0.0000
0.0000
0.0000
0.0000
0.0000
0.0000
0.0000
0.0000
0.0000
0.0000
0.0000
0.0000
0.0000
0.0000
0.0000
0.0000
0.0000
0.0000
0.0000
0.0000
0.0000
0.0000
0.0000
0.0000
0.0000
0.0000
0.0000
0.0000
0.0000
0.0000
0.0000
0.0000
0.0000
0.0000
0.0000
0.0000
0.0000
0.0000
0.0000
0.0000
0.0000
0.0000
0.0000
0.0000
29.2969
29.2969
170.8984
170.8984
317.3828
317.3828
405.2734
405.2734
473.6328
473.6328
605.4687
605.4687
659.1797
659.1797
649.4141
649.4141
693.3594
693.3594
698.2422
698.2422
673.8281
673.8281
727.5391
727.5391
781.2500
781.2500
795.8984
795.8984
844.7266
844.7266
942.3828
942.3828
996.0937
996.0937
1044.9219
1044.9219
1166.9922
1166.9922
1235.3516
1235.3516
1259.7656
1259.7656
1323.2422
1323.2422
1357.4219
1357.4219
1372.0703
1372.0703
1469.7266
1469.7266
1674.8047
1674.8047
1840.8203
1840.8203
1923.8281
1923.8281
1918.9453
1918.9453
1704.1016
1704.1016
1323.2422
1323.2422
971.6797
971.6797
615.2344
615.2344
244.1406
244.1406
0.0000
0.0000
0.0000
0.0000
0.0000
0.0000
0.0000
0.0000
0.0000
0.0000
0.0000
0.0000
0.0000
0.0000
0.0000
0.0000
0.0000
0.0000
0.0000
0.0000
0.0000
0.0000
0.0000
0.0000
0.0000
0.0000
0.0000
0.0000
0.0000
0.0000
0.0000
0.0000
0.0000
0.0000
0.0000
0.0000
0.0000
0.0000
0.0000
0.0000
0.0000
0.0000
0.0000
0.0000
0.0000
0.0000
0.0000
0.0000
0.0000
0.0000
0.0000
0.0000
0.0000
0.0000
0.0000
0.0000
83.0078
83.0078
151.3672
151.3672
273.4375
273.4375
395.5078
395.5078
449.2187
449.2187
498.0469
498.0469
581.0547
581.0547
610.3516
610.3516
649.4141
649.4141
771.4844
771.4844
834.9609
834.9609
844.7266
844.7266
917.9687
917.9687
966.7969
966.7969
971.6797
971.6797
1015.6250
1015.6250
1074.2187
1074.2187
1088.8672
1088.8672
1108.3984
1108.3984
1235.3516
1235.3516
1357.4219
1357.4219
1508.7891
1508.7891
1723.6328
1723.6328
1835.9375
1835.9375
1772.4609
1772.4609
1582.0312
1582.0312
1230.4687
1230.4687
717.7734
717.7734
209.9609
209.9609
0.0000
0.0000
0.0000
0.0000
0.0000
0.0000
0.0000
0.0000
0.0000
0.0000
0.0000
0.0000
0.0000
0.0000
0.0000
0.0000
0.0000
0.0000
0.0000
0.0000
0.0000
0.0000
0.0000
0.0000
0.0000
0.0000
0.0000
0.0000
0.0000
0.0000
0.0000
0.0000
0.0000
0.0000
0.0000
0.0000
0.0000
0.0000
0.0000
0.0000
0.0000
0.0000
0.0000
0.0000
0.0000
0.0000
0.0000
0.0000
0.0000
0.0000
83.0078
83.0078
224.6094
224.6094
341.7969
341.7969
419.9219
419.9219
512.6953
512.6953
625.0000
625.0000
649.4141
649.4141
639.6484
639.6484
688.4766
688.4766
688.4766
688.4766
659.1797
659.1797
712.8906
712.8906
756.8359
756.8359
751.9531
751.9531
805.6641
805.6641
893.5547
893.5547
942.3828
942.3828
991.2109
991.2109
1103.5156
1103.5156
1171.8750
1171.8750
1196.2891
1196.2891
1293.9453
1293.9453
1396.4844
1396.4844
1523.4375
1523.4375
1723.6328
1723.6328
1875.0000
1875.0000
1860.3516
1860.3516
1704.1016
1704.1016
1479.4922
1479.4922
1127.9297
1127.9297
712.8906
712.8906
385.7422
385.7422
39.0625
39.0625
0.0000
0.0000
0.0000
0.0000
0.0000
0.0000
0.0000
0.0000
0.0000
0.0000
0.0000
0.0000
0.0000
0.0000
0.0000
0.0000
0.0000
0.0000
0.0000
0.0000
0.0000
0.0000
0.0000
0.0000
0.0000
0.0000
0.0000
0.0000
0.0000
0.0000
0.0000
0.0000
0.0000
0.0000
0.0000
0.0000
0.0000
0.0000
0.0000
0.0000
0.0000
0.0000
0.0000
0.0000
0.0000
0.0000
0.0000
0.0000
0.0000
0.0000
0.0000
0.0000
0.0000
0.0000
0.0000
0.0000
0.0000
0.0000
24.4141
24.4141
78.1250
78.1250
205.0781
205.0781
302.7344
302.7344
341.7969
341.7969
400.3906
400.3906
488.2812
488.2812
546.8750
546.8750
600.5859
600.5859
712.8906
712.8906
766.6016
766.6016
786.1328
786.1328
878.9062
878.9062
947.2656
947.2656
976.5625
976.5625
1040.0391
1040.0391
1113.2812
1113.2812
1181.6406
1181.6406
1318.3594
1318.3594
1567.3828
1567.3828
1767.5781
1767.5781
1860.3516
1860.3516
1865.2344
1865.2344
1660.1562
1660.1562
1235.3516
1235.3516
761.7187
761.7187
283.2031
283.2031
0.0000
0.0000
0.0000
0.0000
0.0000
0.0000
0.0000
0.0000
0.0000
0.0000
0.0000
0.0000
0.0000
0.0000
0.0000
0.0000
0.0000
0.0000
0.0000
0.0000
0.0000
0.0000
0.0000
0.0000
0.0000
0.0000
0.0000
0.0000
0.0000
0.0000
0.0000
0.0000
0.0000
0.0000
0.0000
0.0000
0.0000
0.0000
0.0000
0.0000
0.0000
0.0000
0.0000
0.0000
0.0000
0.0000
0.0000
0.0000
0.0000
0.0000
141.6016
141.6016
244.1406
244.1406
292.9687
292.9687
395.5078
395.5078
454.1016
454.1016
473.6328
473.6328
507.8125
507.8125
537.1094
537.1094
512.6953
512.6953
512.6953
512.6953
585.9375
585.9375
610.3516
610.3516
625.0000
625.0000
717.7734
717.7734
776.3672
776.3672
820.3125
820.3125
922.8516
922.8516
1020.5078
1020.5078
1069.3359
1069.3359
1132.8125
1132.8125
1240.2344
1240.2344
1333.0078
1333.0078
1459.9609
1459.9609
1665.0391
1665.0391
1787.1094
1787.1094
1757.8125
1757.8125
1635.7422
1635.7422
1376.9531
1376.9531
1005.8594
1005.8594
644.5312
644.5312
322.2656
322.2656
0.0000
0.0000
0.0000
0.0000
0.0000
0.0000
0.0000
0.0000
0.0000
0.0000
0.0000
0.0000
0.0000
0.0000
0.0000
0.0000
0.0000
0.0000
0.0000
0.0000
0.0000
0.0000
0.0000
0.0000
0.0000
0.0000
0.0000
0.0000
0.0000
0.0000
0.0000
0.0000
0.0000
0.0000
0.0000
0.0000
0.0000
0.0000
0.0000
0.0000
0.0000
0.0000
0.0000
0.0000
0.0000
0.0000
0.0000
0.0000
0.0000
0.0000
0.0000
0.0000
0.0000
0.0000
0.0000
0.0000
43.9453
43.9453
117.1875
117.1875
126.9531
126.9531
141.6016
141.6016
219.7266
219.7266
268.5547
268.5547
327.1484
327.1484
458.9844
458.9844
522.4609
522.4609
546.8750
546.8750
629.8828
629.8828
708.0078
708.0078
751.9531
751.9531
825.1953
825.1953
917.9687
917.9687
957.0312
957.0312
981.4453
981.4453
1069.3359
1069.3359
1108.3984
1108.3984
1142.5781
1142.5781
1284.1797
1284.1797
1459.9609
1459.9609
1640.6250
1640.6250
1806.6406
1879.8828
1879.8828
1738.2812
1738.2812
1430.6641
1430.6641
1040.0391
1040.0391
541.9922
541.9922
541.9922
43.9453
43.9453
0.0000
0.0000
0.0000
0.0000
0.0000
0.0000
0.0000
0.0000
0.0000
0.0000
0.0000
0.0000
0.0000
0.0000
0.0000
0.0000
0.0000
0.0000
0.0000
0.0000
0.0000
0.0000
0.0000
0.0000
0.0000
0.0000
0.0000
0.0000
0.0000
0.0000
0.0000
0.0000
0.0000
0.0000
0.0000
0.0000
0.0000
0.0000
0.0000
0.0000
0.0000
0.0000
0.0000
0.0000
0.0000
0.0000
0.0000
136.7187
136.7187
239.2578
239.2578
351.5625
351.5625
351.5625
478.5156
517.5781
517.5781
522.4609
522.4609
585.9375
585.9375
585.9375
585.9375
537.1094
537.1094
541.9922
541.9922
537.1094
537.1094
502.9297
502.9297
522.4609
522.4609
585.9375
585.9375
605.4687
605.4687
639.6484
639.6484
742.1875
742.1875
805.6641
805.6641
864.2578
864.2578
976.5625
976.5625
1064.4531
1064.4531
1108.3984
1108.3984
1206.0547
1206.0547
1352.5391
1352.5391
1494.1406
1494.1406
1650.3906
1650.3906
1791.9922
1791.9922
1757.8125
1757.8125
1538.0859
1538.0859
1264.6484
1264.6484
898.4375
898.4375
488.2812
488.2812
156.2500
156.2500
0.0000
0.0000
0.0000
0.0000
0.0000
0.0000
0.0000
0.0000
0.0000
0.0000
0.0000
0.0000
0.0000
0.0000
0.0000
0.0000
0.0000
0.0000
0.0000
0.0000
0.0000
0.0000
0.0000
0.0000
0.0000
0.0000
0.0000
0.0000
0.0000
0.0000
0.0000
0.0000
0.0000
0.0000
0.0000
0.0000
0.0000
0.0000
0.0000
0.0000
0.0000
0.0000
0.0000
0.0000
0.0000
0.0000
0.0000
0.0000
0.0000
0.0000
0.0000
0.0000
0.0000
0.0000
0.0000
0.0000
14.6484
14.6484
122.0703
122.0703
190.4297
190.4297
209.9609
209.9609
268.5547
268.5547
341.7969
341.7969
380.8594
380.8594
429.6875
429.6875
532.2266
532.2266
571.2891
571.2891
585.9375
585.9375
683.5937
683.5937
756.8359
756.8359
795.8984
795.8984
874.0234
874.0234
942.3828
942.3828
971.6797
971.6797
1015.6250
1015.6250
1118.1641
1118.1641
1166.9922
1166.9922
1215.8203
1215.8203
1396.4844
1396.4844
1582.0312
1582.0312
1723.6328
1723.6328
1826.1719
1826.1719
1782.2266
1782.2266
1542.9687
1542.9687
1196.2891
1196.2891
795.8984
795.8984
327.1484
327.1484
0.0000
0.0000
0.0000
0.0000
0.0000
0.0000
0.0000
0.0000
0.0000
0.0000
0.0000
0.0000
0.0000
0.0000
0.0000
0.0000
0.0000
0.0000
0.0000
0.0000
0.0000
0.0000
0.0000
0.0000
0.0000
0.0000
0.0000
0.0000
0.0000
0.0000
0.0000
0.0000
0.0000
0.0000
0.0000
0.0000
0.0000
0.0000
0.0000
0.0000
0.0000
0.0000
0.0000
0.0000
0.0000
0.0000
0.0000
0.0000
0.0000
0.0000
29.2969
29.2969
97.6562
97.6562
190.4297
190.4297
288.0859
288.0859
341.7969
341.7969
385.7422
385.7422
454.1016
454.1016
444.3359
444.3359
405.2734
405.2734
454.1016
454.1016
468.7500
468.7500
478.5156
478.5156
556.6406
556.6406
634.7656
634.7656
668.9453
668.9453
732.4219
732.4219
859.3750
859.3750
942.3828
942.3828
1015.6250
1015.6250
1152.3437
1152.3437
1230.4687
1230.4687
1308.5937
1308.5937
1489.2578
1489.2578
1665.0391
1665.0391
1748.0469
1748.0469
1723.6328
1723.6328
1582.0312
1582.0312
1264.6484
1264.6484
893.5547
893.5547
595.7031
595.7031
258.7891
258.7891
0.0000
0.0000
0.0000
0.0000
0.0000
0.0000
0.0000
0.0000
0.0000
0.0000
0.0000
0.0000
0.0000
0.0000
0.0000
0.0000
0.0000
0.0000
0.0000
0.0000
0.0000
0.0000
0.0000
0.0000
0.0000
0.0000
0.0000
0.0000
0.0000
0.0000
0.0000
0.0000
0.0000
0.0000
0.0000
0.0000
0.0000
0.0000
0.0000
0.0000
0.0000
0.0000
0.0000
0.0000
0.0000
0.0000
0.0000
0.0000
0.0000
0.0000
0.0000
0.0000
0.0000
0.0000
0.0000
0.0000
0.0000
0.0000
0.0000
0.0000
24.4141
24.4141
131.8359
131.8359
180.6641
180.6641
185.5469
185.5469
283.2031
283.2031
380.8594
380.8594
444.3359
444.3359
532.2266
532.2266
654.2969
654.2969
732.4219
732.4219
800.7812
800.7812
932.6172
932.6172
1005.8594
1005.8594
1035.1562
1035.1562
1123.0469
1123.0469
1171.8750
1171.8750
1171.8750
1171.8750
1220.7031
1220.7031
1318.3594
1318.3594
1416.0156
1416.0156
1577.1484
1577.1484
1831.0547
1831.0547
2006.8359
2006.8359
2045.8984
2045.8984
2006.8359
2006.8359
1767.5781
1767.5781
1333.0078
1333.0078
878.9062
878.9062
449.2187
449.2187
43.9453
43.9453
0.0000
0.0000
0.0000
0.0000
0.0000
0.0000
0.0000
0.0000
0.0000
0.0000
0.0000
0.0000
0.0000
0.0000
0.0000
0.0000
0.0000
0.0000
0.0000
0.0000
0.0000
0.0000
0.0000
0.0000
0.0000
0.0000
0.0000
0.0000
0.0000
0.0000
0.0000
0.0000
0.0000
0.0000
0.0000
0.0000
0.0000
0.0000
0.0000
0.0000
0.0000
0.0000
0.0000
0.0000
0.0000
0.0000
0.0000
0.0000
0.0000
0.0000
0.0000
0.0000
48.8281
48.8281
190.4297
190.4297
302.7344
302.7344
366.2109
366.2109
439.4531
439.4531
502.9297
502.9297
507.8125
507.8125
507.8125
507.8125
581.0547
581.0547
625.0000
625.0000
649.4141
649.4141
742.1875
742.1875
805.6641
805.6641
854.4922
854.4922
961.9141
961.9141
1083.9844
1083.9844
1162.1094
1162.1094
1225.5859
1225.5859
1337.8906
1337.8906
1411.1328
1411.1328
1503.9062
1503.9062
1704.1016
1704.1016
1840.8203
1840.8203
1845.7031
1845.7031
1757.8125
1757.8125
1518.5547
1518.5547
1142.5781
1142.5781
771.4844
771.4844
454.1016
454.1016
141.6016
141.6016
0.0000
0.0000
0.0000
0.0000
0.0000
0.0000
0.0000
0.0000
0.0000
0.0000
0.0000
0.0000
0.0000
0.0000
0.0000
0.0000
0.0000
0.0000
0.0000
0.0000
0.0000
0.0000
0.0000
0.0000
0.0000
0.0000
0.0000
0.0000
0.0000
0.0000
0.0000
0.0000
0.0000
0.0000
0.0000
0.0000
0.0000
0.0000
0.0000
0.0000
0.0000
0.0000
0.0000
0.0000
0.0000
0.0000
0.0000
0.0000
0.0000
0.0000
0.0000
0.0000
0.0000
0.0000
29.2969
29.2969
117.1875
117.1875
156.2500
156.2500
170.8984
170.8984
219.7266
219.7266
229.4922
229.4922
239.2578
239.2578
336.9141
336.9141
400.3906
400.3906
415.0391
415.0391
478.5156
478.5156
551.7578
551.7578
590.8203
590.8203
668.9453
668.9453
786.1328
786.1328
834.9609
834.9609
854.4922
854.4922
947.2656
947.2656
996.0937
996.0937
1015.6250
1015.6250
1127.9297
1127.9297
1269.5312
1269.5312
1430.6641
1430.6641
1630.8594
1630.8594
1816.4062
1816.4062
1821.2891
1821.2891
1660.1562
1660.1562
1406.2500
1406.2500
991.2109
991.2109
517.5781
517.5781
146.4844
146.4844
0.0000
0.0000
0.0000
0.0000
0.0000
0.0000
0.0000
0.0000
0.0000
0.0000
0.0000
0.0000
0.0000
0.0000
0.0000
0.0000
0.0000
0.0000
0.0000
0.0000
0.0000
0.0000
0.0000
0.0000
0.0000
0.0000
0.0000
0.0000
0.0000
0.0000
0.0000
0.0000
0.0000
0.0000
0.0000
0.0000
0.0000
0.0000
0.0000
0.0000
0.0000
0.0000
0.0000
0.0000
0.0000
0.0000
0.0000
0.0000
0.0000
0.0000
92.7734
92.7734
263.6719
263.6719
361.3281
361.3281
419.9219
419.9219
532.2266
532.2266
581.0547
581.0547
566.4062
566.4062
610.3516
610.3516
625.0000
625.0000
600.5859
600.5859
629.8828
629.8828
727.5391
727.5391
781.2500
781.2500
825.1953
825.1953
927.7344
927.7344
991.2109
991.2109
1025.3906
1025.3906
1147.4609
1147.4609
1240.2344
1240.2344
1279.2969
1279.2969
1347.6562
1347.6562
1474.6094
1474.6094
1586.9141
1586.9141
1728.5156
1728.5156
1884.7656
1884.7656
1875.0000
1875.0000
1679.6875
1679.6875
1425.7812
1425.7812
1059.5703
1059.5703
634.7656
634.7656
278.3203
278.3203
0.0000
0.0000
0.0000
0.0000
0.0000
0.0000
0.0000
0.0000
0.0000
0.0000
0.0000
0.0000
0.0000
0.0000
0.0000
0.0000
0.0000
0.0000
0.0000
0.0000
0.0000
0.0000
0.0000
0.0000
0.0000
0.0000
0.0000
0.0000
0.0000
0.0000
0.0000
0.0000
0.0000
0.0000
0.0000
0.0000
0.0000
0.0000
0.0000
0.0000
0.0000
0.0000
0.0000
0.0000
0.0000
0.0000
0.0000
0.0000
0.0000
0.0000
0.0000
0.0000
0.0000
0.0000
0.0000
0.0000
4.8828
4.8828
87.8906
87.8906
156.2500
156.2500
175.7812
175.7812
205.0781
205.0781
249.0234
249.0234
253.9062
253.9062
258.7891
258.7891
356.4453
356.4453
419.9219
419.9219
458.9844
458.9844
571.2891
571.2891
654.2969
654.2969
708.0078
708.0078
800.7812
800.7812
908.2031
908.2031
961.9141
961.9141
996.0937
996.0937
1079.1016
1079.1016
1118.1641
1118.1641
1162.1094
1162.1094
1333.0078
1333.0078
1533.2031
1533.2031
1689.4531
1689.4531
1806.6406
1806.6406
1801.7578
1801.7578
1596.6797
1596.6797
1274.4141
1274.4141
913.0859
913.0859
473.6328
473.6328
34.1797
34.1797
0.0000
0.0000
0.0000
0.0000
0.0000
0.0000
0.0000
0.0000
0.0000
0.0000
0.0000
0.0000
0.0000
0.0000
0.0000
0.0000
0.0000
0.0000
0.0000
0.0000
0.0000
0.0000
0.0000
0.0000
0.0000
0.0000
0.0000
0.0000
0.0000
0.0000
0.0000
0.0000
0.0000
0.0000
0.0000
0.0000
0.0000
0.0000
0.0000
0.0000
0.0000
0.0000
0.0000
0.0000
0.0000
0.0000
0.0000
97.6562
97.6562
170.8984
170.8984
273.4375
273.4375
273.4375
385.7422
385.7422
449.2187
449.2187
502.9297
502.9297
605.4687
605.4687
639.6484
620.1172
620.1172
644.5312
644.5312
654.2969
654.2969
654.2969
654.2969
654.2969
717.7734
791.0156
791.0156
825.1953
825.1953
864.2578
864.2578
966.7969
966.7969
1044.9219
1044.9219
1113.2812
1113.2812
1240.2344
1240.2344
1323.2422
1323.2422
1357.4219
1357.4219
1459.9609
1459.9609
1606.4453
1606.4453
1738.2812
1738.2812
1840.8203
1840.8203
1860.3516
1860.3516
1669.9219
1669.9219
1318.3594
1318.3594
957.0312
957.0312
532.2266
532.2266
107.4219
107.4219
0.0000
0.0000
0.0000
0.0000
0.0000
0.0000
0.0000
0.0000
0.0000
0.0000
0.0000
0.0000
0.0000
0.0000
0.0000
0.0000
0.0000
0.0000
0.0000
0.0000
0.0000
0.0000
0.0000
0.0000
0.0000
0.0000
0.0000
0.0000
0.0000
0.0000
0.0000
0.0000
0.0000
0.0000
0.0000
0.0000
0.0000
0.0000
0.0000
0.0000
0.0000
0.0000
0.0000
0.0000
0.0000
0.0000
0.0000
0.0000
0.0000
0.0000
0.0000
0.0000
0.0000
0.0000
14.6484
14.6484
73.2422
73.2422
107.4219
107.4219
209.9609
209.9609
253.9062
253.9062
249.0234
249.0234
307.6172
307.6172
380.8594
380.8594
415.0391
415.0391
468.7500
468.7500
571.2891
571.2891
625.0000
625.0000
673.8281
673.8281
781.2500
781.2500
839.8437
839.8437
869.1406
869.1406
942.3828
942.3828
1010.7422
1010.7422
1049.8047
1049.8047
1113.2812
1113.2812
1220.7031
1220.7031
1323.2422
1323.2422
1479.4922
1479.4922
1723.6328
1723.6328
1879.8828
1879.8828
1884.7656
1884.7656
1777.3437
1777.3437
1494.1406
1494.1406
1040.0391
1040.0391
590.8203
590.8203
185.5469
185.5469
0.0000
0.0000
0.0000
0.0000
0.0000
0.0000
0.0000
0.0000
0.0000
0.0000
0.0000
0.0000
0.0000
0.0000
0.0000
0.0000
0.0000
0.0000
0.0000
0.0000
0.0000
0.0000
0.0000
0.0000
0.0000
0.0000
0.0000
0.0000
0.0000
0.0000
0.0000
0.0000
0.0000
0.0000
0.0000
0.0000
0.0000
0.0000
0.0000
0.0000
0.0000
0.0000
0.0000
0.0000
0.0000
0.0000
0.0000
0.0000
0.0000
0.0000
92.7734
92.7734
195.3125
195.3125
244.1406
244.1406
341.7969
341.7969
424.8047
424.8047
458.9844
458.9844
502.9297
502.9297
576.1719
576.1719
576.1719
576.1719
556.6406
556.6406
620.1172
620.1172
659.1797
659.1797
683.5937
683.5937
781.2500
781.2500
854.4922
854.4922
878.9062
878.9062
966.7969
966.7969
1083.9844
1083.9844
1157.2266
1157.2266
1210.9375
1210.9375
1303.7109
1303.7109
1357.4219
1357.4219
1425.7812
1425.7812
1601.5625
1601.5625
1748.0469
1748.0469
1757.8125
1757.8125
1669.9219
1669.9219
1469.7266
1469.7266
1132.8125
1132.8125
786.1328
786.1328
522.4609
522.4609
224.6094
224.6094
0.0000
0.0000
0.0000
0.0000
0.0000
0.0000
0.0000
0.0000
0.0000
0.0000
0.0000
0.0000
0.0000
0.0000
0.0000
0.0000
0.0000
0.0000
0.0000
0.0000
0.0000
0.0000
0.0000
0.0000
0.0000
0.0000
0.0000
0.0000
0.0000
0.0000
0.0000
0.0000
0.0000
0.0000
0.0000
0.0000
0.0000
0.0000
0.0000
0.0000
0.0000
0.0000
0.0000
0.0000
0.0000
0.0000
0.0000
0.0000
0.0000
0.0000
0.0000
0.0000
0.0000
0.0000
73.2422
73.2422
166.0156
166.0156
229.4922
229.4922
273.4375
273.4375
356.4453
356.4453
390.6250
390.6250
400.3906
400.3906
483.3984
483.3984
551.7578
551.7578
590.8203
590.8203
668.9453
668.9453
761.7187
761.7187
815.4297
815.4297
874.0234
874.0234
991.2109
991.2109
1054.6875
1054.6875
1079.1016
1079.1016
1162.1094
1162.1094
1206.0547
1206.0547
1201.1719
1201.1719
1254.8828
1254.8828
1357.4219
1357.4219
1494.1406
1494.1406
1665.0391
1665.0391
1821.2891
1821.2891
1791.9922
1791.9922
1562.5000
1562.5000
1240.2344
1240.2344
791.0156
791.0156
307.6172
307.6172
0.0000
0.0000
0.0000
0.0000
0.0000
0.0000
0.0000
0.0000
0.0000
0.0000
0.0000
0.0000
0.0000
0.0000
0.0000
0.0000
0.0000
0.0000
0.0000
0.0000
0.0000
0.0000
0.0000
0.0000
0.0000
0.0000
0.0000
0.0000
0.0000
0.0000
0.0000
0.0000
0.0000
0.0000
0.0000
0.0000
0.0000
0.0000
0.0000
0.0000
0.0000
0.0000
0.0000
0.0000
0.0000
0.0000
0.0000
0.0000
0.0000
0.0000
0.0000
0.0000
19.5312
19.5312
166.0156
166.0156
249.0234
249.0234
307.6172
307.6172
415.0391
415.0391
478.5156
478.5156
493.1641
493.1641
537.1094
537.1094
590.8203
590.8203
581.0547
581.0547
590.8203
590.8203
673.8281
673.8281
722.6562
722.6562
761.7187
761.7187
869.1406
869.1406
932.6172
932.6172
966.7969
966.7969
1074.2187
1074.2187
1176.7578
1176.7578
1230.4687
1230.4687
1293.9453
1293.9453
1420.8984
1420.8984
1557.6172
1557.6172
1708.9844
1708.9844
1840.8203
1840.8203
1762.6953
1762.6953
1464.8437
1464.8437
1088.8672
1088.8672
634.7656
634.7656
166.0156
166.0156
0.0000
0.0000
0.0000
0.0000
0.0000
0.0000
0.0000
0.0000
0.0000
0.0000
0.0000
0.0000
0.0000
0.0000
0.0000
0.0000
0.0000
0.0000
0.0000
0.0000
0.0000
0.0000
0.0000
0.0000
0.0000
0.0000
0.0000
0.0000
0.0000
0.0000
0.0000
0.0000
0.0000
0.0000
0.0000
0.0000
0.0000
0.0000
0.0000
0.0000
0.0000
0.0000
0.0000
0.0000
0.0000
0.0000
0.0000
0.0000
0.0000
0.0000
0.0000
0.0000
0.0000
0.0000
102.5391
102.5391
200.1953
200.1953
229.4922
229.4922
292.9687
292.9687
366.2109
366.2109
385.7422
385.7422
415.0391
415.0391
483.3984
483.3984
498.0469
498.0469
498.0469
498.0469
595.7031
595.7031
659.1797
659.1797
693.3594
693.3594
800.7812
800.7812
893.5547
893.5547
961.9141
961.9141
1059.5703
1059.5703
1181.6406
1181.6406
1235.3516
1235.3516
1269.5312
1269.5312
1352.5391
1352.5391
1396.4844
1396.4844
1464.8437
1464.8437
1660.1562
1660.1562
1831.0547
1831.0547
1894.5312
1894.5312
1840.8203
1840.8203
1601.5625
1601.5625
1064.4531
1064.4531
439.4531
439.4531
0.0000
0.0000
0.0000
0.0000
0.0000
0.0000
0.0000
0.0000
0.0000
0.0000
0.0000
0.0000
0.0000
0.0000
0.0000
0.0000
0.0000
0.0000
0.0000
0.0000
0.0000
0.0000
0.0000
0.0000
0.0000
0.0000
0.0000
0.0000
0.0000
0.0000
0.0000
0.0000
0.0000
0.0000
0.0000
0.0000
0.0000
0.0000
0.0000
0.0000
0.0000
0.0000
0.0000
0.0000
0.0000
0.0000
0.0000
0.0000
0.0000
0.0000
0.0000
0.0000
58.5937
58.5937
175.7812
175.7812
253.9062
253.9062
346.6797
346.6797
483.3984
483.3984
566.4062
566.4062
620.1172
620.1172
717.7734
717.7734
747.0703
747.0703
737.3047
737.3047
771.4844
771.4844
776.3672
776.3672
747.0703
747.0703
766.6016
766.6016
834.9609
834.9609
869.1406
869.1406
908.2031
908.2031
1010.7422
1010.7422
1069.3359
1069.3359
1113.2812
1113.2812
1245.1172
1245.1172
1352.5391
1352.5391
1459.9609
1459.9609
1645.5078
1645.5078
1826.1719
1826.1719
1889.6484
1889.6484
1826.1719
1826.1719
1660.1562
1660.1562
1308.5937
1308.5937
854.4922
854.4922
478.5156
478.5156
102.5391
102.5391
0.0000
0.0000
0.0000
0.0000
0.0000
0.0000
0.0000
0.0000
0.0000
0.0000
0.0000
0.0000
0.0000
0.0000
0.0000
0.0000
0.0000
0.0000
0.0000
0.0000
0.0000
0.0000
0.0000
0.0000
0.0000
0.0000
0.0000
0.0000
0.0000
0.0000
0.0000
0.0000
0.0000
0.0000
0.0000
0.0000
0.0000
0.0000
0.0000
0.0000
0.0000
0.0000
0.0000
0.0000
0.0000
0.0000
0.0000
0.0000
0.0000
0.0000
141.6016
141.6016
229.4922
229.4922
297.8516
297.8516
410.1562
410.1562
449.2187
449.2187
444.3359
444.3359
483.3984
483.3984
488.2812
488.2812
449.2187
449.2187
458.9844
458.9844
498.0469
498.0469
498.0469
498.0469
541.9922
541.9922
654.2969
654.2969
708.0078
708.0078
742.1875
742.1875
864.2578
864.2578
942.3828
942.3828
976.5625
976.5625
1049.8047
1049.8047
1113.2812
1113.2812
1137.6953
1137.6953
1176.7578
1176.7578
1284.1797
1284.1797
1376.9531
1376.9531
1499.0234
1499.0234
1704.1016
1704.1016
1831.0547
1831.0547
1826.1719
1826.1719
1723.6328
1723.6328
1440.4297
1440.4297
996.0937
996.0937
527.3437
527.3437
136.7187
136.7187
0.0000
0.0000
0.0000
0.0000
0.0000
0.0000
0.0000
0.0000
0.0000
0.0000
0.0000
0.0000
0.0000
0.0000
0.0000
0.0000
0.0000
0.0000
0.0000
0.0000
0.0000
0.0000
0.0000
0.0000
0.0000
0.0000
0.0000
0.0000
0.0000
0.0000
0.0000
0.0000
0.0000
0.0000
0.0000
0.0000
0.0000
0.0000
0.0000
0.0000
0.0000
0.0000
0.0000
0.0000
0.0000
0.0000
0.0000
0.0000
0.0000
141.6016
141.6016
263.6719
263.6719
341.7969
341.7969
458.9844
458.9844
458.9844
561.5234
561.5234
610.3516
610.3516
644.5312
644.5312
712.8906
712.8906
717.7734
688.4766
688.4766
722.6562
722.6562
717.7734
717.7734
708.0078
708.0078
708.0078
766.6016
766.6016
815.4297
815.4297
839.8437
839.8437
883.7891
883.7891
981.4453
1054.6875
1054.6875
1118.1641
1118.1641
1245.1172
1245.1172
1323.2422
1323.2422
1391.6016
1391.6016
1542.9687
1542.9687
1718.7500
1718.7500
1845.7031
1845.7031
1894.5312
1894.5312
1821.2891
1821.2891
1557.6172
1557.6172
1171.8750
1171.8750
805.6641
805.6641
419.9219
419.9219
29.2969
29.2969
0.0000
0.0000
0.0000
0.0000
0.0000
0.0000
0.0000
0.0000
0.0000
0.0000
0.0000
0.0000
0.0000
0.0000
0.0000
0.0000
0.0000
0.0000
0.0000
0.0000
0.0000
0.0000
0.0000
0.0000
0.0000
0.0000
0.0000
0.0000
0.0000
0.0000
0.0000
0.0000
0.0000
0.0000
0.0000
0.0000
0.0000
0.0000
0.0000
0.0000
0.0000
0.0000
0.0000
0.0000
0.0000
0.0000
0.0000
0.0000
0.0000
0.0000
0.0000
0.0000
0.0000
0.0000
0.0000
0.0000
39.0625
39.0625
39.0625
39.0625
122.0703
122.0703
156.2500
156.2500
170.8984
170.8984
244.1406
244.1406
307.6172
307.6172
336.9141
336.9141
400.3906
400.3906
512.6953
512.6953
581.0547
581.0547
644.5312
644.5312
781.2500
781.2500
869.1406
869.1406
922.8516
922.8516
1015.6250
1015.6250
1074.2187
1074.2187
1093.7500
1093.7500
1147.4609
1147.4609
1206.0547
1206.0547
1230.4687
1230.4687
1279.2969
1279.2969
1455.0781
1455.0781
1625.9766
1625.9766
1733.3984
1733.3984
1777.3437
1777.3437
1625.9766
1625.9766
1279.2969
1279.2969
864.2578
864.2578
439.4531
439.4531
9.7656
9.7656
0.0000
0.0000
0.0000
0.0000
0.0000
0.0000
0.0000
0.0000
0.0000
0.0000
0.0000
0.0000
0.0000
0.0000
0.0000
0.0000
0.0000
0.0000
0.0000
0.0000
0.0000
0.0000
0.0000
0.0000
0.0000
0.0000
0.0000
0.0000
0.0000
0.0000
0.0000
0.0000
0.0000
0.0000
0.0000
0.0000
0.0000
0.0000
0.0000
0.0000
0.0000
0.0000
0.0000
0.0000
0.0000
0.0000
0.0000
0.0000
0.0000
0.0000
58.5937
58.5937
131.8359
131.8359
253.9062
253.9062
351.5625
351.5625
405.2734
405.2734
458.9844
458.9844
522.4609
522.4609
537.1094
537.1094
522.4609
522.4609
561.5234
561.5234
576.1719
576.1719
585.9375
585.9375
683.5937
683.5937
761.7187
761.7187
810.5469
810.5469
898.4375
898.4375
1020.5078
1020.5078
1118.1641
1118.1641
1191.4062
1191.4062
1323.2422
1323.2422
1381.8359
1381.8359
1425.7812
1425.7812
1552.7344
1552.7344
1689.4531
1689.4531
1796.8750
1796.8750
1865.2344
1865.2344
1806.6406
1806.6406
1538.0859
1538.0859
1132.8125
1132.8125
732.4219
732.4219
332.0312
332.0312
0.0000
0.0000
0.0000
0.0000
0.0000
0.0000
0.0000
0.0000
0.0000
0.0000
0.0000
0.0000
0.0000
0.0000
0.0000
0.0000
0.0000
0.0000
0.0000
0.0000
0.0000
0.0000
0.0000
0.0000
0.0000
0.0000
0.0000
0.0000
0.0000
0.0000
0.0000
0.0000
0.0000
0.0000
0.0000
0.0000
0.0000
0.0000
0.0000
0.0000
0.0000
0.0000
0.0000
0.0000
0.0000
0.0000
0.0000
0.0000
0.0000
0.0000
0.0000
0.0000
0.0000
0.0000
0.0000
0.0000
14.6484
14.6484
68.3594
68.3594
122.0703
122.0703
244.1406
244.1406
307.6172
307.6172
341.7969
341.7969
444.3359
444.3359
488.2812
488.2812
483.3984
483.3984
532.2266
532.2266
605.4687
605.4687
664.0625
664.0625
732.4219
732.4219
844.7266
844.7266
903.3203
903.3203
922.8516
922.8516
1010.7422
1010.7422
1069.3359
1069.3359
1103.5156
1103.5156
1181.6406
1181.6406
1269.5312
1269.5312
1367.1875
1367.1875
1542.9687
1542.9687
1791.9922
1791.9922
1914.0625
1914.0625
1875.0000
1875.0000
1718.7500
1718.7500
1323.2422
1323.2422
791.0156
791.0156
327.1484
327.1484
0.0000
0.0000
0.0000
0.0000
0.0000
0.0000
0.0000
0.0000
0.0000
0.0000
0.0000
0.0000
0.0000
0.0000
0.0000
0.0000
0.0000
0.0000
0.0000
0.0000
0.0000
0.0000
0.0000
0.0000
0.0000
0.0000
0.0000
0.0000
0.0000
0.0000
0.0000
0.0000
0.0000
0.0000
0.0000
0.0000
0.0000
0.0000
0.0000
0.0000
0.0000
0.0000
0.0000
0.0000
0.0000
0.0000
0.0000
0.0000
0.0000
0.0000
0.0000
0.0000
92.7734
92.7734
224.6094
224.6094
317.3828
317.3828
463.8672
463.8672
546.8750
546.8750
576.1719
576.1719
644.5312
644.5312
688.4766
688.4766
673.8281
673.8281
678.7109
678.7109
737.3047
737.3047
756.8359
756.8359
776.3672
776.3672
874.0234
874.0234
932.6172
932.6172
976.5625
976.5625
1093.7500
1093.7500
1201.1719
1201.1719
1269.5312
1269.5312
1347.6562
1347.6562
1464.8437
1464.8437
1567.3828
1567.3828
1704.1016
1704.1016
1870.1172
1870.1172
1879.8828
1879.8828
1708.9844
1708.9844
1459.9609
1459.9609
1108.3984
1108.3984
712.8906
712.8906
366.2109
366.2109
53.7109
53.7109
0.0000
0.0000
0.0000
0.0000
0.0000
0.0000
0.0000
0.0000
0.0000
0.0000
0.0000
0.0000
0.0000
0.0000
0.0000
0.0000
0.0000
0.0000
0.0000
0.0000
0.0000
0.0000
0.0000
0.0000
0.0000
0.0000
0.0000
0.0000
0.0000
0.0000
0.0000
0.0000
0.0000
0.0000
0.0000
0.0000
0.0000
0.0000
0.0000
0.0000
0.0000
0.0000
0.0000
0.0000
0.0000
0.0000
0.0000
0.0000
0.0000
0.0000
0.0000
0.0000
19.5312
19.5312
48.8281
48.8281
131.8359
131.8359
190.4297
190.4297
214.8437
214.8437
273.4375
273.4375
366.2109
366.2109
395.5078
395.5078
415.0391
415.0391
493.1641
493.1641
537.1094
537.1094
551.7578
551.7578
639.6484
639.6484
712.8906
712.8906
756.8359
756.8359
839.8437
839.8437
922.8516
922.8516
961.9141
961.9141
996.0937
996.0937
1093.7500
1093.7500
1137.6953
1137.6953
1191.4062
1191.4062
1362.3047
1362.3047
1547.8516
1547.8516
1718.7500
1718.7500
1855.4687
1855.4687
1845.7031
1845.7031
1601.5625
1601.5625
1206.0547
1206.0547
771.4844
771.4844
292.9687
292.9687
0.0000
0.0000
0.0000
0.0000
0.0000
0.0000
0.0000
0.0000
0.0000
0.0000
0.0000
0.0000
0.0000
0.0000
0.0000
0.0000
0.0000
0.0000
0.0000
0.0000
0.0000
0.0000
0.0000
0.0000
0.0000
0.0000
0.0000
0.0000
0.0000
0.0000
0.0000
0.0000
0.0000
0.0000
0.0000
0.0000
0.0000
0.0000
0.0000
0.0000
0.0000
0.0000
0.0000
0.0000
0.0000
0.0000
0.0000
0.0000
0.0000
0.0000
43.9453
43.9453
122.0703
122.0703
229.4922
229.4922
366.2109
366.2109
434.5703
434.5703
488.2812
488.2812
576.1719
576.1719
605.4687
605.4687
600.5859
600.5859
659.1797
659.1797
683.5937
683.5937
683.5937
683.5937
747.0703
747.0703
830.0781
830.0781
883.7891
883.7891
957.0312
957.0312
1074.2187
1074.2187
1132.8125
1132.8125
1176.7578
1176.7578
1303.7109
1303.7109
1376.9531
1376.9531
1430.6641
1430.6641
1577.1484
1577.1484
1767.5781
1767.5781
1904.2969
1904.2969
1972.6562
1972.6562
1918.9453
1918.9453
1640.6250
1640.6250
1225.5859
1225.5859
834.9609
834.9609
405.2734
405.2734
0.0000
0.0000
0.0000
0.0000
0.0000
0.0000
0.0000
0.0000
0.0000
0.0000
0.0000
0.0000
0.0000
0.0000
0.0000
0.0000
0.0000
0.0000
0.0000
0.0000
0.0000
0.0000
0.0000
0.0000
0.0000
0.0000
0.0000
0.0000
0.0000
0.0000
0.0000
0.0000
0.0000
0.0000
0.0000
0.0000
0.0000
0.0000
0.0000
0.0000
0.0000
0.0000
0.0000
0.0000
0.0000
0.0000
0.0000
0.0000
0.0000
0.0000
0.0000
0.0000
0.0000
0.0000
0.0000
0.0000
117.1875
117.1875
180.6641
180.6641
195.3125
195.3125
278.3203
278.3203
332.0312
332.0312
341.7969
341.7969
410.1562
410.1562
473.6328
473.6328
493.1641
493.1641
517.5781
517.5781
615.2344
615.2344
683.5937
683.5937
747.0703
747.0703
888.6719
888.6719
986.3281
986.3281
1044.9219
1044.9219
1157.2266
1157.2266
1240.2344
1240.2344
1259.7656
1259.7656
1289.0625
1289.0625
1376.9531
1376.9531
1464.8437
1464.8437
1591.7969
1591.7969
1826.1719
1826.1719
1977.5391
1977.5391
1977.5391
1977.5391
1865.2344
1865.2344
1528.3203
1528.3203
991.2109
991.2109
449.2187
449.2187
9.7656
9.7656
0.0000
0.0000
0.0000
0.0000
0.0000
0.0000
0.0000
0.0000
0.0000
0.0000
0.0000
0.0000
0.0000
0.0000
0.0000
0.0000
0.0000
0.0000
0.0000
0.0000
0.0000
0.0000
0.0000
0.0000
0.0000
0.0000
0.0000
0.0000
0.0000
0.0000
0.0000
0.0000
0.0000
0.0000
0.0000
0.0000
0.0000
0.0000
0.0000
0.0000
0.0000
0.0000
0.0000
0.0000
0.0000
0.0000
0.0000
0.0000
0.0000
0.0000
0.0000
0.0000
48.8281
48.8281
117.1875
117.1875
249.0234
249.0234
375.9766
375.9766
434.5703
434.5703
483.3984
483.3984
571.2891
571.2891
600.5859
605.4687
605.4687
683.5937
683.5937
722.6562
722.6562
737.3047
737.3047
830.0781
830.0781
830.0781
917.9687
917.9687
971.6797
971.6797
1049.8047
1049.8047
1166.9922
1240.2344
1240.2344
1308.5937
1308.5937
1450.1953
1450.1953
1567.3828
1567.3828
1699.2187
1699.2187
1699.2187
1889.6484
1889.6484
2001.9531
2001.9531
1943.3594
1943.3594
1733.3984
1733.3984
1386.7187
922.8516
922.8516
449.2187
449.2187
68.3594
68.3594
0.0000
0.0000
0.0000
0.0000
0.0000
0.0000
0.0000
0.0000
0.0000
0.0000
0.0000
0.0000
0.0000
0.0000
0.0000
0.0000
0.0000
0.0000
0.0000
0.0000
0.0000
0.0000
0.0000
0.0000
0.0000
0.0000
0.0000
0.0000
0.0000
0.0000
0.0000
0.0000
0.0000
0.0000
0.0000
0.0000
0.0000
0.0000
0.0000
0.0000
0.0000
0.0000
0.0000
0.0000
0.0000
0.0000
0.0000
0.0000
0.0000
0.0000
0.0000
0.0000
0.0000
0.0000
58.5937
58.5937
131.8359
131.8359
214.8437
214.8437
239.2578
239.2578
253.9062
253.9062
327.1484
327.1484
351.5625
351.5625
336.9141
336.9141
380.8594
380.8594
419.9219
419.9219
439.4531
439.4531
512.6953
512.6953
615.2344
615.2344
668.9453
668.9453
742.1875
742.1875
874.0234
874.0234
947.2656
947.2656
976.5625
976.5625
1059.5703
1059.5703
1113.2812
1113.2812
1137.6953
1137.6953
1225.5859
1225.5859
1362.3047
1362.3047
1508.7891
1508.7891
1674.8047
1674.8047
1831.0547
1831.0547
1811.5234
1811.5234
1601.5625
1601.5625
1293.9453
1293.9453
839.8437
839.8437
351.5625
351.5625
0.0000
0.0000
0.0000
0.0000
0.0000
0.0000
0.0000
0.0000
0.0000
0.0000
0.0000
0.0000
0.0000
0.0000
0.0000
0.0000
0.0000
0.0000
0.0000
0.0000
0.0000
0.0000
0.0000
0.0000
0.0000
0.0000
0.0000
0.0000
0.0000
0.0000
0.0000
0.0000
0.0000
0.0000
0.0000
0.0000
0.0000
0.0000
0.0000
0.0000
0.0000
0.0000
0.0000
0.0000
0.0000
0.0000
0.0000
0.0000
0.0000
0.0000
0.0000
0.0000
0.0000
0.0000
102.5391
102.5391
200.1953
200.1953
288.0859
288.0859
434.5703
434.5703
541.9922
541.9922
585.9375
585.9375
664.0625
664.0625
742.1875
742.1875
761.7187
761.7187
781.2500
781.2500
849.6094
849.6094
869.1406
869.1406
874.0234
874.0234
961.9141
961.9141
1020.5078
1020.5078
1049.8047
1049.8047
1127.9297
1127.9297
1210.9375
1210.9375
1259.7656
1259.7656
1313.4766
1313.4766
1430.6641
1430.6641
1538.0859
1538.0859
1674.8047
1674.8047
1865.2344
1865.2344
1909.1797
1909.1797
1762.6953
1762.6953
1508.7891
1508.7891
1152.3437
1152.3437
747.0703
747.0703
375.9766
375.9766
68.3594
68.3594
0.0000
0.0000
0.0000
0.0000
0.0000
0.0000
0.0000
0.0000
0.0000
0.0000
0.0000
0.0000
0.0000
0.0000
0.0000
0.0000
0.0000
0.0000
0.0000
0.0000
0.0000
0.0000
0.0000
0.0000
0.0000
0.0000
0.0000
0.0000
0.0000
0.0000
0.0000
0.0000
0.0000
0.0000
0.0000
0.0000
0.0000
0.0000
0.0000
0.0000
0.0000
0.0000
0.0000
0.0000
0.0000
0.0000
0.0000
0.0000
0.0000
0.0000
0.0000
0.0000
0.0000
0.0000
0.0000
0.0000
68.3594
68.3594
166.0156
166.0156
200.1953
200.1953
244.1406
244.1406
341.7969
341.7969
375.9766
375.9766
385.7422
385.7422
473.6328
473.6328
537.1094
537.1094
566.4062
566.4062
659.1797
659.1797
761.7187
761.7187
810.5469
810.5469
874.0234
874.0234
976.5625
976.5625
1015.6250
1015.6250
1040.0391
1040.0391
1127.9297
1127.9297
1171.8750
1171.8750
1201.1719
1201.1719
1352.5391
1352.5391
1542.9687
1542.9687
1694.3359
1694.3359
1777.3437
1777.3437
1752.9297
1752.9297
1513.6719
1513.6719
1103.5156
1103.5156
693.3594
693.3594
258.7891
258.7891
0.0000
0.0000
0.0000
0.0000
0.0000
0.0000
0.0000
0.0000
0.0000
0.0000
0.0000
0.0000
0.0000
0.0000
0.0000
0.0000
0.0000
0.0000
0.0000
0.0000
0.0000
0.0000
0.0000
0.0000
0.0000
0.0000
0.0000
0.0000
0.0000
0.0000
0.0000
0.0000
0.0000
0.0000
0.0000
0.0000
0.0000
0.0000
0.0000
0.0000
0.0000
0.0000
0.0000
0.0000
0.0000
0.0000
0.0000
0.0000
0.0000
0.0000
48.8281
48.8281
112.3047
112.3047
190.4297
190.4297
341.7969
341.7969
439.4531
439.4531
502.9297
502.9297
605.4687
605.4687
654.2969
654.2969
659.1797
659.1797
742.1875
742.1875
810.5469
810.5469
839.8437
839.8437
878.9062
878.9062
957.0312
957.0312
991.2109
991.2109
1005.8594
1005.8594
1088.8672
1088.8672
1132.8125
1132.8125
1142.5781
1142.5781
1220.7031
1220.7031
1298.8281
1298.8281
1352.5391
1352.5391
1455.0781
1455.0781
1640.6250
1640.6250
1787.1094
1787.1094
1865.2344
1865.2344
1850.5859
1850.5859
1635.7422
1635.7422
1254.8828
1254.8828
874.0234
874.0234
468.7500
468.7500
53.7109
53.7109
0.0000
0.0000
0.0000
0.0000
0.0000
0.0000
0.0000
0.0000
0.0000
0.0000
0.0000
0.0000
0.0000
0.0000
0.0000
0.0000
0.0000
0.0000
0.0000
0.0000
0.0000
0.0000
0.0000
0.0000
0.0000
0.0000
0.0000
0.0000
0.0000
0.0000
0.0000
0.0000
0.0000
0.0000
0.0000
0.0000
0.0000
0.0000
0.0000
0.0000
0.0000
0.0000
0.0000
0.0000
0.0000
0.0000
0.0000
0.0000
0.0000
0.0000
0.0000
0.0000
0.0000
0.0000
0.0000
0.0000
73.2422
73.2422
112.3047
112.3047
190.4297
190.4297
268.5547
268.5547
288.0859
288.0859
327.1484
327.1484
395.5078
395.5078
390.6250
390.6250
400.3906
400.3906
502.9297
502.9297
556.6406
556.6406
581.0547
581.0547
703.1250
703.1250
805.6641
805.6641
864.2578
864.2578
961.9141
961.9141
1074.2187
1074.2187
1113.2812
1113.2812
1127.9297
1127.9297
1220.7031
1220.7031
1289.0625
1289.0625
1416.0156
1416.0156
1665.0391
1665.0391
1860.3516
1860.3516
1918.9453
1918.9453
1855.4687
1855.4687
1625.9766
1625.9766
1162.1094
1162.1094
644.5312
644.5312
205.0781
205.0781
0.0000
0.0000
0.0000
0.0000
0.0000
0.0000
0.0000
0.0000
0.0000
0.0000
0.0000
0.0000
0.0000
0.0000
0.0000
0.0000
0.0000
0.0000
0.0000
0.0000
0.0000
0.0000
0.0000
0.0000
0.0000
0.0000
0.0000
0.0000
0.0000
0.0000
0.0000
0.0000
0.0000
0.0000
0.0000
0.0000
0.0000
0.0000
0.0000
0.0000
0.0000
0.0000
0.0000
0.0000
0.0000
0.0000
0.0000
0.0000
48.8281
48.8281
185.5469
185.5469
288.0859
288.0859
336.9141
336.9141
415.0391
415.0391
532.2266
532.2266
585.9375
585.9375
620.1172
620.1172
698.2422
698.2422
717.7734
717.7734
712.8906
712.8906
791.0156
791.0156
844.7266
844.7266
849.6094
849.6094
908.2031
908.2031
976.5625
976.5625
991.2109
991.2109
1030.2734
1030.2734
1137.6953
1137.6953
1196.2891
1196.2891
1225.5859
1225.5859
1328.1250
1328.1250
1430.6641
1430.6641
1538.0859
1538.0859
1723.6328
1723.6328
1870.1172
1870.1172
1860.3516
1860.3516
1708.9844
1708.9844
1469.7266
1469.7266
1083.9844
1083.9844
668.9453
668.9453
351.5625
351.5625
24.4141
24.4141
0.0000
0.0000
0.0000
0.0000
0.0000
0.0000
0.0000
0.0000
0.0000
0.0000
0.0000
0.0000
0.0000
0.0000
0.0000
0.0000
0.0000
0.0000
0.0000
0.0000
0.0000
0.0000
0.0000
0.0000
0.0000
0.0000
0.0000
0.0000
0.0000
0.0000
0.0000
0.0000
0.0000
0.0000
0.0000
0.0000
0.0000
0.0000
0.0000
0.0000
0.0000
0.0000
0.0000
0.0000
0.0000
0.0000
0.0000
0.0000
0.0000
0.0000
0.0000
0.0000
0.0000
0.0000
0.0000
0.0000
39.0625
39.0625
73.2422
73.2422
73.2422
73.2422
161.1328
161.1328
214.8437
214.8437
229.4922
229.4922
278.3203
278.3203
341.7969
341.7969
366.2109
366.2109
424.8047
424.8047
556.6406
556.6406
644.5312
644.5312
703.1250
703.1250
825.1953
825.1953
908.2031
908.2031
961.9141
961.9141
1054.6875
1054.6875
1127.9297
1127.9297
1152.3437
1152.3437
1235.3516
1235.3516
1440.4297
1440.4297
1655.2734
1655.2734
1821.2891
1821.2891
1923.8281
1923.8281
1816.4062
1816.4062
1508.7891
1508.7891
1137.6953
1137.6953
693.3594
693.3594
200.1953
200.1953
0.0000
0.0000
0.0000
0.0000
0.0000
0.0000
0.0000
0.0000
0.0000
0.0000
0.0000
0.0000
0.0000
0.0000
0.0000
0.0000
0.0000
0.0000
0.0000
0.0000
0.0000
0.0000
0.0000
0.0000
0.0000
0.0000
0.0000
0.0000
0.0000
0.0000
0.0000
0.0000
0.0000
0.0000
0.0000
0.0000
0.0000
0.0000
0.0000
0.0000
0.0000
0.0000
0.0000
0.0000
0.0000
0.0000
0.0000
0.0000
0.0000
0.0000
73.2422
73.2422
112.3047
112.3047
214.8437
214.8437
288.0859
288.0859
341.7969
341.7969
463.8672
463.8672
581.0547
581.0547
634.7656
634.7656
678.7109
678.7109
761.7187
761.7187
786.1328
786.1328
810.5469
810.5469
893.5547
893.5547
927.7344
927.7344
937.5000
937.5000
1000.9766
1000.9766
1074.2187
1074.2187
1108.3984
1108.3984
1166.9922
1166.9922
1254.8828
1308.5937
1308.5937
1362.3047
1362.3047
1513.6719
1513.6719
1674.8047
1674.8047
1816.4062
1816.4062
1816.4062
1948.2422
1948.2422
1933.5937
1933.5937
1713.8672
1713.8672
1396.4844
1396.4844
1035.1562
610.3516
610.3516
205.0781
205.0781
0.0000
0.0000
0.0000
0.0000
0.0000
0.0000
0.0000
0.0000
0.0000
0.0000
0.0000
0.0000
0.0000
0.0000
0.0000
0.0000
0.0000
0.0000
0.0000
0.0000
0.0000
0.0000
0.0000
0.0000
0.0000
0.0000
0.0000
0.0000
0.0000
0.0000
0.0000
0.0000
0.0000
0.0000
0.0000
0.0000
0.0000
0.0000
0.0000
0.0000
0.0000
0.0000
0.0000
0.0000
0.0000
0.0000
0.0000
0.0000
0.0000
0.0000
0.0000
0.0000
0.0000
0.0000
0.0000
0.0000
43.9453
43.9453
83.0078
83.0078
146.4844
146.4844
151.3672
151.3672
151.3672
151.3672
234.3750
234.3750
278.3203
278.3203
292.9687
292.9687
366.2109
366.2109
439.4531
439.4531
498.0469
498.0469
595.7031
595.7031
732.4219
732.4219
820.3125
820.3125
878.9062
878.9062
1005.8594
1005.8594
1069.3359
1069.3359
1083.9844
1083.9844
1142.5781
1142.5781
1206.0547
1206.0547
1269.5312
1269.5312
1430.6641
1430.6641
1640.6250
1640.6250
1752.9297
1752.9297
1723.6328
1723.6328
1577.1484
1577.1484
1206.0547
1206.0547
688.4766
688.4766
234.3750
234.3750
0.0000
0.0000
0.0000
0.0000
0.0000
0.0000
0.0000
0.0000
0.0000
0.0000
0.0000
0.0000
0.0000
0.0000
0.0000
0.0000
0.0000
0.0000
0.0000
0.0000
0.0000
0.0000
0.0000
0.0000
0.0000
0.0000
0.0000
0.0000
0.0000
0.0000
0.0000
0.0000
0.0000
0.0000
0.0000
0.0000
0.0000
0.0000
0.0000
0.0000
0.0000
0.0000
0.0000
0.0000
0.0000
0.0000
0.0000
0.0000
43.9453
43.9453
146.4844
146.4844
273.4375
273.4375
327.1484
327.1484
341.7969
341.7969
429.6875
429.6875
473.6328
473.6328
498.0469
498.0469
590.8203
590.8203
654.2969
654.2969
654.2969
654.2969
703.1250
703.1250
776.3672
776.3672
810.5469
810.5469
844.7266
844.7266
937.5000
937.5000
976.5625
976.5625
976.5625
976.5625
1059.5703
1059.5703
1123.0469
1123.0469
1147.4609
1147.4609
1215.8203
1215.8203
1313.4766
1313.4766
1386.7187
1386.7187
1499.0234
1499.0234
1708.9844
1708.9844
1865.2344
1865.2344
1938.4766
1938.4766
1958.0078
1958.0078
1801.7578
1801.7578
1464.8437
1464.8437
1093.7500
1093.7500
698.2422
698.2422
278.3203
278.3203
0.0000
0.0000
0.0000
0.0000
0.0000
0.0000
0.0000
0.0000
0.0000
0.0000
0.0000
0.0000
0.0000
0.0000
0.0000
0.0000
0.0000
0.0000
0.0000
0.0000
0.0000
0.0000
0.0000
0.0000
0.0000
0.0000
0.0000
0.0000
0.0000
0.0000
0.0000
0.0000
0.0000
0.0000
0.0000
0.0000
0.0000
0.0000
0.0000
0.0000
0.0000
0.0000
0.0000
0.0000
0.0000
0.0000
0.0000
0.0000
0.0000
0.0000
0.0000
0.0000
0.0000
0.0000
0.0000
0.0000
122.0703
122.0703
180.6641
180.6641
253.9062
253.9062
327.1484
327.1484
356.4453
356.4453
385.7422
385.7422
463.8672
463.8672
498.0469
498.0469
498.0469
498.0469
590.8203
590.8203
668.9453
668.9453
722.6562
722.6562
834.9609
834.9609
937.5000
937.5000
1000.9766
1000.9766
1064.4531
1064.4531
1162.1094
1162.1094
1181.6406
1181.6406
1162.1094
1162.1094
1201.1719
1201.1719
1235.3516
1235.3516
1328.1250
1328.1250
1542.9687
1542.9687
1752.9297
1752.9297
1835.9375
1835.9375
1791.9922
1791.9922
1635.7422
1635.7422
1240.2344
1240.2344
737.3047
737.3047
288.0859
288.0859
0.0000
0.0000
0.0000
0.0000
0.0000
0.0000
0.0000
0.0000
0.0000
0.0000
0.0000
0.0000
0.0000
0.0000
0.0000
0.0000
0.0000
0.0000
0.0000
0.0000
0.0000
0.0000
0.0000
0.0000
0.0000
0.0000
0.0000
0.0000
0.0000
0.0000
0.0000
0.0000
0.0000
0.0000
0.0000
0.0000
0.0000
0.0000
0.0000
0.0000
0.0000
0.0000
0.0000
0.0000
0.0000
0.0000
0.0000
0.0000
0.0000
0.0000
0.0000
0.0000
117.1875
117.1875
190.4297
190.4297
278.3203
278.3203
429.6875
429.6875
532.2266
532.2266
615.2344
615.2344
747.0703
747.0703
800.7812
800.7812
810.5469
810.5469
878.9062
878.9062
942.3828
942.3828
957.0312
957.0312
976.5625
976.5625
1035.1562
1035.1562
1044.9219
1044.9219
1054.6875
1054.6875
1147.4609
1147.4609
1206.0547
1206.0547
1235.3516
1235.3516
1337.8906
1337.8906
1450.1953
1450.1953
1567.3828
1567.3828
1748.0469
1748.0469
1923.8281
1923.8281
1928.7109
1928.7109
1782.2266
1782.2266
1542.9687
1542.9687
1142.5781
1142.5781
683.5937
683.5937
317.3828
317.3828
0.0000
0.0000
0.0000
0.0000
0.0000
0.0000
0.0000
0.0000
0.0000
0.0000
0.0000
0.0000
0.0000
0.0000
0.0000
0.0000
0.0000
0.0000
0.0000
0.0000
0.0000
0.0000
0.0000
0.0000
0.0000
0.0000
0.0000
0.0000
0.0000
0.0000
0.0000
0.0000
0.0000
0.0000
0.0000
0.0000
0.0000
0.0000
0.0000
0.0000
0.0000
0.0000
0.0000
0.0000
0.0000
0.0000
0.0000
0.0000
0.0000
0.0000
0.0000
0.0000
0.0000
0.0000
34.1797
34.1797
97.6562
97.6562
219.7266
219.7266
278.3203
278.3203
273.4375
273.4375
317.3828
317.3828
361.3281
361.3281
375.9766
375.9766
415.0391
415.0391
483.3984
483.3984
498.0469
498.0469
507.8125
507.8125
605.4687
605.4687
673.8281
673.8281
717.7734
717.7734
830.0781
830.0781
913.0859
913.0859
942.3828
942.3828
1015.6250
1015.6250
1108.3984
1108.3984
1137.6953
1137.6953
1191.4062
1191.4062
1362.3047
1362.3047
1518.5547
1518.5547
1650.3906
1650.3906
1762.6953
1762.6953
1708.9844
1708.9844
1469.7266
1469.7266
1166.9922
1166.9922
810.5469
810.5469
390.6250
390.6250
24.4141
24.4141
0.0000
0.0000
0.0000
0.0000
0.0000
0.0000
0.0000
0.0000
0.0000
0.0000
0.0000
0.0000
0.0000
0.0000
0.0000
0.0000
0.0000
0.0000
0.0000
0.0000
0.0000
0.0000
0.0000
0.0000
0.0000
0.0000
0.0000
0.0000
0.0000
0.0000
0.0000
0.0000
0.0000
0.0000
0.0000
0.0000
0.0000
0.0000
0.0000
0.0000
0.0000
0.0000
0.0000
0.0000
0.0000
0.0000
0.0000
0.0000
0.0000
0.0000
14.6484
14.6484
102.5391
102.5391
161.1328
161.1328
185.5469
185.5469
239.2578
239.2578
327.1484
327.1484
351.5625
351.5625
366.2109
366.2109
439.4531
439.4531
468.7500
468.7500
478.5156
478.5156
576.1719
576.1719
649.4141
649.4141
673.8281
673.8281
737.3047
737.3047
815.4297
815.4297
854.4922
854.4922
908.2031
908.2031
1020.5078
1020.5078
1079.1016
1079.1016
1127.9297
1127.9297
1289.0625
1289.0625
1474.6094
1474.6094
1655.2734
1655.2734
1845.7031
1845.7031
1948.2422
1948.2422
1865.2344
1865.2344
1655.2734
1655.2734
1367.1875
1367.1875
966.7969
966.7969
522.4609
522.4609
166.0156
166.0156
0.0000
0.0000
0.0000
0.0000
0.0000
0.0000
0.0000
0.0000
0.0000
0.0000
0.0000
0.0000
0.0000
0.0000
0.0000
0.0000
0.0000
0.0000
0.0000
0.0000
0.0000
0.0000
0.0000
0.0000
0.0000
0.0000
0.0000
0.0000
0.0000
0.0000
0.0000
0.0000
0.0000
0.0000
0.0000
0.0000
0.0000
0.0000
0.0000
0.0000
0.0000
0.0000
0.0000
0.0000
0.0000
0.0000
0.0000
0.0000
0.0000
0.0000
0.0000
0.0000
78.1250
78.1250
126.9531
126.9531
170.8984
170.8984
249.0234
249.0234
258.7891
258.7891
249.0234
249.0234
322.2656
322.2656
371.0937
371.0937
390.6250
390.6250
458.9844
458.9844
522.4609
522.4609
551.7578
551.7578
625.0000
625.0000
756.8359
756.8359
839.8437
839.8437
898.4375
898.4375
1000.9766
1000.9766
1059.5703
1059.5703
1088.8672
1088.8672
1176.7578
1176.7578
1240.2344
1240.2344
1264.6484
1264.6484
1357.4219
1357.4219
1542.9687
1542.9687
1679.6875
1679.6875
1738.2812
1738.2812
1738.2812
1738.2812
1528.3203
1528.3203
1142.5781
1142.5781
747.0703
747.0703
332.0312
332.0312
0.0000
0.0000
0.0000
0.0000
0.0000
0.0000
0.0000
0.0000
0.0000
0.0000
0.0000
0.0000
0.0000
0.0000
0.0000
0.0000
0.0000
0.0000
0.0000
0.0000
0.0000
0.0000
0.0000
0.0000
0.0000
0.0000
0.0000
0.0000
0.0000
0.0000
0.0000
0.0000
0.0000
0.0000
0.0000
0.0000
0.0000
0.0000
0.0000
0.0000
0.0000
0.0000
0.0000
0.0000
0.0000
0.0000
0.0000
0.0000
0.0000
0.0000
0.0000
0.0000
34.1797
34.1797
63.4766
63.4766
161.1328
161.1328
219.7266
219.7266
258.7891
258.7891
356.4453
356.4453
449.2187
449.2187
478.5156
478.5156
502.9297
502.9297
576.1719
576.1719
625.0000
625.0000
659.1797
659.1797
771.4844
771.4844
834.9609
834.9609
854.4922
854.4922
932.6172
932.6172
1005.8594
1005.8594
1044.9219
1044.9219
1103.5156
1103.5156
1191.4062
1191.4062
1250.0000
1250.0000
1337.8906
1337.8906
1533.2031
1533.2031
1679.6875
1679.6875
1728.5156
1728.5156
1713.8672
1713.8672
1562.5000
1562.5000
1259.7656
1259.7656
952.1484
952.1484
668.9453
322.2656
322.2656
0.0000
0.0000
0.0000
0.0000
0.0000
0.0000
0.0000
0.0000
0.0000
0.0000
0.0000
0.0000
0.0000
0.0000
0.0000
0.0000
0.0000
0.0000
0.0000
0.0000
0.0000
0.0000
0.0000
0.0000
0.0000
0.0000
0.0000
0.0000
0.0000
0.0000
0.0000
0.0000
0.0000
0.0000
0.0000
0.0000
0.0000
0.0000
0.0000
0.0000
0.0000
0.0000
0.0000
0.0000
0.0000
0.0000
0.0000
0.0000
0.0000
0.0000
0.0000
0.0000
0.0000
0.0000
0.0000
0.0000
58.5937
58.5937
112.3047
112.3047
166.0156
166.0156
249.0234
249.0234
273.4375
273.4375
288.0859
288.0859
375.9766
375.9766
419.9219
419.9219
434.5703
434.5703
522.4609
522.4609
610.3516
610.3516
678.7109
678.7109
795.8984
795.8984
937.5000
937.5000
1030.2734
1030.2734
1088.8672
1088.8672
1196.2891
1196.2891
1240.2344
1240.2344
1250.0000
1250.0000
1333.0078
1333.0078
1406.2500
1406.2500
1499.0234
1499.0234
1694.3359
1694.3359
1894.5312
1894.5312
1948.2422
1948.2422
1870.1172
1870.1172
1684.5703
1684.5703
1279.2969
1279.2969
756.8359
756.8359
312.5000
312.5000
0.0000
0.0000
0.0000
0.0000
0.0000
0.0000
0.0000
0.0000
0.0000
0.0000
0.0000
0.0000
0.0000
0.0000
0.0000
0.0000
0.0000
0.0000
0.0000
0.0000
0.0000
0.0000
0.0000
0.0000
0.0000
0.0000
0.0000
0.0000
0.0000
0.0000
0.0000
0.0000
0.0000
0.0000
0.0000
0.0000
0.0000
0.0000
0.0000
0.0000
0.0000
0.0000
0.0000
0.0000
0.0000
0.0000
0.0000
0.0000
14.6484
14.6484
102.5391
102.5391
219.7266
219.7266
283.2031
283.2031
327.1484
327.1484
444.3359
444.3359
512.6953
512.6953
551.7578
551.7578
644.5312
644.5312
693.3594
693.3594
698.2422
698.2422
747.0703
747.0703
815.4297
815.4297
844.7266
844.7266
883.7891
883.7891
976.5625
976.5625
1015.6250
1015.6250
1040.0391
1040.0391
1142.5781
1142.5781
1220.7031
1220.7031
1259.7656
1259.7656
1333.0078
1333.0078
1411.1328
1411.1328
1474.6094
1474.6094
1591.7969
1591.7969
1762.6953
1762.6953
1840.8203
1840.8203
1791.9922
1791.9922
1674.8047
1674.8047
1386.7187
1386.7187
971.6797
971.6797
595.7031
595.7031
209.9609
209.9609
0.0000
0.0000
0.0000
0.0000
0.0000
0.0000
0.0000
0.0000
0.0000
0.0000
0.0000
0.0000
0.0000
0.0000
0.0000
0.0000
0.0000
0.0000
0.0000
0.0000
0.0000
0.0000
0.0000
0.0000
0.0000
0.0000
0.0000
0.0000
0.0000
0.0000
0.0000
0.0000
0.0000
0.0000
0.0000
0.0000
0.0000
0.0000
0.0000
0.0000
0.0000
0.0000
0.0000
0.0000
0.0000
0.0000
0.0000
0.0000
0.0000
0.0000
0.0000
0.0000
0.0000
0.0000
0.0000
0.0000
48.8281
48.8281
136.7187
136.7187
161.1328
161.1328
219.7266
219.7266
292.9687
292.9687
312.5000
312.5000
346.6797
346.6797
449.2187
449.2187
483.3984
483.3984
498.0469
498.0469
595.7031
595.7031
673.8281
673.8281
732.4219
732.4219
849.6094
849.6094
961.9141
961.9141
1005.8594
1005.8594
1069.3359
1069.3359
1171.8750
1171.8750
1210.9375
1210.9375
1245.1172
1245.1172
1381.8359
1381.8359
1538.0859
1538.0859
1699.2187
1699.2187
1865.2344
1865.2344
1889.6484
1889.6484
1718.7500
1718.7500
1420.8984
1420.8984
1025.3906
1025.3906
546.8750
546.8750
92.7734
92.7734
0.0000
0.0000
0.0000
0.0000
0.0000
0.0000
0.0000
0.0000
0.0000
0.0000
0.0000
0.0000
0.0000
0.0000
0.0000
0.0000
0.0000
0.0000
0.0000
0.0000
0.0000
0.0000
0.0000
0.0000
0.0000
0.0000
0.0000
0.0000
0.0000
0.0000
0.0000
0.0000
0.0000
0.0000
0.0000
0.0000
0.0000
0.0000
0.0000
0.0000
0.0000
0.0000
0.0000
0.0000
0.0000
0.0000
0.0000
0.0000
73.2422
73.2422
122.0703
122.0703
219.7266
219.7266
327.1484
327.1484
380.8594
380.8594
454.1016
454.1016
576.1719
576.1719
629.8828
629.8828
649.4141
649.4141
737.3047
737.3047
771.4844
771.4844
786.1328
786.1328
878.9062
878.9062
971.6797
971.6797
1000.9766
1000.9766
1044.9219
1044.9219
1118.1641
1118.1641
1142.5781
1142.5781
1166.9922
1166.9922
1245.1172
1245.1172
1274.4141
1274.4141
1279.2969
1279.2969
1396.4844
1396.4844
1572.2656
1572.2656
1708.9844
1708.9844
1782.2266
1782.2266
1743.1641
1743.1641
1503.9062
1503.9062
1162.1094
1162.1094
844.7266
844.7266
458.9844
458.9844
34.1797
34.1797
0.0000
0.0000
0.0000
0.0000
0.0000
0.0000
0.0000
0.0000
0.0000
0.0000
0.0000
0.0000
0.0000
0.0000
0.0000
0.0000
0.0000
0.0000
0.0000
0.0000
0.0000
0.0000
0.0000
0.0000
0.0000
0.0000
0.0000
0.0000
0.0000
0.0000
0.0000
0.0000
0.0000
0.0000
0.0000
0.0000
0.0000
0.0000
0.0000
0.0000
0.0000
0.0000
0.0000
0.0000
0.0000
0.0000
0.0000
0.0000
0.0000
0.0000
0.0000
0.0000
0.0000
0.0000
0.0000
0.0000
0.0000
0.0000
63.4766
63.4766
190.4297
190.4297
249.0234
249.0234
258.7891
258.7891
332.0312
332.0312
380.8594
380.8594
400.3906
400.3906
463.8672
463.8672
551.7578
551.7578
590.8203
590.8203
634.7656
634.7656
761.7187
761.7187
854.4922
854.4922
927.7344
927.7344
1054.6875
1054.6875
1152.3437
1152.3437
1206.0547
1206.0547
1279.2969
1279.2969
1362.3047
1362.3047
1420.8984
1420.8984
1528.3203
1528.3203
1728.5156
1728.5156
1875.0000
1875.0000
1914.0625
1914.0625
1865.2344
1865.2344
1611.3281
1611.3281
1176.7578
1176.7578
747.0703
747.0703
341.7969
341.7969
0.0000
0.0000
0.0000
0.0000
0.0000
0.0000
0.0000
0.0000
0.0000
0.0000
0.0000
0.0000
0.0000
0.0000
0.0000
0.0000
0.0000
0.0000
0.0000
0.0000
0.0000
0.0000
0.0000
0.0000
0.0000
0.0000
0.0000
0.0000
0.0000
0.0000
0.0000
0.0000
0.0000
0.0000
0.0000
0.0000
0.0000
0.0000
0.0000
0.0000
0.0000
0.0000
0.0000
0.0000
0.0000
0.0000
0.0000
0.0000
24.4141
24.4141
146.4844
146.4844
209.9609
209.9609
234.3750
234.3750
322.2656
322.2656
385.7422
385.7422
405.2734
405.2734
463.8672
463.8672
541.9922
541.9922
561.5234
561.5234
581.0547
581.0547
678.7109
678.7109
737.3047
737.3047
791.0156
791.0156
922.8516
922.8516
1000.9766
1000.9766
1030.2734
1030.2734
1093.7500
1093.7500
1171.8750
1171.8750
1206.0547
1206.0547
1250.0000
1250.0000
1333.0078
1333.0078
1391.6016
1391.6016
1474.6094
1474.6094
1679.6875
1679.6875
1840.8203
1840.8203
1889.6484
1889.6484
1840.8203
1840.8203
1655.2734
1655.2734
1323.2422
1323.2422
942.3828
942.3828
590.8203
590.8203
190.4297
190.4297
0.0000
0.0000
0.0000
0.0000
0.0000
0.0000
0.0000
0.0000
0.0000
0.0000
0.0000
0.0000
0.0000
0.0000
0.0000
0.0000
0.0000
0.0000
0.0000
0.0000
0.0000
0.0000
0.0000
0.0000
0.0000
0.0000
0.0000
0.0000
0.0000
0.0000
0.0000
0.0000
0.0000
0.0000
0.0000
0.0000
0.0000
0.0000
0.0000
0.0000
0.0000
0.0000
0.0000
0.0000
0.0000
0.0000
0.0000
0.0000
0.0000
0.0000
0.0000
0.0000
0.0000
0.0000
68.3594
68.3594
185.5469
185.5469
249.0234
249.0234
297.8516
297.8516
366.2109
366.2109
356.4453
356.4453
312.5000
312.5000
366.2109
366.2109
395.5078
395.5078
400.3906
400.3906
468.7500
468.7500
537.1094
537.1094
581.0547
581.0547
659.1797
659.1797
810.5469
810.5469
913.0859
913.0859
986.3281
986.3281
1113.2812
1113.2812
1176.7578
1176.7578
1201.1719
1201.1719
1289.0625
1289.0625
1411.1328
1411.1328
1542.9687
1542.9687
1708.9844
1708.9844
1860.3516
1860.3516
1831.0547
1831.0547
1640.6250
1640.6250
1347.6562
1347.6562
903.3203
903.3203
419.9219
419.9219
63.4766
63.4766
0.0000
0.0000
0.0000
0.0000
0.0000
0.0000
0.0000
0.0000
0.0000
0.0000
0.0000
0.0000
0.0000
0.0000
0.0000
0.0000
0.0000
0.0000
0.0000
0.0000
0.0000
0.0000
0.0000
0.0000
0.0000
0.0000
0.0000
0.0000
0.0000
0.0000
0.0000
0.0000
0.0000
0.0000
0.0000
0.0000
0.0000
0.0000
0.0000
0.0000
0.0000
0.0000
0.0000
0.0000
0.0000
0.0000
83.0078
83.0078
136.7187
136.7187
175.7812
175.7812
258.7891
258.7891
292.9687
292.9687
312.5000
312.5000
419.9219
419.9219
478.5156
478.5156
502.9297
502.9297
590.8203
590.8203
664.0625
664.0625
698.2422
698.2422
747.0703
747.0703
849.6094
849.6094
922.8516
922.8516
976.5625
976.5625
1093.7500
1093.7500
1142.5781
1142.5781
1162.1094
1162.1094
1254.8828
1254.8828
1333.0078
1333.0078
1367.1875
1367.1875
1416.0156
1416.0156
1513.6719
1513.6719
1606.4453
1606.4453
1738.2812
1738.2812
1914.0625
1914.0625
1938.4766
1938.4766
1772.4609
1772.4609
1503.9062
1503.9062
1127.9297
1127.9297
673.8281
673.8281
258.7891
258.7891
0.0000
0.0000
0.0000
0.0000
0.0000
0.0000
0.0000
0.0000
0.0000
0.0000
0.0000
0.0000
0.0000
0.0000
0.0000
0.0000
0.0000
0.0000
0.0000
0.0000
0.0000
0.0000
0.0000
0.0000
0.0000
0.0000
0.0000
0.0000
0.0000
0.0000
0.0000
0.0000
0.0000
0.0000
0.0000
0.0000
0.0000
0.0000
0.0000
0.0000
0.0000
0.0000
0.0000
0.0000
0.0000
0.0000
0.0000
0.0000
0.0000
0.0000
0.0000
0.0000
0.0000
0.0000
0.0000
0.0000
24.4141
131.8359
131.8359
214.8437
214.8437
249.0234
249.0234
288.0859
288.0859
288.0859
341.7969
341.7969
332.0312
332.0312
336.9141
336.9141
424.8047
483.3984
483.3984
502.9297
502.9297
576.1719
576.1719
644.5312
644.5312
703.1250
703.1250
805.6641
805.6641
937.5000
937.5000
1025.3906
1025.3906
1098.6328
1098.6328
1215.8203
1215.8203
1284.1797
1284.1797
1372.0703
1372.0703
1577.1484
1577.1484
1772.4609
1772.4609
1865.2344
1865.2344
1855.4687
1855.4687
1689.4531
1689.4531
1313.4766
1313.4766
859.3750
859.3750
454.1016
454.1016
58.5937
58.5937
0.0000
0.0000
0.0000
0.0000
0.0000
0.0000
0.0000
0.0000
0.0000
0.0000
0.0000
0.0000
0.0000
0.0000
0.0000
0.0000
0.0000
0.0000
0.0000
0.0000
0.0000
0.0000
0.0000
0.0000
0.0000
0.0000
0.0000
0.0000
0.0000
0.0000
0.0000
0.0000
0.0000
0.0000
0.0000
0.0000
0.0000
0.0000
0.0000
0.0000
0.0000
0.0000
0.0000
0.0000
0.0000
0.0000
0.0000
0.0000
9.7656
9.7656
107.4219
107.4219
151.3672
151.3672
219.7266
219.7266
317.3828
317.3828
361.3281
361.3281
400.3906
400.3906
483.3984
483.3984
527.3437
527.3437
546.8750
546.8750
634.7656
634.7656
688.4766
688.4766
717.7734
717.7734
810.5469
810.5469
917.9687
917.9687
971.6797
971.6797
1010.7422
1010.7422
1079.1016
1079.1016
1103.5156
1103.5156
1118.1641
1118.1641
1201.1719
1201.1719
1250.0000
1250.0000
1289.0625
1289.0625
1435.5469
1435.5469
1611.3281
1611.3281
1708.9844
1708.9844
1713.8672
1713.8672
1611.3281
1611.3281
1337.8906
1337.8906
981.4453
981.4453
712.8906
712.8906
410.1562
410.1562
78.1250
78.1250
0.0000
0.0000
0.0000
0.0000
0.0000
0.0000
0.0000
0.0000
0.0000
0.0000
0.0000
0.0000
0.0000
0.0000
0.0000
0.0000
0.0000
0.0000
0.0000
0.0000
0.0000
0.0000
0.0000
0.0000
0.0000
0.0000
0.0000
0.0000
0.0000
0.0000
0.0000
0.0000
0.0000
0.0000
0.0000
0.0000
0.0000
0.0000
0.0000
0.0000
0.0000
0.0000
0.0000
0.0000
0.0000
0.0000
0.0000
0.0000
0.0000
0.0000
0.0000
0.0000
14.6484
14.6484
170.8984
170.8984
258.7891
258.7891
292.9687
292.9687
390.6250
390.6250
454.1016
454.1016
468.7500
468.7500
517.5781
517.5781
556.6406
556.6406
551.7578
551.7578
556.6406
556.6406
625.0000
625.0000
659.1797
659.1797
683.5937
683.5937
795.8984
795.8984
888.6719
888.6719
942.3828
942.3828
1049.8047
1049.8047
1142.5781
1142.5781
1196.2891
1196.2891
1250.0000
1250.0000
1337.8906
1337.8906
1391.6016
1391.6016
1474.6094
1474.6094
1669.9219
1669.9219
1840.8203
1840.8203
1928.7109
1928.7109
1923.8281
1923.8281
1738.2812
1738.2812
1293.9453
1293.9453
761.7187
761.7187
253.9062
253.9062
0.0000
0.0000
0.0000
0.0000
0.0000
0.0000
0.0000
0.0000
0.0000
0.0000
0.0000
0.0000
0.0000
0.0000
0.0000
0.0000
0.0000
0.0000
0.0000
0.0000
0.0000
0.0000
0.0000
0.0000
0.0000
0.0000
0.0000
0.0000
0.0000
0.0000
0.0000
0.0000
0.0000
0.0000
0.0000
0.0000
0.0000
0.0000
0.0000
0.0000
0.0000
0.0000
0.0000
0.0000
0.0000
0.0000
0.0000
0.0000
0.0000
0.0000
83.0078
83.0078
175.7812
175.7812
205.0781
205.0781
273.4375
273.4375
341.7969
341.7969
366.2109
366.2109
395.5078
395.5078
463.8672
463.8672
488.2812
488.2812
483.3984
483.3984
556.6406
556.6406
605.4687
605.4687
639.6484
639.6484
747.0703
747.0703
844.7266
844.7266
888.6719
888.6719
932.6172
932.6172
1015.6250
1015.6250
1069.3359
1069.3359
1113.2812
1113.2812
1225.5859
1225.5859
1293.9453
1293.9453
1352.5391
1352.5391
1523.4375
1523.4375
1728.5156
1728.5156
1855.4687
1855.4687
1884.7656
1884.7656
1796.8750
1796.8750
1508.7891
1508.7891
1113.2812
1113.2812
737.3047
737.3047
307.6172
307.6172
0.0000
0.0000
0.0000
0.0000
0.0000
0.0000
0.0000
0.0000
0.0000
0.0000
0.0000
0.0000
0.0000
0.0000
0.0000
0.0000
0.0000
0.0000
0.0000
0.0000
0.0000
0.0000
0.0000
0.0000
0.0000
0.0000
0.0000
0.0000
0.0000
0.0000
0.0000
0.0000
0.0000
0.0000
0.0000
0.0000
0.0000
0.0000
0.0000
0.0000
0.0000
0.0000
0.0000
0.0000
0.0000
0.0000
0.0000
0.0000
0.0000
0.0000
0.0000
0.0000
0.0000
0.0000
4.8828
4.8828
141.6016
141.6016
200.1953
200.1953
229.4922
229.4922
327.1484
327.1484
361.3281
361.3281
361.3281
361.3281
400.3906
400.3906
424.8047
424.8047
424.8047
424.8047
473.6328
473.6328
566.4062
566.4062
610.3516
610.3516
668.9453
668.9453
820.3125
820.3125
917.9687
917.9687
971.6797
971.6797
1098.6328
1098.6328
1186.5234
1186.5234
1220.7031
1220.7031
1308.5937
1308.5937
1450.1953
1450.1953
1596.6797
1596.6797
1738.2812
1738.2812
1879.8828
1879.8828
1850.5859
1850.5859
1655.2734
1655.2734
1420.8984
1420.8984
1040.0391
1040.0391
585.9375
585.9375
219.7266
219.7266
0.0000
0.0000
0.0000
0.0000
0.0000
0.0000
0.0000
0.0000
0.0000
0.0000
0.0000
0.0000
0.0000
0.0000
0.0000
0.0000
0.0000
0.0000
0.0000
0.0000
0.0000
0.0000
0.0000
0.0000
0.0000
0.0000
0.0000
0.0000
0.0000
0.0000
0.0000
0.0000
0.0000
0.0000
0.0000
0.0000
0.0000
0.0000
0.0000
0.0000
0.0000
0.0000
0.0000
0.0000
0.0000
0.0000
0.0000
0.0000
58.5937
58.5937
122.0703
122.0703
234.3750
234.3750
297.8516
297.8516
322.2656
322.2656
415.0391
415.0391
473.6328
473.6328
483.3984
483.3984
527.3437
527.3437
595.7031
595.7031
610.3516
610.3516
610.3516
610.3516
688.4766
688.4766
737.3047
737.3047
776.3672
776.3672
883.7891
883.7891
942.3828
942.3828
952.1484
952.1484
1010.7422
1010.7422
1098.6328
1098.6328
1142.5781
1142.5781
1206.0547
1206.0547
1352.5391
1352.5391
1494.1406
1494.1406
1611.3281
1611.3281
1733.3984
1733.3984
1713.8672
1713.8672
1533.2031
1533.2031
1318.3594
1318.3594
1049.8047
1049.8047
717.7734
717.7734
405.2734
405.2734
126.9531
126.9531
0.0000
0.0000
0.0000
0.0000
0.0000
0.0000
0.0000
0.0000
0.0000
0.0000
0.0000
0.0000
0.0000
0.0000
0.0000
0.0000
0.0000
0.0000
0.0000
0.0000
0.0000
0.0000
0.0000
0.0000
0.0000
0.0000
0.0000
0.0000
0.0000
0.0000
0.0000
0.0000
0.0000
0.0000
0.0000
0.0000
0.0000
0.0000
0.0000
0.0000
0.0000
0.0000
0.0000
0.0000
0.0000
0.0000
0.0000
0.0000
0.0000
0.0000
0.0000
0.0000
34.1797
34.1797
102.5391
102.5391
170.8984
170.8984
244.1406
244.1406
258.7891
258.7891
268.5547
268.5547
332.0312
332.0312
346.6797
346.6797
341.7969
341.7969
419.9219
419.9219
473.6328
473.6328
512.6953
512.6953
610.3516
610.3516
708.0078
708.0078
781.2500
781.2500
869.1406
869.1406
1010.7422
1010.7422
1088.8672
1088.8672
1142.5781
1142.5781
1254.8828
1254.8828
1342.7734
1342.7734
1459.9609
1459.9609
1679.6875
1679.6875
1879.8828
1879.8828
1943.3594
1943.3594
1884.7656
1884.7656
1694.3359
1694.3359
1293.9453
1293.9453
795.8984
795.8984
371.0937
371.0937
0.0000
0.0000
0.0000
0.0000
0.0000
0.0000
0.0000
0.0000
0.0000
0.0000
0.0000
0.0000
0.0000
0.0000
0.0000
0.0000
0.0000
0.0000
0.0000
0.0000
0.0000
0.0000
0.0000
0.0000
0.0000
0.0000
0.0000
0.0000
0.0000
0.0000
0.0000
0.0000
0.0000
0.0000
0.0000
0.0000
0.0000
0.0000
0.0000
0.0000
0.0000
0.0000
0.0000
0.0000
0.0000
0.0000
0.0000
0.0000
0.0000
0.0000
102.5391
102.5391
229.4922
229.4922
288.0859
288.0859
341.7969
341.7969
444.3359
444.3359
493.1641
493.1641
517.5781
517.5781
605.4687
605.4687
644.5312
644.5312
649.4141
649.4141
732.4219
732.4219
800.7812
800.7812
834.9609
834.9609
888.6719
888.6719
986.3281
986.3281
1049.8047
1049.8047
1098.6328
1098.6328
1201.1719
1201.1719
1245.1172
1245.1172
1254.8828
1254.8828
1318.3594
1318.3594
1376.9531
1376.9531
1420.8984
1420.8984
1552.7344
1552.7344
1767.5781
1767.5781
1899.4141
1899.4141
1909.1797
1909.1797
1826.1719
1826.1719
1562.5000
1562.5000
1171.8750
1171.8750
820.3125
820.3125
444.3359
444.3359
29.2969
29.2969
0.0000
0.0000
0.0000
0.0000
0.0000
0.0000
0.0000
0.0000
0.0000
0.0000
0.0000
0.0000
0.0000
0.0000
0.0000
0.0000
0.0000
0.0000
0.0000
0.0000
0.0000
0.0000
0.0000
0.0000
0.0000
0.0000
0.0000
0.0000
0.0000
0.0000
0.0000
0.0000
0.0000
0.0000
0.0000
0.0000
0.0000
0.0000
0.0000
0.0000
0.0000
0.0000
0.0000
0.0000
0.0000
0.0000
0.0000
0.0000
0.0000
0.0000
0.0000
0.0000
0.0000
0.0000
0.0000
0.0000
78.1250
136.7187
136.7187
136.7187
234.3750
234.3750
317.3828
317.3828
351.5625
351.5625
405.2734
405.2734
493.1641
493.1641
512.6953
512.6953
522.4609
522.4609
615.2344
615.2344
668.9453
698.2422
698.2422
698.2422
800.7812
800.7812
893.5547
893.5547
957.0312
957.0312
1059.5703
1059.5703
1176.7578
1176.7578
1230.4687
1230.4687
1269.5312
1396.4844
1396.4844
1528.3203
1528.3203
1674.8047
1674.8047
1840.8203
1840.8203
1875.0000
1875.0000
1723.6328
1723.6328
1450.1953
1450.1953
1074.2187
1074.2187
576.1719
576.1719
97.6562
97.6562
0.0000
0.0000
0.0000
0.0000
0.0000
0.0000
0.0000
0.0000
0.0000
0.0000
0.0000
0.0000
0.0000
0.0000
0.0000
0.0000
0.0000
0.0000
0.0000
0.0000
0.0000
0.0000
0.0000
0.0000
0.0000
0.0000
0.0000
0.0000
0.0000
0.0000
0.0000
0.0000
0.0000
0.0000
0.0000
0.0000
0.0000
0.0000
0.0000
0.0000
0.0000
0.0000
0.0000
0.0000
0.0000
0.0000
0.0000
0.0000
0.0000
0.0000
14.6484
14.6484
136.7187
136.7187
219.7266
219.7266
244.1406
244.1406
288.0859
288.0859
375.9766
375.9766
410.1562
410.1562
419.9219
419.9219
488.2812
488.2812
522.4609
522.4609
527.3437
527.3437
615.2344
615.2344
688.4766
688.4766
742.1875
742.1875
825.1953
825.1953
927.7344
927.7344
971.6797
971.6797
1015.6250
1015.6250
1103.5156
1103.5156
1142.5781
1142.5781
1157.2266
1157.2266
1254.8828
1254.8828
1357.4219
1357.4219
1469.7266
1469.7266
1640.6250
1640.6250
1782.2266
1782.2266
1772.4609
1772.4609
1640.6250
1640.6250
1435.5469
1435.5469
1093.7500
1093.7500
703.1250
703.1250
385.7422
385.7422
43.9453
43.9453
0.0000
0.0000
0.0000
0.0000
0.0000
0.0000
0.0000
0.0000
0.0000
0.0000
0.0000
0.0000
0.0000
0.0000
0.0000
0.0000
0.0000
0.0000
0.0000
0.0000
0.0000
0.0000
0.0000
0.0000
0.0000
0.0000
0.0000
0.0000
0.0000
0.0000
0.0000
0.0000
0.0000
0.0000
0.0000
0.0000
0.0000
0.0000
0.0000
0.0000
0.0000
0.0000
0.0000
0.0000
0.0000
0.0000
0.0000
0.0000
0.0000
0.0000
0.0000
0.0000
0.0000
0.0000
0.0000
0.0000
156.2500
156.2500
244.1406
244.1406
278.3203
278.3203
380.8594
380.8594
434.5703
434.5703
449.2187
449.2187
488.2812
488.2812
532.2266
532.2266
532.2266
532.2266
546.8750
546.8750
625.0000
625.0000
668.9453
668.9453
698.2422
698.2422
815.4297
815.4297
898.4375
898.4375
957.0312
957.0312
1064.4531
1064.4531
1152.3437
1152.3437
1186.5234
1186.5234
1250.0000
1250.0000
1411.1328
1411.1328
1572.2656
1572.2656
1713.8672
1713.8672
1840.8203
1840.8203
1801.7578
1801.7578
1582.0312
1582.0312
1274.4141
1274.4141
859.3750
859.3750
371.0937
371.0937
0.0000
0.0000
0.0000
0.0000
0.0000
0.0000
0.0000
0.0000
0.0000
0.0000
0.0000
0.0000
0.0000
0.0000
0.0000
0.0000
0.0000
0.0000
0.0000
0.0000
0.0000
0.0000
0.0000
0.0000
0.0000
0.0000
0.0000
0.0000
0.0000
0.0000
0.0000
0.0000
0.0000
0.0000
0.0000
0.0000
0.0000
0.0000
0.0000
0.0000
0.0000
0.0000
0.0000
0.0000
0.0000
0.0000
0.0000
0.0000
0.0000
0.0000
4.8828
4.8828
68.3594
68.3594
185.5469
185.5469
258.7891
258.7891
292.9687
292.9687
390.6250
390.6250
488.2812
488.2812
517.5781
517.5781
532.2266
532.2266
610.3516
610.3516
634.7656
634.7656
659.1797
659.1797
766.6016
766.6016
834.9609
834.9609
874.0234
874.0234
966.7969
966.7969
1049.8047
1049.8047
1079.1016
1079.1016
1127.9297
1127.9297
1210.9375
1210.9375
1259.7656
1259.7656
1318.3594
1318.3594
1484.3750
1484.3750
1650.3906
1650.3906
1782.2266
1782.2266
1894.5312
1894.5312
1865.2344
1865.2344
1650.3906
1650.3906
1337.8906
1337.8906
1015.6250
1015.6250
639.6484
639.6484
253.9062
253.9062
0.0000
0.0000
0.0000
0.0000
0.0000
0.0000
0.0000
0.0000
0.0000
0.0000
0.0000
0.0000
0.0000
0.0000
0.0000
0.0000
0.0000
0.0000
0.0000
0.0000
0.0000
0.0000
0.0000
0.0000
0.0000
0.0000
0.0000
0.0000
0.0000
0.0000
0.0000
0.0000
0.0000
0.0000
0.0000
0.0000
0.0000
0.0000
0.0000
0.0000
0.0000
0.0000
0.0000
0.0000
0.0000
0.0000
0.0000
0.0000
0.0000
0.0000
0.0000
0.0000
0.0000
0.0000
24.4141
24.4141
102.5391
102.5391
190.4297
190.4297
322.2656
322.2656
375.9766
375.9766
385.7422
385.7422
463.8672
463.8672
502.9297
502.9297
507.8125
507.8125
571.2891
571.2891
610.3516
610.3516
595.7031
595.7031
605.4687
605.4687
659.1797
659.1797
678.7109
678.7109
727.5391
727.5391
854.4922
854.4922
942.3828
942.3828
986.3281
986.3281
1088.8672
1088.8672
1186.5234
1186.5234
1289.0625
1289.0625
1508.7891
1508.7891
1752.9297
1752.9297
1855.4687
1855.4687
1801.7578
1801.7578
1645.5078
1645.5078
1293.9453
1293.9453
830.0781
830.0781
434.5703
434.5703
53.7109
53.7109
0.0000
0.0000
0.0000
0.0000
0.0000
0.0000
0.0000
0.0000
0.0000
0.0000
0.0000
0.0000
0.0000
0.0000
0.0000
0.0000
0.0000
0.0000
0.0000
0.0000
0.0000
0.0000
0.0000
0.0000
0.0000
0.0000
0.0000
0.0000
0.0000
0.0000
0.0000
0.0000
0.0000
0.0000
0.0000
0.0000
0.0000
0.0000
0.0000
0.0000
0.0000
0.0000
0.0000
0.0000
0.0000
0.0000
0.0000
0.0000
87.8906
87.8906
268.5547
268.5547
351.5625
351.5625
390.6250
390.6250
502.9297
502.9297
561.5234
561.5234
581.0547
581.0547
644.5312
644.5312
673.8281
673.8281
654.2969
654.2969
668.9453
668.9453
742.1875
742.1875
791.0156
791.0156
839.8437
839.8437
952.1484
952.1484
1005.8594
1005.8594
1025.3906
1025.3906
1127.9297
1127.9297
1191.4062
1191.4062
1210.9375
1210.9375
1250.0000
1250.0000
1303.7109
1303.7109
1347.6562
1347.6562
1440.4297
1440.4297
1630.8594
1630.8594
1713.8672
1713.8672
1655.2734
1655.2734
1533.2031
1533.2031
1269.5312
1269.5312
908.2031
908.2031
566.4062
566.4062
249.0234
249.0234
0.0000
0.0000
0.0000
0.0000
0.0000
0.0000
0.0000
0.0000
0.0000
0.0000
0.0000
0.0000
0.0000
0.0000
0.0000
0.0000
0.0000
0.0000
0.0000
0.0000
0.0000
0.0000
0.0000
0.0000
0.0000
0.0000
0.0000
0.0000
0.0000
0.0000
0.0000
0.0000
0.0000
0.0000
0.0000
0.0000
0.0000
0.0000
0.0000
0.0000
0.0000
0.0000
0.0000
0.0000
0.0000
0.0000
0.0000
0.0000
0.0000
0.0000
0.0000
0.0000
0.0000
0.0000
0.0000
0.0000
0.0000
0.0000
34.1797
34.1797
122.0703
122.0703
229.4922
229.4922
336.9141
336.9141
371.0937
371.0937
400.3906
400.3906
473.6328
473.6328
502.9297
502.9297
512.6953
512.6953
595.7031
595.7031
654.2969
654.2969
688.4766
688.4766
781.2500
781.2500
883.7891
883.7891
947.2656
947.2656
1020.5078
1020.5078
1132.8125
1132.8125
1171.8750
1171.8750
1206.0547
1206.0547
1362.3047
1362.3047
1552.7344
1552.7344
1738.2812
1738.2812
1918.9453
1918.9453
1953.1250
1953.1250
1767.5781
1767.5781
1440.4297
1440.4297
1044.9219
1044.9219
566.4062
566.4062
122.0703
122.0703
0.0000
0.0000
0.0000
0.0000
0.0000
0.0000
0.0000
0.0000
0.0000
0.0000
0.0000
0.0000
0.0000
0.0000
0.0000
0.0000
0.0000
0.0000
0.0000
0.0000
0.0000
0.0000
0.0000
0.0000
0.0000
0.0000
0.0000
0.0000
0.0000
0.0000
0.0000
0.0000
0.0000
0.0000
0.0000
0.0000
0.0000
0.0000
0.0000
0.0000
0.0000
0.0000
0.0000
0.0000
0.0000
0.0000
0.0000
0.0000
0.0000
0.0000
68.3594
68.3594
170.8984
170.8984
263.6719
263.6719
283.2031
283.2031
302.7344
302.7344
380.8594
380.8594
410.1562
410.1562
424.8047
424.8047
502.9297
502.9297
537.1094
537.1094
546.8750
546.8750
634.7656
634.7656
737.3047
737.3047
810.5469
810.5469
893.5547
893.5547
1005.8594
1005.8594
1069.3359
1069.3359
1108.3984
1108.3984
1210.9375
1210.9375
1264.6484
1264.6484
1293.9453
1293.9453
1411.1328
1411.1328
1567.3828
1567.3828
1708.9844
1708.9844
1816.4062
1816.4062
1835.9375
1835.9375
1650.3906
1650.3906
1323.2422
1323.2422
1005.8594
1005.8594
615.2344
615.2344
195.3125
195.3125
0.0000
0.0000
0.0000
0.0000
0.0000
0.0000
0.0000
0.0000
0.0000
0.0000
0.0000
0.0000
0.0000
0.0000
0.0000
0.0000
0.0000
0.0000
0.0000
0.0000
0.0000
0.0000
0.0000
0.0000
0.0000
0.0000
0.0000
0.0000
0.0000
0.0000
0.0000
0.0000
0.0000
0.0000
0.0000
0.0000
0.0000
0.0000
0.0000
0.0000
0.0000
0.0000
0.0000
0.0000
0.0000
0.0000
0.0000
0.0000
0.0000
0.0000
0.0000
0.0000
0.0000
0.0000
9.7656
9.7656
73.2422
73.2422
131.8359
131.8359
263.6719
263.6719
356.4453
356.4453
390.6250
390.6250
463.8672
463.8672
517.5781
517.5781
527.3437
527.3437
566.4062
566.4062
629.8828
629.8828
649.4141
649.4141
654.2969
654.2969
742.1875
800.7812
800.7812
800.7812
839.8437
839.8437
937.5000
937.5000
1015.6250
1015.6250
1059.5703
1059.5703
1137.6953
1137.6953
1245.1172
1245.1172
1337.8906
1337.8906
1479.4922
1479.4922
1723.6328
1909.1797
1909.1797
1909.1797
1958.0078
1958.0078
1899.4141
1899.4141
1660.1562
1660.1562
1230.4687
1230.4687
776.3672
776.3672
341.7969
0.0000
0.0000
0.0000
0.0000
0.0000
0.0000
0.0000
0.0000
0.0000
0.0000
0.0000
0.0000
0.0000
0.0000
0.0000
0.0000
0.0000
0.0000
0.0000
0.0000
0.0000
0.0000
0.0000
0.0000
0.0000
0.0000
0.0000
0.0000
0.0000
0.0000
0.0000
0.0000
0.0000
0.0000
0.0000
0.0000
0.0000
0.0000
0.0000
0.0000
0.0000
0.0000
0.0000
0.0000
0.0000
0.0000
0.0000
0.0000
0.0000
0.0000
0.0000
0.0000
68.3594
68.3594
136.7187
136.7187
239.2578
239.2578
302.7344
302.7344
302.7344
302.7344
336.9141
336.9141
415.0391
415.0391
449.2187
449.2187
458.9844
458.9844
517.5781
517.5781
551.7578
551.7578
590.8203
590.8203
712.8906
712.8906
820.3125
820.3125
874.0234
874.0234
947.2656
947.2656
1040.0391
1040.0391
1088.8672
1088.8672
1123.0469
1123.0469
1210.9375
1210.9375
1274.4141
1274.4141
1362.3047
1362.3047
1542.9687
1542.9687
1679.6875
1679.6875
1674.8047
1674.8047
1557.6172
1557.6172
1323.2422
1323.2422
996.0937
996.0937
678.7109
678.7109
439.4531
439.4531
175.7812
175.7812
0.0000
0.0000
0.0000
0.0000
0.0000
0.0000
0.0000
0.0000
0.0000
0.0000
0.0000
0.0000
0.0000
0.0000
0.0000
0.0000
0.0000
0.0000
0.0000
0.0000
0.0000
0.0000
0.0000
0.0000
0.0000
0.0000
0.0000
0.0000
0.0000
0.0000
0.0000
0.0000
0.0000
0.0000
0.0000
0.0000
0.0000
0.0000
0.0000
0.0000
0.0000
0.0000
0.0000
0.0000
0.0000
0.0000
0.0000
0.0000
0.0000
0.0000
0.0000
0.0000
0.0000
0.0000
0.0000
0.0000
83.0078
83.0078
146.4844
146.4844
214.8437
214.8437
341.7969
341.7969
395.5078
395.5078
405.2734
405.2734
488.2812
488.2812
541.9922
541.9922
561.5234
561.5234
629.8828
629.8828
708.0078
708.0078
737.3047
737.3047
766.6016
766.6016
849.6094
849.6094
888.6719
888.6719
922.8516
922.8516
1035.1562
1035.1562
1108.3984
1108.3984
1142.5781
1142.5781
1250.0000
1250.0000
1411.1328
1411.1328
1582.0312
1582.0312
1787.1094
1787.1094
1958.0078
1958.0078
1933.5937
1933.5937
1723.6328
1723.6328
1401.3672
1401.3672
917.9687
917.9687
385.7422
385.7422
0.0000
0.0000
0.0000
0.0000
0.0000
0.0000
0.0000
0.0000
0.0000
0.0000
0.0000
0.0000
0.0000
0.0000
0.0000
0.0000
0.0000
0.0000
0.0000
0.0000
0.0000
0.0000
0.0000
0.0000
0.0000
0.0000
0.0000
0.0000
0.0000
0.0000
0.0000
0.0000
0.0000
0.0000
0.0000
0.0000
0.0000
0.0000
0.0000
0.0000
0.0000
0.0000
0.0000
0.0000
0.0000
0.0000
0.0000
0.0000
0.0000
0.0000
4.8828
4.8828
92.7734
92.7734
249.0234
249.0234
341.7969
341.7969
380.8594
380.8594
473.6328
473.6328
522.4609
522.4609
517.5781
517.5781
556.6406
556.6406
620.1172
620.1172
634.7656
634.7656
668.9453
668.9453
771.4844
771.4844
844.7266
844.7266
913.0859
913.0859
1044.9219
1044.9219
1127.9297
1127.9297
1157.2266
1157.2266
1215.8203
1215.8203
1279.2969
1279.2969
1289.0625
1289.0625
1323.2422
1323.2422
1440.4297
1440.4297
1562.5000
1562.5000
1684.5703
1684.5703
1801.7578
1801.7578
1772.4609
1772.4609
1567.3828
1567.3828
1313.4766
1313.4766
1005.8594
1005.8594
639.6484
639.6484
278.3203
278.3203
0.0000
0.0000
0.0000
0.0000
0.0000
0.0000
0.0000
0.0000
0.0000
0.0000
0.0000
0.0000
0.0000
0.0000
0.0000
0.0000
0.0000
0.0000
0.0000
0.0000
0.0000
0.0000
0.0000
0.0000
0.0000
0.0000
0.0000
0.0000
0.0000
0.0000
0.0000
0.0000
0.0000
0.0000
0.0000
0.0000
0.0000
0.0000
0.0000
0.0000
0.0000
0.0000
0.0000
0.0000
0.0000
0.0000
0.0000
0.0000
0.0000
0.0000
0.0000
0.0000
0.0000
0.0000
0.0000
0.0000
9.7656
9.7656
107.4219
107.4219
234.3750
234.3750
302.7344
302.7344
371.0937
371.0937
468.7500
468.7500
493.1641
493.1641
493.1641
493.1641
561.5234
561.5234
595.7031
595.7031
585.9375
585.9375
625.0000
625.0000
664.0625
664.0625
678.7109
678.7109
737.3047
737.3047
834.9609
834.9609
883.7891
883.7891
927.7344
927.7344
1035.1562
1035.1562
1113.2812
1113.2812
1191.4062
1191.4062
1376.9531
1376.9531
1582.0312
1582.0312
1738.2812
1738.2812
1806.6406
1806.6406
1738.2812
1738.2812
1445.3125
1445.3125
1015.6250
1015.6250
605.4687
605.4687
195.3125
195.3125
0.0000
0.0000
0.0000
0.0000
0.0000
0.0000
0.0000
0.0000
0.0000
0.0000
0.0000
0.0000
0.0000
0.0000
0.0000
0.0000
0.0000
0.0000
0.0000
0.0000
0.0000
0.0000
0.0000
0.0000
0.0000
0.0000
0.0000
0.0000
0.0000
0.0000
0.0000
0.0000
0.0000
0.0000
0.0000
0.0000
0.0000
0.0000
0.0000
0.0000
0.0000
0.0000
0.0000
0.0000
0.0000
0.0000
0.0000
0.0000
34.1797
34.1797
161.1328
161.1328
249.0234
249.0234
356.4453
356.4453
493.1641
493.1641
541.9922
541.9922
561.5234
561.5234
639.6484
639.6484
659.1797
659.1797
644.5312
644.5312
698.2422
698.2422
732.4219
732.4219
727.5391
727.5391
761.7187
761.7187
849.6094
849.6094
898.4375
898.4375
957.0312
957.0312
1074.2187
1074.2187
1137.6953
1137.6953
1171.8750
1171.8750
1269.5312
1269.5312
1328.1250
1328.1250
1342.7734
1342.7734
1416.0156
1416.0156
1562.5000
1562.5000
1694.3359
1694.3359
1782.2266
1782.2266
1801.7578
1801.7578
1625.9766
1625.9766
1313.4766
1313.4766
1025.3906
1025.3906
698.2422
698.2422
317.3828
317.3828
0.0000
0.0000
0.0000
0.0000
0.0000
0.0000
0.0000
0.0000
0.0000
0.0000
0.0000
0.0000
0.0000
0.0000
0.0000
0.0000
0.0000
0.0000
0.0000
0.0000
0.0000
0.0000
0.0000
0.0000
0.0000
0.0000
0.0000
0.0000
0.0000
0.0000
0.0000
0.0000
0.0000
0.0000
0.0000
0.0000
0.0000
0.0000
0.0000
0.0000
0.0000
0.0000
0.0000
0.0000
0.0000
0.0000
0.0000
0.0000
0.0000
0.0000
0.0000
0.0000
0.0000
0.0000
0.0000
0.0000
0.0000
0.0000
0.0000
0.0000
112.3047
112.3047
224.6094
224.6094
278.3203
278.3203
341.7969
341.7969
419.9219
419.9219
444.3359
444.3359
468.7500
468.7500
571.2891
571.2891
629.8828
629.8828
649.4141
649.4141
737.3047
737.3047
815.4297
815.4297
864.2578
864.2578
952.1484
952.1484
1040.0391
1040.0391
1079.1016
1079.1016
1118.1641
1118.1641
1240.2344
1240.2344
1372.0703
1372.0703
1552.7344
1552.7344
1801.7578
1801.7578
1962.8906
1962.8906
1958.0078
1958.0078
1835.9375
1835.9375
1533.2031
1533.2031
1030.2734
1030.2734
512.6953
512.6953
102.5391
102.5391
0.0000
0.0000
0.0000
0.0000
0.0000
0.0000
0.0000
0.0000
0.0000
0.0000
0.0000
0.0000
0.0000
0.0000
0.0000
0.0000
0.0000
0.0000
0.0000
0.0000
0.0000
0.0000
0.0000
0.0000
0.0000
0.0000
0.0000
0.0000
0.0000
0.0000
0.0000
0.0000
0.0000
0.0000
0.0000
0.0000
0.0000
0.0000
0.0000
0.0000
0.0000
0.0000
0.0000
0.0000
0.0000
0.0000
0.0000
0.0000
0.0000
0.0000
39.0625
39.0625
151.3672
151.3672
234.3750
234.3750
346.6797
346.6797
449.2187
449.2187
493.1641
493.1641
517.5781
517.5781
595.7031
595.7031
625.0000
625.0000
639.6484
639.6484
732.4219
732.4219
781.2500
781.2500
810.5469
810.5469
903.3203
903.3203
1015.6250
1015.6250
1083.9844
1083.9844
1147.4609
1147.4609
1245.1172
1245.1172
1279.2969
1279.2969
1303.7109
1303.7109
1416.0156
1416.0156
1533.2031
1533.2031
1660.1562
1660.1562
1821.2891
1821.2891
1879.8828
1879.8828
1767.5781
1767.5781
1528.3203
1528.3203
1240.2344
1240.2344
878.9062
878.9062
512.6953
512.6953
229.4922
229.4922
0.0000
0.0000
0.0000
0.0000
0.0000
0.0000
0.0000
0.0000
0.0000
0.0000
0.0000
0.0000
0.0000
0.0000
0.0000
0.0000
0.0000
0.0000
0.0000
0.0000
0.0000
0.0000
0.0000
0.0000
0.0000
0.0000
0.0000
0.0000
0.0000
0.0000
0.0000
0.0000
0.0000
0.0000
0.0000
0.0000
0.0000
0.0000
0.0000
0.0000
0.0000
0.0000
0.0000
0.0000
0.0000
0.0000
0.0000
0.0000
0.0000
0.0000
0.0000
0.0000
0.0000
0.0000
0.0000
0.0000
14.6484
14.6484
97.6562
97.6562
161.1328
161.1328
224.6094
224.6094
366.2109
366.2109
454.1016
454.1016
488.2812
488.2812
571.2891
571.2891
664.0625
664.0625
732.4219
732.4219
800.7812
800.7812
903.3203
903.3203
932.6172
932.6172
942.3828
1025.3906
1025.3906
1025.3906
1074.2187
1074.2187
1108.3984
1108.3984
1186.5234
1186.5234
1254.8828
1254.8828
1298.8281
1298.8281
1430.6641
1430.6641
1650.3906
1650.3906
1801.7578
1801.7578
1840.8203
1777.3437
1777.3437
1777.3437
1503.9062
1503.9062
1040.0391
1040.0391
566.4062
566.4062
78.1250
78.1250
0.0000
0.0000
0.0000
0.0000
0.0000
0.0000
0.0000
0.0000
0.0000
0.0000
0.0000
0.0000
0.0000
0.0000
0.0000
0.0000
0.0000
0.0000
0.0000
0.0000
0.0000
0.0000
0.0000
0.0000
0.0000
0.0000
0.0000
0.0000
0.0000
0.0000
0.0000
0.0000
0.0000
0.0000
0.0000
0.0000
0.0000
0.0000
0.0000
0.0000
0.0000
0.0000
0.0000
0.0000
0.0000
0.0000
0.0000
0.0000
0.0000
68.3594
68.3594
156.2500
156.2500
229.4922
229.4922
375.9766
375.9766
458.9844
458.9844
502.9297
502.9297
576.1719
576.1719
600.5859
600.5859
571.2891
571.2891
566.4062
566.4062
629.8828
629.8828
664.0625
664.0625
693.3594
693.3594
795.8984
795.8984
844.7266
844.7266
888.6719
888.6719
1015.6250
1015.6250
1108.3984
1108.3984
1157.2266
1157.2266
1230.4687
1230.4687
1313.4766
1313.4766
1367.1875
1367.1875
1450.1953
1450.1953
1630.8594
1630.8594
1757.8125
1757.8125
1801.7578
1801.7578
1787.1094
1787.1094
1621.0937
1621.0937
1298.8281
1298.8281
961.9141
961.9141
639.6484
639.6484
273.4375
273.4375
0.0000
0.0000
0.0000
0.0000
0.0000
0.0000
0.0000
0.0000
0.0000
0.0000
0.0000
0.0000
0.0000
0.0000
0.0000
0.0000
0.0000
0.0000
0.0000
0.0000
0.0000
0.0000
0.0000
0.0000
0.0000
0.0000
0.0000
0.0000
0.0000
0.0000
0.0000
0.0000
0.0000
0.0000
0.0000
0.0000
0.0000
0.0000
0.0000
0.0000
0.0000
0.0000
0.0000
0.0000
0.0000
0.0000
0.0000
0.0000
0.0000
0.0000
0.0000
0.0000
0.0000
0.0000
83.0078
83.0078
161.1328
161.1328
200.1953
200.1953
278.3203
278.3203
385.7422
385.7422
439.4531
439.4531
478.5156
478.5156
566.4062
566.4062
605.4687
605.4687
620.1172
620.1172
717.7734
717.7734
795.8984
795.8984
830.0781
830.0781
898.4375
898.4375
966.7969
966.7969
981.4453
981.4453
996.0937
996.0937
1103.5156
1103.5156
1157.2266
1157.2266
1176.7578
1176.7578
1254.8828
1254.8828
1313.4766
1313.4766
1367.1875
1367.1875
1538.0859
1538.0859
1728.5156
1728.5156
1796.8750
1796.8750
1733.3984
1733.3984
1552.7344
1552.7344
1147.4609
1147.4609
625.0000
625.0000
170.8984
170.8984
0.0000
0.0000
0.0000
0.0000
0.0000
0.0000
0.0000
0.0000
0.0000
0.0000
0.0000
0.0000
0.0000
0.0000
0.0000
0.0000
0.0000
0.0000
0.0000
0.0000
0.0000
0.0000
0.0000
0.0000
0.0000
0.0000
0.0000
0.0000
0.0000
0.0000
0.0000
0.0000
0.0000
0.0000
0.0000
0.0000
0.0000
0.0000
0.0000
0.0000
0.0000
0.0000
0.0000
0.0000
0.0000
0.0000
0.0000
0.0000
0.0000
0.0000
0.0000
0.0000
14.6484
14.6484
117.1875
117.1875
195.3125
195.3125
322.2656
322.2656
400.3906
400.3906
449.2187
449.2187
537.1094
537.1094
566.4062
566.4062
576.1719
576.1719
659.1797
659.1797
732.4219
732.4219
756.8359
756.8359
776.3672
776.3672
849.6094
849.6094
893.5547
893.5547
932.6172
932.6172
1049.8047
1049.8047
1118.1641
1118.1641
1142.5781
1142.5781
1210.9375
1210.9375
1284.1797
1284.1797
1362.3047
1362.3047
1513.6719
1513.6719
1713.8672
1713.8672
1801.7578
1801.7578
1748.0469
1748.0469
1621.0937
1621.0937
1328.1250
1328.1250
942.3828
942.3828
634.7656
634.7656
351.5625
351.5625
68.3594
68.3594
0.0000
0.0000
0.0000
0.0000
0.0000
0.0000
0.0000
0.0000
0.0000
0.0000
0.0000
0.0000
0.0000
0.0000
0.0000
0.0000
0.0000
0.0000
0.0000
0.0000
0.0000
0.0000
0.0000
0.0000
0.0000
0.0000
0.0000
0.0000
0.0000
0.0000
0.0000
0.0000
0.0000
0.0000
0.0000
0.0000
0.0000
0.0000
0.0000
0.0000
0.0000
0.0000
0.0000
0.0000
0.0000
0.0000
0.0000
0.0000
0.0000
0.0000
0.0000
0.0000
0.0000
0.0000
19.5312
19.5312
78.1250
78.1250
112.3047
112.3047
195.3125
195.3125
283.2031
283.2031
322.2656
322.2656
366.2109
366.2109
444.3359
444.3359
483.3984
483.3984
512.6953
512.6953
620.1172
620.1172
678.7109
678.7109
698.2422
698.2422
781.2500
781.2500
839.8437
839.8437
874.0234
874.0234
937.5000
937.5000
1044.9219
1044.9219
1079.1016
1079.1016
1093.7500
1093.7500
1201.1719
1201.1719
1313.4766
1313.4766
1469.7266
1469.7266
1728.5156
1728.5156
1904.2969
1904.2969
1899.4141
1899.4141
1767.5781
1767.5781
1499.0234
1499.0234
1054.6875
1054.6875
551.7578
551.7578
161.1328
161.1328
0.0000
0.0000
0.0000
0.0000
0.0000
0.0000
0.0000
0.0000
0.0000
0.0000
0.0000
0.0000
0.0000
0.0000
0.0000
0.0000
0.0000
0.0000
0.0000
0.0000
0.0000
0.0000
0.0000
0.0000
0.0000
0.0000
0.0000
0.0000
0.0000
0.0000
0.0000
0.0000
0.0000
0.0000
0.0000
0.0000
0.0000
0.0000
0.0000
0.0000
0.0000
0.0000
0.0000
0.0000
0.0000
0.0000
0.0000
0.0000
0.0000
0.0000
141.6016
141.6016
283.2031
283.2031
341.7969
341.7969
405.2734
405.2734
493.1641
493.1641
517.5781
517.5781
502.9297
502.9297
561.5234
561.5234
600.5859
600.5859
595.7031
595.7031
664.0625
664.0625
722.6562
722.6562
742.1875
742.1875
805.6641
805.6641
917.9687
917.9687
991.2109
991.2109
1059.5703
1059.5703
1186.5234
1186.5234
1245.1172
1245.1172
1279.2969
1279.2969
1381.8359
1381.8359
1479.4922
1479.4922
1562.5000
1562.5000
1713.8672
1713.8672
1860.3516
1860.3516
1865.2344
1865.2344
1733.3984
1733.3984
1542.9687
1542.9687
1196.2891
1196.2891
791.0156
791.0156
454.1016
454.1016
97.6562
97.6562
0.0000
0.0000
0.0000
0.0000
0.0000
0.0000
0.0000
0.0000
0.0000
0.0000
0.0000
0.0000
0.0000
0.0000
0.0000
0.0000
0.0000
0.0000
0.0000
0.0000
0.0000
0.0000
0.0000
0.0000
0.0000
0.0000
0.0000
0.0000
0.0000
0.0000
0.0000
0.0000
0.0000
0.0000
0.0000
0.0000
0.0000
0.0000
0.0000
0.0000
0.0000
0.0000
0.0000
0.0000
0.0000
0.0000
0.0000
0.0000
0.0000
0.0000
19.5312
19.5312
63.4766
63.4766
83.0078
83.0078
170.8984
170.8984
219.7266
219.7266
244.1406
244.1406
332.0312
332.0312
400.3906
400.3906
410.1562
410.1562
454.1016
454.1016
537.1094
537.1094
585.9375
585.9375
634.7656
634.7656
747.0703
747.0703
805.6641
805.6641
820.3125
820.3125
908.2031
908.2031
976.5625
976.5625
1010.7422
1010.7422
1088.8672
1088.8672
1162.1094
1162.1094
1191.4062
1191.4062
1269.5312
1269.5312
1484.3750
1484.3750
1689.4531
1689.4531
1835.9375
1835.9375
1918.9453
1918.9453
1796.8750
1796.8750
1469.7266
1469.7266
1083.9844
1083.9844
634.7656
634.7656
146.4844
146.4844
0.0000
0.0000
0.0000
0.0000
0.0000
0.0000
0.0000
0.0000
0.0000
0.0000
0.0000
0.0000
0.0000
0.0000
0.0000
0.0000
0.0000
0.0000
0.0000
0.0000
0.0000
0.0000
0.0000
0.0000
0.0000
0.0000
0.0000
0.0000
0.0000
0.0000
0.0000
0.0000
0.0000
0.0000
0.0000
0.0000
0.0000
0.0000
0.0000
0.0000
0.0000
0.0000
0.0000
0.0000
0.0000
0.0000
0.0000
0.0000
122.0703
122.0703
249.0234
249.0234
332.0312
332.0312
454.1016
454.1016
522.4609
522.4609
522.4609
522.4609
537.1094
537.1094
541.9922
541.9922
512.6953
512.6953
498.0469
