0.0000
0.0000
0.0000
0.0000
0.0000
0.0000
0.0000
0.0000
0.0000
0.0000
0.0000
0.0000
0.0000
0.0000
0.0000
0.0000
0.0000
0.0000
0.0000
0.0000
0.0000
0.0000
0.0000
0.0000
0.0000
0.0000
0.0000
0.0000
0.0000
0.0000
0.0000
0.0000
0.0000
0.0000
0.0000
0.0000
0.0000
0.0000
0.0000
0.0000
0.0000
0.0000
29.2969
29.2969
122.0703
122.0703
166.0156
166.0156
156.2500
156.2500
175.7812
175.7812
239.2578
239.2578
297.8516
297.8516
297.8516
297.8516
273.4375
273.4375
273.4375
273.4375
317.3828
317.3828
429.6875
429.6875
551.7578
551.7578
625.0000
625.0000
620.1172
620.1172
620.1172
620.1172
673.8281
673.8281
737.3047
737.3047
737.3047
737.3047
698.2422
698.2422
659.1797
659.1797
649.4141
649.4141
693.3594
693.3594
776.3672
776.3672
810.5469
810.5469
776.3672
776.3672
737.3047
737.3047
747.0703
747.0703
815.4297
815.4297
844.7266
844.7266
834.9609
834.9609
815.4297
815.4297
849.6094
849.6094
893.5547
893.5547
986.3281
986.3281
1044.9219
1044.9219
1020.5078
1020.5078
942.3828
942.3828
883.7891
883.7891
864.2578
864.2578
830.0781
830.0781
737.3047
737.3047
610.3516
610.3516
512.6953
512.6953
454.1016
454.1016
463.8672
463.8672
478.5156
478.5156
449.2187
449.2187
336.9141
336.9141
219.7266
219.7266
136.7187
136.7187
83.0078
83.0078
0.0000
0.0000
0.0000
0.0000
0.0000
0.0000
0.0000
0.0000
0.0000
0.0000
0.0000
0.0000
0.0000
0.0000
0.0000
0.0000
0.0000
0.0000
0.0000
0.0000
0.0000
0.0000
0.0000
0.0000
0.0000
0.0000
0.0000
0.0000
0.0000
0.0000
0.0000
0.0000
0.0000
0.0000
0.0000
0.0000
0.0000
0.0000
0.0000
0.0000
0.0000
0.0000
0.0000
0.0000
0.0000
0.0000
0.0000
0.0000
0.0000
0.0000
0.0000
0.0000
0.0000
0.0000
0.0000
0.0000
0.0000
0.0000
0.0000
0.0000
0.0000
0.0000
0.0000
0.0000
0.0000
0.0000
0.0000
0.0000
0.0000
0.0000
0.0000
0.0000
0.0000
0.0000
0.0000
0.0000
0.0000
0.0000
0.0000
0.0000
0.0000
0.0000
0.0000
0.0000
0.0000
0.0000
0.0000
0.0000
0.0000
0.0000
0.0000
0.0000
0.0000
0.0000
0.0000
0.0000
0.0000
0.0000
0.0000
0.0000
0.0000
0.0000
0.0000
0.0000
0.0000
0.0000
0.0000
0.0000
0.0000
0.0000
0.0000
0.0000
0.0000
0.0000
0.0000
0.0000
0.0000
0.0000
0.0000
0.0000
0.0000
0.0000
0.0000
0.0000
0.0000
0.0000
0.0000
0.0000
0.0000
0.0000
0.0000
0.0000
14.6484
14.6484
39.0625
39.0625
9.7656
9.7656
0.0000
0.0000
0.0000
0.0000
0.0000
0.0000
117.1875
117.1875
219.7266
219.7266
263.6719
263.6719
268.5547
268.5547
297.8516
297.8516
385.7422
385.7422
468.7500
468.7500
488.2812
488.2812
473.6328
473.6328
483.3984
483.3984
517.5781
517.5781
615.2344
615.2344
703.1250
703.1250
737.3047
737.3047
703.1250
703.1250
688.4766
688.4766
732.4219
732.4219
805.6641
805.6641
820.3125
820.3125
800.7812
800.7812
805.6641
805.6641
854.4922
854.4922
961.9141
961.9141
1103.5156
1103.5156
1206.0547
1206.0547
1220.7031
1220.7031
1210.9375
1210.9375
1230.4687
1230.4687
1298.8281
1298.8281
1323.2422
1323.2422
1303.7109
1303.7109
1279.2969
1279.2969
1318.3594
1318.3594
1411.1328
1411.1328
1567.3828
1567.3828
1704.1016
1704.1016
1752.9297
1752.9297
1718.7500
1718.7500
1669.9219
1669.9219
1645.5078
1645.5078
1611.3281
1611.3281
1494.1406
1494.1406
1328.1250
1328.1250
1176.7578
1176.7578
1069.3359
1069.3359
1030.2734
1030.2734
1020.5078
1020.5078
966.7969
966.7969
844.7266
844.7266
727.5391
727.5391
634.7656
634.7656
585.9375
585.9375
478.5156
478.5156
297.8516
297.8516
97.6562
97.6562
0.0000
0.0000
0.0000
0.0000
0.0000
0.0000
0.0000
0.0000
0.0000
0.0000
0.0000
0.0000
0.0000
0.0000
0.0000
0.0000
0.0000
0.0000
0.0000
0.0000
0.0000
0.0000
0.0000
0.0000
0.0000
0.0000
0.0000
0.0000
0.0000
0.0000
0.0000
0.0000
0.0000
0.0000
0.0000
0.0000
0.0000
0.0000
0.0000
0.0000
0.0000
0.0000
0.0000
0.0000
0.0000
0.0000
0.0000
0.0000
0.0000
0.0000
0.0000
0.0000
0.0000
0.0000
0.0000
0.0000
0.0000
0.0000
0.0000
0.0000
0.0000
0.0000
0.0000
0.0000
0.0000
0.0000
0.0000
0.0000
0.0000
0.0000
0.0000
0.0000
0.0000
0.0000
0.0000
0.0000
0.0000
0.0000
0.0000
0.0000
0.0000
0.0000
0.0000
0.0000
0.0000
0.0000
0.0000
0.0000
0.0000
0.0000
0.0000
0.0000
0.0000
0.0000
0.0000
0.0000
0.0000
0.0000
0.0000
0.0000
0.0000
0.0000
0.0000
0.0000
0.0000
0.0000
0.0000
0.0000
0.0000
0.0000
0.0000
0.0000
0.0000
0.0000
0.0000
0.0000
0.0000
0.0000
0.0000
0.0000
0.0000
0.0000
0.0000
0.0000
0.0000
0.0000
9.7656
9.7656
102.5391
102.5391
122.0703
122.0703
97.6562
97.6562
87.8906
87.8906
107.4219
107.4219
190.4297
190.4297
283.2031
283.2031
336.9141
336.9141
332.0312
332.0312
336.9141
336.9141
405.2734
507.8125
507.8125
507.8125
566.4062
566.4062
585.9375
585.9375
625.0000
625.0000
698.2422
698.2422
825.1953
825.1953
986.3281
986.3281
1108.3984
1108.3984
1147.4609
1147.4609
1166.9922
1210.9375
1210.9375
1210.9375
1289.0625
1289.0625
1318.3594
1318.3594
1284.1797
1284.1797
1225.5859
1225.5859
1210.9375
1210.9375
1254.8828
1254.8828
1376.9531
1376.9531
1508.7891
1508.7891
1572.2656
1572.2656
1552.7344
1552.7344
1518.5547
1518.5547
1499.0234
1499.0234
1455.0781
1455.0781
1323.2422
1323.2422
1123.0469
1123.0469
932.6172
932.6172
766.6016
659.1797
659.1797
659.1797
566.4062
434.5703
434.5703
258.7891
258.7891
102.5391
102.5391
9.7656
9.7656
0.0000
0.0000
0.0000
0.0000
0.0000
0.0000
0.0000
0.0000
0.0000
0.0000
0.0000
0.0000
0.0000
0.0000
0.0000
0.0000
0.0000
0.0000
0.0000
0.0000
0.0000
0.0000
0.0000
0.0000
0.0000
0.0000
0.0000
0.0000
0.0000
0.0000
0.0000
0.0000
0.0000
0.0000
0.0000
0.0000
0.0000
0.0000
0.0000
0.0000
0.0000
0.0000
0.0000
0.0000
0.0000
0.0000
0.0000
0.0000
0.0000
0.0000
0.0000
0.0000
0.0000
0.0000
0.0000
0.0000
0.0000
0.0000
0.0000
0.0000
0.0000
0.0000
0.0000
0.0000
0.0000
0.0000
0.0000
0.0000
0.0000
0.0000
0.0000
0.0000
0.0000
0.0000
0.0000
0.0000
0.0000
0.0000
0.0000
0.0000
0.0000
0.0000
0.0000
0.0000
0.0000
0.0000
0.0000
0.0000
4.8828
4.8828
122.0703
122.0703
175.7812
175.7812
161.1328
161.1328
122.0703
122.0703
112.3047
112.3047
141.6016
141.6016
219.7266
219.7266
253.9062
253.9062
224.6094
224.6094
166.0156
166.0156
146.4844
146.4844
170.8984
170.8984
161.1328
161.1328
87.8906
87.8906
4.8828
4.8828
0.0000
0.0000
0.0000
0.0000
0.0000
0.0000
34.1797
34.1797
4.8828
4.8828
0.0000
0.0000
0.0000
0.0000
0.0000
0.0000
0.0000
0.0000
0.0000
0.0000
0.0000
0.0000
0.0000
0.0000
0.0000
0.0000
0.0000
0.0000
58.5937
58.5937
107.4219
107.4219
97.6562
97.6562
102.5391
102.5391
161.1328
161.1328
234.3750
234.3750
249.0234
249.0234
214.8437
214.8437
200.1953
200.1953
224.6094
224.6094
312.5000
312.5000
419.9219
419.9219
478.5156
478.5156
463.8672
463.8672
454.1016
454.1016
498.0469
498.0469
590.8203
590.8203
625.0000
625.0000
620.1172
620.1172
625.0000
625.0000
668.9453
668.9453
761.7187
761.7187
908.2031
908.2031
1025.3906
1025.3906
1064.4531
1064.4531
1069.3359
1069.3359
1098.6328
1098.6328
1176.7578
1176.7578
1225.5859
1225.5859
1210.9375
1210.9375
1166.9922
1166.9922
1157.2266
1157.2266
1176.7578
1176.7578
1264.6484
1264.6484
1347.6562
1347.6562
1376.9531
1376.9531
1352.5391
1352.5391
1347.6562
1347.6562
1391.6016
1391.6016
1469.7266
1469.7266
1503.9062
1503.9062
1494.1406
1494.1406
1489.2578
1489.2578
1513.6719
1513.6719
1572.2656
1572.2656
1674.8047
1674.8047
1752.9297
1752.9297
1743.1641
1743.1641
1679.6875
1679.6875
1621.0937
1621.0937
1596.6797
1596.6797
1533.2031
1533.2031
1391.6016
1391.6016
1191.4062
1191.4062
1005.8594
1005.8594
839.8437
839.8437
717.7734
717.7734
590.8203
590.8203
405.2734
405.2734
156.2500
156.2500
0.0000
0.0000
0.0000
0.0000
0.0000
0.0000
0.0000
0.0000
0.0000
0.0000
0.0000
0.0000
0.0000
0.0000
0.0000
0.0000
0.0000
0.0000
0.0000
0.0000
0.0000
0.0000
0.0000
0.0000
0.0000
0.0000
0.0000
0.0000
0.0000
0.0000
0.0000
0.0000
0.0000
0.0000
0.0000
0.0000
0.0000
0.0000
0.0000
0.0000
0.0000
0.0000
0.0000
0.0000
0.0000
0.0000
0.0000
0.0000
0.0000
0.0000
0.0000
0.0000
0.0000
0.0000
0.0000
0.0000
0.0000
0.0000
0.0000
0.0000
0.0000
0.0000
0.0000
0.0000
0.0000
0.0000
0.0000
0.0000
0.0000
0.0000
0.0000
0.0000
0.0000
0.0000
0.0000
0.0000
0.0000
0.0000
0.0000
0.0000
0.0000
0.0000
0.0000
0.0000
0.0000
0.0000
0.0000
0.0000
0.0000
0.0000
0.0000
0.0000
0.0000
0.0000
0.0000
0.0000
0.0000
0.0000
0.0000
0.0000
0.0000
0.0000
0.0000
0.0000
0.0000
0.0000
0.0000
0.0000
0.0000
0.0000
0.0000
0.0000
0.0000
0.0000
0.0000
0.0000
0.0000
0.0000
0.0000
0.0000
0.0000
0.0000
0.0000
0.0000
0.0000
0.0000
0.0000
0.0000
0.0000
0.0000
0.0000
0.0000
0.0000
0.0000
0.0000
0.0000
0.0000
0.0000
0.0000
0.0000
0.0000
0.0000
0.0000
0.0000
0.0000
0.0000
0.0000
0.0000
0.0000
0.0000
0.0000
0.0000
63.4766
63.4766
102.5391
102.5391
107.4219
107.4219
141.6016
141.6016
239.2578
239.2578
327.1484
327.1484
356.4453
356.4453
361.3281
361.3281
395.5078
395.5078
463.8672
463.8672
595.7031
595.7031
722.6562
722.6562
786.1328
786.1328
791.0156
791.0156
805.6641
805.6641
869.1406
869.1406
942.3828
942.3828
957.0312
957.0312
932.6172
932.6172
942.3828
942.3828
976.5625
976.5625
1054.6875
1054.6875
1147.4609
1147.4609
1186.5234
1186.5234
1142.5781
1142.5781
1088.8672
1088.8672
1083.9844
1083.9844
1137.6953
1137.6953
1147.4609
1147.4609
1118.1641
1118.1641
1088.8672
1088.8672
1103.5156
1103.5156
1162.1094
1162.1094
1274.4141
1274.4141
1333.0078
1333.0078
1303.7109
1303.7109
1201.1719
1201.1719
1108.3984
1108.3984
1040.0391
1040.0391
947.2656
947.2656
776.3672
776.3672
576.1719
576.1719
405.2734
405.2734
268.5547
268.5547
205.0781
205.0781
141.6016
141.6016
29.2969
29.2969
0.0000
0.0000
0.0000
0.0000
0.0000
0.0000
0.0000
0.0000
0.0000
0.0000
0.0000
0.0000
0.0000
0.0000
0.0000
0.0000
0.0000
0.0000
0.0000
0.0000
0.0000
0.0000
0.0000
0.0000
0.0000
0.0000
0.0000
0.0000
0.0000
0.0000
0.0000
0.0000
0.0000
0.0000
0.0000
0.0000
0.0000
0.0000
0.0000
0.0000
0.0000
0.0000
0.0000
0.0000
0.0000
0.0000
0.0000
0.0000
0.0000
0.0000
0.0000
0.0000
0.0000
0.0000
0.0000
0.0000
0.0000
0.0000
0.0000
0.0000
0.0000
0.0000
0.0000
0.0000
0.0000
0.0000
0.0000
0.0000
0.0000
0.0000
0.0000
0.0000
0.0000
0.0000
0.0000
0.0000
0.0000
0.0000
0.0000
0.0000
0.0000
0.0000
0.0000
0.0000
0.0000
0.0000
0.0000
0.0000
0.0000
0.0000
0.0000
0.0000
0.0000
0.0000
0.0000
0.0000
0.0000
0.0000
0.0000
0.0000
0.0000
0.0000
0.0000
0.0000
0.0000
0.0000
0.0000
0.0000
0.0000
0.0000
0.0000
0.0000
0.0000
0.0000
0.0000
0.0000
0.0000
0.0000
24.4141
24.4141
43.9453
43.9453
24.4141
24.4141
9.7656
9.7656
34.1797
34.1797
97.6562
97.6562
209.9609
209.9609
273.4375
273.4375
258.7891
258.7891
219.7266
219.7266
214.8437
214.8437
249.0234
249.0234
244.1406
244.1406
190.4297
190.4297
117.1875
117.1875
97.6562
97.6562
136.7187
136.7187
249.0234
249.0234
341.7969
341.7969
375.9766
375.9766
371.0937
371.0937
390.6250
390.6250
463.8672
463.8672
522.4609
522.4609
522.4609
522.4609
498.0469
498.0469
493.1641
493.1641
522.4609
522.4609
600.5859
600.5859
664.0625
664.0625
668.9453
668.9453
600.5859
600.5859
541.9922
541.9922
537.1094
537.1094
551.7578
551.7578
507.8125
507.8125
434.5703
434.5703
385.7422
385.7422
375.9766
375.9766
434.5703
434.5703
537.1094
537.1094
605.4687
605.4687
605.4687
605.4687
605.4687
605.4687
644.5312
644.5312
712.8906
712.8906
737.3047
737.3047
703.1250
703.1250
668.9453
668.9453
678.7109
678.7109
737.3047
737.3047
864.2578
864.2578
981.4453
981.4453
1040.0391
1040.0391
1059.5703
1059.5703
1108.3984
1108.3984
1215.8203
1215.8203
1318.3594
1318.3594
1362.3047
1362.3047
1352.5391
1352.5391
1357.4219
1357.4219
1376.9531
1376.9531
1435.5469
1435.5469
1503.9062
1503.9062
1518.5547
1518.5547
1445.3125
1445.3125
1362.3047
1362.3047
1303.7109
1303.7109
1274.4141
1274.4141
1176.7578
1176.7578
1025.3906
1025.3906
859.3750
859.3750
727.5391
727.5391
629.8828
629.8828
595.7031
595.7031
522.4609
522.4609
375.9766
375.9766
185.5469
185.5469
19.5312
19.5312
0.0000
0.0000
0.0000
0.0000
0.0000
0.0000
0.0000
0.0000
0.0000
0.0000
0.0000
0.0000
0.0000
0.0000
0.0000
0.0000
0.0000
0.0000
0.0000
0.0000
0.0000
0.0000
0.0000
0.0000
0.0000
0.0000
0.0000
0.0000
0.0000
0.0000
0.0000
0.0000
0.0000
0.0000
0.0000
0.0000
0.0000
0.0000
0.0000
0.0000
0.0000
0.0000
0.0000
0.0000
0.0000
0.0000
0.0000
0.0000
0.0000
0.0000
0.0000
0.0000
0.0000
0.0000
0.0000
0.0000
0.0000
0.0000
0.0000
0.0000
0.0000
0.0000
0.0000
0.0000
0.0000
0.0000
0.0000
0.0000
0.0000
0.0000
0.0000
0.0000
0.0000
0.0000
0.0000
0.0000
0.0000
0.0000
0.0000
0.0000
0.0000
0.0000
0.0000
0.0000
0.0000
0.0000
0.0000
0.0000
0.0000
0.0000
0.0000
0.0000
0.0000
0.0000
0.0000
0.0000
0.0000
0.0000
0.0000
0.0000
0.0000
0.0000
0.0000
0.0000
0.0000
0.0000
0.0000
0.0000
0.0000
0.0000
0.0000
0.0000
0.0000
0.0000
0.0000
0.0000
0.0000
0.0000
0.0000
0.0000
0.0000
0.0000
0.0000
0.0000
0.0000
0.0000
0.0000
0.0000
0.0000
0.0000
0.0000
0.0000
0.0000
0.0000
0.0000
0.0000
0.0000
29.2969
29.2969
4.8828
4.8828
0.0000
0.0000
0.0000
0.0000
73.2422
73.2422
180.6641
180.6641
244.1406
244.1406
234.3750
234.3750
209.9609
209.9609
229.4922
229.4922
292.9687
292.9687
297.8516
297.8516
258.7891
258.7891
214.8437
214.8437
209.9609
209.9609
258.7891
258.7891
366.2109
366.2109
434.5703
434.5703
439.4531
439.4531
405.2734
405.2734
405.2734
405.2734
454.1016
454.1016
473.6328
473.6328
434.5703
434.5703
366.2109
366.2109
336.9141
336.9141
356.4453
356.4453
449.2187
449.2187
527.3437
527.3437
561.5234
561.5234
556.6406
556.6406
571.2891
571.2891
649.4141
649.4141
737.3047
737.3047
761.7187
761.7187
747.0703
747.0703
751.9531
751.9531
781.2500
781.2500
854.4922
854.4922
937.5000
937.5000
957.0312
957.0312
893.5547
893.5547
830.0781
830.0781
800.7812
800.7812
800.7812
800.7812
737.3047
737.3047
634.7656
634.7656
532.2266
532.2266
463.8672
463.8672
434.5703
434.5703
458.9844
458.9844
454.1016
454.1016
380.8594
380.8594
278.3203
278.3203
214.8437
214.8437
200.1953
200.1953
156.2500
156.2500
63.4766
63.4766
0.0000
0.0000
0.0000
0.0000
0.0000
0.0000
0.0000
0.0000
0.0000
0.0000
0.0000
0.0000
0.0000
0.0000
0.0000
0.0000
0.0000
0.0000
0.0000
0.0000
0.0000
0.0000
0.0000
0.0000
0.0000
0.0000
0.0000
0.0000
0.0000
0.0000
0.0000
0.0000
0.0000
0.0000
0.0000
0.0000
0.0000
0.0000
0.0000
0.0000
0.0000
0.0000
0.0000
0.0000
0.0000
0.0000
0.0000
0.0000
0.0000
0.0000
0.0000
0.0000
0.0000
0.0000
0.0000
0.0000
0.0000
0.0000
0.0000
0.0000
0.0000
0.0000
0.0000
0.0000
0.0000
0.0000
0.0000
0.0000
0.0000
0.0000
0.0000
0.0000
0.0000
0.0000
0.0000
0.0000
0.0000
0.0000
0.0000
0.0000
0.0000
0.0000
0.0000
0.0000
0.0000
0.0000
0.0000
0.0000
0.0000
0.0000
0.0000
0.0000
0.0000
0.0000
0.0000
0.0000
0.0000
0.0000
0.0000
0.0000
0.0000
0.0000
19.5312
19.5312
63.4766
63.4766
166.0156
166.0156
249.0234
249.0234
268.5547
268.5547
239.2578
239.2578
234.3750
234.3750
253.9062
253.9062
336.9141
336.9141
415.0391
415.0391
444.3359
444.3359
415.0391
415.0391
410.1562
410.1562
463.8672
463.8672
537.1094
537.1094
561.5234
561.5234
541.9922
541.9922
546.8750
546.8750
585.9375
585.9375
678.7109
678.7109
791.0156
791.0156
859.3750
859.3750
849.6094
849.6094
830.0781
830.0781
839.8437
839.8437
883.7891
883.7891
869.1406
869.1406
815.4297
815.4297
756.8359
756.8359
742.1875
742.1875
776.3672
776.3672
864.2578
864.2578
913.0859
913.0859
893.5547
893.5547
849.6094
849.6094
844.7266
844.7266
883.7891
883.7891
908.2031
908.2031
874.0234
874.0234
815.4297
815.4297
795.8984
795.8984
810.5469
810.5469
888.6719
888.6719
966.7969
966.7969
996.0937
996.0937
966.7969
966.7969
957.0312
957.0312
1005.8594
1005.8594
1083.9844
1083.9844
1123.0469
1123.0469
1118.1641
1118.1641
1132.8125
1132.8125
1176.7578
1176.7578
1254.8828
1254.8828
1367.1875
1367.1875
1440.4297
1440.4297
1435.5469
1435.5469
1372.0703
1372.0703
1328.1250
1328.1250
1313.4766
1313.4766
1264.6484
1264.6484
1142.5781
1142.5781
986.3281
986.3281
869.1406
869.1406
781.2500
781.2500
756.8359
756.8359
732.4219
732.4219
659.1797
659.1797
507.8125
507.8125
356.4453
356.4453
239.2578
239.2578
146.4844
146.4844
0.0000
0.0000
0.0000
0.0000
0.0000
0.0000
0.0000
0.0000
0.0000
0.0000
0.0000
0.0000
0.0000
0.0000
0.0000
0.0000
0.0000
0.0000
0.0000
0.0000
0.0000
0.0000
0.0000
0.0000
0.0000
0.0000
0.0000
0.0000
0.0000
0.0000
0.0000
0.0000
0.0000
0.0000
0.0000
0.0000
0.0000
0.0000
0.0000
0.0000
0.0000
0.0000
0.0000
0.0000
0.0000
0.0000
0.0000
0.0000
0.0000
0.0000
0.0000
0.0000
0.0000
0.0000
0.0000
0.0000
0.0000
0.0000
0.0000
0.0000
0.0000
0.0000
0.0000
0.0000
0.0000
0.0000
0.0000
0.0000
0.0000
0.0000
0.0000
0.0000
0.0000
0.0000
0.0000
0.0000
0.0000
0.0000
0.0000
0.0000
0.0000
0.0000
0.0000
0.0000
0.0000
0.0000
0.0000
0.0000
0.0000
0.0000
0.0000
0.0000
0.0000
0.0000
0.0000
0.0000
0.0000
0.0000
0.0000
0.0000
0.0000
0.0000
0.0000
0.0000
0.0000
0.0000
0.0000
0.0000
0.0000
0.0000
0.0000
0.0000
0.0000
0.0000
0.0000
0.0000
0.0000
0.0000
0.0000
0.0000
0.0000
0.0000
0.0000
0.0000
0.0000
0.0000
0.0000
0.0000
0.0000
0.0000
0.0000
0.0000
53.7109
53.7109
92.7734
92.7734
78.1250
78.1250
48.8281
48.8281
53.7109
53.7109
102.5391
102.5391
219.7266
219.7266
302.7344
302.7344
317.3828
317.3828
288.0859
288.0859
278.3203
278.3203
322.2656
322.2656
351.5625
351.5625
317.3828
317.3828
253.9062
253.9062
219.7266
219.7266
224.6094
224.6094
297.8516
297.8516
361.3281
361.3281
380.8594
380.8594
341.7969
341.7969
327.1484
327.1484
361.3281
361.3281
405.2734
405.2734
390.6250
390.6250
336.9141
336.9141
317.3828
317.3828
341.7969
341.7969
444.3359
444.3359
561.5234
561.5234
629.8828
629.8828
625.0000
625.0000
620.1172
620.1172
673.8281
673.8281
756.8359
756.8359
771.4844
771.4844
742.1875
742.1875
717.7734
717.7734
732.4219
732.4219
791.0156
791.0156
898.4375
898.4375
976.5625
976.5625
991.2109
991.2109
1000.9766
1000.9766
1044.9219
1044.9219
1152.3437
1152.3437
1225.5859
1225.5859
1245.1172
1245.1172
1235.3516
1235.3516
1264.6484
1264.6484
1318.3594
1318.3594
1416.0156
1416.0156
1494.1406
1494.1406
1489.2578
1489.2578
1396.4844
1396.4844
1303.7109
1303.7109
1235.3516
1235.3516
1166.9922
1166.9922
1020.5078
1020.5078
830.0781
830.0781
654.2969
654.2969
522.4609
522.4609
454.1016
454.1016
429.6875
429.6875
375.9766
375.9766
258.7891
258.7891
122.0703
122.0703
14.6484
14.6484
0.0000
0.0000
0.0000
0.0000
0.0000
0.0000
0.0000
0.0000
0.0000
0.0000
0.0000
0.0000
0.0000
0.0000
0.0000
0.0000
0.0000
0.0000
0.0000
0.0000
0.0000
0.0000
0.0000
0.0000
0.0000
0.0000
0.0000
0.0000
0.0000
0.0000
0.0000
0.0000
0.0000
0.0000
0.0000
0.0000
0.0000
0.0000
0.0000
0.0000
0.0000
0.0000
0.0000
0.0000
0.0000
0.0000
0.0000
0.0000
0.0000
0.0000
0.0000
0.0000
0.0000
0.0000
0.0000
0.0000
0.0000
0.0000
0.0000
0.0000
0.0000
0.0000
0.0000
0.0000
0.0000
0.0000
0.0000
0.0000
0.0000
0.0000
0.0000
0.0000
0.0000
0.0000
0.0000
0.0000
0.0000
0.0000
0.0000
0.0000
0.0000
0.0000
0.0000
0.0000
0.0000
0.0000
0.0000
0.0000
73.2422
73.2422
175.7812
175.7812
214.8437
214.8437
200.1953
200.1953
205.0781
205.0781
239.2578
239.2578
341.7969
341.7969
473.6328
473.6328
566.4062
566.4062
581.0547
581.0547
590.8203
590.8203
644.5312
644.5312
737.3047
737.3047
771.4844
771.4844
761.7187
761.7187
756.8359
756.8359
781.2500
781.2500
854.4922
854.4922
976.5625
976.5625
1059.5703
1059.5703
1059.5703
1059.5703
1030.2734
1030.2734
1025.3906
1025.3906
1054.6875
1054.6875
1040.0391
1040.0391
966.7969
966.7969
874.0234
874.0234
815.4297
815.4297
810.5469
810.5469
874.0234
874.0234
922.8516
922.8516
917.9687
917.9687
874.0234
874.0234
859.3750
859.3750
898.4375
898.4375
957.0312
957.0312
971.6797
971.6797
961.9141
961.9141
996.0937
996.0937
1064.4531
1064.4531
1191.4062
1191.4062
1342.7734
1342.7734
1430.6641
1430.6641
1411.1328
1411.1328
1352.5391
1352.5391
1313.4766
1313.4766
1293.9453
1293.9453
1210.9375
1210.9375
1079.1016
1079.1016
937.5000
937.5000
825.1953
825.1953
761.7187
761.7187
771.4844
771.4844
747.0703
747.0703
664.0625
664.0625
527.3437
527.3437
415.0391
415.0391
336.9141
336.9141
234.3750
234.3750
63.4766
63.4766
0.0000
0.0000
0.0000
0.0000
0.0000
0.0000
0.0000
0.0000
0.0000
0.0000
0.0000
0.0000
0.0000
0.0000
0.0000
0.0000
0.0000
0.0000
0.0000
0.0000
0.0000
0.0000
0.0000
0.0000
0.0000
0.0000
0.0000
0.0000
0.0000
0.0000
0.0000
0.0000
0.0000
0.0000
0.0000
0.0000
0.0000
0.0000
0.0000
0.0000
0.0000
0.0000
0.0000
0.0000
0.0000
0.0000
0.0000
0.0000
0.0000
0.0000
0.0000
0.0000
0.0000
0.0000
0.0000
0.0000
0.0000
0.0000
0.0000
0.0000
0.0000
0.0000
0.0000
0.0000
0.0000
0.0000
0.0000
0.0000
0.0000
0.0000
0.0000
0.0000
0.0000
0.0000
0.0000
0.0000
0.0000
0.0000
0.0000
0.0000
0.0000
0.0000
0.0000
0.0000
0.0000
0.0000
0.0000
0.0000
0.0000
0.0000
0.0000
0.0000
0.0000
0.0000
0.0000
0.0000
0.0000
0.0000
0.0000
0.0000
0.0000
0.0000
0.0000
0.0000
0.0000
24.4141
24.4141
97.6562
97.6562
112.3047
112.3047
78.1250
78.1250
53.7109
53.7109
63.4766
63.4766
136.7187
136.7187
234.3750
234.3750
288.0859
288.0859
278.3203
278.3203
268.5547
268.5547
317.3828
317.3828
405.2734
405.2734
434.5703
434.5703
410.1562
410.1562
395.5078
395.5078
410.1562
410.1562
468.7500
468.7500
581.0547
581.0547
649.4141
649.4141
634.7656
634.7656
595.7031
595.7031
585.9375
585.9375
629.8828
629.8828
639.6484
639.6484
605.4687
605.4687
551.7578
551.7578
537.1094
537.1094
571.2891
571.2891
668.9453
668.9453
742.1875
742.1875
756.8359
756.8359
712.8906
712.8906
693.3594
693.3594
717.7734
717.7734
742.1875
742.1875
698.2422
698.2422
625.0000
625.0000
581.0547
581.0547
576.1719
576.1719
654.2969
654.2969
766.6016
766.6016
834.9609
834.9609
830.0781
830.0781
825.1953
825.1953
859.3750
859.3750
927.7344
927.7344
932.6172
932.6172
874.0234
874.0234
800.7812
800.7812
751.9531
751.9531
742.1875
742.1875
781.2500
781.2500
771.4844
771.4844
698.2422
698.2422
585.9375
585.9375
502.9297
502.9297
463.8672
463.8672
410.1562
410.1562
297.8516
297.8516
156.2500
156.2500
53.7109
53.7109
0.0000
0.0000
0.0000
0.0000
9.7656
9.7656
0.0000
0.0000
0.0000
0.0000
0.0000
0.0000
0.0000
0.0000
0.0000
0.0000
0.0000
0.0000
0.0000
0.0000
0.0000
0.0000
0.0000
0.0000
9.7656
9.7656
131.8359
131.8359
209.9609
209.9609
209.9609
209.9609
170.8984
170.8984
151.3672
151.3672
170.8984
170.8984
151.3672
151.3672
68.3594
68.3594
0.0000
0.0000
0.0000
0.0000
0.0000
0.0000
0.0000
0.0000
0.0000
0.0000
0.0000
0.0000
0.0000
0.0000
0.0000
0.0000
0.0000
0.0000
0.0000
0.0000
0.0000
0.0000
0.0000
0.0000
0.0000
0.0000
0.0000
0.0000
0.0000
0.0000
0.0000
0.0000
0.0000
0.0000
0.0000
0.0000
0.0000
0.0000
0.0000
0.0000
0.0000
0.0000
0.0000
0.0000
0.0000
0.0000
0.0000
0.0000
0.0000
0.0000
0.0000
0.0000
0.0000
0.0000
0.0000
0.0000
0.0000
0.0000
0.0000
0.0000
0.0000
0.0000
0.0000
0.0000
0.0000
0.0000
0.0000
0.0000
0.0000
0.0000
0.0000
0.0000
0.0000
0.0000
0.0000
0.0000
0.0000
0.0000
0.0000
0.0000
0.0000
0.0000
0.0000
0.0000
0.0000
0.0000
0.0000
0.0000
0.0000
0.0000
0.0000
0.0000
4.8828
4.8828
78.1250
78.1250
219.7266
219.7266
366.2109
366.2109
458.9844
458.9844
488.2812
488.2812
527.3437
527.3437
605.4687
605.4687
703.1250
703.1250
727.5391
727.5391
708.0078
708.0078
698.2422
698.2422
712.8906
712.8906
786.1328
786.1328
888.6719
888.6719
947.2656
947.2656
932.6172
932.6172
908.2031
908.2031
927.7344
927.7344
981.4453
981.4453
991.2109
991.2109
952.1484
952.1484
908.2031
908.2031
917.9687
917.9687
976.5625
976.5625
1103.5156
1103.5156
1215.8203
1215.8203
1269.5312
1269.5312
1259.7656
1259.7656
1264.6484
1264.6484
1308.5937
1308.5937
1342.7734
1342.7734
1289.0625
1289.0625
1176.7578
1176.7578
1069.3359
1069.3359
976.5625
976.5625
927.7344
927.7344
893.5547
893.5547
805.6641
805.6641
654.2969
654.2969
507.8125
507.8125
410.1562
410.1562
346.6797
346.6797
239.2578
239.2578
87.8906
87.8906
0.0000
0.0000
0.0000
0.0000
0.0000
0.0000
0.0000
0.0000
0.0000
0.0000
0.0000
0.0000
0.0000
0.0000
0.0000
0.0000
0.0000
0.0000
0.0000
0.0000
0.0000
0.0000
0.0000
0.0000
0.0000
0.0000
0.0000
0.0000
0.0000
0.0000
0.0000
0.0000
0.0000
0.0000
0.0000
0.0000
0.0000
0.0000
0.0000
0.0000
0.0000
0.0000
0.0000
0.0000
0.0000
0.0000
0.0000
0.0000
0.0000
0.0000
0.0000
0.0000
0.0000
0.0000
0.0000
0.0000
0.0000
0.0000
0.0000
0.0000
0.0000
0.0000
0.0000
0.0000
0.0000
0.0000
0.0000
0.0000
0.0000
0.0000
0.0000
0.0000
0.0000
0.0000
0.0000
0.0000
0.0000
0.0000
0.0000
0.0000
0.0000
0.0000
0.0000
0.0000
0.0000
0.0000
0.0000
0.0000
0.0000
0.0000
0.0000
0.0000
0.0000
0.0000
0.0000
0.0000
0.0000
0.0000
0.0000
0.0000
0.0000
0.0000
0.0000
0.0000
0.0000
0.0000
0.0000
0.0000
0.0000
0.0000
0.0000
0.0000
0.0000
0.0000
0.0000
0.0000
0.0000
0.0000
0.0000
0.0000
0.0000
0.0000
0.0000
0.0000
0.0000
0.0000
0.0000
0.0000
0.0000
0.0000
0.0000
0.0000
0.0000
0.0000
0.0000
0.0000
0.0000
0.0000
0.0000
0.0000
0.0000
0.0000
0.0000
0.0000
0.0000
0.0000
0.0000
0.0000
0.0000
0.0000
53.7109
53.7109
141.6016
141.6016
161.1328
161.1328
146.4844
146.4844
166.0156
166.0156
209.9609
209.9609
332.0312
332.0312
454.1016
454.1016
527.3437
527.3437
532.2266
532.2266
541.9922
541.9922
605.4687
605.4687
693.3594
693.3594
722.6562
722.6562
698.2422
698.2422
693.3594
693.3594
722.6562
722.6562
805.6641
805.6641
913.0859
913.0859
971.6797
971.6797
947.2656
947.2656
908.2031
908.2031
908.2031
908.2031
947.2656
947.2656
927.7344
927.7344
874.0234
874.0234
820.3125
820.3125
810.5469
810.5469
854.4922
854.4922
966.7969
966.7969
1049.8047
1049.8047
1064.4531
1064.4531
1044.9219
1044.9219
1059.5703
1059.5703
1113.2812
1113.2812
1137.6953
1137.6953
1083.9844
1083.9844
986.3281
986.3281
908.2031
908.2031
859.3750
859.3750
864.2578
864.2578
849.6094
849.6094
776.3672
776.3672
644.5312
644.5312
532.2266
532.2266
473.6328
473.6328
429.6875
429.6875
317.3828
317.3828
170.8984
170.8984
39.0625
39.0625
0.0000
0.0000
0.0000
0.0000
0.0000
0.0000
0.0000
0.0000
0.0000
0.0000
0.0000
0.0000
0.0000
0.0000
0.0000
0.0000
0.0000
0.0000
0.0000
0.0000
0.0000
0.0000
0.0000
0.0000
0.0000
0.0000
0.0000
0.0000
0.0000
0.0000
0.0000
0.0000
0.0000
0.0000
0.0000
0.0000
0.0000
0.0000
19.5312
19.5312
68.3594
68.3594
73.2422
73.2422
112.3047
112.3047
180.6641
180.6641
307.6172
307.6172
434.5703
434.5703
502.9297
502.9297
483.3984
483.3984
449.2187
449.2187
439.4531
439.4531
424.8047
424.8047
317.3828
317.3828
146.4844
146.4844
0.0000
0.0000
0.0000
0.0000
0.0000
0.0000
0.0000
0.0000
0.0000
0.0000
0.0000
0.0000
0.0000
0.0000
0.0000
0.0000
0.0000
0.0000
0.0000
0.0000
0.0000
0.0000
0.0000
0.0000
0.0000
0.0000
0.0000
0.0000
0.0000
0.0000
0.0000
0.0000
0.0000
0.0000
0.0000
0.0000
0.0000
0.0000
0.0000
0.0000
0.0000
0.0000
0.0000
0.0000
0.0000
0.0000
0.0000
0.0000
0.0000
0.0000
0.0000
0.0000
0.0000
0.0000
0.0000
0.0000
0.0000
0.0000
0.0000
0.0000
0.0000
0.0000
0.0000
0.0000
0.0000
0.0000
0.0000
0.0000
0.0000
0.0000
0.0000
0.0000
0.0000
0.0000
48.8281
48.8281
141.6016
141.6016
170.8984
170.8984
200.1953
200.1953
273.4375
273.4375
390.6250
390.6250
454.1016
454.1016
463.8672
463.8672
468.7500
468.7500
522.4609
522.4609
625.0000
625.0000
781.2500
781.2500
888.6719
888.6719
913.0859
913.0859
908.2031
908.2031
937.5000
937.5000
1010.7422
1010.7422
1049.8047
1049.8047
1035.1562
1035.1562
1000.9766
1000.9766
1005.8594
1005.8594
1040.0391
1040.0391
1137.6953
1137.6953
1230.4687
1230.4687
1264.6484
1264.6484
1240.2344
1240.2344
1235.3516
1235.3516
1289.0625
1289.0625
1372.0703
1372.0703
1406.2500
1406.2500
1391.6016
1391.6016
1376.9531
1376.9531
1396.4844
1396.4844
1455.0781
1455.0781
1542.9687
1542.9687
1582.0312
1582.0312
1533.2031
1533.2031
1425.7812
1425.7812
1323.2422
1323.2422
1240.2344
1240.2344
1098.6328
1098.6328
893.5547
893.5547
659.1797
659.1797
454.1016
454.1016
283.2031
283.2031
185.5469
185.5469
92.7734
92.7734
0.0000
0.0000
0.0000
0.0000
0.0000
0.0000
0.0000
0.0000
0.0000
0.0000
0.0000
0.0000
0.0000
0.0000
0.0000
0.0000
0.0000
0.0000
0.0000
0.0000
0.0000
0.0000
0.0000
0.0000
0.0000
0.0000
0.0000
0.0000
0.0000
0.0000
0.0000
0.0000
0.0000
0.0000
0.0000
0.0000
0.0000
0.0000
0.0000
0.0000
0.0000
0.0000
0.0000
0.0000
0.0000
0.0000
0.0000
0.0000
0.0000
0.0000
0.0000
0.0000
0.0000
0.0000
0.0000
0.0000
0.0000
0.0000
0.0000
0.0000
0.0000
0.0000
0.0000
0.0000
0.0000
0.0000
0.0000
0.0000
0.0000
0.0000
0.0000
0.0000
0.0000
0.0000
0.0000
0.0000
0.0000
0.0000
0.0000
0.0000
0.0000
0.0000
0.0000
0.0000
0.0000
0.0000
0.0000
0.0000
0.0000
0.0000
0.0000
0.0000
0.0000
0.0000
0.0000
0.0000
0.0000
0.0000
0.0000
0.0000
0.0000
0.0000
0.0000
0.0000
0.0000
0.0000
0.0000
0.0000
0.0000
0.0000
0.0000
0.0000
0.0000
0.0000
0.0000
0.0000
0.0000
0.0000
0.0000
0.0000
0.0000
0.0000
0.0000
0.0000
0.0000
0.0000
0.0000
0.0000
0.0000
0.0000
0.0000
0.0000
0.0000
0.0000
0.0000
0.0000
0.0000
0.0000
0.0000
0.0000
0.0000
0.0000
0.0000
0.0000
0.0000
0.0000
0.0000
0.0000
0.0000
29.2969
29.2969
122.0703
122.0703
263.6719
263.6719
380.8594
380.8594
424.8047
424.8047
419.9219
419.9219
434.5703
434.5703
498.0469
498.0469
532.2266
532.2266
517.5781
517.5781
483.3984
483.3984
493.1641
493.1641
541.9922
541.9922
668.9453
668.9453
781.2500
781.2500
834.9609
834.9609
820.3125
820.3125
810.5469
810.5469
844.7266
844.7266
888.6719
888.6719
874.0234
874.0234
825.1953
825.1953
795.8984
795.8984
805.6641
805.6641
883.7891
883.7891
991.2109
991.2109
1059.5703
1059.5703
1044.9219
1044.9219
1010.7422
1010.7422
991.2109
991.2109
971.6797
971.6797
878.9062
878.9062
722.6562
722.6562
546.8750
546.8750
400.3906
400.3906
288.0859
288.0859
224.6094
224.6094
126.9531
126.9531
0.0000
0.0000
0.0000
0.0000
0.0000
0.0000
0.0000
0.0000
0.0000
0.0000
0.0000
0.0000
0.0000
0.0000
0.0000
0.0000
0.0000
0.0000
0.0000
0.0000
0.0000
0.0000
0.0000
0.0000
0.0000
0.0000
0.0000
0.0000
0.0000
0.0000
0.0000
0.0000
0.0000
0.0000
0.0000
0.0000
0.0000
0.0000
0.0000
0.0000
0.0000
0.0000
0.0000
0.0000
0.0000
0.0000
0.0000
0.0000
0.0000
0.0000
0.0000
0.0000
0.0000
0.0000
0.0000
0.0000
0.0000
0.0000
0.0000
0.0000
0.0000
0.0000
0.0000
0.0000
0.0000
0.0000
0.0000
0.0000
0.0000
0.0000
0.0000
0.0000
0.0000
0.0000
0.0000
0.0000
0.0000
0.0000
0.0000
0.0000
0.0000
0.0000
0.0000
0.0000
48.8281
48.8281
175.7812
175.7812
268.5547
268.5547
297.8516
297.8516
273.4375
273.4375
273.4375
273.4375
332.0312
332.0312
375.9766
375.9766
356.4453
356.4453
297.8516
297.8516
263.6719
263.6719
258.7891
258.7891
312.5000
312.5000
356.4453
356.4453
351.5625
351.5625
283.2031
283.2031
234.3750
234.3750
234.3750
234.3750
249.0234
249.0234
205.0781
205.0781
122.0703
122.0703
58.5937
58.5937
39.0625
39.0625
87.8906
87.8906
161.1328
161.1328
190.4297
190.4297
156.2500
156.2500
122.0703
122.0703
136.7187
136.7187
190.4297
190.4297
195.3125
195.3125
161.1328
161.1328
131.8359
131.8359
146.4844
146.4844
214.8437
214.8437
341.7969
341.7969
444.3359
444.3359
473.6328
473.6328
468.7500
468.7500
488.2812
488.2812
556.6406
556.6406
595.7031
595.7031
581.0547
581.0547
537.1094
537.1094
532.2266
532.2266
561.5234
561.5234
659.1797
659.1797
751.9531
751.9531
795.8984
795.8984
786.1328
786.1328
805.6641
805.6641
878.9062
878.9062
966.7969
966.7969
991.2109
991.2109
966.7969
966.7969
957.0312
957.0312
971.6797
971.6797
1035.1562
1035.1562
1137.6953
1137.6953
1206.0547
1206.0547
1201.1719
1201.1719
1186.5234
1186.5234
1196.2891
1196.2891
1259.7656
1259.7656
1284.1797
1284.1797
1254.8828
1254.8828
1201.1719
1201.1719
1191.4062
1191.4062
1225.5859
1225.5859
1323.2422
1323.2422
1411.1328
1411.1328
1445.3125
1445.3125
1411.1328
1411.1328
1386.7187
1386.7187
1406.2500
1406.2500
1455.0781
1455.0781
1440.4297
1440.4297
1381.8359
1381.8359
1313.4766
1313.4766
1274.4141
1274.4141
1264.6484
1264.6484
1289.0625
1289.0625
1269.5312
1269.5312
1176.7578
1176.7578
1040.0391
1040.0391
927.7344
927.7344
859.3750
859.3750
776.3672
776.3672
629.8828
629.8828
454.1016
454.1016
297.8516
297.8516
170.8984
170.8984
97.6562
97.6562
39.0625
39.0625
0.0000
0.0000
0.0000
0.0000
0.0000
0.0000
0.0000
0.0000
0.0000
0.0000
0.0000
0.0000
0.0000
0.0000
0.0000
0.0000
0.0000
0.0000
0.0000
0.0000
0.0000
0.0000
0.0000
0.0000
0.0000
0.0000
0.0000
0.0000
0.0000
0.0000
0.0000
0.0000
0.0000
0.0000
0.0000
0.0000
0.0000
0.0000
0.0000
0.0000
0.0000
0.0000
0.0000
0.0000
0.0000
0.0000
0.0000
0.0000
0.0000
0.0000
0.0000
0.0000
0.0000
0.0000
0.0000
0.0000
0.0000
0.0000
0.0000
0.0000
0.0000
0.0000
0.0000
0.0000
0.0000
0.0000
0.0000
0.0000
0.0000
0.0000
0.0000
0.0000
0.0000
0.0000
0.0000
0.0000
0.0000
0.0000
0.0000
0.0000
0.0000
0.0000
0.0000
0.0000
0.0000
0.0000
0.0000
0.0000
0.0000
0.0000
0.0000
0.0000
0.0000
0.0000
0.0000
0.0000
0.0000
0.0000
0.0000
0.0000
0.0000
0.0000
0.0000
0.0000
0.0000
0.0000
0.0000
0.0000
0.0000
0.0000
0.0000
0.0000
0.0000
0.0000
0.0000
0.0000
0.0000
0.0000
0.0000
0.0000
0.0000
0.0000
0.0000
0.0000
0.0000
0.0000
0.0000
0.0000
0.0000
0.0000
0.0000
0.0000
0.0000
0.0000
0.0000
0.0000
0.0000
0.0000
0.0000
0.0000
0.0000
0.0000
0.0000
0.0000
48.8281
48.8281
58.5937
58.5937
48.8281
48.8281
68.3594
68.3594
131.8359
131.8359
263.6719
263.6719
371.0937
371.0937
419.9219
419.9219
424.8047
424.8047
449.2187
449.2187
527.3437
527.3437
595.7031
595.7031
595.7031
595.7031
566.4062
566.4062
561.5234
561.5234
585.9375
585.9375
678.7109
678.7109
766.6016
766.6016
791.0156
791.0156
756.8359
756.8359
742.1875
742.1875
795.8984
795.8984
869.1406
869.1406
888.6719
888.6719
864.2578
864.2578
864.2578
864.2578
893.5547
893.5547
957.0312
957.0312
1025.3906
1025.3906
1020.5078
1020.5078
917.9687
917.9687
776.3672
776.3672
654.2969
654.2969
556.6406
556.6406
400.3906
400.3906
195.3125
195.3125
0.0000
0.0000
0.0000
0.0000
0.0000
0.0000
0.0000
0.0000
0.0000
0.0000
0.0000
0.0000
0.0000
0.0000
0.0000
0.0000
0.0000
0.0000
0.0000
0.0000
0.0000
0.0000
0.0000
0.0000
0.0000
0.0000
0.0000
0.0000
0.0000
0.0000
0.0000
0.0000
0.0000
0.0000
0.0000
0.0000
0.0000
0.0000
0.0000
0.0000
0.0000
0.0000
0.0000
0.0000
0.0000
0.0000
0.0000
0.0000
0.0000
0.0000
0.0000
0.0000
73.2422
73.2422
87.8906
87.8906
34.1797
34.1797
0.0000
0.0000
0.0000
0.0000
0.0000
0.0000
0.0000
0.0000
0.0000
0.0000
0.0000
0.0000
0.0000
0.0000
0.0000
0.0000
53.7109
53.7109
136.7187
136.7187
151.3672
151.3672
146.4844
146.4844
185.5469
185.5469
273.4375
273.4375
312.5000
312.5000
297.8516
297.8516
263.6719
263.6719
253.9062
253.9062
283.2031
283.2031
366.2109
366.2109
410.1562
410.1562
385.7422
385.7422
317.3828
317.3828
278.3203
278.3203
283.2031
283.2031
263.6719
263.6719
180.6641
180.6641
78.1250
78.1250
9.7656
9.7656
0.0000
0.0000
34.1797
34.1797
68.3594
68.3594
48.8281
48.8281
0.0000
0.0000
0.0000
0.0000
0.0000
0.0000
0.0000
0.0000
0.0000
0.0000
0.0000
0.0000
0.0000
0.0000
0.0000
0.0000
0.0000
0.0000
0.0000
0.0000
0.0000
0.0000
0.0000
0.0000
0.0000
0.0000
39.0625
39.0625
131.8359
131.8359
161.1328
161.1328
146.4844
146.4844
122.0703
122.0703
136.7187
136.7187
195.3125
195.3125
302.7344
302.7344
371.0937
371.0937
375.9766
375.9766
351.5625
351.5625
371.0937
371.0937
444.3359
444.3359
483.3984
483.3984
488.2812
488.2812
468.7500
468.7500
493.1641
493.1641
561.5234
561.5234
708.0078
708.0078
839.8437
839.8437
903.3203
903.3203
893.5547
893.5547
893.5547
893.5547
947.2656
947.2656
1010.7422
1010.7422
1005.8594
1005.8594
961.9141
961.9141
937.5000
937.5000
952.1484
952.1484
1025.3906
1025.3906
1127.9297
1127.9297
1186.5234
1186.5234
1171.8750
1171.8750
1152.3437
1152.3437
1157.2266
1157.2266
1206.0547
1206.0547
1196.2891
1196.2891
1142.5781
1142.5781
1074.2187
1074.2187
1040.0391
1040.0391
1044.9219
1044.9219
1113.2812
1113.2812
1171.8750
1171.8750
1181.6406
1181.6406
1147.4609
1147.4609
1137.6953
1137.6953
1176.7578
1176.7578
1230.4687
1230.4687
1235.3516
1235.3516
1201.1719
1201.1719
1176.7578
1176.7578
1186.5234
1186.5234
1240.2344
1240.2344
1328.1250
1328.1250
1367.1875
1367.1875
1323.2422
1323.2422
1250.0000
1250.0000
1196.2891
1196.2891
1186.5234
1186.5234
1142.5781
1142.5781
1035.1562
1035.1562
888.6719
888.6719
761.7187
761.7187
664.0625
664.0625
634.7656
634.7656
600.5859
600.5859
512.6953
356.4453
356.4453
356.4453
214.8437
214.8437
126.9531
126.9531
73.2422
73.2422
0.0000
0.0000
0.0000
0.0000
0.0000
0.0000
0.0000
0.0000
0.0000
0.0000
0.0000
0.0000
0.0000
0.0000
0.0000
0.0000
0.0000
0.0000
0.0000
0.0000
0.0000
0.0000
0.0000
0.0000
0.0000
0.0000
0.0000
0.0000
0.0000
0.0000
0.0000
0.0000
0.0000
0.0000
0.0000
0.0000
0.0000
0.0000
0.0000
0.0000
0.0000
0.0000
0.0000
0.0000
0.0000
0.0000
0.0000
0.0000
0.0000
0.0000
0.0000
0.0000
0.0000
0.0000
0.0000
0.0000
0.0000
0.0000
0.0000
0.0000
0.0000
0.0000
0.0000
0.0000
0.0000
0.0000
0.0000
0.0000
0.0000
0.0000
0.0000
0.0000
0.0000
0.0000
0.0000
0.0000
0.0000
0.0000
0.0000
0.0000
0.0000
0.0000
0.0000
0.0000
0.0000
0.0000
0.0000
0.0000
0.0000
0.0000
0.0000
0.0000
0.0000
0.0000
0.0000
0.0000
0.0000
0.0000
0.0000
0.0000
0.0000
0.0000
0.0000
0.0000
0.0000
0.0000
0.0000
0.0000
0.0000
0.0000
0.0000
0.0000
0.0000
0.0000
0.0000
0.0000
0.0000
0.0000
0.0000
0.0000
0.0000
0.0000
0.0000
0.0000
0.0000
0.0000
0.0000
0.0000
0.0000
0.0000
0.0000
0.0000
0.0000
0.0000
0.0000
0.0000
0.0000
0.0000
0.0000
0.0000
0.0000
0.0000
0.0000
0.0000
0.0000
0.0000
0.0000
53.7109
53.7109
39.0625
39.0625
19.5312
19.5312
43.9453
43.9453
92.7734
92.7734
92.7734
92.7734
53.7109
53.7109
34.1797
34.1797
53.7109
53.7109
141.6016
141.6016
263.6719
263.6719
346.6797
346.6797
351.5625
351.5625
346.6797
346.6797
371.0937
371.0937
439.4531
439.4531
444.3359
444.3359
400.3906
400.3906
351.5625
351.5625
341.7969
341.7969
390.6250
390.6250
498.0469
498.0469
556.6406
556.6406
551.7578
551.7578
507.8125
507.8125
502.9297
502.9297
551.7578
551.7578
590.8203
590.8203
585.9375
585.9375
566.4062
566.4062
581.0547
581.0547
629.8828
629.8828
747.0703
747.0703
849.6094
849.6094
888.6719
888.6719
854.4922
854.4922
825.1953
825.1953
834.9609
834.9609
839.8437
839.8437
781.2500
781.2500
683.5937
683.5937
605.4687
605.4687
561.5234
561.5234
571.2891
571.2891
605.4687
605.4687
585.9375
585.9375
493.1641
493.1641
395.5078
395.5078
341.7969
341.7969
332.0312
332.0312
268.5547
268.5547
161.1328
161.1328
58.5937
58.5937
9.7656
9.7656
14.6484
14.6484
102.5391
102.5391
170.8984
170.8984
180.6641
180.6641
141.6016
141.6016
122.0703
122.0703
146.4844
146.4844
156.2500
156.2500
87.8906
87.8906
0.0000
0.0000
0.0000
0.0000
0.0000
0.0000
0.0000
0.0000
0.0000
0.0000
0.0000
0.0000
0.0000
0.0000
0.0000
0.0000
0.0000
0.0000
0.0000
0.0000
0.0000
0.0000
0.0000
0.0000
0.0000
0.0000
0.0000
0.0000
0.0000
0.0000
0.0000
0.0000
0.0000
0.0000
0.0000
0.0000
0.0000
0.0000
0.0000
0.0000
0.0000
0.0000
0.0000
0.0000
0.0000
0.0000
0.0000
0.0000
0.0000
0.0000
0.0000
0.0000
0.0000
0.0000
0.0000
0.0000
0.0000
0.0000
0.0000
0.0000
0.0000
0.0000
0.0000
0.0000
0.0000
0.0000
0.0000
0.0000
0.0000
0.0000
0.0000
0.0000
0.0000
0.0000
0.0000
0.0000
0.0000
0.0000
0.0000
0.0000
0.0000
0.0000
0.0000
0.0000
0.0000
0.0000
0.0000
0.0000
0.0000
0.0000
0.0000
0.0000
0.0000
0.0000
58.5937
58.5937
205.0781
205.0781
356.4453
356.4453
454.1016
454.1016
488.2812
488.2812
532.2266
532.2266
615.2344
615.2344
712.8906
712.8906
742.1875
742.1875
717.7734
717.7734
698.2422
698.2422
717.7734
717.7734
791.0156
791.0156
893.5547
893.5547
942.3828
942.3828
917.9687
917.9687
883.7891
883.7891
893.5547
893.5547
952.1484
952.1484
947.2656
947.2656
898.4375
898.4375
844.7266
844.7266
830.0781
830.0781
869.1406
869.1406
966.7969
966.7969
1035.1562
1035.1562
1030.2734
1030.2734
991.2109
991.2109
976.5625
976.5625
1020.5078
1020.5078
1069.3359
1069.3359
1074.2187
1074.2187
1059.5703
1059.5703
1079.1016
1079.1016
1137.6953
1137.6953
1250.0000
1250.0000
1372.0703
1372.0703
1430.6641
1430.6641
1406.2500
1406.2500
1376.9531
1376.9531
1381.8359
1381.8359
1411.1328
1411.1328
1381.8359
1381.8359
1303.7109
1303.7109
1225.5859
1225.5859
1186.5234
1186.5234
1181.6406
1181.6406
1225.5859
1225.5859
1230.4687
1230.4687
1162.1094
1162.1094
1030.2734
1030.2734
913.0859
913.0859
834.9609
834.9609
737.3047
737.3047
561.5234
561.5234
346.6797
346.6797
141.6016
141.6016
0.0000
0.0000
0.0000
0.0000
0.0000
0.0000
0.0000
0.0000
0.0000
0.0000
0.0000
0.0000
0.0000
0.0000
0.0000
0.0000
0.0000
0.0000
0.0000
0.0000
0.0000
0.0000
0.0000
0.0000
0.0000
0.0000
0.0000
0.0000
0.0000
0.0000
0.0000
0.0000
0.0000
0.0000
0.0000
0.0000
0.0000
0.0000
0.0000
0.0000
0.0000
0.0000
0.0000
0.0000
0.0000
0.0000
0.0000
0.0000
0.0000
0.0000
0.0000
0.0000
0.0000
0.0000
0.0000
0.0000
0.0000
0.0000
0.0000
0.0000
0.0000
0.0000
0.0000
0.0000
0.0000
0.0000
0.0000
0.0000
0.0000
0.0000
0.0000
0.0000
0.0000
0.0000
0.0000
0.0000
0.0000
0.0000
0.0000
0.0000
0.0000
0.0000
0.0000
0.0000
0.0000
0.0000
0.0000
0.0000
0.0000
0.0000
0.0000
0.0000
0.0000
0.0000
0.0000
0.0000
0.0000
0.0000
0.0000
0.0000
0.0000
0.0000
0.0000
0.0000
0.0000
0.0000
0.0000
0.0000
0.0000
0.0000
0.0000
0.0000
0.0000
0.0000
0.0000
0.0000
0.0000
0.0000
0.0000
0.0000
0.0000
0.0000
0.0000
0.0000
0.0000
0.0000
0.0000
0.0000
0.0000
0.0000
0.0000
0.0000
0.0000
0.0000
0.0000
0.0000
0.0000
0.0000
0.0000
0.0000
58.5937
58.5937
87.8906
87.8906
83.0078
83.0078
107.4219
107.4219
180.6641
180.6641
214.8437
214.8437
200.1953
200.1953
180.6641
180.6641
205.0781
205.0781
273.4375
273.4375
415.0391
415.0391
537.1094
537.1094
590.8203
590.8203
605.4687
605.4687
644.5312
644.5312
727.5391
727.5391
800.7812
800.7812
810.5469
810.5469
791.0156
791.0156
795.8984
795.8984
834.9609
834.9609
927.7344
927.7344
1020.5078
1020.5078
1054.6875
1054.6875
1015.6250
1015.6250
991.2109
991.2109
1015.6250
1015.6250
1064.4531
1064.4531
1054.6875
1054.6875
1005.8594
1005.8594
981.4453
981.4453
991.2109
991.2109
1049.8047
1049.8047
1152.3437
1152.3437
1201.1719
1201.1719
1157.2266
1157.2266
1069.3359
1069.3359
1000.9766
1000.9766
966.7969
966.7969
874.0234
874.0234
732.4219
732.4219
571.2891
571.2891
444.3359
444.3359
356.4453
356.4453
336.9141
336.9141
292.9687
292.9687
200.1953
200.1953
63.4766
63.4766
0.0000
0.0000
0.0000
0.0000
0.0000
0.0000
0.0000
0.0000
0.0000
0.0000
0.0000
0.0000
0.0000
0.0000
0.0000
0.0000
0.0000
0.0000
0.0000
0.0000
0.0000
0.0000
0.0000
0.0000
0.0000
0.0000
0.0000
0.0000
0.0000
0.0000
0.0000
0.0000
0.0000
0.0000
0.0000
0.0000
0.0000
0.0000
0.0000
0.0000
63.4766
63.4766
53.7109
53.7109
0.0000
0.0000
0.0000
0.0000
0.0000
0.0000
0.0000
0.0000
0.0000
0.0000
0.0000
0.0000
0.0000
0.0000
0.0000
0.0000
0.0000
0.0000
0.0000
0.0000
0.0000
0.0000
0.0000
0.0000
0.0000
0.0000
0.0000
0.0000
0.0000
0.0000
0.0000
0.0000
0.0000
0.0000
0.0000
0.0000
0.0000
0.0000
24.4141
24.4141
102.5391
102.5391
122.0703
122.0703
68.3594
68.3594
0.0000
0.0000
0.0000
0.0000
0.0000
0.0000
0.0000
0.0000
0.0000
0.0000
0.0000
0.0000
0.0000
0.0000
0.0000
0.0000
0.0000
0.0000
0.0000
0.0000
0.0000
0.0000
0.0000
0.0000
0.0000
0.0000
0.0000
0.0000
0.0000
0.0000
0.0000
0.0000
0.0000
0.0000
0.0000
0.0000
0.0000
0.0000
0.0000
0.0000
92.7734
92.7734
146.4844
146.4844
161.1328
161.1328
200.1953
200.1953
297.8516
297.8516
390.6250
390.6250
424.8047
424.8047
419.9219
419.9219
449.2187
449.2187
512.6953
512.6953
634.7656
634.7656
766.6016
766.6016
839.8437
839.8437
839.8437
839.8437
839.8437
839.8437
883.7891
883.7891
952.1484
952.1484
961.9141
961.9141
922.8516
922.8516
888.6719
888.6719
893.5547
893.5547
947.2656
947.2656
1049.8047
1049.8047
1127.9297
1127.9297
1137.6953
1137.6953
1123.0469
1123.0469
1137.6953
1137.6953
1201.1719
1201.1719
1250.0000
1250.0000
1250.0000
1250.0000
1215.8203
1215.8203
1225.5859
1225.5859
1269.5312
1269.5312
1372.0703
1372.0703
1479.4922
1479.4922
1542.9687
1542.9687
1528.3203
1528.3203
1513.6719
1518.5547
1518.5547
1547.8516
1547.8516
1513.6719
1513.6719
1416.0156
1416.0156
1416.0156
1293.9453
1293.9453
1196.2891
1196.2891
1127.9297
1127.9297
1108.3984
1108.3984
1049.8047
1049.8047
917.9687
917.9687
732.4219
566.4062
566.4062
439.4531
439.4531
307.6172
307.6172
307.6172
112.3047
112.3047
0.0000
0.0000
0.0000
0.0000
0.0000
0.0000
0.0000
0.0000
0.0000
0.0000
0.0000
0.0000
0.0000
0.0000
0.0000
0.0000
0.0000
0.0000
0.0000
0.0000
0.0000
0.0000
0.0000
0.0000
0.0000
0.0000
0.0000
0.0000
0.0000
0.0000
0.0000
0.0000
0.0000
0.0000
0.0000
0.0000
0.0000
0.0000
0.0000
0.0000
0.0000
0.0000
0.0000
0.0000
0.0000
0.0000
0.0000
0.0000
0.0000
0.0000
0.0000
0.0000
0.0000
0.0000
0.0000
0.0000
0.0000
0.0000
0.0000
0.0000
0.0000
0.0000
0.0000
0.0000
0.0000
0.0000
0.0000
0.0000
0.0000
0.0000
0.0000
0.0000
0.0000
0.0000
0.0000
0.0000
0.0000
0.0000
0.0000
0.0000
0.0000
0.0000
0.0000
0.0000
0.0000
0.0000
0.0000
0.0000
0.0000
0.0000
0.0000
0.0000
0.0000
0.0000
0.0000
0.0000
0.0000
0.0000
0.0000
0.0000
0.0000
0.0000
0.0000
0.0000
0.0000
0.0000
0.0000
0.0000
0.0000
0.0000
0.0000
0.0000
0.0000
0.0000
0.0000
0.0000
0.0000
0.0000
0.0000
0.0000
0.0000
0.0000
0.0000
0.0000
0.0000
0.0000
0.0000
0.0000
0.0000
0.0000
0.0000
0.0000
0.0000
0.0000
0.0000
0.0000
0.0000
0.0000
0.0000
0.0000
0.0000
0.0000
0.0000
29.2969
29.2969
48.8281
48.8281
39.0625
39.0625
63.4766
63.4766
126.9531
126.9531
156.2500
156.2500
131.8359
131.8359
97.6562
97.6562
92.7734
92.7734
126.9531
126.9531
234.3750
234.3750
312.5000
312.5000
327.1484
327.1484
302.7344
302.7344
302.7344
302.7344
361.3281
361.3281
400.3906
400.3906
385.7422
385.7422
336.9141
336.9141
327.1484
327.1484
346.6797
346.6797
434.5703
434.5703
507.8125
507.8125
532.2266
532.2266
493.1641
493.1641
468.7500
468.7500
493.1641
493.1641
527.3437
527.3437
498.0469
498.0469
434.5703
434.5703
395.5078
395.5078
405.2734
405.2734
473.6328
473.6328
576.1719
576.1719
634.7656
634.7656
625.0000
625.0000
620.1172
620.1172
649.4141
649.4141
722.6562
722.6562
747.0703
747.0703
727.5391
727.5391
708.0078
708.0078
722.6562
722.6562
771.4844
771.4844
859.3750
859.3750
903.3203
903.3203
864.2578
864.2578
771.4844
771.4844
703.1250
703.1250
668.9453
668.9453
600.5859
600.5859
478.5156
478.5156
336.9141
336.9141
234.3750
234.3750
175.7812
175.7812
185.5469
185.5469
185.5469
185.5469
126.9531
126.9531
19.5312
19.5312
0.0000
0.0000
0.0000
0.0000
0.0000
0.0000
0.0000
0.0000
0.0000
0.0000
0.0000
0.0000
0.0000
0.0000
0.0000
0.0000
0.0000
0.0000
0.0000
0.0000
0.0000
0.0000
0.0000
0.0000
0.0000
0.0000
0.0000
0.0000
0.0000
0.0000
0.0000
0.0000
0.0000
0.0000
0.0000
0.0000
0.0000
0.0000
0.0000
0.0000
0.0000
0.0000
0.0000
0.0000
0.0000
0.0000
0.0000
0.0000
0.0000
0.0000
0.0000
0.0000
0.0000
0.0000
0.0000
0.0000
0.0000
0.0000
0.0000
0.0000
9.7656
9.7656
102.5391
102.5391
151.3672
151.3672
146.4844
146.4844
156.2500
156.2500
209.9609
209.9609
273.4375
273.4375
268.5547
268.5547
214.8437
214.8437
175.7812
175.7812
166.0156
166.0156
209.9609
209.9609
283.2031
283.2031
302.7344
302.7344
253.9062
253.9062
214.8437
214.8437
224.6094
224.6094
268.5547
268.5547
268.5547
268.5547
224.6094
224.6094
185.5469
185.5469
185.5469
185.5469
229.4922
229.4922
322.2656
322.2656
375.9766
375.9766
361.3281
361.3281
312.5000
312.5000
302.7344
302.7344
346.6797
346.6797
361.3281
361.3281
332.0312
332.0312
288.0859
288.0859
288.0859
288.0859
327.1484
327.1484
439.4531
439.4531
546.8750
546.8750
600.5859
600.5859
595.7031
595.7031
600.5859
600.5859
654.2969
654.2969
727.5391
727.5391
732.4219
732.4219
688.4766
688.4766
668.9453
668.9453
683.5937
683.5937
761.7187
761.7187
874.0234
874.0234
937.5000
937.5000
927.7344
927.7344
898.4375
898.4375
903.3203
903.3203
961.9141
961.9141
971.6797
971.6797
927.7344
927.7344
859.3750
859.3750
839.8437
839.8437
859.3750
859.3750
952.1484
952.1484
1030.2734
1030.2734
1049.8047
1049.8047
1000.9766
1000.9766
966.7969
966.7969
991.2109
991.2109
1035.1562
1035.1562
1020.5078
1020.5078
961.9141
961.9141
917.9687
917.9687
908.2031
908.2031
961.9141
961.9141
1064.4531
1064.4531
1147.4609
1147.4609
1152.3437
1152.3437
1132.8125
1132.8125
1137.6953
1137.6953
1186.5234
1186.5234
1225.5859
1225.5859
1215.8203
1215.8203
1162.1094
1162.1094
1132.8125
1132.8125
1118.1641
1118.1641
1157.2266
1157.2266
1206.0547
1206.0547
1196.2891
1196.2891
1108.3984
1108.3984
1010.7422
1010.7422
957.0312
957.0312
942.3828
942.3828
874.0234
874.0234
756.8359
756.8359
625.0000
625.0000
532.2266
532.2266
468.7500
468.7500
473.6328
473.6328
449.2187
449.2187
361.3281
361.3281
209.9609
209.9609
73.2422
73.2422
0.0000
0.0000
0.0000
0.0000
0.0000
0.0000
0.0000
0.0000
0.0000
0.0000
0.0000
0.0000
0.0000
0.0000
0.0000
0.0000
0.0000
0.0000
0.0000
0.0000
0.0000
0.0000
0.0000
0.0000
0.0000
0.0000
0.0000
0.0000
0.0000
0.0000
0.0000
0.0000
0.0000
0.0000
0.0000
0.0000
0.0000
0.0000
0.0000
0.0000
0.0000
0.0000
0.0000
0.0000
0.0000
0.0000
0.0000
0.0000
0.0000
0.0000
0.0000
0.0000
0.0000
0.0000
0.0000
0.0000
0.0000
0.0000
0.0000
0.0000
0.0000
0.0000
0.0000
0.0000
0.0000
0.0000
0.0000
0.0000
0.0000
0.0000
0.0000
0.0000
0.0000
0.0000
0.0000
0.0000
0.0000
0.0000
0.0000
0.0000
0.0000
0.0000
0.0000
0.0000
0.0000
0.0000
0.0000
0.0000
0.0000
0.0000
0.0000
0.0000
0.0000
0.0000
0.0000
0.0000
0.0000
0.0000
0.0000
0.0000
0.0000
0.0000
0.0000
0.0000
0.0000
0.0000
0.0000
0.0000
0.0000
0.0000
0.0000
0.0000
0.0000
0.0000
0.0000
0.0000
0.0000
0.0000
0.0000
0.0000
0.0000
0.0000
0.0000
0.0000
0.0000
0.0000
0.0000
0.0000
4.8828
4.8828
92.7734
92.7734
146.4844
146.4844
224.6094
224.6094
361.3281
361.3281
488.2812
488.2812
537.1094
537.1094
537.1094
537.1094
537.1094
537.1094
551.7578
551.7578
625.0000
625.0000
693.3594
693.3594
703.1250
703.1250
634.7656
634.7656
571.2891
571.2891
556.6406
556.6406
571.2891
571.2891
537.1094
537.1094
468.7500
468.7500
429.6875
429.6875
429.6875
429.6875
488.2812
488.2812
581.0547
581.0547
629.8828
629.8828
600.5859
600.5859
551.7578
551.7578
532.2266
532.2266
571.2891
571.2891
581.0547
581.0547
546.8750
546.8750
507.8125
507.8125
507.8125
507.8125
546.8750
546.8750
649.4141
649.4141
712.8906
712.8906
698.2422
698.2422
605.4687
605.4687
522.4609
522.4609
478.5156
478.5156
419.9219
419.9219
292.9687
292.9687
136.7187
136.7187
24.4141
24.4141
0.0000
0.0000
0.0000
0.0000
0.0000
0.0000
0.0000
0.0000
0.0000
0.0000
0.0000
0.0000
0.0000
0.0000
0.0000
0.0000
0.0000
0.0000
0.0000
0.0000
0.0000
0.0000
0.0000
0.0000
0.0000
0.0000
0.0000
0.0000
0.0000
0.0000
0.0000
0.0000
0.0000
0.0000
0.0000
0.0000
0.0000
0.0000
58.5937
58.5937
92.7734
92.7734
92.7734
92.7734
117.1875
117.1875
170.8984
170.8984
283.2031
283.2031
385.7422
385.7422
415.0391
415.0391
366.2109
366.2109
317.3828
317.3828
307.6172
307.6172
312.5000
312.5000
244.1406
244.1406
131.8359
131.8359
29.2969
29.2969
0.0000
0.0000
0.0000
0.0000
0.0000
0.0000
0.0000
0.0000
0.0000
0.0000
0.0000
0.0000
0.0000
0.0000
0.0000
0.0000
0.0000
0.0000
0.0000
0.0000
0.0000
0.0000
0.0000
0.0000
0.0000
0.0000
0.0000
0.0000
0.0000
0.0000
0.0000
0.0000
0.0000
0.0000
0.0000
0.0000
0.0000
0.0000
0.0000
0.0000
0.0000
0.0000
0.0000
0.0000
0.0000
0.0000
0.0000
0.0000
0.0000
0.0000
0.0000
0.0000
0.0000
0.0000
0.0000
0.0000
0.0000
0.0000
0.0000
0.0000
0.0000
0.0000
0.0000
0.0000
0.0000
0.0000
0.0000
0.0000
0.0000
0.0000
0.0000
0.0000
0.0000
0.0000
0.0000
0.0000
0.0000
0.0000
0.0000
0.0000
0.0000
0.0000
24.4141
24.4141
48.8281
48.8281
34.1797
34.1797
14.6484
14.6484
43.9453
43.9453
122.0703
122.0703
253.9062
253.9062
361.3281
361.3281
400.3906
400.3906
400.3906
400.3906
419.9219
419.9219
483.3984
483.3984
537.1094
537.1094
532.2266
498.0469
498.0469
498.0469
498.0469
532.2266
532.2266
634.7656
634.7656
634.7656
742.1875
742.1875
791.0156
791.0156
771.4844
771.4844
761.7187
761.7187
795.8984
844.7266
844.7266
830.0781
830.0781
776.3672
776.3672
732.4219
732.4219
732.4219
732.4219
732.4219
791.0156
791.0156
903.3203
903.3203
981.4453
981.4453
986.3281
986.3281
966.7969
971.6797
971.6797
1044.9219
1044.9219
1093.7500
1093.7500
1098.6328
1098.6328
1098.6328
1074.2187
1074.2187
1098.6328
1098.6328
1162.1094
1162.1094
1284.1797
1284.1797
1420.8984
1420.8984
1499.0234
1508.7891
1508.7891
1513.6719
1513.6719
1562.5000
1562.5000
1640.6250
1640.6250
1665.0391
1665.0391
1621.0937
1621.0937
1547.8516
1547.8516
1503.9062
1503.9062
1484.3750
1484.3750
1503.9062
1503.9062
1494.1406
1494.1406
1401.3672
1401.3672
1240.2344
1240.2344
1093.7500
1093.7500
981.4453
981.4453
869.1406
869.1406
683.5937
683.5937
458.9844
458.9844
249.0234
249.0234
78.1250
78.1250
0.0000
0.0000
0.0000
0.0000
0.0000
0.0000
0.0000
0.0000
0.0000
0.0000
0.0000
0.0000
0.0000
0.0000
0.0000
0.0000
0.0000
0.0000
0.0000
0.0000
0.0000
0.0000
0.0000
0.0000
0.0000
0.0000
0.0000
0.0000
0.0000
0.0000
0.0000
0.0000
0.0000
0.0000
0.0000
0.0000
0.0000
0.0000
0.0000
0.0000
0.0000
0.0000
0.0000
0.0000
0.0000
0.0000
0.0000
0.0000
0.0000
0.0000
0.0000
0.0000
0.0000
0.0000
0.0000
0.0000
0.0000
0.0000
0.0000
0.0000
0.0000
0.0000
0.0000
0.0000
0.0000
0.0000
0.0000
0.0000
0.0000
0.0000
0.0000
0.0000
0.0000
0.0000
0.0000
0.0000
0.0000
0.0000
0.0000
0.0000
0.0000
0.0000
0.0000
0.0000
0.0000
0.0000
0.0000
0.0000
0.0000
0.0000
0.0000
0.0000
0.0000
0.0000
0.0000
0.0000
0.0000
0.0000
0.0000
0.0000
0.0000
0.0000
0.0000
0.0000
0.0000
0.0000
0.0000
0.0000
0.0000
0.0000
0.0000
0.0000
0.0000
0.0000
0.0000
0.0000
0.0000
0.0000
0.0000
0.0000
9.7656
9.7656
43.9453
43.9453
141.6016
141.6016
224.6094
224.6094
249.0234
249.0234
249.0234
249.0234
278.3203
278.3203
336.9141
336.9141
454.1016
454.1016
551.7578
551.7578
571.2891
571.2891
527.3437
527.3437
493.1641
493.1641
507.8125
507.8125
512.6953
512.6953
449.2187
449.2187
366.2109
366.2109
312.5000
312.5000
307.6172
307.6172
375.9766
375.9766
454.1016
454.1016
488.2812
488.2812
449.2187
449.2187
419.9219
419.9219
439.4531
439.4531
473.6328
473.6328
444.3359
444.3359
390.6250
390.6250
371.0937
371.0937
395.5078
395.5078
488.2812
488.2812
620.1172
620.1172
708.0078
708.0078
708.0078
708.0078
688.4766
688.4766
683.5937
683.5937
703.1250
703.1250
673.8281
673.8281
581.0547
581.0547
468.7500
468.7500
395.5078
395.5078
380.8594
380.8594
434.5703
434.5703
454.1016
454.1016
415.0391
415.0391
336.9141
336.9141
278.3203
278.3203
278.3203
278.3203
263.6719
263.6719
185.5469
185.5469
68.3594
68.3594
0.0000
0.0000
0.0000
0.0000
0.0000
0.0000
0.0000
0.0000
0.0000
0.0000
0.0000
0.0000
0.0000
0.0000
0.0000
0.0000
0.0000
0.0000
0.0000
0.0000
0.0000
0.0000
0.0000
0.0000
0.0000
0.0000
24.4141
24.4141
185.5469
185.5469
297.8516
297.8516
327.1484
327.1484
307.6172
307.6172
302.7344
302.7344
327.1484
327.1484
302.7344
302.7344
219.7266
219.7266
107.4219
107.4219
19.5312
19.5312
0.0000
0.0000
0.0000
0.0000
0.0000
0.0000
0.0000
0.0000
0.0000
0.0000
0.0000
0.0000
0.0000
0.0000
0.0000
0.0000
0.0000
0.0000
0.0000
0.0000
0.0000
0.0000
0.0000
0.0000
0.0000
0.0000
0.0000
0.0000
0.0000
0.0000
0.0000
0.0000
0.0000
0.0000
0.0000
0.0000
0.0000
0.0000
0.0000
0.0000
0.0000
0.0000
0.0000
0.0000
0.0000
0.0000
0.0000
0.0000
0.0000
0.0000
0.0000
0.0000
0.0000
0.0000
0.0000
0.0000
0.0000
0.0000
0.0000
0.0000
0.0000
0.0000
0.0000
0.0000
0.0000
0.0000
0.0000
0.0000
0.0000
0.0000
0.0000
0.0000
0.0000
0.0000
0.0000
0.0000
0.0000
0.0000
0.0000
0.0000
0.0000
0.0000
0.0000
0.0000
0.0000
0.0000
0.0000
0.0000
0.0000
0.0000
0.0000
0.0000
97.6562
97.6562
209.9609
209.9609
268.5547
268.5547
288.0859
288.0859
341.7969
341.7969
458.9844
458.9844
576.1719
576.1719
625.0000
625.0000
625.0000
625.0000
649.4141
649.4141
703.1250
703.1250
805.6641
805.6641
908.2031
908.2031
952.1484
952.1484
917.9687
917.9687
893.5547
893.5547
913.0859
913.0859
966.7969
966.7969
961.9141
961.9141
927.7344
927.7344
908.2031
908.2031
927.7344
927.7344
1000.9766
1000.9766
1118.1641
1118.1641
1206.0547
1206.0547
1230.4687
1230.4687
1240.2344
1240.2344
1279.2969
1279.2969
1362.3047
1362.3047
1416.0156
1416.0156
1406.2500
1406.2500
1347.6562
1347.6562
1308.5937
1308.5937
1289.0625
1289.0625
1313.4766
1313.4766
1318.3594
1318.3594
1259.7656
1259.7656
1118.1641
1118.1641
986.3281
986.3281
898.4375
898.4375
839.8437
839.8437
727.5391
727.5391
585.9375
585.9375
468.7500
468.7500
400.3906
400.3906
390.6250
390.6250
424.8047
424.8047
415.0391
415.0391
327.1484
327.1484
209.9609
209.9609
117.1875
117.1875
68.3594
68.3594
0.0000
0.0000
0.0000
0.0000
0.0000
0.0000
0.0000
0.0000
0.0000
0.0000
0.0000
0.0000
0.0000
0.0000
0.0000
0.0000
0.0000
0.0000
0.0000
0.0000
0.0000
0.0000
0.0000
0.0000
0.0000
0.0000
0.0000
0.0000
0.0000
0.0000
0.0000
0.0000
0.0000
0.0000
0.0000
0.0000
0.0000
0.0000
0.0000
0.0000
0.0000
0.0000
0.0000
0.0000
0.0000
0.0000
0.0000
0.0000
0.0000
0.0000
0.0000
0.0000
0.0000
0.0000
0.0000
0.0000
0.0000
0.0000
0.0000
0.0000
0.0000
0.0000
0.0000
0.0000
0.0000
0.0000
0.0000
0.0000
0.0000
0.0000
0.0000
0.0000
0.0000
0.0000
0.0000
0.0000
0.0000
0.0000
0.0000
0.0000
0.0000
0.0000
0.0000
0.0000
0.0000
0.0000
0.0000
0.0000
0.0000
0.0000
0.0000
0.0000
0.0000
0.0000
0.0000
0.0000
0.0000
0.0000
0.0000
0.0000
0.0000
0.0000
0.0000
0.0000
0.0000
0.0000
0.0000
0.0000
0.0000
0.0000
0.0000
0.0000
0.0000
0.0000
0.0000
0.0000
0.0000
0.0000
0.0000
0.0000
0.0000
0.0000
0.0000
0.0000
0.0000
0.0000
0.0000
0.0000
0.0000
0.0000
0.0000
0.0000
9.7656
9.7656
117.1875
117.1875
170.8984
170.8984
185.5469
185.5469
234.3750
234.3750
322.2656
322.2656
473.6328
473.6328
625.0000
625.0000
708.0078
708.0078
708.0078
708.0078
698.2422
698.2422
727.5391
727.5391
766.6016
766.6016
732.4219
732.4219
654.2969
654.2969
600.5859
600.5859
581.0547
581.0547
639.6484
639.6484
732.4219
732.4219
791.0156
791.0156
786.1328
786.1328
781.2500
781.2500
830.0781
830.0781
927.7344
927.7344
986.3281
986.3281
996.0937
996.0937
1005.8594
1005.8594
1044.9219
1044.9219
1118.1641
1118.1641
1235.3516
1235.3516
1289.0625
1289.0625
1245.1172
1245.1172
1132.8125
1132.8125
1040.0391
1040.0391
971.6797
971.6797
854.4922
854.4922
668.9453
668.9453
468.7500
468.7500
302.7344
302.7344
190.4297
190.4297
161.1328
161.1328
122.0703
122.0703
39.0625
39.0625
0.0000
0.0000
0.0000
0.0000
0.0000
0.0000
0.0000
0.0000
0.0000
0.0000
0.0000
0.0000
0.0000
0.0000
0.0000
0.0000
0.0000
0.0000
0.0000
0.0000
0.0000
0.0000
0.0000
0.0000
0.0000
0.0000
0.0000
0.0000
0.0000
0.0000
0.0000
0.0000
0.0000
0.0000
0.0000
0.0000
0.0000
0.0000
0.0000
0.0000
0.0000
0.0000
0.0000
0.0000
0.0000
0.0000
0.0000
0.0000
0.0000
0.0000
0.0000
0.0000
0.0000
0.0000
0.0000
0.0000
0.0000
0.0000
0.0000
0.0000
0.0000
0.0000
92.7734
92.7734
219.7266
219.7266
283.2031
283.2031
288.0859
288.0859
307.6172
307.6172
375.9766
375.9766
434.5703
434.5703
429.6875
429.6875
380.8594
380.8594
361.3281
361.3281
375.9766
375.9766
458.9844
458.9844
546.8750
546.8750
581.0547
581.0547
546.8750
546.8750
522.4609
522.4609
541.9922
541.9922
600.5859
600.5859
600.5859
600.5859
556.6406
556.6406
517.5781
517.5781
512.6953
512.6953
556.6406
556.6406
629.8828
629.8828
649.4141
649.4141
590.8203
590.8203
498.0469
498.0469
439.4531
439.4531
424.8047
424.8047
361.3281
361.3281
258.7891
258.7891
156.2500
156.2500
107.4219
107.4219
112.3047
112.3047
190.4297
190.4297
253.9062
253.9062
273.4375
273.4375
234.3750
234.3750
209.9609
209.9609
239.2578
239.2578
268.5547
268.5547
239.2578
239.2578
175.7812
175.7812
141.6016
141.6016
136.7187
136.7187
195.3125
195.3125
278.3203
322.2656
322.2656
292.9687
292.9687
268.5547
268.5547
292.9687
292.9687
351.5625
351.5625
351.5625
366.2109
366.2109
336.9141
336.9141
317.3828
317.3828
341.7969
341.7969
415.0391
537.1094
537.1094
625.0000
625.0000
639.6484
639.6484
615.2344
615.2344
615.2344
615.2344
615.2344
659.1797
659.1797
668.9453
668.9453
639.6484
639.6484
585.9375
581.0547
581.0547
610.3516
610.3516
712.8906
712.8906
815.4297
815.4297
815.4297
864.2578
864.2578
844.7266
844.7266
830.0781
830.0781
859.3750
859.3750
917.9687
917.9687
913.0859
859.3750
859.3750
810.5469
810.5469
800.7812
800.7812
834.9609
834.9609
834.9609
922.8516
961.9141
961.9141
932.6172
932.6172
869.1406
869.1406
830.0781
830.0781
844.7266
844.7266
839.8437
839.8437
791.0156
791.0156
732.4219
732.4219
732.4219
732.4219
786.1328
786.1328
917.9687
917.9687
1074.2187
1074.2187
1196.2891
1196.2891
1235.3516
1235.3516
1274.4141
1274.4141
1337.8906
1337.8906
1430.6641
1430.6641
1474.6094
1474.6094
1464.8437
1464.8437
1420.8984
1420.8984
1411.1328
1411.1328
1425.7812
1425.7812
1489.2578
1489.2578
1533.2031
1533.2031
1508.7891
1508.7891
1416.0156
1416.0156
1323.2422
1323.2422
1264.6484
1264.6484
1196.2891
1196.2891
1059.5703
1059.5703
869.1406
869.1406
683.5937
683.5937
522.4609
522.4609
395.5078
395.5078
317.3828
317.3828
195.3125
195.3125
9.7656
9.7656
0.0000
0.0000
0.0000
0.0000
0.0000
0.0000
0.0000
0.0000
0.0000
0.0000
0.0000
0.0000
0.0000
0.0000
0.0000
0.0000
0.0000
0.0000
0.0000
0.0000
0.0000
0.0000
0.0000
0.0000
0.0000
0.0000
0.0000
0.0000
0.0000
0.0000
0.0000
0.0000
0.0000
0.0000
0.0000
0.0000
0.0000
0.0000
0.0000
0.0000
0.0000
0.0000
0.0000
0.0000
0.0000
0.0000
0.0000
0.0000
0.0000
0.0000
0.0000
0.0000
0.0000
0.0000
0.0000
0.0000
0.0000
0.0000
0.0000
0.0000
0.0000
0.0000
0.0000
0.0000
0.0000
0.0000
0.0000
0.0000
0.0000
0.0000
0.0000
0.0000
0.0000
0.0000
0.0000
0.0000
0.0000
0.0000
0.0000
0.0000
0.0000
0.0000
0.0000
0.0000
0.0000
0.0000
0.0000
0.0000
0.0000
0.0000
0.0000
0.0000
0.0000
0.0000
0.0000
0.0000
0.0000
0.0000
0.0000
0.0000
0.0000
0.0000
0.0000
0.0000
0.0000
0.0000
0.0000
0.0000
0.0000
0.0000
0.0000
0.0000
0.0000
0.0000
0.0000
0.0000
0.0000
0.0000
0.0000
0.0000
0.0000
0.0000
0.0000
0.0000
0.0000
0.0000
0.0000
0.0000
43.9453
43.9453
175.7812
175.7812
244.1406
244.1406
249.0234
249.0234
263.6719
263.6719
332.0312
332.0312
380.8594
380.8594
361.3281
361.3281
317.3828
317.3828
302.7344
302.7344
327.1484
327.1484
419.9219
419.9219
512.6953
512.6953
556.6406
556.6406
537.1094
537.1094
541.9922
541.9922
595.7031
595.7031
649.4141
649.4141
634.7656
634.7656
585.9375
585.9375
561.5234
561.5234
571.2891
571.2891
644.5312
644.5312
732.4219
732.4219
776.3672
776.3672
742.1875
742.1875
712.8906
712.8906
732.4219
732.4219
791.0156
791.0156
800.7812
800.7812
776.3672
776.3672
761.7187
761.7187
791.0156
791.0156
864.2578
864.2578
971.6797
971.6797
1030.2734
1030.2734
1000.9766
1000.9766
927.7344
927.7344
878.9062
878.9062
859.3750
859.3750
805.6641
805.6641
703.1250
703.1250
590.8203
590.8203
532.2266
532.2266
517.5781
517.5781
576.1719
576.1719
620.1172
620.1172
600.5859
600.5859
522.4609
522.4609
458.9844
458.9844
439.4531
439.4531
429.6875
429.6875
351.5625
351.5625
229.4922
229.4922
141.6016
141.6016
97.6562
97.6562
131.8359
131.8359
195.3125
195.3125
219.7266
219.7266
175.7812
175.7812
122.0703
122.0703
117.1875
117.1875
156.2500
156.2500
141.6016
141.6016
68.3594
68.3594
0.0000
0.0000
0.0000
0.0000
0.0000
0.0000
0.0000
0.0000
0.0000
0.0000
0.0000
0.0000
0.0000
0.0000
0.0000
0.0000
0.0000
0.0000
0.0000
0.0000
0.0000
0.0000
0.0000
0.0000
0.0000
0.0000
0.0000
0.0000
0.0000
0.0000
0.0000
0.0000
0.0000
0.0000
0.0000
0.0000
0.0000
0.0000
0.0000
0.0000
0.0000
0.0000
0.0000
0.0000
0.0000
0.0000
0.0000
0.0000
0.0000
0.0000
0.0000
0.0000
0.0000
0.0000
0.0000
0.0000
0.0000
0.0000
0.0000
0.0000
0.0000
0.0000
0.0000
0.0000
0.0000
0.0000
0.0000
0.0000
0.0000
0.0000
0.0000
0.0000
0.0000
0.0000
0.0000
0.0000
0.0000
0.0000
0.0000
0.0000
0.0000
0.0000
0.0000
0.0000
0.0000
0.0000
0.0000
0.0000
0.0000
0.0000
0.0000
0.0000
0.0000
0.0000
0.0000
0.0000
53.7109
53.7109
141.6016
141.6016
156.2500
156.2500
141.6016
141.6016
166.0156
166.0156
234.3750
234.3750
273.4375
273.4375
273.4375
273.4375
253.9062
253.9062
278.3203
278.3203
341.7969
341.7969
478.5156
478.5156
576.1719
576.1719
605.4687
605.4687
581.0547
581.0547
576.1719
576.1719
625.0000
625.0000
649.4141
649.4141
620.1172
620.1172
561.5234
561.5234
546.8750
546.8750
576.1719
576.1719
673.8281
673.8281
766.6016
766.6016
815.4297
815.4297
795.8984
795.8984
776.3672
776.3672
810.5469
810.5469
859.3750
859.3750
844.7266
844.7266
791.0156
791.0156
747.0703
747.0703
742.1875
742.1875
791.0156
791.0156
874.0234
874.0234
908.2031
908.2031
864.2578
864.2578
810.5469
810.5469
795.8984
795.8984
834.9609
834.9609
825.1953
825.1953
776.3672
776.3672
727.5391
727.5391
727.5391
727.5391
786.1328
786.1328
922.8516
922.8516
1059.5703
1059.5703
1137.6953
1137.6953
1157.2266
1157.2266
1186.5234
1186.5234
1254.8828
1254.8828
1318.3594
1318.3594
1323.2422
1323.2422
1279.2969
1279.2969
1254.8828
1254.8828
1254.8828
1254.8828
1293.9453
1293.9453
1367.1875
1367.1875
1381.8359
1381.8359
1303.7109
1303.7109
1201.1719
1201.1719
1123.0469
1123.0469
1083.9844
1083.9844
996.0937
996.0937
849.6094
849.6094
668.9453
668.9453
507.8125
507.8125
375.9766
375.9766
302.7344
302.7344
205.0781
205.0781
58.5937
58.5937
0.0000
0.0000
0.0000
0.0000
0.0000
0.0000
0.0000
0.0000
0.0000
0.0000
0.0000
0.0000
0.0000
0.0000
0.0000
0.0000
0.0000
0.0000
0.0000
0.0000
0.0000
0.0000
0.0000
0.0000
0.0000
0.0000
0.0000
0.0000
0.0000
0.0000
0.0000
0.0000
0.0000
0.0000
0.0000
0.0000
0.0000
0.0000
0.0000
0.0000
0.0000
0.0000
0.0000
0.0000
0.0000
0.0000
0.0000
0.0000
0.0000
0.0000
0.0000
0.0000
0.0000
0.0000
0.0000
0.0000
0.0000
0.0000
0.0000
0.0000
0.0000
0.0000
0.0000
0.0000
0.0000
0.0000
0.0000
0.0000
0.0000
0.0000
0.0000
0.0000
0.0000
0.0000
0.0000
0.0000
0.0000
0.0000
0.0000
0.0000
0.0000
0.0000
0.0000
0.0000
0.0000
0.0000
0.0000
0.0000
0.0000
0.0000
0.0000
0.0000
0.0000
0.0000
0.0000
0.0000
0.0000
0.0000
0.0000
0.0000
0.0000
0.0000
0.0000
0.0000
0.0000
0.0000
0.0000
0.0000
0.0000
0.0000
0.0000
0.0000
9.7656
9.7656
34.1797
34.1797
102.5391
102.5391
151.3672
151.3672
136.7187
136.7187
112.3047
112.3047
112.3047
112.3047
156.2500
156.2500
268.5547
268.5547
361.3281
361.3281
390.6250
390.6250
366.2109
366.2109
346.6797
346.6797
371.0937
371.0937
385.7422
385.7422
336.9141
336.9141
263.6719
263.6719
224.6094
224.6094
234.3750
234.3750
317.3828
317.3828
390.6250
390.6250
405.2734
405.2734
366.2109
366.2109
341.7969
341.7969
375.9766
375.9766
419.9219
419.9219
405.2734
405.2734
356.4453
356.4453
332.0312
332.0312
346.6797
346.6797
429.6875
429.6875
532.2266
532.2266
585.9375
585.9375
576.1719
576.1719
556.6406
556.6406
590.8203
590.8203
659.1797
659.1797
668.9453
668.9453
634.7656
634.7656
615.2344
615.2344
634.7656
634.7656
703.1250
703.1250
825.1953
825.1953
903.3203
903.3203
908.2031
908.2031
898.4375
898.4375
917.9687
917.9687
991.2109
991.2109
1025.3906
1025.3906
1010.7422
1010.7422
991.2109
991.2109
1020.5078
1020.5078
1103.5156
1103.5156
1259.7656
1259.7656
1401.3672
1401.3672
1479.4922
1479.4922
1499.0234
1499.0234
1518.5547
1518.5547
1567.3828
1567.3828
1601.5625
1601.5625
1552.7344
1552.7344
1445.3125
1445.3125
1347.6562
1347.6562
1274.4141
1274.4141
1254.8828
1254.8828
1250.0000
1250.0000
1196.2891
1196.2891
1059.5703
1059.5703
927.7344
927.7344
834.9609
834.9609
791.0156
791.0156
703.1250
703.1250
571.2891
571.2891
444.3359
444.3359
356.4453
356.4453
312.5000
312.5000
336.9141
336.9141
336.9141
336.9141
278.3203
278.3203
175.7812
175.7812
97.6562
97.6562
58.5937
58.5937
9.7656
9.7656
0.0000
0.0000
0.0000
0.0000
0.0000
0.0000
0.0000
0.0000
0.0000
0.0000
0.0000
0.0000
0.0000
0.0000
0.0000
0.0000
0.0000
0.0000
0.0000
0.0000
0.0000
0.0000
0.0000
0.0000
0.0000
0.0000
0.0000
0.0000
0.0000
0.0000
0.0000
0.0000
0.0000
0.0000
0.0000
0.0000
0.0000
0.0000
0.0000
0.0000
0.0000
0.0000
0.0000
0.0000
0.0000
0.0000
0.0000
0.0000
0.0000
0.0000
0.0000
0.0000
0.0000
0.0000
0.0000
0.0000
0.0000
0.0000
0.0000
0.0000
0.0000
0.0000
0.0000
0.0000
0.0000
0.0000
0.0000
0.0000
0.0000
0.0000
0.0000
0.0000
0.0000
0.0000
0.0000
0.0000
0.0000
0.0000
0.0000
29.2969
29.2969
4.8828
4.8828
0.0000
0.0000
48.8281
48.8281
48.8281
87.8906
53.7109
53.7109
0.0000
0.0000
0.0000
0.0000
4.8828
4.8828
97.6562
97.6562
195.3125
195.3125
234.3750
234.3750
209.9609
209.9609
205.0781
205.0781
249.0234
249.0234
317.3828
317.3828
327.1484
327.1484
297.8516
297.8516
288.0859
288.0859
312.5000
312.5000
400.3906
400.3906
502.9297
502.9297
551.7578
551.7578
527.3437
527.3437
488.2812
488.2812
498.0469
498.0469
546.8750
546.8750
537.1094
537.1094
478.5156
478.5156
424.8047
424.8047
415.0391
415.0391
463.8672
463.8672
566.4062
566.4062
634.7656
634.7656
629.8828
629.8828
605.4687
605.4687
615.2344
615.2344
673.8281
673.8281
712.8906
712.8906
708.0078
708.0078
688.4766
688.4766
727.5391
727.5391
810.5469
810.5469
976.5625
976.5625
1147.4609
1147.4609
1259.7656
1259.7656
1293.9453
1293.9453
1323.2422
1323.2422
1372.0703
1372.0703
1425.7812
1425.7812
1386.7187
1386.7187
1284.1797
1284.1797
1171.8750
1171.8750
1083.9844
1083.9844
1035.1562
1035.1562
1015.6250
1015.6250
952.1484
952.1484
820.3125
820.3125
683.5937
683.5937
595.7031
595.7031
556.6406
556.6406
478.5156
478.5156
361.3281
361.3281
229.4922
229.4922
131.8359
131.8359
68.3594
68.3594
78.1250
78.1250
53.7109
53.7109
0.0000
0.0000
0.0000
0.0000
0.0000
0.0000
0.0000
0.0000
0.0000
0.0000
0.0000
0.0000
0.0000
0.0000
0.0000
0.0000
0.0000
0.0000
0.0000
0.0000
0.0000
0.0000
0.0000
0.0000
0.0000
0.0000
0.0000
0.0000
0.0000
0.0000
0.0000
0.0000
0.0000
0.0000
0.0000
0.0000
0.0000
0.0000
0.0000
0.0000
0.0000
0.0000
0.0000
0.0000
0.0000
0.0000
0.0000
0.0000
0.0000
0.0000
0.0000
0.0000
0.0000
0.0000
0.0000
0.0000
0.0000
0.0000
0.0000
0.0000
0.0000
0.0000
0.0000
0.0000
0.0000
0.0000
0.0000
0.0000
0.0000
0.0000
0.0000
0.0000
0.0000
0.0000
0.0000
0.0000
0.0000
0.0000
0.0000
0.0000
0.0000
0.0000
0.0000
0.0000
0.0000
0.0000
0.0000
0.0000
0.0000
0.0000
0.0000
0.0000
4.8828
4.8828
24.4141
24.4141
92.7734
92.7734
156.2500
156.2500
151.3672
151.3672
107.4219
107.4219
92.7734
92.7734
107.4219
107.4219
195.3125
195.3125
297.8516
297.8516
341.7969
341.7969
312.5000
312.5000
283.2031
283.2031
302.7344
302.7344
346.6797
346.6797
332.0312
332.0312
283.2031
283.2031
244.1406
244.1406
244.1406
244.1406
302.7344
302.7344
395.5078
395.5078
439.4531
439.4531
405.2734
405.2734
356.4453
356.4453
346.6797
346.6797
380.8594
380.8594
361.3281
361.3281
292.9687
292.9687
214.8437
214.8437
180.6641
180.6641
190.4297
190.4297
258.7891
258.7891
297.8516
297.8516
263.6719
263.6719
190.4297
190.4297
146.4844
146.4844
151.3672
151.3672
136.7187
136.7187
73.2422
73.2422
0.0000
0.0000
0.0000
0.0000
0.0000
0.0000
43.9453
43.9453
126.9531
126.9531
166.0156
166.0156
136.7187
136.7187
122.0703
122.0703
156.2500
156.2500
214.8437
214.8437
214.8437
214.8437
185.5469
185.5469
185.5469
185.5469
234.3750
234.3750
351.5625
351.5625
502.9297
502.9297
610.3516
610.3516
629.8828
629.8828
625.0000
625.0000
644.5312
644.5312
708.0078
708.0078
708.0078
708.0078
644.5312
644.5312
571.2891
571.2891
541.9922
541.9922
556.6406
556.6406
644.5312
644.5312
708.0078
708.0078
708.0078
708.0078
644.5312
644.5312
600.5859
600.5859
595.7031
595.7031
566.4062
566.4062
458.9844
458.9844
297.8516
297.8516
141.6016
141.6016
9.7656
9.7656
0.0000
0.0000
0.0000
0.0000
0.0000
0.0000
0.0000
0.0000
0.0000
0.0000
0.0000
0.0000
0.0000
0.0000
0.0000
0.0000
0.0000
0.0000
0.0000
0.0000
0.0000
0.0000
0.0000
0.0000
0.0000
0.0000
0.0000
0.0000
0.0000
0.0000
0.0000
0.0000
0.0000
0.0000
0.0000
0.0000
0.0000
0.0000
0.0000
0.0000
0.0000
0.0000
0.0000
0.0000
0.0000
0.0000
0.0000
0.0000
0.0000
0.0000
0.0000
0.0000
0.0000
0.0000
0.0000
0.0000
0.0000
0.0000
0.0000
0.0000
0.0000
0.0000
0.0000
0.0000
0.0000
0.0000
0.0000
0.0000
0.0000
0.0000
0.0000
0.0000
0.0000
0.0000
0.0000
0.0000
0.0000
0.0000
0.0000
0.0000
0.0000
0.0000
0.0000
0.0000
0.0000
0.0000
0.0000
0.0000
0.0000
0.0000
0.0000
0.0000
43.9453
43.9453
78.1250
78.1250
53.7109
53.7109
53.7109
53.7109
112.3047
112.3047
180.6641
180.6641
190.4297
190.4297
161.1328
161.1328
151.3672
151.3672
175.7812
175.7812
258.7891
258.7891
341.7969
341.7969
361.3281
361.3281
307.6172
307.6172
258.7891
258.7891
258.7891
258.7891
283.2031
283.2031
249.0234
249.0234
180.6641
180.6641
136.7187
136.7187
136.7187
136.7187
200.1953
200.1953
292.9687
292.9687
336.9141
336.9141
312.5000
312.5000
273.4375
273.4375
278.3203
278.3203
317.3828
317.3828
297.8516
297.8516
234.3750
234.3750
175.7812
175.7812
161.1328
161.1328
195.3125
195.3125
292.9687
292.9687
351.5625
351.5625
341.7969
341.7969
307.6172
307.6172
317.3828
317.3828
380.8594
380.8594
419.9219
419.9219
419.9219
419.9219
400.3906
400.3906
424.8047
424.8047
488.2812
488.2812
610.3516
610.3516
712.8906
712.8906
756.8359
756.8359
737.3047
737.3047
732.4219
732.4219
771.4844
771.4844
815.4297
815.4297
800.7812
800.7812
756.8359
756.8359
766.6016
766.6016
820.3125
820.3125
952.1484
952.1484
1113.2812
1113.2812
1254.8828
1254.8828
1313.4766
1313.4766
1357.4219
1357.4219
1420.8984
1420.8984
1518.5547
1518.5547
1557.6172
1557.6172
1538.0859
1538.0859
1499.0234
1499.0234
1494.1406
1494.1406
1518.5547
1518.5547
1601.5625
1601.5625
1655.2734
1655.2734
1640.6250
1640.6250
1572.2656
1572.2656
1513.6719
1513.6719
1484.3750
1484.3750
1445.3125
1445.3125
1323.2422
1323.2422
1142.5781
1142.5781
971.6797
971.6797
825.1953
825.1953
717.7734
717.7734
625.0000
625.0000
483.3984
483.3984
278.3203
278.3203
73.2422
73.2422
0.0000
0.0000
0.0000
0.0000
0.0000
0.0000
0.0000
0.0000
0.0000
0.0000
0.0000
0.0000
0.0000
0.0000
0.0000
0.0000
0.0000
0.0000
0.0000
0.0000
0.0000
0.0000
0.0000
0.0000
0.0000
0.0000
0.0000
0.0000
0.0000
0.0000
0.0000
0.0000
0.0000
0.0000
0.0000
0.0000
0.0000
0.0000
0.0000
0.0000
0.0000
0.0000
0.0000
0.0000
0.0000
0.0000
0.0000
0.0000
0.0000
0.0000
0.0000
0.0000
0.0000
0.0000
0.0000
0.0000
0.0000
0.0000
0.0000
0.0000
0.0000
0.0000
0.0000
0.0000
0.0000
0.0000
0.0000
0.0000
0.0000
0.0000
0.0000
0.0000
0.0000
0.0000
0.0000
0.0000
0.0000
0.0000
0.0000
0.0000
0.0000
0.0000
0.0000
0.0000
0.0000
0.0000
0.0000
0.0000
0.0000
0.0000
0.0000
0.0000
0.0000
0.0000
0.0000
0.0000
0.0000
0.0000
0.0000
0.0000
0.0000
0.0000
0.0000
0.0000
0.0000
0.0000
0.0000
0.0000
0.0000
0.0000
0.0000
0.0000
0.0000
0.0000
0.0000
0.0000
0.0000
0.0000
0.0000
0.0000
0.0000
0.0000
0.0000
0.0000
0.0000
0.0000
0.0000
0.0000
68.3594
68.3594
83.0078
83.0078
39.0625
39.0625
19.5312
19.5312
48.8281
48.8281
53.7109
53.7109
0.0000
0.0000
0.0000
0.0000
0.0000
0.0000
0.0000
0.0000
0.0000
0.0000
9.7656
9.7656
19.5312
19.5312
0.0000
0.0000
0.0000
0.0000
0.0000
0.0000
48.8281
48.8281
43.9453
43.9453
4.8828
4.8828
0.0000
0.0000
19.5312
19.5312
117.1875
117.1875
229.4922
229.4922
292.9687
292.9687
288.0859
288.0859
292.9687
292.9687
336.9141
336.9141
415.0391
415.0391
424.8047
424.8047
405.2734
405.2734
400.3906
400.3906
444.3359
444.3359
556.6406
556.6406
717.7734
717.7734
854.4922
854.4922
927.7344
927.7344
1000.9766
1000.9766
1108.3984
1108.3984
1269.5312
1269.5312
1381.8359
1381.8359
1435.5469
1435.5469
1455.0781
1455.0781
1503.9062
1503.9062
1567.3828
1567.3828
1679.6875
1679.6875
1752.9297
1752.9297
1752.9297
1752.9297
1684.5703
1684.5703
1625.9766
1625.9766
1606.4453
1606.4453
1577.1484
1577.1484
1479.4922
1479.4922
1333.0078
1333.0078
1210.9375
1210.9375
1113.2812
1113.2812
1069.3359
1069.3359
1035.1562
1035.1562
942.3828
776.3672
776.3672
605.4687
605.4687
468.7500
468.7500
371.0937
371.0937
371.0937
214.8437
214.8437
14.6484
14.6484
0.0000
0.0000
0.0000
0.0000
0.0000
0.0000
0.0000
0.0000
0.0000
0.0000
0.0000
0.0000
0.0000
0.0000
0.0000
0.0000
0.0000
0.0000
0.0000
0.0000
0.0000
0.0000
0.0000
0.0000
0.0000
0.0000
0.0000
0.0000
0.0000
0.0000
0.0000
0.0000
0.0000
0.0000
0.0000
0.0000
0.0000
0.0000
0.0000
0.0000
0.0000
0.0000
0.0000
0.0000
0.0000
0.0000
0.0000
0.0000
0.0000
0.0000
0.0000
0.0000
0.0000
0.0000
0.0000
0.0000
0.0000
0.0000
0.0000
0.0000
0.0000
0.0000
0.0000
0.0000
0.0000
0.0000
0.0000
0.0000
0.0000
0.0000
0.0000
0.0000
0.0000
0.0000
0.0000
0.0000
0.0000
0.0000
0.0000
0.0000
0.0000
0.0000
0.0000
0.0000
0.0000
0.0000
0.0000
0.0000
0.0000
0.0000
0.0000
0.0000
0.0000
0.0000
0.0000
0.0000
0.0000
39.0625
39.0625
43.9453
43.9453
0.0000
0.0000
0.0000
0.0000
4.8828
4.8828
4.8828
4.8828
0.0000
0.0000
0.0000
0.0000
0.0000
0.0000
0.0000
0.0000
0.0000
0.0000
0.0000
0.0000
0.0000
0.0000
0.0000
0.0000
0.0000
0.0000
0.0000
0.0000
0.0000
0.0000
0.0000
0.0000
0.0000
0.0000
0.0000
0.0000
0.0000
0.0000
68.3594
68.3594
185.5469
185.5469
258.7891
258.7891
263.6719
263.6719
283.2031
283.2031
356.4453
356.4453
463.8672
463.8672
517.5781
517.5781
532.2266
532.2266
561.5234
561.5234
634.7656
634.7656
756.8359
756.8359
913.0859
913.0859
1015.6250
1015.6250
1030.2734
1030.2734
1020.5078
1020.5078
1049.8047
1049.8047
1118.1641
1118.1641
1152.3437
1152.3437
1147.4609
1147.4609
1147.4609
1147.4609
1206.0547
1206.0547
1318.3594
1318.3594
1499.0234
1499.0234
1665.0391
1665.0391
1762.6953
1762.6953
1801.7578
1801.7578
1840.8203
1840.8203
1904.2969
1904.2969
1948.2422
1948.2422
1899.4141
1899.4141
1796.8750
1796.8750
1699.2187
1699.2187
1616.2109
1616.2109
1572.2656
1572.2656
1538.0859
1538.0859
1440.4297
1440.4297
1264.6484
1264.6484
1079.1016
1079.1016
922.8516
922.8516
791.0156
791.0156
590.8203
590.8203
332.0312
332.0312
73.2422
73.2422
0.0000
0.0000
0.0000
0.0000
0.0000
0.0000
0.0000
0.0000
0.0000
0.0000
0.0000
0.0000
0.0000
0.0000
0.0000
0.0000
0.0000
0.0000
0.0000
0.0000
0.0000
0.0000
0.0000
0.0000
0.0000
0.0000
0.0000
0.0000
0.0000
0.0000
0.0000
0.0000
0.0000
0.0000
0.0000
0.0000
0.0000
0.0000
0.0000
0.0000
0.0000
0.0000
0.0000
0.0000
0.0000
0.0000
0.0000
0.0000
0.0000
0.0000
0.0000
0.0000
0.0000
0.0000
0.0000
0.0000
0.0000
0.0000
0.0000
0.0000
0.0000
0.0000
0.0000
0.0000
0.0000
0.0000
0.0000
0.0000
0.0000
0.0000
0.0000
0.0000
0.0000
0.0000
0.0000
0.0000
0.0000
0.0000
0.0000
0.0000
0.0000
0.0000
0.0000
0.0000
0.0000
0.0000
0.0000
0.0000
0.0000
0.0000
0.0000
0.0000
0.0000
0.0000
0.0000
0.0000
0.0000
0.0000
0.0000
0.0000
0.0000
0.0000
0.0000
0.0000
14.6484
14.6484
92.7734
92.7734
112.3047
112.3047
92.7734
92.7734
102.5391
102.5391
141.6016
141.6016
249.0234
249.0234
351.5625
351.5625
380.8594
380.8594
361.3281
361.3281
366.2109
366.2109
419.9219
419.9219
478.5156
478.5156
478.5156
478.5156
444.3359
444.3359
429.6875
429.6875
444.3359
444.3359
512.6953
512.6953
590.8203
590.8203
610.3516
610.3516
551.7578
551.7578
493.1641
493.1641
478.5156
478.5156
488.2812
488.2812
439.4531
439.4531
346.6797
346.6797
278.3203
278.3203
249.0234
249.0234
283.2031
283.2031
371.0937
371.0937
424.8047
424.8047
405.2734
405.2734
366.2109
366.2109
366.2109
366.2109
410.1562
410.1562
415.0391
415.0391
371.0937
371.0937
322.2656
322.2656
332.0312
332.0312
395.5078
395.5078
537.1094
537.1094
668.9453
668.9453
751.9531
751.9531
771.4844
771.4844
800.7812
800.7812
869.1406
869.1406
927.7344
927.7344
903.3203
903.3203
825.1953
825.1953
761.7187
761.7187
717.7734
717.7734
727.5391
727.5391
747.0703
747.0703
708.0078
708.0078
610.3516
610.3516
512.6953
512.6953
463.8672
463.8672
439.4531
439.4531
356.4453
356.4453
214.8437
214.8437
68.3594
68.3594
0.0000
0.0000
0.0000
0.0000
0.0000
0.0000
0.0000
0.0000
0.0000
0.0000
0.0000
0.0000
0.0000
0.0000
0.0000
0.0000
0.0000
0.0000
0.0000
0.0000
0.0000
0.0000
0.0000
0.0000
0.0000
0.0000
0.0000
0.0000
0.0000
0.0000
0.0000
0.0000
0.0000
0.0000
0.0000
0.0000
0.0000
0.0000
0.0000
0.0000
0.0000
0.0000
0.0000
0.0000
0.0000
0.0000
0.0000
0.0000
0.0000
0.0000
0.0000
0.0000
0.0000
0.0000
0.0000
0.0000
0.0000
0.0000
0.0000
0.0000
0.0000
0.0000
0.0000
0.0000
0.0000
0.0000
0.0000
0.0000
0.0000
0.0000
0.0000
0.0000
0.0000
0.0000
0.0000
0.0000
0.0000
0.0000
0.0000
0.0000
0.0000
0.0000
0.0000
0.0000
0.0000
0.0000
0.0000
0.0000
0.0000
0.0000
0.0000
0.0000
0.0000
0.0000
43.9453
43.9453
122.0703
122.0703
131.8359
131.8359
112.3047
112.3047
126.9531
126.9531
195.3125
195.3125
234.3750
234.3750
224.6094
224.6094
190.4297
190.4297
195.3125
195.3125
234.3750
234.3750
346.6797
346.6797
419.9219
419.9219
424.8047
424.8047
380.8594
380.8594
351.5625
351.5625
375.9766
375.9766
390.6250
390.6250
356.4453
356.4453
297.8516
297.8516
273.4375
273.4375
288.0859
288.0859
371.0937
371.0937
454.1016
454.1016
488.2812
488.2812
458.9844
458.9844
439.4531
439.4531
473.6328
473.6328
527.3437
527.3437
522.4609
522.4609
478.5156
478.5156
454.1016
454.1016
468.7500
468.7500
546.8750
546.8750
654.2969
654.2969
717.7734
717.7734
708.0078
708.0078
668.9453
668.9453
668.9453
668.9453
708.0078
708.0078
698.2422
698.2422
639.6484
639.6484
566.4062
566.4062
537.1094
537.1094
556.6406
556.6406
654.2969
654.2969
737.3047
737.3047
756.8359
756.8359
732.4219
732.4219
732.4219
732.4219
795.8984
795.8984
859.3750
859.3750
869.1406
869.1406
839.8437
839.8437
854.4922
854.4922
913.0859
913.0859
1044.9219
1044.9219
1210.9375
1210.9375
1342.7734
1342.7734
1391.6016
1391.6016
1425.7812
1425.7812
1474.6094
1474.6094
1567.3828
1567.3828
1606.4453
1606.4453
1567.3828
1567.3828
1484.3750
1484.3750
1425.7812
1425.7812
1386.7187
1386.7187
1391.6016
1391.6016
1352.5391
1352.5391
1235.3516
1235.3516
1049.8047
1049.8047
883.7891
883.7891
751.9531
751.9531
625.0000
625.0000
434.5703
434.5703
209.9609
209.9609
9.7656
9.7656
0.0000
0.0000
0.0000
0.0000
0.0000
0.0000
0.0000
0.0000
0.0000
0.0000
0.0000
0.0000
0.0000
0.0000
0.0000
0.0000
0.0000
0.0000
0.0000
0.0000
0.0000
0.0000
0.0000
0.0000
0.0000
0.0000
0.0000
0.0000
0.0000
0.0000
0.0000
0.0000
0.0000
0.0000
0.0000
0.0000
0.0000
0.0000
0.0000
0.0000
0.0000
0.0000
0.0000
0.0000
0.0000
0.0000
0.0000
0.0000
0.0000
0.0000
0.0000
0.0000
0.0000
0.0000
0.0000
0.0000
0.0000
0.0000
0.0000
0.0000
0.0000
0.0000
0.0000
0.0000
0.0000
0.0000
0.0000
0.0000
0.0000
0.0000
0.0000
0.0000
0.0000
0.0000
0.0000
0.0000
0.0000
0.0000
0.0000
0.0000
0.0000
0.0000
0.0000
0.0000
0.0000
0.0000
0.0000
0.0000
0.0000
0.0000
0.0000
0.0000
0.0000
0.0000
0.0000
0.0000
0.0000
0.0000
0.0000
0.0000
0.0000
0.0000
0.0000
0.0000
4.8828
4.8828
53.7109
53.7109
48.8281
48.8281
39.0625
39.0625
63.4766
63.4766
136.7187
136.7187
258.7891
258.7891
332.0312
332.0312
327.1484
327.1484
297.8516
297.8516
307.6172
307.6172
356.4453
356.4453
351.5625
351.5625
288.0859
288.0859
224.6094
224.6094
195.3125
195.3125
219.7266
219.7266
297.8516
297.8516
341.7969
341.7969
312.5000
312.5000
239.2578
239.2578
195.3125
195.3125
200.1953
200.1953
175.7812
175.7812
107.4219
107.4219
29.2969
29.2969
0.0000
0.0000
14.6484
14.6484
97.6562
97.6562
166.0156
166.0156
175.7812
175.7812
131.8359
131.8359
102.5391
102.5391
122.0703
122.0703
146.4844
146.4844
112.3047
112.3047
48.8281
48.8281
14.6484
14.6484
19.5312
19.5312
107.4219
107.4219
219.7266
219.7266
302.7344
302.7344
332.0312
332.0312
366.2109
366.2109
449.2187
449.2187
571.2891
571.2891
644.5312
644.5312
664.0625
664.0625
683.5937
683.5937
722.6562
722.6562
795.8984
795.8984
908.2031
908.2031
971.6797
971.6797
957.0312
957.0312
898.4375
898.4375
864.2578
864.2578
874.0234
874.0234
849.6094
849.6094
771.4844
673.8281
673.8281
615.2344
615.2344
595.7031
595.7031
634.7656
634.7656
654.2969
654.2969
654.2969
600.5859
600.5859
483.3984
483.3984
375.9766
375.9766
307.6172
307.6172
249.0234
136.7187
136.7187
0.0000
0.0000
0.0000
0.0000
0.0000
0.0000
0.0000
0.0000
0.0000
0.0000
0.0000
0.0000
0.0000
0.0000
0.0000
0.0000
0.0000
0.0000
0.0000
0.0000
0.0000
0.0000
0.0000
0.0000
0.0000
0.0000
0.0000
0.0000
0.0000
0.0000
0.0000
0.0000
0.0000
0.0000
0.0000
0.0000
0.0000
0.0000
0.0000
0.0000
0.0000
0.0000
0.0000
0.0000
0.0000
0.0000
0.0000
0.0000
0.0000
0.0000
0.0000
0.0000
0.0000
0.0000
0.0000
0.0000
0.0000
0.0000
0.0000
0.0000
0.0000
0.0000
0.0000
0.0000
0.0000
0.0000
0.0000
0.0000
0.0000
0.0000
0.0000
0.0000
0.0000
0.0000
0.0000
0.0000
0.0000
0.0000
0.0000
0.0000
0.0000
0.0000
0.0000
0.0000
0.0000
0.0000
0.0000
0.0000
0.0000
0.0000
0.0000
0.0000
0.0000
0.0000
0.0000
0.0000
0.0000
0.0000
14.6484
14.6484
107.4219
107.4219
141.6016
141.6016
170.8984
170.8984
249.0234
249.0234
332.0312
332.0312
351.5625
351.5625
317.3828
317.3828
283.2031
283.2031
278.3203
278.3203
322.2656
322.2656
385.7422
385.7422
385.7422
385.7422
322.2656
322.2656
253.9062
253.9062
239.2578
239.2578
258.7891
258.7891
234.3750
234.3750
180.6641
180.6641
146.4844
146.4844
156.2500
156.2500
219.7266
219.7266
322.2656
322.2656
380.8594
380.8594
371.0937
371.0937
332.0312
332.0312
327.1484
327.1484
371.0937
371.0937
375.9766
375.9766
332.0312
332.0312
288.0859
288.0859
283.2031
283.2031
332.0312
332.0312
458.9844
458.9844
561.5234
561.5234
600.5859
600.5859
585.9375
585.9375
600.5859
600.5859
668.9453
668.9453
732.4219
732.4219
732.4219
732.4219
703.1250
703.1250
698.2422
698.2422
732.4219
732.4219
830.0781
830.0781
942.3828
942.3828
1005.8594
1005.8594
1005.8594
1005.8594
1025.3906
1025.3906
1098.6328
1098.6328
1206.0547
1206.0547
1269.5312
1269.5312
1284.1797
1284.1797
1293.9453
1293.9453
1342.7734
1342.7734
1425.7812
1425.7812
1547.8516
1547.8516
1606.4453
1606.4453
1572.2656
1572.2656
1484.3750
1484.3750
1411.1328
1411.1328
1381.8359
1381.8359
1318.3594
1318.3594
1191.4062
1191.4062
1044.9219
1044.9219
927.7344
927.7344
844.7266
844.7266
825.1953
825.1953
786.1328
786.1328
693.3594
693.3594
512.6953
512.6953
336.9141
336.9141
195.3125
195.3125
73.2422
73.2422
0.0000
0.0000
0.0000
0.0000
0.0000
0.0000
0.0000
0.0000
0.0000
0.0000
0.0000
0.0000
0.0000
0.0000
0.0000
0.0000
0.0000
0.0000
0.0000
0.0000
0.0000
0.0000
0.0000
0.0000
0.0000
0.0000
0.0000
0.0000
0.0000
0.0000
0.0000
0.0000
0.0000
0.0000
0.0000
0.0000
0.0000
0.0000
0.0000
0.0000
0.0000
0.0000
0.0000
0.0000
0.0000
0.0000
0.0000
0.0000
0.0000
0.0000
0.0000
0.0000
0.0000
0.0000
0.0000
0.0000
0.0000
0.0000
0.0000
0.0000
0.0000
0.0000
0.0000
0.0000
0.0000
0.0000
0.0000
0.0000
0.0000
0.0000
0.0000
0.0000
0.0000
0.0000
0.0000
0.0000
0.0000
0.0000
0.0000
0.0000
0.0000
0.0000
0.0000
0.0000
0.0000
0.0000
0.0000
0.0000
0.0000
0.0000
0.0000
0.0000
0.0000
0.0000
0.0000
0.0000
0.0000
0.0000
0.0000
0.0000
0.0000
0.0000
0.0000
0.0000
0.0000
0.0000
0.0000
0.0000
0.0000
0.0000
0.0000
0.0000
0.0000
0.0000
0.0000
0.0000
0.0000
0.0000
0.0000
0.0000
0.0000
0.0000
83.0078
83.0078
166.0156
166.0156
175.7812
175.7812
161.1328
161.1328
175.7812
175.7812
244.1406
244.1406
268.5547
268.5547
239.2578
239.2578
200.1953
200.1953
195.3125
195.3125
224.6094
224.6094
312.5000
312.5000
361.3281
361.3281
341.7969
341.7969
278.3203
278.3203
244.1406
244.1406
258.7891
258.7891
258.7891
258.7891
209.9609
209.9609
141.6016
141.6016
117.1875
117.1875
136.7187
136.7187
234.3750
234.3750
327.1484
327.1484
371.0937
371.0937
361.3281
361.3281
366.2109
366.2109
429.6875
429.6875
498.0469
498.0469
517.5781
517.5781
498.0469
498.0469
517.5781
517.5781
566.4062
566.4062
678.7109
678.7109
815.4297
815.4297
903.3203
903.3203
922.8516
922.8516
932.6172
932.6172
986.3281
986.3281
1083.9844
1083.9844
1132.8125
1132.8125
1147.4609
1147.4609
1152.3437
1152.3437
1196.2891
1196.2891
1279.2969
1279.2969
1416.0156
1416.0156
1484.3750
1484.3750
1459.9609
1459.9609
1372.0703
1372.0703
1298.8281
1298.8281
1250.0000
1250.0000
1176.7578
1176.7578
1035.1562
1035.1562
869.1406
869.1406
742.1875
742.1875
654.2969
654.2969
639.6484
639.6484
625.0000
625.0000
581.0547
581.0547
463.8672
463.8672
356.4453
356.4453
288.0859
288.0859
244.1406
244.1406
131.8359
131.8359
0.0000
0.0000
0.0000
0.0000
0.0000
0.0000
0.0000
0.0000
0.0000
0.0000
0.0000
0.0000
0.0000
0.0000
0.0000
0.0000
0.0000
0.0000
0.0000
0.0000
0.0000
0.0000
0.0000
0.0000
0.0000
0.0000
0.0000
0.0000
0.0000
0.0000
0.0000
0.0000
0.0000
0.0000
0.0000
0.0000
0.0000
0.0000
0.0000
0.0000
0.0000
0.0000
0.0000
0.0000
0.0000
0.0000
0.0000
0.0000
0.0000
0.0000
0.0000
0.0000
0.0000
0.0000
0.0000
0.0000
0.0000
0.0000
0.0000
0.0000
0.0000
0.0000
0.0000
0.0000
0.0000
0.0000
0.0000
0.0000
0.0000
0.0000
0.0000
0.0000
0.0000
0.0000
0.0000
0.0000
0.0000
0.0000
0.0000
0.0000
0.0000
0.0000
0.0000
0.0000
0.0000
0.0000
0.0000
0.0000
19.5312
19.5312
0.0000
0.0000
0.0000
0.0000
0.0000
0.0000
24.4141
24.4141
136.7187
136.7187
224.6094
224.6094
249.0234
249.0234
239.2578
239.2578
258.7891
258.7891
322.2656
322.2656
351.5625
351.5625
332.0312
332.0312
288.0859
288.0859
273.4375
273.4375
302.7344
302.7344
395.5078
395.5078
468.7500
468.7500
488.2812
488.2812
454.1016
454.1016
444.3359
444.3359
488.2812
488.2812
532.2266
532.2266
517.5781
517.5781
468.7500
468.7500
439.4531
439.4531
449.2187
449.2187
522.4609
522.4609
600.5859
600.5859
615.2344
615.2344
561.5234
561.5234
507.8125
507.8125
493.1641
493.1641
517.5781
517.5781
488.2812
488.2812
429.6875
429.6875
390.6250
390.6250
405.2734
405.2734
473.6328
473.6328
600.5859
600.5859
693.3594
693.3594
712.8906
712.8906
703.1250
703.1250
717.7734
717.7734
786.1328
786.1328
825.1953
825.1953
810.5469
810.5469
771.4844
771.4844
771.4844
771.4844
805.6641
805.6641
917.9687
917.9687
1030.2734
1030.2734
1108.3984
1108.3984
1123.0469
1123.0469
1162.1094
1162.1094
1245.1172
1245.1172
1357.4219
1357.4219
1406.2500
1406.2500
1411.1328
1411.1328
1411.1328
1411.1328
1440.4297
1440.4297
1499.0234
1499.0234
1596.6797
1596.6797
1630.8594
1630.8594
1577.1484
1577.1484
1464.8437
1464.8437
1372.0703
1372.0703
1318.3594
1318.3594
1230.4687
1230.4687
1088.8672
1088.8672
913.0859
913.0859
771.4844
771.4844
659.1797
659.1797
610.3516
610.3516
561.5234
561.5234
454.1016
454.1016
278.3203
278.3203
97.6562
97.6562
0.0000
0.0000
0.0000
0.0000
0.0000
0.0000
0.0000
0.0000
0.0000
0.0000
0.0000
0.0000
0.0000
0.0000
0.0000
0.0000
0.0000
0.0000
0.0000
0.0000
0.0000
0.0000
0.0000
0.0000
0.0000
0.0000
0.0000
0.0000
0.0000
0.0000
0.0000
0.0000
0.0000
0.0000
0.0000
0.0000
0.0000
0.0000
0.0000
0.0000
0.0000
0.0000
0.0000
0.0000
0.0000
0.0000
0.0000
0.0000
0.0000
0.0000
0.0000
0.0000
0.0000
0.0000
0.0000
0.0000
0.0000
0.0000
0.0000
0.0000
0.0000
0.0000
0.0000
0.0000
0.0000
0.0000
0.0000
0.0000
0.0000
0.0000
0.0000
0.0000
0.0000
0.0000
0.0000
0.0000
0.0000
0.0000
0.0000
0.0000
0.0000
0.0000
0.0000
0.0000
0.0000
0.0000
0.0000
0.0000
0.0000
0.0000
0.0000
0.0000
0.0000
0.0000
0.0000
0.0000
0.0000
0.0000
0.0000
0.0000
0.0000
0.0000
0.0000
0.0000
0.0000
0.0000
39.0625
39.0625
19.5312
19.5312
0.0000
0.0000
4.8828
4.8828
58.5937
58.5937
53.7109
53.7109
4.8828
4.8828
0.0000
0.0000
0.0000
0.0000
53.7109
53.7109
166.0156
166.0156
234.3750
234.3750
229.4922
229.4922
214.8437
214.8437
234.3750
234.3750
302.7344
302.7344
317.3828
317.3828
278.3203
278.3203
234.3750
234.3750
229.4922
229.4922
273.4375
273.4375
375.9766
375.9766
429.6875
429.6875
410.1562
410.1562
356.4453
356.4453
336.9141
336.9141
366.2109
366.2109
356.4453
356.4453
307.6172
307.6172
249.0234
249.0234
239.2578
239.2578
273.4375
273.4375
380.8594
380.8594
468.7500
468.7500
498.0469
498.0469
468.7500
458.9844
458.9844
458.9844
498.0469
498.0469
532.2266
532.2266
517.5781
517.5781
483.3984
483.3984
498.0469
498.0469
546.8750
546.8750
668.9453
668.9453
800.7812
869.1406
869.1406
854.4922
854.4922
825.1953
825.1953
820.3125
820.3125
820.3125
834.9609
834.9609
771.4844
771.4844
649.4141
649.4141
541.9922
541.9922
463.8672
463.8672
444.3359
458.9844
458.9844
434.5703
434.5703
341.7969
341.7969
234.3750
234.3750
234.3750
166.0156
166.0156
151.3672
151.3672
87.8906
87.8906
0.0000
0.0000
0.0000
0.0000
0.0000
0.0000
0.0000
0.0000
0.0000
0.0000
0.0000
0.0000
0.0000
0.0000
0.0000
0.0000
0.0000
0.0000
0.0000
0.0000
0.0000
0.0000
0.0000
0.0000
0.0000
0.0000
0.0000
0.0000
0.0000
0.0000
0.0000
0.0000
0.0000
0.0000
0.0000
0.0000
0.0000
0.0000
0.0000
0.0000
0.0000
0.0000
0.0000
0.0000
0.0000
0.0000
0.0000
0.0000
0.0000
0.0000
0.0000
0.0000
0.0000
0.0000
0.0000
0.0000
0.0000
0.0000
0.0000
0.0000
0.0000
0.0000
0.0000
0.0000
0.0000
0.0000
0.0000
0.0000
0.0000
0.0000
0.0000
0.0000
0.0000
0.0000
0.0000
0.0000
0.0000
0.0000
0.0000
0.0000
0.0000
0.0000
0.0000
0.0000
0.0000
0.0000
0.0000
0.0000
0.0000
0.0000
0.0000
0.0000
0.0000
0.0000
0.0000
34.1797
34.1797
190.4297
190.4297
307.6172
307.6172
356.4453
356.4453
366.2109
366.2109
405.2734
405.2734
493.1641
493.1641
546.8750
546.8750
546.8750
546.8750
527.3437
527.3437
546.8750
546.8750
600.5859
600.5859
712.8906
712.8906
800.7812
800.7812
825.1953
825.1953
786.1328
786.1328
756.8359
756.8359
781.2500
781.2500
800.7812
800.7812
756.8359
756.8359
688.4766
688.4766
649.4141
649.4141
639.6484
639.6484
698.2422
698.2422
766.6016
766.6016
776.3672
776.3672
712.8906
712.8906
654.2969
654.2969
649.4141
649.4141
668.9453
668.9453
625.0000
625.0000
537.1094
537.1094
473.6328
473.6328
444.3359
444.3359
473.6328
473.6328
546.8750
546.8750
585.9375
585.9375
551.7578
551.7578
502.9297
502.9297
488.2812
488.2812
532.2266
532.2266
541.9922
541.9922
507.8125
507.8125
458.9844
458.9844
454.1016
454.1016
488.2812
488.2812
595.7031
595.7031
698.2422
698.2422
742.1875
742.1875
727.5391
727.5391
742.1875
742.1875
825.1953
825.1953
932.6172
932.6172
991.2109
991.2109
1010.7422
1010.7422
1054.6875
1054.6875
1123.0469
1123.0469
1245.1172
1245.1172
1401.3672
1401.3672
1508.7891
1508.7891
1528.3203
1528.3203
1508.7891
1508.7891
1508.7891
1508.7891
1523.4375
1523.4375
1489.2578
1489.2578
1376.9531
1376.9531
1230.4687
1230.4687
1098.6328
1098.6328
986.3281
986.3281
913.0859
913.0859
805.6641
805.6641
634.7656
634.7656
395.5078
395.5078
175.7812
175.7812
4.8828
4.8828
0.0000
0.0000
0.0000
0.0000
0.0000
0.0000
0.0000
0.0000
0.0000
0.0000
0.0000
0.0000
0.0000
0.0000
0.0000
0.0000
0.0000
0.0000
0.0000
0.0000
0.0000
0.0000
0.0000
0.0000
0.0000
0.0000
0.0000
0.0000
0.0000
0.0000
0.0000
0.0000
0.0000
0.0000
0.0000
0.0000
0.0000
0.0000
0.0000
0.0000
0.0000
0.0000
0.0000
0.0000
0.0000
0.0000
0.0000
0.0000
0.0000
0.0000
0.0000
0.0000
0.0000
0.0000
0.0000
0.0000
0.0000
0.0000
0.0000
0.0000
0.0000
0.0000
0.0000
0.0000
0.0000
0.0000
0.0000
0.0000
0.0000
0.0000
0.0000
0.0000
0.0000
0.0000
0.0000
0.0000
0.0000
0.0000
0.0000
0.0000
0.0000
0.0000
0.0000
0.0000
0.0000
0.0000
0.0000
0.0000
0.0000
0.0000
0.0000
0.0000
0.0000
0.0000
0.0000
0.0000
0.0000
0.0000
0.0000
0.0000
0.0000
0.0000
0.0000
0.0000
0.0000
0.0000
0.0000
0.0000
34.1797
34.1797
92.7734
92.7734
156.2500
156.2500
146.4844
146.4844
73.2422
73.2422
9.7656
9.7656
0.0000
0.0000
4.8828
4.8828
63.4766
63.4766
68.3594
68.3594
14.6484
14.6484
0.0000
0.0000
0.0000
0.0000
0.0000
0.0000
0.0000
0.0000
0.0000
0.0000
0.0000
0.0000
0.0000
0.0000
0.0000
0.0000
0.0000
0.0000
14.6484
14.6484
0.0000
0.0000
0.0000
0.0000
0.0000
0.0000
0.0000
0.0000
0.0000
0.0000
0.0000
0.0000
0.0000
0.0000
0.0000
0.0000
0.0000
0.0000
73.2422
73.2422
146.4844
146.4844
156.2500
156.2500
117.1875
117.1875
107.4219
107.4219
156.2500
156.2500
180.6641
180.6641
156.2500
156.2500
122.0703
122.0703
136.7187
136.7187
195.3125
195.3125
336.9141
336.9141
468.7500
468.7500
537.1094
537.1094
537.1094
537.1094
546.8750
546.8750
615.2344
615.2344
688.4766
688.4766
698.2422
698.2422
678.7109
678.7109
703.1250
703.1250
761.7187
761.7187
893.5547
893.5547
1044.9219
1044.9219
1137.6953
1137.6953
1142.5781
1142.5781
1123.0469
1123.0469
1123.0469
1123.0469
1142.5781
1142.5781
1088.8672
1088.8672
986.3281
986.3281
869.1406
869.1406
781.2500
781.2500
737.3047
737.3047
742.1875
742.1875
698.2422
698.2422
595.7031
595.7031
468.7500
468.7500
375.9766
375.9766
341.7969
341.7969
283.2031
283.2031
166.0156
166.0156
34.1797
34.1797
0.0000
0.0000
0.0000
0.0000
0.0000
0.0000
0.0000
0.0000
0.0000
0.0000
0.0000
0.0000
0.0000
0.0000
0.0000
0.0000
0.0000
0.0000
0.0000
0.0000
0.0000
0.0000
0.0000
0.0000
0.0000
0.0000
0.0000
0.0000
0.0000
0.0000
0.0000
0.0000
0.0000
0.0000
0.0000
0.0000
0.0000
0.0000
0.0000
0.0000
0.0000
0.0000
0.0000
0.0000
0.0000
0.0000
0.0000
0.0000
0.0000
0.0000
0.0000
0.0000
0.0000
0.0000
0.0000
0.0000
0.0000
0.0000
0.0000
0.0000
0.0000
0.0000
0.0000
0.0000
0.0000
0.0000
0.0000
0.0000
0.0000
0.0000
0.0000
0.0000
0.0000
0.0000
0.0000
0.0000
0.0000
0.0000
0.0000
0.0000
0.0000
0.0000
0.0000
0.0000
0.0000
0.0000
0.0000
0.0000
0.0000
0.0000
0.0000
0.0000
0.0000
0.0000
87.8906
87.8906
244.1406
244.1406
322.2656
322.2656
327.1484
327.1484
341.7969
341.7969
390.6250
390.6250
419.9219
419.9219
380.8594
380.8594
302.7344
302.7344
249.0234
249.0234
234.3750
234.3750
288.0859
288.0859
351.5625
351.5625
361.3281
361.3281
322.2656
322.2656
292.9687
292.9687
317.3828
317.3828
356.4453
356.4453
336.9141
336.9141
273.4375
273.4375
229.4922
229.4922
224.6094
224.6094
283.2031
283.2031
351.5625
351.5625
371.0937
371.0937
317.3828
317.3828
263.6719
263.6719
263.6719
263.6719
312.5000
312.5000
312.5000
312.5000
268.5547
268.5547
234.3750
234.3750
244.1406
244.1406
307.6172
307.6172
424.8047
424.8047
507.8125
507.8125
522.4609
522.4609
502.9297
502.9297
502.9297
502.9297
561.5234
561.5234
590.8203
590.8203
571.2891
571.2891
532.2266
532.2266
541.9922
541.9922
585.9375
585.9375
708.0078
708.0078
820.3125
820.3125
878.9062
878.9062
874.0234
874.0234
888.6719
888.6719
947.2656
947.2656
1030.2734
1030.2734
1044.9219
1044.9219
1030.2734
1030.2734
1025.3906
1025.3906
1064.4531
1064.4531
1176.7578
1176.7578
1337.8906
1337.8906
1474.6094
1474.6094
1538.0859
1538.0859
1582.0312
1582.0312
1645.5078
1645.5078
1752.9297
1752.9297
1806.6406
1806.6406
1796.8750
1796.8750
1752.9297
1752.9297
1733.3984
1733.3984
1723.6328
1723.6328
1762.6953
1762.6953
1782.2266
1782.2266
1723.6328
1723.6328
1591.7969
1591.7969
1464.8437
1464.8437
1372.0703
1372.0703
1284.1797
1284.1797
1132.8125
1132.8125
942.3828
942.3828
756.8359
756.8359
605.4687
605.4687
488.2812
488.2812
410.1562
410.1562
283.2031
283.2031
87.8906
87.8906
0.0000
0.0000
0.0000
0.0000
0.0000
0.0000
0.0000
0.0000
0.0000
0.0000
0.0000
0.0000
0.0000
0.0000
0.0000
0.0000
0.0000
0.0000
0.0000
0.0000
0.0000
0.0000
0.0000
0.0000
0.0000
0.0000
0.0000
0.0000
0.0000
0.0000
0.0000
0.0000
0.0000
0.0000
0.0000
0.0000
0.0000
0.0000
0.0000
0.0000
0.0000
0.0000
0.0000
0.0000
0.0000
0.0000
0.0000
0.0000
0.0000
0.0000
0.0000
0.0000
0.0000
0.0000
0.0000
0.0000
0.0000
0.0000
0.0000
0.0000
0.0000
0.0000
0.0000
0.0000
0.0000
0.0000
0.0000
0.0000
0.0000
0.0000
0.0000
0.0000
0.0000
0.0000
0.0000
0.0000
0.0000
0.0000
0.0000
0.0000
0.0000
0.0000
0.0000
0.0000
0.0000
0.0000
0.0000
0.0000
0.0000
0.0000
0.0000
0.0000
0.0000
0.0000
0.0000
0.0000
0.0000
0.0000
0.0000
0.0000
0.0000
0.0000
0.0000
0.0000
0.0000
0.0000
0.0000
0.0000
0.0000
0.0000
0.0000
0.0000
0.0000
0.0000
0.0000
0.0000
0.0000
0.0000
0.0000
0.0000
0.0000
0.0000
0.0000
0.0000
0.0000
0.0000
0.0000
0.0000
0.0000
0.0000
102.5391
102.5391
151.3672
151.3672
136.7187
136.7187
141.6016
141.6016
185.5469
185.5469
229.4922
229.4922
205.0781
205.0781
136.7187
136.7187
92.7734
92.7734
87.8906
87.8906
151.3672
151.3672
224.6094
224.6094
258.7891
258.7891
219.7266
219.7266
195.3125
195.3125
214.8437
214.8437
278.3203
297.8516
297.8516
292.9687
292.9687
317.3828
317.3828
317.3828
385.7422
385.7422
498.0469
498.0469
639.6484
639.6484
717.7734
708.0078
708.0078
659.1797
659.1797
659.1797
629.8828
625.0000
625.0000
556.6406
556.6406
444.3359
444.3359
322.2656
322.2656
249.0234
249.0234
219.7266
219.7266
258.7891
258.7891
273.4375
273.4375
234.3750
234.3750
156.2500
156.2500
112.3047
112.3047
122.0703
122.0703
107.4219
107.4219
39.0625
39.0625
0.0000
0.0000
0.0000
0.0000
0.0000
0.0000
0.0000
0.0000
0.0000
0.0000
0.0000
0.0000
0.0000
0.0000
0.0000
0.0000
0.0000
0.0000
0.0000
0.0000
0.0000
0.0000
0.0000
0.0000
0.0000
0.0000
0.0000
0.0000
4.8828
4.8828
112.3047
112.3047
156.2500
156.2500
112.3047
112.3047
63.4766
63.4766
48.8281
48.8281
53.7109
53.7109
0.0000
0.0000
0.0000
0.0000
0.0000
0.0000
0.0000
0.0000
0.0000
0.0000
0.0000
0.0000
0.0000
0.0000
0.0000
0.0000
0.0000
0.0000
0.0000
0.0000
0.0000
0.0000
0.0000
0.0000
0.0000
0.0000
0.0000
0.0000
0.0000
0.0000
0.0000
0.0000
0.0000
0.0000
0.0000
0.0000
0.0000
0.0000
0.0000
0.0000
0.0000
0.0000
0.0000
0.0000
0.0000
0.0000
0.0000
0.0000
0.0000
0.0000
0.0000
0.0000
0.0000
0.0000
0.0000
0.0000
0.0000
0.0000
53.7109
53.7109
83.0078
83.0078
131.8359
