937.5000
1049.8047
1049.8047
1171.8750
1171.8750
1230.4687
1230.4687
1215.8203
1215.8203
1191.4062
1191.4062
1206.0547
1206.0547
1171.8750
1171.8750
1088.8672
1088.8672
1000.9766
1000.9766
952.1484
952.1484
966.7969
966.7969
1010.7422
1010.7422
991.2109
991.2109
903.3203
903.3203
830.0781
830.0781
795.8984
795.8984
737.3047
737.3047
629.8828
629.8828
502.9297
502.9297
419.9219
419.9219
380.8594
380.8594
366.2109
366.2109
297.8516
297.8516
156.2500
156.2500
34.1797
34.1797
0.0000
0.0000
0.0000
0.0000
0.0000
0.0000
0.0000
0.0000
0.0000
0.0000
0.0000
0.0000
0.0000
0.0000
0.0000
0.0000
0.0000
0.0000
0.0000
0.0000
0.0000
0.0000
0.0000
0.0000
0.0000
0.0000
0.0000
0.0000
0.0000
0.0000
0.0000
0.0000
0.0000
0.0000
0.0000
0.0000
0.0000
0.0000
0.0000
0.0000
0.0000
0.0000
0.0000
0.0000
0.0000
0.0000
0.0000
0.0000
0.0000
0.0000
0.0000
0.0000
0.0000
0.0000
0.0000
0.0000
0.0000
0.0000
0.0000
0.0000
0.0000
0.0000
0.0000
0.0000
0.0000
0.0000
0.0000
0.0000
0.0000
0.0000
0.0000
0.0000
0.0000
0.0000
0.0000
0.0000
0.0000
0.0000
0.0000
0.0000
0.0000
0.0000
0.0000
0.0000
0.0000
0.0000
0.0000
0.0000
0.0000
0.0000
0.0000
0.0000
0.0000
0.0000
0.0000
0.0000
0.0000
0.0000
0.0000
0.0000
0.0000
0.0000
0.0000
0.0000
0.0000
0.0000
0.0000
0.0000
48.8281
48.8281
185.5469
185.5469
263.6719
263.6719
278.3203
278.3203
297.8516
297.8516
351.5625
351.5625
361.3281
361.3281
312.5000
312.5000
268.5547
268.5547
268.5547
268.5547
336.9141
336.9141
405.2734
405.2734
405.2734
405.2734
366.2109
366.2109
361.3281
361.3281
385.7422
385.7422
356.4453
356.4453
297.8516
297.8516
268.5547
268.5547
283.2031
283.2031
371.0937
371.0937
424.8047
424.8047
410.1562
410.1562
375.9766
375.9766
385.7422
385.7422
415.0391
415.0391
400.3906
400.3906
361.3281
361.3281
356.4453
356.4453
410.1562
410.1562
517.5781
517.5781
585.9375
585.9375
581.0547
581.0547
556.6406
556.6406
576.1719
576.1719
595.7031
595.7031
566.4062
566.4062
522.4609
522.4609
537.1094
537.1094
620.1172
620.1172
766.6016
766.6016
898.4375
898.4375
947.2656
947.2656
976.5625
976.5625
1044.9219
1044.9219
1103.5156
1103.5156
1093.7500
1093.7500
1040.0391
1040.0391
1020.5078
1020.5078
1044.9219
1044.9219
1113.2812
1113.2812
1137.6953
1137.6953
1088.8672
1088.8672
1030.2734
1030.2734
1010.7422
1010.7422
981.4453
981.4453
888.6719
888.6719
771.4844
771.4844
673.8281
673.8281
620.1172
620.1172
615.2344
615.2344
561.5234
561.5234
439.4531
439.4531
322.2656
322.2656
249.0234
249.0234
180.6641
180.6641
68.3594
68.3594
0.0000
0.0000
0.0000
0.0000
0.0000
0.0000
0.0000
0.0000
0.0000
0.0000
0.0000
0.0000
0.0000
0.0000
0.0000
0.0000
0.0000
0.0000
0.0000
0.0000
0.0000
0.0000
0.0000
0.0000
0.0000
0.0000
0.0000
0.0000
0.0000
0.0000
0.0000
0.0000
0.0000
0.0000
0.0000
0.0000
0.0000
0.0000
0.0000
0.0000
0.0000
0.0000
0.0000
0.0000
0.0000
0.0000
0.0000
0.0000
0.0000
0.0000
0.0000
0.0000
0.0000
0.0000
0.0000
0.0000
0.0000
0.0000
0.0000
0.0000
0.0000
0.0000
0.0000
0.0000
0.0000
0.0000
0.0000
0.0000
0.0000
0.0000
0.0000
0.0000
14.6484
14.6484
107.4219
107.4219
146.4844
146.4844
136.7187
136.7187
141.6016
141.6016
190.4297
190.4297
302.7344
302.7344
390.6250
390.6250
400.3906
400.3906
356.4453
356.4453
346.6797
346.6797
351.5625
351.5625
297.8516
297.8516
205.0781
205.0781
146.4844
146.4844
141.6016
141.6016
205.0781
205.0781
224.6094
224.6094
170.8984
170.8984
107.4219
107.4219
92.7734
92.7734
92.7734
92.7734
39.0625
39.0625
0.0000
0.0000
0.0000
0.0000
14.6484
14.6484
131.8359
131.8359
224.6094
224.6094
244.1406
244.1406
258.7891
258.7891
317.3828
317.3828
371.0937
371.0937
371.0937
371.0937
351.5625
351.5625
375.9766
375.9766
458.9844
458.9844
581.0547
581.0547
659.1797
659.1797
673.8281
673.8281
688.4766
688.4766
756.8359
756.8359
820.3125
820.3125
839.8437
839.8437
849.6094
849.6094
898.4375
898.4375
1000.9766
1000.9766
1137.6953
1137.6953
1220.7031
1220.7031
1225.5859
1225.5859
1235.3516
1235.3516
1303.7109
1303.7109
1367.1875
1367.1875
1386.7187
1386.7187
1386.7187
1386.7187
1430.6641
1430.6641
1513.6719
1513.6719
1616.2109
1616.2109
1645.5078
1645.5078
1567.3828
1567.3828
1459.9609
1459.9609
1367.1875
1367.1875
1240.2344
1240.2344
1040.0391
1040.0391
820.3125
820.3125
644.5312
644.5312
541.9922
541.9922
483.3984
483.3984
371.0937
371.0937
200.1953
200.1953
34.1797
34.1797
0.0000
0.0000
0.0000
0.0000
0.0000
0.0000
0.0000
0.0000
0.0000
0.0000
0.0000
0.0000
0.0000
0.0000
0.0000
0.0000
0.0000
0.0000
0.0000
0.0000
0.0000
0.0000
0.0000
0.0000
0.0000
0.0000
0.0000
0.0000
0.0000
0.0000
0.0000
0.0000
0.0000
0.0000
0.0000
0.0000
0.0000
0.0000
0.0000
0.0000
0.0000
0.0000
0.0000
0.0000
0.0000
0.0000
0.0000
0.0000
0.0000
0.0000
0.0000
0.0000
0.0000
0.0000
0.0000
0.0000
0.0000
0.0000
0.0000
0.0000
0.0000
0.0000
0.0000
0.0000
0.0000
0.0000
0.0000
0.0000
0.0000
0.0000
0.0000
0.0000
0.0000
0.0000
0.0000
0.0000
0.0000
0.0000
0.0000
0.0000
0.0000
0.0000
0.0000
0.0000
0.0000
0.0000
0.0000
0.0000
0.0000
0.0000
0.0000
0.0000
0.0000
0.0000
0.0000
0.0000
0.0000
0.0000
0.0000
0.0000
0.0000
0.0000
0.0000
0.0000
0.0000
0.0000
0.0000
0.0000
0.0000
0.0000
0.0000
0.0000
0.0000
0.0000
0.0000
0.0000
0.0000
0.0000
0.0000
0.0000
0.0000
0.0000
0.0000
0.0000
0.0000
0.0000
0.0000
0.0000
0.0000
0.0000
122.0703
122.0703
219.7266
219.7266
234.3750
234.3750
249.0234
249.0234
307.6172
307.6172
336.9141
336.9141
302.7344
302.7344
273.4375
273.4375
292.9687
292.9687
380.8594
380.8594
488.2812
488.2812
541.9922
541.9922
537.1094
537.1094
551.7578
551.7578
615.2344
615.2344
644.5312
644.5312
615.2344
615.2344
590.8203
590.8203
615.2344
615.2344
703.1250
703.1250
800.7812
800.7812
849.6094
849.6094
844.7266
844.7266
878.9062
878.9062
971.6797
971.6797
1030.2734
1030.2734
1035.1562
1035.1562
1044.9219
1044.9219
1093.7500
1093.7500
1201.1719
1201.1719
1289.0625
1289.0625
1289.0625
1289.0625
1220.7031
1220.7031
1162.1094
1162.1094
1132.8125
1132.8125
1040.0391
1040.0391
903.3203
903.3203
781.2500
781.2500
703.1250
703.1250
698.2422
698.2422
688.4766
688.4766
615.2344
615.2344
502.9297
502.9297
424.8047
424.8047
385.7422
385.7422
307.6172
307.6172
195.3125
195.3125
107.4219
107.4219
78.1250
78.1250
122.0703
122.0703
166.0156
166.0156
151.3672
151.3672
97.6562
97.6562
63.4766
63.4766
58.5937
58.5937
0.0000
0.0000
0.0000
0.0000
0.0000
0.0000
0.0000
0.0000
0.0000
0.0000
0.0000
0.0000
0.0000
0.0000
0.0000
0.0000
0.0000
0.0000
0.0000
0.0000
0.0000
0.0000
0.0000
0.0000
0.0000
0.0000
0.0000
0.0000
0.0000
0.0000
0.0000
0.0000
0.0000
0.0000
0.0000
0.0000
0.0000
0.0000
0.0000
0.0000
0.0000
0.0000
0.0000
0.0000
0.0000
0.0000
0.0000
0.0000
0.0000
0.0000
0.0000
0.0000
0.0000
0.0000
0.0000
0.0000
0.0000
0.0000
0.0000
0.0000
0.0000
0.0000
0.0000
0.0000
0.0000
0.0000
0.0000
0.0000
0.0000
0.0000
0.0000
0.0000
0.0000
0.0000
0.0000
0.0000
0.0000
0.0000
0.0000
0.0000
0.0000
0.0000
0.0000
0.0000
0.0000
0.0000
0.0000
0.0000
0.0000
0.0000
0.0000
0.0000
0.0000
0.0000
0.0000
0.0000
0.0000
0.0000
0.0000
0.0000
0.0000
0.0000
0.0000
0.0000
0.0000
0.0000
0.0000
0.0000
0.0000
0.0000
0.0000
0.0000
0.0000
0.0000
0.0000
9.7656
9.7656
43.9453
43.9453
48.8281
48.8281
83.0078
83.0078
170.8984
170.8984
332.0312
332.0312
483.3984
483.3984
556.6406
556.6406
595.7031
595.7031
668.9453
668.9453
766.6016
766.6016
810.5469
810.5469
820.3125
820.3125
869.1406
869.1406
957.0312
957.0312
1113.2812
1113.2812
1235.3516
1235.3516
1279.2969
1279.2969
1289.0625
1289.0625
1333.0078
1333.0078
1386.7187
1386.7187
1386.7187
1386.7187
1352.5391
1352.5391
1372.0703
1372.0703
1450.1953
1450.1953
1601.5625
1601.5625
1738.2812
1738.2812
1801.7578
1801.7578
1831.0547
1831.0547
1855.4687
1855.4687
1870.1172
1870.1172
1796.8750
1796.8750
1655.2734
1655.2734
1533.2031
1533.2031
1435.5469
1435.5469
1381.8359
1381.8359
1284.1797
1284.1797
1113.2812
1113.2812
927.7344
927.7344
781.2500
781.2500
654.2969
654.2969
454.1016
454.1016
219.7266
219.7266
14.6484
14.6484
0.0000
0.0000
0.0000
0.0000
0.0000
0.0000
0.0000
0.0000
0.0000
0.0000
0.0000
0.0000
0.0000
0.0000
0.0000
0.0000
0.0000
0.0000
0.0000
0.0000
0.0000
0.0000
0.0000
0.0000
0.0000
0.0000
0.0000
0.0000
0.0000
0.0000
0.0000
0.0000
0.0000
0.0000
0.0000
0.0000
0.0000
0.0000
0.0000
0.0000
0.0000
0.0000
0.0000
0.0000
0.0000
0.0000
0.0000
0.0000
0.0000
0.0000
0.0000
0.0000
0.0000
0.0000
0.0000
0.0000
0.0000
0.0000
0.0000
0.0000
0.0000
0.0000
0.0000
0.0000
0.0000
0.0000
0.0000
0.0000
0.0000
0.0000
0.0000
0.0000
0.0000
0.0000
0.0000
0.0000
0.0000
0.0000
0.0000
0.0000
0.0000
0.0000
0.0000
0.0000
0.0000
0.0000
0.0000
0.0000
0.0000
0.0000
0.0000
0.0000
0.0000
0.0000
0.0000
0.0000
0.0000
0.0000
0.0000
0.0000
0.0000
0.0000
0.0000
0.0000
0.0000
0.0000
0.0000
0.0000
19.5312
19.5312
68.3594
68.3594
63.4766
63.4766
24.4141
24.4141
24.4141
24.4141
83.0078
83.0078
200.1953
200.1953
288.0859
288.0859
302.7344
302.7344
307.6172
307.6172
351.5625
351.5625
410.1562
410.1562
419.9219
419.9219
415.0391
415.0391
444.3359
444.3359
537.1094
537.1094
683.5937
683.5937
781.2500
781.2500
800.7812
800.7812
805.6641
805.6641
859.3750
859.3750
903.3203
903.3203
893.5547
893.5547
864.2578
864.2578
883.7891
883.7891
957.0312
957.0312
1064.4531
1064.4531
1123.0469
1123.0469
1098.6328
1098.6328
1064.4531
1064.4531
1074.2187
1074.2187
1064.4531
1064.4531
1005.8594
1005.8594
937.5000
937.5000
917.9687
917.9687
966.7969
966.7969
1049.8047
1049.8047
1093.7500
1093.7500
1064.4531
1064.4531
1035.1562
1035.1562
1074.2187
1074.2187
1103.5156
1103.5156
1098.6328
1098.6328
1088.8672
1088.8672
1132.8125
1132.8125
1230.4687
1230.4687
1362.3047
1362.3047
1440.4297
1440.4297
1411.1328
1411.1328
1342.7734
1342.7734
1284.1797
1284.1797
1191.4062
1191.4062
1015.6250
1015.6250
810.5469
810.5469
629.8828
629.8828
502.9297
502.9297
419.9219
419.9219
292.9687
292.9687
92.7734
92.7734
0.0000
0.0000
0.0000
0.0000
0.0000
0.0000
0.0000
0.0000
0.0000
0.0000
0.0000
0.0000
0.0000
0.0000
0.0000
0.0000
0.0000
0.0000
0.0000
0.0000
0.0000
0.0000
0.0000
0.0000
0.0000
0.0000
0.0000
0.0000
0.0000
0.0000
0.0000
0.0000
0.0000
0.0000
0.0000
0.0000
0.0000
0.0000
0.0000
0.0000
0.0000
0.0000
0.0000
0.0000
0.0000
0.0000
0.0000
0.0000
0.0000
0.0000
0.0000
0.0000
0.0000
0.0000
0.0000
0.0000
0.0000
0.0000
0.0000
0.0000
0.0000
0.0000
0.0000
0.0000
0.0000
0.0000
0.0000
0.0000
0.0000
0.0000
0.0000
0.0000
0.0000
0.0000
0.0000
0.0000
0.0000
0.0000
0.0000
0.0000
0.0000
0.0000
0.0000
0.0000
0.0000
0.0000
0.0000
0.0000
0.0000
0.0000
0.0000
0.0000
0.0000
0.0000
0.0000
0.0000
0.0000
0.0000
0.0000
0.0000
0.0000
0.0000
0.0000
0.0000
0.0000
0.0000
0.0000
0.0000
0.0000
0.0000
0.0000
0.0000
43.9453
43.9453
146.4844
146.4844
170.8984
170.8984
190.4297
190.4297
253.9062
253.9062
307.6172
307.6172
317.3828
317.3828
322.2656
322.2656
371.0937
371.0937
493.1641
493.1641
649.4141
649.4141
751.9531
751.9531
781.2500
781.2500
810.5469
810.5469
878.9062
878.9062
908.2031
908.2031
883.7891
883.7891
864.2578
864.2578
883.7891
883.7891
976.5625
976.5625
1064.4531
1064.4531
1079.1016
1079.1016
1020.5078
1020.5078
976.5625
976.5625
976.5625
976.5625
937.5000
937.5000
849.6094
849.6094
786.1328
786.1328
771.4844
771.4844
834.9609
834.9609
908.2031
908.2031
922.8516
922.8516
893.5547
893.5547
878.9062
878.9062
908.2031
908.2031
893.5547
893.5547
830.0781
830.0781
781.2500
781.2500
791.0156
791.0156
883.7891
883.7891
996.0937
996.0937
1059.5703
1059.5703
1083.9844
1083.9844
1123.0469
1123.0469
1206.0547
1206.0547
1250.0000
1250.0000
1240.2344
1240.2344
1230.4687
1230.4687
1250.0000
1250.0000
1318.3594
1318.3594
1386.7187
1386.7187
1376.9531
1376.9531
1293.9453
1293.9453
1215.8203
1215.8203
1166.9922
1166.9922
1074.2187
1074.2187
917.9687
917.9687
747.0703
747.0703
615.2344
615.2344
527.3437
527.3437
444.3359
444.3359
307.6172
307.6172
107.4219
107.4219
0.0000
0.0000
0.0000
0.0000
0.0000
0.0000
0.0000
0.0000
0.0000
0.0000
0.0000
0.0000
0.0000
0.0000
0.0000
0.0000
0.0000
0.0000
0.0000
0.0000
0.0000
0.0000
0.0000
0.0000
0.0000
0.0000
0.0000
0.0000
0.0000
0.0000
0.0000
0.0000
0.0000
0.0000
0.0000
0.0000
0.0000
0.0000
0.0000
0.0000
0.0000
0.0000
0.0000
0.0000
0.0000
0.0000
0.0000
0.0000
0.0000
0.0000
0.0000
0.0000
0.0000
0.0000
0.0000
0.0000
0.0000
0.0000
0.0000
0.0000
0.0000
0.0000
0.0000
0.0000
0.0000
0.0000
0.0000
0.0000
0.0000
0.0000
0.0000
0.0000
0.0000
0.0000
0.0000
0.0000
0.0000
0.0000
0.0000
0.0000
0.0000
0.0000
0.0000
0.0000
0.0000
0.0000
0.0000
0.0000
0.0000
0.0000
0.0000
0.0000
0.0000
0.0000
0.0000
0.0000
0.0000
0.0000
0.0000
0.0000
0.0000
0.0000
0.0000
0.0000
0.0000
0.0000
0.0000
0.0000
0.0000
0.0000
0.0000
0.0000
0.0000
0.0000
9.7656
9.7656
0.0000
0.0000
4.8828
4.8828
63.4766
63.4766
87.8906
87.8906
63.4766
63.4766
43.9453
43.9453
73.2422
73.2422
170.8984
170.8984
278.3203
278.3203
327.1484
327.1484
322.2656
322.2656
346.6797
346.6797
410.1562
410.1562
419.9219
419.9219
375.9766
375.9766
351.5625
351.5625
361.3281
361.3281
434.5703
434.5703
488.2812
488.2812
463.8672
463.8672
405.2734
405.2734
380.8594
380.8594
400.3906
400.3906
375.9766
375.9766
322.2656
322.2656
307.6172
307.6172
356.4453
356.4453
478.5156
478.5156
576.1719
576.1719
600.5859
600.5859
600.5859
600.5859
639.6484
639.6484
693.3594
693.3594
698.2422
698.2422
683.5937
683.5937
717.7734
717.7734
800.7812
800.7812
957.0312
957.0312
1093.7500
1093.7500
1142.5781
1142.5781
1152.3437
1152.3437
1176.7578
1176.7578
1201.1719
1201.1719
1152.3437
1152.3437
1054.6875
1054.6875
981.4453
981.4453
952.1484
952.1484
976.5625
976.5625
957.0312
957.0312
864.2578
864.2578
771.4844
771.4844
712.8906
712.8906
668.9453
668.9453
556.6406
556.6406
419.9219
419.9219
317.3828
317.3828
268.5547
268.5547
268.5547
268.5547
229.4922
229.4922
117.1875
117.1875
4.8828
4.8828
0.0000
0.0000
0.0000
0.0000
0.0000
0.0000
0.0000
0.0000
0.0000
0.0000
0.0000
0.0000
0.0000
0.0000
0.0000
0.0000
0.0000
0.0000
0.0000
0.0000
0.0000
0.0000
0.0000
0.0000
0.0000
0.0000
0.0000
0.0000
0.0000
0.0000
0.0000
0.0000
0.0000
0.0000
0.0000
0.0000
0.0000
0.0000
0.0000
0.0000
0.0000
0.0000
0.0000
0.0000
0.0000
0.0000
0.0000
0.0000
0.0000
0.0000
0.0000
0.0000
0.0000
0.0000
0.0000
0.0000
0.0000
0.0000
0.0000
0.0000
0.0000
0.0000
0.0000
0.0000
0.0000
0.0000
0.0000
0.0000
0.0000
0.0000
0.0000
0.0000
0.0000
0.0000
0.0000
0.0000
0.0000
0.0000
0.0000
0.0000
0.0000
0.0000
0.0000
0.0000
0.0000
0.0000
0.0000
0.0000
0.0000
0.0000
0.0000
29.2969
29.2969
29.2969
39.0625
39.0625
0.0000
0.0000
0.0000
0.0000
19.5312
19.5312
0.0000
0.0000
0.0000
0.0000
0.0000
0.0000
9.7656
9.7656
122.0703
205.0781
205.0781
205.0781
209.9609
209.9609
190.4297
190.4297
209.9609
209.9609
229.4922
229.4922
180.6641
180.6641
107.4219
78.1250
78.1250
117.1875
117.1875
205.0781
205.0781
258.7891
258.7891
249.0234
249.0234
239.2578
239.2578
283.2031
283.2031
317.3828
317.3828
297.8516
297.8516
268.5547
268.5547
283.2031
283.2031
366.2109
366.2109
488.2812
488.2812
556.6406
556.6406
551.7578
551.7578
561.5234
561.5234
625.0000
625.0000
664.0625
664.0625
654.2969
654.2969
639.6484
639.6484
673.8281
673.8281
776.3672
776.3672
893.5547
893.5547
957.0312
957.0312
947.2656
947.2656
947.2656
947.2656
1000.9766
1000.9766
1025.3906
1025.3906
1005.8594
1005.8594
986.3281
986.3281
1010.7422
1010.7422
1098.6328
1098.6328
1210.9375
1210.9375
1274.4141
1274.4141
1279.2969
1279.2969
1303.7109
1303.7109
1381.8359
1381.8359
1435.5469
1435.5469
1435.5469
1435.5469
1430.6641
1430.6641
1450.1953
1450.1953
1508.7891
1508.7891
1582.0312
1582.0312
1582.0312
1582.0312
1484.3750
1484.3750
1376.9531
1376.9531
1298.8281
1298.8281
1191.4062
1191.4062
1035.1562
1035.1562
874.0234
874.0234
751.9531
751.9531
683.5937
683.5937
639.6484
639.6484
541.9922
541.9922
351.5625
351.5625
151.3672
151.3672
0.0000
0.0000
0.0000
0.0000
0.0000
0.0000
0.0000
0.0000
0.0000
0.0000
0.0000
0.0000
0.0000
0.0000
0.0000
0.0000
0.0000
0.0000
0.0000
0.0000
0.0000
0.0000
0.0000
0.0000
0.0000
0.0000
0.0000
0.0000
0.0000
0.0000
0.0000
0.0000
0.0000
0.0000
0.0000
0.0000
0.0000
0.0000
0.0000
0.0000
0.0000
0.0000
0.0000
0.0000
0.0000
0.0000
0.0000
0.0000
0.0000
0.0000
0.0000
0.0000
0.0000
0.0000
0.0000
0.0000
0.0000
0.0000
0.0000
0.0000
0.0000
0.0000
0.0000
0.0000
0.0000
0.0000
0.0000
0.0000
0.0000
0.0000
0.0000
0.0000
0.0000
0.0000
0.0000
0.0000
0.0000
0.0000
0.0000
0.0000
0.0000
0.0000
0.0000
0.0000
0.0000
0.0000
0.0000
0.0000
0.0000
0.0000
0.0000
0.0000
0.0000
0.0000
0.0000
0.0000
0.0000
0.0000
0.0000
0.0000
0.0000
0.0000
0.0000
0.0000
0.0000
0.0000
0.0000
0.0000
0.0000
0.0000
0.0000
0.0000
0.0000
0.0000
0.0000
0.0000
0.0000
0.0000
0.0000
0.0000
0.0000
0.0000
0.0000
0.0000
0.0000
0.0000
0.0000
0.0000
0.0000
0.0000
0.0000
0.0000
0.0000
0.0000
0.0000
0.0000
0.0000
0.0000
0.0000
0.0000
19.5312
19.5312
0.0000
0.0000
0.0000
0.0000
14.6484
14.6484
122.0703
122.0703
258.7891
258.7891
346.6797
346.6797
375.9766
375.9766
415.0391
415.0391
507.8125
507.8125
551.7578
551.7578
537.1094
537.1094
522.4609
522.4609
546.8750
546.8750
629.8828
629.8828
712.8906
712.8906
727.5391
727.5391
698.2422
698.2422
693.3594
693.3594
737.3047
737.3047
737.3047
737.3047
698.2422
698.2422
673.8281
673.8281
698.2422
698.2422
781.2500
781.2500
859.3750
859.3750
864.2578
864.2578
825.1953
825.1953
820.3125
820.3125
854.4922
854.4922
844.7266
844.7266
786.1328
786.1328
742.1875
742.1875
737.3047
737.3047
810.5469
810.5469
874.0234
874.0234
878.9062
878.9062
854.4922
854.4922
869.1406
869.1406
932.6172
932.6172
952.1484
952.1484
913.0859
913.0859
883.7891
883.7891
878.9062
878.9062
927.7344
927.7344
942.3828
942.3828
864.2578
864.2578
732.4219
732.4219
629.8828
629.8828
551.7578
551.7578
424.8047
424.8047
268.5547
268.5547
156.2500
156.2500
102.5391
102.5391
141.6016
141.6016
170.8984
170.8984
141.6016
141.6016
73.2422
73.2422
34.1797
34.1797
39.0625
39.0625
0.0000
0.0000
0.0000
0.0000
0.0000
0.0000
0.0000
0.0000
0.0000
0.0000
9.7656
9.7656
29.2969
29.2969
4.8828
4.8828
0.0000
0.0000
29.2969
29.2969
0.0000
0.0000
0.0000
0.0000
0.0000
0.0000
0.0000
0.0000
0.0000
0.0000
0.0000
0.0000
0.0000
0.0000
0.0000
0.0000
0.0000
0.0000
0.0000
0.0000
0.0000
0.0000
0.0000
0.0000
0.0000
0.0000
0.0000
0.0000
0.0000
0.0000
0.0000
0.0000
0.0000
0.0000
0.0000
0.0000
0.0000
0.0000
0.0000
0.0000
0.0000
0.0000
0.0000
0.0000
0.0000
0.0000
0.0000
0.0000
0.0000
0.0000
0.0000
0.0000
0.0000
0.0000
0.0000
0.0000
0.0000
0.0000
0.0000
0.0000
0.0000
0.0000
0.0000
0.0000
0.0000
0.0000
0.0000
0.0000
0.0000
0.0000
0.0000
0.0000
0.0000
0.0000
0.0000
0.0000
0.0000
0.0000
0.0000
0.0000
0.0000
0.0000
0.0000
0.0000
0.0000
0.0000
0.0000
0.0000
87.8906
87.8906
146.4844
146.4844
156.2500
156.2500
185.5469
185.5469
278.3203
278.3203
336.9141
336.9141
341.7969
341.7969
351.5625
351.5625
405.2734
405.2734
512.6953
512.6953
610.3516
610.3516
644.5312
644.5312
620.1172
620.1172
620.1172
620.1172
654.2969
654.2969
649.4141
649.4141
600.5859
600.5859
576.1719
576.1719
605.4687
605.4687
712.8906
712.8906
805.6641
805.6641
820.3125
820.3125
781.2500
781.2500
761.7187
761.7187
766.6016
766.6016
712.8906
712.8906
620.1172
620.1172
566.4062
566.4062
571.2891
571.2891
659.1797
659.1797
742.1875
742.1875
756.8359
756.8359
732.4219
732.4219
751.9531
751.9531
820.3125
820.3125
849.6094
849.6094
849.6094
849.6094
878.9062
878.9062
957.0312
957.0312
1098.6328
1098.6328
1215.8203
1215.8203
1240.2344
1240.2344
1196.2891
1196.2891
1152.3437
1152.3437
1113.2812
1113.2812
991.2109
991.2109
815.4297
815.4297
659.1797
659.1797
537.1094
537.1094
483.3984
483.3984
405.2734
405.2734
263.6719
263.6719
87.8906
87.8906
0.0000
0.0000
0.0000
0.0000
0.0000
0.0000
0.0000
0.0000
0.0000
0.0000
0.0000
0.0000
0.0000
0.0000
0.0000
0.0000
0.0000
0.0000
0.0000
0.0000
0.0000
0.0000
0.0000
0.0000
0.0000
0.0000
0.0000
0.0000
0.0000
0.0000
0.0000
0.0000
0.0000
0.0000
0.0000
0.0000
0.0000
0.0000
0.0000
0.0000
0.0000
0.0000
0.0000
0.0000
0.0000
0.0000
0.0000
0.0000
0.0000
0.0000
0.0000
0.0000
0.0000
0.0000
0.0000
0.0000
0.0000
0.0000
0.0000
0.0000
0.0000
0.0000
0.0000
0.0000
0.0000
0.0000
0.0000
0.0000
0.0000
0.0000
0.0000
0.0000
0.0000
0.0000
0.0000
0.0000
0.0000
0.0000
0.0000
0.0000
0.0000
0.0000
0.0000
0.0000
0.0000
0.0000
0.0000
0.0000
0.0000
0.0000
0.0000
0.0000
0.0000
0.0000
0.0000
0.0000
0.0000
0.0000
0.0000
0.0000
0.0000
0.0000
0.0000
0.0000
0.0000
0.0000
0.0000
0.0000
34.1797
34.1797
151.3672
151.3672
244.1406
244.1406
268.5547
268.5547
253.9062
253.9062
263.6719
263.6719
297.8516
297.8516
273.4375
273.4375
219.7266
219.7266
200.1953
200.1953
239.2578
239.2578
351.5625
351.5625
424.8047
424.8047
415.0391
415.0391
385.7422
385.7422
395.5078
395.5078
415.0391
415.0391
371.0937
371.0937
302.7344
302.7344
273.4375
273.4375
297.8516
297.8516
371.0937
371.0937
400.3906
400.3906
356.4453
356.4453
317.3828
317.3828
327.1484
327.1484
327.1484
327.1484
273.4375
273.4375
214.8437
214.8437
205.0781
205.0781
268.5547
268.5547
366.2109
366.2109
415.0391
415.0391
400.3906
400.3906
400.3906
400.3906
449.2187
449.2187
473.6328
473.6328
454.1016
454.1016
434.5703
434.5703
463.8672
463.8672
556.6406
556.6406
678.7109
678.7109
742.1875
742.1875
756.8359
756.8359
791.0156
791.0156
883.7891
883.7891
952.1484
952.1484
971.6797
971.6797
981.4453
981.4453
1025.3906
1025.3906
1113.2812
1113.2812
1196.2891
1196.2891
1206.0547
1206.0547
1137.6953
1137.6953
1074.2187
1074.2187
1044.9219
1044.9219
966.7969
966.7969
854.4922
854.4922
742.1875
742.1875
683.5937
683.5937
688.4766
688.4766
708.0078
708.0078
668.9453
668.9453
571.2891
571.2891
483.3984
483.3984
439.4531
439.4531
351.5625
351.5625
219.7266
219.7266
102.5391
102.5391
34.1797
34.1797
34.1797
34.1797
58.5937
58.5937
34.1797
34.1797
0.0000
0.0000
0.0000
0.0000
0.0000
0.0000
0.0000
0.0000
0.0000
0.0000
0.0000
0.0000
0.0000
0.0000
0.0000
0.0000
0.0000
0.0000
0.0000
0.0000
0.0000
0.0000
0.0000
0.0000
0.0000
0.0000
0.0000
0.0000
0.0000
0.0000
0.0000
0.0000
0.0000
0.0000
0.0000
0.0000
0.0000
0.0000
0.0000
0.0000
0.0000
0.0000
0.0000
0.0000
0.0000
0.0000
0.0000
0.0000
0.0000
0.0000
0.0000
0.0000
0.0000
0.0000
0.0000
0.0000
0.0000
0.0000
0.0000
0.0000
0.0000
0.0000
0.0000
0.0000
0.0000
0.0000
0.0000
0.0000
0.0000
0.0000
0.0000
0.0000
0.0000
0.0000
0.0000
0.0000
0.0000
0.0000
0.0000
0.0000
0.0000
0.0000
0.0000
0.0000
24.4141
24.4141
9.7656
9.7656
0.0000
0.0000
0.0000
0.0000
53.7109
53.7109
141.6016
141.6016
175.7812
126.9531
126.9531
87.8906
87.8906
83.0078
83.0078
53.7109
53.7109
0.0000
0.0000
0.0000
0.0000
0.0000
0.0000
0.0000
0.0000
4.8828
4.8828
34.1797
34.1797
9.7656
9.7656
14.6484
14.6484
73.2422
73.2422
92.7734
92.7734
73.2422
73.2422
73.2422
73.2422
122.0703
122.0703
249.0234
249.0234
371.0937
371.0937
439.4531
439.4531
449.2187
449.2187
483.3984
483.3984
556.6406
556.6406
576.1719
576.1719
556.6406
556.6406
551.7578
551.7578
595.7031
595.7031
712.8906
712.8906
825.1953
825.1953
869.1406
869.1406
878.9062
878.9062
927.7344
927.7344
1010.7422
1010.7422
1040.0391
1040.0391
1030.2734
1030.2734
1049.8047
1049.8047
1108.3984
1108.3984
1230.4687
1230.4687
1333.0078
1333.0078
1372.0703
1372.0703
1391.6016
1391.6016
1445.3125
1445.3125
1538.0859
1538.0859
1577.1484
1577.1484
1557.6172
1557.6172
1557.6172
1557.6172
1586.9141
1586.9141
1655.2734
1655.2734
1689.4531
1689.4531
1630.8594
1630.8594
1508.7891
1508.7891
1401.3672
1401.3672
1323.2422
1323.2422
1191.4062
1191.4062
1025.3906
1025.3906
888.6719
888.6719
800.7812
800.7812
781.2500
781.2500
747.0703
747.0703
644.5312
644.5312
488.2812
488.2812
356.4453
356.4453
253.9062
253.9062
102.5391
102.5391
0.0000
0.0000
0.0000
0.0000
0.0000
0.0000
0.0000
0.0000
0.0000
0.0000
0.0000
0.0000
0.0000
0.0000
0.0000
0.0000
0.0000
0.0000
0.0000
0.0000
0.0000
0.0000
0.0000
0.0000
0.0000
0.0000
0.0000
0.0000
0.0000
0.0000
0.0000
0.0000
0.0000
0.0000
0.0000
0.0000
0.0000
0.0000
0.0000
0.0000
0.0000
0.0000
0.0000
0.0000
0.0000
0.0000
0.0000
0.0000
0.0000
0.0000
0.0000
0.0000
0.0000
0.0000
0.0000
0.0000
0.0000
0.0000
0.0000
0.0000
0.0000
0.0000
0.0000
0.0000
0.0000
0.0000
0.0000
0.0000
0.0000
0.0000
0.0000
0.0000
0.0000
0.0000
0.0000
0.0000
0.0000
0.0000
0.0000
0.0000
0.0000
0.0000
0.0000
0.0000
0.0000
0.0000
0.0000
0.0000
0.0000
0.0000
0.0000
0.0000
0.0000
0.0000
0.0000
0.0000
0.0000
0.0000
0.0000
0.0000
0.0000
0.0000
0.0000
0.0000
0.0000
0.0000
0.0000
0.0000
0.0000
0.0000
0.0000
0.0000
0.0000
0.0000
0.0000
0.0000
0.0000
0.0000
0.0000
0.0000
0.0000
0.0000
0.0000
0.0000
0.0000
0.0000
14.6484
14.6484
58.5937
58.5937
63.4766
63.4766
97.6562
97.6562
161.1328
161.1328
175.7812
175.7812
151.3672
151.3672
166.0156
166.0156
239.2578
239.2578
380.8594
380.8594
507.8125
507.8125
561.5234
561.5234
585.9375
585.9375
644.5312
644.5312
717.7734
717.7734
722.6562
722.6562
688.4766
688.4766
693.3594
693.3594
751.9531
751.9531
864.2578
864.2578
937.5000
937.5000
937.5000
937.5000
922.8516
922.8516
947.2656
947.2656
971.6797
971.6797
947.2656
947.2656
913.0859
913.0859
927.7344
927.7344
1000.9766
1000.9766
1113.2812
1113.2812
1176.7578
1176.7578
1152.3437
1152.3437
1118.1641
1118.1641
1113.2812
1113.2812
1083.9844
1083.9844
986.3281
986.3281
859.3750
859.3750
766.6016
766.6016
727.5391
727.5391
727.5391
727.5391
678.7109
678.7109
566.4062
566.4062
463.8672
463.8672
405.2734
405.2734
332.0312
332.0312
195.3125
195.3125
43.9453
43.9453
0.0000
0.0000
0.0000
0.0000
0.0000
0.0000
0.0000
0.0000
0.0000
0.0000
0.0000
0.0000
0.0000
0.0000
0.0000
0.0000
0.0000
0.0000
0.0000
0.0000
0.0000
0.0000
0.0000
0.0000
0.0000
0.0000
0.0000
0.0000
0.0000
0.0000
0.0000
0.0000
0.0000
0.0000
0.0000
0.0000
0.0000
0.0000
0.0000
0.0000
0.0000
0.0000
0.0000
0.0000
0.0000
0.0000
0.0000
0.0000
0.0000
0.0000
0.0000
0.0000
0.0000
0.0000
0.0000
0.0000
0.0000
0.0000
0.0000
0.0000
0.0000
0.0000
0.0000
0.0000
0.0000
0.0000
0.0000
0.0000
0.0000
0.0000
0.0000
0.0000
0.0000
0.0000
0.0000
0.0000
0.0000
0.0000
0.0000
0.0000
0.0000
0.0000
0.0000
0.0000
0.0000
0.0000
0.0000
0.0000
0.0000
0.0000
0.0000
0.0000
0.0000
0.0000
0.0000
0.0000
0.0000
0.0000
0.0000
0.0000
0.0000
0.0000
0.0000
0.0000
0.0000
0.0000
0.0000
0.0000
0.0000
0.0000
0.0000
0.0000
0.0000
0.0000
0.0000
0.0000
0.0000
0.0000
0.0000
0.0000
0.0000
0.0000
87.8906
87.8906
175.7812
175.7812
185.5469
185.5469
200.1953
200.1953
263.6719
263.6719
322.2656
322.2656
322.2656
322.2656
312.5000
312.5000
356.4453
356.4453
463.8672
463.8672
600.5859
600.5859
688.4766
688.4766
708.0078
708.0078
727.5391
727.5391
791.0156
791.0156
820.3125
820.3125
805.6641
805.6641
791.0156
791.0156
820.3125
820.3125
913.0859
913.0859
1015.6250
1015.6250
1069.3359
1069.3359
1049.8047
1049.8047
1049.8047
1049.8047
1083.9844
1083.9844
1074.2187
1074.2187
1015.6250
1015.6250
961.9141
961.9141
957.0312
957.0312
1015.6250
1015.6250
1083.9844
1083.9844
1093.7500
1093.7500
1044.9219
1044.9219
1010.7422
1010.7422
1030.2734
1030.2734
1020.5078
1020.5078
981.4453
981.4453
976.5625
976.5625
1035.1562
1035.1562
1171.8750
1171.8750
1328.1250
1328.1250
1430.6641
1430.6641
1450.1953
1450.1953
1459.9609
1459.9609
1489.2578
1489.2578
1464.8437
1464.8437
1357.4219
1357.4219
1225.5859
1225.5859
1118.1641
1118.1641
1049.8047
1049.8047
986.3281
986.3281
854.4922
854.4922
659.1797
659.1797
478.5156
478.5156
341.7969
341.7969
170.8984
170.8984
0.0000
0.0000
0.0000
0.0000
0.0000
0.0000
0.0000
0.0000
0.0000
0.0000
0.0000
0.0000
0.0000
0.0000
0.0000
0.0000
0.0000
0.0000
0.0000
0.0000
0.0000
0.0000
0.0000
0.0000
0.0000
0.0000
0.0000
0.0000
0.0000
0.0000
0.0000
0.0000
0.0000
0.0000
0.0000
0.0000
0.0000
0.0000
0.0000
0.0000
0.0000
0.0000
0.0000
0.0000
0.0000
0.0000
0.0000
0.0000
0.0000
0.0000
0.0000
0.0000
0.0000
0.0000
0.0000
0.0000
0.0000
0.0000
0.0000
0.0000
0.0000
0.0000
0.0000
0.0000
0.0000
0.0000
0.0000
0.0000
0.0000
0.0000
0.0000
0.0000
0.0000
0.0000
0.0000
0.0000
0.0000
0.0000
0.0000
0.0000
0.0000
0.0000
0.0000
0.0000
0.0000
0.0000
0.0000
0.0000
0.0000
0.0000
0.0000
0.0000
0.0000
0.0000
0.0000
0.0000
0.0000
0.0000
0.0000
0.0000
0.0000
0.0000
0.0000
0.0000
0.0000
0.0000
0.0000
0.0000
4.8828
4.8828
34.1797
34.1797
63.4766
63.4766
151.3672
151.3672
229.4922
229.4922
244.1406
244.1406
244.1406
244.1406
273.4375
273.4375
361.3281
361.3281
468.7500
468.7500
512.6953
512.6953
483.3984
483.3984
463.8672
463.8672
493.1641
493.1641
493.1641
493.1641
444.3359
444.3359
405.2734
405.2734
415.0391
415.0391
502.9297
502.9297
605.4687
605.4687
654.2969
654.2969
649.4141
649.4141
664.0625
664.0625
717.7734
717.7734
727.5391
727.5391
673.8281
673.8281
629.8828
629.8828
615.2344
615.2344
664.0625
664.0625
712.8906
712.8906
708.0078
708.0078
659.1797
659.1797
639.6484
639.6484
678.7109
678.7109
693.3594
693.3594
673.8281
673.8281
678.7109
678.7109
732.4219
732.4219
859.3750
859.3750
986.3281
986.3281
1044.9219
1044.9219
1049.8047
1049.8047
1059.5703
1059.5703
1088.8672
1088.8672
1059.5703
1059.5703
961.9141
961.9141
864.2578
864.2578
805.6641
805.6641
815.4297
815.4297
825.1953
825.1953
786.1328
786.1328
698.2422
698.2422
639.6484
639.6484
629.8828
629.8828
571.2891
571.2891
463.8672
463.8672
375.9766
375.9766
332.0312
332.0312
356.4453
356.4453
385.7422
385.7422
346.6797
346.6797
249.0234
249.0234
170.8984
170.8984
131.8359
131.8359
43.9453
43.9453
0.0000
0.0000
0.0000
0.0000
0.0000
0.0000
0.0000
0.0000
0.0000
0.0000
0.0000
0.0000
0.0000
0.0000
0.0000
0.0000
0.0000
0.0000
0.0000
0.0000
0.0000
0.0000
0.0000
0.0000
0.0000
0.0000
0.0000
0.0000
0.0000
0.0000
0.0000
0.0000
0.0000
0.0000
0.0000
0.0000
0.0000
0.0000
0.0000
0.0000
0.0000
0.0000
0.0000
0.0000
0.0000
0.0000
0.0000
0.0000
0.0000
0.0000
0.0000
0.0000
0.0000
0.0000
0.0000
0.0000
0.0000
0.0000
0.0000
0.0000
0.0000
0.0000
0.0000
0.0000
0.0000
0.0000
0.0000
0.0000
0.0000
0.0000
4.8828
4.8828
14.6484
14.6484
48.8281
48.8281
97.6562
97.6562
87.8906
87.8906
43.9453
43.9453
43.9453
43.9453
107.4219
107.4219
249.0234
249.0234
371.0937
371.0937
419.9219
419.9219
468.7500
468.7500
556.6406
556.6406
654.2969
654.2969
688.4766
688.4766
668.9453
678.7109
678.7109
678.7109
737.3047
737.3047
839.8437
839.8437
898.4375
898.4375
883.7891
883.7891
864.2578
864.2578
898.4375
898.4375
937.5000
932.6172
932.6172
898.4375
898.4375
903.3203
903.3203
952.1484
952.1484
1054.6875
1054.6875
1127.9297
1127.9297
1132.8125
1132.8125
1132.8125
1132.8125
1186.5234
1186.5234
1264.6484
1264.6484
1279.2969
1279.2969
1240.2344
1240.2344
1235.3516
1235.3516
1264.6484
1264.6484
1328.1250
1328.1250
1333.0078
1333.0078
1235.3516
1235.3516
1093.7500
1093.7500
966.7969
966.7969
839.8437
839.8437
634.7656
634.7656
400.3906
400.3906
200.1953
200.1953
48.8281
48.8281
0.0000
0.0000
0.0000
0.0000
0.0000
0.0000
0.0000
0.0000
0.0000
0.0000
0.0000
0.0000
0.0000
0.0000
0.0000
0.0000
0.0000
0.0000
0.0000
0.0000
0.0000
0.0000
0.0000
0.0000
0.0000
0.0000
0.0000
0.0000
0.0000
0.0000
0.0000
0.0000
0.0000
0.0000
0.0000
0.0000
0.0000
0.0000
0.0000
0.0000
0.0000
0.0000
0.0000
0.0000
0.0000
0.0000
0.0000
0.0000
0.0000
0.0000
0.0000
0.0000
0.0000
0.0000
0.0000
0.0000
0.0000
0.0000
0.0000
0.0000
0.0000
0.0000
0.0000
0.0000
0.0000
0.0000
0.0000
0.0000
0.0000
0.0000
0.0000
0.0000
0.0000
0.0000
0.0000
0.0000
0.0000
0.0000
0.0000
0.0000
0.0000
0.0000
0.0000
0.0000
0.0000
0.0000
0.0000
0.0000
0.0000
0.0000
0.0000
0.0000
0.0000
0.0000
0.0000
0.0000
0.0000
0.0000
0.0000
0.0000
0.0000
0.0000
0.0000
0.0000
0.0000
0.0000
0.0000
0.0000
0.0000
0.0000
0.0000
0.0000
0.0000
0.0000
0.0000
0.0000
0.0000
0.0000
58.5937
58.5937
195.3125
195.3125
249.0234
249.0234
244.1406
244.1406
253.9062
253.9062
297.8516
297.8516
302.7344
302.7344
273.4375
273.4375
273.4375
273.4375
332.0312
332.0312
463.8672
463.8672
585.9375
585.9375
629.8828
629.8828
639.6484
639.6484
664.0625
664.0625
703.1250
703.1250
673.8281
673.8281
600.5859
600.5859
551.7578
551.7578
561.5234
561.5234
649.4141
649.4141
722.6562
722.6562
742.1875
742.1875
751.9531
751.9531
815.4297
815.4297
913.0859
913.0859
957.0312
957.0312
947.2656
947.2656
947.2656
947.2656
966.7969
966.7969
1010.7422
1010.7422
996.0937
996.0937
888.6719
888.6719
742.1875
742.1875
634.7656
634.7656
546.8750
546.8750
410.1562
410.1562
253.9062
253.9062
156.2500
156.2500
122.0703
122.0703
141.6016
141.6016
122.0703
122.0703
19.5312
19.5312
0.0000
0.0000
0.0000
0.0000
0.0000
0.0000
0.0000
0.0000
0.0000
0.0000
0.0000
0.0000
0.0000
0.0000
0.0000
0.0000
0.0000
0.0000
0.0000
0.0000
0.0000
0.0000
0.0000
0.0000
0.0000
0.0000
0.0000
0.0000
0.0000
0.0000
0.0000
0.0000
0.0000
0.0000
0.0000
0.0000
0.0000
0.0000
0.0000
0.0000
0.0000
0.0000
0.0000
0.0000
0.0000
0.0000
0.0000
0.0000
0.0000
0.0000
0.0000
0.0000
0.0000
0.0000
0.0000
0.0000
0.0000
0.0000
0.0000
0.0000
0.0000
0.0000
0.0000
0.0000
0.0000
0.0000
0.0000
0.0000
0.0000
0.0000
0.0000
0.0000
0.0000
0.0000
0.0000
0.0000
0.0000
0.0000
0.0000
0.0000
0.0000
0.0000
0.0000
0.0000
0.0000
0.0000
0.0000
0.0000
0.0000
0.0000
0.0000
0.0000
0.0000
0.0000
0.0000
0.0000
0.0000
0.0000
0.0000
0.0000
0.0000
0.0000
0.0000
0.0000
0.0000
0.0000
0.0000
0.0000
0.0000
0.0000
0.0000
0.0000
126.9531
126.9531
224.6094
224.6094
249.0234
249.0234
234.3750
234.3750
249.0234
249.0234
283.2031
283.2031
268.5547
268.5547
219.7266
219.7266
209.9609
209.9609
258.7891
258.7891
375.9766
375.9766
478.5156
478.5156
517.5781
517.5781
546.8750
546.8750
625.0000
625.0000
727.5391
727.5391
766.6016
766.6016
771.4844
771.4844
800.7812
800.7812
864.2578
864.2578
971.6797
971.6797
1040.0391
1040.0391
1035.1562
1035.1562
1020.5078
1020.5078
1054.6875
1054.6875
1113.2812
1113.2812
1123.0469
1123.0469
1103.5156
1103.5156
1127.9297
1127.9297
1191.4062
1191.4062
1293.9453
1293.9453
1342.7734
1342.7734
1284.1797
1284.1797
1181.6406
1181.6406
1088.8672
1088.8672
996.0937
996.0937
839.8437
839.8437
654.2969
654.2969
507.8125
507.8125
424.8047
424.8047
415.0391
415.0391
375.9766
375.9766
278.3203
278.3203
170.8984
170.8984
107.4219
107.4219
53.7109
53.7109
0.0000
0.0000
0.0000
0.0000
0.0000
0.0000
0.0000
0.0000
0.0000
0.0000
0.0000
0.0000
0.0000
0.0000
0.0000
0.0000
0.0000
0.0000
0.0000
0.0000
0.0000
0.0000
0.0000
0.0000
0.0000
0.0000
0.0000
0.0000
0.0000
0.0000
0.0000
0.0000
0.0000
0.0000
0.0000
0.0000
0.0000
0.0000
0.0000
0.0000
0.0000
0.0000
0.0000
0.0000
0.0000
0.0000
0.0000
0.0000
0.0000
0.0000
0.0000
0.0000
0.0000
0.0000
0.0000
0.0000
0.0000
0.0000
0.0000
0.0000
0.0000
0.0000
0.0000
0.0000
0.0000
0.0000
0.0000
0.0000
0.0000
0.0000
0.0000
0.0000
0.0000
0.0000
0.0000
0.0000
0.0000
0.0000
0.0000
0.0000
0.0000
0.0000
0.0000
0.0000
0.0000
0.0000
0.0000
0.0000
0.0000
0.0000
0.0000
0.0000
0.0000
0.0000
0.0000
0.0000
0.0000
0.0000
0.0000
0.0000
0.0000
0.0000
0.0000
0.0000
0.0000
0.0000
0.0000
0.0000
102.5391
102.5391
146.4844
146.4844
141.6016
141.6016
175.7812
175.7812
244.1406
244.1406
273.4375
273.4375
263.6719
263.6719
288.0859
288.0859
366.2109
366.2109
517.5781
517.5781
664.0625
664.0625
742.1875
742.1875
766.6016
766.6016
815.4297
815.4297
893.5547
893.5547
908.2031
908.2031
874.0234
874.0234
859.3750
859.3750
893.5547
893.5547
991.2109
991.2109
1069.3359
1069.3359
1079.1016
1079.1016
1064.4531
1064.4531
1079.1016
1079.1016
1123.0469
1123.0469
1108.3984
1108.3984
1044.9219
1044.9219
1015.6250
1015.6250
1040.0391
1040.0391
1137.6953
1137.6953
1215.8203
1215.8203
1215.8203
1215.8203
1166.9922
1166.9922
1152.3437
1152.3437
1166.9922
1166.9922
1118.1641
1118.1641
1005.8594
1005.8594
898.4375
898.4375
820.3125
820.3125
781.2500
781.2500
693.3594
693.3594
517.5781
517.5781
288.0859
288.0859
73.2422
73.2422
0.0000
0.0000
0.0000
0.0000
0.0000
0.0000
0.0000
0.0000
0.0000
0.0000
0.0000
0.0000
0.0000
0.0000
0.0000
0.0000
0.0000
0.0000
0.0000
0.0000
0.0000
0.0000
0.0000
0.0000
0.0000
0.0000
0.0000
0.0000
0.0000
0.0000
0.0000
0.0000
0.0000
0.0000
0.0000
0.0000
0.0000
0.0000
0.0000
0.0000
0.0000
0.0000
0.0000
0.0000
0.0000
0.0000
0.0000
0.0000
0.0000
0.0000
0.0000
0.0000
0.0000
0.0000
0.0000
0.0000
0.0000
0.0000
0.0000
0.0000
0.0000
0.0000
0.0000
0.0000
0.0000
0.0000
0.0000
0.0000
0.0000
0.0000
0.0000
0.0000
0.0000
0.0000
0.0000
0.0000
0.0000
0.0000
0.0000
0.0000
0.0000
0.0000
0.0000
0.0000
0.0000
0.0000
0.0000
0.0000
0.0000
0.0000
92.7734
92.7734
131.8359
131.8359
87.8906
87.8906
39.0625
39.0625
29.2969
29.2969
0.0000
0.0000
0.0000
0.0000
0.0000
0.0000
0.0000
0.0000
0.0000
0.0000
0.0000
0.0000
0.0000
0.0000
0.0000
0.0000
0.0000
0.0000
0.0000
0.0000
0.0000
0.0000
0.0000
0.0000
0.0000
0.0000
0.0000
0.0000
0.0000
0.0000
0.0000
0.0000
0.0000
0.0000
0.0000
0.0000
0.0000
0.0000
0.0000
0.0000
0.0000
0.0000
0.0000
0.0000
0.0000
0.0000
0.0000
0.0000
0.0000
0.0000
68.3594
68.3594
107.4219
107.4219
107.4219
107.4219
151.3672
151.3672
239.2578
239.2578
268.5547
268.5547
253.9062
253.9062
278.3203
278.3203
351.5625
351.5625
498.0469
498.0469
610.3516
610.3516
654.2969
654.2969
664.0625
664.0625
708.0078
708.0078
766.6016
766.6016
766.6016
766.6016
717.7734
717.7734
703.1250
703.1250
732.4219
732.4219
815.4297
815.4297
874.0234
874.0234
854.4922
854.4922
825.1953
825.1953
834.9609
834.9609
864.2578
864.2578
839.8437
839.8437
791.0156
791.0156
791.0156
791.0156
854.4922
854.4922
991.2109
991.2109
1093.7500
1093.7500
1108.3984
1108.3984
1103.5156
1103.5156
1127.9297
1127.9297
1162.1094
1162.1094
1132.8125
1132.8125
1064.4531
1064.4531
1035.1562
1035.1562
1049.8047
1049.8047
1123.0469
1123.0469
1176.7578
1176.7578
1157.2266
1157.2266
1127.9297
1127.9297
1123.0469
1123.0469
1142.5781
1142.5781
1098.6328
1098.6328
1010.7422
1010.7422
942.3828
942.3828
908.2031
908.2031
927.7344
917.9687
917.9687
917.9687
834.9609
834.9609
717.7734
717.7734
639.6484
639.6484
585.9375
585.9375
478.5156
478.5156
341.7969
341.7969
234.3750
234.3750
166.0156
166.0156
166.0156
146.4844
146.4844
146.4844
58.5937
58.5937
0.0000
0.0000
0.0000
0.0000
0.0000
0.0000
0.0000
0.0000
0.0000
0.0000
0.0000
0.0000
0.0000
0.0000
0.0000
0.0000
0.0000
0.0000
0.0000
0.0000
0.0000
0.0000
0.0000
0.0000
0.0000
0.0000
0.0000
0.0000
0.0000
0.0000
0.0000
0.0000
0.0000
0.0000
0.0000
0.0000
0.0000
0.0000
0.0000
0.0000
0.0000
0.0000
0.0000
0.0000
0.0000
0.0000
0.0000
0.0000
0.0000
0.0000
0.0000
0.0000
0.0000
0.0000
0.0000
0.0000
0.0000
0.0000
0.0000
0.0000
0.0000
0.0000
0.0000
0.0000
0.0000
0.0000
0.0000
0.0000
0.0000
0.0000
0.0000
0.0000
0.0000
0.0000
0.0000
0.0000
0.0000
0.0000
0.0000
0.0000
0.0000
0.0000
0.0000
0.0000
0.0000
0.0000
0.0000
0.0000
0.0000
0.0000
0.0000
0.0000
0.0000
117.1875
117.1875
249.0234
249.0234
307.6172
307.6172
380.8594
380.8594
502.9297
502.9297
605.4687
605.4687
649.4141
649.4141
693.3594
693.3594
771.4844
771.4844
903.3203
903.3203
1035.1562
1035.1562
1093.7500
1093.7500
1074.2187
1074.2187
1069.3359
1069.3359
1098.6328
1098.6328
1079.1016
1079.1016
1015.6250
1015.6250
961.9141
961.9141
952.1484
952.1484
1030.2734
1030.2734
1147.4609
1147.4609
1259.7656
1259.7656
1333.0078
1333.0078
1391.6016
1391.6016
1430.6641
1430.6641
1357.4219
1357.4219
1171.8750
1171.8750
932.6172
932.6172
693.3594
693.3594
488.2812
488.2812
253.9062
253.9062
0.0000
0.0000
0.0000
0.0000
0.0000
0.0000
0.0000
0.0000
0.0000
0.0000
0.0000
0.0000
0.0000
0.0000
0.0000
0.0000
0.0000
0.0000
0.0000
0.0000
0.0000
0.0000
0.0000
0.0000
0.0000
0.0000
0.0000
0.0000
0.0000
0.0000
0.0000
0.0000
0.0000
0.0000
0.0000
0.0000
0.0000
0.0000
0.0000
0.0000
0.0000
0.0000
0.0000
0.0000
0.0000
0.0000
0.0000
0.0000
0.0000
0.0000
0.0000
0.0000
0.0000
0.0000
0.0000
0.0000
0.0000
0.0000
0.0000
0.0000
0.0000
0.0000
0.0000
0.0000
0.0000
0.0000
24.4141
24.4141
68.3594
68.3594
78.1250
78.1250
117.1875
117.1875
195.3125
195.3125
302.7344
302.7344
351.5625
351.5625
302.7344
302.7344
224.6094
224.6094
180.6641
180.6641
146.4844
146.4844
73.2422
73.2422
0.0000
0.0000
0.0000
0.0000
14.6484
14.6484
112.3047
112.3047
166.0156
166.0156
146.4844
146.4844
117.1875
117.1875
126.9531
126.9531
126.9531
126.9531
68.3594
68.3594
0.0000
0.0000
0.0000
0.0000
19.5312
19.5312
122.0703
122.0703
190.4297
190.4297
195.3125
195.3125
209.9609
209.9609
283.2031
283.2031
341.7969
341.7969
346.6797
346.6797
341.7969
341.7969
380.8594
380.8594
478.5156
478.5156
610.3516
610.3516
683.5937
683.5937
678.7109
678.7109
683.5937
683.5937
727.5391
727.5391
766.6016
766.6016
751.9531
751.9531
737.3047
737.3047
766.6016
766.6016
864.2578
864.2578
991.2109
991.2109
1074.2187
1074.2187
1079.1016
1079.1016
1079.1016
1079.1016
1118.1641
1118.1641
1147.4609
1147.4609
1113.2812
1113.2812
1069.3359
1069.3359
1064.4531
1064.4531
1127.9297
1127.9297
1240.2344
1240.2344
1323.2422
1323.2422
1337.8906
1337.8906
1352.5391
1352.5391
1411.1328
1411.1328
1455.0781
1455.0781
1420.8984
1420.8984
1333.0078
1333.0078
1259.7656
1259.7656
1206.0547
1206.0547
1176.7578
1176.7578
1074.2187
1074.2187
883.7891
883.7891
693.3594
693.3594
551.7578
551.7578
419.9219
419.9219
249.0234
249.0234
73.2422
73.2422
0.0000
0.0000
0.0000
0.0000
0.0000
0.0000
0.0000
0.0000
0.0000
0.0000
0.0000
0.0000
0.0000
0.0000
0.0000
0.0000
0.0000
0.0000
0.0000
0.0000
0.0000
0.0000
0.0000
0.0000
0.0000
0.0000
0.0000
0.0000
0.0000
0.0000
0.0000
0.0000
0.0000
0.0000
0.0000
0.0000
0.0000
0.0000
0.0000
0.0000
0.0000
0.0000
0.0000
0.0000
0.0000
0.0000
0.0000
0.0000
0.0000
0.0000
0.0000
0.0000
0.0000
0.0000
0.0000
0.0000
0.0000
0.0000
0.0000
0.0000
0.0000
0.0000
0.0000
0.0000
0.0000
0.0000
0.0000
0.0000
0.0000
0.0000
0.0000
0.0000
0.0000
0.0000
0.0000
0.0000
0.0000
0.0000
0.0000
0.0000
0.0000
0.0000
0.0000
0.0000
0.0000
0.0000
0.0000
0.0000
0.0000
0.0000
0.0000
0.0000
0.0000
0.0000
0.0000
0.0000
0.0000
0.0000
0.0000
0.0000
0.0000
0.0000
0.0000
0.0000
0.0000
0.0000
0.0000
0.0000
0.0000
0.0000
0.0000
0.0000
0.0000
0.0000
0.0000
0.0000
0.0000
0.0000
0.0000
0.0000
0.0000
0.0000
0.0000
0.0000
0.0000
0.0000
0.0000
0.0000
0.0000
0.0000
0.0000
0.0000
0.0000
0.0000
0.0000
0.0000
0.0000
0.0000
0.0000
0.0000
0.0000
0.0000
39.0625
39.0625
102.5391
102.5391
107.4219
107.4219
131.8359
131.8359
209.9609
209.9609
263.6719
263.6719
273.4375
273.4375
263.6719
263.6719
292.9687
292.9687
385.7422
385.7422
488.2812
488.2812
527.3437
527.3437
498.0469
498.0469
483.3984
483.3984
512.6953
512.6953
493.1641
493.1641
439.4531
439.4531
405.2734
405.2734
429.6875
429.6875
527.3437
527.3437
615.2344
615.2344
644.5312
644.5312
615.2344
615.2344
605.4687
605.4687
639.6484
639.6484
625.0000
625.0000
576.1719
576.1719
551.7578
551.7578
576.1719
576.1719
668.9453
668.9453
766.6016
766.6016
791.0156
791.0156
761.7187
761.7187
751.9531
751.9531
766.6016
766.6016
712.8906
712.8906
615.2344
615.2344
527.3437
527.3437
493.1641
493.1641
527.3437
527.3437
546.8750
546.8750
502.9297
502.9297
429.6875
429.6875
385.7422
385.7422
380.8594
380.8594
327.1484
327.1484
229.4922
229.4922
156.2500
156.2500
131.8359
131.8359
170.8984
170.8984
190.4297
190.4297
141.6016
141.6016
53.7109
53.7109
9.7656
9.7656
0.0000
0.0000
0.0000
0.0000
0.0000
0.0000
0.0000
0.0000
0.0000
0.0000
0.0000
0.0000
0.0000
0.0000
0.0000
0.0000
0.0000
0.0000
0.0000
0.0000
0.0000
0.0000
0.0000
0.0000
0.0000
0.0000
0.0000
0.0000
0.0000
0.0000
0.0000
0.0000
0.0000
0.0000
0.0000
0.0000
0.0000
0.0000
0.0000
0.0000
0.0000
0.0000
0.0000
0.0000
0.0000
0.0000
0.0000
0.0000
0.0000
0.0000
0.0000
0.0000
0.0000
0.0000
0.0000
0.0000
0.0000
0.0000
0.0000
0.0000
0.0000
0.0000
0.0000
0.0000
0.0000
0.0000
0.0000
0.0000
0.0000
0.0000
0.0000
0.0000
0.0000
0.0000
0.0000
0.0000
0.0000
0.0000
0.0000
0.0000
0.0000
0.0000
0.0000
0.0000
0.0000
0.0000
0.0000
0.0000
0.0000
0.0000
0.0000
0.0000
0.0000
0.0000
0.0000
0.0000
19.5312
19.5312
83.0078
83.0078
83.0078
83.0078
34.1797
34.1797
19.5312
19.5312
58.5937
58.5937
180.6641
180.6641
283.2031
283.2031
317.3828
317.3828
322.2656
322.2656
361.3281
361.3281
434.5703
434.5703
454.1016
454.1016
429.6875
429.6875
444.3359
444.3359
502.9297
502.9297
625.0000
625.0000
712.8906
712.8906
722.6562
722.6562
708.0078
708.0078
727.5391
727.5391
771.4844
771.4844
751.9531
751.9531
698.2422
698.2422
683.5937
683.5937
717.7734
717.7734
800.7812
800.7812
854.4922
854.4922
825.1953
825.1953
781.2500
781.2500
781.2500
781.2500
786.1328
786.1328
732.4219
732.4219
649.4141
649.4141
615.2344
615.2344
634.7656
634.7656
708.0078
708.0078
751.9531
751.9531
727.5391
727.5391
698.2422
698.2422
722.6562
722.6562
766.6016
766.6016
776.3672
776.3672
791.0156
791.0156
864.2578
864.2578
991.2109
991.2109
1166.9922
1166.9922
1293.9453
1293.9453
1318.3594
1318.3594
1298.8281
1298.8281
1284.1797
1284.1797
1254.8828
1254.8828
1147.4609
1147.4609
1000.9766
1000.9766
883.7891
883.7891
810.5469
810.5469
795.8984
795.8984
737.3047
737.3047
610.3516
610.3516
463.8672
463.8672
361.3281
361.3281
273.4375
273.4375
131.8359
131.8359
0.0000
0.0000
0.0000
0.0000
0.0000
0.0000
0.0000
0.0000
0.0000
0.0000
0.0000
0.0000
0.0000
0.0000
0.0000
0.0000
0.0000
0.0000
0.0000
0.0000
0.0000
0.0000
0.0000
0.0000
0.0000
0.0000
0.0000
0.0000
0.0000
0.0000
0.0000
0.0000
0.0000
0.0000
0.0000
0.0000
0.0000
0.0000
0.0000
0.0000
0.0000
0.0000
0.0000
0.0000
0.0000
0.0000
0.0000
0.0000
0.0000
0.0000
0.0000
0.0000
0.0000
0.0000
0.0000
0.0000
0.0000
0.0000
0.0000
0.0000
0.0000
0.0000
0.0000
0.0000
0.0000
0.0000
0.0000
0.0000
0.0000
0.0000
0.0000
0.0000
0.0000
0.0000
0.0000
0.0000
0.0000
0.0000
0.0000
0.0000
0.0000
0.0000
0.0000
0.0000
0.0000
0.0000
0.0000
0.0000
0.0000
0.0000
0.0000
0.0000
0.0000
0.0000
0.0000
0.0000
0.0000
0.0000
0.0000
0.0000
0.0000
0.0000
0.0000
0.0000
0.0000
0.0000
0.0000
0.0000
0.0000
0.0000
0.0000
0.0000
14.6484
58.5937
58.5937
58.5937
48.8281
48.8281
14.6484
14.6484
24.4141
24.4141
102.5391
214.8437
214.8437
288.0859
288.0859
283.2031
283.2031
292.9687
292.9687
346.6797
346.6797
366.2109
366.2109
322.2656
322.2656
278.3203
278.3203
273.4375
273.4375
332.0312
332.0312
405.2734
405.2734
419.9219
419.9219
375.9766
375.9766
361.3281
361.3281
390.6250
390.6250
371.0937
371.0937
312.5000
312.5000
278.3203
278.3203
297.8516
297.8516
390.6250
390.6250
473.6328
473.6328
493.1641
493.1641
483.3984
483.3984
507.8125
507.8125
571.2891
571.2891
595.7031
595.7031
590.8203
590.8203
634.7656
634.7656
732.4219
732.4219
903.3203
903.3203
1054.6875
1054.6875
1127.9297
1127.9297
1152.3437
1152.3437
1191.4062
1191.4062
1240.2344
1240.2344
1210.9375
1210.9375
1132.8125
1132.8125
1069.3359
1069.3359
1054.6875
1054.6875
1098.6328
1098.6328
1127.9297
1127.9297
1083.9844
1083.9844
1020.5078
1020.5078
996.0937
996.0937
986.3281
986.3281
903.3203
903.3203
771.4844
771.4844
659.1797
659.1797
581.0547
581.0547
551.7578
551.7578
483.3984
483.3984
346.6797
346.6797
195.3125
195.3125
102.5391
102.5391
29.2969
29.2969
0.0000
0.0000
0.0000
0.0000
0.0000
0.0000
0.0000
0.0000
0.0000
0.0000
0.0000
0.0000
0.0000
0.0000
0.0000
0.0000
0.0000
0.0000
0.0000
0.0000
0.0000
0.0000
0.0000
0.0000
0.0000
0.0000
0.0000
0.0000
0.0000
0.0000
0.0000
0.0000
0.0000
0.0000
0.0000
0.0000
0.0000
0.0000
0.0000
0.0000
0.0000
0.0000
0.0000
0.0000
0.0000
0.0000
0.0000
0.0000
0.0000
0.0000
0.0000
0.0000
0.0000
0.0000
0.0000
0.0000
0.0000
0.0000
0.0000
0.0000
0.0000
0.0000
0.0000
0.0000
0.0000
0.0000
0.0000
0.0000
0.0000
0.0000
0.0000
0.0000
0.0000
0.0000
0.0000
0.0000
9.7656
9.7656
87.8906
87.8906
102.5391
102.5391
107.4219
107.4219
156.2500
156.2500
263.6719
263.6719
366.2109
366.2109
400.3906
400.3906
375.9766
375.9766
371.0937
371.0937
395.5078
395.5078
375.9766
375.9766
307.6172
307.6172
268.5547
268.5547
273.4375
273.4375
351.5625
351.5625
405.2734
405.2734
385.7422
385.7422
336.9141
336.9141
327.1484
327.1484
351.5625
351.5625
317.3828
317.3828
244.1406
244.1406
205.0781
205.0781
214.8437
214.8437
288.0859
288.0859
336.9141
336.9141
317.3828
317.3828
288.0859
288.0859
302.7344
302.7344
341.7969
341.7969
322.2656
322.2656
278.3203
278.3203
278.3203
278.3203
332.0312
332.0312
454.1016
454.1016
541.9922
541.9922
556.6406
556.6406
566.4062
566.4062
620.1172
620.1172
683.5937
683.5937
693.3594
693.3594
673.8281
673.8281
698.2422
698.2422
776.3672
776.3672
913.0859
913.0859
1015.6250
1015.6250
1044.9219
1044.9219
1064.4531
1064.4531
1127.9297
1127.9297
1206.0547
1206.0547
1220.7031
1220.7031
1206.0547
1206.0547
1230.4687
1230.4687
1318.3594
1318.3594
1469.7266
1469.7266
1596.6797
1596.6797
1640.6250
1640.6250
1665.0391
1665.0391
1718.7500
1718.7500
1772.4609
1772.4609
1743.1641
1743.1641
1655.2734
1655.2734
1577.1484
1577.1484
1528.3203
1528.3203
1528.3203
1528.3203
1484.3750
1484.3750
1352.5391
1352.5391
1201.1719
1201.1719
1074.2187
1074.2187
971.6797
971.6797
820.3125
820.3125
634.7656
634.7656
483.3984
483.3984
371.0937
371.0937
317.3828
317.3828
229.4922
229.4922
63.4766
63.4766
0.0000
0.0000
0.0000
0.0000
0.0000
0.0000
0.0000
0.0000
0.0000
0.0000
0.0000
0.0000
0.0000
0.0000
0.0000
0.0000
0.0000
0.0000
0.0000
0.0000
0.0000
0.0000
0.0000
0.0000
0.0000
0.0000
0.0000
0.0000
0.0000
0.0000
0.0000
0.0000
0.0000
0.0000
0.0000
0.0000
0.0000
0.0000
0.0000
0.0000
0.0000
0.0000
0.0000
0.0000
0.0000
0.0000
0.0000
0.0000
0.0000
0.0000
0.0000
0.0000
0.0000
0.0000
0.0000
0.0000
0.0000
0.0000
0.0000
0.0000
0.0000
0.0000
0.0000
0.0000
0.0000
0.0000
0.0000
0.0000
0.0000
0.0000
0.0000
0.0000
0.0000
0.0000
0.0000
0.0000
0.0000
0.0000
0.0000
0.0000
0.0000
0.0000
0.0000
0.0000
0.0000
0.0000
0.0000
0.0000
0.0000
0.0000
0.0000
0.0000
0.0000
0.0000
0.0000
0.0000
0.0000
0.0000
0.0000
0.0000
0.0000
0.0000
0.0000
0.0000
0.0000
0.0000
0.0000
0.0000
0.0000
0.0000
0.0000
0.0000
0.0000
0.0000
0.0000
0.0000
0.0000
0.0000
0.0000
0.0000
0.0000
0.0000
0.0000
0.0000
0.0000
0.0000
0.0000
0.0000
0.0000
0.0000
0.0000
0.0000
83.0078
83.0078
161.1328
161.1328
166.0156
166.0156
170.8984
170.8984
224.6094
224.6094
263.6719
263.6719
253.9062
253.9062
229.4922
229.4922
249.0234
249.0234
336.9141
336.9141
458.9844
458.9844
527.3437
527.3437
537.1094
537.1094
556.6406
556.6406
629.8828
629.8828
673.8281
673.8281
673.8281
673.8281
673.8281
673.8281
712.8906
712.8906
810.5469
810.5469
927.7344
927.7344
991.2109
991.2109
1005.8594
1005.8594
1049.8047
1049.8047
1147.4609
1147.4609
1210.9375
1210.9375
1220.7031
1220.7031
1220.7031
1220.7031
1240.2344
1240.2344
1303.7109
1303.7109
1342.7734
1342.7734
1303.7109
1303.7109
1186.5234
1186.5234
1079.1016
1079.1016
1010.7422
1010.7422
893.5547
893.5547
737.3047
737.3047
595.7031
595.7031
502.9297
502.9297
478.5156
478.5156
449.2187
449.2187
361.3281
361.3281
229.4922
229.4922
126.9531
126.9531
73.2422
73.2422
0.0000
0.0000
0.0000
0.0000
0.0000
0.0000
0.0000
0.0000
0.0000
0.0000
0.0000
0.0000
0.0000
0.0000
0.0000
0.0000
0.0000
0.0000
0.0000
0.0000
0.0000
0.0000
0.0000
0.0000
0.0000
0.0000
0.0000
0.0000
0.0000
0.0000
0.0000
0.0000
0.0000
0.0000
0.0000
0.0000
0.0000
0.0000
0.0000
0.0000
0.0000
0.0000
0.0000
0.0000
0.0000
0.0000
0.0000
0.0000
0.0000
0.0000
0.0000
0.0000
0.0000
0.0000
0.0000
0.0000
0.0000
0.0000
0.0000
0.0000
0.0000
0.0000
0.0000
0.0000
0.0000
0.0000
0.0000
0.0000
0.0000
0.0000
0.0000
0.0000
0.0000
0.0000
0.0000
0.0000
0.0000
0.0000
0.0000
0.0000
0.0000
0.0000
0.0000
0.0000
0.0000
0.0000
0.0000
0.0000
0.0000
0.0000
0.0000
0.0000
0.0000
0.0000
0.0000
0.0000
0.0000
0.0000
0.0000
0.0000
0.0000
0.0000
0.0000
0.0000
0.0000
0.0000
0.0000
0.0000
126.9531
126.9531
209.9609
209.9609
214.8437
214.8437
229.4922
229.4922
297.8516
297.8516
327.1484
327.1484
307.6172
307.6172
297.8516
297.8516
332.0312
332.0312
439.4531
439.4531
571.2891
571.2891
659.1797
659.1797
688.4766
688.4766
742.1875
742.1875
844.7266
844.7266
913.0859
913.0859
927.7344
927.7344
957.0312
957.0312
1030.2734
1030.2734
1166.9922
1166.9922
1303.7109
1303.7109
1367.1875
1367.1875
1372.0703
1372.0703
1401.3672
1401.3672
1464.8437
1464.8437
1484.3750
1484.3750
1474.6094
1474.6094
1508.7891
1508.7891
1596.6797
1596.6797
1752.9297
1752.9297
1923.8281
1923.8281
2026.3672
2026.3672
2036.1328
2036.1328
2021.4844
2021.4844
2001.9531
2001.9531
1904.2969
1904.2969
1708.9844
1708.9844
1494.1406
1494.1406
1303.7109
1303.7109
1176.7578
1176.7578
1044.9219
1044.9219
859.3750
859.3750
625.0000
625.0000
424.8047
424.8047
263.6719
263.6719
58.5937
58.5937
0.0000
0.0000
0.0000
0.0000
0.0000
0.0000
0.0000
0.0000
0.0000
0.0000
0.0000
0.0000
0.0000
0.0000
0.0000
0.0000
0.0000
0.0000
0.0000
0.0000
0.0000
0.0000
0.0000
0.0000
0.0000
0.0000
0.0000
0.0000
0.0000
0.0000
0.0000
0.0000
0.0000
0.0000
0.0000
0.0000
0.0000
0.0000
0.0000
0.0000
0.0000
0.0000
0.0000
0.0000
0.0000
0.0000
0.0000
0.0000
0.0000
0.0000
0.0000
0.0000
0.0000
0.0000
0.0000
0.0000
0.0000
0.0000
0.0000
0.0000
0.0000
0.0000
0.0000
0.0000
0.0000
0.0000
0.0000
0.0000
0.0000
0.0000
0.0000
0.0000
0.0000
0.0000
0.0000
0.0000
0.0000
0.0000
0.0000
0.0000
0.0000
0.0000
0.0000
0.0000
0.0000
0.0000
0.0000
0.0000
0.0000
0.0000
0.0000
0.0000
0.0000
0.0000
0.0000
0.0000
0.0000
0.0000
0.0000
0.0000
0.0000
0.0000
0.0000
0.0000
0.0000
0.0000
0.0000
0.0000
0.0000
0.0000
0.0000
0.0000
0.0000
0.0000
0.0000
0.0000
0.0000
0.0000
0.0000
0.0000
0.0000
0.0000
0.0000
29.2969
29.2969
29.2969
112.3047
112.3047
131.8359
131.8359
102.5391
102.5391
107.4219
107.4219
161.1328
161.1328
166.0156
166.0156
126.9531
126.9531
122.0703
170.8984
170.8984
288.0859
288.0859
288.0859
395.5078
395.5078
444.3359
444.3359
458.9844
458.9844
512.6953
512.6953
595.7031
595.7031
625.0000
625.0000
605.4687
605.4687
620.1172
620.1172
673.8281
673.8281
795.8984
795.8984
874.0234
874.0234
874.0234
874.0234
849.6094
849.6094
864.2578
864.2578
888.6719
888.6719
854.4922
854.4922
786.1328
761.7187
761.7187
795.8984
795.8984
893.5547
893.5547
961.9141
961.9141
952.1484
952.1484
932.6172
932.6172
952.1484
952.1484
976.5625
976.5625
942.3828
942.3828
898.4375
898.4375
903.3203
903.3203
961.9141
961.9141
1064.4531
1064.4531
1113.2812
1113.2812
1074.2187
1074.2187
1005.8594
1005.8594
957.0312
957.0312
898.4375
898.4375
771.4844
771.4844
620.1172
620.1172
507.8125
507.8125
449.2187
449.2187
449.2187
449.2187
410.1562
410.1562
307.6172
307.6172
200.1953
200.1953
146.4844
146.4844
87.8906
87.8906
0.0000
0.0000
0.0000
0.0000
0.0000
0.0000
0.0000
0.0000
0.0000
0.0000
0.0000
0.0000
0.0000
0.0000
0.0000
0.0000
0.0000
0.0000
0.0000
0.0000
0.0000
0.0000
0.0000
0.0000
0.0000
0.0000
0.0000
0.0000
14.6484
14.6484
63.4766
63.4766
34.1797
34.1797
0.0000
0.0000
0.0000
0.0000
0.0000
0.0000
0.0000
0.0000
0.0000
0.0000
0.0000
0.0000
0.0000
0.0000
0.0000
0.0000
0.0000
0.0000
0.0000
0.0000
0.0000
0.0000
0.0000
0.0000
0.0000
0.0000
0.0000
0.0000
0.0000
0.0000
0.0000
0.0000
0.0000
0.0000
0.0000
0.0000
0.0000
0.0000
0.0000
0.0000
0.0000
0.0000
0.0000
0.0000
0.0000
0.0000
0.0000
0.0000
0.0000
0.0000
0.0000
0.0000
0.0000
0.0000
0.0000
0.0000
0.0000
0.0000
0.0000
0.0000
0.0000
0.0000
0.0000
0.0000
0.0000
0.0000
0.0000
0.0000
0.0000
0.0000
0.0000
0.0000
0.0000
0.0000
0.0000
0.0000
0.0000
0.0000
0.0000
0.0000
0.0000
0.0000
0.0000
0.0000
0.0000
0.0000
0.0000
0.0000
0.0000
0.0000
19.5312
19.5312
156.2500
156.2500
268.5547
268.5547
307.6172
307.6172
346.6797
346.6797
429.6875
429.6875
517.5781
517.5781
551.7578
551.7578
556.6406
556.6406
600.5859
600.5859
688.4766
688.4766
805.6641
805.6641
874.0234
874.0234
859.3750
859.3750
839.8437
839.8437
859.3750
859.3750
864.2578
864.2578
815.4297
815.4297
761.7187
761.7187
761.7187
761.7187
820.3125
820.3125
917.9687
917.9687
971.6797
971.6797
947.2656
947.2656
932.6172
932.6172
961.9141
961.9141
966.7969
966.7969
917.9687
917.9687
859.3750
859.3750
839.8437
839.8437
893.5547
893.5547
981.4453
981.4453
1044.9219
1044.9219
1049.8047
1049.8047
1069.3359
1069.3359
1137.6953
1137.6953
1201.1719
1201.1719
1201.1719
1201.1719
1171.8750
1171.8750
1166.9922
1166.9922
1196.2891
1196.2891
1250.0000
1250.0000
1220.7031
1220.7031
1098.6328
1098.6328
971.6797
971.6797
883.7891
883.7891
776.3672
776.3672
615.2344
615.2344
454.1016
454.1016
341.7969
341.7969
283.2031
283.2031
249.0234
249.0234
156.2500
156.2500
0.0000
0.0000
0.0000
0.0000
0.0000
0.0000
0.0000
0.0000
0.0000
0.0000
0.0000
0.0000
0.0000
0.0000
0.0000
0.0000
0.0000
0.0000
0.0000
0.0000
0.0000
0.0000
0.0000
0.0000
0.0000
0.0000
0.0000
0.0000
0.0000
0.0000
0.0000
0.0000
0.0000
0.0000
0.0000
0.0000
0.0000
0.0000
0.0000
0.0000
0.0000
0.0000
0.0000
0.0000
0.0000
0.0000
0.0000
0.0000
0.0000
0.0000
0.0000
0.0000
0.0000
0.0000
0.0000
0.0000
0.0000
0.0000
0.0000
0.0000
0.0000
0.0000
0.0000
0.0000
0.0000
0.0000
0.0000
0.0000
0.0000
0.0000
0.0000
0.0000
0.0000
0.0000
0.0000
0.0000
0.0000
0.0000
0.0000
0.0000
0.0000
0.0000
0.0000
0.0000
0.0000
0.0000
0.0000
0.0000
0.0000
0.0000
0.0000
0.0000
0.0000
0.0000
0.0000
0.0000
0.0000
0.0000
0.0000
0.0000
0.0000
0.0000
0.0000
0.0000
0.0000
0.0000
0.0000
0.0000
0.0000
0.0000
0.0000
0.0000
0.0000
0.0000
0.0000
0.0000
0.0000
0.0000
24.4141
24.4141
53.7109
53.7109
141.6016
141.6016
205.0781
205.0781
214.8437
214.8437
224.6094
224.6094
278.3203
278.3203
390.6250
390.6250
507.8125
507.8125
551.7578
551.7578
541.9922
541.9922
551.7578
551.7578
590.8203
590.8203
581.0547
581.0547
527.3437
527.3437
498.0469
498.0469
512.6953
512.6953
600.5859
600.5859
673.8281
673.8281
673.8281
673.8281
634.7656
634.7656
625.0000
625.0000
639.6484
639.6484
590.8203
590.8203
512.6953
512.6953
468.7500
468.7500
483.3984
483.3984
571.2891
571.2891
634.7656
634.7656
634.7656
634.7656
605.4687
605.4687
615.2344
615.2344
664.0625
664.0625
664.0625
664.0625
639.6484
639.6484
664.0625
664.0625
732.4219
732.4219
869.1406
869.1406
981.4453
981.4453
1010.7422
1010.7422
1010.7422
1010.7422
1030.2734
1030.2734
1054.6875
1054.6875
1010.7422
1010.7422
922.8516
922.8516
864.2578
864.2578
849.6094
849.6094
888.6719
888.6719
903.3203
903.3203
844.7266
844.7266
771.4844
771.4844
732.4219
732.4219
703.1250
703.1250
605.4687
605.4687
478.5156
478.5156
380.8594
380.8594
332.0312
332.0312
336.9141
336.9141
302.7344
302.7344
205.0781
205.0781
92.7734
92.7734
39.0625
39.0625
0.0000
0.0000
0.0000
0.0000
0.0000
0.0000
0.0000
0.0000
0.0000
0.0000
0.0000
0.0000
0.0000
0.0000
0.0000
0.0000
0.0000
0.0000
0.0000
0.0000
0.0000
0.0000
0.0000
0.0000
0.0000
0.0000
0.0000
0.0000
0.0000
0.0000
0.0000
0.0000
0.0000
0.0000
0.0000
0.0000
0.0000
0.0000
0.0000
0.0000
0.0000
0.0000
0.0000
0.0000
0.0000
0.0000
0.0000
0.0000
0.0000
0.0000
0.0000
0.0000
0.0000
0.0000
0.0000
0.0000
0.0000
0.0000
0.0000
0.0000
0.0000
0.0000
0.0000
0.0000
0.0000
0.0000
0.0000
0.0000
0.0000
0.0000
0.0000
0.0000
0.0000
0.0000
0.0000
0.0000
0.0000
0.0000
0.0000
0.0000
0.0000
0.0000
0.0000
0.0000
0.0000
0.0000
0.0000
0.0000
63.4766
63.4766
180.6641
180.6641
234.3750
234.3750
234.3750
234.3750
258.7891
258.7891
312.5000
312.5000
307.6172
307.6172
253.9062
253.9062
219.7266
219.7266
229.4922
229.4922
302.7344
302.7344
341.7969
341.7969
312.5000
312.5000
263.6719
263.6719
263.6719
263.6719
288.0859
288.0859
253.9062
253.9062
200.1953
200.1953
180.6641
180.6641
219.7266
219.7266
317.3828
317.3828
385.7422
385.7422
385.7422
385.7422
371.0937
371.0937
405.2734
405.2734
444.3359
444.3359
429.6875
429.6875
395.5078
395.5078
410.1562
410.1562
478.5156
478.5156
600.5859
600.5859
688.4766
688.4766
703.1250
703.1250
712.8906
712.8906
771.4844
771.4844
825.1953
825.1953
830.0781
830.0781
815.4297
815.4297
839.8437
839.8437
922.8516
922.8516
1044.9219
1044.9219
1127.9297
1127.9297
1132.8125
1132.8125
1142.5781
1142.5781
1186.5234
1186.5234
1240.2344
1240.2344
1254.8828
1254.8828
1254.8828
1254.8828
1318.3594
1318.3594
1445.3125
1445.3125
1611.3281
1611.3281
1743.1641
1743.1641
1772.4609
1772.4609
1772.4609
1772.4609
1787.1094
1787.1094
1777.3437
1777.3437
1694.3359
1694.3359
1552.7344
1552.7344
1435.5469
1435.5469
1347.6562
1347.6562
1298.8281
1298.8281
1201.1719
1201.1719
1020.5078
1020.5078
825.1953
825.1953
664.0625
664.0625
502.9297
502.9297
283.2031
283.2031
39.0625
39.0625
0.0000
0.0000
0.0000
0.0000
0.0000
0.0000
0.0000
0.0000
0.0000
0.0000
0.0000
0.0000
0.0000
0.0000
0.0000
0.0000
0.0000
0.0000
0.0000
0.0000
0.0000
0.0000
0.0000
0.0000
0.0000
0.0000
0.0000
0.0000
0.0000
0.0000
0.0000
0.0000
0.0000
0.0000
0.0000
0.0000
0.0000
0.0000
0.0000
0.0000
0.0000
0.0000
0.0000
0.0000
0.0000
0.0000
0.0000
0.0000
0.0000
0.0000
0.0000
0.0000
0.0000
0.0000
0.0000
0.0000
0.0000
0.0000
0.0000
0.0000
0.0000
0.0000
0.0000
0.0000
0.0000
0.0000
0.0000
0.0000
0.0000
0.0000
0.0000
0.0000
0.0000
0.0000
0.0000
0.0000
0.0000
0.0000
0.0000
0.0000
0.0000
0.0000
0.0000
0.0000
0.0000
0.0000
0.0000
0.0000
0.0000
0.0000
0.0000
0.0000
0.0000
0.0000
0.0000
0.0000
0.0000
0.0000
0.0000
0.0000
0.0000
0.0000
0.0000
0.0000
0.0000
0.0000
0.0000
0.0000
0.0000
0.0000
0.0000
0.0000
0.0000
0.0000
0.0000
0.0000
0.0000
0.0000
0.0000
0.0000
0.0000
0.0000
0.0000
0.0000
39.0625
39.0625
34.1797
34.1797
14.6484
43.9453
43.9453
43.9453
78.1250
78.1250
48.8281
48.8281
0.0000
0.0000
0.0000
0.0000
29.2969
29.2969
117.1875
117.1875
161.1328
161.1328
136.7187
136.7187
122.0703
122.0703
166.0156
166.0156
195.3125
195.3125
175.7812
175.7812
166.0156
166.0156
205.0781
205.0781
317.3828
317.3828
454.1016
454.1016
527.3437
527.3437
532.2266
546.8750
546.8750
546.8750
615.2344
615.2344
649.4141
649.4141
625.0000
625.0000
605.4687
605.4687
634.7656
634.7656
756.8359
756.8359
903.3203
903.3203
1000.9766
1000.9766
1044.9219
1103.5156
1103.5156
1206.0547
1206.0547
1245.1172
1245.1172
1210.9375
1210.9375
1152.3437
1152.3437
1123.0469
1123.0469
1142.5781
1142.5781
1152.3437
1152.3437
1098.6328
1098.6328
996.0937
996.0937
922.8516
922.8516
898.4375
898.4375
834.9609
834.9609
722.6562
722.6562
625.0000
625.0000
561.5234
561.5234
561.5234
561.5234
541.9922
541.9922
458.9844
458.9844
322.2656
322.2656
219.7266
219.7266
170.8984
170.8984
83.0078
83.0078
0.0000
0.0000
0.0000
0.0000
0.0000
0.0000
0.0000
0.0000
0.0000
0.0000
0.0000
0.0000
0.0000
0.0000
0.0000
0.0000
0.0000
0.0000
0.0000
0.0000
0.0000
0.0000
0.0000
0.0000
0.0000
0.0000
0.0000
0.0000
0.0000
0.0000
0.0000
0.0000
0.0000
0.0000
0.0000
0.0000
0.0000
0.0000
0.0000
0.0000
0.0000
0.0000
0.0000
0.0000
0.0000
0.0000
0.0000
0.0000
0.0000
0.0000
0.0000
0.0000
0.0000
0.0000
0.0000
0.0000
0.0000
0.0000
0.0000
0.0000
0.0000
0.0000
0.0000
0.0000
0.0000
0.0000
0.0000
0.0000
0.0000
0.0000
0.0000
0.0000
0.0000
0.0000
0.0000
0.0000
0.0000
0.0000
0.0000
0.0000
0.0000
0.0000
0.0000
0.0000
0.0000
0.0000
0.0000
0.0000
0.0000
0.0000
0.0000
0.0000
0.0000
0.0000
0.0000
0.0000
0.0000
0.0000
0.0000
0.0000
0.0000
0.0000
0.0000
0.0000
0.0000
0.0000
0.0000
0.0000
0.0000
0.0000
0.0000
0.0000
0.0000
0.0000
0.0000
0.0000
0.0000
0.0000
0.0000
0.0000
0.0000
0.0000
0.0000
0.0000
0.0000
0.0000
0.0000
0.0000
14.6484
14.6484
4.8828
4.8828
39.0625
39.0625
122.0703
122.0703
156.2500
156.2500
156.2500
156.2500
185.5469
185.5469
268.5547
268.5547
419.9219
419.9219
561.5234
561.5234
634.7656
634.7656
664.0625
664.0625
722.6562
722.6562
810.5469
810.5469
834.9609
834.9609
815.4297
815.4297
820.3125
820.3125
878.9062
878.9062
996.0937
996.0937
1088.8672
1088.8672
1098.6328
1098.6328
1079.1016
1079.1016
1093.7500
1093.7500
1132.8125
1132.8125
1123.0469
1123.0469
1093.7500
1093.7500
1123.0469
1123.0469
1210.9375
1210.9375
1372.0703
1372.0703
1518.5547
1518.5547
1591.7969
1591.7969
1630.8594
1630.8594
1689.4531
1689.4531
1743.1641
1743.1641
1708.9844
1708.9844
1601.5625
1601.5625
1494.1406
1494.1406
1406.2500
1406.2500
1367.1875
1367.1875
1284.1797
1284.1797
1127.9297
1127.9297
947.2656
947.2656
800.7812
800.7812
678.7109
678.7109
502.9297
502.9297
302.7344
302.7344
141.6016
141.6016
29.2969
29.2969
0.0000
0.0000
0.0000
0.0000
0.0000
0.0000
0.0000
0.0000
0.0000
0.0000
0.0000
0.0000
0.0000
0.0000
0.0000
0.0000
0.0000
0.0000
0.0000
0.0000
0.0000
0.0000
0.0000
0.0000
0.0000
0.0000
0.0000
0.0000
0.0000
0.0000
0.0000
0.0000
0.0000
0.0000
0.0000
0.0000
0.0000
0.0000
0.0000
0.0000
0.0000
0.0000
0.0000
0.0000
0.0000
0.0000
0.0000
0.0000
0.0000
0.0000
0.0000
0.0000
0.0000
0.0000
0.0000
0.0000
0.0000
0.0000
0.0000
0.0000
0.0000
0.0000
0.0000
0.0000
0.0000
0.0000
0.0000
0.0000
0.0000
0.0000
0.0000
0.0000
0.0000
0.0000
0.0000
0.0000
0.0000
0.0000
0.0000
0.0000
0.0000
0.0000
0.0000
0.0000
0.0000
0.0000
0.0000
0.0000
0.0000
0.0000
0.0000
0.0000
0.0000
0.0000
0.0000
0.0000
0.0000
0.0000
0.0000
0.0000
0.0000
0.0000
0.0000
0.0000
0.0000
0.0000
0.0000
0.0000
0.0000
0.0000
0.0000
0.0000
0.0000
0.0000
0.0000
0.0000
0.0000
0.0000
73.2422
73.2422
195.3125
195.3125
239.2578
239.2578
239.2578
239.2578
268.5547
268.5547
322.2656
322.2656
322.2656
322.2656
288.0859
288.0859
292.9687
292.9687
346.6797
346.6797
473.6328
473.6328
581.0547
581.0547
620.1172
620.1172
620.1172
620.1172
644.5312
644.5312
678.7109
678.7109
649.4141
649.4141
585.9375
585.9375
546.8750
546.8750
566.4062
566.4062
644.5312
644.5312
688.4766
688.4766
664.0625
664.0625
625.0000
625.0000
629.8828
629.8828
644.5312
644.5312
600.5859
600.5859
532.2266
532.2266
498.0469
498.0469
512.6953
512.6953
581.0547
581.0547
600.5859
600.5859
551.7578
551.7578
488.2812
488.2812
473.6328
473.6328
458.9844
458.9844
400.3906
400.3906
336.9141
336.9141
332.0312
332.0312
395.5078
395.5078
517.5781
517.5781
615.2344
615.2344
634.7656
634.7656
634.7656
634.7656
668.9453
668.9453
693.3594
693.3594
654.2969
654.2969
576.1719
576.1719
532.2266
532.2266
532.2266
532.2266
576.1719
576.1719
581.0547
581.0547
517.5781
517.5781
449.2187
449.2187
429.6875
429.6875
410.1562
410.1562
341.7969
341.7969
253.9062
253.9062
219.7266
219.7266
244.1406
244.1406
332.0312
332.0312
380.8594
380.8594
361.3281
361.3281
332.0312
332.0312
346.6797
346.6797
356.4453
356.4453
297.8516
297.8516
205.0781
205.0781
141.6016
141.6016
126.9531
126.9531
146.4844
146.4844
131.8359
131.8359
39.0625
39.0625
0.0000
0.0000
0.0000
0.0000
0.0000
0.0000
0.0000
0.0000
0.0000
0.0000
0.0000
0.0000
0.0000
0.0000
0.0000
0.0000
0.0000
0.0000
0.0000
0.0000
0.0000
0.0000
0.0000
0.0000
0.0000
0.0000
0.0000
0.0000
0.0000
0.0000
0.0000
0.0000
0.0000
0.0000
0.0000
0.0000
0.0000
0.0000
0.0000
0.0000
0.0000
0.0000
0.0000
0.0000
0.0000
0.0000
0.0000
0.0000
0.0000
0.0000
0.0000
0.0000
0.0000
0.0000
0.0000
0.0000
0.0000
0.0000
0.0000
0.0000
0.0000
0.0000
0.0000
0.0000
0.0000
0.0000
0.0000
0.0000
0.0000
0.0000
0.0000
0.0000
0.0000
0.0000
0.0000
0.0000
0.0000
0.0000
0.0000
0.0000
0.0000
0.0000
43.9453
43.9453
107.4219
107.4219
112.3047
112.3047
141.6016
141.6016
205.0781
205.0781
312.5000
312.5000
375.9766
375.9766
371.0937
371.0937
351.5625
351.5625
375.9766
375.9766
395.5078
395.5078
361.3281
361.3281
317.3828
317.3828
312.5000
312.5000
375.9766
375.9766
473.6328
473.6328
512.6953
512.6953
478.5156
478.5156
439.4531
439.4531
449.2187
449.2187
434.5703
434.5703
371.0937
371.0937
307.6172
307.6172
292.9687
292.9687
351.5625
351.5625
439.4531
439.4531
478.5156
478.5156
463.8672
463.8672
463.8672
463.8672
517.5781
517.5781
541.9922
541.9922
517.5781
517.5781
498.0469
498.0469
527.3437
527.3437
620.1172
620.1172
732.4219
732.4219
791.0156
791.0156
791.0156
791.0156
810.5469
810.5469
883.7891
883.7891
942.3828
942.3828
966.7969
966.7969
1010.7422
1010.7422
1103.5156
1103.5156
1264.6484
1264.6484
1435.5469
1435.5469
1542.9687
1542.9687
1562.5000
1562.5000
1572.2656
1572.2656
1611.3281
1611.3281
1591.7969
1591.7969
1499.0234
1499.0234
1391.6016
1391.6016
1313.4766
1313.4766
1284.1797
1284.1797
1259.7656
1259.7656
1162.1094
1162.1094
1005.8594
1005.8594
859.3750
859.3750
761.7187
761.7187
629.8828
629.8828
463.8672
463.8672
307.6172
307.6172
195.3125
195.3125
151.3672
151.3672
131.8359
131.8359
68.3594
68.3594
0.0000
0.0000
0.0000
0.0000
0.0000
0.0000
0.0000
0.0000
0.0000
0.0000
0.0000
0.0000
0.0000
0.0000
0.0000
0.0000
0.0000
0.0000
0.0000
0.0000
0.0000
0.0000
0.0000
0.0000
0.0000
0.0000
0.0000
0.0000
0.0000
0.0000
0.0000
0.0000
0.0000
0.0000
0.0000
0.0000
0.0000
0.0000
0.0000
0.0000
0.0000
0.0000
0.0000
0.0000
0.0000
0.0000
0.0000
0.0000
0.0000
0.0000
0.0000
0.0000
0.0000
0.0000
0.0000
0.0000
0.0000
0.0000
0.0000
0.0000
0.0000
0.0000
0.0000
0.0000
0.0000
0.0000
0.0000
0.0000
0.0000
0.0000
0.0000
0.0000
0.0000
0.0000
0.0000
0.0000
0.0000
0.0000
0.0000
0.0000
0.0000
0.0000
0.0000
0.0000
0.0000
0.0000
0.0000
0.0000
0.0000
0.0000
0.0000
0.0000
0.0000
0.0000
14.6484
14.6484
92.7734
92.7734
92.7734
92.7734
68.3594
68.3594
87.8906
87.8906
107.4219
107.4219
73.2422
73.2422
29.2969
29.2969
39.0625
39.0625
112.3047
112.3047
224.6094
224.6094
297.8516
297.8516
302.7344
302.7344
302.7344
302.7344
346.6797
371.0937
371.0937
327.1484
327.1484
278.3203
278.3203
278.3203
273.4375
273.4375
332.0312
332.0312
415.0391
415.0391
449.2187
449.2187
419.9219
419.9219
419.9219
419.9219
458.9844
458.9844
468.7500
419.9219
419.9219
371.0937
371.0937
371.0937
366.2109
366.2109
429.6875
429.6875
498.0469
498.0469
512.6953
512.6953
473.6328
473.6328
458.9844
458.9844
498.0469
498.0469
507.8125
507.8125
478.5156
473.6328
473.6328
473.6328
522.4609
522.4609
644.5312
644.5312
771.4844
771.4844
844.7266
844.7266
869.1406
869.1406
922.8516
922.8516
1020.5078
1020.5078
1079.1016
1079.1016
1088.8672
1098.6328
1098.6328
1098.6328
1142.5781
1230.4687
1230.4687
1293.9453
1293.9453
1279.2969
1279.2969
1191.4062
1191.4062
1108.3984
1108.3984
1054.6875
1054.6875
957.0312
957.0312
805.6641
805.6641
683.5937
683.5937
605.4687
605.4687
605.4687
605.4687
610.3516
610.3516
561.5234
561.5234
463.8672
463.8672
390.6250
390.6250
361.3281
361.3281
288.0859
288.0859
166.0156
166.0156
43.9453
43.9453
0.0000
0.0000
0.0000
0.0000
0.0000
0.0000
0.0000
0.0000
0.0000
0.0000
0.0000
0.0000
0.0000
0.0000
0.0000
0.0000
0.0000
0.0000
0.0000
0.0000
0.0000
0.0000
0.0000
0.0000
0.0000
0.0000
0.0000
0.0000
0.0000
0.0000
0.0000
0.0000
0.0000
0.0000
0.0000
0.0000
0.0000
0.0000
0.0000
0.0000
0.0000
0.0000
0.0000
0.0000
0.0000
0.0000
0.0000
0.0000
0.0000
0.0000
0.0000
0.0000
0.0000
0.0000
0.0000
0.0000
0.0000
0.0000
0.0000
0.0000
0.0000
0.0000
0.0000
0.0000
0.0000
0.0000
0.0000
0.0000
0.0000
0.0000
0.0000
0.0000
0.0000
0.0000
0.0000
0.0000
0.0000
0.0000
0.0000
0.0000
0.0000
0.0000
0.0000
0.0000
0.0000
0.0000
0.0000
0.0000
0.0000
0.0000
0.0000
0.0000
0.0000
0.0000
0.0000
0.0000
0.0000
0.0000
0.0000
0.0000
0.0000
0.0000
0.0000
0.0000
0.0000
0.0000
0.0000
0.0000
0.0000
0.0000
0.0000
0.0000
0.0000
0.0000
0.0000
0.0000
0.0000
0.0000
0.0000
0.0000
0.0000
0.0000
0.0000
0.0000
0.0000
0.0000
0.0000
0.0000
0.0000
0.0000
73.2422
73.2422
97.6562
97.6562
78.1250
78.1250
83.0078
83.0078
141.6016
141.6016
278.3203
278.3203
405.2734
405.2734
468.7500
468.7500
512.6953
512.6953
600.5859
600.5859
722.6562
722.6562
800.7812
800.7812
839.8437
839.8437
913.0859
913.0859
1030.2734
1030.2734
1201.1719
1201.1719
1337.8906
1337.8906
1386.7187
1386.7187
1396.4844
1396.4844
1440.4297
1440.4297
1513.6719
1513.6719
1547.8516
1547.8516
1562.5000
1562.5000
1621.0937
1621.0937
1723.6328
1723.6328
1879.8828
1879.8828
1992.1875
1992.1875
1997.0703
1997.0703
1943.3594
1943.3594
1899.4141
1899.4141
1840.8203
1840.8203
1694.3359
1694.3359
1499.0234
1499.0234
1318.3594
1318.3594
1186.5234
1186.5234
1113.2812
1113.2812
1010.7422
1010.7422
830.0781
830.0781
639.6484
639.6484
483.3984
483.3984
327.1484
327.1484
102.5391
102.5391
0.0000
0.0000
0.0000
0.0000
0.0000
0.0000
0.0000
0.0000
0.0000
0.0000
0.0000
0.0000
0.0000
0.0000
0.0000
0.0000
0.0000
0.0000
0.0000
0.0000
0.0000
0.0000
0.0000
0.0000
0.0000
0.0000
0.0000
0.0000
0.0000
0.0000
0.0000
0.0000
0.0000
0.0000
0.0000
0.0000
0.0000
0.0000
0.0000
0.0000
0.0000
0.0000
0.0000
0.0000
0.0000
0.0000
0.0000
0.0000
0.0000
0.0000
0.0000
0.0000
0.0000
0.0000
0.0000
0.0000
0.0000
0.0000
0.0000
0.0000
0.0000
0.0000
0.0000
0.0000
0.0000
0.0000
0.0000
0.0000
0.0000
0.0000
0.0000
0.0000
0.0000
0.0000
0.0000
0.0000
0.0000
0.0000
0.0000
0.0000
0.0000
0.0000
0.0000
0.0000
0.0000
0.0000
73.2422
73.2422
151.3672
151.3672
166.0156
166.0156
195.3125
195.3125
258.7891
258.7891
268.5547
268.5547
214.8437
214.8437
166.0156
166.0156
151.3672
151.3672
209.9609
209.9609
253.9062
253.9062
239.2578
239.2578
190.4297
190.4297
185.5469
185.5469
219.7266
219.7266
205.0781
205.0781
161.1328
161.1328
146.4844
146.4844
180.6641
180.6641
288.0859
288.0859
366.2109
366.2109
371.0937
371.0937
351.5625
351.5625
371.0937
371.0937
424.8047
424.8047
429.6875
429.6875
400.3906
400.3906
415.0391
415.0391
483.3984
483.3984
615.2344
615.2344
712.8906
712.8906
737.3047
737.3047
742.1875
742.1875
791.0156
791.0156
854.4922
854.4922
874.0234
874.0234
864.2578
864.2578
898.4375
898.4375
981.4453
981.4453
1123.0469
1123.0469
1220.7031
1220.7031
1230.4687
1230.4687
1206.0547
1206.0547
1201.1719
1201.1719
1210.9375
1210.9375
1171.8750
1171.8750
1103.5156
1103.5156
1083.9844
1083.9844
1123.0469
1123.0469
1225.5859
1225.5859
1298.8281
1298.8281
1284.1797
1284.1797
1225.5859
1225.5859
1166.9922
1166.9922
1093.7500
1093.7500
927.7344
927.7344
712.8906
712.8906
512.6953
512.6953
361.3281
361.3281
268.5547
268.5547
156.2500
156.2500
0.0000
0.0000
0.0000
0.0000
0.0000
0.0000
0.0000
0.0000
0.0000
0.0000
0.0000
0.0000
0.0000
0.0000
0.0000
0.0000
0.0000
0.0000
0.0000
0.0000
0.0000
0.0000
0.0000
0.0000
0.0000
0.0000
0.0000
0.0000
0.0000
0.0000
0.0000
0.0000
0.0000
0.0000
0.0000
0.0000
0.0000
0.0000
0.0000
0.0000
0.0000
0.0000
0.0000
0.0000
0.0000
0.0000
0.0000
0.0000
0.0000
0.0000
0.0000
0.0000
0.0000
0.0000
0.0000
0.0000
0.0000
0.0000
0.0000
0.0000
0.0000
0.0000
0.0000
0.0000
0.0000
0.0000
0.0000
0.0000
0.0000
0.0000
0.0000
0.0000
0.0000
0.0000
0.0000
0.0000
97.6562
97.6562
131.8359
131.8359
97.6562
97.6562
78.1250
78.1250
112.3047
112.3047
117.1875
117.1875
68.3594
68.3594
9.7656
9.7656
0.0000
0.0000
24.4141
24.4141
58.5937
58.5937
34.1797
34.1797
0.0000
0.0000
0.0000
0.0000
0.0000
0.0000
0.0000
0.0000
0.0000
0.0000
0.0000
0.0000
0.0000
0.0000
0.0000
0.0000
0.0000
0.0000
0.0000
0.0000
0.0000
0.0000
0.0000
0.0000
0.0000
0.0000
0.0000
0.0000
0.0000
0.0000
0.0000
0.0000
0.0000
0.0000
0.0000
0.0000
0.0000
0.0000
29.2969
29.2969
24.4141
24.4141
53.7109
53.7109
107.4219
107.4219
102.5391
102.5391
58.5937
58.5937
53.7109
53.7109
107.4219
107.4219
239.2578
239.2578
356.4453
356.4453
415.0391
415.0391
463.8672
463.8672
551.7578
551.7578
659.1797
659.1797
703.1250
703.1250
688.4766
688.4766
703.1250
703.1250
747.0703
747.0703
849.6094
849.6094
913.0859
913.0859
903.3203
903.3203
878.9062
878.9062
898.4375
898.4375
932.6172
932.6172
927.7344
927.7344
913.0859
913.0859
961.9141
961.9141
1064.4531
1064.4531
1215.8203
1215.8203
1337.8906
1337.8906
1357.4219
1357.4219
1347.6562
1347.6562
1357.4219
1357.4219
1367.1875
1367.1875
1303.7109
1303.7109
1191.4062
1191.4062
1103.5156
1103.5156
1044.9219
1044.9219
1035.1562
1035.1562
986.3281
986.3281
854.4922
854.4922
703.1250
703.1250
590.8203
590.8203
488.2812
488.2812
322.2656
322.2656
112.3047
112.3047
0.0000
0.0000
0.0000
0.0000
0.0000
0.0000
0.0000
0.0000
0.0000
0.0000
0.0000
0.0000
0.0000
0.0000
0.0000
0.0000
0.0000
0.0000
0.0000
0.0000
0.0000
0.0000
0.0000
0.0000
0.0000
0.0000
0.0000
0.0000
0.0000
0.0000
0.0000
0.0000
0.0000
0.0000
0.0000
0.0000
0.0000
0.0000
0.0000
0.0000
0.0000
0.0000
0.0000
0.0000
0.0000
0.0000
0.0000
0.0000
0.0000
0.0000
0.0000
0.0000
0.0000
0.0000
0.0000
0.0000
0.0000
0.0000
0.0000
0.0000
0.0000
0.0000
0.0000
0.0000
0.0000
0.0000
0.0000
0.0000
0.0000
0.0000
0.0000
0.0000
0.0000
0.0000
0.0000
0.0000
0.0000
0.0000
0.0000
0.0000
0.0000
0.0000
0.0000
0.0000
0.0000
0.0000
0.0000
0.0000
0.0000
0.0000
0.0000
0.0000
0.0000
0.0000
0.0000
0.0000
0.0000
0.0000
0.0000
0.0000
0.0000
0.0000
0.0000
0.0000
0.0000
0.0000
34.1797
34.1797
102.5391
102.5391
205.0781
205.0781
336.9141
336.9141
400.3906
400.3906
415.0391
415.0391
454.1016
454.1016
527.3437
527.3437
639.6484
639.6484
698.2422
698.2422
668.9453
668.9453
610.3516
610.3516
585.9375
585.9375
561.5234
561.5234
478.5156
478.5156
390.6250
390.6250
351.5625
351.5625
395.5078
395.5078
493.1641
493.1641
537.1094
537.1094
512.6953
512.6953
488.2812
488.2812
498.0469
498.0469
498.0469
498.0469
454.1016
454.1016
400.3906
400.3906
395.5078
395.5078
454.1016
454.1016
551.7578
551.7578
605.4687
605.4687
595.7031
595.7031
605.4687
605.4687
673.8281
673.8281
712.8906
712.8906
703.1250
703.1250
678.7109
703.1250
703.1250
781.2500
781.2500
893.5547
893.5547
947.2656
947.2656
932.6172
932.6172
932.6172
922.8516
922.8516
957.0312
957.0312
966.7969
966.7969
937.5000
937.5000
917.9687
957.0312
957.0312
1059.5703
1059.5703
1196.2891
1196.2891
1264.6484
1264.6484
1264.6484
1240.2344
1240.2344
1196.2891
1196.2891
1166.9922
1166.9922
1088.8672
1088.8672
942.3828
942.3828
771.4844
625.0000
625.0000
537.1094
537.1094
463.8672
463.8672
332.0312
332.0312
332.0312
146.4844
146.4844
0.0000
0.0000
0.0000
0.0000
0.0000
0.0000
0.0000
0.0000
0.0000
0.0000
0.0000
0.0000
0.0000
0.0000
0.0000
0.0000
0.0000
0.0000
0.0000
0.0000
0.0000
0.0000
0.0000
0.0000
0.0000
0.0000
0.0000
0.0000
0.0000
0.0000
0.0000
0.0000
0.0000
0.0000
0.0000
0.0000
0.0000
0.0000
0.0000
0.0000
0.0000
0.0000
0.0000
0.0000
0.0000
0.0000
0.0000
0.0000
0.0000
0.0000
0.0000
0.0000
0.0000
0.0000
0.0000
0.0000
0.0000
0.0000
0.0000
0.0000
0.0000
0.0000
0.0000
0.0000
0.0000
0.0000
0.0000
0.0000
0.0000
0.0000
0.0000
0.0000
0.0000
0.0000
0.0000
0.0000
0.0000
0.0000
0.0000
0.0000
0.0000
0.0000
0.0000
0.0000
0.0000
0.0000
0.0000
0.0000
0.0000
0.0000
0.0000
0.0000
0.0000
0.0000
0.0000
0.0000
0.0000
0.0000
0.0000
0.0000
0.0000
0.0000
0.0000
0.0000
0.0000
0.0000
0.0000
0.0000
0.0000
0.0000
0.0000
0.0000
0.0000
0.0000
0.0000
0.0000
0.0000
0.0000
0.0000
58.5937
58.5937
126.9531
126.9531
146.4844
146.4844
151.3672
151.3672
200.1953
200.1953
317.3828
317.3828
449.2187
449.2187
522.4609
522.4609
522.4609
522.4609
532.2266
532.2266
590.8203
590.8203
610.3516
610.3516
576.1719
576.1719
546.8750
546.8750
556.6406
556.6406
629.8828
629.8828
703.1250
703.1250
722.6562
722.6562
688.4766
688.4766
668.9453
668.9453
698.2422
698.2422
683.5937
683.5937
625.0000
625.0000
585.9375
585.9375
590.8203
590.8203
673.8281
673.8281
751.9531
751.9531
761.7187
761.7187
712.8906
712.8906
693.3594
693.3594
722.6562
722.6562
698.2422
698.2422
625.0000
625.0000
581.0547
581.0547
590.8203
590.8203
673.8281
673.8281
751.9531
751.9531
771.4844
771.4844
747.0703
747.0703
761.7187
761.7187
834.9609
834.9609
869.1406
869.1406
854.4922
854.4922
864.2578
864.2578
922.8516
922.8516
1049.8047
1049.8047
1181.6406
1181.6406
1250.0000
1250.0000
1264.6484
1264.6484
1298.8281
1298.8281
1362.3047
1362.3047
1376.9531
1376.9531
1337.8906
1337.8906
1298.8281
1298.8281
1298.8281
1298.8281
1347.6562
1347.6562
1396.4844
1396.4844
1372.0703
1372.0703
1274.4141
1274.4141
1181.6406
1181.6406
1113.2812
1113.2812
1000.9766
1000.9766
830.0781
830.0781
649.4141
649.4141
512.6953
512.6953
439.4531
439.4531
380.8594
380.8594
273.4375
273.4375
126.9531
126.9531
9.7656
9.7656
0.0000
0.0000
0.0000
0.0000
0.0000
0.0000
0.0000
0.0000
0.0000
0.0000
0.0000
0.0000
0.0000
0.0000
0.0000
0.0000
0.0000
0.0000
0.0000
0.0000
0.0000
0.0000
0.0000
0.0000
0.0000
0.0000
0.0000
0.0000
0.0000
0.0000
0.0000
0.0000
0.0000
0.0000
0.0000
0.0000
0.0000
0.0000
0.0000
0.0000
0.0000
0.0000
0.0000
0.0000
0.0000
0.0000
0.0000
0.0000
0.0000
0.0000
0.0000
0.0000
0.0000
0.0000
0.0000
0.0000
0.0000
0.0000
0.0000
0.0000
0.0000
0.0000
0.0000
0.0000
0.0000
0.0000
0.0000
0.0000
0.0000
0.0000
0.0000
0.0000
0.0000
0.0000
0.0000
0.0000
0.0000
0.0000
0.0000
0.0000
0.0000
0.0000
0.0000
0.0000
0.0000
0.0000
0.0000
0.0000
0.0000
0.0000
0.0000
0.0000
0.0000
0.0000
0.0000
0.0000
0.0000
0.0000
0.0000
0.0000
0.0000
0.0000
0.0000
0.0000
0.0000
0.0000
0.0000
0.0000
0.0000
0.0000
0.0000
0.0000
0.0000
0.0000
0.0000
0.0000
0.0000
0.0000
0.0000
0.0000
0.0000
0.0000
0.0000
0.0000
0.0000
0.0000
0.0000
0.0000
0.0000
0.0000
19.5312
19.5312
53.7109
53.7109
39.0625
39.0625
63.4766
63.4766
131.8359
131.8359
156.2500
156.2500
136.7187
136.7187
141.6016
141.6016
200.1953
200.1953
327.1484
327.1484
449.2187
449.2187
512.6953
512.6953
541.9922
541.9922
605.4687
605.4687
712.8906
712.8906
771.4844
771.4844
795.8984
795.8984
859.3750
859.3750
976.5625
976.5625
1166.9922
1166.9922
1333.0078
1333.0078
1425.7812
1425.7812
1479.4922
1479.4922
1552.7344
1552.7344
1650.3906
1650.3906
1689.4531
1689.4531
1655.2734
1655.2734
1635.7422
1635.7422
1630.8594
1630.8594
1665.0391
1665.0391
1645.5078
1645.5078
1533.2031
1533.2031
1376.9531
1376.9531
1254.8828
1254.8828
1152.3437
1152.3437
1005.8594
1005.8594
834.9609
834.9609
717.7734
717.7734
668.9453
668.9453
698.2422
698.2422
722.6562
722.6562
683.5937
683.5937
600.5859
600.5859
532.2266
532.2266
468.7500
468.7500
322.2656
322.2656
122.0703
122.0703
0.0000
0.0000
0.0000
0.0000
0.0000
0.0000
0.0000
0.0000
0.0000
0.0000
0.0000
0.0000
0.0000
0.0000
0.0000
0.0000
0.0000
0.0000
0.0000
0.0000
0.0000
0.0000
0.0000
0.0000
0.0000
0.0000
0.0000
0.0000
0.0000
0.0000
0.0000
0.0000
0.0000
0.0000
0.0000
0.0000
0.0000
0.0000
0.0000
0.0000
0.0000
0.0000
0.0000
0.0000
0.0000
0.0000
0.0000
0.0000
0.0000
0.0000
0.0000
0.0000
0.0000
0.0000
0.0000
0.0000
0.0000
0.0000
0.0000
0.0000
0.0000
0.0000
0.0000
0.0000
0.0000
0.0000
0.0000
0.0000
0.0000
0.0000
0.0000
0.0000
0.0000
0.0000
0.0000
0.0000
0.0000
0.0000
0.0000
0.0000
0.0000
0.0000
0.0000
0.0000
0.0000
0.0000
0.0000
0.0000
0.0000
0.0000
0.0000
0.0000
0.0000
0.0000
0.0000
0.0000
0.0000
0.0000
0.0000
0.0000
0.0000
0.0000
0.0000
0.0000
53.7109
53.7109
53.7109
53.7109
19.5312
19.5312
14.6484
14.6484
43.9453
43.9453
19.5312
19.5312
0.0000
0.0000
0.0000
0.0000
0.0000
0.0000
97.6562
97.6562
190.4297
190.4297
219.7266
219.7266
219.7266
219.7266
263.6719
263.6719
332.0312
332.0312
341.7969
341.7969
327.1484
327.1484
341.7969
341.7969
415.0391
415.0391
546.8750
546.8750
649.4141
649.4141
678.7109
678.7109
698.2422
698.2422
761.7187
761.7187
830.0781
830.0781
844.7266
844.7266
834.9609
834.9609
859.3750
859.3750
942.3828
942.3828
1074.2187
1074.2187
1176.7578
1176.7578
1191.4062
1191.4062
1201.1719
1201.1719
1250.0000
1250.0000
1303.7109
1303.7109
1313.4766
1313.4766
1298.8281
1298.8281
1333.0078
1333.0078
1416.0156
1416.0156
1552.7344
1552.7344
1650.3906
1650.3906
1655.2734
1655.2734
1635.7422
1635.7422
1650.3906
1650.3906
1655.2734
1655.2734
1601.5625
1601.5625
1494.1406
1494.1406
1420.8984
1420.8984
1381.8359
1381.8359
1381.8359
1381.8359
1347.6562
1347.6562
1230.4687
1230.4687
1088.8672
1088.8672
991.2109
991.2109
903.3203
903.3203
761.7187
761.7187
581.0547
581.0547
429.6875
429.6875
322.2656
322.2656
268.5547
268.5547
170.8984
170.8984
4.8828
4.8828
0.0000
0.0000
0.0000
0.0000
0.0000
0.0000
0.0000
0.0000
0.0000
0.0000
0.0000
0.0000
0.0000
0.0000
0.0000
0.0000
0.0000
0.0000
0.0000
0.0000
0.0000
0.0000
0.0000
0.0000
0.0000
0.0000
0.0000
0.0000
0.0000
0.0000
0.0000
0.0000
0.0000
0.0000
0.0000
0.0000
0.0000
0.0000
0.0000
0.0000
0.0000
0.0000
0.0000
0.0000
0.0000
0.0000
0.0000
0.0000
0.0000
0.0000
0.0000
0.0000
0.0000
0.0000
0.0000
0.0000
0.0000
0.0000
0.0000
0.0000
0.0000
0.0000
0.0000
0.0000
0.0000
0.0000
0.0000
0.0000
0.0000
0.0000
0.0000
0.0000
0.0000
0.0000
0.0000
0.0000
0.0000
0.0000
0.0000
0.0000
0.0000
0.0000
0.0000
0.0000
0.0000
0.0000
0.0000
0.0000
0.0000
0.0000
0.0000
0.0000
0.0000
0.0000
0.0000
0.0000
0.0000
0.0000
0.0000
0.0000
0.0000
0.0000
0.0000
0.0000
0.0000
0.0000
0.0000
0.0000
0.0000
0.0000
0.0000
0.0000
0.0000
0.0000
0.0000
0.0000
0.0000
0.0000
0.0000
0.0000
0.0000
0.0000
24.4141
24.4141
24.4141
24.4141
0.0000
0.0000
0.0000
0.0000
58.5937
58.5937
180.6641
180.6641
268.5547
268.5547
297.8516
297.8516
322.2656
322.2656
395.5078
395.5078
483.3984
483.3984
507.8125
507.8125
512.6953
512.6953
556.6406
556.6406
654.2969
654.2969
795.8984
795.8984
903.3203
903.3203
922.8516
922.8516
932.6172
932.6172
976.5625
976.5625
1015.6250
1015.6250
1000.9766
1000.9766
971.6797
971.6797
976.5625
976.5625
1035.1562
1035.1562
1132.8125
1132.8125
1176.7578
1142.5781
1142.5781
1113.2812
1113.2812
1137.6953
1137.6953
1152.3437
1152.3437
1113.2812
1113.2812
1113.2812
1059.5703
1059.5703
1044.9219
1044.9219
1079.1016
1079.1016
1127.9297
1103.5156
1103.5156
991.2109
991.2109
864.2578
864.2578
766.6016
766.6016
639.6484
639.6484
639.6484
454.1016
454.1016
268.5547
268.5547
141.6016
141.6016
83.0078
83.0078
83.0078
83.0078
39.0625
0.0000
0.0000
0.0000
0.0000
0.0000
0.0000
0.0000
0.0000
0.0000
0.0000
0.0000
0.0000
0.0000
0.0000
0.0000
0.0000
0.0000
0.0000
0.0000
0.0000
0.0000
0.0000
0.0000
0.0000
0.0000
0.0000
0.0000
0.0000
0.0000
0.0000
0.0000
0.0000
0.0000
0.0000
0.0000
0.0000
0.0000
0.0000
0.0000
0.0000
0.0000
0.0000
0.0000
0.0000
0.0000
0.0000
0.0000
0.0000
0.0000
0.0000
0.0000
0.0000
0.0000
0.0000
0.0000
0.0000
0.0000
0.0000
48.8281
48.8281
87.8906
87.8906
126.9531
126.9531
185.5469
185.5469
180.6641
180.6641
117.1875
117.1875
63.4766
63.4766
43.9453
43.9453
87.8906
87.8906
122.0703
122.0703
83.0078
83.0078
0.0000
0.0000
0.0000
0.0000
0.0000
0.0000
0.0000
0.0000
0.0000
0.0000
0.0000
0.0000
0.0000
0.0000
0.0000
0.0000
0.0000
0.0000
0.0000
0.0000
0.0000
0.0000
0.0000
0.0000
0.0000
0.0000
0.0000
0.0000
0.0000
0.0000
0.0000
0.0000
0.0000
0.0000
0.0000
0.0000
53.7109
53.7109
73.2422
73.2422
78.1250
78.1250
122.0703
122.0703
161.1328
161.1328
136.7187
136.7187
102.5391
102.5391
107.4219
107.4219
166.0156
166.0156
273.4375
273.4375
346.6797
346.6797
356.4453
356.4453
375.9766
375.9766
463.8672
463.8672
541.9922
541.9922
566.4062
566.4062
581.0547
581.0547
639.6484
639.6484
756.8359
756.8359
898.4375
898.4375
986.3281
986.3281
986.3281
986.3281
986.3281
986.3281
1020.5078
1020.5078
1035.1562
1035.1562
991.2109
991.2109
942.3828
942.3828
937.5000
937.5000
1000.9766
1000.9766
1113.2812
1113.2812
1196.2891
1196.2891
1220.7031
1220.7031
1245.1172
1245.1172
1323.2422
1323.2422
1386.7187
1386.7187
1381.8359
1381.8359
1342.7734
1342.7734
1328.1250
1328.1250
1342.7734
1342.7734
1381.8359
1381.8359
1357.4219
1357.4219
1254.8828
1254.8828
1152.3437
1152.3437
1083.9844
1083.9844
1005.8594
1005.8594
874.0234
874.0234
717.7734
717.7734
600.5859
600.5859
522.4609
522.4609
478.5156
478.5156
366.2109
366.2109
166.0156
166.0156
0.0000
0.0000
0.0000
0.0000
0.0000
0.0000
0.0000
0.0000
0.0000
0.0000
0.0000
0.0000
0.0000
0.0000
0.0000
0.0000
0.0000
0.0000
0.0000
0.0000
0.0000
0.0000
0.0000
0.0000
0.0000
0.0000
0.0000
0.0000
0.0000
0.0000
0.0000
0.0000
0.0000
0.0000
0.0000
0.0000
0.0000
0.0000
0.0000
0.0000
0.0000
0.0000
0.0000
0.0000
0.0000
0.0000
0.0000
0.0000
0.0000
0.0000
0.0000
0.0000
0.0000
0.0000
0.0000
0.0000
0.0000
0.0000
0.0000
0.0000
0.0000
0.0000
0.0000
0.0000
0.0000
0.0000
0.0000
0.0000
0.0000
0.0000
0.0000
0.0000
0.0000
0.0000
0.0000
0.0000
0.0000
0.0000
0.0000
0.0000
0.0000
0.0000
0.0000
0.0000
0.0000
0.0000
0.0000
0.0000
0.0000
0.0000
0.0000
0.0000
0.0000
0.0000
0.0000
0.0000
0.0000
0.0000
0.0000
0.0000
0.0000
0.0000
0.0000
0.0000
0.0000
0.0000
0.0000
0.0000
0.0000
0.0000
0.0000
0.0000
0.0000
0.0000
0.0000
0.0000
4.8828
4.8828
19.5312
19.5312
83.0078
83.0078
136.7187
136.7187
136.7187
136.7187
136.7187
136.7187
180.6641
180.6641
292.9687
292.9687
429.6875
429.6875
512.6953
512.6953
517.5781
517.5781
532.2266
532.2266
590.8203
590.8203
620.1172
620.1172
590.8203
590.8203
571.2891
571.2891
590.8203
590.8203
683.5937
683.5937
776.3672
776.3672
805.6641
805.6641
771.4844
771.4844
756.8359
756.8359
781.2500
781.2500
761.7187
761.7187
698.2422
698.2422
649.4141
649.4141
654.2969
654.2969
732.4219
732.4219
800.7812
800.7812
800.7812
800.7812
747.0703
747.0703
727.5391
727.5391
751.9531
751.9531
732.4219
732.4219
678.7109
678.7109
664.0625
664.0625
698.2422
698.2422
805.6641
805.6641
883.7891
883.7891
878.9062
878.9062
810.5469
810.5469
751.9531
751.9531
708.0078
708.0078
595.7031
595.7031
444.3359
444.3359
322.2656
322.2656
253.9062
253.9062
268.5547
268.5547
273.4375
273.4375
219.7266
219.7266
131.8359
131.8359
87.8906
87.8906
83.0078
83.0078
24.4141
24.4141
0.0000
0.0000
0.0000
0.0000
0.0000
0.0000
0.0000
0.0000
0.0000
0.0000
0.0000
0.0000
0.0000
0.0000
0.0000
0.0000
0.0000
0.0000
0.0000
0.0000
0.0000
0.0000
0.0000
0.0000
0.0000
0.0000
0.0000
0.0000
0.0000
0.0000
0.0000
0.0000
0.0000
0.0000
0.0000
0.0000
0.0000
0.0000
0.0000
0.0000
0.0000
0.0000
0.0000
0.0000
0.0000
0.0000
0.0000
0.0000
0.0000
0.0000
0.0000
0.0000
0.0000
0.0000
0.0000
0.0000
0.0000
0.0000
0.0000
0.0000
0.0000
0.0000
0.0000
0.0000
0.0000
0.0000
0.0000
0.0000
0.0000
0.0000
0.0000
0.0000
0.0000
0.0000
0.0000
0.0000
0.0000
0.0000
0.0000
0.0000
0.0000
0.0000
0.0000
0.0000
0.0000
0.0000
0.0000
0.0000
0.0000
0.0000
0.0000
0.0000
0.0000
0.0000
0.0000
0.0000
0.0000
0.0000
0.0000
0.0000
0.0000
0.0000
43.9453
43.9453
170.8984
170.8984
297.8516
297.8516
361.3281
361.3281
371.0937
371.0937
405.2734
405.2734
463.8672
463.8672
483.3984
483.3984
463.8672
463.8672
473.6328
473.6328
532.2266
532.2266
659.1797
659.1797
766.6016
766.6016
800.7812
800.7812
786.1328
786.1328
800.7812
800.7812
839.8437
839.8437
820.3125
820.3125
771.4844
771.4844
747.0703
747.0703
771.4844
771.4844
869.1406
869.1406
932.6172
932.6172
927.7344
927.7344
893.5547
893.5547
898.4375
898.4375
917.9687
917.9687
883.7891
883.7891
810.5469
810.5469
771.4844
771.4844
791.0156
791.0156
859.3750
859.3750
898.4375
898.4375
859.3750
859.3750
795.8984
795.8984
761.7187
761.7187
737.3047
737.3047
659.1797
659.1797
561.5234
561.5234
502.9297
502.9297
512.6953
512.6953
595.7031
595.7031
659.1797
659.1797
654.2969
654.2969
639.6484
639.6484
683.5937
683.5937
766.6016
766.6016
815.4297
815.4297
839.8437
839.8437
908.2031
908.2031
1020.5078
1020.5078
1171.8750
1171.8750
1284.1797
1284.1797
1298.8281
1298.8281
1250.0000
1250.0000
1206.0547
1206.0547
1166.9922
1166.9922
1059.5703
1059.5703
908.2031
908.2031
791.0156
791.0156
727.5391
727.5391
732.4219
732.4219
717.7734
717.7734
639.6484
639.6484
532.2266
532.2266
449.2187
449.2187
385.7422
385.7422
244.1406
244.1406
58.5937
58.5937
0.0000
0.0000
0.0000
0.0000
0.0000
0.0000
0.0000
0.0000
0.0000
0.0000
0.0000
0.0000
0.0000
0.0000
0.0000
0.0000
0.0000
0.0000
0.0000
0.0000
0.0000
0.0000
0.0000
0.0000
0.0000
0.0000
0.0000
0.0000
0.0000
0.0000
0.0000
0.0000
0.0000
0.0000
0.0000
0.0000
0.0000
0.0000
0.0000
0.0000
0.0000
0.0000
0.0000
0.0000
0.0000
0.0000
0.0000
0.0000
0.0000
0.0000
0.0000
0.0000
0.0000
0.0000
0.0000
0.0000
0.0000
0.0000
0.0000
0.0000
0.0000
0.0000
0.0000
0.0000
0.0000
0.0000
0.0000
0.0000
0.0000
0.0000
0.0000
0.0000
0.0000
0.0000
0.0000
0.0000
0.0000
0.0000
0.0000
0.0000
0.0000
0.0000
0.0000
0.0000
0.0000
0.0000
0.0000
0.0000
0.0000
0.0000
0.0000
0.0000
0.0000
0.0000
0.0000
0.0000
0.0000
0.0000
0.0000
0.0000
0.0000
0.0000
0.0000
0.0000
0.0000
0.0000
0.0000
0.0000
0.0000
0.0000
0.0000
0.0000
19.5312
19.5312
14.6484
14.6484
0.0000
0.0000
0.0000
0.0000
63.4766
63.4766
190.4297
190.4297
273.4375
273.4375
283.2031
283.2031
268.5547
268.5547
292.9687
292.9687
322.2656
322.2656
278.3203
278.3203
219.7266
219.7266
209.9609
209.9609
258.7891
258.7891
346.6797
346.6797
380.8594
380.8594
346.6797
346.6797
312.5000
312.5000
327.1484
327.1484
312.5000
312.5000
253.9062
253.9062
190.4297
190.4297
180.6641
180.6641
249.0234
249.0234
351.5625
351.5625
405.2734
405.2734
395.5078
395.5078
405.2734
405.2734
463.8672
463.8672
493.1641
493.1641
468.7500
468.7500
454.1016
454.1016
478.5156
478.5156
571.2891
571.2891
678.7109
678.7109
732.4219
732.4219
742.1875
742.1875
776.3672
776.3672
869.1406
869.1406
922.8516
922.8516
927.7344
927.7344
942.3828
942.3828
986.3281
986.3281
1079.1016
1079.1016
1142.5781
1142.5781
1123.0469
1123.0469
1035.1562
1035.1562
961.9141
961.9141
922.8516
922.8516
834.9609
834.9609
698.2422
585.9375
585.9375
512.6953
512.6953
512.6953
512.6953
498.0469
498.0469
424.8047
424.8047
424.8047
307.6172
307.6172
209.9609
209.9609
136.7187
136.7187
14.6484
0.0000
0.0000
0.0000
0.0000
0.0000
0.0000
0.0000
0.0000
0.0000
0.0000
0.0000
0.0000
0.0000
0.0000
0.0000
0.0000
0.0000
0.0000
0.0000
0.0000
0.0000
0.0000
0.0000
0.0000
0.0000
0.0000
0.0000
0.0000
0.0000
0.0000
0.0000
0.0000
0.0000
0.0000
0.0000
0.0000
0.0000
0.0000
0.0000
0.0000
0.0000
0.0000
0.0000
0.0000
0.0000
0.0000
0.0000
0.0000
0.0000
0.0000
0.0000
0.0000
0.0000
0.0000
0.0000
0.0000
0.0000
0.0000
0.0000
0.0000
0.0000
0.0000
0.0000
0.0000
0.0000
0.0000
0.0000
0.0000
0.0000
0.0000
0.0000
0.0000
0.0000
0.0000
0.0000
0.0000
0.0000
0.0000
0.0000
0.0000
0.0000
0.0000
0.0000
0.0000
0.0000
0.0000
92.7734
92.7734
185.5469
185.5469
195.3125
195.3125
209.9609
209.9609
258.7891
258.7891
268.5547
268.5547
224.6094
224.6094
175.7812
175.7812
166.0156
166.0156
229.4922
229.4922
288.0859
288.0859
283.2031
283.2031
229.4922
229.4922
195.3125
195.3125
200.1953
200.1953
151.3672
151.3672
53.7109
53.7109
0.0000
0.0000
0.0000
0.0000
0.0000
0.0000
24.4141
24.4141
0.0000
0.0000
0.0000
0.0000
0.0000
0.0000
0.0000
0.0000
0.0000
0.0000
0.0000
0.0000
0.0000
0.0000
0.0000
0.0000
19.5312
19.5312
122.0703
122.0703
156.2500
156.2500
170.8984
170.8984
224.6094
224.6094
307.6172
307.6172
332.0312
332.0312
327.1484
327.1484
356.4453
356.4453
444.3359
444.3359
590.8203
590.8203
717.7734
717.7734
776.3672
776.3672
820.3125
820.3125
908.2031
908.2031
1000.9766
1000.9766
1040.0391
1040.0391
1040.0391
1040.0391
1083.9844
1083.9844
1171.8750
1171.8750
1308.5937
1308.5937
1416.0156
1416.0156
1459.9609
1459.9609
1503.9062
1503.9062
1596.6797
1596.6797
1704.1016
1704.1016
1757.8125
1757.8125
1767.5781
1767.5781
1806.6406
1806.6406
1865.2344
1865.2344
1943.3594
1943.3594
1962.8906
1962.8906
1870.1172
1870.1172
1733.3984
1733.3984
1616.2109
1616.2109
1494.1406
1494.1406
1313.4766
1313.4766
1098.6328
1098.6328
932.6172
932.6172
810.5469
810.5469
751.9531
751.9531
654.2969
654.2969
473.6328
473.6328
268.5547
268.5547
97.6562
97.6562
0.0000
0.0000
0.0000
0.0000
0.0000
0.0000
0.0000
0.0000
0.0000
0.0000
0.0000
0.0000
0.0000
0.0000
0.0000
0.0000
0.0000
0.0000
0.0000
0.0000
0.0000
0.0000
0.0000
0.0000
0.0000
0.0000
0.0000
0.0000
0.0000
0.0000
0.0000
0.0000
0.0000
0.0000
0.0000
0.0000
0.0000
0.0000
0.0000
0.0000
0.0000
0.0000
0.0000
0.0000
0.0000
0.0000
0.0000
0.0000
0.0000
0.0000
0.0000
0.0000
0.0000
0.0000
0.0000
0.0000
0.0000
0.0000
0.0000
0.0000
0.0000
0.0000
0.0000
0.0000
0.0000
0.0000
0.0000
0.0000
0.0000
0.0000
0.0000
0.0000
0.0000
0.0000
0.0000
0.0000
0.0000
0.0000
0.0000
0.0000
0.0000
0.0000
0.0000
0.0000
0.0000
0.0000
0.0000
0.0000
0.0000
0.0000
0.0000
0.0000
0.0000
0.0000
0.0000
0.0000
0.0000
0.0000
0.0000
0.0000
0.0000
0.0000
0.0000
0.0000
0.0000
0.0000
0.0000
0.0000
0.0000
0.0000
0.0000
0.0000
0.0000
0.0000
0.0000
0.0000
0.0000
0.0000
0.0000
0.0000
0.0000
0.0000
0.0000
0.0000
0.0000
0.0000
0.0000
0.0000
78.1250
78.1250
175.7812
175.7812
205.0781
205.0781
209.9609
209.9609
258.7891
258.7891
312.5000
312.5000
307.6172
307.6172
278.3203
278.3203
288.0859
288.0859
361.3281
361.3281
483.3984
483.3984
551.7578
551.7578
546.8750
546.8750
546.8750
546.8750
590.8203
590.8203
615.2344
615.2344
571.2891
571.2891
522.4609
522.4609
517.5781
517.5781
576.1719
576.1719
664.0625
664.0625
693.3594
693.3594
659.1797
659.1797
644.5312
644.5312
673.8281
673.8281
688.4766
688.4766
644.5312
644.5312
600.5859
600.5859
595.7031
595.7031
664.0625
664.0625
747.0703
747.0703
766.6016
766.6016
732.4219
732.4219
722.6562
722.6562
771.4844
771.4844
795.8984
795.8984
771.4844
771.4844
751.9531
751.9531
781.2500
781.2500
864.2578
864.2578
957.0312
957.0312
986.3281
986.3281
937.5000
937.5000
888.6719
888.6719
864.2578
864.2578
795.8984
795.8984
673.8281
673.8281
556.6406
556.6406
493.1641
493.1641
502.9297
502.9297
527.3437
527.3437
493.1641
493.1641
390.6250
390.6250
307.6172
307.6172
253.9062
253.9062
166.0156
166.0156
34.1797
34.1797
0.0000
0.0000
0.0000
0.0000
0.0000
0.0000
0.0000
0.0000
0.0000
0.0000
0.0000
0.0000
0.0000
0.0000
0.0000
0.0000
0.0000
0.0000
0.0000
0.0000
0.0000
0.0000
0.0000
0.0000
0.0000
0.0000
0.0000
0.0000
4.8828
4.8828
0.0000
0.0000
0.0000
0.0000
0.0000
0.0000
0.0000
0.0000
0.0000
0.0000
0.0000
0.0000
0.0000
0.0000
0.0000
0.0000
0.0000
0.0000
0.0000
0.0000
0.0000
0.0000
0.0000
0.0000
0.0000
0.0000
0.0000
0.0000
0.0000
0.0000
0.0000
0.0000
0.0000
0.0000
0.0000
0.0000
0.0000
0.0000
0.0000
0.0000
0.0000
0.0000
0.0000
0.0000
0.0000
0.0000
0.0000
0.0000
0.0000
0.0000
0.0000
0.0000
0.0000
0.0000
0.0000
0.0000
0.0000
0.0000
0.0000
0.0000
0.0000
0.0000
0.0000
0.0000
0.0000
0.0000
0.0000
0.0000
0.0000
0.0000
0.0000
0.0000
0.0000
0.0000
0.0000
0.0000
0.0000
0.0000
0.0000
0.0000
0.0000
0.0000
0.0000
0.0000
0.0000
0.0000
0.0000
0.0000
0.0000
0.0000
34.1797
34.1797
122.0703
122.0703
239.2578
239.2578
302.7344
302.7344
292.9687
292.9687
292.9687
292.9687
341.7969
341.7969
366.2109
366.2109
341.7969
341.7969
317.3828
317.3828
336.9141
336.9141
429.6875
429.6875
551.7578
551.7578
620.1172
620.1172
620.1172
620.1172
629.8828
629.8828
678.7109
678.7109
683.5937
683.5937
629.8828
629.8828
581.0547
581.0547
566.4062
566.4062
620.1172
620.1172
683.5937
683.5937
683.5937
683.5937
639.6484
639.6484
620.1172
620.1172
649.4141
649.4141
639.6484
639.6484
585.9375
585.9375
551.7578
551.7578
566.4062
566.4062
654.2969
654.2969
751.9531
751.9531
791.0156
791.0156
791.0156
791.0156
834.9609
834.9609
942.3828
942.3828
1035.1562
1035.1562
1088.8672
1088.8672
1157.2266
1157.2266
1254.8828
1254.8828
1406.2500
1406.2500
1542.9687
1542.9687
1591.7969
1591.7969
1547.8516
1547.8516
1489.2578
1489.2578
1445.3125
1445.3125
1352.5391
1352.5391
1201.1719
1201.1719
1059.5703
1059.5703
966.7969
966.7969
947.2656
947.2656
927.7344
927.7344
854.4922
854.4922
717.7734
717.7734
590.8203
590.8203
483.3984
483.3984
327.1484
327.1484
112.3047
112.3047
0.0000
0.0000
0.0000
0.0000
0.0000
0.0000
0.0000
0.0000
0.0000
0.0000
0.0000
0.0000
0.0000
0.0000
0.0000
0.0000
0.0000
0.0000
0.0000
0.0000
0.0000
0.0000
0.0000
0.0000
0.0000
0.0000
0.0000
0.0000
0.0000
0.0000
0.0000
0.0000
0.0000
0.0000
0.0000
0.0000
0.0000
0.0000
0.0000
0.0000
0.0000
0.0000
0.0000
0.0000
0.0000
0.0000
0.0000
0.0000
0.0000
0.0000
0.0000
0.0000
0.0000
0.0000
0.0000
0.0000
0.0000
0.0000
0.0000
0.0000
0.0000
0.0000
0.0000
0.0000
0.0000
0.0000
0.0000
0.0000
0.0000
0.0000
0.0000
0.0000
0.0000
0.0000
0.0000
0.0000
0.0000
0.0000
0.0000
0.0000
0.0000
0.0000
0.0000
0.0000
0.0000
0.0000
0.0000
0.0000
0.0000
0.0000
0.0000
0.0000
0.0000
0.0000
0.0000
0.0000
0.0000
0.0000
0.0000
0.0000
0.0000
0.0000
0.0000
0.0000
0.0000
0.0000
0.0000
0.0000
0.0000
0.0000
0.0000
0.0000
0.0000
0.0000
0.0000
0.0000
0.0000
0.0000
0.0000
0.0000
0.0000
0.0000
0.0000
0.0000
14.6484
14.6484
58.5937
58.5937
34.1797
34.1797
29.2969
29.2969
58.5937
58.5937
24.4141
24.4141
0.0000
0.0000
0.0000
0.0000
0.0000
0.0000
0.0000
0.0000
0.0000
0.0000
0.0000
0.0000
0.0000
0.0000
0.0000
0.0000
0.0000
0.0000
0.0000
0.0000
0.0000
0.0000
0.0000
0.0000
0.0000
0.0000
117.1875
117.1875
219.7266
