473.6328
473.6328
498.0469
498.0469
463.8672
463.8672
449.2187
449.2187
483.3984
483.3984
571.2891
571.2891
625.0000
625.0000
620.1172
620.1172
571.2891
571.2891
541.9922
541.9922
541.9922
541.9922
576.1719
576.1719
673.8281
673.8281
756.8359
756.8359
800.7812
800.7812
771.4844
771.4844
747.0703
747.0703
761.7187
761.7187
830.0781
830.0781
893.5547
893.5547
888.6719
888.6719
839.8437
839.8437
791.0156
791.0156
771.4844
771.4844
776.3672
776.3672
849.6094
849.6094
947.2656
947.2656
1005.8594
1005.8594
1000.9766
1000.9766
966.7969
966.7969
966.7969
966.7969
1020.5078
1020.5078
1113.2812
1113.2812
1152.3437
1152.3437
1132.8125
1132.8125
1079.1016
1079.1016
1049.8047
1049.8047
1049.8047
1049.8047
1088.8672
1088.8672
1191.4062
1191.4062
1284.1797
1284.1797
1342.7734
1342.7734
1333.0078
1333.0078
1333.0078
1333.0078
1367.1875
1367.1875
1450.1953
1450.1953
1523.4375
1523.4375
1533.2031
1533.2031
1479.4922
1479.4922
1391.6016
1391.6016
1323.2422
1323.2422
1259.7656
1259.7656
1235.3516
1235.3516
1225.5859
1225.5859
1171.8750
1171.8750
1049.8047
1049.8047
874.0234
874.0234
717.7734
717.7734
605.4687
605.4687
527.3437
527.3437
415.0391
415.0391
234.3750
234.3750
19.5312
19.5312
0.0000
0.0000
0.0000
0.0000
0.0000
0.0000
0.0000
0.0000
0.0000
0.0000
0.0000
0.0000
0.0000
0.0000
0.0000
0.0000
0.0000
0.0000
0.0000
0.0000
0.0000
0.0000
0.0000
0.0000
0.0000
0.0000
0.0000
0.0000
0.0000
0.0000
0.0000
0.0000
0.0000
0.0000
0.0000
0.0000
0.0000
0.0000
0.0000
0.0000
0.0000
0.0000
0.0000
0.0000
0.0000
0.0000
0.0000
0.0000
0.0000
0.0000
0.0000
0.0000
0.0000
0.0000
0.0000
0.0000
0.0000
0.0000
0.0000
0.0000
0.0000
0.0000
0.0000
0.0000
0.0000
0.0000
0.0000
0.0000
0.0000
0.0000
0.0000
0.0000
0.0000
0.0000
0.0000
0.0000
0.0000
0.0000
0.0000
0.0000
0.0000
0.0000
0.0000
0.0000
0.0000
0.0000
0.0000
0.0000
0.0000
0.0000
0.0000
0.0000
0.0000
0.0000
0.0000
0.0000
0.0000
0.0000
0.0000
0.0000
0.0000
0.0000
0.0000
0.0000
0.0000
0.0000
0.0000
0.0000
0.0000
0.0000
0.0000
0.0000
0.0000
0.0000
0.0000
0.0000
0.0000
0.0000
0.0000
0.0000
0.0000
0.0000
0.0000
0.0000
0.0000
0.0000
0.0000
0.0000
0.0000
0.0000
0.0000
0.0000
0.0000
0.0000
0.0000
0.0000
0.0000
0.0000
0.0000
0.0000
0.0000
0.0000
0.0000
0.0000
0.0000
0.0000
0.0000
0.0000
0.0000
0.0000
0.0000
0.0000
0.0000
0.0000
0.0000
0.0000
0.0000
0.0000
0.0000
0.0000
0.0000
0.0000
0.0000
0.0000
0.0000
0.0000
0.0000
0.0000
0.0000
0.0000
0.0000
0.0000
0.0000
0.0000
0.0000
0.0000
92.7734
92.7734
156.2500
156.2500
156.2500
156.2500
126.9531
126.9531
126.9531
126.9531
146.4844
146.4844
214.8437
214.8437
332.0312
332.0312
424.8047
424.8047
473.6328
473.6328
468.7500
468.7500
478.5156
478.5156
537.1094
537.1094
644.5312
644.5312
732.4219
732.4219
751.9531
751.9531
722.6562
722.6562
708.0078
708.0078
722.6562
722.6562
766.6016
766.6016
874.0234
874.0234
971.6797
971.6797
1020.5078
1020.5078
996.0937
996.0937
976.5625
976.5625
1005.8594
1005.8594
1083.9844
1083.9844
1176.7578
1176.7578
1196.2891
1196.2891
1171.8750
1171.8750
1132.8125
1132.8125
1123.0469
1123.0469
1132.8125
1132.8125
1191.4062
1191.4062
1254.8828
1254.8828
1274.4141
1274.4141
1215.8203
1215.8203
1113.2812
1113.2812
1035.1562
1035.1562
1000.9766
1000.9766
991.2109
991.2109
913.0859
913.0859
781.2500
781.2500
615.2344
615.2344
458.9844
458.9844
327.1484
327.1484
239.2578
239.2578
209.9609
209.9609
151.3672
151.3672
53.7109
53.7109
0.0000
0.0000
0.0000
0.0000
0.0000
0.0000
0.0000
0.0000
0.0000
0.0000
0.0000
0.0000
0.0000
0.0000
0.0000
0.0000
0.0000
0.0000
0.0000
0.0000
0.0000
0.0000
0.0000
0.0000
0.0000
0.0000
0.0000
0.0000
0.0000
0.0000
0.0000
0.0000
0.0000
0.0000
0.0000
0.0000
0.0000
0.0000
0.0000
0.0000
0.0000
0.0000
0.0000
0.0000
0.0000
0.0000
0.0000
0.0000
0.0000
0.0000
0.0000
0.0000
0.0000
0.0000
0.0000
0.0000
0.0000
0.0000
0.0000
0.0000
0.0000
0.0000
0.0000
0.0000
0.0000
0.0000
0.0000
0.0000
0.0000
0.0000
0.0000
0.0000
0.0000
0.0000
0.0000
0.0000
0.0000
0.0000
0.0000
0.0000
0.0000
0.0000
0.0000
0.0000
0.0000
0.0000
0.0000
0.0000
0.0000
0.0000
0.0000
0.0000
0.0000
0.0000
14.6484
14.6484
48.8281
48.8281
122.0703
122.0703
234.3750
234.3750
312.5000
312.5000
322.2656
322.2656
292.9687
292.9687
297.8516
297.8516
356.4453
356.4453
454.1016
454.1016
502.9297
502.9297
488.2812
488.2812
434.5703
434.5703
400.3906
400.3906
385.7422
385.7422
419.9219
419.9219
498.0469
498.0469
541.9922
541.9922
522.4609
522.4609
454.1016
454.1016
405.2734
405.2734
405.2734
405.2734
449.2187
449.2187
458.9844
458.9844
415.0391
415.0391
336.9141
336.9141
278.3203
278.3203
244.1406
244.1406
253.9062
253.9062
322.2656
322.2656
375.9766
375.9766
380.8594
380.8594
322.2656
322.2656
283.2031
283.2031
297.8516
297.8516
371.0937
371.0937
449.2187
449.2187
449.2187
449.2187
419.9219
419.9219
390.6250
390.6250
390.6250
390.6250
419.9219
419.9219
517.5781
517.5781
625.0000
625.0000
708.0078
708.0078
717.7734
717.7734
717.7734
717.7734
756.8359
756.8359
849.6094
849.6094
961.9141
961.9141
1015.6250
1015.6250
1020.5078
1020.5078
1000.9766
1000.9766
1015.6250
1015.6250
1054.6875
1054.6875
1152.3437
1152.3437
1298.8281
1298.8281
1435.5469
1435.5469
1538.0859
1538.0859
1572.2656
1572.2656
1621.0937
1621.0937
1694.3359
1694.3359
1821.2891
1821.2891
1928.7109
1928.7109
1982.4219
1982.4219
1972.6562
1972.6562
1953.1250
1953.1250
1958.0078
1958.0078
1958.0078
1958.0078
1987.3047
1987.3047
2021.4844
2021.4844
2006.8359
2006.8359
1914.0625
1914.0625
1772.4609
1772.4609
1650.3906
1650.3906
1547.8516
1547.8516
1464.8437
1464.8437
1337.8906
1337.8906
1127.9297
1127.9297
874.0234
874.0234
620.1172
620.1172
380.8594
380.8594
166.0156
166.0156
9.7656
9.7656
0.0000
0.0000
0.0000
0.0000
0.0000
0.0000
0.0000
0.0000
0.0000
0.0000
0.0000
0.0000
0.0000
0.0000
0.0000
0.0000
0.0000
0.0000
0.0000
0.0000
0.0000
0.0000
0.0000
0.0000
0.0000
0.0000
0.0000
0.0000
0.0000
0.0000
0.0000
0.0000
0.0000
0.0000
0.0000
0.0000
0.0000
0.0000
0.0000
0.0000
0.0000
0.0000
0.0000
0.0000
0.0000
0.0000
0.0000
0.0000
0.0000
0.0000
0.0000
0.0000
0.0000
0.0000
0.0000
0.0000
0.0000
0.0000
0.0000
0.0000
0.0000
0.0000
0.0000
0.0000
0.0000
0.0000
0.0000
0.0000
0.0000
0.0000
0.0000
0.0000
0.0000
0.0000
0.0000
0.0000
0.0000
0.0000
0.0000
0.0000
0.0000
0.0000
0.0000
0.0000
0.0000
0.0000
0.0000
0.0000
0.0000
0.0000
0.0000
0.0000
0.0000
0.0000
0.0000
0.0000
0.0000
0.0000
0.0000
0.0000
0.0000
0.0000
0.0000
0.0000
0.0000
0.0000
0.0000
0.0000
0.0000
0.0000
0.0000
0.0000
0.0000
0.0000
0.0000
0.0000
0.0000
0.0000
0.0000
0.0000
0.0000
0.0000
0.0000
0.0000
0.0000
0.0000
0.0000
0.0000
0.0000
0.0000
0.0000
0.0000
92.7734
92.7734
117.1875
92.7734
92.7734
92.7734
83.0078
117.1875
117.1875
117.1875
190.4297
190.4297
214.8437
214.8437
180.6641
180.6641
131.8359
131.8359
112.3047
112.3047
131.8359
131.8359
209.9609
209.9609
341.7969
341.7969
454.1016
512.6953
512.6953
502.9297
502.9297
512.6953
512.6953
571.2891
571.2891
668.9453
668.9453
717.7734
717.7734
693.3594
693.3594
634.7656
634.7656
585.9375
585.9375
561.5234
561.5234
585.9375
585.9375
664.0625
664.0625
712.8906
712.8906
717.7734
717.7734
668.9453
668.9453
639.6484
639.6484
659.1797
659.1797
737.3047
737.3047
795.8984
795.8984
791.0156
791.0156
747.0703
747.0703
717.7734
717.7734
712.8906
712.8906
737.3047
737.3047
825.1953
825.1953
913.0859
913.0859
957.0312
957.0312
932.6172
932.6172
913.0859
913.0859
927.7344
927.7344
986.3281
986.3281
1054.6875
1054.6875
1049.8047
1049.8047
996.0937
996.0937
927.7344
927.7344
883.7891
883.7891
854.4922
854.4922
874.0234
874.0234
922.8516
922.8516
922.8516
922.8516
854.4922
854.4922
727.5391
727.5391
625.0000
625.0000
571.2891
571.2891
551.7578
551.7578
473.6328
473.6328
332.0312
332.0312
161.1328
161.1328
4.8828
4.8828
0.0000
0.0000
0.0000
0.0000
0.0000
0.0000
0.0000
0.0000
0.0000
0.0000
0.0000
0.0000
0.0000
0.0000
0.0000
0.0000
0.0000
0.0000
0.0000
0.0000
0.0000
0.0000
0.0000
0.0000
0.0000
0.0000
0.0000
0.0000
0.0000
0.0000
0.0000
0.0000
0.0000
0.0000
0.0000
0.0000
0.0000
0.0000
0.0000
0.0000
0.0000
0.0000
0.0000
0.0000
0.0000
0.0000
0.0000
0.0000
0.0000
0.0000
0.0000
0.0000
0.0000
0.0000
0.0000
0.0000
0.0000
0.0000
0.0000
0.0000
0.0000
0.0000
0.0000
0.0000
0.0000
0.0000
0.0000
0.0000
0.0000
0.0000
0.0000
0.0000
0.0000
0.0000
0.0000
0.0000
0.0000
0.0000
0.0000
0.0000
0.0000
0.0000
0.0000
0.0000
0.0000
0.0000
0.0000
0.0000
0.0000
0.0000
0.0000
0.0000
0.0000
0.0000
0.0000
0.0000
0.0000
0.0000
0.0000
0.0000
0.0000
0.0000
0.0000
0.0000
0.0000
0.0000
0.0000
0.0000
0.0000
0.0000
0.0000
0.0000
0.0000
0.0000
0.0000
0.0000
0.0000
0.0000
0.0000
0.0000
0.0000
0.0000
0.0000
0.0000
39.0625
39.0625
39.0625
39.0625
14.6484
14.6484
19.5312
19.5312
48.8281
48.8281
131.8359
131.8359
278.3203
278.3203
390.6250
390.6250
458.9844
458.9844
463.8672
463.8672
483.3984
483.3984
541.9922
541.9922
639.6484
639.6484
708.0078
708.0078
703.1250
703.1250
654.2969
654.2969
620.1172
620.1172
600.5859
600.5859
620.1172
620.1172
698.2422
698.2422
761.7187
761.7187
781.2500
781.2500
742.1875
742.1875
703.1250
703.1250
712.8906
712.8906
771.4844
771.4844
839.8437
839.8437
830.0781
830.0781
786.1328
786.1328
732.4219
732.4219
703.1250
703.1250
703.1250
703.1250
756.8359
756.8359
834.9609
834.9609
878.9062
878.9062
859.3750
859.3750
815.4297
815.4297
815.4297
815.4297
874.0234
874.0234
966.7969
966.7969
1010.7422
1010.7422
1000.9766
1000.9766
952.1484
952.1484
932.6172
932.6172
922.8516
922.8516
952.1484
952.1484
1035.1562
1035.1562
1093.7500
1093.7500
1108.3984
1108.3984
1064.4531
1064.4531
1025.3906
1025.3906
1020.5078
1020.5078
1054.6875
1054.6875
1074.2187
1074.2187
1015.6250
1015.6250
908.2031
908.2031
781.2500
781.2500
678.7109
678.7109
595.7031
595.7031
566.4062
566.4062
541.9922
541.9922
458.9844
458.9844
307.6172
307.6172
117.1875
117.1875
0.0000
0.0000
0.0000
0.0000
0.0000
0.0000
0.0000
0.0000
0.0000
0.0000
0.0000
0.0000
0.0000
0.0000
0.0000
0.0000
0.0000
0.0000
0.0000
0.0000
0.0000
0.0000
0.0000
0.0000
0.0000
0.0000
0.0000
0.0000
0.0000
0.0000
0.0000
0.0000
0.0000
0.0000
0.0000
0.0000
0.0000
0.0000
0.0000
0.0000
0.0000
0.0000
0.0000
0.0000
0.0000
0.0000
0.0000
0.0000
0.0000
0.0000
0.0000
0.0000
0.0000
0.0000
0.0000
0.0000
0.0000
0.0000
0.0000
0.0000
0.0000
0.0000
0.0000
0.0000
0.0000
0.0000
0.0000
0.0000
0.0000
0.0000
0.0000
0.0000
0.0000
0.0000
0.0000
0.0000
0.0000
0.0000
0.0000
0.0000
0.0000
0.0000
0.0000
0.0000
0.0000
0.0000
0.0000
0.0000
0.0000
0.0000
0.0000
0.0000
0.0000
0.0000
0.0000
0.0000
0.0000
0.0000
0.0000
0.0000
0.0000
0.0000
0.0000
0.0000
0.0000
0.0000
0.0000
0.0000
0.0000
0.0000
0.0000
0.0000
0.0000
0.0000
0.0000
0.0000
0.0000
0.0000
0.0000
0.0000
0.0000
0.0000
0.0000
0.0000
0.0000
0.0000
0.0000
0.0000
0.0000
0.0000
0.0000
0.0000
0.0000
0.0000
0.0000
0.0000
0.0000
0.0000
0.0000
0.0000
0.0000
0.0000
0.0000
0.0000
0.0000
0.0000
0.0000
0.0000
0.0000
0.0000
0.0000
0.0000
0.0000
0.0000
0.0000
0.0000
0.0000
0.0000
0.0000
0.0000
0.0000
0.0000
0.0000
0.0000
0.0000
0.0000
0.0000
0.0000
0.0000
0.0000
14.6484
14.6484
78.1250
78.1250
195.3125
195.3125
322.2656
322.2656
410.1562
410.1562
424.8047
424.8047
415.0391
415.0391
434.5703
434.5703
507.8125
507.8125
600.5859
600.5859
625.0000
625.0000
615.2344
615.2344
590.8203
590.8203
600.5859
600.5859
629.8828
629.8828
722.6562
722.6562
844.7266
844.7266
927.7344
927.7344
937.5000
937.5000
913.0859
913.0859
922.8516
922.8516
981.4453
981.4453
1074.2187
1074.2187
1118.1641
1118.1641
1118.1641
1118.1641
1098.6328
1098.6328
1113.2812
1113.2812
1147.4609
1147.4609
1230.4687
1230.4687
1362.3047
1362.3047
1455.0781
1455.0781
1489.2578
1489.2578
1450.1953
1450.1953
1406.2500
1406.2500
1391.6016
1391.6016
1401.3672
1401.3672
1367.1875
1367.1875
1254.8828
1254.8828
1093.7500
1093.7500
932.6172
932.6172
791.0156
791.0156
673.8281
673.8281
620.1172
620.1172
566.4062
566.4062
478.5156
478.5156
336.9141
336.9141
205.0781
205.0781
126.9531
126.9531
107.4219
107.4219
112.3047
112.3047
53.7109
53.7109
0.0000
0.0000
0.0000
0.0000
0.0000
0.0000
0.0000
0.0000
0.0000
0.0000
0.0000
0.0000
0.0000
0.0000
0.0000
0.0000
0.0000
0.0000
0.0000
0.0000
0.0000
0.0000
0.0000
0.0000
0.0000
0.0000
0.0000
0.0000
0.0000
0.0000
0.0000
0.0000
0.0000
0.0000
0.0000
0.0000
0.0000
0.0000
0.0000
0.0000
0.0000
0.0000
0.0000
0.0000
0.0000
0.0000
0.0000
0.0000
0.0000
0.0000
0.0000
0.0000
0.0000
0.0000
0.0000
0.0000
0.0000
0.0000
0.0000
0.0000
0.0000
0.0000
0.0000
0.0000
0.0000
0.0000
0.0000
0.0000
0.0000
0.0000
0.0000
0.0000
0.0000
0.0000
0.0000
0.0000
0.0000
0.0000
0.0000
0.0000
0.0000
0.0000
0.0000
0.0000
0.0000
0.0000
0.0000
0.0000
0.0000
0.0000
0.0000
0.0000
0.0000
0.0000
0.0000
0.0000
0.0000
0.0000
0.0000
0.0000
0.0000
0.0000
0.0000
0.0000
0.0000
0.0000
0.0000
0.0000
0.0000
0.0000
0.0000
0.0000
0.0000
0.0000
0.0000
0.0000
0.0000
0.0000
0.0000
0.0000
0.0000
0.0000
0.0000
0.0000
0.0000
0.0000
0.0000
0.0000
0.0000
0.0000
0.0000
0.0000
0.0000
0.0000
0.0000
0.0000
0.0000
0.0000
0.0000
0.0000
0.0000
0.0000
0.0000
0.0000
0.0000
0.0000
0.0000
0.0000
0.0000
0.0000
34.1797
34.1797
126.9531
126.9531
244.1406
244.1406
288.0859
288.0859
288.0859
288.0859
268.5547
268.5547
278.3203
278.3203
307.6172
307.6172
395.5078
395.5078
517.5781
517.5781
595.7031
595.7031
615.2344
615.2344
595.7031
595.7031
610.3516
610.3516
678.7109
678.7109
786.1328
786.1328
834.9609
834.9609
834.9609
834.9609
800.7812
800.7812
800.7812
800.7812
820.3125
820.3125
888.6719
888.6719
1015.6250
1015.6250
1127.9297
1127.9297
1196.2891
1196.2891
1215.8203
1215.8203
1259.7656
1259.7656
1337.8906
1337.8906
1469.7266
1469.7266
1582.0312
1582.0312
1621.0937
1621.0937
1601.5625
1601.5625
1572.2656
1572.2656
1567.3828
1567.3828
1567.3828
1567.3828
1606.4453
1606.4453
1635.7422
1635.7422
1611.3281
1611.3281
1503.9062
1503.9062
1362.3047
1362.3047
1245.1172
1245.1172
1162.1094
1162.1094
1098.6328
1098.6328
961.9141
961.9141
781.2500
781.2500
571.2891
571.2891
371.0937
371.0937
190.4297
190.4297
48.8281
48.8281
0.0000
0.0000
0.0000
0.0000
0.0000
0.0000
0.0000
0.0000
0.0000
0.0000
0.0000
0.0000
0.0000
0.0000
0.0000
0.0000
0.0000
0.0000
0.0000
0.0000
0.0000
0.0000
0.0000
0.0000
0.0000
0.0000
0.0000
0.0000
0.0000
0.0000
0.0000
0.0000
0.0000
0.0000
0.0000
0.0000
0.0000
0.0000
0.0000
0.0000
0.0000
0.0000
0.0000
0.0000
0.0000
0.0000
0.0000
0.0000
0.0000
0.0000
0.0000
0.0000
0.0000
0.0000
0.0000
0.0000
0.0000
0.0000
0.0000
0.0000
0.0000
0.0000
0.0000
0.0000
0.0000
0.0000
0.0000
0.0000
0.0000
0.0000
0.0000
0.0000
0.0000
0.0000
0.0000
0.0000
0.0000
0.0000
0.0000
0.0000
0.0000
0.0000
0.0000
0.0000
0.0000
0.0000
0.0000
0.0000
0.0000
0.0000
0.0000
0.0000
0.0000
0.0000
0.0000
0.0000
0.0000
0.0000
0.0000
0.0000
0.0000
14.6484
14.6484
92.7734
92.7734
166.0156
166.0156
180.6641
180.6641
117.1875
117.1875
34.1797
34.1797
0.0000
0.0000
4.8828
4.8828
34.1797
34.1797
0.0000
0.0000
0.0000
0.0000
0.0000
0.0000
0.0000
0.0000
0.0000
0.0000
0.0000
0.0000
0.0000
0.0000
4.8828
4.8828
0.0000
0.0000
0.0000
0.0000
0.0000
0.0000
0.0000
0.0000
19.5312
19.5312
4.8828
4.8828
0.0000
0.0000
0.0000
0.0000
0.0000
0.0000
0.0000
0.0000
0.0000
0.0000
78.1250
78.1250
126.9531
126.9531
107.4219
107.4219
63.4766
63.4766
58.5937
58.5937
107.4219
107.4219
170.8984
170.8984
166.0156
166.0156
131.8359
131.8359
87.8906
87.8906
73.2422
73.2422
92.7734
92.7734
180.6641
180.6641
292.9687
292.9687
371.0937
371.0937
380.8594
380.8594
371.0937
371.0937
385.7422
385.7422
458.9844
458.9844
561.5234
561.5234
590.8203
590.8203
571.2891
571.2891
537.1094
537.1094
532.2266
532.2266
546.8750
546.8750
629.8828
629.8828
751.9531
751.9531
825.1953
825.1953
834.9609
834.9609
810.5469
810.5469
815.4297
815.4297
869.1406
869.1406
961.9141
961.9141
1005.8594
1005.8594
1000.9766
1000.9766
971.6797
971.6797
981.4453
981.4453
1020.5078
1020.5078
1108.3984
1108.3984
1245.1172
1245.1172
1367.1875
1367.1875
1435.5469
1435.5469
1420.8984
1420.8984
1401.3672
1401.3672
1391.6016
1391.6016
1411.1328
1411.1328
1406.2500
1406.2500
1318.3594
1318.3594
1181.6406
1181.6406
1035.1562
1035.1562
908.2031
908.2031
800.7812
800.7812
742.1875
742.1875
673.8281
673.8281
551.7578
551.7578
371.0937
371.0937
166.0156
166.0156
0.0000
0.0000
0.0000
0.0000
0.0000
0.0000
0.0000
0.0000
0.0000
0.0000
0.0000
0.0000
0.0000
0.0000
0.0000
0.0000
0.0000
0.0000
0.0000
0.0000
0.0000
0.0000
0.0000
0.0000
0.0000
0.0000
0.0000
0.0000
0.0000
0.0000
0.0000
0.0000
0.0000
0.0000
0.0000
0.0000
0.0000
0.0000
0.0000
0.0000
0.0000
0.0000
0.0000
0.0000
0.0000
0.0000
0.0000
0.0000
0.0000
0.0000
0.0000
0.0000
0.0000
0.0000
0.0000
0.0000
0.0000
0.0000
0.0000
0.0000
0.0000
0.0000
0.0000
0.0000
0.0000
0.0000
0.0000
0.0000
0.0000
0.0000
0.0000
0.0000
0.0000
0.0000
0.0000
0.0000
0.0000
0.0000
0.0000
0.0000
0.0000
0.0000
0.0000
0.0000
0.0000
0.0000
0.0000
0.0000
0.0000
0.0000
0.0000
0.0000
0.0000
0.0000
0.0000
0.0000
0.0000
0.0000
0.0000
0.0000
0.0000
0.0000
0.0000
0.0000
0.0000
0.0000
78.1250
78.1250
214.8437
214.8437
332.0312
332.0312
380.8594
380.8594
380.8594
380.8594
390.6250
390.6250
419.9219
419.9219
483.3984
483.3984
595.7031
595.7031
673.8281
673.8281
703.1250
703.1250
659.1797
659.1797
610.3516
610.3516
600.5859
600.5859
639.6484
639.6484
673.8281
673.8281
629.8828
629.8828
551.7578
551.7578
478.5156
478.5156
434.5703
434.5703
419.9219
419.9219
463.8672
463.8672
488.2812
488.2812
463.8672
463.8672
375.9766
375.9766
288.0859
288.0859
244.1406
244.1406
258.7891
258.7891
278.3203
278.3203
234.3750
234.3750
156.2500
156.2500
83.0078
83.0078
48.8281
48.8281
48.8281
48.8281
112.3047
112.3047
185.5469
185.5469
224.6094
224.6094
185.5469
185.5469
126.9531
126.9531
97.6562
97.6562
122.0703
122.0703
170.8984
170.8984
146.4844
146.4844
68.3594
68.3594
0.0000
0.0000
0.0000
0.0000
0.0000
0.0000
0.0000
0.0000
0.0000
0.0000
43.9453
43.9453
48.8281
48.8281
24.4141
24.4141
34.1797
34.1797
107.4219
107.4219
219.7266
219.7266
283.2031
283.2031
292.9687
292.9687
268.5547
268.5547
268.5547
268.5547
292.9687
292.9687
351.5625
351.5625
458.9844
458.9844
537.1094
537.1094
566.4062
566.4062
537.1094
537.1094
532.2266
532.2266
571.2891
571.2891
664.0625
664.0625
742.1875
742.1875
751.9531
751.9531
722.6562
722.6562
708.0078
708.0078
727.5391
727.5391
791.0156
791.0156
927.7344
927.7344
1069.3359
1069.3359
1166.9922
1166.9922
1196.2891
1196.2891
1215.8203
1215.8203
1264.6484
1264.6484
1367.1875
1367.1875
1494.1406
1494.1406
1547.8516
1547.8516
1542.9687
1542.9687
1503.9062
1503.9062
1494.1406
1494.1406
1489.2578
1489.2578
1523.4375
1523.4375
1582.0312
1582.0312
1591.7969
1591.7969
1528.3203
1528.3203
1391.6016
1391.6016
1274.4141
1274.4141
1176.7578
1176.7578
1108.3984
1108.3984
1000.9766
1000.9766
825.1953
825.1953
605.4687
605.4687
390.6250
390.6250
205.0781
205.0781
43.9453
43.9453
0.0000
0.0000
0.0000
0.0000
0.0000
0.0000
0.0000
0.0000
0.0000
0.0000
0.0000
0.0000
0.0000
0.0000
0.0000
0.0000
0.0000
0.0000
0.0000
0.0000
0.0000
0.0000
0.0000
0.0000
0.0000
0.0000
0.0000
0.0000
0.0000
0.0000
0.0000
0.0000
0.0000
0.0000
0.0000
0.0000
0.0000
0.0000
0.0000
0.0000
0.0000
0.0000
0.0000
0.0000
0.0000
0.0000
0.0000
0.0000
0.0000
0.0000
0.0000
0.0000
0.0000
0.0000
0.0000
0.0000
0.0000
0.0000
0.0000
0.0000
0.0000
0.0000
0.0000
0.0000
0.0000
0.0000
0.0000
0.0000
0.0000
0.0000
0.0000
0.0000
0.0000
0.0000
0.0000
0.0000
0.0000
0.0000
0.0000
0.0000
0.0000
0.0000
0.0000
0.0000
0.0000
0.0000
0.0000
0.0000
0.0000
0.0000
0.0000
0.0000
14.6484
14.6484
53.7109
53.7109
39.0625
39.0625
0.0000
0.0000
0.0000
0.0000
4.8828
4.8828
63.4766
63.4766
166.0156
166.0156
234.3750
234.3750
239.2578
239.2578
190.4297
190.4297
151.3672
151.3672
161.1328
161.1328
195.3125
195.3125
180.6641
180.6641
97.6562
97.6562
0.0000
0.0000
0.0000
0.0000
0.0000
0.0000
0.0000
0.0000
0.0000
0.0000
0.0000
0.0000
0.0000
0.0000
0.0000
0.0000
0.0000
0.0000
0.0000
0.0000
0.0000
0.0000
14.6484
14.6484
0.0000
0.0000
0.0000
0.0000
0.0000
0.0000
0.0000
0.0000
0.0000
0.0000
9.7656
9.7656
53.7109
53.7109
43.9453
43.9453
0.0000
0.0000
0.0000
0.0000
0.0000
0.0000
0.0000
0.0000
0.0000
0.0000
0.0000
0.0000
0.0000
0.0000
0.0000
0.0000
0.0000
0.0000
0.0000
0.0000
0.0000
0.0000
0.0000
0.0000
0.0000
0.0000
0.0000
0.0000
0.0000
0.0000
0.0000
0.0000
0.0000
0.0000
0.0000
0.0000
0.0000
0.0000
0.0000
0.0000
0.0000
0.0000
0.0000
0.0000
0.0000
0.0000
107.4219
107.4219
214.8437
214.8437
283.2031
283.2031
288.0859
288.0859
283.2031
283.2031
317.3828
317.3828
405.2734
405.2734
507.8125
507.8125
541.9922
541.9922
537.1094
537.1094
522.4609
522.4609
546.8750
546.8750
600.5859
600.5859
712.8906
712.8906
834.9609
834.9609
908.2031
908.2031
908.2031
908.2031
874.0234
874.0234
874.0234
874.0234
927.7344
927.7344
1010.7422
1010.7422
1030.2734
1030.2734
1000.9766
1000.9766
952.1484
952.1484
932.6172
932.6172
937.5000
937.5000
991.2109
991.2109
1074.2187
1074.2187
1108.3984
1108.3984
1083.9844
1083.9844
991.2109
991.2109
917.9687
917.9687
883.7891
883.7891
883.7891
883.7891
844.7266
844.7266
737.3047
737.3047
585.9375
585.9375
449.2187
449.2187
341.7969
341.7969
268.5547
268.5547
258.7891
258.7891
234.3750
234.3750
166.0156
166.0156
34.1797
34.1797
0.0000
0.0000
0.0000
0.0000
0.0000
0.0000
0.0000
0.0000
0.0000
0.0000
0.0000
0.0000
0.0000
0.0000
0.0000
0.0000
0.0000
0.0000
0.0000
0.0000
0.0000
0.0000
0.0000
0.0000
0.0000
0.0000
0.0000
0.0000
0.0000
0.0000
0.0000
0.0000
0.0000
0.0000
0.0000
0.0000
0.0000
0.0000
0.0000
0.0000
0.0000
0.0000
0.0000
0.0000
0.0000
0.0000
0.0000
0.0000
0.0000
0.0000
0.0000
0.0000
0.0000
0.0000
0.0000
0.0000
0.0000
0.0000
0.0000
0.0000
0.0000
0.0000
0.0000
0.0000
0.0000
0.0000
0.0000
0.0000
0.0000
0.0000
0.0000
0.0000
0.0000
0.0000
0.0000
0.0000
0.0000
0.0000
0.0000
0.0000
0.0000
0.0000
0.0000
0.0000
0.0000
0.0000
0.0000
0.0000
0.0000
0.0000
0.0000
0.0000
0.0000
0.0000
0.0000
0.0000
0.0000
0.0000
19.5312
112.3047
112.3047
141.6016
141.6016
107.4219
107.4219
83.0078
83.0078
102.5391
102.5391
102.5391
161.1328
161.1328
190.4297
190.4297
151.3672
151.3672
78.1250
78.1250
24.4141
0.0000
0.0000
19.5312
19.5312
102.5391
102.5391
156.2500
156.2500
156.2500
161.1328
102.5391
102.5391
58.5937
58.5937
53.7109
53.7109
102.5391
102.5391
126.9531
126.9531
87.8906
87.8906
9.7656
9.7656
0.0000
0.0000
0.0000
0.0000
0.0000
0.0000
9.7656
9.7656
73.2422
73.2422
92.7734
92.7734
53.7109
53.7109
9.7656
9.7656
19.5312
19.5312
73.2422
73.2422
122.0703
122.0703
107.4219
107.4219
48.8281
48.8281
4.8828
4.8828
0.0000
0.0000
14.6484
14.6484
97.6562
97.6562
190.4297
190.4297
253.9062
253.9062
244.1406
244.1406
229.4922
229.4922
253.9062
253.9062
332.0312
332.0312
429.6875
429.6875
458.9844
458.9844
444.3359
444.3359
424.8047
424.8047
434.5703
434.5703
473.6328
473.6328
566.4062
566.4062
688.4766
688.4766
781.2500
781.2500
805.6641
805.6641
800.7812
800.7812
820.3125
820.3125
888.6719
888.6719
996.0937
996.0937
1054.6875
1054.6875
1059.5703
1059.5703
1044.9219
1044.9219
1074.2187
1074.2187
1142.5781
1142.5781
1264.6484
1264.6484
1445.3125
1445.3125
1601.5625
1601.5625
1704.1016
1704.1016
1718.7500
1718.7500
1733.3984
1733.3984
1767.5781
1767.5781
1835.9375
1835.9375
1879.8828
1879.8828
1850.5859
1850.5859
1762.6953
1762.6953
1660.1562
1660.1562
1582.0312
1582.0312
1518.5547
1518.5547
1503.9062
1503.9062
1513.6719
1513.6719
1474.6094
1474.6094
1367.1875
1367.1875
1225.5859
1225.5859
1118.1641
1118.1641
1049.8047
1049.8047
1010.7422
1010.7422
927.7344
927.7344
771.4844
771.4844
571.2891
571.2891
380.8594
380.8594
209.9609
209.9609
58.5937
58.5937
0.0000
0.0000
0.0000
0.0000
0.0000
0.0000
0.0000
0.0000
0.0000
0.0000
0.0000
0.0000
0.0000
0.0000
0.0000
0.0000
0.0000
0.0000
0.0000
0.0000
0.0000
0.0000
0.0000
0.0000
0.0000
0.0000
0.0000
0.0000
0.0000
0.0000
0.0000
0.0000
0.0000
0.0000
0.0000
0.0000
0.0000
0.0000
0.0000
0.0000
0.0000
0.0000
0.0000
0.0000
0.0000
0.0000
0.0000
0.0000
0.0000
0.0000
0.0000
0.0000
0.0000
0.0000
0.0000
0.0000
0.0000
0.0000
0.0000
0.0000
0.0000
0.0000
0.0000
0.0000
0.0000
0.0000
0.0000
0.0000
0.0000
0.0000
0.0000
0.0000
0.0000
0.0000
0.0000
0.0000
0.0000
0.0000
0.0000
0.0000
0.0000
0.0000
0.0000
0.0000
0.0000
0.0000
0.0000
0.0000
0.0000
0.0000
0.0000
0.0000
0.0000
0.0000
0.0000
0.0000
0.0000
0.0000
0.0000
0.0000
0.0000
0.0000
0.0000
0.0000
0.0000
0.0000
0.0000
0.0000
0.0000
0.0000
0.0000
0.0000
0.0000
0.0000
0.0000
0.0000
0.0000
0.0000
0.0000
0.0000
0.0000
0.0000
0.0000
0.0000
0.0000
0.0000
0.0000
0.0000
0.0000
0.0000
48.8281
48.8281
175.7812
175.7812
244.1406
244.1406
239.2578
239.2578
190.4297
190.4297
170.8984
170.8984
195.3125
195.3125
239.2578
239.2578
219.7266
219.7266
151.3672
151.3672
68.3594
68.3594
14.6484
14.6484
0.0000
0.0000
43.9453
43.9453
117.1875
117.1875
156.2500
156.2500
131.8359
131.8359
83.0078
83.0078
68.3594
68.3594
112.3047
112.3047
185.5469
185.5469
209.9609
209.9609
190.4297
190.4297
151.3672
151.3672
151.3672
151.3672
185.5469
185.5469
283.2031
283.2031
415.0391
415.0391
517.5781
517.5781
561.5234
561.5234
566.4062
566.4062
590.8203
590.8203
659.1797
659.1797
776.3672
776.3672
839.8437
839.8437
849.6094
849.6094
830.0781
830.0781
834.9609
834.9609
869.1406
869.1406
952.1484
952.1484
1088.8672
1088.8672
1215.8203
1215.8203
1303.7109
1303.7109
1328.1250
1328.1250
1381.8359
1381.8359
1459.9609
1459.9609
1582.0312
1582.0312
1679.6875
1679.6875
1708.9844
1708.9844
1694.3359
1694.3359
1669.9219
1669.9219
1660.1562
1660.1562
1669.9219
1669.9219
1718.7500
1718.7500
1752.9297
1752.9297
1733.3984
1733.3984
1635.7422
1635.7422
1513.6719
1513.6719
1420.8984
1420.8984
1357.4219
1357.4219
1308.5937
1308.5937
1186.5234
1186.5234
1015.6250
1015.6250
825.1953
825.1953
654.2969
654.2969
498.0469
498.0469
385.7422
385.7422
317.3828
317.3828
209.9609
209.9609
53.7109
53.7109
0.0000
0.0000
0.0000
0.0000
0.0000
0.0000
0.0000
0.0000
0.0000
0.0000
0.0000
0.0000
0.0000
0.0000
0.0000
0.0000
0.0000
0.0000
0.0000
0.0000
0.0000
0.0000
0.0000
0.0000
0.0000
0.0000
0.0000
0.0000
0.0000
0.0000
0.0000
0.0000
0.0000
0.0000
0.0000
0.0000
0.0000
0.0000
0.0000
0.0000
0.0000
0.0000
0.0000
0.0000
0.0000
0.0000
0.0000
0.0000
0.0000
0.0000
0.0000
0.0000
0.0000
0.0000
0.0000
0.0000
0.0000
0.0000
0.0000
0.0000
0.0000
0.0000
0.0000
0.0000
0.0000
0.0000
0.0000
0.0000
0.0000
0.0000
0.0000
0.0000
0.0000
0.0000
0.0000
0.0000
0.0000
0.0000
0.0000
0.0000
0.0000
0.0000
0.0000
0.0000
0.0000
0.0000
0.0000
0.0000
0.0000
0.0000
0.0000
0.0000
0.0000
0.0000
0.0000
0.0000
0.0000
0.0000
0.0000
0.0000
0.0000
0.0000
0.0000
0.0000
0.0000
0.0000
0.0000
0.0000
0.0000
0.0000
0.0000
0.0000
9.7656
9.7656
53.7109
53.7109
39.0625
39.0625
9.7656
9.7656
0.0000
0.0000
14.6484
14.6484
78.1250
78.1250
185.5469
185.5469
258.7891
258.7891
273.4375
273.4375
244.1406
244.1406
229.4922
229.4922
263.6719
263.6719
327.1484
327.1484
346.6797
346.6797
312.5000
312.5000
253.9062
253.9062
219.7266
219.7266
214.8437
214.8437
263.6719
263.6719
361.3281
361.3281
429.6875
429.6875
444.3359
444.3359
405.2734
405.2734
390.6250
390.6250
424.8047
424.8047
512.6953
512.6953
566.4062
566.4062
561.5234
561.5234
512.6953
512.6953
478.5156
478.5156
468.7500
468.7500
493.1641
493.1641
571.2891
571.2891
639.6484
639.6484
654.2969
654.2969
610.3516
610.3516
581.0547
581.0547
590.8203
590.8203
654.2969
654.2969
727.5391
727.5391
727.5391
727.5391
688.4766
688.4766
649.4141
649.4141
639.6484
639.6484
649.4141
649.4141
717.7734
717.7734
805.6641
805.6641
854.4922
854.4922
839.8437
839.8437
795.8984
795.8984
786.1328
786.1328
805.6641
805.6641
849.6094
849.6094
839.8437
839.8437
795.8984
795.8984
727.5391
727.5391
698.2422
698.2422
703.1250
703.1250
761.7187
761.7187
878.9062
878.9062
966.7969
966.7969
1010.7422
1010.7422
996.0937
996.0937
991.2109
991.2109
1015.6250
1015.6250
1079.1016
1079.1016
1132.8125
1132.8125
1118.1641
1118.1641
1049.8047
1049.8047
981.4453
981.4453
937.5000
937.5000
913.0859
913.0859
937.5000
937.5000
971.6797
971.6797
957.0312
957.0312
864.2578
864.2578
732.4219
732.4219
634.7656
634.7656
576.1719
576.1719
537.1094
537.1094
429.6875
429.6875
258.7891
258.7891
58.5937
58.5937
0.0000
0.0000
0.0000
0.0000
0.0000
0.0000
0.0000
0.0000
0.0000
0.0000
0.0000
0.0000
0.0000
0.0000
0.0000
0.0000
0.0000
0.0000
0.0000
0.0000
0.0000
0.0000
0.0000
0.0000
0.0000
0.0000
0.0000
0.0000
0.0000
0.0000
0.0000
0.0000
0.0000
0.0000
0.0000
0.0000
0.0000
0.0000
0.0000
0.0000
0.0000
0.0000
0.0000
0.0000
0.0000
0.0000
0.0000
0.0000
0.0000
0.0000
0.0000
0.0000
0.0000
0.0000
0.0000
0.0000
0.0000
0.0000
0.0000
0.0000
0.0000
0.0000
0.0000
0.0000
0.0000
0.0000
0.0000
0.0000
0.0000
0.0000
0.0000
0.0000
0.0000
0.0000
0.0000
0.0000
0.0000
0.0000
0.0000
0.0000
0.0000
0.0000
0.0000
0.0000
0.0000
0.0000
0.0000
0.0000
0.0000
0.0000
0.0000
0.0000
0.0000
0.0000
0.0000
0.0000
0.0000
0.0000
0.0000
0.0000
0.0000
0.0000
0.0000
0.0000
0.0000
0.0000
0.0000
0.0000
0.0000
0.0000
0.0000
0.0000
0.0000
0.0000
0.0000
0.0000
0.0000
0.0000
0.0000
0.0000
0.0000
0.0000
0.0000
0.0000
39.0625
39.0625
87.8906
87.8906
83.0078
83.0078
68.3594
68.3594
68.3594
68.3594
107.4219
107.4219
209.9609
209.9609
278.3203
278.3203
292.9687
292.9687
244.1406
244.1406
205.0781
205.0781
214.8437
214.8437
292.9687
292.9687
356.4453
356.4453
361.3281
361.3281
322.2656
322.2656
307.6172
307.6172
322.2656
322.2656
366.2109
366.2109
468.7500
468.7500
546.8750
546.8750
566.4062
566.4062
517.5781
517.5781
473.6328
473.6328
473.6328
473.6328
517.5781
517.5781
551.7578
551.7578
512.6953
512.6953
439.4531
439.4531
380.8594
380.8594
346.6797
346.6797
346.6797
410.1562
410.1562
473.6328
473.6328
498.0469
498.0469
458.9844
458.9844
458.9844
429.6875
429.6875
449.2187
449.2187
527.3437
527.3437
625.0000
625.0000
673.8281
683.5937
683.5937
708.0078
708.0078
771.4844
771.4844
849.6094
849.6094
849.6094
986.3281
986.3281
1132.8125
1132.8125
1230.4687
1230.4687
1245.1172
1245.1172
1206.0547
1186.5234
1186.5234
1191.4062
1191.4062
1220.7031
1220.7031
1171.8750
1171.8750
1059.5703
1059.5703
922.8516
922.8516
815.4297
815.4297
732.4219
732.4219
693.3594
693.3594
698.2422
698.2422
659.1797
659.1797
556.6406
556.6406
405.2734
405.2734
268.5547
268.5547
180.6641
180.6641
131.8359
131.8359
48.8281
48.8281
0.0000
0.0000
0.0000
0.0000
0.0000
0.0000
0.0000
0.0000
0.0000
0.0000
0.0000
0.0000
0.0000
0.0000
0.0000
0.0000
0.0000
0.0000
0.0000
0.0000
0.0000
0.0000
0.0000
0.0000
0.0000
0.0000
0.0000
0.0000
0.0000
0.0000
0.0000
0.0000
0.0000
0.0000
0.0000
0.0000
0.0000
0.0000
0.0000
0.0000
0.0000
0.0000
0.0000
0.0000
0.0000
0.0000
0.0000
0.0000
0.0000
0.0000
87.8906
87.8906
97.6562
97.6562
48.8281
48.8281
0.0000
0.0000
0.0000
0.0000
0.0000
0.0000
0.0000
0.0000
0.0000
0.0000
0.0000
0.0000
0.0000
0.0000
0.0000
0.0000
0.0000
0.0000
0.0000
0.0000
0.0000
0.0000
0.0000
0.0000
0.0000
0.0000
0.0000
0.0000
0.0000
0.0000
0.0000
0.0000
0.0000
0.0000
0.0000
0.0000
0.0000
0.0000
0.0000
0.0000
0.0000
0.0000
0.0000
0.0000
0.0000
0.0000
117.1875
117.1875
166.0156
166.0156
161.1328
161.1328
117.1875
117.1875
92.7734
92.7734
92.7734
92.7734
141.6016
141.6016
244.1406
244.1406
302.7344
302.7344
302.7344
302.7344
268.5547
268.5547
258.7891
258.7891
302.7344
302.7344
390.6250
390.6250
424.8047
424.8047
405.2734
405.2734
356.4453
356.4453
332.0312
332.0312
322.2656
322.2656
366.2109
366.2109
454.1016
454.1016
512.6953
512.6953
517.5781
517.5781
478.5156
478.5156
468.7500
468.7500
502.9297
502.9297
585.9375
585.9375
639.6484
639.6484
639.6484
639.6484
590.8203
590.8203
561.5234
561.5234
556.6406
556.6406
590.8203
590.8203
688.4766
688.4766
761.7187
761.7187
786.1328
786.1328
737.3047
737.3047
688.4766
688.4766
678.7109
678.7109
722.6562
722.6562
771.4844
771.4844
756.8359
756.8359
693.3594
693.3594
639.6484
639.6484
615.2344
615.2344
610.3516
610.3516
664.0625
664.0625
732.4219
732.4219
751.9531
751.9531
712.8906
712.8906
649.4141
649.4141
615.2344
615.2344
629.8828
629.8828
678.7109
678.7109
678.7109
678.7109
629.8828
629.8828
551.7578
551.7578
507.8125
507.8125
498.0469
498.0469
551.7578
551.7578
668.9453
668.9453
771.4844
771.4844
839.8437
839.8437
839.8437
839.8437
849.6094
849.6094
893.5547
893.5547
981.4453
981.4453
1059.5703
1059.5703
1054.6875
1054.6875
1000.9766
1000.9766
937.5000
937.5000
893.5547
893.5547
869.1406
869.1406
893.5547
893.5547
922.8516
922.8516
893.5547
893.5547
791.0156
791.0156
659.1797
659.1797
561.5234
561.5234
498.0469
498.0469
463.8672
463.8672
366.2109
366.2109
214.8437
214.8437
24.4141
24.4141
0.0000
0.0000
0.0000
0.0000
0.0000
0.0000
0.0000
0.0000
0.0000
0.0000
0.0000
0.0000
0.0000
0.0000
0.0000
0.0000
0.0000
0.0000
0.0000
0.0000
0.0000
0.0000
0.0000
0.0000
0.0000
0.0000
0.0000
0.0000
0.0000
0.0000
0.0000
0.0000
0.0000
0.0000
0.0000
0.0000
0.0000
0.0000
0.0000
0.0000
0.0000
0.0000
0.0000
0.0000
0.0000
0.0000
0.0000
0.0000
0.0000
0.0000
0.0000
0.0000
0.0000
0.0000
0.0000
0.0000
0.0000
0.0000
0.0000
0.0000
0.0000
0.0000
0.0000
0.0000
0.0000
0.0000
0.0000
0.0000
0.0000
0.0000
0.0000
0.0000
0.0000
0.0000
0.0000
0.0000
0.0000
0.0000
0.0000
0.0000
0.0000
0.0000
0.0000
0.0000
0.0000
0.0000
0.0000
0.0000
0.0000
0.0000
0.0000
0.0000
0.0000
0.0000
0.0000
0.0000
0.0000
0.0000
0.0000
0.0000
0.0000
0.0000
0.0000
0.0000
0.0000
0.0000
0.0000
0.0000
0.0000
0.0000
0.0000
0.0000
0.0000
0.0000
0.0000
0.0000
0.0000
0.0000
0.0000
0.0000
0.0000
0.0000
0.0000
0.0000
0.0000
0.0000
0.0000
0.0000
0.0000
0.0000
0.0000
0.0000
0.0000
0.0000
0.0000
0.0000
0.0000
0.0000
0.0000
0.0000
0.0000
0.0000
0.0000
0.0000
0.0000
0.0000
0.0000
0.0000
14.6484
14.6484
102.5391
102.5391
131.8359
131.8359
126.9531
126.9531
136.7187
136.7187
180.6641
180.6641
263.6719
263.6719
405.2734
405.2734
541.9922
541.9922
625.0000
625.0000
629.8828
629.8828
639.6484
639.6484
688.4766
688.4766
786.1328
786.1328
869.1406
869.1406
874.0234
874.0234
830.0781
830.0781
786.1328
786.1328
766.6016
766.6016
781.2500
781.2500
849.6094
849.6094
893.5547
893.5547
898.4375
898.4375
825.1953
825.1953
756.8359
756.8359
737.3047
737.3047
766.6016
766.6016
791.0156
791.0156
761.7187
761.7187
693.3594
693.3594
634.7656
634.7656
610.3516
610.3516
629.8828
629.8828
722.6562
722.6562
834.9609
834.9609
908.2031
908.2031
917.9687
917.9687
898.4375
898.4375
913.0859
913.0859
971.6797
971.6797
1054.6875
1054.6875
1074.2187
1074.2187
1040.0391
1040.0391
981.4453
981.4453
937.5000
937.5000
903.3203
903.3203
908.2031
908.2031
952.1484
952.1484
957.0312
957.0312
898.4375
898.4375
791.0156
791.0156
708.0078
708.0078
659.1797
659.1797
649.4141
649.4141
595.7031
595.7031
463.8672
463.8672
292.9687
292.9687
131.8359
131.8359
0.0000
0.0000
0.0000
0.0000
0.0000
0.0000
0.0000
0.0000
0.0000
0.0000
0.0000
0.0000
0.0000
0.0000
0.0000
0.0000
0.0000
0.0000
0.0000
0.0000
0.0000
0.0000
0.0000
0.0000
0.0000
0.0000
0.0000
0.0000
0.0000
0.0000
0.0000
0.0000
0.0000
0.0000
0.0000
0.0000
0.0000
0.0000
0.0000
0.0000
0.0000
0.0000
0.0000
0.0000
0.0000
0.0000
0.0000
0.0000
0.0000
0.0000
0.0000
0.0000
0.0000
0.0000
0.0000
0.0000
29.2969
29.2969
146.4844
146.4844
214.8437
214.8437
209.9609
209.9609
151.3672
151.3672
112.3047
112.3047
122.0703
122.0703
146.4844
146.4844
102.5391
102.5391
0.0000
0.0000
0.0000
0.0000
0.0000
0.0000
0.0000
0.0000
0.0000
0.0000
0.0000
0.0000
0.0000
0.0000
0.0000
0.0000
0.0000
0.0000
0.0000
0.0000
0.0000
0.0000
0.0000
0.0000
0.0000
0.0000
0.0000
0.0000
0.0000
0.0000
0.0000
0.0000
0.0000
0.0000
0.0000
0.0000
0.0000
0.0000
0.0000
0.0000
0.0000
0.0000
0.0000
0.0000
0.0000
0.0000
0.0000
0.0000
0.0000
0.0000
0.0000
0.0000
0.0000
0.0000
0.0000
0.0000
0.0000
0.0000
0.0000
0.0000
0.0000
0.0000
0.0000
0.0000
0.0000
0.0000
0.0000
0.0000
0.0000
0.0000
0.0000
0.0000
0.0000
0.0000
0.0000
0.0000
0.0000
0.0000
0.0000
0.0000
0.0000
0.0000
0.0000
0.0000
0.0000
0.0000
0.0000
0.0000
170.8984
170.8984
322.2656
322.2656
424.8047
424.8047
458.9844
458.9844
507.8125
507.8125
595.7031
595.7031
722.6562
722.6562
810.5469
810.5469
825.1953
825.1953
791.0156
791.0156
771.4844
771.4844
781.2500
781.2500
825.1953
825.1953
932.6172
932.6172
1015.6250
1015.6250
1054.6875
1054.6875
1025.3906
1025.3906
1005.8594
1005.8594
1030.2734
1030.2734
1108.3984
1108.3984
1191.4062
1191.4062
1201.1719
1201.1719
1157.2266
1157.2266
1108.3984
1108.3984
1088.8672
1088.8672
1098.6328
1098.6328
1162.1094
1162.1094
1235.3516
1235.3516
1279.2969
1279.2969
1254.8828
1254.8828
1225.5859
1225.5859
1240.2344
1240.2344
1303.7109
1303.7109
1401.3672
1401.3672
1445.3125
1445.3125
1440.4297
1440.4297
1396.4844
1396.4844
1386.7187
1386.7187
1401.3672
1401.3672
1450.1953
1450.1953
1542.9687
1542.9687
1606.4453
1606.4453
1606.4453
1606.4453
1523.4375
1523.4375
1440.4297
1440.4297
1372.0703
1372.0703
1352.5391
1352.5391
1328.1250
1328.1250
1230.4687
1230.4687
1093.7500
1093.7500
942.3828
942.3828
825.1953
825.1953
722.6562
722.6562
678.7109
678.7109
654.2969
654.2969
576.1719
576.1719
429.6875
429.6875
229.4922
229.4922
53.7109
53.7109
0.0000
0.0000
0.0000
0.0000
0.0000
0.0000
0.0000
0.0000
0.0000
0.0000
0.0000
0.0000
0.0000
0.0000
0.0000
0.0000
0.0000
0.0000
0.0000
0.0000
0.0000
0.0000
0.0000
0.0000
0.0000
0.0000
0.0000
0.0000
0.0000
0.0000
0.0000
0.0000
0.0000
0.0000
0.0000
0.0000
0.0000
0.0000
0.0000
0.0000
0.0000
0.0000
0.0000
0.0000
0.0000
0.0000
0.0000
0.0000
0.0000
0.0000
0.0000
0.0000
0.0000
0.0000
0.0000
0.0000
0.0000
0.0000
0.0000
0.0000
0.0000
0.0000
0.0000
0.0000
0.0000
0.0000
0.0000
0.0000
0.0000
0.0000
0.0000
0.0000
0.0000
0.0000
0.0000
0.0000
0.0000
0.0000
0.0000
0.0000
0.0000
0.0000
0.0000
0.0000
0.0000
0.0000
0.0000
0.0000
0.0000
0.0000
0.0000
0.0000
0.0000
0.0000
0.0000
0.0000
0.0000
0.0000
0.0000
0.0000
0.0000
0.0000
0.0000
0.0000
0.0000
0.0000
0.0000
0.0000
0.0000
0.0000
0.0000
0.0000
0.0000
0.0000
0.0000
0.0000
0.0000
0.0000
0.0000
0.0000
0.0000
0.0000
0.0000
0.0000
0.0000
0.0000
0.0000
0.0000
0.0000
0.0000
0.0000
0.0000
0.0000
0.0000
0.0000
0.0000
0.0000
0.0000
0.0000
0.0000
0.0000
0.0000
0.0000
0.0000
0.0000
0.0000
0.0000
0.0000
0.0000
4.8828
4.8828
0.0000
0.0000
0.0000
0.0000
0.0000
0.0000
0.0000
0.0000
48.8281
48.8281
48.8281
48.8281
9.7656
9.7656
0.0000
0.0000
0.0000
0.0000
0.0000
0.0000
87.8906
87.8906
200.1953
200.1953
278.3203
278.3203
297.8516
297.8516
297.8516
297.8516
327.1484
327.1484
419.9219
419.9219
541.9922
541.9922
605.4687
605.4687
625.0000
625.0000
629.8828
629.8828
664.0625
664.0625
727.5391
727.5391
859.3750
859.3750
1030.2734
1030.2734
1162.1094
1162.1094
1225.5859
1225.5859
1230.4687
1230.4687
1250.0000
1250.0000
1303.7109
1303.7109
1381.8359
1381.8359
1401.3672
1401.3672
1357.4219
1357.4219
1264.6484
1264.6484
1186.5234
1186.5234
1127.9297
1127.9297
1098.6328
1098.6328
1118.1641
1118.1641
1093.7500
1093.7500
1015.6250
1015.6250
878.9062
878.9062
761.7187
761.7187
693.3594
693.3594
673.8281
673.8281
634.7656
634.7656
517.5781
517.5781
366.2109
366.2109
214.8437
214.8437
87.8906
87.8906
0.0000
0.0000
0.0000
0.0000
0.0000
0.0000
0.0000
0.0000
0.0000
0.0000
0.0000
0.0000
0.0000
0.0000
0.0000
0.0000
0.0000
0.0000
0.0000
0.0000
0.0000
0.0000
0.0000
0.0000
0.0000
0.0000
0.0000
0.0000
0.0000
0.0000
0.0000
0.0000
0.0000
0.0000
0.0000
0.0000
0.0000
0.0000
0.0000
0.0000
0.0000
0.0000
0.0000
0.0000
0.0000
0.0000
0.0000
0.0000
0.0000
0.0000
0.0000
0.0000
0.0000
0.0000
0.0000
0.0000
0.0000
0.0000
0.0000
0.0000
0.0000
0.0000
0.0000
0.0000
0.0000
0.0000
0.0000
0.0000
0.0000
0.0000
0.0000
0.0000
0.0000
0.0000
0.0000
0.0000
0.0000
0.0000
0.0000
0.0000
0.0000
0.0000
0.0000
0.0000
0.0000
0.0000
0.0000
0.0000
0.0000
0.0000
4.8828
4.8828
117.1875
117.1875
263.6719
263.6719
346.6797
346.6797
346.6797
346.6797
292.9687
292.9687
244.1406
244.1406
209.9609
209.9609
205.0781
205.0781
244.1406
244.1406
239.2578
239.2578
185.5469
185.5469
92.7734
92.7734
34.1797
34.1797
43.9453
43.9453
97.6562
97.6562
117.1875
117.1875
83.0078
83.0078
24.4141
24.4141
0.0000
0.0000
0.0000
0.0000
24.4141
24.4141
117.1875
117.1875
166.0156
166.0156
156.2500
156.2500
92.7734
92.7734
34.1797
34.1797
29.2969
29.2969
73.2422
73.2422
92.7734
92.7734
53.7109
53.7109
0.0000
0.0000
0.0000
0.0000
0.0000
0.0000
0.0000
0.0000
53.7109
53.7109
117.1875
117.1875
136.7187
136.7187
83.0078
83.0078
34.1797
34.1797
24.4141
24.4141
63.4766
63.4766
87.8906
87.8906
53.7109
53.7109
0.0000
0.0000
0.0000
0.0000
0.0000
0.0000
0.0000
0.0000
97.6562
97.6562
205.0781
205.0781
273.4375
273.4375
273.4375
273.4375
268.5547
268.5547
297.8516
297.8516
375.9766
375.9766
463.8672
463.8672
483.3984
483.3984
449.2187
449.2187
415.0391
415.0391
410.1562
410.1562
434.5703
434.5703
522.4609
522.4609
625.0000
625.0000
693.3594
693.3594
693.3594
693.3594
678.7109
678.7109
693.3594
693.3594
761.7187
761.7187
859.3750
859.3750
903.3203
903.3203
898.4375
898.4375
874.0234
874.0234
878.9062
878.9062
913.0859
913.0859
1005.8594
1005.8594
1142.5781
1142.5781
1250.0000
1250.0000
1303.7109
1303.7109
1289.0625
1289.0625
1298.8281
1298.8281
1342.7734
1342.7734
1430.6641
1430.6641
1499.0234
1499.0234
1499.0234
1499.0234
1455.0781
1455.0781
1430.6641
1430.6641
1435.5469
1435.5469
1450.1953
1450.1953
1513.6719
1513.6719
1562.5000
1562.5000
1562.5000
1562.5000
1479.4922
1479.4922
1376.9531
1376.9531
1298.8281
1298.8281
1259.7656
1259.7656
1240.2344
1240.2344
1147.4609
1147.4609
1000.9766
1000.9766
830.0781
830.0781
668.9453
668.9453
532.2266
532.2266
429.6875
429.6875
380.8594
380.8594
283.2031
283.2031
141.6016
141.6016
0.0000
0.0000
0.0000
0.0000
0.0000
0.0000
0.0000
0.0000
0.0000
0.0000
0.0000
0.0000
0.0000
0.0000
0.0000
0.0000
0.0000
0.0000
0.0000
0.0000
0.0000
0.0000
0.0000
0.0000
0.0000
0.0000
0.0000
0.0000
0.0000
0.0000
0.0000
0.0000
0.0000
0.0000
0.0000
0.0000
0.0000
0.0000
0.0000
0.0000
0.0000
0.0000
0.0000
0.0000
0.0000
0.0000
0.0000
0.0000
0.0000
0.0000
0.0000
0.0000
0.0000
0.0000
0.0000
0.0000
0.0000
0.0000
0.0000
0.0000
0.0000
0.0000
0.0000
0.0000
0.0000
0.0000
0.0000
0.0000
0.0000
0.0000
0.0000
0.0000
0.0000
0.0000
0.0000
0.0000
0.0000
0.0000
0.0000
0.0000
0.0000
0.0000
0.0000
0.0000
0.0000
0.0000
0.0000
0.0000
0.0000
0.0000
0.0000
0.0000
0.0000
0.0000
0.0000
0.0000
0.0000
0.0000
0.0000
0.0000
0.0000
0.0000
0.0000
0.0000
0.0000
0.0000
0.0000
0.0000
0.0000
0.0000
0.0000
0.0000
0.0000
0.0000
0.0000
0.0000
0.0000
0.0000
0.0000
0.0000
0.0000
0.0000
0.0000
0.0000
0.0000
0.0000
0.0000
0.0000
0.0000
0.0000
0.0000
0.0000
0.0000
0.0000
0.0000
0.0000
0.0000
0.0000
0.0000
0.0000
0.0000
0.0000
0.0000
0.0000
0.0000
0.0000
0.0000
0.0000
0.0000
0.0000
0.0000
0.0000
0.0000
0.0000
0.0000
0.0000
0.0000
0.0000
0.0000
0.0000
0.0000
0.0000
0.0000
0.0000
0.0000
0.0000
0.0000
0.0000
0.0000
0.0000
0.0000
0.0000
0.0000
0.0000
0.0000
0.0000
0.0000
0.0000
0.0000
0.0000
0.0000
0.0000
0.0000
0.0000
0.0000
0.0000
0.0000
0.0000
0.0000
0.0000
0.0000
0.0000
0.0000
0.0000
0.0000
0.0000
0.0000
0.0000
0.0000
0.0000
0.0000
0.0000
48.8281
48.8281
146.4844
146.4844
205.0781
205.0781
195.3125
195.3125
180.6641
180.6641
205.0781
205.0781
283.2031
283.2031
380.8594
380.8594
405.2734
405.2734
390.6250
390.6250
371.0937
371.0937
385.7422
385.7422
434.5703
434.5703
541.9922
541.9922
664.0625
664.0625
751.9531
751.9531
766.6016
766.6016
766.6016
766.6016
795.8984
795.8984
869.1406
869.1406
966.7969
966.7969
1010.7422
1010.7422
1020.5078
1020.5078
1020.5078
1020.5078
1059.5703
1059.5703
1108.3984
1108.3984
1201.1719
1201.1719
1318.3594
1318.3594
1381.8359
1381.8359
1357.4219
1357.4219
1284.1797
1284.1797
1220.7031
1220.7031
1196.2891
1196.2891
1201.1719
1201.1719
1152.3437
1152.3437
1054.6875
1054.6875
937.5000
937.5000
849.6094
849.6094
795.8984
795.8984
786.1328
786.1328
830.0781
830.0781
839.8437
839.8437
786.1328
786.1328
668.9453
668.9453
556.6406
556.6406
483.3984
483.3984
439.4531
439.4531
371.0937
371.0937
224.6094
224.6094
48.8281
48.8281
0.0000
0.0000
0.0000
0.0000
0.0000
0.0000
0.0000
0.0000
0.0000
0.0000
0.0000
0.0000
0.0000
0.0000
0.0000
0.0000
0.0000
0.0000
0.0000
0.0000
0.0000
0.0000
0.0000
0.0000
0.0000
0.0000
0.0000
0.0000
0.0000
0.0000
0.0000
0.0000
0.0000
0.0000
0.0000
0.0000
0.0000
0.0000
0.0000
0.0000
0.0000
0.0000
0.0000
0.0000
0.0000
0.0000
0.0000
0.0000
0.0000
0.0000
0.0000
0.0000
0.0000
0.0000
0.0000
0.0000
0.0000
0.0000
0.0000
0.0000
0.0000
0.0000
0.0000
0.0000
0.0000
0.0000
0.0000
0.0000
0.0000
0.0000
0.0000
0.0000
0.0000
0.0000
0.0000
0.0000
0.0000
0.0000
0.0000
0.0000
0.0000
0.0000
0.0000
0.0000
0.0000
0.0000
0.0000
0.0000
0.0000
0.0000
0.0000
0.0000
0.0000
0.0000
0.0000
0.0000
58.5937
58.5937
180.6641
180.6641
239.2578
239.2578
244.1406
244.1406
219.7266
219.7266
214.8437
214.8437
229.4922
229.4922
278.3203
278.3203
371.0937
371.0937
415.0391
415.0391
395.5078
395.5078
322.2656
322.2656
268.5547
268.5547
258.7891
258.7891
292.9687
292.9687
273.4375
273.4375
205.0781
205.0781
112.3047
112.3047
48.8281
48.8281
0.0000
0.0000
0.0000
0.0000
53.7109
68.3594
68.3594
29.2969
29.2969
0.0000
0.0000
0.0000
0.0000
0.0000
0.0000
0.0000
0.0000
0.0000
0.0000
0.0000
0.0000
0.0000
0.0000
0.0000
0.0000
0.0000
0.0000
0.0000
0.0000
0.0000
0.0000
9.7656
9.7656
9.7656
43.9453
43.9453
19.5312
19.5312
4.8828
4.8828
29.2969
29.2969
97.6562
151.3672
151.3672
136.7187
136.7187
97.6562
97.6562
73.2422
73.2422
83.0078
83.0078
83.0078
131.8359
131.8359
249.0234
249.0234
361.3281
361.3281
429.6875
439.4531
439.4531
439.4531
439.4531
483.3984
483.3984
585.9375
585.9375
678.7109
678.7109
708.0078
708.0078
703.1250
703.1250
698.2422
698.2422
727.5391
727.5391
786.1328
786.1328
898.4375
898.4375
1025.3906
1025.3906
1118.1641
1118.1641
1137.6953
1137.6953
1132.8125
1132.8125
1171.8750
1171.8750
1254.8828
1254.8828
1367.1875
1367.1875
1420.8984
1420.8984
1435.5469
1435.5469
1420.8984
1420.8984
1435.5469
1435.5469
1459.9609
1459.9609
1513.6719
1513.6719
1606.4453
1606.4453
1660.1562
1660.1562
1660.1562
1660.1562
1601.5625
1601.5625
1562.5000
1562.5000
1547.8516
1547.8516
1567.3828
1567.3828
1557.6172
1557.6172
1474.6094
1474.6094
1337.8906
1337.8906
1196.2891
1196.2891
1083.9844
1083.9844
986.3281
986.3281
932.6172
932.6172
874.0234
874.0234
756.8359
756.8359
566.4062
566.4062
341.7969
341.7969
151.3672
151.3672
0.0000
0.0000
0.0000
0.0000
0.0000
0.0000
0.0000
0.0000
0.0000
0.0000
0.0000
0.0000
0.0000
0.0000
0.0000
0.0000
0.0000
0.0000
0.0000
0.0000
0.0000
0.0000
0.0000
0.0000
0.0000
0.0000
0.0000
0.0000
0.0000
0.0000
0.0000
0.0000
0.0000
0.0000
0.0000
0.0000
0.0000
0.0000
0.0000
0.0000
0.0000
0.0000
0.0000
0.0000
0.0000
0.0000
0.0000
0.0000
0.0000
0.0000
0.0000
0.0000
0.0000
0.0000
0.0000
0.0000
0.0000
0.0000
0.0000
0.0000
0.0000
0.0000
0.0000
0.0000
0.0000
0.0000
0.0000
0.0000
0.0000
0.0000
0.0000
0.0000
0.0000
0.0000
0.0000
0.0000
0.0000
0.0000
0.0000
0.0000
0.0000
0.0000
0.0000
0.0000
0.0000
0.0000
0.0000
0.0000
0.0000
0.0000
0.0000
0.0000
0.0000
0.0000
0.0000
0.0000
0.0000
0.0000
0.0000
0.0000
0.0000
0.0000
0.0000
0.0000
0.0000
0.0000
0.0000
0.0000
0.0000
0.0000
0.0000
0.0000
0.0000
0.0000
0.0000
0.0000
0.0000
0.0000
0.0000
0.0000
0.0000
0.0000
0.0000
0.0000
0.0000
0.0000
0.0000
0.0000
0.0000
0.0000
0.0000
0.0000
0.0000
0.0000
0.0000
0.0000
0.0000
0.0000
0.0000
0.0000
0.0000
0.0000
0.0000
0.0000
0.0000
0.0000
0.0000
0.0000
0.0000
0.0000
0.0000
0.0000
0.0000
0.0000
0.0000
0.0000
0.0000
0.0000
0.0000
0.0000
0.0000
0.0000
0.0000
0.0000
0.0000
0.0000
0.0000
0.0000
0.0000
0.0000
0.0000
0.0000
0.0000
0.0000
9.7656
9.7656
92.7734
92.7734
107.4219
107.4219
122.0703
122.0703
180.6641
180.6641
278.3203
278.3203
366.2109
366.2109
380.8594
380.8594
356.4453
356.4453
336.9141
336.9141
336.9141
336.9141
366.2109
366.2109
454.1016
454.1016
532.2266
532.2266
561.5234
561.5234
527.3437
527.3437
493.1641
493.1641
502.9297
502.9297
571.2891
571.2891
639.6484
639.6484
654.2969
654.2969
639.6484
639.6484
625.0000
625.0000
634.7656
634.7656
678.7109
678.7109
786.1328
786.1328
893.5547
893.5547
947.2656
947.2656
922.8516
922.8516
878.9062
878.9062
859.3750
859.3750
893.5547
893.5547
937.5000
937.5000
922.8516
922.8516
874.0234
874.0234
815.4297
815.4297
791.0156
791.0156
800.7812
800.7812
864.2578
864.2578
966.7969
966.7969
1035.1562
1035.1562
1044.9219
1044.9219
1015.6250
1015.6250
1010.7422
1010.7422
1054.6875
1054.6875
1142.5781
1142.5781
1181.6406
1181.6406
1152.3437
1152.3437
1083.9844
1083.9844
1020.5078
1020.5078
971.6797
971.6797
952.1484
952.1484
981.4453
981.4453
981.4453
981.4453
927.7344
927.7344
805.6641
805.6641
683.5937
683.5937
605.4687
605.4687
566.4062
566.4062
532.2266
532.2266
424.8047
424.8047
278.3203
278.3203
136.7187
136.7187
34.1797
34.1797
0.0000
0.0000
0.0000
0.0000
0.0000
0.0000
0.0000
0.0000
0.0000
0.0000
0.0000
0.0000
0.0000
0.0000
0.0000
0.0000
0.0000
0.0000
0.0000
0.0000
0.0000
0.0000
0.0000
0.0000
0.0000
0.0000
0.0000
0.0000
0.0000
0.0000
0.0000
0.0000
0.0000
0.0000
0.0000
0.0000
0.0000
0.0000
0.0000
0.0000
0.0000
0.0000
0.0000
0.0000
0.0000
0.0000
0.0000
0.0000
0.0000
0.0000
0.0000
0.0000
0.0000
0.0000
0.0000
0.0000
0.0000
0.0000
0.0000
0.0000
0.0000
0.0000
0.0000
0.0000
0.0000
0.0000
0.0000
0.0000
0.0000
0.0000
0.0000
0.0000
0.0000
0.0000
0.0000
0.0000
0.0000
0.0000
0.0000
0.0000
0.0000
0.0000
0.0000
0.0000
0.0000
0.0000
0.0000
0.0000
0.0000
0.0000
0.0000
0.0000
0.0000
0.0000
0.0000
0.0000
0.0000
0.0000
0.0000
0.0000
0.0000
0.0000
0.0000
0.0000
0.0000
0.0000
0.0000
0.0000
0.0000
0.0000
0.0000
0.0000
0.0000
0.0000
0.0000
0.0000
0.0000
0.0000
0.0000
0.0000
0.0000
0.0000
0.0000
0.0000
0.0000
0.0000
0.0000
0.0000
0.0000
0.0000
0.0000
0.0000
0.0000
0.0000
0.0000
0.0000
0.0000
0.0000
0.0000
0.0000
0.0000
0.0000
0.0000
0.0000
0.0000
0.0000
0.0000
0.0000
0.0000
0.0000
0.0000
0.0000
0.0000
0.0000
0.0000
0.0000
0.0000
0.0000
0.0000
0.0000
0.0000
0.0000
107.4219
107.4219
175.7812
175.7812
175.7812
175.7812
170.8984
170.8984
209.9609
209.9609
302.7344
302.7344
395.5078
395.5078
415.0391
415.0391
395.5078
395.5078
366.2109
366.2109
371.0937
371.0937
405.2734
405.2734
502.9297
502.9297
605.4687
605.4687
673.8281
673.8281
668.9453
668.9453
649.4141
649.4141
668.9453
668.9453
737.3047
737.3047
820.3125
820.3125
849.6094
849.6094
839.8437
839.8437
815.4297
815.4297
820.3125
820.3125
839.8437
839.8437
917.9687
917.9687
1020.5078
1020.5078
1088.8672
1088.8672
1093.7500
1093.7500
1059.5703
1059.5703
1059.5703
1059.5703
1118.1641
1118.1641
1225.5859
1225.5859
1298.8281
1298.8281
1328.1250
1328.1250
1313.4766
1313.4766
1323.2422
1323.2422
1347.6562
1347.6562
1396.4844
1396.4844
1494.1406
1494.1406
1567.3828
1567.3828
1577.1484
1577.1484
1503.9062
1503.9062
1416.0156
1416.0156
1352.5391
1352.5391
1323.2422
1323.2422
1289.0625
1289.0625
1171.8750
1171.8750
1015.6250
1015.6250
839.8437
839.8437
698.2422
698.2422
576.1719
576.1719
507.8125
507.8125
458.9844
458.9844
371.0937
371.0937
219.7266
219.7266
34.1797
34.1797
0.0000
0.0000
0.0000
0.0000
0.0000
0.0000
0.0000
0.0000
0.0000
0.0000
0.0000
0.0000
0.0000
0.0000
0.0000
0.0000
0.0000
0.0000
0.0000
0.0000
0.0000
0.0000
0.0000
0.0000
0.0000
0.0000
0.0000
0.0000
0.0000
0.0000
0.0000
0.0000
0.0000
0.0000
0.0000
0.0000
0.0000
0.0000
0.0000
0.0000
0.0000
0.0000
0.0000
0.0000
0.0000
0.0000
0.0000
0.0000
0.0000
0.0000
0.0000
0.0000
0.0000
0.0000
0.0000
0.0000
0.0000
0.0000
0.0000
0.0000
0.0000
0.0000
0.0000
0.0000
0.0000
0.0000
0.0000
0.0000
0.0000
0.0000
0.0000
0.0000
0.0000
0.0000
0.0000
0.0000
0.0000
0.0000
0.0000
0.0000
0.0000
0.0000
0.0000
0.0000
0.0000
0.0000
0.0000
0.0000
0.0000
0.0000
0.0000
0.0000
0.0000
0.0000
0.0000
0.0000
0.0000
0.0000
0.0000
0.0000
0.0000
0.0000
0.0000
0.0000
0.0000
0.0000
0.0000
0.0000
0.0000
0.0000
0.0000
0.0000
0.0000
0.0000
0.0000
0.0000
0.0000
0.0000
0.0000
0.0000
0.0000
0.0000
0.0000
0.0000
0.0000
0.0000
19.5312
19.5312
0.0000
0.0000
0.0000
0.0000
0.0000
0.0000
24.4141
24.4141
83.0078
83.0078
68.3594
68.3594
14.6484
14.6484
0.0000
0.0000
0.0000
0.0000
0.0000
0.0000
0.0000
0.0000
19.5312
19.5312
19.5312
19.5312
0.0000
0.0000
0.0000
0.0000
0.0000
0.0000
0.0000
0.0000
0.0000
0.0000
0.0000
0.0000
0.0000
0.0000
0.0000
0.0000
0.0000
0.0000
0.0000
0.0000
0.0000
0.0000
102.5391
102.5391
170.8984
170.8984
170.8984
170.8984
146.4844
146.4844
156.2500
156.2500
219.7266
219.7266
292.9687
292.9687
302.7344
302.7344
278.3203
278.3203
249.0234
249.0234
253.9062
253.9062
292.9687
292.9687
395.5078
395.5078
512.6953
512.6953
585.9375
585.9375
585.9375
585.9375
566.4062
566.4062
581.0547
581.0547
639.6484
639.6484
717.7734
717.7734
732.4219
732.4219
708.0078
664.0625
664.0625
654.2969
654.2969
664.0625
664.0625
722.6562
722.6562
722.6562
820.3125
820.3125
883.7891
883.7891
883.7891
883.7891
854.4922
854.4922
859.3750
917.9687
917.9687
1020.5078
1020.5078
1083.9844
1083.9844
1098.6328
1098.6328
1079.1016
1079.1016
1079.1016
1079.1016
1079.1016
1093.7500
1093.7500
1132.8125
1132.8125
1215.8203
1269.5312
1269.5312
1254.8828
1254.8828
1171.8750
1171.8750
1083.9844
1083.9844
1030.2734
1030.2734
1030.2734
1015.6250
1015.6250
986.3281
986.3281
878.9062
878.9062
732.4219
590.8203
590.8203
473.6328
473.6328
385.7422
385.7422
356.4453
356.4453
327.1484
327.1484
253.9062
253.9062
117.1875
117.1875
0.0000
0.0000
0.0000
0.0000
0.0000
0.0000
0.0000
0.0000
0.0000
0.0000
0.0000
0.0000
0.0000
0.0000
0.0000
0.0000
0.0000
0.0000
0.0000
0.0000
0.0000
0.0000
0.0000
0.0000
0.0000
0.0000
0.0000
0.0000
0.0000
0.0000
0.0000
0.0000
0.0000
0.0000
0.0000
0.0000
0.0000
0.0000
0.0000
0.0000
0.0000
0.0000
0.0000
0.0000
0.0000
0.0000
0.0000
0.0000
0.0000
0.0000
0.0000
0.0000
0.0000
0.0000
0.0000
0.0000
0.0000
0.0000
0.0000
0.0000
0.0000
0.0000
0.0000
0.0000
0.0000
0.0000
0.0000
0.0000
0.0000
0.0000
0.0000
0.0000
0.0000
0.0000
0.0000
0.0000
0.0000
0.0000
0.0000
0.0000
0.0000
0.0000
0.0000
0.0000
0.0000
0.0000
0.0000
0.0000
0.0000
0.0000
0.0000
0.0000
0.0000
0.0000
0.0000
0.0000
0.0000
0.0000
0.0000
0.0000
0.0000
0.0000
0.0000
0.0000
0.0000
0.0000
0.0000
0.0000
0.0000
0.0000
0.0000
0.0000
0.0000
0.0000
0.0000
0.0000
0.0000
0.0000
0.0000
0.0000
0.0000
0.0000
0.0000
0.0000
0.0000
0.0000
0.0000
0.0000
0.0000
0.0000
0.0000
0.0000
0.0000
0.0000
0.0000
0.0000
0.0000
0.0000
39.0625
39.0625
34.1797
34.1797
0.0000
0.0000
0.0000
0.0000
0.0000
0.0000
0.0000
0.0000
0.0000
0.0000
14.6484
14.6484
29.2969
29.2969
0.0000
0.0000
0.0000
0.0000
0.0000
0.0000
0.0000
0.0000
0.0000
0.0000
0.0000
0.0000
0.0000
0.0000
0.0000
0.0000
0.0000
0.0000
0.0000
0.0000
0.0000
0.0000
0.0000
0.0000
0.0000
0.0000
0.0000
0.0000
0.0000
0.0000
0.0000
0.0000
0.0000
0.0000
34.1797
34.1797
53.7109
53.7109
29.2969
29.2969
0.0000
0.0000
0.0000
0.0000
14.6484
14.6484
102.5391
102.5391
224.6094
224.6094
307.6172
307.6172
327.1484
327.1484
317.3828
317.3828
341.7969
341.7969
424.8047
424.8047
537.1094
537.1094
595.7031
595.7031
605.4687
605.4687
595.7031
595.7031
610.3516
610.3516
644.5312
644.5312
722.6562
722.6562
839.8437
839.8437
917.9687
917.9687
932.6172
932.6172
898.4375
898.4375
893.5547
893.5547
932.6172
932.6172
1015.6250
1015.6250
1059.5703
1059.5703
1044.9219
1044.9219
996.0937
996.0937
981.4453
981.4453
1005.8594
1005.8594
1069.3359
1069.3359
1206.0547
1206.0547
1328.1250
1328.1250
1406.2500
1406.2500
1401.3672
1401.3672
1386.7187
1386.7187
1396.4844
1396.4844
1455.0781
1455.0781
1508.7891
1508.7891
1474.6094
1474.6094
1381.8359
1381.8359
1279.2969
1279.2969
1196.2891
1196.2891
1123.0469
1123.0469
1088.8672
1088.8672
1069.3359
1069.3359
986.3281
986.3281
825.1953
825.1953
615.2344
615.2344
444.3359
444.3359
312.5000
312.5000
214.8437
214.8437
63.4766
63.4766
0.0000
0.0000
0.0000
0.0000
0.0000
0.0000
0.0000
0.0000
0.0000
0.0000
0.0000
0.0000
0.0000
0.0000
0.0000
0.0000
0.0000
0.0000
0.0000
0.0000
0.0000
0.0000
0.0000
0.0000
0.0000
0.0000
0.0000
0.0000
0.0000
0.0000
0.0000
0.0000
0.0000
0.0000
0.0000
0.0000
0.0000
0.0000
0.0000
0.0000
0.0000
0.0000
0.0000
0.0000
0.0000
0.0000
0.0000
0.0000
0.0000
0.0000
0.0000
0.0000
0.0000
0.0000
0.0000
0.0000
0.0000
0.0000
0.0000
0.0000
0.0000
0.0000
0.0000
0.0000
0.0000
0.0000
0.0000
0.0000
0.0000
0.0000
0.0000
0.0000
0.0000
0.0000
0.0000
0.0000
0.0000
0.0000
0.0000
0.0000
0.0000
0.0000
0.0000
0.0000
0.0000
0.0000
0.0000
0.0000
0.0000
0.0000
0.0000
0.0000
0.0000
0.0000
0.0000
0.0000
0.0000
0.0000
0.0000
0.0000
0.0000
0.0000
0.0000
0.0000
0.0000
0.0000
0.0000
0.0000
0.0000
0.0000
0.0000
0.0000
0.0000
0.0000
0.0000
0.0000
0.0000
0.0000
0.0000
0.0000
0.0000
0.0000
0.0000
0.0000
0.0000
0.0000
0.0000
0.0000
0.0000
0.0000
0.0000
0.0000
0.0000
0.0000
0.0000
0.0000
0.0000
0.0000
0.0000
0.0000
0.0000
0.0000
0.0000
0.0000
0.0000
0.0000
0.0000
0.0000
0.0000
0.0000
0.0000
0.0000
0.0000
0.0000
0.0000
0.0000
0.0000
0.0000
0.0000
0.0000
0.0000
0.0000
0.0000
0.0000
0.0000
0.0000
58.5937
58.5937
161.1328
161.1328
219.7266
219.7266
219.7266
219.7266
185.5469
185.5469
180.6641
180.6641
239.2578
239.2578
332.0312
332.0312
356.4453
356.4453
336.9141
336.9141
307.6172
307.6172
312.5000
312.5000
346.6797
346.6797
439.4531
439.4531
566.4062
566.4062
659.1797
659.1797
683.5937
683.5937
673.8281
673.8281
688.4766
688.4766
751.9531
751.9531
854.4922
854.4922
903.3203
903.3203
908.2031
908.2031
878.9062
878.9062
878.9062
878.9062
898.4375
898.4375
952.1484
952.1484
1049.8047
1049.8047
1103.5156
1103.5156
1098.6328
1098.6328
1030.2734
1030.2734
981.4453
981.4453
971.6797
971.6797
1000.9766
1000.9766
1010.7422
1010.7422
961.9141
961.9141
883.7891
883.7891
830.0781
830.0781
805.6641
805.6641
815.4297
815.4297
893.5547
893.5547
966.7969
966.7969
991.2109
991.2109
947.2656
947.2656
893.5547
893.5547
878.9062
878.9062
913.0859
913.0859
957.0312
957.0312
937.5000
937.5000
869.1406
869.1406
791.0156
791.0156
747.0703
747.0703
722.6562
722.6562
751.9531
751.9531
815.4297
815.4297
834.9609
834.9609
786.1328
786.1328
688.4766
688.4766
605.4687
605.4687
566.4062
566.4062
561.5234
561.5234
512.6953
512.6953
395.5078
395.5078
249.0234
249.0234
122.0703
122.0703
24.4141
24.4141
0.0000
0.0000
0.0000
0.0000
0.0000
0.0000
0.0000
0.0000
0.0000
0.0000
0.0000
0.0000
0.0000
0.0000
0.0000
0.0000
0.0000
0.0000
0.0000
0.0000
0.0000
0.0000
0.0000
0.0000
0.0000
0.0000
0.0000
0.0000
0.0000
0.0000
0.0000
0.0000
0.0000
0.0000
0.0000
0.0000
0.0000
0.0000
0.0000
0.0000
0.0000
0.0000
0.0000
0.0000
0.0000
0.0000
0.0000
0.0000
0.0000
0.0000
0.0000
0.0000
0.0000
0.0000
0.0000
0.0000
0.0000
0.0000
0.0000
0.0000
0.0000
0.0000
0.0000
0.0000
0.0000
0.0000
0.0000
0.0000
0.0000
0.0000
0.0000
0.0000
0.0000
0.0000
0.0000
0.0000
0.0000
0.0000
0.0000
0.0000
0.0000
0.0000
0.0000
0.0000
0.0000
0.0000
0.0000
0.0000
0.0000
0.0000
0.0000
0.0000
0.0000
0.0000
0.0000
0.0000
0.0000
0.0000
0.0000
0.0000
0.0000
0.0000
0.0000
0.0000
0.0000
0.0000
0.0000
0.0000
0.0000
0.0000
0.0000
0.0000
0.0000
0.0000
0.0000
0.0000
0.0000
0.0000
0.0000
0.0000
0.0000
0.0000
0.0000
0.0000
0.0000
0.0000
0.0000
0.0000
0.0000
0.0000
0.0000
0.0000
0.0000
0.0000
0.0000
0.0000
0.0000
0.0000
0.0000
0.0000
0.0000
0.0000
0.0000
0.0000
0.0000
0.0000
0.0000
0.0000
0.0000
0.0000
0.0000
0.0000
0.0000
0.0000
0.0000
0.0000
0.0000
0.0000
0.0000
0.0000
0.0000
0.0000
63.4766
63.4766
112.3047
112.3047
117.1875
117.1875
136.7187
136.7187
205.0781
205.0781
307.6172
307.6172
366.2109
366.2109
380.8594
380.8594
366.2109
366.2109
380.8594
380.8594
424.8047
424.8047
512.6953
512.6953
654.2969
654.2969
766.6016
766.6016
825.1953
825.1953
825.1953
825.1953
839.8437
839.8437
903.3203
903.3203
1010.7422
1010.7422
1083.9844
1083.9844
1093.7500
1093.7500
1064.4531
1064.4531
1054.6875
1054.6875
1083.9844
1083.9844
1152.3437
1152.3437
1284.1797
1284.1797
1396.4844
1396.4844
1464.8437
1464.8437
1450.1953
1450.1953
1435.5469
1435.5469
1445.3125
1445.3125
1508.7891
1508.7891
1567.3828
1567.3828
1552.7344
1552.7344
1489.2578
1489.2578
1416.0156
1416.0156
1372.0703
1372.0703
1342.7734
1342.7734
1367.1875
1367.1875
1406.2500
1406.2500
1401.3672
1401.3672
1328.1250
1328.1250
1220.7031
1220.7031
1137.6953
1137.6953
1098.6328
1098.6328
1088.8672
1088.8672
1020.5078
1020.5078
893.5547
893.5547
727.5391
727.5391
566.4062
566.4062
424.8047
424.8047
307.6172
307.6172
239.2578
239.2578
117.1875
117.1875
0.0000
0.0000
0.0000
0.0000
0.0000
0.0000
0.0000
0.0000
0.0000
0.0000
0.0000
0.0000
0.0000
0.0000
0.0000
0.0000
0.0000
0.0000
0.0000
0.0000
0.0000
0.0000
0.0000
0.0000
0.0000
0.0000
0.0000
0.0000
0.0000
0.0000
0.0000
0.0000
0.0000
0.0000
0.0000
0.0000
0.0000
0.0000
0.0000
0.0000
0.0000
0.0000
0.0000
0.0000
0.0000
0.0000
0.0000
0.0000
0.0000
0.0000
0.0000
0.0000
0.0000
0.0000
0.0000
0.0000
0.0000
0.0000
0.0000
0.0000
0.0000
0.0000
0.0000
0.0000
0.0000
0.0000
0.0000
0.0000
0.0000
0.0000
0.0000
0.0000
0.0000
0.0000
0.0000
0.0000
0.0000
0.0000
0.0000
0.0000
0.0000
4.8828
4.8828
34.1797
34.1797
97.6562
97.6562
195.3125
195.3125
229.4922
229.4922
209.9609
209.9609
170.8984
170.8984
156.2500
156.2500
166.0156
166.0156
219.7266
219.7266
312.5000
312.5000
356.4453
356.4453
336.9141
336.9141
278.3203
278.3203
239.2578
239.2578
253.9062
253.9062
302.7344
302.7344
302.7344
302.7344
249.0234
249.0234
170.8984
170.8984
112.3047
112.3047
78.1250
78.1250
97.6562
97.6562
170.8984
170.8984
214.8437
214.8437
209.9609
209.9609
161.1328
161.1328
136.7187
136.7187
166.0156
166.0156
258.7891
258.7891
307.6172
307.6172
307.6172
307.6172
278.3203
278.3203
258.7891
258.7891
273.4375
273.4375
322.2656
322.2656
429.6875
429.6875
507.8125
507.8125
537.1094
537.1094
493.1641
493.1641
458.9844
458.9844
463.8672
463.8672
522.4609
522.4609
581.0547
581.0547
566.4062
566.4062
517.5781
517.5781
473.6328
473.6328
463.8672
463.8672
488.2812
488.2812
566.4062
566.4062
654.2969
654.2969
703.1250
703.1250
683.5937
683.5937
654.2969
654.2969
659.1797
659.1797
717.7734
717.7734
805.6641
805.6641
834.9609
834.9609
830.0781
830.0781
805.6641
805.6641
815.4297
815.4297
849.6094
849.6094
932.6172
932.6172
1059.5703
1059.5703
1132.8125
1132.8125
1132.8125
1132.8125
1059.5703
1059.5703
991.2109
991.2109
957.0312
957.0312
952.1484
952.1484
908.2031
908.2031
795.8984
795.8984
654.2969
654.2969
522.4609
522.4609
415.0391
415.0391
341.7969
341.7969
322.2656
322.2656
283.2031
283.2031
195.3125
195.3125
48.8281
48.8281
0.0000
0.0000
0.0000
0.0000
0.0000
0.0000
0.0000
0.0000
0.0000
0.0000
0.0000
0.0000
0.0000
0.0000
0.0000
0.0000
0.0000
0.0000
0.0000
0.0000
0.0000
0.0000
0.0000
0.0000
0.0000
0.0000
0.0000
0.0000
0.0000
0.0000
0.0000
0.0000
0.0000
0.0000
0.0000
0.0000
0.0000
0.0000
0.0000
0.0000
0.0000
0.0000
0.0000
0.0000
0.0000
0.0000
0.0000
0.0000
0.0000
0.0000
0.0000
0.0000
0.0000
0.0000
0.0000
0.0000
0.0000
0.0000
0.0000
0.0000
0.0000
0.0000
0.0000
0.0000
0.0000
0.0000
0.0000
0.0000
0.0000
0.0000
0.0000
0.0000
0.0000
0.0000
0.0000
0.0000
0.0000
0.0000
0.0000
0.0000
0.0000
0.0000
0.0000
0.0000
0.0000
0.0000
0.0000
0.0000
0.0000
0.0000
0.0000
0.0000
0.0000
0.0000
0.0000
0.0000
0.0000
0.0000
0.0000
0.0000
0.0000
0.0000
0.0000
0.0000
0.0000
0.0000
0.0000
0.0000
0.0000
0.0000
14.6484
14.6484
73.2422
73.2422
63.4766
63.4766
19.5312
19.5312
0.0000
0.0000
0.0000
0.0000
9.7656
9.7656
102.5391
102.5391
185.5469
185.5469
214.8437
214.8437
180.6641
180.6641
151.3672
151.3672
156.2500
156.2500
214.8437
214.8437
268.5547
268.5547
244.1406
244.1406
175.7812
175.7812
112.3047
112.3047
78.1250
78.1250
78.1250
78.1250
146.4844
146.4844
209.9609
209.9609
244.1406
244.1406
214.8437
214.8437
195.3125
195.3125
214.8437
214.8437
292.9687
292.9687
375.9766
375.9766
395.5078
395.5078
375.9766
375.9766
332.0312
332.0312
312.5000
312.5000
317.3828
317.3828
380.8594
380.8594
458.9844
458.9844
488.2812
488.2812
458.9844
458.9844
400.3906
400.3906
375.9766
375.9766
400.3906
400.3906
463.8672
463.8672
463.8672
463.8672
424.8047
424.8047
375.9766
375.9766
361.3281
361.3281
380.8594
380.8594
458.9844
458.9844
590.8203
590.8203
693.3594
693.3594
747.0703
747.0703
751.9531
751.9531
791.0156
791.0156
878.9062
878.9062
1025.3906
1025.3906
1157.2266
1157.2266
1225.5859
1225.5859
1240.2344
1240.2344
1259.7656
1259.7656
1308.5937
1308.5937
1367.1875
1367.1875
1469.7266
1469.7266
1552.7344
1552.7344
1572.2656
1572.2656
1508.7891
1508.7891
1411.1328
1411.1328
1342.7734
1342.7734
1313.4766
1313.4766
1293.9453
1293.9453
1206.0547
1206.0547
1064.4531
1064.4531
893.5547
893.5547
742.1875
742.1875
615.2344
615.2344
532.2266
532.2266
483.3984
483.3984
380.8594
380.8594
229.4922
229.4922
39.0625
39.0625
0.0000
0.0000
0.0000
0.0000
0.0000
0.0000
0.0000
0.0000
0.0000
0.0000
0.0000
0.0000
0.0000
0.0000
0.0000
0.0000
0.0000
0.0000
0.0000
0.0000
0.0000
0.0000
0.0000
0.0000
0.0000
0.0000
0.0000
0.0000
0.0000
0.0000
0.0000
0.0000
0.0000
0.0000
0.0000
0.0000
0.0000
0.0000
0.0000
0.0000
0.0000
0.0000
0.0000
0.0000
0.0000
0.0000
0.0000
0.0000
0.0000
0.0000
0.0000
0.0000
0.0000
0.0000
0.0000
0.0000
0.0000
0.0000
0.0000
0.0000
0.0000
0.0000
0.0000
0.0000
0.0000
0.0000
0.0000
0.0000
0.0000
0.0000
0.0000
0.0000
0.0000
0.0000
0.0000
0.0000
0.0000
0.0000
0.0000
0.0000
0.0000
0.0000
0.0000
0.0000
0.0000
0.0000
0.0000
0.0000
0.0000
0.0000
0.0000
0.0000
0.0000
0.0000
0.0000
0.0000
0.0000
0.0000
0.0000
0.0000
0.0000
0.0000
0.0000
0.0000
0.0000
0.0000
0.0000
0.0000
0.0000
0.0000
0.0000
0.0000
0.0000
0.0000
0.0000
0.0000
0.0000
0.0000
0.0000
0.0000
0.0000
0.0000
0.0000
0.0000
0.0000
0.0000
0.0000
0.0000
0.0000
0.0000
0.0000
0.0000
0.0000
0.0000
0.0000
0.0000
34.1797
34.1797
43.9453
43.9453
24.4141
24.4141
0.0000
0.0000
14.6484
14.6484
63.4766
63.4766
170.8984
170.8984
302.7344
302.7344
385.7422
385.7422
410.1562
410.1562
405.2734
405.2734
424.8047
424.8047
498.0469
498.0469
581.0547
581.0547
600.5859
600.5859
576.1719
576.1719
537.1094
537.1094
527.3437
527.3437
546.8750
546.8750
615.2344
615.2344
712.8906
712.8906
761.7187
761.7187
742.1875
742.1875
688.4766
688.4766
654.2969
654.2969
668.9453
668.9453
717.7734
717.7734
698.2422
698.2422
629.8828
629.8828
537.1094
537.1094
468.7500
468.7500
434.5703
434.5703
449.2187
449.2187
517.5781
517.5781
546.8750
546.8750
522.4609
522.4609
449.2187
449.2187
395.5078
395.5078
395.5078
395.5078
439.4531
439.4531
458.9844
458.9844
424.8047
424.8047
361.3281
361.3281
327.1484
327.1484
332.0312
332.0312
375.9766
375.9766
483.3984
483.3984
581.0547
581.0547
634.7656
634.7656
615.2344
615.2344
600.5859
600.5859
615.2344
615.2344
673.8281
673.8281
737.3047
737.3047
732.4219
732.4219
688.4766
688.4766
639.6484
639.6484
620.1172
620.1172
625.0000
625.0000
688.4766
688.4766
761.7187
761.7187
791.0156
791.0156
747.0703
747.0703
678.7109
678.7109
634.7656
634.7656
639.6484
639.6484
668.9453
668.9453
629.8828
629.8828
537.1094
537.1094
415.0391
415.0391
317.3828
317.3828
244.1406
244.1406
219.7266
219.7266
244.1406
244.1406
229.4922
229.4922
161.1328
161.1328
43.9453
43.9453
0.0000
0.0000
0.0000
0.0000
0.0000
0.0000
0.0000
0.0000
0.0000
0.0000
0.0000
0.0000
0.0000
0.0000
0.0000
0.0000
0.0000
0.0000
0.0000
0.0000
0.0000
0.0000
0.0000
0.0000
0.0000
0.0000
0.0000
0.0000
0.0000
0.0000
0.0000
0.0000
0.0000
0.0000
0.0000
0.0000
0.0000
0.0000
0.0000
0.0000
0.0000
0.0000
0.0000
0.0000
0.0000
0.0000
0.0000
0.0000
0.0000
0.0000
0.0000
0.0000
0.0000
0.0000
0.0000
0.0000
0.0000
0.0000
0.0000
0.0000
0.0000
0.0000
0.0000
0.0000
0.0000
0.0000
0.0000
0.0000
0.0000
0.0000
0.0000
0.0000
0.0000
0.0000
0.0000
0.0000
0.0000
0.0000
0.0000
0.0000
0.0000
0.0000
0.0000
0.0000
0.0000
0.0000
0.0000
0.0000
0.0000
0.0000
0.0000
0.0000
0.0000
0.0000
0.0000
0.0000
0.0000
0.0000
0.0000
0.0000
0.0000
0.0000
0.0000
0.0000
0.0000
0.0000
0.0000
0.0000
0.0000
0.0000
0.0000
0.0000
0.0000
0.0000
0.0000
0.0000
0.0000
0.0000
0.0000
0.0000
0.0000
0.0000
0.0000
0.0000
0.0000
0.0000
9.7656
9.7656
43.9453
43.9453
14.6484
14.6484
0.0000
0.0000
34.1797
34.1797
112.3047
112.3047
151.3672
151.3672
146.4844
107.4219
107.4219
107.4219
97.6562
97.6562
112.3047
112.3047
170.8984
170.8984
278.3203
278.3203
341.7969
341.7969
351.5625
351.5625
297.8516
297.8516
258.7891
258.7891
263.6719
263.6719
312.5000
312.5000
327.1484
327.1484
292.9687
292.9687
234.3750
234.3750
195.3125
195.3125
195.3125
195.3125
234.3750
234.3750
341.7969
341.7969
434.5703
478.5156
478.5156
458.9844
458.9844
458.9844
449.2187
488.2812
488.2812
488.2812
571.2891
571.2891
634.7656
634.7656
639.6484
639.6484
610.3516
590.8203
590.8203
610.3516
610.3516
654.2969
654.2969
761.7187
761.7187
859.3750
859.3750
898.4375
898.4375
869.1406
869.1406
830.0781
830.0781
825.1953
825.1953
874.0234
874.0234
937.5000
937.5000
942.3828
942.3828
922.8516
922.8516
908.2031
908.2031
947.2656
947.2656
1020.5078
1020.5078
1157.2266
1157.2266
1328.1250
1328.1250
1464.8437
1464.8437
1523.4375
1523.4375
1503.9062
1503.9062
1489.2578
1489.2578
1499.0234
1499.0234
1528.3203
1528.3203
1513.6719
1513.6719
1430.6641
1430.6641
1303.7109
1303.7109
1201.1719
1201.1719
1123.0469
1123.0469
1074.2187
1074.2187
1079.1016
1079.1016
1064.4531
1064.4531
996.0937
996.0937
854.4922
854.4922
698.2422
698.2422
566.4062
566.4062
463.8672
463.8672
366.2109
366.2109
180.6641
180.6641
0.0000
0.0000
0.0000
0.0000
0.0000
0.0000
0.0000
0.0000
0.0000
0.0000
0.0000
0.0000
0.0000
0.0000
0.0000
0.0000
0.0000
0.0000
0.0000
0.0000
0.0000
0.0000
0.0000
0.0000
0.0000
0.0000
0.0000
0.0000
0.0000
0.0000
0.0000
0.0000
0.0000
0.0000
0.0000
0.0000
0.0000
0.0000
0.0000
0.0000
0.0000
0.0000
0.0000
0.0000
0.0000
0.0000
0.0000
0.0000
0.0000
0.0000
0.0000
0.0000
0.0000
0.0000
0.0000
0.0000
0.0000
0.0000
0.0000
0.0000
0.0000
0.0000
0.0000
0.0000
0.0000
0.0000
0.0000
0.0000
0.0000
0.0000
0.0000
0.0000
0.0000
0.0000
0.0000
0.0000
0.0000
0.0000
0.0000
0.0000
0.0000
0.0000
0.0000
0.0000
0.0000
0.0000
0.0000
0.0000
0.0000
0.0000
0.0000
0.0000
0.0000
0.0000
0.0000
0.0000
0.0000
0.0000
0.0000
0.0000
0.0000
0.0000
0.0000
0.0000
0.0000
0.0000
0.0000
0.0000
0.0000
0.0000
0.0000
0.0000
0.0000
0.0000
0.0000
0.0000
0.0000
0.0000
24.4141
24.4141
14.6484
14.6484
0.0000
0.0000
19.5312
19.5312
87.8906
87.8906
131.8359
131.8359
92.7734
92.7734
19.5312
19.5312
0.0000
0.0000
0.0000
0.0000
0.0000
0.0000
58.5937
58.5937
141.6016
141.6016
185.5469
185.5469
175.7812
175.7812
170.8984
170.8984
219.7266
219.7266
322.2656
322.2656
415.0391
415.0391
444.3359
444.3359
434.5703
434.5703
429.6875
429.6875
449.2187
449.2187
498.0469
498.0469
605.4687
605.4687
698.2422
698.2422
737.3047
737.3047
698.2422
698.2422
654.2969
654.2969
644.5312
644.5312
678.7109
678.7109
717.7734
717.7734
683.5937
683.5937
605.4687
605.4687
537.1094
537.1094
498.0469
498.0469
493.1641
493.1641
556.6406
556.6406
625.0000
625.0000
649.4141
649.4141
615.2344
615.2344
556.6406
556.6406
537.1094
537.1094
561.5234
561.5234
615.2344
615.2344
610.3516
610.3516
561.5234
561.5234
502.9297
502.9297
498.0469
498.0469
527.3437
527.3437
620.1172
620.1172
756.8359
756.8359
864.2578
864.2578
898.4375
898.4375
874.0234
874.0234
859.3750
859.3750
874.0234
874.0234
917.9687
917.9687
913.0859
913.0859
834.9609
834.9609
717.7734
717.7734
610.3516
610.3516
527.3437
527.3437
478.5156
478.5156
488.2812
488.2812
468.7500
468.7500
400.3906
400.3906
258.7891
258.7891
122.0703
122.0703
19.5312
19.5312
0.0000
0.0000
0.0000
0.0000
0.0000
0.0000
0.0000
0.0000
0.0000
0.0000
0.0000
0.0000
0.0000
0.0000
0.0000
0.0000
0.0000
0.0000
0.0000
0.0000
0.0000
0.0000
0.0000
0.0000
0.0000
0.0000
0.0000
0.0000
0.0000
0.0000
0.0000
0.0000
0.0000
0.0000
0.0000
0.0000
0.0000
0.0000
0.0000
0.0000
0.0000
0.0000
0.0000
0.0000
0.0000
0.0000
0.0000
0.0000
0.0000
0.0000
0.0000
0.0000
0.0000
0.0000
0.0000
0.0000
4.8828
4.8828
0.0000
0.0000
0.0000
0.0000
0.0000
0.0000
0.0000
0.0000
0.0000
0.0000
0.0000
0.0000
0.0000
0.0000
0.0000
0.0000
0.0000
0.0000
0.0000
0.0000
0.0000
0.0000
0.0000
0.0000
0.0000
0.0000
0.0000
0.0000
0.0000
0.0000
0.0000
0.0000
0.0000
0.0000
0.0000
0.0000
0.0000
0.0000
0.0000
0.0000
0.0000
0.0000
0.0000
0.0000
0.0000
0.0000
0.0000
0.0000
0.0000
0.0000
0.0000
0.0000
0.0000
0.0000
0.0000
0.0000
0.0000
0.0000
0.0000
0.0000
0.0000
0.0000
0.0000
0.0000
0.0000
0.0000
0.0000
0.0000
0.0000
0.0000
0.0000
0.0000
0.0000
0.0000
0.0000
0.0000
0.0000
0.0000
0.0000
0.0000
0.0000
0.0000
0.0000
0.0000
0.0000
0.0000
0.0000
0.0000
0.0000
0.0000
0.0000
0.0000
4.8828
4.8828
0.0000
0.0000
0.0000
0.0000
0.0000
0.0000
0.0000
0.0000
29.2969
29.2969
19.5312
19.5312
0.0000
0.0000
0.0000
0.0000
0.0000
0.0000
9.7656
9.7656
131.8359
131.8359
258.7891
258.7891
346.6797
346.6797
371.0937
371.0937
380.8594
380.8594
415.0391
415.0391
507.8125
507.8125
615.2344
615.2344
664.0625
664.0625
664.0625
664.0625
659.1797
659.1797
683.5937
683.5937
737.3047
737.3047
849.6094
849.6094
981.4453
981.4453
1064.4531
1064.4531
1069.3359
1069.3359
1035.1562
1035.1562
1025.3906
1025.3906
1064.4531
1064.4531
1127.9297
1127.9297
1137.6953
1137.6953
1098.6328
1098.6328
1044.9219
1044.9219
1044.9219
1044.9219
1079.1016
1079.1016
1166.9922
1166.9922
1308.5937
1308.5937
1411.1328
1411.1328
1459.9609
1459.9609
1425.7812
1425.7812
1391.6016
1391.6016
1376.9531
1376.9531
1386.7187
1386.7187
1376.9531
1376.9531
1293.9453
1293.9453
1166.9922
1166.9922
1040.0391
1040.0391
937.5000
937.5000
864.2578
864.2578
844.7266
844.7266
830.0781
830.0781
771.4844
771.4844
644.5312
644.5312
493.1641
493.1641
385.7422
385.7422
322.2656
322.2656
283.2031
283.2031
180.6641
180.6641
29.2969
29.2969
0.0000
0.0000
0.0000
0.0000
0.0000
0.0000
0.0000
0.0000
0.0000
0.0000
0.0000
0.0000
0.0000
0.0000
0.0000
0.0000
0.0000
0.0000
0.0000
0.0000
0.0000
0.0000
0.0000
0.0000
0.0000
0.0000
0.0000
0.0000
0.0000
0.0000
0.0000
0.0000
0.0000
0.0000
0.0000
0.0000
0.0000
0.0000
0.0000
0.0000
0.0000
0.0000
0.0000
0.0000
0.0000
0.0000
0.0000
0.0000
0.0000
0.0000
0.0000
0.0000
0.0000
0.0000
0.0000
0.0000
0.0000
0.0000
0.0000
0.0000
0.0000
0.0000
0.0000
0.0000
0.0000
0.0000
0.0000
0.0000
0.0000
0.0000
0.0000
0.0000
0.0000
0.0000
0.0000
0.0000
0.0000
0.0000
0.0000
0.0000
0.0000
0.0000
0.0000
0.0000
0.0000
0.0000
0.0000
0.0000
0.0000
0.0000
0.0000
0.0000
0.0000
0.0000
0.0000
0.0000
0.0000
0.0000
0.0000
0.0000
0.0000
0.0000
0.0000
0.0000
0.0000
0.0000
0.0000
0.0000
0.0000
0.0000
0.0000
0.0000
0.0000
0.0000
0.0000
0.0000
0.0000
0.0000
0.0000
0.0000
0.0000
0.0000
0.0000
0.0000
0.0000
0.0000
0.0000
0.0000
0.0000
0.0000
0.0000
0.0000
0.0000
0.0000
0.0000
0.0000
0.0000
0.0000
0.0000
0.0000
0.0000
0.0000
0.0000
0.0000
0.0000
0.0000
0.0000
0.0000
0.0000
0.0000
0.0000
0.0000
0.0000
0.0000
0.0000
0.0000
0.0000
0.0000
0.0000
0.0000
0.0000
0.0000
0.0000
0.0000
0.0000
0.0000
0.0000
0.0000
0.0000
0.0000
0.0000
0.0000
0.0000
0.0000
0.0000
0.0000
4.8828
4.8828
58.5937
58.5937
48.8281
48.8281
0.0000
0.0000
0.0000
0.0000
0.0000
0.0000
0.0000
0.0000
58.5937
58.5937
141.6016
141.6016
185.5469
185.5469
166.0156
166.0156
131.8359
131.8359
151.3672
151.3672
224.6094
224.6094
292.9687
292.9687
297.8516
297.8516
263.6719
263.6719
229.4922
229.4922
224.6094
224.6094
253.9062
253.9062
346.6797
346.6797
429.6875
429.6875
468.7500
468.7500
444.3359
444.3359
405.2734
405.2734
415.0391
415.0391
473.6328
473.6328
541.9922
541.9922
541.9922
541.9922
502.9297
502.9297
458.9844
458.9844
449.2187
449.2187
463.8672
463.8672
541.9922
541.9922
634.7656
634.7656
688.4766
688.4766
668.9453
668.9453
639.6484
639.6484
639.6484
639.6484
693.3594
693.3594
766.6016
766.6016
766.6016
766.6016
742.1875
742.1875
712.8906
712.8906
722.6562
722.6562
761.7187
761.7187
859.3750
859.3750
986.3281
986.3281
1069.3359
1069.3359
1079.1016
1079.1016
1035.1562
1035.1562
1015.6250
1015.6250
1030.2734
1030.2734
1093.7500
1093.7500
1093.7500
1093.7500
1040.0391
1040.0391
942.3828
942.3828
864.2578
864.2578
810.5469
795.8984
795.8984
795.8984
844.7266
844.7266
869.1406
869.1406
844.7266
844.7266
751.9531
751.9531
668.9453
668.9453
615.2344
615.2344
615.2344
615.2344
610.3516
610.3516
541.9922
444.3359
444.3359
444.3359
351.5625
351.5625
288.0859
288.0859
249.0234
249.0234
268.5547
268.5547
292.9687
292.9687
268.5547
190.4297
190.4297
97.6562
97.6562
48.8281
48.8281
53.7109
53.7109
87.8906
87.8906
63.4766
63.4766
9.7656
9.7656
0.0000
0.0000
0.0000
0.0000
0.0000
0.0000
0.0000
0.0000
68.3594
68.3594
122.0703
122.0703
107.4219
107.4219
24.4141
24.4141
0.0000
0.0000
0.0000
0.0000
0.0000
0.0000
0.0000
0.0000
0.0000
0.0000
0.0000
0.0000
0.0000
0.0000
0.0000
0.0000
0.0000
0.0000
0.0000
0.0000
0.0000
0.0000
0.0000
0.0000
0.0000
0.0000
0.0000
0.0000
0.0000
0.0000
0.0000
0.0000
0.0000
0.0000
0.0000
0.0000
0.0000
0.0000
0.0000
0.0000
0.0000
0.0000
0.0000
0.0000
0.0000
0.0000
0.0000
0.0000
0.0000
0.0000
0.0000
0.0000
0.0000
0.0000
0.0000
0.0000
0.0000
0.0000
0.0000
0.0000
0.0000
0.0000
0.0000
0.0000
0.0000
0.0000
0.0000
0.0000
0.0000
0.0000
0.0000
0.0000
0.0000
0.0000
0.0000
0.0000
0.0000
0.0000
0.0000
0.0000
0.0000
0.0000
0.0000
0.0000
0.0000
0.0000
0.0000
0.0000
0.0000
0.0000
0.0000
0.0000
0.0000
0.0000
0.0000
0.0000
0.0000
0.0000
0.0000
0.0000
0.0000
0.0000
0.0000
0.0000
0.0000
0.0000
0.0000
0.0000
0.0000
0.0000
0.0000
0.0000
0.0000
0.0000
0.0000
0.0000
0.0000
0.0000
0.0000
0.0000
0.0000
0.0000
83.0078
83.0078
200.1953
200.1953
268.5547
268.5547
273.4375
273.4375
273.4375
273.4375
322.2656
322.2656
424.8047
424.8047
532.2266
532.2266
576.1719
576.1719
576.1719
576.1719
576.1719
576.1719
615.2344
615.2344
688.4766
688.4766
820.3125
820.3125
952.1484
952.1484
1035.1562
1035.1562
1044.9219
1044.9219
1030.2734
1030.2734
1044.9219
1044.9219
1103.5156
1103.5156
1181.6406
1181.6406
1181.6406
1181.6406
1142.5781
1142.5781
1079.1016
1079.1016
1059.5703
1059.5703
1069.3359
1069.3359
1142.5781
1142.5781
1259.7656
1259.7656
1342.7734
1342.7734
1362.3047
1362.3047
1342.7734
1342.7734
1347.6562
1347.6562
1386.7187
1386.7187
1459.9609
1459.9609
1494.1406
1494.1406
1474.6094
1474.6094
1416.0156
1416.0156
1367.1875
1367.1875
1347.6562
1347.6562
1337.8906
1337.8906
1381.8359
1381.8359
1401.3672
1401.3672
1367.1875
1367.1875
1250.0000
1250.0000
1127.9297
1127.9297
1035.1562
1035.1562
981.4453
981.4453
937.5000
937.5000
815.4297
815.4297
644.5312
644.5312
463.8672
463.8672
307.6172
307.6172
175.7812
175.7812
83.0078
83.0078
24.4141
24.4141
0.0000
0.0000
0.0000
0.0000
0.0000
0.0000
0.0000
0.0000
0.0000
0.0000
0.0000
0.0000
0.0000
0.0000
0.0000
0.0000
0.0000
0.0000
0.0000
0.0000
0.0000
0.0000
0.0000
0.0000
0.0000
0.0000
0.0000
0.0000
0.0000
0.0000
0.0000
0.0000
0.0000
0.0000
0.0000
0.0000
0.0000
0.0000
0.0000
0.0000
0.0000
0.0000
0.0000
0.0000
0.0000
0.0000
0.0000
0.0000
0.0000
0.0000
0.0000
0.0000
0.0000
0.0000
0.0000
0.0000
0.0000
0.0000
0.0000
0.0000
0.0000
0.0000
0.0000
0.0000
0.0000
0.0000
0.0000
0.0000
0.0000
0.0000
0.0000
0.0000
0.0000
0.0000
0.0000
0.0000
0.0000
0.0000
0.0000
0.0000
0.0000
0.0000
0.0000
0.0000
0.0000
0.0000
0.0000
0.0000
0.0000
0.0000
0.0000
0.0000
0.0000
0.0000
0.0000
0.0000
0.0000
0.0000
0.0000
0.0000
0.0000
0.0000
0.0000
0.0000
0.0000
0.0000
0.0000
0.0000
0.0000
0.0000
0.0000
0.0000
0.0000
0.0000
0.0000
0.0000
0.0000
0.0000
0.0000
0.0000
0.0000
0.0000
0.0000
0.0000
0.0000
0.0000
0.0000
0.0000
0.0000
0.0000
0.0000
0.0000
0.0000
0.0000
0.0000
0.0000
0.0000
0.0000
0.0000
0.0000
0.0000
0.0000
0.0000
0.0000
0.0000
0.0000
0.0000
0.0000
0.0000
0.0000
0.0000
0.0000
0.0000
0.0000
0.0000
0.0000
0.0000
0.0000
43.9453
43.9453
48.8281
48.8281
39.0625
39.0625
58.5937
58.5937
131.8359
131.8359
229.4922
229.4922
263.6719
263.6719
253.9062
253.9062
239.2578
239.2578
253.9062
253.9062
297.8516
297.8516
400.3906
400.3906
527.3437
527.3437
610.3516
610.3516
625.0000
625.0000
615.2344
615.2344
629.8828
629.8828
698.2422
698.2422
791.0156
791.0156
815.4297
815.4297
795.8984
795.8984
756.8359
756.8359
751.9531
751.9531
786.1328
786.1328
874.0234
874.0234
1015.6250
1015.6250
1118.1641
1118.1641
1157.2266
1157.2266
1147.4609
1147.4609
1157.2266
1157.2266
1201.1719
1201.1719
1274.4141
1274.4141
1298.8281
1298.8281
1230.4687
1230.4687
1118.1641
1118.1641
1005.8594
1005.8594
908.2031
908.2031
830.0781
830.0781
805.6641
805.6641
737.3047
737.3047
615.2344
615.2344
424.8047
424.8047
229.4922
229.4922
78.1250
78.1250
0.0000
0.0000
0.0000
0.0000
0.0000
0.0000
0.0000
0.0000
0.0000
0.0000
0.0000
0.0000
0.0000
0.0000
0.0000
0.0000
0.0000
0.0000
0.0000
0.0000
0.0000
0.0000
0.0000
0.0000
0.0000
0.0000
0.0000
0.0000
0.0000
0.0000
0.0000
0.0000
0.0000
0.0000
0.0000
0.0000
0.0000
0.0000
0.0000
0.0000
0.0000
0.0000
0.0000
0.0000
0.0000
0.0000
0.0000
0.0000
0.0000
0.0000
0.0000
0.0000
0.0000
0.0000
0.0000
0.0000
0.0000
0.0000
0.0000
0.0000
0.0000
0.0000
0.0000
0.0000
0.0000
0.0000
0.0000
0.0000
0.0000
0.0000
0.0000
0.0000
0.0000
0.0000
0.0000
0.0000
0.0000
0.0000
0.0000
0.0000
0.0000
0.0000
0.0000
0.0000
0.0000
0.0000
0.0000
0.0000
0.0000
0.0000
0.0000
0.0000
0.0000
0.0000
0.0000
0.0000
0.0000
0.0000
0.0000
0.0000
0.0000
0.0000
0.0000
0.0000
0.0000
0.0000
58.5937
58.5937
112.3047
112.3047
112.3047
112.3047
83.0078
83.0078
78.1250
78.1250
97.6562
97.6562
151.3672
151.3672
249.0234
249.0234
297.8516
297.8516
283.2031
283.2031
209.9609
209.9609
156.2500
156.2500
156.2500
156.2500
190.4297
190.4297
185.5469
185.5469
131.8359
131.8359
53.7109
53.7109
9.7656
9.7656
0.0000
0.0000
19.5312
19.5312
97.6562
97.6562
141.6016
141.6016
131.8359
131.8359
63.4766
63.4766
4.8828
4.8828
0.0000
0.0000
4.8828
4.8828
0.0000
0.0000
0.0000
0.0000
0.0000
0.0000
0.0000
0.0000
0.0000
0.0000
0.0000
0.0000
0.0000
0.0000
0.0000
0.0000
0.0000
0.0000
0.0000
0.0000
0.0000
0.0000
0.0000
0.0000
0.0000
0.0000
39.0625
39.0625
34.1797
34.1797
0.0000
0.0000
0.0000
0.0000
4.8828
4.8828
63.4766
63.4766
195.3125
195.3125
317.3828
317.3828
395.5078
395.5078
400.3906
400.3906
405.2734
405.2734
454.1016
454.1016
556.6406
556.6406
659.1797
659.1797
693.3594
693.3594
683.5937
683.5937
683.5937
683.5937
712.8906
712.8906
766.6016
766.6016
883.7891
883.7891
1015.6250
1015.6250
1113.2812
1113.2812
1147.4609
1147.4609
1162.1094
1162.1094
1215.8203
1215.8203
1323.2422
1323.2422
1455.0781
1455.0781
1518.5547
1518.5547
1533.2031
1533.2031
1508.7891
1508.7891
1523.4375
1523.4375
1552.7344
1552.7344
1611.3281
1611.3281
1704.1016
1704.1016
1757.8125
1757.8125
1733.3984
1733.3984
1635.7422
1635.7422
1538.0859
1538.0859
1469.7266
1469.7266
1435.5469
1435.5469
1367.1875
1367.1875
1230.4687
1230.4687
1059.5703
1059.5703
893.5547
893.5547
756.8359
756.8359
639.6484
639.6484
576.1719
576.1719
493.1641
493.1641
356.4453
356.4453
156.2500
156.2500
0.0000
0.0000
0.0000
0.0000
0.0000
0.0000
0.0000
0.0000
0.0000
0.0000
0.0000
0.0000
0.0000
0.0000
0.0000
0.0000
0.0000
0.0000
0.0000
0.0000
0.0000
0.0000
0.0000
0.0000
0.0000
0.0000
0.0000
0.0000
0.0000
0.0000
0.0000
0.0000
0.0000
0.0000
0.0000
0.0000
0.0000
0.0000
0.0000
0.0000
0.0000
0.0000
0.0000
0.0000
0.0000
0.0000
0.0000
0.0000
0.0000
0.0000
0.0000
0.0000
0.0000
0.0000
0.0000
0.0000
0.0000
0.0000
0.0000
0.0000
0.0000
0.0000
0.0000
0.0000
0.0000
0.0000
0.0000
0.0000
0.0000
0.0000
0.0000
0.0000
0.0000
0.0000
0.0000
0.0000
0.0000
0.0000
0.0000
0.0000
0.0000
0.0000
0.0000
0.0000
0.0000
0.0000
0.0000
0.0000
0.0000
0.0000
0.0000
0.0000
0.0000
0.0000
0.0000
0.0000
0.0000
0.0000
0.0000
0.0000
0.0000
0.0000
0.0000
0.0000
0.0000
0.0000
0.0000
0.0000
0.0000
0.0000
0.0000
0.0000
0.0000
0.0000
0.0000
0.0000
0.0000
0.0000
0.0000
0.0000
0.0000
0.0000
0.0000
0.0000
0.0000
0.0000
63.4766
63.4766
97.6562
63.4766
63.4766
63.4766
29.2969
29.2969
34.1797
34.1797
78.1250
78.1250
97.6562
97.6562
48.8281
48.8281
0.0000
0.0000
0.0000
0.0000
0.0000
0.0000
0.0000
0.0000
0.0000
0.0000
0.0000
0.0000
0.0000
0.0000
0.0000
0.0000
0.0000
0.0000
0.0000
0.0000
0.0000
0.0000
0.0000
0.0000
0.0000
0.0000
0.0000
0.0000
0.0000
0.0000
0.0000
0.0000
0.0000
0.0000
0.0000
0.0000
0.0000
0.0000
0.0000
0.0000
0.0000
0.0000
0.0000
0.0000
0.0000
14.6484
14.6484
92.7734
92.7734
112.3047
112.3047
83.0078
83.0078
63.4766
63.4766
78.1250
78.1250
126.9531
126.9531
234.3750
234.3750
341.7969
341.7969
400.3906
400.3906
395.5078
395.5078
380.8594
380.8594
400.3906
400.3906
473.6328
473.6328
561.5234
561.5234
585.9375
585.9375
581.0547
581.0547
585.9375
585.9375
634.7656
634.7656
717.7734
717.7734
864.2578
864.2578
1025.3906
1025.3906
1137.6953
1137.6953
1171.8750
1171.8750
1166.9922
1166.9922
1181.6406
1181.6406
1235.3516
1235.3516
1303.7109
1303.7109
1298.8281
1298.8281
1235.3516
1235.3516
1142.5781
1142.5781
1079.1016
1079.1016
1030.2734
1030.2734
1015.6250
1015.6250
1044.9219
1044.9219
1030.2734
1030.2734
952.1484
952.1484
825.1953
825.1953
717.7734
717.7734
649.4141
649.4141
620.1172
620.1172
556.6406
556.6406
439.4531
439.4531
288.0859
288.0859
161.1328
161.1328
73.2422
73.2422
19.5312
19.5312
24.4141
24.4141
9.7656
9.7656
0.0000
0.0000
0.0000
0.0000
0.0000
0.0000
0.0000
0.0000
0.0000
0.0000
0.0000
0.0000
0.0000
0.0000
0.0000
0.0000
0.0000
0.0000
0.0000
0.0000
0.0000
0.0000
0.0000
0.0000
0.0000
0.0000
0.0000
0.0000
0.0000
0.0000
0.0000
0.0000
0.0000
0.0000
0.0000
0.0000
0.0000
0.0000
0.0000
0.0000
0.0000
0.0000
0.0000
0.0000
0.0000
0.0000
0.0000
0.0000
0.0000
0.0000
0.0000
0.0000
0.0000
0.0000
0.0000
0.0000
0.0000
0.0000
0.0000
0.0000
0.0000
0.0000
0.0000
0.0000
0.0000
0.0000
0.0000
0.0000
0.0000
0.0000
0.0000
0.0000
0.0000
0.0000
0.0000
0.0000
0.0000
0.0000
0.0000
0.0000
0.0000
0.0000
0.0000
0.0000
0.0000
0.0000
0.0000
0.0000
0.0000
0.0000
0.0000
0.0000
0.0000
0.0000
0.0000
0.0000
0.0000
0.0000
29.2969
29.2969
102.5391
102.5391
200.1953
200.1953
244.1406
244.1406
209.9609
209.9609
136.7187
136.7187
92.7734
92.7734
92.7734
92.7734
122.0703
122.0703
92.7734
92.7734
24.4141
24.4141
0.0000
0.0000
0.0000
0.0000
0.0000
0.0000
0.0000
0.0000
29.2969
29.2969
68.3594
68.3594
53.7109
53.7109
0.0000
0.0000
0.0000
0.0000
0.0000
0.0000
39.0625
39.0625
34.1797
34.1797
0.0000
0.0000
0.0000
0.0000
0.0000
0.0000
0.0000
0.0000
0.0000
0.0000
58.5937
58.5937
122.0703
122.0703
131.8359
131.8359
97.6562
97.6562
87.8906
87.8906
122.0703
122.0703
195.3125
195.3125
214.8437
214.8437
190.4297
190.4297
146.4844
146.4844
141.6016
141.6016
170.8984
170.8984
249.0234
249.0234
385.7422
385.7422
493.1641
493.1641
541.9922
541.9922
537.1094
537.1094
546.8750
546.8750
595.7031
595.7031
683.5937
683.5937
742.1875
742.1875
742.1875
742.1875
698.2422
698.2422
668.9453
668.9453
673.8281
673.8281
712.8906
712.8906
810.5469
810.5469
903.3203
903.3203
942.3828
942.3828
922.8516
922.8516
913.0859
913.0859
947.2656
947.2656
1049.8047
1049.8047
1157.2266
1157.2266
1206.0547
1206.0547
1210.9375
1210.9375
1201.1719
1201.1719
1225.5859
1225.5859
1274.4141
1274.4141
1376.9531
1376.9531
1484.3750
1484.3750
1538.0859
1538.0859
1503.9062
1503.9062
1425.7812
1425.7812
1372.0703
1372.0703
1347.6562
1347.6562
1347.6562
1347.6562
1284.1797
1284.1797
1171.8750
1171.8750
1035.1562
1035.1562
922.8516
922.8516
830.0781
830.0781
776.3672
776.3672
776.3672
776.3672
727.5391
727.5391
615.2344
615.2344
444.3359
444.3359
268.5547
268.5547
136.7187
136.7187
43.9453
43.9453
0.0000
0.0000
0.0000
0.0000
0.0000
0.0000
0.0000
0.0000
0.0000
0.0000
0.0000
0.0000
0.0000
0.0000
0.0000
0.0000
0.0000
0.0000
0.0000
0.0000
0.0000
0.0000
0.0000
0.0000
0.0000
0.0000
0.0000
0.0000
0.0000
0.0000
0.0000
0.0000
0.0000
0.0000
0.0000
0.0000
0.0000
0.0000
0.0000
0.0000
0.0000
0.0000
0.0000
0.0000
0.0000
0.0000
0.0000
0.0000
0.0000
0.0000
0.0000
0.0000
0.0000
0.0000
0.0000
0.0000
0.0000
0.0000
0.0000
0.0000
0.0000
0.0000
0.0000
0.0000
0.0000
0.0000
0.0000
0.0000
0.0000
0.0000
0.0000
0.0000
0.0000
0.0000
0.0000
0.0000
0.0000
0.0000
0.0000
0.0000
0.0000
0.0000
0.0000
0.0000
0.0000
0.0000
0.0000
0.0000
0.0000
0.0000
0.0000
0.0000
0.0000
0.0000
0.0000
0.0000
0.0000
0.0000
0.0000
0.0000
0.0000
0.0000
0.0000
0.0000
0.0000
0.0000
0.0000
0.0000
0.0000
0.0000
0.0000
0.0000
0.0000
0.0000
0.0000
0.0000
43.9453
43.9453
146.4844
146.4844
190.4297
190.4297
170.8984
170.8984
102.5391
102.5391
58.5937
58.5937
78.1250
78.1250
112.3047
112.3047
87.8906
87.8906
24.4141
24.4141
0.0000
0.0000
0.0000
0.0000
0.0000
0.0000
0.0000
0.0000
92.7734
92.7734
141.6016
141.6016
126.9531
126.9531
83.0078
83.0078
73.2422
73.2422
112.3047
112.3047
170.8984
170.8984
166.0156
166.0156
112.3047
112.3047
48.8281
48.8281
19.5312
19.5312
24.4141
24.4141
92.7734
92.7734
200.1953
200.1953
268.5547
268.5547
278.3203
278.3203
258.7891
258.7891
258.7891
258.7891
312.5000
312.5000
395.5078
395.5078
415.0391
415.0391
375.9766
375.9766
327.1484
327.1484
312.5000
312.5000
332.0312
332.0312
405.2734
405.2734
522.4609
522.4609
615.2344
615.2344
654.2969
654.2969
649.4141
649.4141
664.0625
664.0625
717.7734
717.7734
815.4297
815.4297
864.2578
864.2578
859.3750
859.3750
825.1953
825.1953
815.4297
815.4297
834.9609
834.9609
893.5547
893.5547
1005.8594
1005.8594
1083.9844
1083.9844
1098.6328
1098.6328
1044.9219
1044.9219
996.0937
996.0937
986.3281
986.3281
1015.6250
1015.6250
1025.3906
1025.3906
966.7969
966.7969
854.4922
854.4922
751.9531
751.9531
673.8281
673.8281
620.1172
620.1172
625.0000
625.0000
625.0000
625.0000
581.0547
581.0547
473.6328
473.6328
361.3281
361.3281
283.2031
283.2031
258.7891
258.7891
253.9062
253.9062
185.5469
185.5469
92.7734
92.7734
0.0000
0.0000
0.0000
0.0000
0.0000
0.0000
0.0000
0.0000
0.0000
0.0000
0.0000
0.0000
0.0000
0.0000
0.0000
0.0000
0.0000
0.0000
0.0000
0.0000
0.0000
0.0000
0.0000
0.0000
0.0000
0.0000
0.0000
0.0000
0.0000
0.0000
0.0000
0.0000
0.0000
0.0000
0.0000
0.0000
0.0000
0.0000
0.0000
0.0000
0.0000
0.0000
0.0000
0.0000
0.0000
0.0000
0.0000
0.0000
0.0000
0.0000
0.0000
0.0000
0.0000
0.0000
0.0000
0.0000
0.0000
0.0000
0.0000
0.0000
0.0000
0.0000
0.0000
0.0000
0.0000
0.0000
0.0000
0.0000
0.0000
0.0000
0.0000
0.0000
0.0000
0.0000
0.0000
0.0000
0.0000
0.0000
0.0000
0.0000
0.0000
0.0000
0.0000
0.0000
0.0000
0.0000
0.0000
0.0000
0.0000
0.0000
0.0000
0.0000
0.0000
0.0000
0.0000
0.0000
0.0000
0.0000
0.0000
0.0000
0.0000
0.0000
0.0000
0.0000
0.0000
0.0000
0.0000
0.0000
0.0000
0.0000
0.0000
0.0000
0.0000
0.0000
34.1797
34.1797
73.2422
73.2422
43.9453
43.9453
19.5312
19.5312
39.0625
39.0625
102.5391
102.5391
156.2500
156.2500
151.3672
151.3672
122.0703
122.0703
107.4219
107.4219
126.9531
126.9531
185.5469
185.5469
302.7344
302.7344
410.1562
410.1562
458.9844
458.9844
444.3359
444.3359
419.9219
419.9219
429.6875
429.6875
493.1641
493.1641
546.8750
546.8750
537.1094
537.1094
493.1641
493.1641
449.2187
449.2187
439.4531
439.4531
458.9844
458.9844
546.8750
546.8750
634.7656
634.7656
673.8281
673.8281
639.6484
639.6484
595.7031
595.7031
581.0547
581.0547
615.2344
615.2344
659.1797
659.1797
634.7656
634.7656
571.2891
571.2891
493.1641
493.1641
449.2187
449.2187
449.2187
449.2187
507.8125
507.8125
595.7031
595.7031
639.6484
639.6484
620.1172
620.1172
576.1719
561.5234
561.5234
561.5234
590.8203
590.8203
649.4141
649.4141
659.1797
659.1797
620.1172
620.1172
561.5234
561.5234
546.8750
546.8750
566.4062
566.4062
639.6484
639.6484
776.3672
883.7891
883.7891
883.7891
937.5000
937.5000
913.0859
913.0859
898.4375
898.4375
917.9687
917.9687
981.4453
981.4453
1035.1562
1035.1562
1020.5078
1020.5078
966.7969
966.7969
922.8516
913.0859
913.0859
913.0859
932.6172
932.6172
1010.7422
1010.7422
1093.7500
1093.7500
1132.8125
1132.8125
1103.5156
1103.5156
1054.6875
1054.6875
1049.8047
1088.8672
1088.8672
1088.8672
1152.3437
1157.2266
1157.2266
1108.3984
1108.3984
1025.3906
1025.3906
971.6797
971.6797
932.6172
932.6172
932.6172
932.6172
971.6797
971.6797
961.9141
961.9141
883.7891
883.7891
737.3047
737.3047
595.7031
595.7031
483.3984
483.3984
415.0391
415.0391
332.0312
332.0312
190.4297
190.4297
19.5312
19.5312
0.0000
0.0000
0.0000
0.0000
0.0000
0.0000
0.0000
0.0000
0.0000
0.0000
0.0000
0.0000
0.0000
0.0000
0.0000
0.0000
0.0000
0.0000
0.0000
0.0000
0.0000
0.0000
0.0000
0.0000
0.0000
0.0000
0.0000
0.0000
0.0000
0.0000
0.0000
0.0000
0.0000
0.0000
0.0000
0.0000
0.0000
0.0000
0.0000
0.0000
0.0000
0.0000
0.0000
0.0000
0.0000
0.0000
0.0000
0.0000
0.0000
0.0000
0.0000
0.0000
0.0000
0.0000
0.0000
0.0000
0.0000
0.0000
0.0000
0.0000
0.0000
0.0000
0.0000
0.0000
0.0000
0.0000
0.0000
0.0000
0.0000
0.0000
0.0000
0.0000
0.0000
0.0000
0.0000
0.0000
0.0000
0.0000
0.0000
0.0000
0.0000
0.0000
0.0000
0.0000
0.0000
0.0000
0.0000
0.0000
0.0000
0.0000
0.0000
0.0000
0.0000
0.0000
0.0000
0.0000
0.0000
0.0000
0.0000
0.0000
0.0000
0.0000
0.0000
0.0000
0.0000
0.0000
0.0000
0.0000
0.0000
0.0000
0.0000
0.0000
0.0000
0.0000
0.0000
0.0000
0.0000
0.0000
0.0000
0.0000
0.0000
0.0000
0.0000
0.0000
0.0000
0.0000
0.0000
0.0000
0.0000
0.0000
0.0000
0.0000
0.0000
0.0000
0.0000
0.0000
73.2422
73.2422
219.7266
219.7266
327.1484
327.1484
371.0937
371.0937
366.2109
366.2109
380.8594
380.8594
439.4531
439.4531
537.1094
537.1094
576.1719
576.1719
576.1719
576.1719
541.9922
541.9922
537.1094
537.1094
561.5234
561.5234
629.8828
629.8828
747.0703
747.0703
825.1953
825.1953
839.8437
839.8437
800.7812
800.7812
781.2500
781.2500
800.7812
800.7812
849.6094
849.6094
849.6094
849.6094
786.1328
786.1328
688.4766
688.4766
620.1172
620.1172
581.0547
581.0547
581.0547
581.0547
639.6484
639.6484
668.9453
668.9453
659.1797
659.1797
600.5859
600.5859
566.4062
566.4062
581.0547
581.0547
649.4141
649.4141
703.1250
703.1250
708.0078
708.0078
678.7109
678.7109
659.1797
659.1797
668.9453
668.9453
703.1250
703.1250
786.1328
786.1328
869.1406
869.1406
893.5547
893.5547
834.9609
834.9609
756.8359
756.8359
703.1250
703.1250
693.3594
693.3594
698.2422
698.2422
634.7656
634.7656
532.2266
532.2266
419.9219
419.9219
336.9141
336.9141
273.4375
273.4375
258.7891
258.7891
268.5547
268.5547
234.3750
234.3750
131.8359
131.8359
0.0000
0.0000
0.0000
0.0000
0.0000
0.0000
0.0000
0.0000
0.0000
0.0000
0.0000
0.0000
0.0000
0.0000
0.0000
0.0000
0.0000
0.0000
0.0000
0.0000
0.0000
0.0000
0.0000
0.0000
0.0000
0.0000
0.0000
0.0000
0.0000
0.0000
0.0000
0.0000
0.0000
0.0000
0.0000
0.0000
0.0000
0.0000
0.0000
0.0000
0.0000
0.0000
0.0000
0.0000
0.0000
0.0000
0.0000
0.0000
0.0000
0.0000
0.0000
0.0000
0.0000
0.0000
0.0000
0.0000
0.0000
0.0000
0.0000
0.0000
0.0000
0.0000
0.0000
0.0000
0.0000
0.0000
0.0000
0.0000
0.0000
0.0000
0.0000
0.0000
0.0000
0.0000
0.0000
0.0000
0.0000
0.0000
0.0000
0.0000
0.0000
0.0000
0.0000
0.0000
0.0000
0.0000
0.0000
0.0000
0.0000
0.0000
0.0000
0.0000
0.0000
0.0000
0.0000
0.0000
0.0000
0.0000
0.0000
0.0000
0.0000
0.0000
0.0000
0.0000
0.0000
0.0000
0.0000
0.0000
0.0000
0.0000
0.0000
0.0000
0.0000
0.0000
0.0000
0.0000
0.0000
0.0000
0.0000
0.0000
0.0000
0.0000
0.0000
0.0000
0.0000
0.0000
0.0000
0.0000
0.0000
0.0000
0.0000
0.0000
0.0000
0.0000
0.0000
0.0000
0.0000
0.0000
73.2422
73.2422
97.6562
97.6562
87.8906
87.8906
97.6562
97.6562
141.6016
141.6016
219.7266
219.7266
351.5625
351.5625
463.8672
463.8672
527.3437
527.3437
517.5781
517.5781
507.8125
507.8125
537.1094
537.1094
610.3516
610.3516
668.9453
668.9453
668.9453
668.9453
629.8828
629.8828
605.4687
605.4687
610.3516
610.3516
654.2969
654.2969
751.9531
751.9531
839.8437
839.8437
878.9062
878.9062
839.8437
839.8437
800.7812
800.7812
795.8984
795.8984
844.7266
844.7266
893.5547
893.5547
874.0234
874.0234
815.4297
815.4297
756.8359
756.8359
722.6562
722.6562
708.0078
708.0078
742.1875
742.1875
781.2500
781.2500
771.4844
771.4844
698.2422
698.2422
600.5859
600.5859
541.9922
541.9922
527.3437
527.3437
546.8750
546.8750
507.8125
507.8125
444.3359
444.3359
375.9766
375.9766
351.5625
351.5625
361.3281
361.3281
434.5703
434.5703
561.5234
561.5234
654.2969
654.2969
698.2422
698.2422
683.5937
683.5937
688.4766
688.4766
742.1875
742.1875
839.8437
839.8437
898.4375
898.4375
893.5547
893.5547
844.7266
844.7266
815.4297
815.4297
805.6641
805.6641
839.8437
839.8437
932.6172
932.6172
1010.7422
1010.7422
1044.9219
1044.9219
1005.8594
1005.8594
966.7969
966.7969
957.0312
957.0312
986.3281
986.3281
1025.3906
1025.3906
986.3281
986.3281
903.3203
903.3203
805.6641
805.6641
747.0703
747.0703
708.0078
708.0078
722.6562
722.6562
766.6016
766.6016
756.8359
756.8359
683.5937
683.5937
561.5234
561.5234
463.8672
463.8672
400.3906
400.3906
371.0937
371.0937
288.0859
288.0859
146.4844
146.4844
0.0000
0.0000
0.0000
0.0000
0.0000
0.0000
0.0000
0.0000
0.0000
0.0000
0.0000
0.0000
0.0000
0.0000
0.0000
0.0000
0.0000
0.0000
0.0000
0.0000
0.0000
0.0000
0.0000
0.0000
0.0000
0.0000
0.0000
0.0000
0.0000
0.0000
0.0000
0.0000
0.0000
0.0000
0.0000
0.0000
0.0000
0.0000
0.0000
0.0000
0.0000
0.0000
0.0000
0.0000
0.0000
0.0000
0.0000
0.0000
0.0000
0.0000
0.0000
0.0000
0.0000
0.0000
0.0000
0.0000
0.0000
0.0000
0.0000
0.0000
0.0000
0.0000
0.0000
0.0000
0.0000
0.0000
0.0000
0.0000
0.0000
0.0000
0.0000
0.0000
0.0000
0.0000
0.0000
0.0000
0.0000
0.0000
0.0000
0.0000
0.0000
0.0000
0.0000
0.0000
0.0000
0.0000
0.0000
0.0000
0.0000
0.0000
0.0000
0.0000
0.0000
0.0000
0.0000
0.0000
0.0000
0.0000
0.0000
0.0000
0.0000
0.0000
0.0000
0.0000
0.0000
0.0000
0.0000
0.0000
0.0000
0.0000
0.0000
0.0000
0.0000
0.0000
0.0000
0.0000
0.0000
0.0000
0.0000
0.0000
0.0000
0.0000
0.0000
0.0000
0.0000
0.0000
0.0000
0.0000
0.0000
0.0000
0.0000
0.0000
0.0000
0.0000
0.0000
0.0000
0.0000
0.0000
0.0000
0.0000
34.1797
34.1797
117.1875
117.1875
131.8359
131.8359
117.1875
117.1875
131.8359
131.8359
205.0781
205.0781
302.7344
302.7344
327.1484
327.1484
302.7344
302.7344
263.6719
263.6719
258.7891
258.7891
278.3203
278.3203
356.4453
356.4453
458.9844
458.9844
512.6953
512.6953
498.0469
498.0469
449.2187
449.2187
434.5703
434.5703
478.5156
478.5156
537.1094
537.1094
537.1094
537.1094
483.3984
483.3984
415.0391
415.0391
380.8594
380.8594
371.0937
371.0937
419.9219
419.9219
512.6953
512.6953
561.5234
561.5234
551.7578
551.7578
502.9297
502.9297
493.1641
493.1641
532.2266
532.2266
620.1172
620.1172
659.1797
659.1797
649.4141
649.4141
620.1172
620.1172
629.8828
629.8828
659.1797
659.1797
722.6562
722.6562
844.7266
844.7266
922.8516
922.8516
942.3828
942.3828
893.5547
893.5547
844.7266
844.7266
825.1953
825.1953
839.8437
839.8437
825.1953
825.1953
742.1875
742.1875
629.8828
629.8828
522.4609
522.4609
444.3359
444.3359
395.5078
395.5078
410.1562
410.1562
410.1562
410.1562
346.6797
346.6797
224.6094
224.6094
92.7734
92.7734
4.8828
4.8828
0.0000
0.0000
0.0000
0.0000
0.0000
0.0000
0.0000
0.0000
0.0000
0.0000
0.0000
0.0000
0.0000
0.0000
