537.1094
449.2187
449.2187
263.6719
263.6719
0.0000
0.0000
0.0000
0.0000
0.0000
0.0000
0.0000
0.0000
0.0000
0.0000
0.0000
0.0000
0.0000
0.0000
0.0000
0.0000
0.0000
0.0000
0.0000
0.0000
0.0000
0.0000
0.0000
0.0000
0.0000
0.0000
0.0000
0.0000
268.5547
268.5547
502.9297
502.9297
629.8828
629.8828
678.7109
678.7109
664.0625
664.0625
615.2344
615.2344
566.4062
566.4062
537.1094
537.1094
527.3437
527.3437
537.1094
537.1094
576.1719
576.1719
595.7031
595.7031
600.5859
600.5859
620.1172
620.1172
649.4141
649.4141
678.7109
678.7109
683.5937
683.5937
708.0078
708.0078
698.2422
698.2422
649.4141
649.4141
537.1094
537.1094
380.8594
380.8594
141.6016
141.6016
0.0000
0.0000
0.0000
0.0000
0.0000
0.0000
0.0000
0.0000
0.0000
0.0000
0.0000
0.0000
0.0000
0.0000
0.0000
0.0000
0.0000
0.0000
0.0000
0.0000
0.0000
0.0000
0.0000
0.0000
0.0000
0.0000
302.7344
302.7344
498.0469
498.0469
639.6484
639.6484
698.2422
698.2422
703.1250
703.1250
649.4141
649.4141
585.9375
585.9375
546.8750
546.8750
546.8750
546.8750
556.6406
556.6406
561.5234
561.5234
571.2891
571.2891
605.4687
605.4687
629.8828
629.8828
649.4141
649.4141
668.9453
668.9453
693.3594
693.3594
708.0078
708.0078
664.0625
664.0625
556.6406
556.6406
395.5078
395.5078
190.4297
190.4297
0.0000
0.0000
0.0000
0.0000
0.0000
0.0000
0.0000
0.0000
0.0000
0.0000
0.0000
0.0000
0.0000
0.0000
0.0000
0.0000
0.0000
0.0000
0.0000
0.0000
0.0000
0.0000
0.0000
0.0000
83.0078
83.0078
390.6250
390.6250
620.1172
620.1172
805.6641
805.6641
874.0234
874.0234
854.4922
854.4922
761.7187
761.7187
668.9453
668.9453
595.7031
595.7031
571.2891
571.2891
556.6406
556.6406
571.2891
571.2891
600.5859
600.5859
625.0000
625.0000
644.5312
644.5312
654.2969
654.2969
683.5937
683.5937
708.0078
708.0078
698.2422
698.2422
703.1250
703.1250
673.8281
673.8281
576.1719
576.1719
405.2734
405.2734
146.4844
146.4844
0.0000
0.0000
0.0000
0.0000
0.0000
0.0000
0.0000
0.0000
0.0000
0.0000
0.0000
0.0000
0.0000
0.0000
0.0000
0.0000
0.0000
0.0000
0.0000
0.0000
0.0000
0.0000
0.0000
0.0000
0.0000
0.0000
102.5391
102.5391
341.7969
341.7969
493.1641
493.1641
576.1719
576.1719
590.8203
590.8203
541.9922
541.9922
493.1641
493.1641
434.5703
434.5703
424.8047
424.8047
439.4531
439.4531
454.1016
454.1016
473.6328
473.6328
483.3984
483.3984
512.6953
512.6953
532.2266
532.2266
546.8750
546.8750
561.5234
561.5234
585.9375
585.9375
585.9375
585.9375
507.8125
507.8125
317.3828
317.3828
97.6562
97.6562
0.0000
0.0000
0.0000
0.0000
0.0000
0.0000
0.0000
0.0000
0.0000
0.0000
0.0000
0.0000
0.0000
0.0000
0.0000
0.0000
0.0000
0.0000
0.0000
0.0000
0.0000
0.0000
0.0000
0.0000
0.0000
0.0000
19.5312
19.5312
288.0859
288.0859
488.2812
488.2812
600.5859
600.5859
620.1172
620.1172
571.2891
571.2891
507.8125
507.8125
444.3359
444.3359
429.6875
429.6875
434.5703
434.5703
434.5703
434.5703
449.2187
449.2187
463.8672
463.8672
498.0469
498.0469
522.4609
522.4609
556.6406
556.6406
571.2891
571.2891
595.7031
595.7031
615.2344
615.2344
625.0000
625.0000
610.3516
610.3516
556.6406
556.6406
458.9844
458.9844
234.3750
234.3750
0.0000
0.0000
0.0000
0.0000
0.0000
0.0000
0.0000
0.0000
0.0000
0.0000
0.0000
0.0000
0.0000
0.0000
0.0000
0.0000
0.0000
0.0000
0.0000
0.0000
0.0000
0.0000
0.0000
0.0000
0.0000
0.0000
63.4766
63.4766
273.4375
273.4375
439.4531
502.9297
502.9297
512.6953
512.6953
493.1641
493.1641
458.9844
458.9844
458.9844
424.8047
424.8047
400.3906
400.3906
390.6250
390.6250
415.0391
415.0391
439.4531
468.7500
468.7500
507.8125
507.8125
532.2266
532.2266
541.9922
541.9922
556.6406
556.6406
556.6406
581.0547
581.0547
556.6406
556.6406
449.2187
258.7891
258.7891
48.8281
48.8281
0.0000
0.0000
0.0000
0.0000
0.0000
0.0000
0.0000
0.0000
0.0000
0.0000
0.0000
0.0000
0.0000
0.0000
0.0000
0.0000
0.0000
0.0000
0.0000
0.0000
0.0000
0.0000
0.0000
0.0000
0.0000
0.0000
0.0000
53.7109
327.1484
327.1484
532.2266
532.2266
600.5859
600.5859
610.3516
610.3516
561.5234
561.5234
498.0469
498.0469
429.6875
429.6875
410.1562
410.1562
410.1562
410.1562
429.6875
429.6875
444.3359
444.3359
488.2812
488.2812
522.4609
522.4609
541.9922
541.9922
551.7578
551.7578
571.2891
571.2891
620.1172
620.1172
634.7656
634.7656
610.3516
610.3516
561.5234
561.5234
454.1016
454.1016
283.2031
283.2031
0.0000
0.0000
0.0000
0.0000
0.0000
0.0000
0.0000
0.0000
0.0000
0.0000
0.0000
0.0000
0.0000
0.0000
0.0000
0.0000
0.0000
0.0000
0.0000
0.0000
0.0000
0.0000
0.0000
0.0000
0.0000
0.0000
97.6562
97.6562
341.7969
341.7969
517.5781
517.5781
605.4687
605.4687
615.2344
615.2344
566.4062
566.4062
512.6953
512.6953
483.3984
483.3984
454.1016
454.1016
444.3359
444.3359
458.9844
458.9844
488.2812
488.2812
512.6953
512.6953
517.5781
517.5781
537.1094
537.1094
566.4062
566.4062
615.2344
615.2344
644.5312
644.5312
615.2344
615.2344
566.4062
566.4062
405.2734
405.2734
205.0781
205.0781
0.0000
0.0000
0.0000
0.0000
0.0000
0.0000
0.0000
0.0000
0.0000
0.0000
0.0000
0.0000
0.0000
0.0000
0.0000
0.0000
0.0000
0.0000
0.0000
0.0000
0.0000
0.0000
0.0000
0.0000
0.0000
0.0000
14.6484
14.6484
302.7344
302.7344
517.5781
517.5781
629.8828
629.8828
625.0000
625.0000
585.9375
585.9375
532.2266
532.2266
483.3984
483.3984
449.2187
449.2187
429.6875
429.6875
449.2187
449.2187
483.3984
483.3984
502.9297
502.9297
517.5781
517.5781
551.7578
551.7578
581.0547
581.0547
610.3516
610.3516
629.8828
629.8828
634.7656
634.7656
644.5312
644.5312
625.0000
625.0000
571.2891
571.2891
468.7500
468.7500
268.5547
268.5547
0.0000
0.0000
0.0000
0.0000
0.0000
0.0000
0.0000
0.0000
0.0000
0.0000
0.0000
0.0000
0.0000
0.0000
0.0000
0.0000
0.0000
0.0000
0.0000
0.0000
0.0000
0.0000
0.0000
0.0000
0.0000
0.0000
14.6484
14.6484
268.5547
268.5547
439.4531
439.4531
532.2266
532.2266
561.5234
561.5234
512.6953
512.6953
454.1016
454.1016
410.1562
410.1562
380.8594
380.8594
385.7422
385.7422
419.9219
419.9219
449.2187
449.2187
483.3984
483.3984
493.1641
493.1641
527.3437
527.3437
541.9922
541.9922
576.1719
576.1719
595.7031
595.7031
600.5859
600.5859
595.7031
595.7031
507.8125
507.8125
317.3828
317.3828
53.7109
53.7109
0.0000
0.0000
0.0000
0.0000
0.0000
0.0000
0.0000
0.0000
0.0000
0.0000
0.0000
0.0000
0.0000
0.0000
0.0000
0.0000
0.0000
0.0000
0.0000
0.0000
0.0000
0.0000
0.0000
0.0000
0.0000
0.0000
185.5469
185.5469
415.0391
415.0391
581.0547
581.0547
625.0000
625.0000
600.5859
600.5859
537.1094
537.1094
478.5156
478.5156
424.8047
424.8047
424.8047
424.8047
444.3359
444.3359
473.6328
473.6328
493.1641
493.1641
502.9297
502.9297
522.4609
522.4609
556.6406
556.6406
600.5859
600.5859
615.2344
615.2344
620.1172
620.1172
639.6484
639.6484
600.5859
600.5859
493.1641
493.1641
356.4453
356.4453
185.5469
185.5469
0.0000
0.0000
0.0000
0.0000
0.0000
0.0000
0.0000
0.0000
0.0000
0.0000
0.0000
0.0000
0.0000
0.0000
0.0000
0.0000
0.0000
0.0000
0.0000
0.0000
0.0000
0.0000
0.0000
0.0000
73.2422
73.2422
346.6797
346.6797
556.6406
556.6406
673.8281
673.8281
722.6562
722.6562
703.1250
703.1250
629.8828
629.8828
556.6406
556.6406
512.6953
512.6953
507.8125
507.8125
507.8125
507.8125
512.6953
512.6953
522.4609
522.4609
566.4062
566.4062
605.4687
605.4687
620.1172
620.1172
639.6484
639.6484
654.2969
654.2969
654.2969
654.2969
581.0547
581.0547
429.6875
429.6875
249.0234
249.0234
53.7109
53.7109
0.0000
0.0000
0.0000
0.0000
0.0000
0.0000
0.0000
0.0000
0.0000
0.0000
0.0000
0.0000
0.0000
0.0000
0.0000
0.0000
0.0000
0.0000
0.0000
0.0000
0.0000
0.0000
0.0000
0.0000
34.1797
34.1797
336.9141
336.9141
576.1719
576.1719
732.4219
732.4219
786.1328
786.1328
732.4219
732.4219
639.6484
639.6484
541.9922
541.9922
488.2812
488.2812
468.7500
468.7500
463.8672
463.8672
488.2812
488.2812
522.4609
522.4609
551.7578
551.7578
581.0547
581.0547
605.4687
605.4687
625.0000
625.0000
629.8828
629.8828
629.8828
629.8828
625.0000
625.0000
576.1719
576.1719
458.9844
458.9844
283.2031
283.2031
29.2969
29.2969
0.0000
0.0000
0.0000
0.0000
0.0000
0.0000
0.0000
0.0000
0.0000
0.0000
0.0000
0.0000
0.0000
0.0000
0.0000
0.0000
0.0000
0.0000
0.0000
0.0000
0.0000
0.0000
0.0000
0.0000
0.0000
0.0000
166.0156
166.0156
385.7422
385.7422
537.1094
537.1094
590.8203
590.8203
566.4062
566.4062
498.0469
498.0469
429.6875
429.6875
390.6250
390.6250
385.7422
385.7422
395.5078
395.5078
419.9219
419.9219
444.3359
444.3359
468.7500
468.7500
498.0469
498.0469
517.5781
517.5781
527.3437
527.3437
551.7578
551.7578
561.5234
561.5234
551.7578
551.7578
449.2187
449.2187
253.9062
253.9062
19.5312
19.5312
0.0000
0.0000
0.0000
0.0000
0.0000
0.0000
0.0000
0.0000
0.0000
0.0000
0.0000
0.0000
0.0000
0.0000
0.0000
0.0000
0.0000
0.0000
0.0000
0.0000
0.0000
0.0000
0.0000
0.0000
0.0000
0.0000
170.8984
170.8984
395.5078
395.5078
527.3437
527.3437
561.5234
561.5234
546.8750
546.8750
488.2812
488.2812
434.5703
434.5703
405.2734
405.2734
390.6250
390.6250
410.1562
410.1562
424.8047
424.8047
434.5703
434.5703
463.8672
463.8672
498.0469
498.0469
527.3437
527.3437
541.9922
541.9922
556.6406
556.6406
566.4062
566.4062
590.8203
590.8203
556.6406
556.6406
473.6328
473.6328
332.0312
332.0312
117.1875
117.1875
0.0000
0.0000
0.0000
0.0000
0.0000
0.0000
0.0000
0.0000
0.0000
0.0000
0.0000
0.0000
0.0000
0.0000
0.0000
0.0000
0.0000
0.0000
0.0000
0.0000
0.0000
0.0000
0.0000
0.0000
19.5312
19.5312
292.9687
292.9687
512.6953
512.6953
649.4141
649.4141
708.0078
708.0078
673.8281
673.8281
600.5859
600.5859
541.9922
541.9922
493.1641
493.1641
463.8672
463.8672
454.1016
454.1016
468.7500
468.7500
498.0469
498.0469
537.1094
537.1094
561.5234
561.5234
585.9375
585.9375
600.5859
600.5859
610.3516
610.3516
581.0547
581.0547
493.1641
493.1641
322.2656
322.2656
63.4766
63.4766
0.0000
0.0000
0.0000
0.0000
0.0000
0.0000
0.0000
0.0000
0.0000
0.0000
0.0000
0.0000
0.0000
0.0000
0.0000
0.0000
0.0000
0.0000
0.0000
0.0000
0.0000
0.0000
0.0000
0.0000
0.0000
0.0000
0.0000
0.0000
156.2500
156.2500
366.2109
366.2109
483.3984
483.3984
502.9297
502.9297
473.6328
473.6328
419.9219
419.9219
385.7422
385.7422
356.4453
356.4453
351.5625
351.5625
375.9766
375.9766
415.0391
415.0391
449.2187
449.2187
478.5156
478.5156
498.0469
498.0469
532.2266
532.2266
551.7578
551.7578
556.6406
556.6406
566.4062
566.4062
581.0547
581.0547
585.9375
585.9375
512.6953
512.6953
371.0937
371.0937
136.7187
136.7187
0.0000
0.0000
0.0000
0.0000
0.0000
0.0000
0.0000
0.0000
0.0000
0.0000
0.0000
0.0000
0.0000
0.0000
0.0000
0.0000
0.0000
0.0000
0.0000
0.0000
0.0000
0.0000
0.0000
0.0000
0.0000
0.0000
175.7812
175.7812
400.3906
400.3906
546.8750
546.8750
600.5859
600.5859
600.5859
600.5859
546.8750
546.8750
493.1641
493.1641
449.2187
449.2187
454.1016
454.1016
468.7500
468.7500
468.7500
468.7500
498.0469
498.0469
522.4609
522.4609
541.9922
541.9922
546.8750
546.8750
561.5234
561.5234
595.7031
595.7031
625.0000
625.0000
649.4141
649.4141
585.9375
585.9375
454.1016
454.1016
239.2578
239.2578
0.0000
0.0000
0.0000
0.0000
0.0000
0.0000
0.0000
0.0000
0.0000
0.0000
0.0000
0.0000
0.0000
0.0000
0.0000
0.0000
0.0000
0.0000
0.0000
0.0000
0.0000
0.0000
0.0000
0.0000
0.0000
0.0000
0.0000
0.0000
175.7812
175.7812
410.1562
410.1562
561.5234
561.5234
615.2344
615.2344
585.9375
585.9375
532.2266
532.2266
483.3984
483.3984
463.8672
454.1016
454.1016
454.1016
454.1016
468.7500
468.7500
498.0469
498.0469
498.0469
527.3437
527.3437
537.1094
537.1094
556.6406
556.6406
590.8203
590.8203
615.2344
615.2344
639.6484
629.8828
629.8828
585.9375
585.9375
483.3984
483.3984
317.3828
317.3828
317.3828
87.8906
87.8906
0.0000
0.0000
0.0000
0.0000
0.0000
0.0000
0.0000
0.0000
0.0000
0.0000
0.0000
0.0000
0.0000
0.0000
0.0000
0.0000
0.0000
0.0000
0.0000
0.0000
0.0000
0.0000
0.0000
0.0000
0.0000
268.5547
268.5547
498.0469
498.0469
659.1797
659.1797
722.6562
722.6562
712.8906
712.8906
659.1797
659.1797
595.7031
595.7031
532.2266
532.2266
507.8125
507.8125
502.9297
502.9297
527.3437
527.3437
546.8750
546.8750
566.4062
566.4062
585.9375
585.9375
605.4687
605.4687
620.1172
620.1172
649.4141
649.4141
634.7656
634.7656
561.5234
561.5234
375.9766
375.9766
146.4844
146.4844
0.0000
0.0000
0.0000
0.0000
0.0000
0.0000
0.0000
0.0000
0.0000
0.0000
0.0000
0.0000
0.0000
0.0000
0.0000
0.0000
0.0000
0.0000
0.0000
0.0000
0.0000
0.0000
0.0000
0.0000
0.0000
0.0000
34.1797
34.1797
317.3828
317.3828
546.8750
546.8750
668.9453
668.9453
693.3594
693.3594
659.1797
659.1797
576.1719
576.1719
502.9297
502.9297
468.7500
468.7500
458.9844
458.9844
483.3984
483.3984
493.1641
493.1641
527.3437
527.3437
556.6406
556.6406
571.2891
571.2891
581.0547
581.0547
590.8203
590.8203
625.0000
625.0000
644.5312
644.5312
654.2969
654.2969
615.2344
615.2344
527.3437
527.3437
346.6797
346.6797
9.7656
9.7656
0.0000
0.0000
0.0000
0.0000
0.0000
0.0000
0.0000
0.0000
0.0000
0.0000
0.0000
0.0000
0.0000
0.0000
0.0000
0.0000
0.0000
0.0000
0.0000
0.0000
0.0000
0.0000
0.0000
0.0000
0.0000
0.0000
0.0000
0.0000
200.1953
200.1953
336.9141
336.9141
400.3906
400.3906
400.3906
400.3906
390.6250
390.6250
375.9766
375.9766
351.5625
351.5625
346.6797
346.6797
356.4453
356.4453
390.6250
390.6250
419.9219
419.9219
434.5703
434.5703
444.3359
444.3359
483.3984
483.3984
532.2266
532.2266
556.6406
556.6406
571.2891
571.2891
571.2891
571.2891
522.4609
522.4609
385.7422
385.7422
175.7812
175.7812
0.0000
0.0000
0.0000
0.0000
0.0000
0.0000
0.0000
0.0000
0.0000
0.0000
0.0000
0.0000
0.0000
0.0000
0.0000
0.0000
0.0000
0.0000
0.0000
0.0000
0.0000
0.0000
0.0000
0.0000
0.0000
0.0000
126.9531
126.9531
410.1562
410.1562
585.9375
585.9375
688.4766
688.4766
693.3594
693.3594
654.2969
654.2969
595.7031
595.7031
537.1094
537.1094
493.1641
493.1641
493.1641
493.1641
512.6953
512.6953
537.1094
537.1094
551.7578
551.7578
576.1719
576.1719
605.4687
605.4687
639.6484
639.6484
659.1797
659.1797
668.9453
668.9453
668.9453
668.9453
654.2969
654.2969
581.0547
581.0547
463.8672
463.8672
278.3203
278.3203
0.0000
0.0000
0.0000
0.0000
0.0000
0.0000
0.0000
0.0000
0.0000
0.0000
0.0000
0.0000
0.0000
0.0000
0.0000
0.0000
0.0000
0.0000
0.0000
0.0000
0.0000
0.0000
0.0000
0.0000
0.0000
0.0000
0.0000
0.0000
268.5547
268.5547
493.1641
493.1641
654.2969
654.2969
727.5391
727.5391
712.8906
712.8906
644.5312
644.5312
581.0547
581.0547
522.4609
522.4609
502.9297
502.9297
488.2812
488.2812
517.5781
517.5781
532.2266
532.2266
566.4062
566.4062
590.8203
590.8203
615.2344
615.2344
639.6484
639.6484
649.4141
649.4141
639.6484
639.6484
571.2891
571.2891
458.9844
458.9844
278.3203
278.3203
24.4141
24.4141
0.0000
0.0000
0.0000
0.0000
0.0000
0.0000
0.0000
0.0000
0.0000
0.0000
0.0000
0.0000
0.0000
0.0000
0.0000
0.0000
0.0000
0.0000
0.0000
0.0000
0.0000
0.0000
0.0000
0.0000
126.9531
126.9531
395.5078
395.5078
625.0000
625.0000
727.5391
727.5391
747.0703
747.0703
693.3594
693.3594
615.2344
615.2344
551.7578
551.7578
502.9297
502.9297
488.2812
488.2812
502.9297
502.9297
537.1094
537.1094
551.7578
551.7578
556.6406
556.6406
585.9375
585.9375
615.2344
615.2344
639.6484
639.6484
644.5312
644.5312
649.4141
649.4141
654.2969
654.2969
620.1172
620.1172
527.3437
527.3437
361.3281
361.3281
122.0703
122.0703
0.0000
0.0000
0.0000
0.0000
0.0000
0.0000
0.0000
0.0000
0.0000
0.0000
0.0000
0.0000
0.0000
0.0000
0.0000
0.0000
0.0000
0.0000
0.0000
0.0000
0.0000
0.0000
0.0000
0.0000
126.9531
126.9531
375.9766
375.9766
556.6406
556.6406
649.4141
649.4141
698.2422
698.2422
664.0625
664.0625
595.7031
595.7031
527.3437
527.3437
498.0469
498.0469
488.2812
488.2812
478.5156
478.5156
488.2812
488.2812
502.9297
502.9297
537.1094
537.1094
566.4062
566.4062
590.8203
590.8203
600.5859
600.5859
605.4687
605.4687
585.9375
585.9375
507.8125
507.8125
332.0312
332.0312
107.4219
107.4219
0.0000
0.0000
0.0000
0.0000
0.0000
0.0000
0.0000
0.0000
0.0000
0.0000
0.0000
0.0000
0.0000
0.0000
0.0000
0.0000
0.0000
0.0000
0.0000
0.0000
0.0000
0.0000
0.0000
0.0000
0.0000
0.0000
63.4766
63.4766
317.3828
317.3828
502.9297
502.9297
595.7031
595.7031
615.2344
615.2344
581.0547
581.0547
502.9297
502.9297
439.4531
439.4531
419.9219
419.9219
415.0391
415.0391
415.0391
415.0391
434.5703
434.5703
468.7500
468.7500
502.9297
502.9297
527.3437
527.3437
546.8750
546.8750
556.6406
556.6406
571.2891
571.2891
576.1719
576.1719
576.1719
576.1719
556.6406
556.6406
493.1641
493.1641
361.3281
361.3281
92.7734
92.7734
0.0000
0.0000
0.0000
0.0000
0.0000
0.0000
0.0000
0.0000
0.0000
0.0000
0.0000
0.0000
0.0000
0.0000
0.0000
0.0000
0.0000
0.0000
0.0000
0.0000
0.0000
0.0000
0.0000
0.0000
0.0000
0.0000
107.4219
107.4219
351.5625
351.5625
507.8125
507.8125
571.2891
571.2891
581.0547
581.0547
512.6953
512.6953
458.9844
458.9844
405.2734
405.2734
390.6250
390.6250
395.5078
395.5078
424.8047
424.8047
439.4531
439.4531
473.6328
473.6328
507.8125
507.8125
522.4609
522.4609
537.1094
537.1094
551.7578
551.7578
566.4062
566.4062
595.7031
595.7031
585.9375
585.9375
527.3437
527.3437
356.4453
356.4453
126.9531
126.9531
0.0000
0.0000
0.0000
0.0000
0.0000
0.0000
0.0000
0.0000
0.0000
0.0000
0.0000
0.0000
0.0000
0.0000
0.0000
0.0000
0.0000
0.0000
0.0000
0.0000
0.0000
0.0000
0.0000
0.0000
0.0000
0.0000
0.0000
0.0000
0.0000
0.0000
224.6094
224.6094
375.9766
375.9766
429.6875
429.6875
419.9219
419.9219
366.2109
366.2109
346.6797
346.6797
332.0312
332.0312
322.2656
322.2656
336.9141
336.9141
361.3281
361.3281
395.5078
395.5078
415.0391
415.0391
439.4531
439.4531
449.2187
449.2187
488.2812
488.2812
522.4609
522.4609
541.9922
541.9922
551.7578
551.7578
541.9922
541.9922
488.2812
488.2812
356.4453
356.4453
141.6016
141.6016
0.0000
0.0000
0.0000
0.0000
0.0000
0.0000
0.0000
0.0000
0.0000
0.0000
0.0000
0.0000
0.0000
0.0000
0.0000
0.0000
0.0000
0.0000
0.0000
0.0000
0.0000
0.0000
0.0000
0.0000
0.0000
0.0000
29.2969
29.2969
278.3203
278.3203
444.3359
444.3359
532.2266
532.2266
566.4062
566.4062
546.8750
546.8750
517.5781
517.5781
454.1016
454.1016
434.5703
434.5703
439.4531
439.4531
478.5156
478.5156
493.1641
493.1641
507.8125
507.8125
522.4609
522.4609
546.8750
546.8750
571.2891
571.2891
585.9375
585.9375
600.5859
600.5859
620.1172
620.1172
590.8203
590.8203
502.9297
502.9297
336.9141
336.9141
112.3047
112.3047
0.0000
0.0000
0.0000
0.0000
0.0000
0.0000
0.0000
0.0000
0.0000
0.0000
0.0000
0.0000
0.0000
0.0000
0.0000
0.0000
0.0000
0.0000
0.0000
0.0000
0.0000
0.0000
0.0000
0.0000
0.0000
0.0000
253.9062
253.9062
507.8125
507.8125
668.9453
668.9453
737.3047
737.3047
712.8906
712.8906
629.8828
629.8828
556.6406
556.6406
512.6953
512.6953
512.6953
512.6953
522.4609
522.4609
532.2266
532.2266
546.8750
546.8750
556.6406
556.6406
576.1719
576.1719
585.9375
585.9375
625.0000
625.0000
659.1797
659.1797
668.9453
668.9453
693.3594
693.3594
673.8281
673.8281
639.6484
639.6484
541.9922
541.9922
336.9141
336.9141
39.0625
39.0625
0.0000
0.0000
0.0000
0.0000
0.0000
0.0000
0.0000
0.0000
0.0000
0.0000
0.0000
0.0000
0.0000
0.0000
0.0000
0.0000
0.0000
0.0000
0.0000
0.0000
0.0000
0.0000
0.0000
0.0000
234.3750
234.3750
483.3984
483.3984
654.2969
654.2969
732.4219
732.4219
732.4219
732.4219
698.2422
698.2422
629.8828
629.8828
571.2891
571.2891
537.1094
537.1094
517.5781
517.5781
527.3437
527.3437
527.3437
527.3437
532.2266
532.2266
561.5234
561.5234
595.7031
595.7031
629.8828
629.8828
639.6484
639.6484
644.5312
644.5312
634.7656
634.7656
546.8750
546.8750
375.9766
170.8984
170.8984
170.8984
0.0000
0.0000
0.0000
0.0000
0.0000
0.0000
0.0000
0.0000
0.0000
0.0000
0.0000
0.0000
0.0000
0.0000
0.0000
0.0000
0.0000
0.0000
0.0000
0.0000
0.0000
0.0000
0.0000
0.0000
0.0000
0.0000
122.0703
122.0703
400.3906
585.9375
585.9375
585.9375
698.2422
698.2422
717.7734
664.0625
664.0625
585.9375
585.9375
502.9297
502.9297
458.9844
458.9844
458.9844
458.9844
463.8672
463.8672
463.8672
463.8672
483.3984
483.3984
522.4609
522.4609
551.7578
551.7578
571.2891
571.2891
576.1719
576.1719
600.5859
600.5859
615.2344
615.2344
615.2344
615.2344
571.2891
571.2891
463.8672
463.8672
312.5000
312.5000
78.1250
78.1250
0.0000
0.0000
0.0000
0.0000
0.0000
0.0000
0.0000
0.0000
0.0000
0.0000
0.0000
0.0000
0.0000
0.0000
0.0000
0.0000
0.0000
0.0000
0.0000
0.0000
0.0000
0.0000
0.0000
0.0000
0.0000
0.0000
234.3750
234.3750
449.2187
449.2187
590.8203
590.8203
639.6484
639.6484
610.3516
610.3516
546.8750
546.8750
488.2812
488.2812
434.5703
434.5703
410.1562
410.1562
410.1562
410.1562
424.8047
424.8047
449.2187
449.2187
463.8672
463.8672
493.1641
493.1641
512.6953
512.6953
541.9922
541.9922
556.6406
556.6406
581.0547
581.0547
576.1719
576.1719
493.1641
493.1641
327.1484
327.1484
107.4219
107.4219
0.0000
0.0000
0.0000
0.0000
0.0000
0.0000
0.0000
0.0000
0.0000
0.0000
0.0000
0.0000
0.0000
0.0000
0.0000
0.0000
0.0000
0.0000
0.0000
0.0000
0.0000
0.0000
0.0000
0.0000
0.0000
0.0000
219.7266
219.7266
478.5156
478.5156
629.8828
629.8828
698.2422
698.2422
673.8281
673.8281
610.3516
610.3516
532.2266
532.2266
454.1016
454.1016
429.6875
429.6875
410.1562
410.1562
434.5703
434.5703
449.2187
449.2187
473.6328
473.6328
502.9297
502.9297
537.1094
537.1094
566.4062
566.4062
576.1719
576.1719
595.7031
595.7031
620.1172
620.1172
590.8203
590.8203
532.2266
532.2266
415.0391
415.0391
253.9062
253.9062
0.0000
0.0000
0.0000
0.0000
0.0000
0.0000
0.0000
0.0000
0.0000
0.0000
0.0000
0.0000
0.0000
0.0000
0.0000
0.0000
0.0000
0.0000
0.0000
0.0000
0.0000
0.0000
0.0000
0.0000
0.0000
0.0000
146.4844
146.4844
366.2109
366.2109
537.1094
537.1094
629.8828
629.8828
634.7656
634.7656
576.1719
576.1719
493.1641
493.1641
444.3359
444.3359
410.1562
410.1562
375.9766
375.9766
390.6250
390.6250
424.8047
424.8047
468.7500
468.7500
493.1641
493.1641
512.6953
512.6953
527.3437
527.3437
546.8750
546.8750
561.5234
561.5234
561.5234
561.5234
537.1094
537.1094
434.5703
434.5703
244.1406
244.1406
0.0000
0.0000
0.0000
0.0000
0.0000
0.0000
0.0000
0.0000
0.0000
0.0000
0.0000
0.0000
0.0000
0.0000
0.0000
0.0000
0.0000
0.0000
0.0000
0.0000
0.0000
0.0000
0.0000
0.0000
0.0000
0.0000
0.0000
0.0000
73.2422
73.2422
278.3203
278.3203
419.9219
419.9219
444.3359
444.3359
415.0391
415.0391
366.2109
366.2109
317.3828
317.3828
278.3203
278.3203
278.3203
278.3203
297.8516
297.8516
336.9141
336.9141
371.0937
371.0937
395.5078
395.5078
419.9219
419.9219
449.2187
449.2187
463.8672
463.8672
488.2812
488.2812
517.5781
517.5781
551.7578
551.7578
541.9922
541.9922
507.8125
507.8125
415.0391
415.0391
249.0234
249.0234
0.0000
0.0000
0.0000
0.0000
0.0000
0.0000
0.0000
0.0000
0.0000
0.0000
0.0000
0.0000
0.0000
0.0000
0.0000
0.0000
0.0000
0.0000
0.0000
0.0000
0.0000
0.0000
0.0000
0.0000
0.0000
0.0000
0.0000
0.0000
229.4922
229.4922
390.6250
390.6250
478.5156
478.5156
507.8125
507.8125
483.3984
483.3984
429.6875
429.6875
405.2734
405.2734
380.8594
380.8594
371.0937
371.0937
380.8594
380.8594
415.0391
415.0391
444.3359
444.3359
463.8672
463.8672
488.2812
488.2812
517.5781
517.5781
561.5234
561.5234
571.2891
571.2891
541.9922
541.9922
473.6328
473.6328
327.1484
327.1484
156.2500
156.2500
0.0000
0.0000
0.0000
0.0000
0.0000
0.0000
0.0000
0.0000
0.0000
0.0000
0.0000
0.0000
0.0000
0.0000
0.0000
0.0000
0.0000
0.0000
0.0000
0.0000
0.0000
0.0000
0.0000
0.0000
0.0000
0.0000
166.0156
166.0156
429.6875
429.6875
634.7656
634.7656
717.7734
717.7734
712.8906
712.8906
644.5312
644.5312
561.5234
561.5234
517.5781
517.5781
468.7500
468.7500
449.2187
449.2187
458.9844
458.9844
498.0469
498.0469
532.2266
532.2266
546.8750
546.8750
571.2891
571.2891
590.8203
590.8203
620.1172
620.1172
629.8828
629.8828
625.0000
625.0000
615.2344
615.2344
561.5234
561.5234
454.1016
454.1016
283.2031
283.2031
0.0000
0.0000
0.0000
0.0000
0.0000
0.0000
0.0000
0.0000
0.0000
0.0000
0.0000
0.0000
0.0000
0.0000
0.0000
0.0000
0.0000
0.0000
0.0000
0.0000
0.0000
0.0000
0.0000
0.0000
0.0000
0.0000
4.8828
4.8828
263.6719
263.6719
454.1016
454.1016
537.1094
537.1094
571.2891
571.2891
541.9922
541.9922
488.2812
488.2812
424.8047
424.8047
400.3906
400.3906
405.2734
405.2734
434.5703
434.5703
463.8672
463.8672
463.8672
463.8672
498.0469
498.0469
522.4609
522.4609
546.8750
546.8750
561.5234
561.5234
585.9375
585.9375
600.5859
600.5859
561.5234
561.5234
473.6328
473.6328
302.7344
302.7344
102.5391
102.5391
0.0000
0.0000
0.0000
0.0000
0.0000
0.0000
0.0000
0.0000
0.0000
0.0000
0.0000
0.0000
0.0000
0.0000
0.0000
0.0000
0.0000
0.0000
0.0000
0.0000
0.0000
0.0000
0.0000
0.0000
0.0000
0.0000
205.0781
205.0781
439.4531
439.4531
585.9375
585.9375
639.6484
639.6484
620.1172
620.1172
551.7578
551.7578
473.6328
473.6328
439.4531
439.4531
424.8047
424.8047
429.6875
429.6875
458.9844
458.9844
483.3984
483.3984
502.9297
502.9297
517.5781
517.5781
537.1094
537.1094
576.1719
576.1719
595.7031
595.7031
610.3516
610.3516
600.5859
600.5859
590.8203
590.8203
537.1094
537.1094
434.5703
434.5703
249.0234
249.0234
0.0000
0.0000
0.0000
0.0000
0.0000
0.0000
0.0000
0.0000
0.0000
0.0000
0.0000
0.0000
0.0000
0.0000
0.0000
0.0000
0.0000
0.0000
0.0000
0.0000
0.0000
0.0000
0.0000
0.0000
14.6484
14.6484
292.9687
292.9687
532.2266
532.2266
683.5937
683.5937
732.4219
732.4219
722.6562
722.6562
659.1797
659.1797
581.0547
581.0547
507.8125
507.8125
468.7500
468.7500
473.6328
473.6328
488.2812
488.2812
507.8125
507.8125
517.5781
517.5781
556.6406
556.6406
590.8203
590.8203
610.3516
610.3516
610.3516
610.3516
610.3516
610.3516
615.2344
615.2344
566.4062
566.4062
434.5703
434.5703
253.9062
253.9062
9.7656
9.7656
0.0000
0.0000
0.0000
0.0000
0.0000
0.0000
0.0000
0.0000
0.0000
0.0000
0.0000
0.0000
0.0000
0.0000
0.0000
0.0000
0.0000
0.0000
0.0000
0.0000
0.0000
0.0000
0.0000
0.0000
92.7734
92.7734
371.0937
371.0937
585.9375
585.9375
703.1250
703.1250
732.4219
732.4219
673.8281
673.8281
566.4062
566.4062
473.6328
473.6328
419.9219
419.9219
424.8047
424.8047
429.6875
429.6875
458.9844
458.9844
488.2812
488.2812
507.8125
507.8125
537.1094
537.1094
541.9922
541.9922
561.5234
561.5234
571.2891
571.2891
585.9375
585.9375
571.2891
571.2891
488.2812
488.2812
341.7969
341.7969
131.8359
131.8359
0.0000
0.0000
0.0000
0.0000
0.0000
0.0000
0.0000
0.0000
0.0000
0.0000
0.0000
0.0000
0.0000
0.0000
0.0000
0.0000
0.0000
0.0000
0.0000
0.0000
0.0000
0.0000
0.0000
0.0000
0.0000
0.0000
0.0000
0.0000
234.3750
234.3750
390.6250
390.6250
478.5156
478.5156
493.1641
493.1641
458.9844
458.9844
410.1562
410.1562
361.3281
361.3281
351.5625
351.5625
346.6797
346.6797
375.9766
375.9766
400.3906
400.3906
410.1562
410.1562
434.5703
434.5703
449.2187
449.2187
473.6328
473.6328
488.2812
488.2812
498.0469
498.0469
502.9297
502.9297
439.4531
439.4531
278.3203
278.3203
43.9453
43.9453
0.0000
0.0000
0.0000
0.0000
0.0000
0.0000
0.0000
0.0000
0.0000
0.0000
0.0000
0.0000
0.0000
0.0000
0.0000
0.0000
0.0000
0.0000
0.0000
0.0000
0.0000
0.0000
0.0000
0.0000
0.0000
0.0000
107.4219
107.4219
361.3281
361.3281
517.5781
517.5781
590.8203
590.8203
561.5234
561.5234
488.2812
488.2812
429.6875
429.6875
385.7422
385.7422
371.0937
371.0937
380.8594
380.8594
410.1562
410.1562
424.8047
424.8047
434.5703
434.5703
463.8672
463.8672
493.1641
493.1641
527.3437
527.3437
532.2266
532.2266
541.9922
541.9922
571.2891
571.2891
585.9375
585.9375
546.8750
546.8750
439.4531
439.4531
273.4375
273.4375
0.0000
0.0000
0.0000
0.0000
0.0000
0.0000
0.0000
0.0000
0.0000
0.0000
0.0000
0.0000
0.0000
0.0000
0.0000
0.0000
0.0000
0.0000
0.0000
0.0000
0.0000
0.0000
0.0000
0.0000
0.0000
0.0000
0.0000
0.0000
156.2500
156.2500
341.7969
341.7969
468.7500
468.7500
502.9297
502.9297
502.9297
502.9297
439.4531
439.4531
400.3906
400.3906
380.8594
375.9766
375.9766
380.8594
380.8594
380.8594
405.2734
429.6875
429.6875
429.6875
473.6328
473.6328
502.9297
502.9297
512.6953
532.2266
532.2266
556.6406
556.6406
581.0547
581.0547
576.1719
576.1719
537.1094
537.1094
410.1562
410.1562
190.4297
190.4297
0.0000
0.0000
0.0000
0.0000
0.0000
0.0000
0.0000
0.0000
0.0000
0.0000
0.0000
0.0000
0.0000
0.0000
0.0000
0.0000
0.0000
0.0000
0.0000
0.0000
0.0000
0.0000
0.0000
0.0000
0.0000
0.0000
24.4141
24.4141
288.0859
288.0859
488.2812
488.2812
585.9375
585.9375
595.7031
595.7031
537.1094
537.1094
478.5156
478.5156
444.3359
444.3359
419.9219
419.9219
415.0391
415.0391
449.2187
449.2187
483.3984
483.3984
502.9297
502.9297
512.6953
512.6953
532.2266
532.2266
556.6406
556.6406
571.2891
571.2891
600.5859
600.5859
615.2344
615.2344
615.2344
615.2344
585.9375
585.9375
493.1641
493.1641
361.3281
361.3281
112.3047
112.3047
0.0000
0.0000
0.0000
0.0000
0.0000
0.0000
0.0000
0.0000
0.0000
0.0000
0.0000
0.0000
0.0000
0.0000
0.0000
0.0000
0.0000
0.0000
0.0000
0.0000
0.0000
0.0000
0.0000
0.0000
253.9062
253.9062
488.2812
488.2812
649.4141
649.4141
717.7734
717.7734
717.7734
717.7734
678.7109
678.7109
610.3516
610.3516
556.6406
556.6406
532.2266
532.2266
512.6953
512.6953
517.5781
517.5781
527.3437
527.3437
556.6406
556.6406
576.1719
576.1719
590.8203
590.8203
615.2344
615.2344
639.6484
639.6484
668.9453
668.9453
668.9453
668.9453
615.2344
615.2344
473.6328
473.6328
244.1406
244.1406
0.0000
0.0000
0.0000
0.0000
0.0000
0.0000
0.0000
0.0000
0.0000
0.0000
0.0000
0.0000
0.0000
0.0000
0.0000
0.0000
0.0000
0.0000
0.0000
0.0000
0.0000
0.0000
0.0000
0.0000
0.0000
0.0000
0.0000
0.0000
156.2500
156.2500
375.9766
375.9766
527.3437
527.3437
585.9375
585.9375
556.6406
556.6406
507.8125
507.8125
458.9844
458.9844
429.6875
429.6875
410.1562
410.1562
395.5078
395.5078
424.8047
424.8047
468.7500
468.7500
483.3984
483.3984
498.0469
498.0469
517.5781
517.5781
551.7578
551.7578
571.2891
571.2891
581.0547
581.0547
581.0547
581.0547
571.2891
571.2891
522.4609
522.4609
390.6250
390.6250
200.1953
200.1953
0.0000
0.0000
0.0000
0.0000
0.0000
0.0000
0.0000
0.0000
0.0000
0.0000
0.0000
0.0000
0.0000
0.0000
0.0000
0.0000
0.0000
0.0000
0.0000
0.0000
0.0000
0.0000
0.0000
0.0000
0.0000
0.0000
112.3047
112.3047
371.0937
371.0937
546.8750
546.8750
634.7656
634.7656
673.8281
673.8281
629.8828
629.8828
551.7578
551.7578
478.5156
478.5156
434.5703
434.5703
439.4531
439.4531
458.9844
458.9844
473.6328
473.6328
483.3984
483.3984
512.6953
512.6953
551.7578
551.7578
566.4062
566.4062
590.8203
590.8203
620.1172
620.1172
615.2344
615.2344
576.1719
576.1719
429.6875
429.6875
234.3750
234.3750
0.0000
0.0000
0.0000
0.0000
0.0000
0.0000
0.0000
0.0000
0.0000
0.0000
0.0000
0.0000
0.0000
0.0000
0.0000
0.0000
0.0000
0.0000
0.0000
0.0000
0.0000
0.0000
0.0000
0.0000
0.0000
0.0000
9.7656
9.7656
288.0859
288.0859
498.0469
498.0469
610.3516
610.3516
634.7656
634.7656
605.4687
605.4687
522.4609
522.4609
463.8672
463.8672
419.9219
419.9219
415.0391
415.0391
429.6875
429.6875
444.3359
444.3359
473.6328
473.6328
498.0469
498.0469
517.5781
517.5781
532.2266
532.2266
561.5234
561.5234
600.5859
600.5859
615.2344
615.2344
620.1172
620.1172
590.8203
590.8203
522.4609
522.4609
361.3281
361.3281
92.7734
92.7734
0.0000
0.0000
0.0000
0.0000
0.0000
0.0000
0.0000
0.0000
0.0000
0.0000
0.0000
0.0000
0.0000
0.0000
0.0000
0.0000
0.0000
0.0000
0.0000
0.0000
0.0000
0.0000
0.0000
0.0000
0.0000
0.0000
102.5391
102.5391
307.6172
307.6172
415.0391
415.0391
458.9844
458.9844
468.7500
468.7500
444.3359
444.3359
405.2734
405.2734
356.4453
356.4453
351.5625
351.5625
366.2109
366.2109
390.6250
390.6250
419.9219
419.9219
449.2187
449.2187
478.5156
478.5156
522.4609
522.4609
541.9922
541.9922
546.8750
546.8750
561.5234
561.5234
571.2891
571.2891
551.7578
551.7578
429.6875
429.6875
209.9609
209.9609
0.0000
0.0000
0.0000
0.0000
0.0000
0.0000
0.0000
0.0000
0.0000
0.0000
0.0000
0.0000
0.0000
0.0000
0.0000
0.0000
0.0000
0.0000
0.0000
0.0000
0.0000
0.0000
0.0000
0.0000
0.0000
0.0000
14.6484
14.6484
292.9687
292.9687
507.8125
507.8125
629.8828
629.8828
678.7109
678.7109
644.5312
644.5312
556.6406
556.6406
478.5156
478.5156
439.4531
439.4531
439.4531
439.4531
454.1016
454.1016
468.7500
468.7500
507.8125
507.8125
532.2266
532.2266
556.6406
556.6406
566.4062
566.4062
590.8203
590.8203
615.2344
615.2344
625.0000
625.0000
625.0000
625.0000
581.0547
581.0547
493.1641
493.1641
346.6797
346.6797
97.6562
97.6562
0.0000
0.0000
0.0000
0.0000
0.0000
0.0000
0.0000
0.0000
0.0000
0.0000
0.0000
0.0000
0.0000
0.0000
0.0000
0.0000
0.0000
0.0000
0.0000
0.0000
0.0000
0.0000
0.0000
0.0000
278.3203
278.3203
517.5781
517.5781
698.2422
698.2422
791.0156
791.0156
791.0156
791.0156
722.6562
722.6562
639.6484
639.6484
571.2891
571.2891
517.5781
517.5781
502.9297
502.9297
507.8125
507.8125
532.2266
532.2266
546.8750
546.8750
576.1719
576.1719
595.7031
595.7031
625.0000
625.0000
654.2969
654.2969
659.1797
659.1797
659.1797
659.1797
610.3516
610.3516
444.3359
444.3359
190.4297
190.4297
0.0000
0.0000
0.0000
0.0000
0.0000
0.0000
0.0000
0.0000
0.0000
0.0000
0.0000
0.0000
0.0000
0.0000
0.0000
0.0000
0.0000
0.0000
0.0000
0.0000
0.0000
0.0000
0.0000
0.0000
0.0000
0.0000
0.0000
0.0000
195.3125
195.3125
410.1562
410.1562
512.6953
512.6953
546.8750
546.8750
502.9297
502.9297
444.3359
444.3359
395.5078
395.5078
351.5625
351.5625
361.3281
361.3281
371.0937
371.0937
390.6250
390.6250
405.2734
405.2734
439.4531
439.4531
483.3984
483.3984
512.6953
512.6953
537.1094
537.1094
532.2266
532.2266
556.6406
556.6406
561.5234
561.5234
517.5781
517.5781
419.9219
419.9219
278.3203
278.3203
48.8281
48.8281
0.0000
0.0000
0.0000
0.0000
0.0000
0.0000
0.0000
0.0000
0.0000
0.0000
0.0000
0.0000
0.0000
0.0000
0.0000
0.0000
0.0000
0.0000
0.0000
0.0000
0.0000
0.0000
0.0000
0.0000
0.0000
0.0000
185.5469
185.5469
375.9766
375.9766
498.0469
498.0469
546.8750
546.8750
522.4609
522.4609
473.6328
473.6328
415.0391
415.0391
390.6250
390.6250
380.8594
380.8594
375.9766
375.9766
405.2734
405.2734
434.5703
434.5703
478.5156
478.5156
502.9297
502.9297
527.3437
527.3437
532.2266
532.2266
556.6406
556.6406
571.2891
571.2891
566.4062
566.4062
498.0469
498.0469
322.2656
322.2656
68.3594
68.3594
0.0000
0.0000
0.0000
0.0000
0.0000
0.0000
0.0000
0.0000
0.0000
0.0000
0.0000
0.0000
0.0000
0.0000
0.0000
0.0000
0.0000
0.0000
0.0000
0.0000
0.0000
0.0000
0.0000
0.0000
0.0000
0.0000
83.0078
83.0078
327.1484
327.1484
493.1641
493.1641
561.5234
561.5234
551.7578
551.7578
493.1641
493.1641
434.5703
434.5703
400.3906
400.3906
390.6250
390.6250
395.5078
395.5078
424.8047
424.8047
449.2187
449.2187
473.6328
473.6328
507.8125
507.8125
532.2266
532.2266
546.8750
546.8750
566.4062
566.4062
585.9375
585.9375
600.5859
600.5859
590.8203
590.8203
532.2266
532.2266
439.4531
439.4531
288.0859
288.0859
34.1797
34.1797
0.0000
0.0000
0.0000
0.0000
0.0000
0.0000
0.0000
0.0000
0.0000
0.0000
0.0000
0.0000
0.0000
0.0000
0.0000
0.0000
0.0000
0.0000
0.0000
0.0000
0.0000
0.0000
0.0000
0.0000
239.2578
239.2578
493.1641
493.1641
639.6484
639.6484
717.7734
717.7734
717.7734
717.7734
664.0625
664.0625
590.8203
590.8203
532.2266
532.2266
502.9297
502.9297
493.1641
493.1641
502.9297
502.9297
517.5781
517.5781
546.8750
546.8750
585.9375
585.9375
600.5859
600.5859
620.1172
620.1172
639.6484
639.6484
639.6484
639.6484
585.9375
585.9375
429.6875
429.6875
214.8437
214.8437
0.0000
0.0000
0.0000
0.0000
0.0000
0.0000
0.0000
0.0000
0.0000
0.0000
0.0000
0.0000
0.0000
0.0000
0.0000
0.0000
0.0000
0.0000
0.0000
0.0000
0.0000
0.0000
0.0000
0.0000
0.0000
0.0000
0.0000
0.0000
239.2578
239.2578
498.0469
498.0469
683.5937
771.4844
771.4844
771.4844
756.8359
756.8359
673.8281
673.8281
581.0547
581.0547
507.8125
507.8125
483.3984
483.3984
458.9844
458.9844
458.9844
458.9844
502.9297
502.9297
537.1094
566.4062
566.4062
566.4062
571.2891
571.2891
595.7031
595.7031
615.2344
615.2344
625.0000
625.0000
615.2344
615.2344
595.7031
546.8750
546.8750
434.5703
434.5703
434.5703
249.0234
0.0000
0.0000
0.0000
0.0000
0.0000
0.0000
0.0000
0.0000
0.0000
0.0000
0.0000
0.0000
0.0000
0.0000
0.0000
0.0000
0.0000
0.0000
0.0000
0.0000
0.0000
0.0000
0.0000
0.0000
0.0000
0.0000
39.0625
39.0625
302.7344
302.7344
488.2812
488.2812
595.7031
595.7031
610.3516
610.3516
581.0547
581.0547
532.2266
532.2266
473.6328
473.6328
429.6875
429.6875
410.1562
410.1562
429.6875
429.6875
468.7500
468.7500
483.3984
483.3984
493.1641
493.1641
512.6953
512.6953
522.4609
522.4609
541.9922
541.9922
556.6406
556.6406
537.1094
537.1094
439.4531
439.4531
239.2578
239.2578
14.6484
14.6484
0.0000
0.0000
0.0000
0.0000
0.0000
0.0000
0.0000
0.0000
0.0000
0.0000
0.0000
0.0000
0.0000
0.0000
0.0000
0.0000
0.0000
0.0000
0.0000
0.0000
0.0000
0.0000
0.0000
0.0000
0.0000
0.0000
219.7266
219.7266
473.6328
473.6328
659.1797
659.1797
727.5391
727.5391
703.1250
703.1250
644.5312
644.5312
551.7578
551.7578
488.2812
488.2812
444.3359
444.3359
434.5703
434.5703
458.9844
458.9844
488.2812
488.2812
507.8125
507.8125
527.3437
527.3437
551.7578
551.7578
551.7578
551.7578
566.4062
566.4062
595.7031
595.7031
585.9375
585.9375
488.2812
488.2812
312.5000
312.5000
122.0703
122.0703
0.0000
0.0000
0.0000
0.0000
0.0000
0.0000
0.0000
0.0000
0.0000
0.0000
0.0000
0.0000
0.0000
0.0000
0.0000
0.0000
0.0000
0.0000
0.0000
0.0000
0.0000
0.0000
0.0000
0.0000
0.0000
0.0000
0.0000
0.0000
97.6562
97.6562
327.1484
327.1484
444.3359
444.3359
502.9297
502.9297
488.2812
488.2812
444.3359
444.3359
400.3906
400.3906
375.9766
375.9766
371.0937
371.0937
371.0937
371.0937
395.5078
395.5078
424.8047
424.8047
454.1016
454.1016
483.3984
483.3984
498.0469
498.0469
527.3437
527.3437
551.7578
551.7578
561.5234
561.5234
566.4062
566.4062
517.5781
517.5781
395.5078
395.5078
141.6016
141.6016
0.0000
0.0000
0.0000
0.0000
0.0000
0.0000
0.0000
0.0000
0.0000
0.0000
0.0000
0.0000
0.0000
0.0000
0.0000
0.0000
0.0000
0.0000
0.0000
0.0000
0.0000
0.0000
0.0000
0.0000
0.0000
0.0000
0.0000
0.0000
19.5312
19.5312
219.7266
219.7266
336.9141
336.9141
371.0937
371.0937
356.4453
356.4453
336.9141
336.9141
322.2656
322.2656
312.5000
312.5000
297.8516
297.8516
336.9141
336.9141
390.6250
390.6250
419.9219
419.9219
449.2187
449.2187
463.8672
463.8672
493.1641
493.1641
517.5781
517.5781
537.1094
537.1094
556.6406
556.6406
581.0547
581.0547
600.5859
600.5859
546.8750
546.8750
454.1016
454.1016
273.4375
273.4375
14.6484
14.6484
0.0000
0.0000
0.0000
0.0000
0.0000
0.0000
0.0000
0.0000
0.0000
0.0000
0.0000
0.0000
0.0000
0.0000
0.0000
0.0000
0.0000
0.0000
0.0000
0.0000
0.0000
0.0000
24.4141
24.4141
312.5000
312.5000
546.8750
546.8750
688.4766
688.4766
771.4844
771.4844
781.2500
781.2500
722.6562
722.6562
644.5312
644.5312
585.9375
585.9375
571.2891
571.2891
571.2891
571.2891
581.0547
581.0547
600.5859
600.5859
605.4687
605.4687
625.0000
625.0000
634.7656
634.7656
654.2969
654.2969
678.7109
678.7109
683.5937
683.5937
629.8828
629.8828
483.3984
483.3984
268.5547
268.5547
0.0000
0.0000
0.0000
0.0000
0.0000
0.0000
0.0000
0.0000
0.0000
0.0000
0.0000
0.0000
0.0000
0.0000
0.0000
0.0000
0.0000
0.0000
0.0000
0.0000
0.0000
0.0000
0.0000
0.0000
0.0000
0.0000
107.4219
107.4219
375.9766
375.9766
576.1719
576.1719
673.8281
673.8281
698.2422
698.2422
654.2969
654.2969
585.9375
585.9375
541.9922
541.9922
507.8125
507.8125
498.0469
498.0469
517.5781
517.5781
537.1094
537.1094
551.7578
551.7578
566.4062
566.4062
576.1719
576.1719
600.5859
600.5859
629.8828
629.8828
659.1797
659.1797
659.1797
659.1797
673.8281
673.8281
644.5312
644.5312
566.4062
566.4062
410.1562
410.1562
175.7812
175.7812
0.0000
0.0000
0.0000
0.0000
0.0000
0.0000
0.0000
0.0000
0.0000
0.0000
0.0000
0.0000
0.0000
0.0000
0.0000
0.0000
0.0000
0.0000
0.0000
0.0000
0.0000
0.0000
0.0000
0.0000
0.0000
0.0000
141.6016
141.6016
356.4453
356.4453
483.3984
483.3984
561.5234
561.5234
571.2891
571.2891
546.8750
546.8750
502.9297
502.9297
458.9844
458.9844
444.3359
444.3359
444.3359
444.3359
468.7500
468.7500
478.5156
478.5156
493.1641
493.1641
517.5781
517.5781
551.7578
551.7578
576.1719
576.1719
585.9375
585.9375
600.5859
600.5859
585.9375
585.9375
498.0469
498.0469
312.5000
312.5000
68.3594
68.3594
0.0000
0.0000
0.0000
0.0000
0.0000
0.0000
0.0000
0.0000
0.0000
0.0000
0.0000
0.0000
0.0000
0.0000
0.0000
0.0000
0.0000
0.0000
0.0000
0.0000
0.0000
0.0000
0.0000
0.0000
0.0000
0.0000
0.0000
0.0000
268.5547
268.5547
483.3984
483.3984
615.2344
615.2344
644.5312
644.5312
600.5859
600.5859
522.4609
522.4609
449.2187
449.2187
424.8047
424.8047
419.9219
419.9219
449.2187
449.2187
468.7500
468.7500
493.1641
493.1641
502.9297
502.9297
522.4609
522.4609
551.7578
551.7578
571.2891
571.2891
595.7031
595.7031
610.3516
610.3516
595.7031
595.7031
532.2266
532.2266
410.1562
410.1562
224.6094
224.6094
0.0000
0.0000
0.0000
0.0000
0.0000
0.0000
0.0000
0.0000
0.0000
0.0000
0.0000
0.0000
0.0000
0.0000
0.0000
0.0000
0.0000
0.0000
0.0000
0.0000
0.0000
0.0000
0.0000
0.0000
0.0000
0.0000
126.9531
126.9531
366.2109
366.2109
541.9922
541.9922
620.1172
620.1172
615.2344
615.2344
576.1719
576.1719
517.5781
517.5781
478.5156
478.5156
458.9844
458.9844
463.8672
463.8672
478.5156
478.5156
498.0469
498.0469
502.9297
502.9297
522.4609
522.4609
551.7578
551.7578
590.8203
590.8203
600.5859
600.5859
610.3516
610.3516
629.8828
629.8828
605.4687
605.4687
507.8125
507.8125
307.6172
307.6172
58.5937
58.5937
0.0000
0.0000
0.0000
0.0000
0.0000
0.0000
0.0000
0.0000
0.0000
0.0000
0.0000
0.0000
0.0000
0.0000
0.0000
0.0000
0.0000
0.0000
0.0000
0.0000
0.0000
0.0000
0.0000
0.0000
0.0000
0.0000
224.6094
224.6094
454.1016
454.1016
581.0547
581.0547
654.2969
654.2969
639.6484
639.6484
610.3516
610.3516
537.1094
537.1094
473.6328
473.6328
468.7500
468.7500
458.9844
458.9844
478.5156
478.5156
488.2812
488.2812
517.5781
517.5781
551.7578
551.7578
585.9375
585.9375
605.4687
605.4687
610.3516
610.3516
629.8828
629.8828
629.8828
629.8828
605.4687
605.4687
537.1094
537.1094
439.4531
439.4531
258.7891
258.7891
0.0000
0.0000
0.0000
0.0000
0.0000
0.0000
0.0000
0.0000
0.0000
0.0000
0.0000
0.0000
0.0000
0.0000
0.0000
0.0000
0.0000
0.0000
0.0000
0.0000
0.0000
0.0000
0.0000
0.0000
24.4141
24.4141
302.7344
302.7344
493.1641
493.1641
639.6484
639.6484
698.2422
698.2422
678.7109
678.7109
610.3516
610.3516
532.2266
532.2266
493.1641
493.1641
473.6328
473.6328
463.8672
463.8672
473.6328
473.6328
498.0469
498.0469
541.9922
541.9922
566.4062
566.4062
585.9375
585.9375
605.4687
605.4687
605.4687
605.4687
610.3516
610.3516
615.2344
615.2344
585.9375
585.9375
478.5156
478.5156
283.2031
283.2031
29.2969
29.2969
0.0000
0.0000
0.0000
0.0000
0.0000
0.0000
0.0000
0.0000
0.0000
0.0000
0.0000
0.0000
0.0000
0.0000
0.0000
0.0000
0.0000
0.0000
0.0000
0.0000
0.0000
0.0000
0.0000
0.0000
170.8984
170.8984
444.3359
444.3359
639.6484
639.6484
727.5391
727.5391
708.0078
708.0078
634.7656
634.7656
551.7578
551.7578
488.2812
488.2812
444.3359
444.3359
444.3359
444.3359
458.9844
458.9844
488.2812
488.2812
502.9297
502.9297
527.3437
527.3437
556.6406
556.6406
571.2891
571.2891
590.8203
590.8203
585.9375
585.9375
600.5859
600.5859
605.4687
605.4687
561.5234
561.5234
458.9844
458.9844
288.0859
288.0859
24.4141
24.4141
0.0000
0.0000
0.0000
0.0000
0.0000
0.0000
0.0000
0.0000
0.0000
0.0000
0.0000
0.0000
0.0000
0.0000
0.0000
0.0000
0.0000
0.0000
0.0000
0.0000
0.0000
0.0000
0.0000
0.0000
78.1250
78.1250
317.3828
317.3828
493.1641
493.1641
590.8203
590.8203
605.4687
605.4687
561.5234
561.5234
493.1641
493.1641
444.3359
415.0391
415.0391
415.0391
400.3906
400.3906
400.3906
400.3906
410.1562
410.1562
454.1016
454.1016
488.2812
488.2812
498.0469
498.0469
507.8125
507.8125
512.6953
512.6953
541.9922
541.9922
541.9922
541.9922
502.9297
502.9297
410.1562
410.1562
224.6094
224.6094
0.0000
0.0000
0.0000
0.0000
0.0000
0.0000
0.0000
0.0000
0.0000
0.0000
0.0000
0.0000
0.0000
0.0000
0.0000
0.0000
0.0000
0.0000
0.0000
0.0000
0.0000
0.0000
0.0000
0.0000
0.0000
63.4766
63.4766
322.2656
322.2656
522.4609
522.4609
629.8828
629.8828
634.7656
634.7656
566.4062
566.4062
493.1641
493.1641
429.6875
429.6875
395.5078
395.5078
366.2109
366.2109
375.9766
375.9766
415.0391
415.0391
463.8672
463.8672
498.0469
498.0469
512.6953
512.6953
532.2266
532.2266
527.3437
527.3437
541.9922
541.9922
551.7578
551.7578
556.6406
556.6406
546.8750
546.8750
468.7500
468.7500
327.1484
327.1484
63.4766
63.4766
0.0000
0.0000
0.0000
0.0000
0.0000
0.0000
0.0000
0.0000
0.0000
0.0000
0.0000
0.0000
0.0000
0.0000
0.0000
0.0000
0.0000
0.0000
0.0000
0.0000
0.0000
0.0000
0.0000
0.0000
126.9531
126.9531
400.3906
400.3906
600.5859
600.5859
673.8281
673.8281
673.8281
673.8281
625.0000
625.0000
546.8750
546.8750
473.6328
473.6328
424.8047
424.8047
410.1562
410.1562
434.5703
434.5703
454.1016
454.1016
473.6328
473.6328
498.0469
498.0469
512.6953
512.6953
507.8125
507.8125
522.4609
522.4609
551.7578
551.7578
571.2891
571.2891
561.5234
561.5234
463.8672
463.8672
292.9687
292.9687
53.7109
53.7109
0.0000
0.0000
0.0000
0.0000
0.0000
0.0000
0.0000
0.0000
0.0000
0.0000
0.0000
0.0000
0.0000
0.0000
0.0000
0.0000
0.0000
0.0000
0.0000
0.0000
0.0000
0.0000
0.0000
0.0000
0.0000
0.0000
0.0000
0.0000
258.7891
258.7891
424.8047
424.8047
498.0469
498.0469
498.0469
498.0469
444.3359
444.3359
385.7422
385.7422
346.6797
346.6797
336.9141
336.9141
341.7969
341.7969
356.4453
356.4453
380.8594
380.8594
415.0391
415.0391
429.6875
429.6875
439.4531
439.4531
468.7500
468.7500
502.9297
502.9297
517.5781
517.5781
522.4609
522.4609
488.2812
488.2812
419.9219
419.9219
288.0859
288.0859
83.0078
83.0078
0.0000
0.0000
0.0000
0.0000
0.0000
0.0000
0.0000
0.0000
0.0000
0.0000
0.0000
0.0000
0.0000
0.0000
0.0000
0.0000
0.0000
0.0000
0.0000
0.0000
0.0000
0.0000
0.0000
0.0000
0.0000
0.0000
102.5391
102.5391
312.5000
312.5000
429.6875
429.6875
468.7500
468.7500
468.7500
468.7500
429.6875
429.6875
395.5078
395.5078
375.9766
375.9766
341.7969
341.7969
356.4453
356.4453
390.6250
390.6250
424.8047
424.8047
444.3359
444.3359
449.2187
449.2187
478.5156
478.5156
502.9297
502.9297
532.2266
532.2266
537.1094
537.1094
532.2266
532.2266
502.9297
502.9297
361.3281
361.3281
156.2500
156.2500
0.0000
0.0000
0.0000
0.0000
0.0000
0.0000
0.0000
0.0000
0.0000
0.0000
0.0000
0.0000
0.0000
0.0000
0.0000
0.0000
0.0000
0.0000
0.0000
0.0000
0.0000
0.0000
0.0000
0.0000
0.0000
0.0000
58.5937
58.5937
341.7969
341.7969
537.1094
537.1094
615.2344
615.2344
605.4687
605.4687
576.1719
576.1719
507.8125
507.8125
454.1016
454.1016
419.9219
419.9219
434.5703
434.5703
458.9844
458.9844
478.5156
478.5156
507.8125
507.8125
527.3437
527.3437
537.1094
537.1094
551.7578
551.7578
571.2891
571.2891
595.7031
595.7031
605.4687
605.4687
600.5859
600.5859
537.1094
537.1094
424.8047
424.8047
214.8437
214.8437
0.0000
0.0000
0.0000
0.0000
0.0000
0.0000
0.0000
0.0000
0.0000
0.0000
0.0000
0.0000
0.0000
0.0000
0.0000
0.0000
0.0000
0.0000
0.0000
0.0000
0.0000
0.0000
0.0000
0.0000
0.0000
0.0000
239.2578
239.2578
454.1016
454.1016
590.8203
590.8203
639.6484
639.6484
634.7656
634.7656
566.4062
566.4062
507.8125
507.8125
478.5156
478.5156
463.8672
463.8672
468.7500
468.7500
483.3984
483.3984
507.8125
507.8125
517.5781
517.5781
537.1094
537.1094
551.7578
551.7578
576.1719
576.1719
620.1172
620.1172
634.7656
634.7656
639.6484
639.6484
615.2344
615.2344
551.7578
551.7578
375.9766
375.9766
83.0078
83.0078
0.0000
0.0000
0.0000
0.0000
0.0000
0.0000
0.0000
0.0000
0.0000
0.0000
0.0000
0.0000
0.0000
0.0000
0.0000
0.0000
0.0000
0.0000
0.0000
0.0000
0.0000
0.0000
0.0000
0.0000
53.7109
53.7109
297.8516
297.8516
483.3984
483.3984
566.4062
566.4062
585.9375
585.9375
546.8750
546.8750
512.6953
512.6953
463.8672
463.8672
444.3359
444.3359
434.5703
434.5703
439.4531
439.4531
473.6328
473.6328
478.5156
478.5156
493.1641
493.1641
517.5781
517.5781
551.7578
551.7578
581.0547
581.0547
600.5859
600.5859
610.3516
610.3516
625.0000
625.0000
629.8828
629.8828
595.7031
595.7031
527.3437
527.3437
366.2109
366.2109
78.1250
78.1250
0.0000
0.0000
0.0000
0.0000
0.0000
0.0000
0.0000
0.0000
0.0000
0.0000
0.0000
0.0000
0.0000
0.0000
0.0000
0.0000
0.0000
0.0000
0.0000
0.0000
0.0000
0.0000
0.0000
0.0000
136.7187
136.7187
375.9766
375.9766
541.9922
541.9922
615.2344
615.2344
644.5312
644.5312
615.2344
615.2344
546.8750
546.8750
493.1641
493.1641
454.1016
454.1016
444.3359
444.3359
439.4531
439.4531
468.7500
468.7500
488.2812
488.2812
517.5781
517.5781
532.2266
532.2266
551.7578
551.7578
576.1719
576.1719
600.5859
600.5859
605.4687
605.4687
551.7578
551.7578
439.4531
439.4531
239.2578
239.2578
0.0000
0.0000
0.0000
0.0000
0.0000
0.0000
0.0000
0.0000
0.0000
0.0000
0.0000
0.0000
0.0000
0.0000
0.0000
0.0000
0.0000
0.0000
0.0000
0.0000
0.0000
0.0000
0.0000
0.0000
0.0000
0.0000
190.4297
190.4297
454.1016
454.1016
664.0625
664.0625
756.8359
756.8359
766.6016
766.6016
698.2422
698.2422
595.7031
595.7031
527.3437
527.3437
478.5156
478.5156
463.8672
463.8672
463.8672
463.8672
498.0469
498.0469
512.6953
512.6953
522.4609
522.4609
551.7578
551.7578
576.1719
576.1719
600.5859
600.5859
610.3516
610.3516
629.8828
629.8828
649.4141
649.4141
649.4141
649.4141
600.5859
600.5859
478.5156
478.5156
288.0859
288.0859
0.0000
0.0000
0.0000
0.0000
0.0000
0.0000
0.0000
0.0000
0.0000
0.0000
0.0000
0.0000
0.0000
0.0000
0.0000
0.0000
0.0000
0.0000
0.0000
0.0000
0.0000
0.0000
0.0000
0.0000
0.0000
0.0000
107.4219
107.4219
317.3828
317.3828
444.3359
444.3359
522.4609
522.4609
541.9922
541.9922
498.0469
498.0469
434.5703
434.5703
390.6250
390.6250
366.2109
366.2109
366.2109
366.2109
371.0937
371.0937
380.8594
380.8594
415.0391
415.0391
463.8672
463.8672
483.3984
483.3984
498.0469
498.0469
512.6953
512.6953
541.9922
541.9922
566.4062
566.4062
566.4062
566.4062
537.1094
537.1094
434.5703
434.5703
224.6094
224.6094
0.0000
0.0000
0.0000
0.0000
0.0000
0.0000
0.0000
0.0000
0.0000
0.0000
0.0000
0.0000
0.0000
0.0000
0.0000
0.0000
0.0000
0.0000
0.0000
0.0000
0.0000
0.0000
0.0000
0.0000
0.0000
0.0000
166.0156
166.0156
419.9219
419.9219
605.4687
605.4687
678.7109
678.7109
659.1797
659.1797
590.8203
590.8203
507.8125
507.8125
434.5703
434.5703
400.3906
400.3906
390.6250
390.6250
415.0391
415.0391
458.9844
458.9844
478.5156
478.5156
507.8125
507.8125
522.4609
522.4609
551.7578
551.7578
556.6406
556.6406
566.4062
566.4062
581.0547
581.0547
566.4062
566.4062
488.2812
488.2812
341.7969
341.7969
141.6016
141.6016
0.0000
0.0000
0.0000
0.0000
0.0000
0.0000
0.0000
0.0000
0.0000
0.0000
0.0000
0.0000
0.0000
0.0000
0.0000
0.0000
0.0000
0.0000
0.0000
0.0000
0.0000
0.0000
0.0000
0.0000
0.0000
0.0000
278.3203
278.3203
502.9297
502.9297
639.6484
639.6484
678.7109
678.7109
644.5312
644.5312
571.2891
571.2891
473.6328
473.6328
429.6875
429.6875
410.1562
410.1562
410.1562
410.1562
424.8047
424.8047
449.2187
449.2187
483.3984
483.3984
507.8125
507.8125
532.2266
532.2266
541.9922
541.9922
571.2891
571.2891
595.7031
595.7031
595.7031
