0.0000
0.0000
0.0000
0.0000
229.4922
229.4922
517.5781
517.5781
703.1250
703.1250
805.6641
805.6641
805.6641
805.6641
737.3047
737.3047
644.5312
644.5312
527.3437
527.3437
478.5156
478.5156
458.9844
458.9844
483.3984
483.3984
517.5781
517.5781
566.4062
566.4062
590.8203
590.8203
625.0000
625.0000
639.6484
639.6484
644.5312
644.5312
654.2969
654.2969
668.9453
668.9453
664.0625
664.0625
629.8828
629.8828
502.9297
502.9297
258.7891
258.7891
0.0000
0.0000
0.0000
0.0000
0.0000
0.0000
0.0000
0.0000
0.0000
0.0000
0.0000
0.0000
0.0000
0.0000
0.0000
0.0000
0.0000
0.0000
0.0000
0.0000
0.0000
0.0000
0.0000
0.0000
0.0000
0.0000
0.0000
0.0000
0.0000
0.0000
239.2578
239.2578
517.5781
517.5781
708.0078
708.0078
761.7187
761.7187
727.5391
727.5391
605.4687
605.4687
502.9297
502.9297
410.1562
410.1562
385.7422
385.7422
400.3906
400.3906
454.1016
454.1016
493.1641
493.1641
537.1094
537.1094
576.1719
576.1719
600.5859
600.5859
639.6484
639.6484
659.1797
659.1797
649.4141
649.4141
659.1797
659.1797
668.9453
668.9453
639.6484
639.6484
566.4062
566.4062
415.0391
415.0391
195.3125
195.3125
0.0000
0.0000
0.0000
0.0000
0.0000
0.0000
0.0000
0.0000
0.0000
0.0000
0.0000
0.0000
0.0000
0.0000
0.0000
0.0000
0.0000
0.0000
0.0000
0.0000
0.0000
0.0000
0.0000
0.0000
0.0000
0.0000
0.0000
0.0000
185.5469
185.5469
478.5156
478.5156
703.1250
703.1250
834.9609
834.9609
839.8437
839.8437
771.4844
771.4844
659.1797
659.1797
556.6406
556.6406
498.0469
498.0469
473.6328
473.6328
473.6328
473.6328
527.3437
527.3437
581.0547
581.0547
620.1172
620.1172
649.4141
649.4141
673.8281
673.8281
693.3594
693.3594
727.5391
727.5391
732.4219
732.4219
732.4219
732.4219
703.1250
703.1250
620.1172
620.1172
415.0391
415.0391
131.8359
131.8359
0.0000
0.0000
0.0000
0.0000
0.0000
0.0000
0.0000
0.0000
0.0000
0.0000
0.0000
0.0000
0.0000
0.0000
0.0000
0.0000
0.0000
0.0000
0.0000
0.0000
0.0000
0.0000
0.0000
0.0000
0.0000
0.0000
39.0625
39.0625
361.3281
361.3281
649.4141
649.4141
839.8437
839.8437
908.2031
908.2031
883.7891
883.7891
776.3672
776.3672
639.6484
639.6484
532.2266
532.2266
483.3984
483.3984
493.1641
493.1641
532.2266
532.2266
561.5234
561.5234
590.8203
590.8203
644.5312
644.5312
673.8281
673.8281
698.2422
698.2422
708.0078
708.0078
717.7734
717.7734
732.4219
732.4219
756.8359
756.8359
727.5391
727.5391
639.6484
639.6484
483.3984
483.3984
229.4922
229.4922
0.0000
0.0000
0.0000
0.0000
0.0000
0.0000
0.0000
0.0000
0.0000
0.0000
0.0000
0.0000
0.0000
0.0000
0.0000
0.0000
0.0000
0.0000
0.0000
0.0000
0.0000
0.0000
0.0000
0.0000
0.0000
0.0000
0.0000
0.0000
83.0078
83.0078
375.9766
375.9766
546.8750
546.8750
644.5312
644.5312
673.8281
673.8281
629.8828
629.8828
566.4062
566.4062
483.3984
483.3984
449.2187
449.2187
439.4531
439.4531
458.9844
458.9844
498.0469
498.0469
532.2266
532.2266
561.5234
561.5234
605.4687
605.4687
644.5312
644.5312
664.0625
664.0625
683.5937
683.5937
688.4766
688.4766
678.7109
678.7109
654.2969
654.2969
546.8750
546.8750
327.1484
327.1484
29.2969
29.2969
0.0000
0.0000
0.0000
0.0000
0.0000
0.0000
0.0000
0.0000
0.0000
0.0000
0.0000
0.0000
0.0000
0.0000
0.0000
0.0000
0.0000
0.0000
0.0000
0.0000
0.0000
0.0000
0.0000
0.0000
0.0000
0.0000
219.7266
219.7266
532.2266
532.2266
791.0156
791.0156
947.2656
947.2656
961.9141
961.9141
878.9062
878.9062
756.8359
756.8359
629.8828
629.8828
541.9922
541.9922
517.5781
517.5781
517.5781
517.5781
571.2891
571.2891
620.1172
620.1172
659.1797
659.1797
688.4766
688.4766
722.6562
722.6562
727.5391
727.5391
742.1875
742.1875
751.9531
751.9531
737.3047
737.3047
698.2422
698.2422
634.7656
634.7656
512.6953
512.6953
317.3828
317.3828
9.7656
9.7656
0.0000
0.0000
0.0000
0.0000
0.0000
0.0000
0.0000
0.0000
0.0000
0.0000
0.0000
0.0000
0.0000
0.0000
0.0000
0.0000
0.0000
0.0000
0.0000
0.0000
0.0000
0.0000
0.0000
0.0000
0.0000
0.0000
322.2656
322.2656
571.2891
571.2891
751.9531
751.9531
820.3125
820.3125
795.8984
795.8984
727.5391
727.5391
620.1172
620.1172
541.9922
541.9922
493.1641
493.1641
488.2812
488.2812
507.8125
507.8125
551.7578
551.7578
576.1719
576.1719
629.8828
629.8828
654.2969
654.2969
673.8281
673.8281
693.3594
693.3594
717.7734
717.7734
708.0078
708.0078
703.1250
703.1250
659.1797
659.1797
546.8750
546.8750
351.5625
351.5625
63.4766
63.4766
0.0000
0.0000
0.0000
0.0000
0.0000
0.0000
0.0000
0.0000
0.0000
0.0000
0.0000
0.0000
0.0000
0.0000
0.0000
0.0000
0.0000
0.0000
0.0000
0.0000
0.0000
0.0000
0.0000
0.0000
0.0000
0.0000
219.7266
219.7266
527.3437
527.3437
747.0703
747.0703
859.3750
859.3750
834.9609
834.9609
751.9531
751.9531
639.6484
639.6484
541.9922
541.9922
478.5156
478.5156
444.3359
444.3359
458.9844
458.9844
507.8125
507.8125
556.6406
556.6406
600.5859
600.5859
644.5312
644.5312
664.0625
664.0625
693.3594
693.3594
703.1250
703.1250
703.1250
703.1250
698.2422
698.2422
708.0078
708.0078
678.7109
678.7109
605.4687
605.4687
478.5156
478.5156
258.7891
258.7891
0.0000
0.0000
0.0000
0.0000
0.0000
0.0000
0.0000
0.0000
0.0000
0.0000
0.0000
0.0000
0.0000
0.0000
0.0000
0.0000
0.0000
0.0000
0.0000
0.0000
0.0000
0.0000
0.0000
0.0000
0.0000
4.8828
4.8828
327.1484
327.1484
327.1484
605.4687
605.4687
795.8984
795.8984
859.3750
859.3750
810.5469
810.5469
717.7734
625.0000
625.0000
512.6953
512.6953
458.9844
458.9844
439.4531
439.4531
439.4531
458.9844
512.6953
512.6953
561.5234
561.5234
605.4687
605.4687
634.7656
634.7656
659.1797
659.1797
678.7109
678.7109
693.3594
693.3594
678.7109
678.7109
629.8828
629.8828
517.5781
517.5781
327.1484
327.1484
78.1250
78.1250
0.0000
0.0000
0.0000
0.0000
0.0000
0.0000
0.0000
0.0000
0.0000
0.0000
0.0000
0.0000
0.0000
0.0000
0.0000
0.0000
0.0000
0.0000
0.0000
0.0000
0.0000
0.0000
0.0000
0.0000
0.0000
0.0000
0.0000
0.0000
224.6094
224.6094
546.8750
546.8750
800.7812
800.7812
942.3828
942.3828
947.2656
947.2656
864.2578
864.2578
708.0078
708.0078
571.2891
571.2891
488.2812
488.2812
444.3359
444.3359
439.4531
439.4531
468.7500
468.7500
517.5781
517.5781
576.1719
576.1719
629.8828
629.8828
654.2969
654.2969
673.8281
673.8281
698.2422
698.2422
708.0078
708.0078
703.1250
703.1250
688.4766
688.4766
610.3516
610.3516
449.2187
449.2187
258.7891
258.7891
0.0000
0.0000
0.0000
0.0000
0.0000
0.0000
0.0000
0.0000
0.0000
0.0000
0.0000
0.0000
0.0000
0.0000
0.0000
0.0000
0.0000
0.0000
0.0000
0.0000
0.0000
0.0000
0.0000
0.0000
0.0000
0.0000
0.0000
0.0000
0.0000
0.0000
258.7891
258.7891
483.3984
483.3984
644.5312
644.5312
717.7734
717.7734
717.7734
717.7734
668.9453
668.9453
600.5859
600.5859
532.2266
532.2266
488.2812
488.2812
458.9844
458.9844
454.1016
454.1016
478.5156
478.5156
512.6953
512.6953
551.7578
551.7578
600.5859
600.5859
634.7656
634.7656
644.5312
644.5312
678.7109
678.7109
673.8281
673.8281
644.5312
644.5312
532.2266
532.2266
341.7969
341.7969
102.5391
102.5391
0.0000
0.0000
0.0000
0.0000
0.0000
0.0000
0.0000
0.0000
0.0000
0.0000
0.0000
0.0000
0.0000
0.0000
0.0000
0.0000
0.0000
0.0000
0.0000
0.0000
0.0000
0.0000
0.0000
0.0000
0.0000
0.0000
0.0000
0.0000
141.6016
141.6016
454.1016
454.1016
717.7734
717.7734
864.2578
864.2578
908.2031
908.2031
864.2578
864.2578
751.9531
751.9531
629.8828
629.8828
551.7578
551.7578
493.1641
493.1641
498.0469
498.0469
527.3437
527.3437
566.4062
566.4062
600.5859
600.5859
634.7656
634.7656
644.5312
644.5312
683.5937
683.5937
698.2422
698.2422
703.1250
703.1250
708.0078
708.0078
693.3594
693.3594
610.3516
610.3516
463.8672
463.8672
278.3203
278.3203
58.5937
58.5937
0.0000
0.0000
0.0000
0.0000
0.0000
0.0000
0.0000
0.0000
0.0000
0.0000
0.0000
0.0000
0.0000
0.0000
0.0000
0.0000
0.0000
0.0000
0.0000
0.0000
0.0000
0.0000
0.0000
0.0000
0.0000
0.0000
122.0703
122.0703
439.4531
439.4531
712.8906
712.8906
883.7891
883.7891
937.5000
937.5000
922.8516
922.8516
839.8437
839.8437
737.3047
737.3047
634.7656
634.7656
561.5234
561.5234
532.2266
532.2266
537.1094
537.1094
581.0547
581.0547
629.8828
629.8828
664.0625
664.0625
678.7109
678.7109
698.2422
698.2422
698.2422
698.2422
712.8906
712.8906
717.7734
717.7734
698.2422
698.2422
620.1172
620.1172
478.5156
478.5156
244.1406
244.1406
0.0000
0.0000
0.0000
0.0000
0.0000
0.0000
0.0000
0.0000
0.0000
0.0000
0.0000
0.0000
0.0000
0.0000
0.0000
0.0000
0.0000
0.0000
0.0000
0.0000
0.0000
0.0000
0.0000
0.0000
0.0000
0.0000
0.0000
0.0000
166.0156
166.0156
473.6328
473.6328
722.6562
722.6562
893.5547
893.5547
937.5000
937.5000
888.6719
888.6719
771.4844
771.4844
634.7656
634.7656
532.2266
532.2266
502.9297
502.9297
473.6328
473.6328
488.2812
488.2812
527.3437
527.3437
581.0547
581.0547
639.6484
639.6484
688.4766
688.4766
688.4766
688.4766
688.4766
688.4766
693.3594
693.3594
688.4766
688.4766
659.1797
659.1797
581.0547
581.0547
454.1016
454.1016
273.4375
273.4375
24.4141
24.4141
0.0000
0.0000
0.0000
0.0000
0.0000
0.0000
0.0000
0.0000
0.0000
0.0000
0.0000
0.0000
0.0000
0.0000
0.0000
0.0000
0.0000
0.0000
0.0000
0.0000
0.0000
0.0000
0.0000
0.0000
0.0000
0.0000
112.3047
112.3047
410.1562
410.1562
654.2969
654.2969
776.3672
776.3672
800.7812
800.7812
786.1328
786.1328
698.2422
698.2422
620.1172
620.1172
537.1094
537.1094
483.3984
483.3984
463.8672
463.8672
478.5156
478.5156
502.9297
502.9297
541.9922
541.9922
581.0547
581.0547
620.1172
620.1172
659.1797
659.1797
683.5937
683.5937
683.5937
683.5937
688.4766
688.4766
668.9453
668.9453
581.0547
581.0547
415.0391
415.0391
185.5469
185.5469
0.0000
0.0000
0.0000
0.0000
0.0000
0.0000
0.0000
0.0000
0.0000
0.0000
0.0000
0.0000
0.0000
0.0000
0.0000
0.0000
0.0000
0.0000
0.0000
0.0000
0.0000
0.0000
0.0000
0.0000
0.0000
0.0000
0.0000
0.0000
156.2500
156.2500
478.5156
478.5156
737.3047
737.3047
888.6719
888.6719
888.6719
888.6719
795.8984
795.8984
673.8281
673.8281
561.5234
561.5234
488.2812
488.2812
478.5156
478.5156
463.8672
463.8672
493.1641
493.1641
527.3437
527.3437
556.6406
556.6406
585.9375
585.9375
625.0000
625.0000
639.6484
639.6484
664.0625
664.0625
688.4766
688.4766
688.4766
688.4766
649.4141
649.4141
561.5234
561.5234
405.2734
405.2734
175.7812
175.7812
0.0000
0.0000
0.0000
0.0000
0.0000
0.0000
0.0000
0.0000
0.0000
0.0000
0.0000
0.0000
0.0000
0.0000
0.0000
0.0000
0.0000
0.0000
0.0000
0.0000
0.0000
0.0000
0.0000
0.0000
0.0000
0.0000
0.0000
0.0000
292.9687
292.9687
566.4062
566.4062
776.3672
776.3672
864.2578
864.2578
859.3750
859.3750
791.0156
791.0156
673.8281
673.8281
576.1719
576.1719
507.8125
507.8125
468.7500
468.7500
478.5156
478.5156
527.3437
527.3437
561.5234
561.5234
595.7031
595.7031
625.0000
625.0000
625.0000
625.0000
659.1797
659.1797
683.5937
683.5937
703.1250
703.1250
673.8281
673.8281
590.8203
590.8203
390.6250
390.6250
117.1875
117.1875
0.0000
0.0000
0.0000
0.0000
0.0000
0.0000
0.0000
0.0000
0.0000
0.0000
0.0000
0.0000
0.0000
0.0000
0.0000
0.0000
0.0000
0.0000
0.0000
0.0000
0.0000
0.0000
0.0000
0.0000
0.0000
0.0000
0.0000
0.0000
68.3594
68.3594
415.0391
415.0391
683.5937
683.5937
825.1953
825.1953
854.4922
854.4922
756.8359
756.8359
620.1172
620.1172
493.1641
493.1641
419.9219
419.9219
415.0391
415.0391
444.3359
444.3359
478.5156
478.5156
512.6953
512.6953
561.5234
561.5234
595.7031
595.7031
639.6484
639.6484
649.4141
649.4141
654.2969
654.2969
659.1797
659.1797
664.0625
664.0625
600.5859
600.5859
483.3984
483.3984
273.4375
273.4375
0.0000
0.0000
0.0000
0.0000
0.0000
0.0000
0.0000
0.0000
0.0000
0.0000
0.0000
0.0000
0.0000
0.0000
0.0000
0.0000
0.0000
0.0000
0.0000
0.0000
0.0000
0.0000
0.0000
0.0000
0.0000
0.0000
0.0000
0.0000
0.0000
0.0000
239.2578
239.2578
488.2812
488.2812
654.2969
654.2969
703.1250
703.1250
654.2969
654.2969
581.0547
581.0547
493.1641
493.1641
449.2187
449.2187
424.8047
424.8047
429.6875
429.6875
449.2187
449.2187
512.6953
512.6953
551.7578
551.7578
590.8203
590.8203
610.3516
610.3516
629.8828
629.8828
664.0625
664.0625
688.4766
688.4766
644.5312
644.5312
502.9297
502.9297
268.5547
268.5547
0.0000
0.0000
0.0000
0.0000
0.0000
0.0000
0.0000
0.0000
0.0000
0.0000
0.0000
0.0000
0.0000
0.0000
0.0000
0.0000
0.0000
0.0000
0.0000
0.0000
0.0000
0.0000
0.0000
0.0000
0.0000
0.0000
0.0000
0.0000
0.0000
0.0000
283.2031
283.2031
625.0000
625.0000
893.5547
893.5547
1040.0391
1040.0391
1040.0391
1040.0391
937.5000
937.5000
786.1328
786.1328
629.8828
629.8828
546.8750
546.8750
527.3437
527.3437
541.9922
541.9922
600.5859
600.5859
634.7656
634.7656
668.9453
668.9453
717.7734
717.7734
747.0703
747.0703
766.6016
766.6016
776.3672
776.3672
781.2500
781.2500
791.0156
791.0156
795.8984
795.8984
727.5391
727.5391
556.6406
556.6406
268.5547
268.5547
0.0000
0.0000
0.0000
0.0000
0.0000
0.0000
0.0000
0.0000
0.0000
0.0000
0.0000
0.0000
0.0000
0.0000
0.0000
0.0000
0.0000
0.0000
0.0000
0.0000
0.0000
0.0000
0.0000
0.0000
0.0000
0.0000
0.0000
0.0000
0.0000
0.0000
234.3750
234.3750
517.5781
517.5781
698.2422
791.0156
791.0156
781.2500
781.2500
712.8906
712.8906
625.0000
625.0000
541.9922
541.9922
541.9922
498.0469
498.0469
512.6953
512.6953
527.3437
527.3437
571.2891
571.2891
615.2344
644.5312
644.5312
673.8281
673.8281
703.1250
703.1250
732.4219
732.4219
732.4219
732.4219
732.4219
703.1250
703.1250
590.8203
590.8203
371.0937
371.0937
92.7734
0.0000
0.0000
0.0000
0.0000
0.0000
0.0000
0.0000
0.0000
0.0000
0.0000
0.0000
0.0000
0.0000
0.0000
0.0000
0.0000
0.0000
0.0000
0.0000
0.0000
0.0000
0.0000
0.0000
0.0000
0.0000
0.0000
0.0000
0.0000
117.1875
117.1875
434.5703
434.5703
654.2969
654.2969
791.0156
791.0156
820.3125
820.3125
756.8359
756.8359
668.9453
668.9453
585.9375
585.9375
517.5781
517.5781
512.6953
512.6953
551.7578
551.7578
576.1719
576.1719
629.8828
629.8828
673.8281
673.8281
712.8906
712.8906
737.3047
737.3047
766.6016
766.6016
766.6016
766.6016
786.1328
786.1328
781.2500
781.2500
751.9531
751.9531
664.0625
664.0625
522.4609
522.4609
249.0234
249.0234
0.0000
0.0000
0.0000
0.0000
0.0000
0.0000
0.0000
0.0000
0.0000
0.0000
0.0000
0.0000
0.0000
0.0000
0.0000
0.0000
0.0000
0.0000
0.0000
0.0000
0.0000
0.0000
0.0000
0.0000
0.0000
0.0000
0.0000
0.0000
273.4375
273.4375
566.4062
566.4062
771.4844
771.4844
859.3750
859.3750
874.0234
874.0234
825.1953
825.1953
756.8359
756.8359
668.9453
668.9453
600.5859
600.5859
585.9375
585.9375
595.7031
595.7031
625.0000
625.0000
668.9453
668.9453
703.1250
703.1250
751.9531
751.9531
791.0156
791.0156
810.5469
810.5469
805.6641
805.6641
830.0781
830.0781
825.1953
825.1953
791.0156
791.0156
693.3594
693.3594
483.3984
483.3984
185.5469
185.5469
0.0000
0.0000
0.0000
0.0000
0.0000
0.0000
0.0000
0.0000
0.0000
0.0000
0.0000
0.0000
0.0000
0.0000
0.0000
0.0000
0.0000
0.0000
0.0000
0.0000
0.0000
0.0000
0.0000
0.0000
0.0000
0.0000
0.0000
0.0000
14.6484
14.6484
356.4453
356.4453
668.9453
668.9453
864.2578
864.2578
913.0859
913.0859
878.9062
878.9062
786.1328
786.1328
659.1797
659.1797
571.2891
571.2891
532.2266
532.2266
517.5781
517.5781
556.6406
556.6406
605.4687
605.4687
659.1797
659.1797
712.8906
712.8906
747.0703
747.0703
786.1328
786.1328
815.4297
815.4297
815.4297
815.4297
805.6641
805.6641
791.0156
791.0156
766.6016
766.6016
654.2969
654.2969
488.2812
488.2812
224.6094
224.6094
0.0000
0.0000
0.0000
0.0000
0.0000
0.0000
0.0000
0.0000
0.0000
0.0000
0.0000
0.0000
0.0000
0.0000
0.0000
0.0000
0.0000
0.0000
0.0000
0.0000
0.0000
0.0000
0.0000
0.0000
0.0000
0.0000
0.0000
0.0000
214.8437
214.8437
527.3437
527.3437
756.8359
756.8359
893.5547
893.5547
932.6172
932.6172
874.0234
874.0234
791.0156
791.0156
693.3594
693.3594
600.5859
600.5859
561.5234
561.5234
561.5234
561.5234
585.9375
585.9375
644.5312
644.5312
688.4766
688.4766
722.6562
722.6562
756.8359
756.8359
795.8984
795.8984
810.5469
810.5469
820.3125
820.3125
805.6641
805.6641
791.0156
791.0156
717.7734
717.7734
566.4062
566.4062
288.0859
288.0859
0.0000
0.0000
0.0000
0.0000
0.0000
0.0000
0.0000
0.0000
0.0000
0.0000
0.0000
0.0000
0.0000
0.0000
0.0000
0.0000
0.0000
0.0000
0.0000
0.0000
0.0000
0.0000
0.0000
0.0000
0.0000
0.0000
0.0000
0.0000
312.5000
312.5000
595.7031
595.7031
800.7812
800.7812
932.6172
932.6172
961.9141
961.9141
893.5547
893.5547
795.8984
795.8984
688.4766
688.4766
600.5859
600.5859
566.4062
566.4062
556.6406
556.6406
576.1719
576.1719
629.8828
629.8828
678.7109
678.7109
722.6562
722.6562
756.8359
756.8359
771.4844
771.4844
781.2500
781.2500
795.8984
795.8984
791.0156
791.0156
712.8906
712.8906
590.8203
590.8203
419.9219
419.9219
209.9609
209.9609
0.0000
0.0000
0.0000
0.0000
0.0000
0.0000
0.0000
0.0000
0.0000
0.0000
0.0000
0.0000
0.0000
0.0000
0.0000
0.0000
0.0000
0.0000
0.0000
0.0000
0.0000
0.0000
0.0000
0.0000
0.0000
0.0000
112.3047
112.3047
410.1562
410.1562
629.8828
629.8828
800.7812
800.7812
869.1406
869.1406
859.3750
859.3750
820.3125
820.3125
756.8359
756.8359
673.8281
673.8281
620.1172
620.1172
585.9375
585.9375
571.2891
571.2891
595.7031
595.7031
625.0000
625.0000
649.4141
649.4141
688.4766
688.4766
717.7734
717.7734
732.4219
732.4219
747.0703
747.0703
761.7187
761.7187
742.1875
742.1875
654.2969
654.2969
473.6328
473.6328
200.1953
200.1953
0.0000
0.0000
0.0000
0.0000
0.0000
0.0000
0.0000
0.0000
0.0000
0.0000
0.0000
0.0000
0.0000
0.0000
0.0000
0.0000
0.0000
0.0000
0.0000
0.0000
0.0000
0.0000
0.0000
0.0000
0.0000
0.0000
0.0000
0.0000
0.0000
0.0000
307.6172
307.6172
571.2891
571.2891
761.7187
761.7187
830.0781
830.0781
810.5469
810.5469
727.5391
727.5391
625.0000
625.0000
546.8750
546.8750
498.0469
498.0469
483.3984
483.3984
517.5781
517.5781
561.5234
561.5234
595.7031
595.7031
634.7656
634.7656
644.5312
644.5312
668.9453
668.9453
698.2422
698.2422
708.0078
708.0078
708.0078
708.0078
717.7734
717.7734
668.9453
668.9453
581.0547
581.0547
454.1016
454.1016
263.6719
263.6719
0.0000
0.0000
0.0000
0.0000
0.0000
0.0000
0.0000
0.0000
0.0000
0.0000
0.0000
0.0000
0.0000
0.0000
0.0000
0.0000
0.0000
0.0000
0.0000
0.0000
0.0000
0.0000
0.0000
0.0000
0.0000
0.0000
24.4141
24.4141
336.9141
336.9141
620.1172
620.1172
810.5469
810.5469
913.0859
913.0859
898.4375
898.4375
825.1953
825.1953
737.3047
737.3047
634.7656
634.7656
571.2891
571.2891
537.1094
537.1094
551.7578
551.7578
576.1719
576.1719
639.6484
639.6484
678.7109
678.7109
688.4766
688.4766
708.0078
708.0078
717.7734
717.7734
727.5391
727.5391
722.6562
722.6562
722.6562
722.6562
683.5937
683.5937
600.5859
600.5859
434.5703
434.5703
175.7812
175.7812
0.0000
0.0000
0.0000
0.0000
0.0000
0.0000
0.0000
0.0000
0.0000
0.0000
0.0000
0.0000
0.0000
0.0000
0.0000
0.0000
0.0000
0.0000
0.0000
0.0000
0.0000
0.0000
0.0000
0.0000
0.0000
0.0000
4.8828
4.8828
317.3828
317.3828
576.1719
576.1719
766.6016
766.6016
874.0234
874.0234
854.4922
854.4922
771.4844
771.4844
649.4141
649.4141
537.1094
537.1094
498.0469
498.0469
473.6328
473.6328
473.6328
473.6328
512.6953
512.6953
561.5234
561.5234
615.2344
615.2344
664.0625
664.0625
683.5937
683.5937
688.4766
688.4766
708.0078
708.0078
708.0078
708.0078
693.3594
693.3594
654.2969
654.2969
581.0547
581.0547
488.2812
488.2812
336.9141
336.9141
43.9453
43.9453
0.0000
0.0000
0.0000
0.0000
0.0000
0.0000
0.0000
0.0000
0.0000
0.0000
0.0000
0.0000
0.0000
0.0000
0.0000
0.0000
0.0000
0.0000
0.0000
0.0000
0.0000
0.0000
0.0000
0.0000
0.0000
0.0000
244.1406
244.1406
532.2266
532.2266
732.4219
732.4219
859.3750
859.3750
893.5547
893.5547
854.4922
854.4922
761.7187
761.7187
664.0625
664.0625
561.5234
561.5234
493.1641
493.1641
488.2812
488.2812
498.0469
498.0469
541.9922
541.9922
595.7031
595.7031
644.5312
644.5312
668.9453
668.9453
698.2422
698.2422
698.2422
698.2422
703.1250
703.1250
664.0625
664.0625
551.7578
551.7578
366.2109
366.2109
141.6016
141.6016
0.0000
0.0000
0.0000
0.0000
0.0000
0.0000
0.0000
0.0000
0.0000
0.0000
0.0000
0.0000
0.0000
0.0000
0.0000
0.0000
0.0000
0.0000
0.0000
0.0000
0.0000
0.0000
0.0000
0.0000
0.0000
0.0000
63.4766
63.4766
366.2109
366.2109
659.1797
659.1797
874.0234
874.0234
981.4453
981.4453
971.6797
971.6797
864.2578
864.2578
717.7734
717.7734
600.5859
600.5859
522.4609
522.4609
498.0469
498.0469
517.5781
517.5781
541.9922
541.9922
571.2891
571.2891
605.4687
605.4687
625.0000
625.0000
654.2969
654.2969
668.9453
668.9453
683.5937
683.5937
693.3594
693.3594
712.8906
712.8906
654.2969
654.2969
566.4062
566.4062
390.6250
390.6250
78.1250
78.1250
0.0000
0.0000
0.0000
0.0000
0.0000
0.0000
0.0000
0.0000
0.0000
0.0000
0.0000
0.0000
0.0000
0.0000
0.0000
0.0000
0.0000
0.0000
0.0000
0.0000
0.0000
0.0000
0.0000
0.0000
0.0000
0.0000
0.0000
0.0000
175.7812
175.7812
410.1562
410.1562
576.1719
576.1719
644.5312
644.5312
625.0000
625.0000
566.4062
566.4062
493.1641
493.1641
434.5703
434.5703
405.2734
405.2734
400.3906
400.3906
405.2734
405.2734
454.1016
454.1016
483.3984
483.3984
527.3437
527.3437
546.8750
546.8750
556.6406
556.6406
571.2891
571.2891
600.5859
600.5859
610.3516
585.9375
585.9375
498.0469
498.0469
302.7344
302.7344
9.7656
9.7656
9.7656
0.0000
0.0000
0.0000
0.0000
0.0000
0.0000
0.0000
0.0000
0.0000
0.0000
0.0000
0.0000
0.0000
0.0000
0.0000
0.0000
0.0000
0.0000
0.0000
0.0000
0.0000
0.0000
0.0000
0.0000
0.0000
0.0000
131.8359
131.8359
415.0391
634.7656
634.7656
766.6016
766.6016
786.1328
786.1328
737.3047
737.3047
737.3047
634.7656
634.7656
537.1094
537.1094
463.8672
463.8672
434.5703
434.5703
439.4531
498.0469
498.0469
527.3437
527.3437
566.4062
566.4062
605.4687
605.4687
625.0000
625.0000
659.1797
659.1797
673.8281
673.8281
673.8281
673.8281
644.5312
644.5312
576.1719
576.1719
429.6875
429.6875
253.9062
253.9062
19.5312
19.5312
0.0000
0.0000
0.0000
0.0000
0.0000
0.0000
0.0000
0.0000
0.0000
0.0000
0.0000
0.0000
0.0000
0.0000
0.0000
0.0000
0.0000
0.0000
0.0000
0.0000
0.0000
0.0000
0.0000
0.0000
0.0000
0.0000
136.7187
136.7187
429.6875
429.6875
659.1797
659.1797
795.8984
795.8984
825.1953
825.1953
781.2500
781.2500
678.7109
678.7109
571.2891
571.2891
507.8125
507.8125
468.7500
468.7500
488.2812
488.2812
498.0469
498.0469
532.2266
532.2266
581.0547
581.0547
629.8828
629.8828
644.5312
644.5312
654.2969
654.2969
673.8281
673.8281
693.3594
693.3594
722.6562
722.6562
722.6562
722.6562
654.2969
654.2969
488.2812
488.2812
229.4922
229.4922
0.0000
0.0000
0.0000
0.0000
0.0000
0.0000
0.0000
0.0000
0.0000
0.0000
0.0000
0.0000
0.0000
0.0000
0.0000
0.0000
0.0000
0.0000
0.0000
0.0000
0.0000
0.0000
0.0000
0.0000
0.0000
0.0000
0.0000
0.0000
156.2500
156.2500
458.9844
458.9844
654.2969
654.2969
747.0703
747.0703
751.9531
751.9531
668.9453
668.9453
571.2891
571.2891
473.6328
473.6328
410.1562
410.1562
415.0391
415.0391
449.2187
449.2187
493.1641
493.1641
541.9922
541.9922
561.5234
561.5234
585.9375
585.9375
629.8828
629.8828
644.5312
644.5312
654.2969
654.2969
659.1797
659.1797
668.9453
668.9453
649.4141
649.4141
581.0547
581.0547
415.0391
415.0391
200.1953
200.1953
0.0000
0.0000
0.0000
0.0000
0.0000
0.0000
0.0000
0.0000
0.0000
0.0000
0.0000
0.0000
0.0000
0.0000
0.0000
0.0000
0.0000
0.0000
0.0000
0.0000
0.0000
0.0000
0.0000
0.0000
0.0000
0.0000
0.0000
0.0000
175.7812
175.7812
449.2187
449.2187
664.0625
664.0625
771.4844
771.4844
786.1328
786.1328
732.4219
732.4219
644.5312
644.5312
551.7578
551.7578
498.0469
498.0469
468.7500
468.7500
493.1641
493.1641
532.2266
532.2266
571.2891
571.2891
605.4687
605.4687
634.7656
634.7656
644.5312
644.5312
664.0625
664.0625
688.4766
688.4766
693.3594
693.3594
703.1250
703.1250
673.8281
673.8281
551.7578
551.7578
307.6172
307.6172
14.6484
14.6484
0.0000
0.0000
0.0000
0.0000
0.0000
0.0000
0.0000
0.0000
0.0000
0.0000
0.0000
0.0000
0.0000
0.0000
0.0000
0.0000
0.0000
0.0000
0.0000
0.0000
0.0000
0.0000
0.0000
0.0000
0.0000
0.0000
0.0000
0.0000
273.4375
273.4375
551.7578
551.7578
732.4219
732.4219
800.7812
800.7812
771.4844
771.4844
659.1797
659.1797
556.6406
556.6406
463.8672
463.8672
429.6875
429.6875
444.3359
444.3359
493.1641
493.1641
527.3437
527.3437
585.9375
585.9375
610.3516
610.3516
629.8828
629.8828
649.4141
649.4141
664.0625
664.0625
668.9453
668.9453
683.5937
683.5937
693.3594
693.3594
678.7109
678.7109
629.8828
629.8828
512.6953
512.6953
307.6172
307.6172
0.0000
0.0000
0.0000
0.0000
0.0000
0.0000
0.0000
0.0000
0.0000
0.0000
0.0000
0.0000
0.0000
0.0000
0.0000
0.0000
0.0000
0.0000
0.0000
0.0000
0.0000
0.0000
0.0000
0.0000
0.0000
0.0000
0.0000
0.0000
292.9687
292.9687
546.8750
546.8750
727.5391
727.5391
810.5469
810.5469
800.7812
800.7812
737.3047
737.3047
644.5312
644.5312
541.9922
541.9922
502.9297
502.9297
478.5156
478.5156
502.9297
502.9297
546.8750
546.8750
585.9375
585.9375
625.0000
625.0000
664.0625
664.0625
683.5937
683.5937
688.4766
688.4766
708.0078
708.0078
703.1250
703.1250
668.9453
668.9453
571.2891
571.2891
390.6250
390.6250
141.6016
141.6016
0.0000
0.0000
0.0000
0.0000
0.0000
0.0000
0.0000
0.0000
0.0000
0.0000
0.0000
0.0000
0.0000
0.0000
0.0000
0.0000
0.0000
0.0000
0.0000
0.0000
0.0000
0.0000
0.0000
0.0000
0.0000
0.0000
68.3594
68.3594
390.6250
390.6250
654.2969
654.2969
849.6094
849.6094
908.2031
908.2031
859.3750
859.3750
761.7187
761.7187
625.0000
625.0000
517.5781
517.5781
449.2187
449.2187
444.3359
444.3359
478.5156
478.5156
546.8750
546.8750
590.8203
590.8203
634.7656
634.7656
664.0625
664.0625
683.5937
683.5937
708.0078
708.0078
722.6562
722.6562
703.1250
703.1250
654.2969
654.2969
556.6406
556.6406
400.3906
400.3906
209.9609
209.9609
0.0000
0.0000
0.0000
0.0000
0.0000
0.0000
0.0000
0.0000
0.0000
0.0000
0.0000
0.0000
0.0000
0.0000
0.0000
0.0000
0.0000
0.0000
0.0000
0.0000
0.0000
0.0000
0.0000
0.0000
0.0000
0.0000
0.0000
0.0000
229.4922
229.4922
478.5156
478.5156
654.2969
654.2969
742.1875
742.1875
756.8359
756.8359
732.4219
732.4219
649.4141
649.4141
566.4062
566.4062
507.8125
507.8125
463.8672
463.8672
463.8672
463.8672
493.1641
493.1641
517.5781
517.5781
576.1719
576.1719
625.0000
625.0000
644.5312
644.5312
664.0625
664.0625
688.4766
688.4766
708.0078
708.0078
717.7734
717.7734
678.7109
678.7109
566.4062
566.4062
375.9766
375.9766
97.6562
97.6562
0.0000
0.0000
0.0000
0.0000
0.0000
0.0000
0.0000
0.0000
0.0000
0.0000
0.0000
0.0000
0.0000
0.0000
0.0000
0.0000
0.0000
0.0000
0.0000
0.0000
0.0000
0.0000
0.0000
0.0000
0.0000
0.0000
292.9687
292.9687
571.2891
571.2891
795.8984
795.8984
898.4375
898.4375
888.6719
888.6719
810.5469
810.5469
698.2422
698.2422
600.5859
600.5859
546.8750
546.8750
512.6953
512.6953
517.5781
517.5781
537.1094
537.1094
561.5234
561.5234
595.7031
595.7031
620.1172
620.1172
644.5312
644.5312
668.9453
668.9453
693.3594
693.3594
693.3594
693.3594
717.7734
717.7734
708.0078
708.0078
654.2969
654.2969
556.6406
556.6406
361.3281
361.3281
4.8828
4.8828
0.0000
0.0000
0.0000
0.0000
0.0000
0.0000
0.0000
0.0000
0.0000
0.0000
0.0000
0.0000
0.0000
0.0000
0.0000
0.0000
0.0000
0.0000
0.0000
0.0000
0.0000
0.0000
0.0000
0.0000
0.0000
0.0000
268.5547
268.5547
537.1094
537.1094
698.2422
698.2422
742.1875
742.1875
717.7734
717.7734
629.8828
629.8828
561.5234
561.5234
493.1641
493.1641
458.9844
458.9844
458.9844
458.9844
478.5156
478.5156
507.8125
507.8125
556.6406
556.6406
585.9375
585.9375
600.5859
600.5859
625.0000
625.0000
629.8828
629.8828
639.6484
639.6484
664.0625
664.0625
668.9453
668.9453
615.2344
615.2344
522.4609
522.4609
332.0312
332.0312
73.2422
73.2422
0.0000
0.0000
0.0000
0.0000
0.0000
0.0000
0.0000
0.0000
0.0000
0.0000
0.0000
0.0000
0.0000
0.0000
0.0000
0.0000
0.0000
0.0000
0.0000
0.0000
0.0000
0.0000
0.0000
0.0000
0.0000
0.0000
239.2578
239.2578
541.9922
541.9922
766.6016
766.6016
927.7344
927.7344
976.5625
976.5625
893.5547
893.5547
756.8359
756.8359
615.2344
615.2344
517.5781
517.5781
493.1641
493.1641
493.1641
493.1641
517.5781
517.5781
556.6406
556.6406
595.7031
595.7031
644.5312
644.5312
678.7109
678.7109
693.3594
693.3594
693.3594
693.3594
698.2422
698.2422
668.9453
668.9453
595.7031
595.7031
458.9844
458.9844
288.0859
288.0859
48.8281
48.8281
0.0000
0.0000
0.0000
0.0000
0.0000
0.0000
0.0000
0.0000
0.0000
0.0000
0.0000
0.0000
0.0000
0.0000
0.0000
0.0000
0.0000
0.0000
0.0000
0.0000
0.0000
0.0000
0.0000
0.0000
0.0000
0.0000
0.0000
0.0000
214.8437
214.8437
454.1016
454.1016
625.0000
625.0000
659.1797
659.1797
620.1172
620.1172
556.6406
556.6406
488.2812
488.2812
444.3359
444.3359
410.1562
410.1562
400.3906
400.3906
449.2187
449.2187
483.3984
483.3984
507.8125
507.8125
537.1094
537.1094
566.4062
566.4062
595.7031
595.7031
644.5312
644.5312
649.4141
649.4141
654.2969
654.2969
664.0625
664.0625
625.0000
625.0000
478.5156
478.5156
239.2578
239.2578
0.0000
0.0000
0.0000
0.0000
0.0000
0.0000
0.0000
0.0000
0.0000
0.0000
0.0000
0.0000
0.0000
0.0000
0.0000
0.0000
0.0000
0.0000
0.0000
0.0000
0.0000
0.0000
0.0000
0.0000
0.0000
0.0000
0.0000
0.0000
68.3594
68.3594
380.8594
380.8594
634.7656
634.7656
800.7812
800.7812
844.7266
844.7266
781.2500
781.2500
649.4141
649.4141
551.7578
551.7578
478.5156
478.5156
483.3984
483.3984
498.0469
522.4609
522.4609
551.7578
551.7578
585.9375
585.9375
615.2344
615.2344
639.6484
639.6484
639.6484
654.2969
654.2969
668.9453
668.9453
693.3594
693.3594
722.6562
722.6562
737.3047
712.8906
712.8906
639.6484
639.6484
488.2812
488.2812
234.3750
234.3750
0.0000
0.0000
0.0000
0.0000
0.0000
0.0000
0.0000
0.0000
0.0000
0.0000
0.0000
0.0000
0.0000
0.0000
0.0000
0.0000
0.0000
0.0000
0.0000
0.0000
0.0000
0.0000
0.0000
0.0000
0.0000
0.0000
0.0000
0.0000
307.6172
307.6172
585.9375
585.9375
776.3672
776.3672
859.3750
859.3750
849.6094
849.6094
776.3672
776.3672
664.0625
664.0625
590.8203
590.8203
537.1094
537.1094
512.6953
512.6953
532.2266
532.2266
566.4062
566.4062
590.8203
590.8203
629.8828
629.8828
668.9453
668.9453
668.9453
668.9453
683.5937
683.5937
693.3594
693.3594
717.7734
717.7734
742.1875
742.1875
727.5391
727.5391
634.7656
634.7656
424.8047
424.8047
151.3672
151.3672
0.0000
0.0000
0.0000
0.0000
0.0000
0.0000
0.0000
0.0000
0.0000
0.0000
0.0000
0.0000
0.0000
0.0000
0.0000
0.0000
0.0000
0.0000
0.0000
0.0000
0.0000
0.0000
0.0000
0.0000
0.0000
0.0000
0.0000
0.0000
278.3203
278.3203
571.2891
571.2891
776.3672
776.3672
883.7891
883.7891
859.3750
859.3750
756.8359
756.8359
634.7656
634.7656
546.8750
546.8750
483.3984
483.3984
488.2812
488.2812
507.8125
507.8125
537.1094
537.1094
581.0547
581.0547
620.1172
620.1172
659.1797
659.1797
683.5937
683.5937
698.2422
698.2422
688.4766
688.4766
703.1250
703.1250
712.8906
712.8906
688.4766
688.4766
620.1172
620.1172
493.1641
493.1641
268.5547
268.5547
0.0000
0.0000
0.0000
0.0000
0.0000
0.0000
0.0000
0.0000
0.0000
0.0000
0.0000
0.0000
0.0000
0.0000
0.0000
0.0000
0.0000
0.0000
0.0000
0.0000
0.0000
0.0000
0.0000
0.0000
0.0000
0.0000
0.0000
0.0000
0.0000
0.0000
278.3203
278.3203
522.4609
522.4609
654.2969
654.2969
683.5937
683.5937
644.5312
644.5312
551.7578
551.7578
473.6328
473.6328
429.6875
429.6875
400.3906
400.3906
434.5703
434.5703
463.8672
463.8672
493.1641
493.1641
537.1094
537.1094
576.1719
576.1719
605.4687
605.4687
644.5312
644.5312
659.1797
659.1797
659.1797
659.1797
678.7109
678.7109
668.9453
668.9453
600.5859
600.5859
424.8047
424.8047
156.2500
156.2500
0.0000
0.0000
0.0000
0.0000
0.0000
0.0000
0.0000
0.0000
0.0000
0.0000
0.0000
0.0000
0.0000
0.0000
0.0000
0.0000
0.0000
0.0000
0.0000
0.0000
0.0000
0.0000
0.0000
0.0000
0.0000
0.0000
131.8359
131.8359
434.5703
434.5703
712.8906
712.8906
898.4375
898.4375
991.2109
991.2109
966.7969
966.7969
844.7266
844.7266
732.4219
732.4219
629.8828
629.8828
566.4062
566.4062
551.7578
551.7578
561.5234
561.5234
581.0547
581.0547
639.6484
639.6484
673.8281
673.8281
703.1250
703.1250
722.6562
722.6562
737.3047
737.3047
747.0703
747.0703
776.3672
776.3672
761.7187
761.7187
703.1250
703.1250
600.5859
600.5859
454.1016
454.1016
200.1953
200.1953
0.0000
0.0000
0.0000
0.0000
0.0000
0.0000
0.0000
0.0000
0.0000
0.0000
0.0000
0.0000
0.0000
0.0000
0.0000
0.0000
0.0000
0.0000
0.0000
0.0000
0.0000
0.0000
0.0000
0.0000
0.0000
0.0000
146.4844
146.4844
468.7500
468.7500
732.4219
732.4219
917.9687
917.9687
1010.7422
1010.7422
986.3281
986.3281
874.0234
874.0234
737.3047
737.3047
605.4687
605.4687
537.1094
537.1094
527.3437
527.3437
532.2266
532.2266
556.6406
556.6406
595.7031
595.7031
629.8828
629.8828
673.8281
673.8281
693.3594
693.3594
703.1250
703.1250
703.1250
703.1250
722.6562
722.6562
708.0078
708.0078
625.0000
625.0000
419.9219
419.9219
141.6016
141.6016
0.0000
0.0000
0.0000
0.0000
0.0000
0.0000
0.0000
0.0000
0.0000
0.0000
0.0000
0.0000
0.0000
0.0000
0.0000
0.0000
0.0000
0.0000
0.0000
0.0000
0.0000
0.0000
0.0000
0.0000
0.0000
0.0000
0.0000
0.0000
131.8359
131.8359
449.2187
449.2187
693.3594
693.3594
859.3750
859.3750
874.0234
874.0234
805.6641
805.6641
683.5937
683.5937
537.1094
537.1094
454.1016
454.1016
415.0391
415.0391
424.8047
424.8047
468.7500
468.7500
512.6953
512.6953
551.7578
551.7578
585.9375
585.9375
605.4687
605.4687
615.2344
615.2344
639.6484
639.6484
639.6484
639.6484
654.2969
654.2969
659.1797
659.1797
620.1172
620.1172
493.1641
493.1641
297.8516
297.8516
0.0000
0.0000
0.0000
0.0000
0.0000
0.0000
0.0000
0.0000
0.0000
0.0000
0.0000
0.0000
0.0000
0.0000
0.0000
0.0000
0.0000
0.0000
0.0000
0.0000
0.0000
0.0000
0.0000
0.0000
0.0000
0.0000
0.0000
0.0000
0.0000
0.0000
92.7734
92.7734
346.6797
346.6797
537.1094
537.1094
639.6484
639.6484
620.1172
620.1172
576.1719
576.1719
488.2812
488.2812
415.0391
415.0391
390.6250
390.6250
375.9766
375.9766
400.3906
400.3906
434.5703
434.5703
473.6328
473.6328
507.8125
507.8125
546.8750
546.8750
571.2891
571.2891
581.0547
581.0547
600.5859
600.5859
605.4687
605.4687
629.8828
629.8828
605.4687
605.4687
478.5156
478.5156
244.1406
244.1406
0.0000
0.0000
0.0000
0.0000
0.0000
0.0000
0.0000
0.0000
0.0000
0.0000
0.0000
0.0000
0.0000
0.0000
0.0000
0.0000
0.0000
0.0000
0.0000
0.0000
0.0000
0.0000
0.0000
0.0000
0.0000
0.0000
0.0000
0.0000
0.0000
0.0000
302.7344
302.7344
610.3516
610.3516
825.1953
825.1953
942.3828
942.3828
932.6172
932.6172
815.4297
815.4297
678.7109
678.7109
556.6406
556.6406
488.2812
488.2812
488.2812
488.2812
498.0469
498.0469
537.1094
537.1094
600.5859
600.5859
644.5312
644.5312
668.9453
668.9453
688.4766
688.4766
693.3594
693.3594
708.0078
708.0078
727.5391
727.5391
727.5391
727.5391
708.0078
708.0078
659.1797
659.1797
512.6953
512.6953
283.2031
283.2031
0.0000
0.0000
0.0000
0.0000
0.0000
0.0000
0.0000
0.0000
0.0000
0.0000
0.0000
0.0000
0.0000
0.0000
0.0000
0.0000
0.0000
0.0000
0.0000
0.0000
0.0000
0.0000
0.0000
0.0000
0.0000
0.0000
0.0000
0.0000
151.3672
151.3672
449.2187
449.2187
683.5937
683.5937
805.6641
805.6641
825.1953
825.1953
766.6016
766.6016
664.0625
664.0625
561.5234
561.5234
512.6953
512.6953
483.3984
483.3984
483.3984
483.3984
512.6953
512.6953
551.7578
551.7578
600.5859
600.5859
639.6484
639.6484
649.4141
649.4141
664.0625
664.0625
678.7109
678.7109
693.3594
693.3594
708.0078
708.0078
708.0078
708.0078
644.5312
644.5312
512.6953
512.6953
312.5000
312.5000
0.0000
0.0000
0.0000
0.0000
0.0000
0.0000
0.0000
0.0000
0.0000
0.0000
0.0000
0.0000
0.0000
0.0000
0.0000
0.0000
0.0000
0.0000
0.0000
0.0000
0.0000
0.0000
0.0000
0.0000
0.0000
0.0000
0.0000
0.0000
229.4922
229.4922
551.7578
551.7578
791.0156
791.0156
908.2031
908.2031
913.0859
913.0859
805.6641
805.6641
673.8281
673.8281
551.7578
551.7578
468.7500
468.7500
439.4531
439.4531
473.6328
473.6328
502.9297
502.9297
561.5234
561.5234
605.4687
605.4687
649.4141
649.4141
673.8281
673.8281
688.4766
688.4766
688.4766
688.4766
693.3594
693.3594
717.7734
717.7734
712.8906
712.8906
683.5937
683.5937
590.8203
590.8203
424.8047
424.8047
136.7187
136.7187
0.0000
0.0000
0.0000
0.0000
0.0000
0.0000
0.0000
0.0000
0.0000
0.0000
0.0000
0.0000
0.0000
0.0000
0.0000
0.0000
0.0000
0.0000
0.0000
0.0000
0.0000
0.0000
0.0000
0.0000
0.0000
0.0000
0.0000
0.0000
283.2031
283.2031
576.1719
576.1719
766.6016
766.6016
834.9609
834.9609
820.3125
820.3125
742.1875
742.1875
625.0000
625.0000
537.1094
537.1094
458.9844
458.9844
439.4531
439.4531
454.1016
454.1016
507.8125
507.8125
551.7578
551.7578
605.4687
605.4687
629.8828
629.8828
649.4141
649.4141
668.9453
668.9453
673.8281
673.8281
678.7109
678.7109
693.3594
693.3594
659.1797
659.1797
512.6953
512.6953
292.9687
292.9687
24.4141
24.4141
0.0000
0.0000
0.0000
0.0000
0.0000
0.0000
0.0000
0.0000
0.0000
0.0000
0.0000
0.0000
0.0000
0.0000
0.0000
0.0000
0.0000
0.0000
0.0000
0.0000
0.0000
0.0000
0.0000
0.0000
0.0000
0.0000
68.3594
68.3594
410.1562
410.1562
722.6562
722.6562
961.9141
961.9141
1079.1016
1079.1016
1064.4531
1064.4531
961.9141
961.9141
815.4297
815.4297
673.8281
673.8281
561.5234
561.5234
522.4609
522.4609
502.9297
502.9297
532.2266
532.2266
585.9375
585.9375
634.7656
634.7656
668.9453
668.9453
693.3594
693.3594
708.0078
708.0078
727.5391
727.5391
742.1875
742.1875
727.5391
727.5391
678.7109
678.7109
585.9375
585.9375
419.9219
102.5391
102.5391
0.0000
0.0000
0.0000
0.0000
0.0000
0.0000
0.0000
0.0000
0.0000
0.0000
0.0000
0.0000
0.0000
0.0000
0.0000
0.0000
0.0000
0.0000
0.0000
0.0000
0.0000
0.0000
0.0000
0.0000
0.0000
0.0000
0.0000
0.0000
0.0000
170.8984
170.8984
405.2734
405.2734
581.0547
581.0547
639.6484
629.8828
629.8828
576.1719
576.1719
498.0469
498.0469
458.9844
458.9844
429.6875
429.6875
415.0391
415.0391
429.6875
429.6875
454.1016
454.1016
493.1641
493.1641
522.4609
522.4609
551.7578
551.7578
571.2891
571.2891
600.5859
600.5859
610.3516
610.3516
634.7656
634.7656
649.4141
649.4141
649.4141
649.4141
532.2266
532.2266
327.1484
327.1484
9.7656
9.7656
0.0000
0.0000
0.0000
0.0000
0.0000
0.0000
0.0000
0.0000
0.0000
0.0000
0.0000
0.0000
0.0000
0.0000
0.0000
0.0000
0.0000
0.0000
0.0000
0.0000
0.0000
0.0000
0.0000
0.0000
0.0000
0.0000
0.0000
0.0000
0.0000
0.0000
190.4297
190.4297
449.2187
449.2187
615.2344
615.2344
649.4141
649.4141
615.2344
615.2344
541.9922
541.9922
434.5703
434.5703
400.3906
400.3906
371.0937
371.0937
405.2734
405.2734
449.2187
449.2187
483.3984
483.3984
527.3437
527.3437
556.6406
556.6406
576.1719
576.1719
600.5859
600.5859
620.1172
620.1172
629.8828
629.8828
664.0625
664.0625
673.8281
673.8281
644.5312
644.5312
590.8203
590.8203
498.0469
498.0469
273.4375
273.4375
0.0000
0.0000
0.0000
0.0000
0.0000
0.0000
0.0000
0.0000
0.0000
0.0000
0.0000
0.0000
0.0000
0.0000
0.0000
0.0000
0.0000
0.0000
0.0000
0.0000
0.0000
0.0000
0.0000
0.0000
0.0000
0.0000
185.5469
185.5469
527.3437
527.3437
791.0156
791.0156
961.9141
961.9141
1020.5078
1020.5078
981.4453
981.4453
908.2031
908.2031
805.6641
805.6641
688.4766
688.4766
610.3516
610.3516
595.7031
595.7031
615.2344
615.2344
659.1797
659.1797
693.3594
693.3594
732.4219
732.4219
747.0703
747.0703
766.6016
766.6016
756.8359
756.8359
751.9531
751.9531
727.5391
727.5391
625.0000
625.0000
424.8047
424.8047
190.4297
190.4297
0.0000
0.0000
0.0000
0.0000
0.0000
0.0000
0.0000
0.0000
0.0000
0.0000
0.0000
0.0000
0.0000
0.0000
0.0000
0.0000
0.0000
0.0000
0.0000
0.0000
0.0000
0.0000
0.0000
0.0000
0.0000
0.0000
0.0000
0.0000
43.9453
43.9453
375.9766
375.9766
688.4766
688.4766
917.9687
917.9687
1040.0391
1040.0391
1015.6250
1015.6250
908.2031
908.2031
766.6016
766.6016
634.7656
634.7656
551.7578
551.7578
522.4609
522.4609
517.5781
517.5781
561.5234
561.5234
625.0000
625.0000
678.7109
678.7109
708.0078
708.0078
747.0703
747.0703
756.8359
756.8359
742.1875
742.1875
742.1875
742.1875
722.6562
722.6562
673.8281
673.8281
581.0547
581.0547
439.4531
439.4531
185.5469
185.5469
0.0000
0.0000
0.0000
0.0000
0.0000
0.0000
0.0000
0.0000
0.0000
0.0000
0.0000
0.0000
0.0000
0.0000
0.0000
0.0000
0.0000
0.0000
0.0000
0.0000
0.0000
0.0000
0.0000
0.0000
0.0000
0.0000
156.2500
156.2500
473.6328
473.6328
708.0078
708.0078
869.1406
869.1406
927.7344
927.7344
874.0234
874.0234
791.0156
791.0156
678.7109
678.7109
585.9375
585.9375
527.3437
527.3437
522.4609
522.4609
517.5781
517.5781
556.6406
556.6406
595.7031
595.7031
639.6484
639.6484
673.8281
673.8281
698.2422
698.2422
712.8906
712.8906
732.4219
732.4219
727.5391
727.5391
703.1250
703.1250
629.8828
629.8828
449.2187
449.2187
175.7812
175.7812
0.0000
0.0000
0.0000
0.0000
0.0000
0.0000
0.0000
0.0000
0.0000
0.0000
0.0000
0.0000
0.0000
0.0000
0.0000
0.0000
0.0000
0.0000
0.0000
0.0000
0.0000
0.0000
0.0000
0.0000
0.0000
0.0000
0.0000
0.0000
166.0156
166.0156
468.7500
468.7500
717.7734
717.7734
874.0234
874.0234
898.4375
898.4375
830.0781
830.0781
698.2422
698.2422
566.4062
566.4062
488.2812
488.2812
454.1016
454.1016
468.7500
468.7500
502.9297
502.9297
537.1094
537.1094
571.2891
571.2891
615.2344
615.2344
639.6484
639.6484
654.2969
654.2969
664.0625
664.0625
668.9453
668.9453
683.5937
683.5937
688.4766
688.4766
639.6484
639.6484
473.6328
473.6328
263.6719
263.6719
0.0000
0.0000
0.0000
0.0000
0.0000
0.0000
0.0000
0.0000
0.0000
0.0000
0.0000
0.0000
0.0000
0.0000
0.0000
0.0000
0.0000
0.0000
0.0000
0.0000
0.0000
0.0000
0.0000
0.0000
0.0000
0.0000
0.0000
0.0000
39.0625
39.0625
356.4453
356.4453
595.7031
595.7031
756.8359
756.8359
800.7812
800.7812
761.7187
761.7187
683.5937
683.5937
590.8203
590.8203
502.9297
502.9297
463.8672
463.8672
444.3359
444.3359
463.8672
463.8672
517.5781
517.5781
566.4062
566.4062
600.5859
600.5859
629.8828
629.8828
639.6484
639.6484
654.2969
654.2969
664.0625
664.0625
673.8281
673.8281
639.6484
639.6484
571.2891
571.2891
385.7422
385.7422
107.4219
107.4219
0.0000
0.0000
0.0000
0.0000
0.0000
0.0000
0.0000
0.0000
0.0000
0.0000
0.0000
0.0000
0.0000
0.0000
0.0000
0.0000
0.0000
0.0000
0.0000
0.0000
0.0000
0.0000
0.0000
0.0000
0.0000
0.0000
0.0000
0.0000
43.9453
43.9453
346.6797
346.6797
610.3516
610.3516
766.6016
766.6016
805.6641
805.6641
742.1875
742.1875
620.1172
620.1172
522.4609
522.4609
463.8672
463.8672
439.4531
439.4531
444.3359
444.3359
468.7500
468.7500
502.9297
502.9297
566.4062
566.4062
610.3516
610.3516
649.4141
649.4141
664.0625
664.0625
668.9453
668.9453
664.0625
664.0625
683.5937
683.5937
664.0625
664.0625
615.2344
615.2344
527.3437
527.3437
371.0937
371.0937
78.1250
78.1250
0.0000
0.0000
0.0000
0.0000
0.0000
0.0000
0.0000
0.0000
0.0000
0.0000
0.0000
0.0000
0.0000
0.0000
0.0000
0.0000
0.0000
0.0000
0.0000
0.0000
0.0000
0.0000
0.0000
0.0000
0.0000
0.0000
4.8828
4.8828
327.1484
327.1484
561.5234
561.5234
727.5391
727.5391
800.7812
800.7812
771.4844
771.4844
688.4766
688.4766
590.8203
590.8203
507.8125
507.8125
468.7500
468.7500
449.2187
449.2187
488.2812
488.2812
532.2266
532.2266
581.0547
581.0547
629.8828
629.8828
673.8281
673.8281
688.4766
688.4766
708.0078
708.0078
737.3047
737.3047
717.7734
717.7734
722.6562
722.6562
698.2422
698.2422
581.0547
581.0547
356.4453
356.4453
63.4766
63.4766
0.0000
0.0000
0.0000
0.0000
0.0000
0.0000
0.0000
0.0000
0.0000
0.0000
0.0000
0.0000
0.0000
0.0000
0.0000
0.0000
0.0000
0.0000
0.0000
0.0000
0.0000
0.0000
0.0000
0.0000
0.0000
0.0000
0.0000
0.0000
175.7812
175.7812
512.6953
512.6953
747.0703
747.0703
888.6719
888.6719
908.2031
908.2031
844.7266
844.7266
732.4219
732.4219
620.1172
620.1172
532.2266
532.2266
488.2812
488.2812
493.1641
493.1641
517.5781
517.5781
571.2891
571.2891
620.1172
620.1172
654.2969
654.2969
698.2422
698.2422
727.5391
727.5391
737.3047
737.3047
751.9531
751.9531
761.7187
761.7187
742.1875
742.1875
668.9453
668.9453
566.4062
566.4062
385.7422
385.7422
87.8906
87.8906
0.0000
0.0000
0.0000
0.0000
0.0000
0.0000
0.0000
0.0000
0.0000
0.0000
0.0000
0.0000
0.0000
0.0000
0.0000
0.0000
0.0000
0.0000
0.0000
0.0000
0.0000
0.0000
0.0000
0.0000
0.0000
0.0000
200.1953
200.1953
488.2812
488.2812
712.8906
712.8906
864.2578
864.2578
893.5547
893.5547
864.2578
864.2578
786.1328
786.1328
688.4766
688.4766
605.4687
605.4687
551.7578
551.7578
527.3437
527.3437
546.8750
546.8750
581.0547
581.0547
615.2344
615.2344
664.0625
664.0625
698.2422
698.2422
722.6562
722.6562
742.1875
742.1875
756.8359
756.8359
737.3047
737.3047
688.4766
688.4766
546.8750
546.8750
312.5000
312.5000
0.0000
0.0000
0.0000
0.0000
0.0000
0.0000
0.0000
0.0000
0.0000
0.0000
0.0000
0.0000
0.0000
0.0000
0.0000
0.0000
0.0000
0.0000
0.0000
0.0000
0.0000
0.0000
0.0000
0.0000
0.0000
0.0000
0.0000
0.0000
0.0000
0.0000
117.1875
117.1875
400.3906
400.3906
595.7031
595.7031
673.8281
673.8281
654.2969
654.2969
576.1719
576.1719
498.0469
498.0469
434.5703
434.5703
415.0391
415.0391
405.2734
405.2734
424.8047
424.8047
454.1016
454.1016
512.6953
512.6953
556.6406
556.6406
576.1719
576.1719
600.5859
600.5859
644.5312
644.5312
654.2969
654.2969
678.7109
678.7109
683.5937
683.5937
678.7109
678.7109
634.7656
634.7656
576.1719
576.1719
434.5703
434.5703
175.7812
175.7812
0.0000
0.0000
0.0000
0.0000
0.0000
0.0000
0.0000
0.0000
0.0000
0.0000
0.0000
0.0000
0.0000
0.0000
0.0000
0.0000
0.0000
0.0000
0.0000
0.0000
0.0000
0.0000
0.0000
0.0000
0.0000
268.5547
268.5547
546.8750
546.8750
546.8750
766.6016
766.6016
903.3203
903.3203
942.3828
942.3828
903.3203
903.3203
825.1953
825.1953
722.6562
644.5312
644.5312
595.7031
595.7031
576.1719
576.1719
576.1719
576.1719
610.3516
610.3516
610.3516
639.6484
639.6484
688.4766
688.4766
712.8906
712.8906
732.4219
742.1875
742.1875
756.8359
756.8359
703.1250
703.1250
590.8203
590.8203
395.5078
395.5078
395.5078
200.1953
200.1953
0.0000
0.0000
0.0000
0.0000
0.0000
0.0000
0.0000
0.0000
0.0000
0.0000
0.0000
0.0000
0.0000
0.0000
0.0000
0.0000
0.0000
0.0000
0.0000
0.0000
0.0000
0.0000
0.0000
0.0000
0.0000
283.2031
283.2031
576.1719
576.1719
810.5469
810.5469
952.1484
952.1484
1000.9766
1000.9766
947.2656
947.2656
839.8437
839.8437
727.5391
727.5391
634.7656
634.7656
566.4062
566.4062
551.7578
551.7578
571.2891
571.2891
585.9375
585.9375
625.0000
625.0000
659.1797
659.1797
673.8281
673.8281
698.2422
698.2422
727.5391
727.5391
732.4219
732.4219
727.5391
727.5391
708.0078
708.0078
639.6484
639.6484
493.1641
493.1641
292.9687
292.9687
4.8828
4.8828
0.0000
0.0000
0.0000
0.0000
0.0000
0.0000
0.0000
0.0000
0.0000
0.0000
0.0000
0.0000
0.0000
0.0000
0.0000
0.0000
0.0000
0.0000
0.0000
0.0000
0.0000
0.0000
0.0000
0.0000
0.0000
0.0000
0.0000
0.0000
146.4844
146.4844
375.9766
375.9766
561.5234
561.5234
634.7656
634.7656
615.2344
615.2344
551.7578
551.7578
463.8672
463.8672
395.5078
395.5078
380.8594
380.8594
361.3281
361.3281
371.0937
371.0937
400.3906
400.3906
439.4531
439.4531
483.3984
483.3984
522.4609
522.4609
556.6406
556.6406
585.9375
585.9375
610.3516
610.3516
610.3516
610.3516
590.8203
590.8203
488.2812
488.2812
302.7344
302.7344
24.4141
24.4141
0.0000
0.0000
0.0000
0.0000
0.0000
0.0000
0.0000
0.0000
0.0000
0.0000
0.0000
0.0000
0.0000
0.0000
0.0000
0.0000
0.0000
0.0000
0.0000
0.0000
0.0000
0.0000
0.0000
0.0000
0.0000
0.0000
4.8828
4.8828
302.7344
302.7344
566.4062
566.4062
751.9531
751.9531
825.1953
825.1953
800.7812
800.7812
703.1250
703.1250
581.0547
581.0547
488.2812
488.2812
424.8047
424.8047
419.9219
419.9219
434.5703
434.5703
468.7500
468.7500
517.5781
517.5781
561.5234
561.5234
595.7031
595.7031
629.8828
629.8828
654.2969
654.2969
659.1797
659.1797
659.1797
659.1797
634.7656
634.7656
498.0469
498.0469
292.9687
292.9687
43.9453
43.9453
0.0000
0.0000
0.0000
0.0000
0.0000
0.0000
0.0000
0.0000
0.0000
0.0000
0.0000
0.0000
0.0000
0.0000
0.0000
0.0000
0.0000
0.0000
0.0000
0.0000
0.0000
0.0000
0.0000
0.0000
0.0000
0.0000
0.0000
0.0000
126.9531
126.9531
395.5078
395.5078
581.0547
581.0547
683.5937
683.5937
698.2422
698.2422
625.0000
625.0000
551.7578
551.7578
478.5156
478.5156
449.2187
449.2187
454.1016
454.1016
454.1016
454.1016
488.2812
488.2812
507.8125
507.8125
532.2266
532.2266
566.4062
566.4062
605.4687
605.4687
620.1172
620.1172
649.4141
649.4141
664.0625
664.0625
673.8281
673.8281
659.1797
659.1797
551.7578
551.7578
322.2656
322.2656
0.0000
0.0000
0.0000
0.0000
0.0000
0.0000
0.0000
0.0000
0.0000
0.0000
0.0000
0.0000
0.0000
0.0000
0.0000
0.0000
0.0000
0.0000
0.0000
0.0000
0.0000
0.0000
0.0000
0.0000
0.0000
0.0000
39.0625
39.0625
380.8594
380.8594
673.8281
673.8281
859.3750
859.3750
937.5000
937.5000
898.4375
898.4375
795.8984
795.8984
664.0625
664.0625
551.7578
551.7578
498.0469
498.0469
507.8125
507.8125
556.6406
556.6406
605.4687
605.4687
649.4141
649.4141
668.9453
668.9453
693.3594
693.3594
693.3594
693.3594
698.2422
698.2422
698.2422
698.2422
722.6562
722.6562
727.5391
727.5391
722.6562
722.6562
639.6484
639.6484
507.8125
507.8125
302.7344
302.7344
0.0000
0.0000
0.0000
0.0000
0.0000
0.0000
0.0000
0.0000
0.0000
0.0000
0.0000
0.0000
0.0000
0.0000
0.0000
0.0000
0.0000
0.0000
0.0000
0.0000
0.0000
0.0000
0.0000
0.0000
0.0000
0.0000
122.0703
122.0703
429.6875
429.6875
659.1797
659.1797
834.9609
834.9609
893.5547
893.5547
878.9062
878.9062
810.5469
810.5469
703.1250
703.1250
610.3516
610.3516
541.9922
541.9922
522.4609
522.4609
546.8750
546.8750
590.8203
590.8203
634.7656
634.7656
668.9453
668.9453
703.1250
703.1250
703.1250
703.1250
717.7734
717.7734
708.0078
708.0078
659.1797
659.1797
561.5234
561.5234
395.5078
395.5078
175.7812
175.7812
0.0000
0.0000
0.0000
0.0000
0.0000
0.0000
0.0000
0.0000
0.0000
0.0000
0.0000
0.0000
0.0000
0.0000
0.0000
0.0000
0.0000
0.0000
0.0000
0.0000
0.0000
0.0000
0.0000
0.0000
0.0000
0.0000
0.0000
0.0000
273.4375
273.4375
581.0547
581.0547
849.6094
849.6094
1015.6250
1015.6250
1044.9219
1044.9219
966.7969
966.7969
830.0781
830.0781
688.4766
688.4766
576.1719
576.1719
522.4609
522.4609
498.0469
498.0469
517.5781
517.5781
571.2891
571.2891
625.0000
625.0000
678.7109
678.7109
708.0078
708.0078
712.8906
712.8906
717.7734
717.7734
727.5391
727.5391
722.6562
722.6562
688.4766
688.4766
610.3516
610.3516
473.6328
473.6328
302.7344
302.7344
53.7109
53.7109
0.0000
0.0000
0.0000
0.0000
0.0000
0.0000
0.0000
0.0000
0.0000
0.0000
0.0000
0.0000
0.0000
0.0000
0.0000
0.0000
0.0000
0.0000
0.0000
0.0000
0.0000
0.0000
0.0000
0.0000
0.0000
0.0000
249.0234
249.0234
478.5156
478.5156
678.7109
678.7109
776.3672
776.3672
776.3672
776.3672
732.4219
732.4219
644.5312
644.5312
566.4062
566.4062
517.5781
517.5781
483.3984
483.3984
478.5156
478.5156
488.2812
488.2812
512.6953
512.6953
551.7578
551.7578
581.0547
581.0547
610.3516
610.3516
629.8828
629.8828
649.4141
649.4141
639.6484
639.6484
620.1172
620.1172
517.5781
517.5781
317.3828
317.3828
87.8906
87.8906
0.0000
0.0000
0.0000
0.0000
0.0000
0.0000
0.0000
0.0000
0.0000
0.0000
0.0000
0.0000
0.0000
0.0000
0.0000
0.0000
0.0000
0.0000
0.0000
0.0000
0.0000
0.0000
0.0000
0.0000
0.0000
0.0000
190.4297
190.4297
493.1641
493.1641
751.9531
751.9531
927.7344
927.7344
986.3281
986.3281
932.6172
932.6172
795.8984
795.8984
654.2969
654.2969
551.7578
551.7578
493.1641
493.1641
473.6328
473.6328
498.0469
498.0469
522.4609
522.4609
581.0547
581.0547
629.8828
629.8828
654.2969
654.2969
654.2969
654.2969
673.8281
673.8281
668.9453
668.9453
