1127.9297
1152.3437
1152.3437
1171.8750
1171.8750
1181.6406
1181.6406
1215.8203
1215.8203
1333.0078
1333.0078
1459.9609
1459.9609
1601.5625
1601.5625
1782.2266
1782.2266
1821.2891
1821.2891
1665.0391
1665.0391
1376.9531
1376.9531
903.3203
903.3203
292.9687
292.9687
0.0000
0.0000
0.0000
0.0000
0.0000
0.0000
0.0000
0.0000
0.0000
0.0000
0.0000
0.0000
0.0000
0.0000
0.0000
0.0000
0.0000
0.0000
0.0000
0.0000
0.0000
0.0000
0.0000
0.0000
0.0000
0.0000
0.0000
0.0000
0.0000
0.0000
0.0000
0.0000
0.0000
0.0000
0.0000
0.0000
0.0000
0.0000
0.0000
0.0000
0.0000
0.0000
0.0000
0.0000
0.0000
0.0000
0.0000
0.0000
73.2422
73.2422
175.7812
175.7812
239.2578
239.2578
366.2109
366.2109
473.6328
473.6328
532.2266
532.2266
610.3516
610.3516
688.4766
688.4766
698.2422
698.2422
688.4766
688.4766
717.7734
717.7734
688.4766
688.4766
634.7656
634.7656
683.5937
683.5937
703.1250
703.1250
698.2422
698.2422
737.3047
737.3047
776.3672
776.3672
766.6016
766.6016
781.2500
781.2500
859.3750
859.3750
903.3203
903.3203
981.4453
981.4453
1191.4062
1191.4062
1396.4844
1396.4844
1508.7891
1508.7891
1518.5547
1518.5547
1313.4766
1313.4766
903.3203
903.3203
512.6953
512.6953
292.9687
292.9687
146.4844
146.4844
0.0000
0.0000
0.0000
0.0000
0.0000
0.0000
0.0000
0.0000
0.0000
0.0000
0.0000
0.0000
0.0000
0.0000
0.0000
0.0000
0.0000
0.0000
0.0000
0.0000
0.0000
0.0000
0.0000
0.0000
0.0000
0.0000
0.0000
0.0000
0.0000
0.0000
0.0000
0.0000
0.0000
0.0000
0.0000
0.0000
0.0000
0.0000
0.0000
0.0000
0.0000
0.0000
0.0000
0.0000
0.0000
0.0000
83.0078
83.0078
214.8437
214.8437
292.9687
292.9687
327.1484
327.1484
400.3906
400.3906
478.5156
478.5156
488.2812
488.2812
483.3984
483.3984
522.4609
522.4609
502.9297
502.9297
454.1016
454.1016
498.0469
498.0469
532.2266
532.2266
551.7578
551.7578
629.8828
629.8828
712.8906
712.8906
756.8359
756.8359
820.3125
820.3125
927.7344
927.7344
986.3281
986.3281
1015.6250
1015.6250
1118.1641
1118.1641
1220.7031
1220.7031
1323.2422
1323.2422
1459.9609
1459.9609
1474.6094
1474.6094
1284.1797
1284.1797
976.5625
976.5625
649.4141
649.4141
283.2031
283.2031
0.0000
0.0000
0.0000
0.0000
0.0000
0.0000
0.0000
0.0000
0.0000
0.0000
0.0000
0.0000
0.0000
0.0000
0.0000
0.0000
0.0000
0.0000
0.0000
0.0000
0.0000
0.0000
0.0000
0.0000
0.0000
0.0000
0.0000
0.0000
0.0000
0.0000
0.0000
0.0000
0.0000
0.0000
0.0000
0.0000
0.0000
0.0000
0.0000
0.0000
0.0000
0.0000
0.0000
0.0000
0.0000
0.0000
0.0000
0.0000
92.7734
92.7734
190.4297
190.4297
205.0781
205.0781
253.9062
253.9062
336.9141
336.9141
375.9766
375.9766
419.9219
419.9219
502.9297
502.9297
537.1094
537.1094
546.8750
546.8750
634.7656
634.7656
688.4766
688.4766
708.0078
708.0078
771.4844
771.4844
820.3125
820.3125
820.3125
820.3125
830.0781
830.0781
878.9062
878.9062
878.9062
878.9062
864.2578
864.2578
922.8516
922.8516
932.6172
932.6172
932.6172
932.6172
1059.5703
1059.5703
1269.5312
1269.5312
1484.3750
1484.3750
1694.3359
1694.3359
1831.0547
1831.0547
1752.9297
1752.9297
1489.2578
1489.2578
1166.9922
1166.9922
766.6016
766.6016
390.6250
390.6250
151.3672
151.3672
0.0000
0.0000
0.0000
0.0000
0.0000
0.0000
0.0000
0.0000
0.0000
0.0000
0.0000
0.0000
0.0000
0.0000
0.0000
0.0000
0.0000
0.0000
0.0000
0.0000
0.0000
0.0000
0.0000
0.0000
0.0000
0.0000
0.0000
0.0000
0.0000
0.0000
0.0000
0.0000
0.0000
0.0000
0.0000
0.0000
0.0000
0.0000
0.0000
0.0000
0.0000
0.0000
0.0000
0.0000
0.0000
0.0000
78.1250
78.1250
156.2500
156.2500
229.4922
229.4922
336.9141
336.9141
395.5078
395.5078
405.2734
405.2734
463.8672
463.8672
483.3984
483.3984
454.1016
454.1016
473.6328
473.6328
488.2812
488.2812
483.3984
483.3984
498.0469
498.0469
561.5234
561.5234
590.8203
590.8203
595.7031
595.7031
683.5937
683.5937
737.3047
737.3047
771.4844
771.4844
869.1406
869.1406
981.4453
981.4453
1108.3984
1108.3984
1298.8281
1298.8281
1513.6719
1513.6719
1567.3828
1567.3828
1430.6641
1430.6641
1215.8203
1215.8203
854.4922
854.4922
429.6875
429.6875
117.1875
117.1875
0.0000
0.0000
0.0000
0.0000
0.0000
0.0000
0.0000
0.0000
0.0000
0.0000
0.0000
0.0000
0.0000
0.0000
0.0000
0.0000
0.0000
0.0000
0.0000
0.0000
0.0000
0.0000
0.0000
0.0000
0.0000
0.0000
0.0000
0.0000
0.0000
0.0000
0.0000
0.0000
0.0000
0.0000
0.0000
0.0000
0.0000
0.0000
0.0000
0.0000
0.0000
0.0000
0.0000
0.0000
14.6484
14.6484
166.0156
166.0156
249.0234
249.0234
317.3828
317.3828
458.9844
458.9844
537.1094
537.1094
566.4062
566.4062
634.7656
634.7656
634.7656
634.7656
590.8203
590.8203
610.3516
610.3516
649.4141
649.4141
644.5312
644.5312
654.2969
654.2969
698.2422
698.2422
693.3594
693.3594
683.5937
683.5937
761.7187
761.7187
815.4297
815.4297
854.4922
854.4922
942.3828
942.3828
1005.8594
1005.8594
1015.6250
1015.6250
1040.0391
1040.0391
1162.1094
1162.1094
1313.4766
1313.4766
1494.1406
1494.1406
1679.6875
1679.6875
1684.5703
1684.5703
1484.3750
1484.3750
1186.5234
1186.5234
786.1328
786.1328
410.1562
410.1562
175.7812
175.7812
63.4766
63.4766
0.0000
0.0000
0.0000
0.0000
0.0000
0.0000
0.0000
0.0000
0.0000
0.0000
0.0000
0.0000
0.0000
0.0000
0.0000
0.0000
0.0000
0.0000
0.0000
0.0000
0.0000
0.0000
0.0000
0.0000
0.0000
0.0000
0.0000
0.0000
0.0000
0.0000
0.0000
0.0000
0.0000
0.0000
0.0000
0.0000
0.0000
0.0000
0.0000
0.0000
0.0000
0.0000
0.0000
0.0000
112.3047
112.3047
180.6641
180.6641
214.8437
214.8437
307.6172
307.6172
361.3281
361.3281
366.2109
366.2109
419.9219
419.9219
493.1641
493.1641
527.3437
527.3437
561.5234
561.5234
644.5312
644.5312
678.7109
678.7109
703.1250
703.1250
795.8984
795.8984
849.6094
849.6094
859.3750
859.3750
917.9687
917.9687
971.6797
971.6797
996.0937
996.0937
1035.1562
1035.1562
1123.0469
1123.0469
1196.2891
1196.2891
1313.4766
1313.4766
1533.2031
1533.2031
1665.0391
1665.0391
1616.2109
1616.2109
1445.3125
1445.3125
1118.1641
1118.1641
683.5937
683.5937
302.7344
302.7344
9.7656
9.7656
0.0000
0.0000
0.0000
0.0000
0.0000
0.0000
0.0000
0.0000
0.0000
0.0000
0.0000
0.0000
0.0000
0.0000
0.0000
0.0000
0.0000
0.0000
0.0000
0.0000
0.0000
0.0000
0.0000
0.0000
0.0000
0.0000
0.0000
0.0000
0.0000
0.0000
0.0000
0.0000
0.0000
0.0000
0.0000
0.0000
0.0000
0.0000
0.0000
0.0000
0.0000
0.0000
0.0000
0.0000
63.4766
63.4766
141.6016
141.6016
185.5469
185.5469
317.3828
317.3828
424.8047
424.8047
483.3984
483.3984
546.8750
546.8750
620.1172
620.1172
625.0000
625.0000
625.0000
625.0000
678.7109
678.7109
668.9453
668.9453
615.2344
615.2344
620.1172
620.1172
610.3516
610.3516
585.9375
585.9375
629.8828
629.8828
688.4766
688.4766
712.8906
712.8906
742.1875
742.1875
834.9609
834.9609
888.6719
888.6719
937.5000
1083.9844
1083.9844
1083.9844
1259.7656
1259.7656
1440.4297
1440.4297
1611.3281
1611.3281
1650.3906
1650.3906
1450.1953
1450.1953
1074.2187
1074.2187
654.2969
654.2969
229.4922
229.4922
0.0000
0.0000
0.0000
0.0000
0.0000
0.0000
0.0000
0.0000
0.0000
0.0000
0.0000
0.0000
0.0000
0.0000
0.0000
0.0000
0.0000
0.0000
0.0000
0.0000
0.0000
0.0000
0.0000
0.0000
0.0000
0.0000
0.0000
0.0000
0.0000
0.0000
0.0000
0.0000
0.0000
0.0000
0.0000
0.0000
0.0000
0.0000
0.0000
0.0000
0.0000
0.0000
0.0000
0.0000
0.0000
0.0000
0.0000
63.4766
63.4766
190.4297
190.4297
249.0234
249.0234
317.3828
317.3828
400.3906
400.3906
429.6875
429.6875
444.3359
444.3359
507.8125
507.8125
507.8125
507.8125
478.5156
478.5156
522.4609
522.4609
546.8750
546.8750
546.8750
546.8750
625.0000
625.0000
732.4219
732.4219
795.8984
795.8984
859.3750
859.3750
971.6797
971.6797
1044.9219
1044.9219
1103.5156
1103.5156
1210.9375
1210.9375
1289.0625
1289.0625
1352.5391
1352.5391
1508.7891
1508.7891
1689.4531
1689.4531
1752.9297
1752.9297
1679.6875
1679.6875
1499.0234
1499.0234
1103.5156
1103.5156
576.1719
576.1719
112.3047
112.3047
0.0000
0.0000
0.0000
0.0000
0.0000
0.0000
0.0000
0.0000
0.0000
0.0000
0.0000
0.0000
0.0000
0.0000
0.0000
0.0000
0.0000
0.0000
0.0000
0.0000
0.0000
0.0000
0.0000
0.0000
0.0000
0.0000
0.0000
0.0000
0.0000
0.0000
0.0000
0.0000
0.0000
0.0000
0.0000
0.0000
0.0000
0.0000
0.0000
0.0000
0.0000
0.0000
0.0000
0.0000
0.0000
0.0000
0.0000
0.0000
0.0000
0.0000
19.5312
19.5312
102.5391
102.5391
126.9531
126.9531
161.1328
161.1328
258.7891
258.7891
312.5000
312.5000
351.5625
351.5625
449.2187
449.2187
522.4609
522.4609
546.8750
546.8750
595.7031
595.7031
659.1797
659.1797
683.5937
683.5937
708.0078
708.0078
781.2500
781.2500
800.7812
800.7812
786.1328
786.1328
839.8437
839.8437
874.0234
874.0234
903.3203
903.3203
1030.2734
1030.2734
1240.2344
1240.2344
1455.0781
1455.0781
1640.6250
1640.6250
1752.9297
1752.9297
1625.9766
1625.9766
1298.8281
1298.8281
922.8516
922.8516
527.3437
527.3437
195.3125
195.3125
14.6484
14.6484
0.0000
0.0000
0.0000
0.0000
0.0000
0.0000
0.0000
0.0000
0.0000
0.0000
0.0000
0.0000
0.0000
0.0000
0.0000
0.0000
0.0000
0.0000
0.0000
0.0000
0.0000
0.0000
0.0000
0.0000
0.0000
0.0000
0.0000
0.0000
0.0000
0.0000
0.0000
0.0000
0.0000
0.0000
0.0000
0.0000
0.0000
0.0000
0.0000
0.0000
0.0000
0.0000
0.0000
0.0000
97.6562
97.6562
268.5547
268.5547
371.0937
371.0937
463.8672
463.8672
620.1172
620.1172
703.1250
703.1250
761.7187
761.7187
869.1406
869.1406
898.4375
898.4375
874.0234
874.0234
869.1406
869.1406
864.2578
864.2578
834.9609
834.9609
849.6094
849.6094
937.5000
937.5000
952.1484
952.1484
947.2656
947.2656
1020.5078
1020.5078
1074.2187
1074.2187
1118.1641
1118.1641
1210.9375
1210.9375
1318.3594
1318.3594
1425.7812
1425.7812
1572.2656
1572.2656
1708.9844
1708.9844
1655.2734
1655.2734
1396.4844
1396.4844
1025.3906
1025.3906
527.3437
527.3437
14.6484
14.6484
0.0000
0.0000
0.0000
0.0000
0.0000
0.0000
0.0000
0.0000
0.0000
0.0000
0.0000
0.0000
0.0000
0.0000
0.0000
0.0000
0.0000
0.0000
0.0000
0.0000
0.0000
0.0000
0.0000
0.0000
0.0000
0.0000
0.0000
0.0000
0.0000
0.0000
0.0000
0.0000
0.0000
0.0000
0.0000
0.0000
0.0000
0.0000
0.0000
0.0000
0.0000
0.0000
0.0000
0.0000
0.0000
0.0000
0.0000
0.0000
63.4766
63.4766
146.4844
146.4844
195.3125
195.3125
297.8516
297.8516
351.5625
351.5625
356.4453
356.4453
434.5703
434.5703
458.9844
458.9844
434.5703
434.5703
458.9844
458.9844
498.0469
498.0469
488.2812
488.2812
493.1641
493.1641
581.0547
581.0547
629.8828
629.8828
673.8281
673.8281
800.7812
800.7812
859.3750
859.3750
883.7891
883.7891
961.9141
961.9141
1044.9219
1044.9219
1093.7500
1093.7500
1166.9922
1166.9922
1342.7734
1342.7734
1474.6094
1474.6094
1503.9062
1503.9062
1440.4297
1440.4297
1137.6953
1137.6953
673.8281
673.8281
317.3828
317.3828
92.7734
92.7734
0.0000
0.0000
0.0000
0.0000
0.0000
0.0000
0.0000
0.0000
0.0000
0.0000
0.0000
0.0000
0.0000
0.0000
0.0000
0.0000
0.0000
0.0000
0.0000
0.0000
0.0000
0.0000
0.0000
0.0000
0.0000
0.0000
0.0000
0.0000
0.0000
0.0000
0.0000
0.0000
0.0000
0.0000
0.0000
0.0000
0.0000
0.0000
0.0000
0.0000
0.0000
0.0000
0.0000
0.0000
48.8281
48.8281
180.6641
180.6641
273.4375
273.4375
405.2734
405.2734
458.9844
458.9844
483.3984
483.3984
571.2891
571.2891
629.8828
629.8828
639.6484
639.6484
673.8281
673.8281
698.2422
698.2422
683.5937
683.5937
708.0078
708.0078
810.5469
810.5469
869.1406
869.1406
903.3203
903.3203
1010.7422
1010.7422
1064.4531
1064.4531
1069.3359
1069.3359
1137.6953
1137.6953
1196.2891
1196.2891
1210.9375
1210.9375
1245.1172
1245.1172
1337.8906
1337.8906
1450.1953
1450.1953
1582.0312
1582.0312
1752.9297
1752.9297
1762.6953
1762.6953
1582.0312
1582.0312
1293.9453
1293.9453
849.6094
849.6094
302.7344
302.7344
0.0000
0.0000
0.0000
0.0000
0.0000
0.0000
0.0000
0.0000
0.0000
0.0000
0.0000
0.0000
0.0000
0.0000
0.0000
0.0000
0.0000
0.0000
0.0000
0.0000
0.0000
0.0000
0.0000
0.0000
0.0000
0.0000
0.0000
0.0000
0.0000
0.0000
0.0000
0.0000
0.0000
0.0000
0.0000
0.0000
0.0000
0.0000
0.0000
0.0000
0.0000
0.0000
0.0000
0.0000
0.0000
0.0000
0.0000
0.0000
29.2969
29.2969
97.6562
97.6562
131.8359
131.8359
234.3750
234.3750
322.2656
322.2656
380.8594
380.8594
463.8672
463.8672
541.9922
541.9922
566.4062
566.4062
581.0547
581.0547
644.5312
644.5312
668.9453
668.9453
659.1797
659.1797
703.1250
703.1250
708.0078
708.0078
693.3594
693.3594
722.6562
722.6562
771.4844
771.4844
781.2500
781.2500
815.4297
815.4297
913.0859
913.0859
976.5625
976.5625
1064.4531
1064.4531
1259.7656
1259.7656
1474.6094
1474.6094
1635.7422
1635.7422
1728.5156
1728.5156
1621.0937
1621.0937
1235.3516
1235.3516
732.4219
732.4219
297.8516
297.8516
0.0000
0.0000
0.0000
0.0000
0.0000
0.0000
0.0000
0.0000
0.0000
0.0000
0.0000
0.0000
0.0000
0.0000
0.0000
0.0000
0.0000
0.0000
0.0000
0.0000
0.0000
0.0000
0.0000
0.0000
0.0000
0.0000
0.0000
0.0000
0.0000
0.0000
0.0000
0.0000
0.0000
0.0000
0.0000
0.0000
0.0000
0.0000
0.0000
0.0000
0.0000
0.0000
0.0000
0.0000
0.0000
0.0000
0.0000
0.0000
0.0000
0.0000
87.8906
87.8906
180.6641
180.6641
224.6094
224.6094
322.2656
322.2656
419.9219
419.9219
454.1016
454.1016
463.8672
463.8672
507.8125
507.8125
498.0469
498.0469
468.7500
468.7500
537.1094
537.1094
556.6406
556.6406
551.7578
551.7578
605.4687
605.4687
668.9453
668.9453
717.7734
717.7734
781.2500
781.2500
893.5547
893.5547
937.5000
937.5000
966.7969
966.7969
1103.5156
1103.5156
1235.3516
1235.3516
1381.8359
1381.8359
1547.8516
1547.8516
1586.9141
1586.9141
1416.0156
1416.0156
1108.3984
1108.3984
732.4219
732.4219
278.3203
278.3203
0.0000
0.0000
0.0000
0.0000
0.0000
0.0000
0.0000
0.0000
0.0000
0.0000
0.0000
0.0000
0.0000
0.0000
0.0000
0.0000
0.0000
0.0000
0.0000
0.0000
0.0000
0.0000
0.0000
0.0000
0.0000
0.0000
0.0000
0.0000
0.0000
0.0000
0.0000
0.0000
0.0000
0.0000
0.0000
0.0000
0.0000
0.0000
0.0000
0.0000
0.0000
0.0000
0.0000
0.0000
39.0625
39.0625
136.7187
136.7187
297.8516
297.8516
385.7422
385.7422
405.2734
405.2734
468.7500
468.7500
537.1094
537.1094
556.6406
556.6406
576.1719
576.1719
625.0000
625.0000
605.4687
605.4687
576.1719
576.1719
644.5312
644.5312
693.3594
693.3594
703.1250
703.1250
771.4844
771.4844
820.3125
820.3125
820.3125
820.3125
849.6094
849.6094
922.8516
922.8516
937.5000
937.5000
908.2031
908.2031
927.7344
927.7344
908.2031
908.2031
908.2031
908.2031
1074.2187
1074.2187
1274.4141
1274.4141
1391.6016
1391.6016
1411.1328
1411.1328
1274.4141
1274.4141
917.9687
917.9687
483.3984
483.3984
209.9609
209.9609
48.8281
48.8281
0.0000
0.0000
0.0000
0.0000
0.0000
0.0000
0.0000
0.0000
0.0000
0.0000
0.0000
0.0000
0.0000
0.0000
0.0000
0.0000
0.0000
0.0000
0.0000
0.0000
0.0000
0.0000
0.0000
0.0000
0.0000
0.0000
0.0000
0.0000
0.0000
0.0000
0.0000
0.0000
0.0000
0.0000
0.0000
0.0000
0.0000
0.0000
0.0000
0.0000
0.0000
0.0000
0.0000
0.0000
0.0000
4.8828
4.8828
4.8828
87.8906
87.8906
195.3125
195.3125
253.9062
253.9062
332.0312
332.0312
468.7500
468.7500
546.8750
546.8750
576.1719
576.1719
664.0625
664.0625
693.3594
688.4766
688.4766
688.4766
747.0703
747.0703
795.8984
795.8984
795.8984
795.8984
791.0156
791.0156
844.7266
844.7266
859.3750
883.7891
883.7891
981.4453
981.4453
1015.6250
1015.6250
1020.5078
1020.5078
1083.9844
1083.9844
1176.7578
1176.7578
1298.8281
1298.8281
1474.6094
1474.6094
1640.6250
1640.6250
1616.2109
1616.2109
1411.1328
1411.1328
1108.3984
1108.3984
654.2969
654.2969
180.6641
180.6641
0.0000
0.0000
0.0000
0.0000
0.0000
0.0000
0.0000
0.0000
0.0000
0.0000
0.0000
0.0000
0.0000
0.0000
0.0000
0.0000
0.0000
0.0000
0.0000
0.0000
0.0000
0.0000
0.0000
0.0000
0.0000
0.0000
0.0000
0.0000
0.0000
0.0000
0.0000
0.0000
0.0000
0.0000
0.0000
0.0000
0.0000
0.0000
0.0000
0.0000
0.0000
0.0000
0.0000
0.0000
0.0000
0.0000
0.0000
0.0000
0.0000
0.0000
78.1250
78.1250
185.5469
185.5469
322.2656
322.2656
400.3906
400.3906
439.4531
439.4531
537.1094
537.1094
566.4062
566.4062
556.6406
556.6406
590.8203
590.8203
625.0000
625.0000
629.8828
629.8828
629.8828
629.8828
673.8281
673.8281
693.3594
693.3594
703.1250
703.1250
800.7812
800.7812
839.8437
839.8437
844.7266
844.7266
908.2031
908.2031
942.3828
942.3828
947.2656
947.2656
1010.7422
1010.7422
1162.1094
1162.1094
1298.8281
1298.8281
1401.3672
1401.3672
1450.1953
1450.1953
1274.4141
1274.4141
917.9687
917.9687
590.8203
590.8203
332.0312
332.0312
156.2500
156.2500
53.7109
53.7109
0.0000
0.0000
0.0000
0.0000
0.0000
0.0000
0.0000
0.0000
0.0000
0.0000
0.0000
0.0000
0.0000
0.0000
0.0000
0.0000
0.0000
0.0000
0.0000
0.0000
0.0000
0.0000
0.0000
0.0000
0.0000
0.0000
0.0000
0.0000
0.0000
0.0000
0.0000
0.0000
0.0000
0.0000
0.0000
0.0000
0.0000
0.0000
0.0000
0.0000
0.0000
0.0000
9.7656
9.7656
102.5391
102.5391
219.7266
219.7266
268.5547
268.5547
288.0859
288.0859
380.8594
380.8594
424.8047
424.8047
434.5703
434.5703
488.2812
488.2812
532.2266
532.2266
532.2266
532.2266
571.2891
571.2891
668.9453
668.9453
722.6562
722.6562
756.8359
756.8359
864.2578
864.2578
942.3828
942.3828
1000.9766
1000.9766
1103.5156
1103.5156
1162.1094
1162.1094
1162.1094
1162.1094
1166.9922
1166.9922
1210.9375
1210.9375
1250.0000
1250.0000
1347.6562
1347.6562
1518.5547
1518.5547
1562.5000
1562.5000
1420.8984
1420.8984
1201.1719
1201.1719
844.7266
844.7266
434.5703
434.5703
141.6016
141.6016
0.0000
0.0000
0.0000
0.0000
0.0000
0.0000
0.0000
0.0000
0.0000
0.0000
0.0000
0.0000
0.0000
0.0000
0.0000
0.0000
0.0000
0.0000
0.0000
0.0000
0.0000
0.0000
0.0000
0.0000
0.0000
0.0000
0.0000
0.0000
0.0000
0.0000
0.0000
0.0000
0.0000
0.0000
0.0000
0.0000
0.0000
0.0000
0.0000
0.0000
0.0000
0.0000
0.0000
0.0000
0.0000
0.0000
0.0000
0.0000
87.8906
87.8906
141.6016
141.6016
249.0234
249.0234
317.3828
317.3828
356.4453
356.4453
449.2187
449.2187
537.1094
537.1094
571.2891
571.2891
590.8203
590.8203
639.6484
639.6484
644.5312
644.5312
615.2344
615.2344
668.9453
668.9453
678.7109
678.7109
668.9453
668.9453
722.6562
722.6562
781.2500
781.2500
800.7812
800.7812
839.8437
839.8437
927.7344
927.7344
991.2109
991.2109
1044.9219
1044.9219
1191.4062
1191.4062
1337.8906
1337.8906
1513.6719
1513.6719
1708.9844
1708.9844
1787.1094
1787.1094
1635.7422
1635.7422
1289.0625
1289.0625
830.0781
830.0781
351.5625
351.5625
0.0000
0.0000
0.0000
0.0000
0.0000
0.0000
0.0000
0.0000
0.0000
0.0000
0.0000
0.0000
0.0000
0.0000
0.0000
0.0000
0.0000
0.0000
0.0000
0.0000
0.0000
0.0000
0.0000
0.0000
0.0000
0.0000
0.0000
0.0000
0.0000
0.0000
0.0000
0.0000
0.0000
0.0000
0.0000
0.0000
0.0000
0.0000
0.0000
0.0000
0.0000
0.0000
0.0000
0.0000
0.0000
0.0000
0.0000
0.0000
0.0000
0.0000
34.1797
34.1797
112.3047
112.3047
209.9609
209.9609
317.3828
317.3828
361.3281
361.3281
415.0391
415.0391
507.8125
507.8125
517.5781
517.5781
493.1641
493.1641
546.8750
546.8750
581.0547
581.0547
605.4687
605.4687
688.4766
688.4766
781.2500
781.2500
820.3125
820.3125
874.0234
874.0234
981.4453
981.4453
1025.3906
1025.3906
1044.9219
1044.9219
1142.5781
1142.5781
1230.4687
1230.4687
1333.0078
1333.0078
1484.3750
1484.3750
1518.5547
1518.5547
1333.0078
1333.0078
1005.8594
1005.8594
615.2344
615.2344
166.0156
166.0156
0.0000
0.0000
0.0000
0.0000
0.0000
0.0000
0.0000
0.0000
0.0000
0.0000
0.0000
0.0000
0.0000
0.0000
0.0000
0.0000
0.0000
0.0000
0.0000
0.0000
0.0000
0.0000
0.0000
0.0000
0.0000
0.0000
0.0000
0.0000
0.0000
0.0000
0.0000
0.0000
0.0000
0.0000
0.0000
0.0000
0.0000
0.0000
0.0000
0.0000
0.0000
0.0000
0.0000
0.0000
0.0000
0.0000
24.4141
24.4141
161.1328
161.1328
268.5547
268.5547
322.2656
322.2656
400.3906
400.3906
468.7500
468.7500
478.5156
478.5156
498.0469
498.0469
581.0547
581.0547
605.4687
605.4687
605.4687
605.4687
678.7109
678.7109
727.5391
727.5391
771.4844
771.4844
869.1406
869.1406
957.0312
957.0312
1000.9766
1000.9766
1030.2734
1030.2734
1088.8672
1088.8672
1083.9844
1083.9844
1054.6875
1054.6875
1083.9844
1083.9844
1074.2187
1074.2187
1064.4531
1064.4531
1191.4062
1191.4062
1381.8359
1381.8359
1523.4375
1523.4375
1582.0312
1582.0312
1528.3203
1528.3203
1235.3516
1235.3516
786.1328
786.1328
400.3906
400.3906
97.6562
97.6562
0.0000
0.0000
0.0000
0.0000
0.0000
0.0000
0.0000
0.0000
0.0000
0.0000
0.0000
0.0000
0.0000
0.0000
0.0000
0.0000
0.0000
0.0000
0.0000
0.0000
0.0000
0.0000
0.0000
0.0000
0.0000
0.0000
0.0000
0.0000
0.0000
0.0000
0.0000
0.0000
0.0000
0.0000
0.0000
0.0000
0.0000
0.0000
0.0000
0.0000
0.0000
0.0000
0.0000
0.0000
0.0000
0.0000
58.5937
58.5937
161.1328
161.1328
253.9062
253.9062
302.7344
302.7344
366.2109
366.2109
488.2812
488.2812
561.5234
561.5234
595.7031
595.7031
678.7109
678.7109
708.0078
708.0078
703.1250
703.1250
771.4844
771.4844
830.0781
830.0781
844.7266
844.7266
878.9062
878.9062
957.0312
957.0312
971.6797
971.6797
986.3281
986.3281
1079.1016
1079.1016
1147.4609
1147.4609
1181.6406
1181.6406
1284.1797
1284.1797
1376.9531
1376.9531
1474.6094
1474.6094
1635.7422
1635.7422
1835.9375
1835.9375
1899.4141
1899.4141
1791.9922
1791.9922
1538.0859
1538.0859
1030.2734
1030.2734
366.2109
366.2109
0.0000
0.0000
0.0000
0.0000
0.0000
0.0000
0.0000
0.0000
0.0000
0.0000
0.0000
0.0000
0.0000
0.0000
0.0000
0.0000
0.0000
0.0000
0.0000
0.0000
0.0000
0.0000
0.0000
0.0000
0.0000
0.0000
0.0000
0.0000
0.0000
0.0000
0.0000
0.0000
0.0000
0.0000
0.0000
0.0000
0.0000
0.0000
0.0000
0.0000
0.0000
0.0000
0.0000
0.0000
0.0000
0.0000
0.0000
0.0000
0.0000
0.0000
0.0000
0.0000
73.2422
73.2422
219.7266
219.7266
302.7344
302.7344
361.3281
361.3281
478.5156
478.5156
527.3437
527.3437
517.5781
517.5781
546.8750
546.8750
576.1719
576.1719
566.4062
566.4062
595.7031
595.7031
678.7109
678.7109
698.2422
698.2422
703.1250
703.1250
776.3672
776.3672
800.7812
800.7812
800.7812
800.7812
854.4922
854.4922
903.3203
903.3203
908.2031
908.2031
976.5625
976.5625
1152.3437
1152.3437
1293.9453
1293.9453
1337.8906
1337.8906
1274.4141
1274.4141
981.4453
981.4453
561.5234
561.5234
283.2031
283.2031
131.8359
131.8359
68.3594
68.3594
53.7109
53.7109
0.0000
0.0000
0.0000
0.0000
0.0000
0.0000
0.0000
0.0000
0.0000
0.0000
0.0000
0.0000
0.0000
0.0000
0.0000
0.0000
0.0000
0.0000
0.0000
0.0000
0.0000
0.0000
0.0000
0.0000
0.0000
0.0000
0.0000
0.0000
0.0000
0.0000
0.0000
0.0000
0.0000
0.0000
0.0000
0.0000
0.0000
0.0000
0.0000
0.0000
0.0000
0.0000
0.0000
0.0000
78.1250
78.1250
209.9609
209.9609
278.3203
278.3203
312.5000
312.5000
419.9219
419.9219
493.1641
493.1641
507.8125
507.8125
566.4062
566.4062
605.4687
605.4687
610.3516
610.3516
654.2969
654.2969
761.7187
761.7187
825.1953
825.1953
864.2578
864.2578
976.5625
976.5625
1049.8047
1049.8047
1088.8672
1088.8672
1181.6406
1181.6406
1259.7656
1259.7656
1274.4141
1274.4141
1284.1797
1333.0078
1333.0078
1333.0078
1352.5391
1352.5391
1420.8984
1420.8984
1596.6797
1596.6797
1674.8047
1674.8047
1577.1484
1577.1484
1362.3047
1362.3047
981.4453
981.4453
468.7500
468.7500
43.9453
0.0000
0.0000
0.0000
0.0000
0.0000
0.0000
0.0000
0.0000
0.0000
0.0000
0.0000
0.0000
0.0000
0.0000
0.0000
0.0000
0.0000
0.0000
0.0000
0.0000
0.0000
0.0000
0.0000
0.0000
0.0000
0.0000
0.0000
0.0000
0.0000
0.0000
0.0000
0.0000
0.0000
0.0000
0.0000
0.0000
0.0000
0.0000
0.0000
0.0000
0.0000
0.0000
0.0000
0.0000
0.0000
0.0000
0.0000
0.0000
0.0000
0.0000
14.6484
14.6484
112.3047
112.3047
180.6641
180.6641
224.6094
224.6094
322.2656
322.2656
410.1562
410.1562
444.3359
444.3359
478.5156
478.5156
566.4062
566.4062
585.9375
585.9375
585.9375
585.9375
639.6484
639.6484
639.6484
639.6484
610.3516
610.3516
644.5312
644.5312
693.3594
693.3594
703.1250
703.1250
737.3047
737.3047
805.6641
805.6641
830.0781
830.0781
869.1406
869.1406
1035.1562
1035.1562
1215.8203
1215.8203
1386.7187
1386.7187
1523.4375
1523.4375
1474.6094
1474.6094
1181.6406
1181.6406
786.1328
786.1328
424.8047
424.8047
151.3672
151.3672
9.7656
9.7656
0.0000
0.0000
0.0000
0.0000
0.0000
0.0000
0.0000
0.0000
0.0000
0.0000
0.0000
0.0000
0.0000
0.0000
0.0000
0.0000
0.0000
0.0000
0.0000
0.0000
0.0000
0.0000
0.0000
0.0000
0.0000
0.0000
0.0000
0.0000
0.0000
0.0000
0.0000
0.0000
0.0000
0.0000
0.0000
0.0000
0.0000
0.0000
0.0000
0.0000
0.0000
0.0000
0.0000
0.0000
0.0000
0.0000
0.0000
0.0000
102.5391
102.5391
190.4297
190.4297
317.3828
317.3828
434.5703
434.5703
507.8125
507.8125
561.5234
561.5234
629.8828
629.8828
644.5312
644.5312
634.7656
634.7656
698.2422
698.2422
732.4219
732.4219
727.5391
727.5391
776.3672
776.3672
830.0781
830.0781
874.0234
874.0234
952.1484
952.1484
1059.5703
1059.5703
1123.0469
1123.0469
1157.2266
1157.2266
1245.1172
1245.1172
1303.7109
1303.7109
1367.1875
1367.1875
1533.2031
1533.2031
1679.6875
1679.6875
1684.5703
1684.5703
1552.7344
1552.7344
1274.4141
1274.4141
825.1953
825.1953
322.2656
322.2656
0.0000
0.0000
0.0000
0.0000
0.0000
0.0000
0.0000
0.0000
0.0000
0.0000
0.0000
0.0000
0.0000
0.0000
0.0000
0.0000
0.0000
0.0000
0.0000
0.0000
0.0000
0.0000
0.0000
0.0000
0.0000
0.0000
0.0000
0.0000
0.0000
0.0000
0.0000
0.0000
0.0000
0.0000
0.0000
0.0000
0.0000
0.0000
0.0000
0.0000
0.0000
0.0000
0.0000
0.0000
0.0000
0.0000
0.0000
0.0000
112.3047
112.3047
200.1953
200.1953
322.2656
322.2656
424.8047
424.8047
458.9844
458.9844
488.2812
488.2812
556.6406
556.6406
581.0547
581.0547
576.1719
576.1719
644.5312
644.5312
673.8281
673.8281
678.7109
678.7109
747.0703
747.0703
805.6641
805.6641
825.1953
825.1953
869.1406
869.1406
957.0312
957.0312
981.4453
981.4453
971.6797
971.6797
1015.6250
1015.6250
991.2109
991.2109
942.3828
942.3828
1020.5078
1020.5078
1162.1094
1162.1094
1308.5937
1308.5937
1445.3125
1445.3125
1464.8437
1464.8437
1245.1172
1245.1172
874.0234
874.0234
556.6406
556.6406
273.4375
273.4375
122.0703
122.0703
126.9531
126.9531
48.8281
48.8281
0.0000
0.0000
0.0000
0.0000
0.0000
0.0000
0.0000
0.0000
0.0000
0.0000
0.0000
0.0000
0.0000
0.0000
0.0000
0.0000
0.0000
0.0000
0.0000
0.0000
0.0000
0.0000
0.0000
0.0000
0.0000
0.0000
0.0000
0.0000
0.0000
0.0000
0.0000
0.0000
0.0000
0.0000
0.0000
0.0000
0.0000
0.0000
0.0000
0.0000
0.0000
0.0000
0.0000
0.0000
0.0000
0.0000
78.1250
78.1250
175.7812
175.7812
317.3828
317.3828
419.9219
419.9219
493.1641
493.1641
639.6484
639.6484
742.1875
742.1875
800.7812
800.7812
893.5547
893.5547
961.9141
961.9141
966.7969
966.7969
986.3281
986.3281
1040.0391
1040.0391
1064.4531
1064.4531
1074.2187
1074.2187
1152.3437
1152.3437
1191.4062
1191.4062
1196.2891
1196.2891
1284.1797
1284.1797
1372.0703
1372.0703
1430.6641
1430.6641
1508.7891
1508.7891
1630.8594
1630.8594
1757.8125
1757.8125
1889.6484
1889.6484
2016.6016
2016.6016
1933.5937
1933.5937
1582.0312
1582.0312
1040.0391
1040.0391
332.0312
332.0312
0.0000
0.0000
0.0000
0.0000
0.0000
0.0000
0.0000
0.0000
0.0000
0.0000
0.0000
0.0000
0.0000
0.0000
0.0000
0.0000
0.0000
0.0000
0.0000
0.0000
0.0000
0.0000
0.0000
0.0000
0.0000
0.0000
0.0000
0.0000
0.0000
0.0000
0.0000
0.0000
0.0000
0.0000
0.0000
0.0000
0.0000
0.0000
0.0000
0.0000
0.0000
0.0000
0.0000
0.0000
0.0000
0.0000
0.0000
0.0000
0.0000
0.0000
34.1797
34.1797
136.7187
136.7187
209.9609
209.9609
346.6797
346.6797
424.8047
424.8047
444.3359
444.3359
498.0469
498.0469
527.3437
527.3437
502.9297
502.9297
502.9297
502.9297
561.5234
561.5234
576.1719
576.1719
585.9375
585.9375
664.0625
664.0625
708.0078
708.0078
717.7734
717.7734
795.8984
795.8984
874.0234
874.0234
908.2031
908.2031
961.9141
961.9141
1044.9219
1044.9219
1088.8672
1088.8672
1147.4609
1147.4609
1323.2422
1323.2422
1489.2578
1489.2578
1567.3828
1567.3828
1557.6172
1557.6172
1347.6562
1347.6562
913.0859
913.0859
444.3359
444.3359
83.0078
83.0078
0.0000
0.0000
0.0000
0.0000
0.0000
0.0000
0.0000
0.0000
0.0000
0.0000
0.0000
0.0000
0.0000
0.0000
0.0000
0.0000
0.0000
0.0000
0.0000
0.0000
0.0000
0.0000
0.0000
0.0000
0.0000
0.0000
0.0000
0.0000
0.0000
0.0000
0.0000
0.0000
0.0000
0.0000
0.0000
0.0000
0.0000
0.0000
0.0000
0.0000
0.0000
0.0000
0.0000
0.0000
0.0000
0.0000
0.0000
0.0000
0.0000
0.0000
0.0000
0.0000
39.0625
39.0625
92.7734
92.7734
205.0781
205.0781
297.8516
297.8516
336.9141
336.9141
371.0937
371.0937
439.4531
439.4531
468.7500
468.7500
502.9297
502.9297
610.3516
610.3516
678.7109
678.7109
712.8906
712.8906
795.8984
795.8984
839.8437
839.8437
825.1953
825.1953
854.4922
854.4922
913.0859
913.0859
937.5000
937.5000
952.1484
952.1484
1059.5703
1059.5703
1181.6406
1181.6406
1274.4141
1274.4141
1352.5391
1352.5391
1264.6484
1264.6484
1000.9766
1000.9766
703.1250
703.1250
439.4531
439.4531
209.9609
209.9609
43.9453
43.9453
0.0000
0.0000
0.0000
0.0000
0.0000
0.0000
0.0000
0.0000
0.0000
0.0000
0.0000
0.0000
0.0000
0.0000
0.0000
0.0000
0.0000
0.0000
0.0000
0.0000
0.0000
0.0000
0.0000
0.0000
0.0000
0.0000
0.0000
0.0000
0.0000
0.0000
0.0000
0.0000
0.0000
0.0000
0.0000
0.0000
0.0000
0.0000
0.0000
0.0000
0.0000
0.0000
0.0000
0.0000
68.3594
68.3594
185.5469
185.5469
244.1406
244.1406
278.3203
278.3203
390.6250
390.6250
507.8125
507.8125
576.1719
576.1719
644.5312
644.5312
722.6562
722.6562
727.5391
727.5391
727.5391
727.5391
786.1328
786.1328
786.1328
786.1328
751.9531
751.9531
786.1328
786.1328
805.6641
805.6641
795.8984
795.8984
839.8437
839.8437
908.2031
908.2031
927.7344
927.7344
966.7969
966.7969
1069.3359
1069.3359
1127.9297
1127.9297
1201.1719
1201.1719
1411.1328
1411.1328
1621.0937
1621.0937
1704.1016
1704.1016
1640.6250
1640.6250
1372.0703
1372.0703
917.9687
917.9687
498.0469
498.0469
317.3828
317.3828
229.4922
229.4922
126.9531
126.9531
0.0000
0.0000
0.0000
0.0000
0.0000
0.0000
0.0000
0.0000
0.0000
0.0000
0.0000
0.0000
0.0000
0.0000
0.0000
0.0000
0.0000
0.0000
0.0000
0.0000
0.0000
0.0000
0.0000
0.0000
0.0000
0.0000
0.0000
0.0000
0.0000
0.0000
0.0000
0.0000
0.0000
0.0000
0.0000
0.0000
0.0000
0.0000
0.0000
0.0000
0.0000
0.0000
0.0000
0.0000
29.2969
29.2969
156.2500
156.2500
268.5547
268.5547
336.9141
336.9141
419.9219
419.9219
527.3437
527.3437
561.5234
561.5234
556.6406
556.6406
625.0000
625.0000
639.6484
639.6484
639.6484
639.6484
703.1250
703.1250
747.0703
747.0703
771.4844
771.4844
834.9609
834.9609
947.2656
947.2656
1025.3906
1025.3906
1083.9844
1083.9844
1201.1719
1201.1719
1240.2344
1240.2344
1240.2344
1240.2344
1284.1797
1284.1797
1313.4766
1313.4766
1342.7734
1342.7734
1450.1953
1450.1953
1572.2656
1572.2656
1528.3203
1528.3203
1289.0625
1289.0625
927.7344
927.7344
439.4531
439.4531
0.0000
0.0000
0.0000
0.0000
0.0000
0.0000
0.0000
0.0000
0.0000
0.0000
0.0000
0.0000
0.0000
0.0000
0.0000
0.0000
0.0000
0.0000
0.0000
0.0000
0.0000
0.0000
0.0000
0.0000
0.0000
0.0000
0.0000
0.0000
0.0000
0.0000
0.0000
0.0000
0.0000
0.0000
0.0000
0.0000
0.0000
0.0000
0.0000
0.0000
0.0000
0.0000
0.0000
0.0000
0.0000
0.0000
0.0000
0.0000
0.0000
0.0000
0.0000
0.0000
48.8281
48.8281
126.9531
126.9531
258.7891
258.7891
317.3828
341.7969
341.7969
341.7969
419.9219
419.9219
454.1016
454.1016
468.7500
468.7500
541.9922
541.9922
590.8203
590.8203
576.1719
576.1719
585.9375
585.9375
639.6484
639.6484
673.8281
673.8281
708.0078
708.0078
795.8984
795.8984
834.9609
834.9609
825.1953
825.1953
869.1406
869.1406
913.0859
913.0859
927.7344
927.7344
1010.7422
1181.6406
1181.6406
1347.6562
1347.6562
1479.4922
1479.4922
1547.8516
1547.8516
1376.9531
1376.9531
1015.6250
1015.6250
703.1250
703.1250
468.7500
468.7500
297.8516
297.8516
190.4297
190.4297
0.0000
0.0000
0.0000
0.0000
0.0000
0.0000
0.0000
0.0000
0.0000
0.0000
0.0000
0.0000
0.0000
0.0000
0.0000
0.0000
0.0000
0.0000
0.0000
0.0000
0.0000
0.0000
0.0000
0.0000
0.0000
0.0000
0.0000
0.0000
0.0000
0.0000
0.0000
0.0000
0.0000
0.0000
0.0000
0.0000
0.0000
0.0000
0.0000
0.0000
0.0000
0.0000
0.0000
0.0000
0.0000
0.0000
0.0000
0.0000
9.7656
9.7656
97.6562
97.6562
263.6719
263.6719
375.9766
375.9766
449.2187
449.2187
571.2891
571.2891
659.1797
659.1797
698.2422
698.2422
732.4219
732.4219
800.7812
800.7812
805.6641
805.6641
805.6641
805.6641
888.6719
888.6719
932.6172
932.6172
947.2656
947.2656
1030.2734
1030.2734
1093.7500
1093.7500
1123.0469
1123.0469
1186.5234
1186.5234
1284.1797
1284.1797
1352.5391
1352.5391
1469.7266
1469.7266
1655.2734
1655.2734
1704.1016
1704.1016
1547.8516
1547.8516
1269.5312
1269.5312
820.3125
820.3125
341.7969
341.7969
9.7656
9.7656
0.0000
0.0000
0.0000
0.0000
0.0000
0.0000
0.0000
0.0000
0.0000
0.0000
0.0000
0.0000
0.0000
0.0000
0.0000
0.0000
0.0000
0.0000
0.0000
0.0000
0.0000
0.0000
0.0000
0.0000
0.0000
0.0000
0.0000
0.0000
0.0000
0.0000
0.0000
0.0000
0.0000
0.0000
0.0000
0.0000
0.0000
0.0000
0.0000
0.0000
0.0000
0.0000
0.0000
0.0000
0.0000
0.0000
43.9453
43.9453
146.4844
146.4844
214.8437
214.8437
332.0312
332.0312
375.9766
375.9766
371.0937
371.0937
429.6875
429.6875
463.8672
463.8672
458.9844
458.9844
493.1641
493.1641
551.7578
551.7578
556.6406
556.6406
551.7578
551.7578
625.0000
625.0000
678.7109
678.7109
712.8906
712.8906
820.3125
820.3125
888.6719
888.6719
908.2031
908.2031
961.9141
961.9141
1049.8047
1049.8047
1088.8672
1088.8672
1118.1641
1118.1641
1254.8828
1254.8828
1406.2500
1406.2500
1523.4375
1523.4375
1596.6797
1596.6797
1484.3750
1484.3750
1176.7578
1176.7578
869.1406
869.1406
664.0625
664.0625
527.3437
527.3437
419.9219
419.9219
253.9062
253.9062
0.0000
0.0000
0.0000
0.0000
0.0000
0.0000
0.0000
0.0000
0.0000
0.0000
0.0000
0.0000
0.0000
0.0000
0.0000
0.0000
0.0000
0.0000
0.0000
0.0000
0.0000
0.0000
0.0000
0.0000
0.0000
0.0000
0.0000
0.0000
0.0000
0.0000
0.0000
0.0000
0.0000
0.0000
0.0000
0.0000
0.0000
0.0000
0.0000
0.0000
0.0000
0.0000
48.8281
48.8281
229.4922
229.4922
327.1484
327.1484
371.0937
371.0937
468.7500
468.7500
571.2891
571.2891
620.1172
620.1172
664.0625
664.0625
742.1875
742.1875
766.6016
766.6016
786.1328
786.1328
888.6719
888.6719
952.1484
952.1484
991.2109
991.2109
1093.7500
1093.7500
1171.8750
1171.8750
1196.2891
1196.2891
1235.3516
1235.3516
1298.8281
1298.8281
1313.4766
1313.4766
1318.3594
1318.3594
1381.8359
1381.8359
1425.7812
1425.7812
1474.6094
1474.6094
1596.6797
1596.6797
1611.3281
1611.3281
1406.2500
1406.2500
1030.2734
1030.2734
551.7578
551.7578
48.8281
48.8281
0.0000
0.0000
0.0000
0.0000
0.0000
0.0000
0.0000
0.0000
0.0000
0.0000
0.0000
0.0000
0.0000
0.0000
0.0000
0.0000
0.0000
0.0000
0.0000
0.0000
0.0000
0.0000
0.0000
0.0000
0.0000
0.0000
0.0000
0.0000
0.0000
0.0000
0.0000
0.0000
0.0000
0.0000
0.0000
0.0000
0.0000
0.0000
0.0000
0.0000
0.0000
0.0000
0.0000
0.0000
0.0000
0.0000
0.0000
0.0000
0.0000
0.0000
0.0000
0.0000
0.0000
0.0000
58.5937
58.5937
175.7812
175.7812
249.0234
249.0234
336.9141
336.9141
463.8672
463.8672
527.3437
527.3437
551.7578
551.7578
634.7656
634.7656
668.9453
668.9453
664.0625
664.0625
712.8906
712.8906
761.7187
761.7187
761.7187
761.7187
781.2500
781.2500
820.3125
820.3125
815.4297
815.4297
810.5469
810.5469
898.4375
898.4375
957.0312
957.0312
986.3281
986.3281
1093.7500
1093.7500
1240.2344
1240.2344
1381.8359
1381.8359
1499.0234
1499.0234
1484.3750
1484.3750
1196.2891
1196.2891
717.7734
717.7734
317.3828
317.3828
24.4141
24.4141
0.0000
0.0000
0.0000
0.0000
0.0000
0.0000
0.0000
0.0000
0.0000
0.0000
0.0000
0.0000
0.0000
0.0000
0.0000
0.0000
0.0000
0.0000
0.0000
0.0000
0.0000
0.0000
0.0000
0.0000
0.0000
0.0000
0.0000
0.0000
0.0000
0.0000
0.0000
0.0000
0.0000
0.0000
0.0000
0.0000
0.0000
0.0000
0.0000
0.0000
0.0000
0.0000
0.0000
0.0000
0.0000
0.0000
0.0000
0.0000
0.0000
0.0000
34.1797
34.1797
102.5391
102.5391
190.4297
190.4297
327.1484
327.1484
390.6250
390.6250
400.3906
400.3906
449.2187
449.2187
449.2187
449.2187
410.1562
410.1562
463.8672
463.8672
512.6953
512.6953
532.2266
532.2266
600.5859
600.5859
708.0078
708.0078
766.6016
766.6016
830.0781
830.0781
966.7969
966.7969
1044.9219
1044.9219
1088.8672
1088.8672
1186.5234
1186.5234
1245.1172
1245.1172
1298.8281
1298.8281
1445.3125
1445.3125
1621.0937
1621.0937
1650.3906
1650.3906
1523.4375
1523.4375
1303.7109
1303.7109
922.8516
922.8516
517.5781
517.5781
253.9062
253.9062
19.5312
19.5312
0.0000
0.0000
0.0000
0.0000
0.0000
0.0000
0.0000
0.0000
0.0000
0.0000
0.0000
0.0000
0.0000
0.0000
0.0000
0.0000
0.0000
0.0000
0.0000
0.0000
0.0000
0.0000
0.0000
0.0000
0.0000
0.0000
0.0000
0.0000
0.0000
0.0000
0.0000
0.0000
0.0000
0.0000
0.0000
0.0000
0.0000
0.0000
0.0000
0.0000
0.0000
0.0000
97.6562
97.6562
219.7266
219.7266
283.2031
283.2031
327.1484
327.1484
405.2734
405.2734
444.3359
444.3359
473.6328
473.6328
561.5234
561.5234
595.7031
595.7031
585.9375
585.9375
639.6484
639.6484
688.4766
688.4766
703.1250
703.1250
747.0703
747.0703
810.5469
810.5469
815.4297
815.4297
820.3125
820.3125
878.9062
878.9062
893.5547
893.5547
864.2578
864.2578
903.3203
903.3203
917.9687
917.9687
893.5547
893.5547
913.0859
913.0859
1010.7422
1010.7422
1162.1094
1162.1094
1342.7734
1342.7734
1503.9062
1503.9062
1445.3125
1445.3125
1157.2266
1157.2266
791.0156
791.0156
424.8047
424.8047
175.7812
175.7812
122.0703
122.0703
107.4219
107.4219
0.0000
0.0000
0.0000
0.0000
0.0000
0.0000
0.0000
0.0000
0.0000
0.0000
0.0000
0.0000
0.0000
0.0000
0.0000
0.0000
0.0000
0.0000
0.0000
0.0000
0.0000
0.0000
0.0000
0.0000
0.0000
0.0000
0.0000
0.0000
0.0000
0.0000
0.0000
0.0000
0.0000
0.0000
0.0000
0.0000
0.0000
0.0000
0.0000
0.0000
0.0000
0.0000
0.0000
0.0000
0.0000
0.0000
0.0000
0.0000
0.0000
0.0000
117.1875
117.1875
224.6094
224.6094
292.9687
292.9687
390.6250
390.6250
473.6328
473.6328
493.1641
493.1641
537.1094
537.1094
600.5859
600.5859
600.5859
600.5859
600.5859
600.5859
659.1797
659.1797
693.3594
693.3594
712.8906
712.8906
795.8984
795.8984
869.1406
869.1406
908.2031
908.2031
976.5625
976.5625
1074.2187
1074.2187
1123.0469
1123.0469
1196.2891
1196.2891
1396.4844
1396.4844
1586.9141
1586.9141
1679.6875
1679.6875
1674.8047
1674.8047
1450.1953
1450.1953
1000.9766
1000.9766
522.4609
522.4609
131.8359
131.8359
0.0000
0.0000
0.0000
0.0000
0.0000
0.0000
0.0000
0.0000
0.0000
0.0000
0.0000
0.0000
0.0000
0.0000
0.0000
0.0000
0.0000
0.0000
0.0000
0.0000
0.0000
0.0000
0.0000
0.0000
0.0000
0.0000
0.0000
0.0000
0.0000
0.0000
0.0000
0.0000
0.0000
0.0000
0.0000
0.0000
0.0000
0.0000
0.0000
0.0000
0.0000
0.0000
0.0000
0.0000
0.0000
0.0000
58.5937
58.5937
112.3047
112.3047
239.2578
239.2578
322.2656
322.2656
346.6797
346.6797
419.9219
419.9219
468.7500
468.7500
458.9844
458.9844
473.6328
473.6328
546.8750
546.8750
561.5234
561.5234
561.5234
561.5234
644.5312
644.5312
678.7109
678.7109
678.7109
678.7109
761.7187
761.7187
854.4922
854.4922
888.6719
888.6719
937.5000
937.5000
1015.6250
1015.6250
1030.2734
1030.2734
1020.5078
1020.5078
1098.6328
1098.6328
1191.4062
1191.4062
1333.0078
1333.0078
1523.4375
1577.1484
1577.1484
1577.1484
1396.4844
1396.4844
1044.9219
1044.9219
654.2969
654.2969
297.8516
297.8516
78.1250
78.1250
4.8828
4.8828
0.0000
0.0000
0.0000
0.0000
0.0000
0.0000
0.0000
0.0000
0.0000
0.0000
0.0000
0.0000
0.0000
0.0000
0.0000
0.0000
0.0000
0.0000
0.0000
0.0000
0.0000
0.0000
0.0000
0.0000
0.0000
0.0000
0.0000
0.0000
0.0000
0.0000
0.0000
0.0000
0.0000
0.0000
0.0000
0.0000
0.0000
0.0000
0.0000
0.0000
0.0000
0.0000
0.0000
63.4766
63.4766
170.8984
170.8984
224.6094
224.6094
322.2656
322.2656
419.9219
419.9219
449.2187
449.2187
463.8672
463.8672
527.3437
527.3437
556.6406
556.6406
571.2891
571.2891
664.0625
664.0625
717.7734
717.7734
708.0078
708.0078
766.6016
766.6016
844.7266
844.7266
893.5547
893.5547
947.2656
947.2656
1035.1562
1035.1562
1049.8047
1049.8047
1064.4531
1064.4531
1142.5781
1142.5781
1181.6406
1181.6406
1225.5859
1225.5859
1381.8359
1381.8359
1552.7344
1552.7344
1591.7969
1591.7969
1484.3750
1484.3750
1259.7656
1259.7656
854.4922
854.4922
400.3906
400.3906
63.4766
63.4766
0.0000
0.0000
0.0000
0.0000
0.0000
0.0000
0.0000
0.0000
0.0000
0.0000
0.0000
0.0000
0.0000
0.0000
0.0000
0.0000
0.0000
0.0000
0.0000
0.0000
0.0000
0.0000
0.0000
0.0000
0.0000
0.0000
0.0000
0.0000
0.0000
0.0000
0.0000
0.0000
0.0000
0.0000
0.0000
0.0000
0.0000
0.0000
0.0000
0.0000
0.0000
0.0000
0.0000
0.0000
0.0000
0.0000
0.0000
0.0000
43.9453
43.9453
146.4844
146.4844
253.9062
253.9062
307.6172
307.6172
361.3281
361.3281
483.3984
483.3984
541.9922
541.9922
561.5234
561.5234
649.4141
649.4141
693.3594
693.3594
683.5937
683.5937
717.7734
717.7734
747.0703
747.0703
747.0703
747.0703
761.7187
761.7187
830.0781
830.0781
839.8437
839.8437
820.3125
820.3125
888.6719
888.6719
922.8516
922.8516
937.5000
937.5000
1035.1562
1035.1562
1181.6406
1181.6406
1323.2422
1323.2422
1464.8437
1464.8437
1533.2031
1533.2031
1342.7734
1342.7734
922.8516
922.8516
493.1641
493.1641
122.0703
122.0703
0.0000
0.0000
0.0000
0.0000
0.0000
0.0000
0.0000
0.0000
0.0000
0.0000
0.0000
0.0000
0.0000
0.0000
0.0000
0.0000
0.0000
0.0000
0.0000
0.0000
0.0000
0.0000
0.0000
0.0000
0.0000
0.0000
0.0000
0.0000
0.0000
0.0000
0.0000
0.0000
0.0000
0.0000
0.0000
0.0000
0.0000
0.0000
0.0000
0.0000
0.0000
0.0000
0.0000
0.0000
0.0000
0.0000
0.0000
0.0000
0.0000
0.0000
146.4844
146.4844
239.2578
239.2578
307.6172
307.6172
429.6875
429.6875
493.1641
493.1641
507.8125
507.8125
576.1719
576.1719
605.4687
605.4687
585.9375
585.9375
615.2344
615.2344
654.2969
654.2969
659.1797
659.1797
698.2422
698.2422
810.5469
810.5469
874.0234
874.0234
927.7344
927.7344
1044.9219
1044.9219
1108.3984
1108.3984
1132.8125
1132.8125
1196.2891
1196.2891
1279.2969
1279.2969
1308.5937
1308.5937
1342.7734
1342.7734
1464.8437
1464.8437
1528.3203
1528.3203
1474.6094
1474.6094
1323.2422
1323.2422
961.9141
961.9141
439.4531
439.4531
29.2969
29.2969
0.0000
0.0000
0.0000
0.0000
0.0000
0.0000
0.0000
0.0000
0.0000
0.0000
0.0000
0.0000
0.0000
0.0000
0.0000
0.0000
0.0000
0.0000
0.0000
0.0000
0.0000
0.0000
0.0000
0.0000
0.0000
0.0000
0.0000
0.0000
0.0000
0.0000
0.0000
0.0000
0.0000
0.0000
0.0000
0.0000
0.0000
0.0000
0.0000
0.0000
0.0000
0.0000
0.0000
0.0000
0.0000
0.0000
0.0000
0.0000
0.0000
0.0000
0.0000
0.0000
0.0000
0.0000
53.7109
53.7109
92.7734
92.7734
214.8437
214.8437
297.8516
297.8516
317.3828
317.3828
380.8594
380.8594
463.8672
463.8672
507.8125
507.8125
571.2891
571.2891
678.7109
678.7109
737.3047
737.3047
766.6016
766.6016
859.3750
859.3750
898.4375
898.4375
893.5547
893.5547
957.0312
957.0312
1020.5078
1020.5078
1040.0391
1040.0391
1083.9844
1083.9844
1210.9375
1210.9375
1333.0078
1333.0078
1474.6094
1474.6094
1645.5078
1645.5078
1625.9766
1625.9766
1367.1875
1367.1875
1000.9766
1000.9766
600.5859
600.5859
307.6172
307.6172
209.9609
209.9609
209.9609
209.9609
53.7109
53.7109
0.0000
0.0000
0.0000
0.0000
0.0000
0.0000
0.0000
0.0000
0.0000
0.0000
0.0000
0.0000
0.0000
0.0000
0.0000
0.0000
0.0000
0.0000
0.0000
0.0000
0.0000
0.0000
0.0000
0.0000
0.0000
0.0000
0.0000
0.0000
0.0000
0.0000
0.0000
0.0000
0.0000
0.0000
0.0000
0.0000
0.0000
0.0000
0.0000
0.0000
0.0000
0.0000
0.0000
0.0000
34.1797
34.1797
83.0078
83.0078
224.6094
224.6094
346.6797
346.6797
424.8047
424.8047
537.1094
537.1094
639.6484
639.6484
678.7109
678.7109
688.4766
688.4766
771.4844
771.4844
776.3672
776.3672
766.6016
766.6016
830.0781
830.0781
864.2578
864.2578
869.1406
869.1406
932.6172
932.6172
1000.9766
1000.9766
1030.2734
1030.2734
1088.8672
1088.8672
1201.1719
1201.1719
1254.8828
1254.8828
1298.8281
1298.8281
1459.9609
1459.9609
1586.9141
1586.9141
1611.3281
1611.3281
1547.8516
1547.8516
1303.7109
1303.7109
864.2578
864.2578
434.5703
434.5703
107.4219
107.4219
0.0000
0.0000
0.0000
0.0000
0.0000
0.0000
0.0000
0.0000
0.0000
0.0000
0.0000
0.0000
0.0000
0.0000
0.0000
0.0000
0.0000
0.0000
0.0000
0.0000
0.0000
0.0000
0.0000
0.0000
0.0000
0.0000
0.0000
0.0000
0.0000
0.0000
0.0000
0.0000
0.0000
0.0000
0.0000
0.0000
0.0000
0.0000
0.0000
0.0000
0.0000
0.0000
0.0000
0.0000
0.0000
0.0000
0.0000
0.0000
0.0000
0.0000
126.9531
126.9531
219.7266
219.7266
283.2031
283.2031
385.7422
385.7422
483.3984
483.3984
483.3984
483.3984
458.9844
458.9844
498.0469
498.0469
483.3984
483.3984
463.8672
463.8672
546.8750
546.8750
590.8203
590.8203
590.8203
590.8203
659.1797
659.1797
742.1875
742.1875
791.0156
791.0156
854.4922
854.4922
976.5625
976.5625
1025.3906
1025.3906
1040.0391
1040.0391
1137.6953
1137.6953
1240.2344
1240.2344
1372.0703
1372.0703
1557.6172
1557.6172
1635.7422
1635.7422
1459.9609
1459.9609
1098.6328
1098.6328
688.4766
688.4766
292.9687
292.9687
43.9453
43.9453
0.0000
0.0000
0.0000
0.0000
0.0000
0.0000
0.0000
0.0000
0.0000
0.0000
0.0000
0.0000
0.0000
0.0000
0.0000
0.0000
0.0000
0.0000
0.0000
0.0000
0.0000
0.0000
0.0000
0.0000
0.0000
0.0000
0.0000
0.0000
0.0000
0.0000
0.0000
0.0000
0.0000
0.0000
0.0000
0.0000
0.0000
0.0000
0.0000
0.0000
0.0000
0.0000
0.0000
0.0000
0.0000
0.0000
4.8828
4.8828
78.1250
78.1250
92.7734
92.7734
156.2500
156.2500
253.9062
253.9062
302.7344
302.7344
336.9141
336.9141
419.9219
419.9219
449.2187
449.2187
454.1016
454.1016
546.8750
546.8750
615.2344
615.2344
654.2969
654.2969
747.0703
747.0703
844.7266
844.7266
898.4375
898.4375
961.9141
961.9141
1074.2187
1074.2187
1113.2812
1113.2812
1118.1641
1118.1641
1196.2891
1196.2891
1240.2344
1240.2344
1274.4141
1274.4141
1411.1328
1411.1328
1572.2656
1572.2656
1630.8594
1630.8594
1567.3828
1567.3828
1391.6016
1391.6016
1010.7422
1010.7422
551.7578
551.7578
200.1953
200.1953
0.0000
0.0000
0.0000
0.0000
0.0000
0.0000
0.0000
0.0000
0.0000
0.0000
0.0000
0.0000
0.0000
0.0000
0.0000
0.0000
0.0000
0.0000
0.0000
0.0000
0.0000
0.0000
0.0000
0.0000
0.0000
0.0000
0.0000
0.0000
0.0000
0.0000
0.0000
0.0000
0.0000
0.0000
0.0000
0.0000
0.0000
0.0000
0.0000
0.0000
0.0000
0.0000
0.0000
0.0000
0.0000
0.0000
34.1797
34.1797
83.0078
83.0078
151.3672
151.3672
244.1406
244.1406
307.6172
307.6172
380.8594
380.8594
517.5781
517.5781
566.4062
566.4062
571.2891
571.2891
644.5312
644.5312
673.8281
673.8281
673.8281
673.8281
722.6562
722.6562
766.6016
766.6016
751.9531
751.9531
747.0703
747.0703
800.7812
800.7812
810.5469
810.5469
800.7812
800.7812
878.9062
878.9062
917.9687
917.9687
922.8516
922.8516
1000.9766
1000.9766
1142.5781
1142.5781
1323.2422
1323.2422
1523.4375
1523.4375
1679.6875
1679.6875
1601.5625
1601.5625
1289.0625
1289.0625
908.2031
908.2031
507.8125
507.8125
229.4922
229.4922
136.7187
136.7187
43.9453
43.9453
0.0000
0.0000
0.0000
0.0000
0.0000
0.0000
0.0000
0.0000
0.0000
0.0000
0.0000
0.0000
0.0000
0.0000
0.0000
0.0000
0.0000
0.0000
0.0000
0.0000
0.0000
0.0000
0.0000
0.0000
0.0000
0.0000
0.0000
0.0000
0.0000
0.0000
0.0000
0.0000
0.0000
0.0000
0.0000
0.0000
0.0000
0.0000
0.0000
0.0000
0.0000
0.0000
0.0000
0.0000
0.0000
0.0000
0.0000
73.2422
73.2422
73.2422
214.8437
214.8437
302.7344
302.7344
341.7969
341.7969
424.8047
424.8047
458.9844
458.9844
449.2187
449.2187
483.3984
483.3984
537.1094
537.1094
546.8750
546.8750
566.4062
566.4062
678.7109
678.7109
751.9531
751.9531
825.1953
825.1953
986.3281
986.3281
1098.6328
1098.6328
1162.1094
1162.1094
1245.1172
1245.1172
1318.3594
1347.6562
1347.6562
1347.6562
1411.1328
1411.1328
1572.2656
1572.2656
1674.8047
1674.8047
1674.8047
1674.8047
1596.6797
1596.6797
1298.8281
1298.8281
820.3125
820.3125
390.6250
390.6250
24.4141
0.0000
0.0000
0.0000
0.0000
0.0000
0.0000
0.0000
0.0000
0.0000
0.0000
0.0000
0.0000
0.0000
0.0000
0.0000
0.0000
0.0000
0.0000
0.0000
0.0000
0.0000
0.0000
0.0000
0.0000
0.0000
0.0000
0.0000
0.0000
0.0000
0.0000
0.0000
0.0000
0.0000
0.0000
0.0000
0.0000
0.0000
0.0000
0.0000
0.0000
0.0000
0.0000
0.0000
0.0000
0.0000
0.0000
39.0625
39.0625
117.1875
117.1875
249.0234
249.0234
317.3828
317.3828
351.5625
351.5625
454.1016
454.1016
502.9297
502.9297
483.3984
483.3984
512.6953
512.6953
566.4062
566.4062
595.7031
595.7031
625.0000
625.0000
712.8906
712.8906
737.3047
737.3047
737.3047
737.3047
825.1953
825.1953
878.9062
878.9062
883.7891
883.7891
927.7344
927.7344
952.1484
952.1484
917.9687
917.9687
913.0859
913.0859
1005.8594
1005.8594
1118.1641
1118.1641
1284.1797
1284.1797
1523.4375
1523.4375
1635.7422
1635.7422
1542.9687
1542.9687
1328.1250
1328.1250
991.2109
991.2109
620.1172
620.1172
395.5078
395.5078
317.3828
317.3828
146.4844
146.4844
0.0000
0.0000
0.0000
0.0000
0.0000
0.0000
0.0000
0.0000
0.0000
0.0000
0.0000
0.0000
0.0000
0.0000
0.0000
0.0000
0.0000
0.0000
0.0000
0.0000
0.0000
0.0000
0.0000
0.0000
0.0000
0.0000
0.0000
0.0000
0.0000
0.0000
0.0000
0.0000
0.0000
0.0000
0.0000
0.0000
0.0000
0.0000
0.0000
0.0000
0.0000
0.0000
0.0000
0.0000
0.0000
0.0000
43.9453
43.9453
156.2500
156.2500
249.0234
249.0234
292.9687
292.9687
366.2109
366.2109
473.6328
473.6328
527.3437
527.3437
556.6406
556.6406
649.4141
649.4141
664.0625
664.0625
649.4141
649.4141
722.6562
722.6562
776.3672
776.3672
786.1328
786.1328
839.8437
839.8437
913.0859
913.0859
937.5000
937.5000
966.7969
966.7969
1069.3359
1069.3359
1137.6953
1137.6953
1210.9375
1210.9375
1411.1328
1411.1328
1601.5625
1601.5625
1665.0391
1665.0391
1630.8594
1630.8594
1425.7812
1425.7812
1000.9766
1000.9766
527.3437
527.3437
151.3672
151.3672
0.0000
0.0000
0.0000
0.0000
0.0000
0.0000
0.0000
0.0000
0.0000
0.0000
0.0000
0.0000
0.0000
0.0000
0.0000
0.0000
0.0000
0.0000
0.0000
0.0000
0.0000
0.0000
0.0000
0.0000
0.0000
0.0000
0.0000
0.0000
0.0000
0.0000
0.0000
0.0000
0.0000
0.0000
0.0000
0.0000
0.0000
0.0000
0.0000
0.0000
0.0000
0.0000
0.0000
0.0000
0.0000
0.0000
0.0000
0.0000
0.0000
0.0000
68.3594
68.3594
185.5469
185.5469
239.2578
239.2578
312.5000
312.5000
405.2734
405.2734
424.8047
424.8047
415.0391
415.0391
463.8672
463.8672
468.7500
468.7500
449.2187
449.2187
512.6953
512.6953
551.7578
551.7578
556.6406
556.6406
620.1172
620.1172
717.7734
717.7734
771.4844
771.4844
815.4297
815.4297
917.9687
917.9687
942.3828
942.3828
947.2656
947.2656
1030.2734
1030.2734
1103.5156
1103.5156
1201.1719
1201.1719
1391.6016
1391.6016
1567.3828
1567.3828
1557.6172
1557.6172
1376.9531
1376.9531
1069.3359
1069.3359
654.2969
654.2969
307.6172
307.6172
175.7812
175.7812
83.0078
83.0078
0.0000
0.0000
0.0000
0.0000
0.0000
0.0000
0.0000
0.0000
0.0000
0.0000
0.0000
0.0000
0.0000
0.0000
0.0000
0.0000
0.0000
0.0000
0.0000
0.0000
0.0000
0.0000
0.0000
0.0000
0.0000
0.0000
0.0000
0.0000
0.0000
0.0000
0.0000
0.0000
0.0000
0.0000
0.0000
0.0000
0.0000
0.0000
0.0000
0.0000
0.0000
0.0000
0.0000
0.0000
92.7734
92.7734
151.3672
151.3672
214.8437
214.8437
312.5000
312.5000
361.3281
361.3281
400.3906
400.3906
512.6953
512.6953
551.7578
551.7578
551.7578
551.7578
625.0000
625.0000
673.8281
673.8281
683.5937
683.5937
751.9531
751.9531
859.3750
859.3750
908.2031
908.2031
947.2656
947.2656
1030.2734
1030.2734
1064.4531
1064.4531
1079.1016
1079.1016
1162.1094
1162.1094
1225.5859
1225.5859
1250.0000
1250.0000
1328.1250
1328.1250
1459.9609
1459.9609
1591.7969
1591.7969
1723.6328
1723.6328
1826.1719
1826.1719
1718.7500
1718.7500
1420.8984
1420.8984
1015.6250
1015.6250
498.0469
498.0469
0.0000
0.0000
0.0000
0.0000
0.0000
0.0000
0.0000
0.0000
0.0000
0.0000
0.0000
0.0000
0.0000
0.0000
0.0000
0.0000
0.0000
0.0000
0.0000
0.0000
0.0000
0.0000
0.0000
0.0000
0.0000
0.0000
0.0000
0.0000
0.0000
0.0000
0.0000
0.0000
0.0000
0.0000
0.0000
0.0000
0.0000
0.0000
0.0000
0.0000
0.0000
0.0000
0.0000
0.0000
0.0000
0.0000
0.0000
0.0000
0.0000
0.0000
0.0000
0.0000
0.0000
0.0000
58.5937
58.5937
219.7266
219.7266
317.3828
317.3828
366.2109
366.2109
468.7500
468.7500
527.3437
527.3437
537.1094
537.1094
581.0547
581.0547
644.5312
644.5312
659.1797
659.1797
664.0625
664.0625
742.1875
742.1875
761.7187
761.7187
747.0703
747.0703
810.5469
810.5469
834.9609
834.9609
834.9609
834.9609
893.5547
893.5547
981.4453
981.4453
1064.4531
1064.4531
1235.3516
1235.3516
1503.9062
1503.9062
1655.2734
1655.2734
1665.0391
1665.0391
1557.6172
1557.6172
1235.3516
1235.3516
791.0156
791.0156
468.7500
468.7500
263.6719
263.6719
92.7734
92.7734
0.0000
0.0000
0.0000
0.0000
0.0000
0.0000
0.0000
0.0000
0.0000
0.0000
0.0000
0.0000
0.0000
0.0000
0.0000
0.0000
0.0000
0.0000
0.0000
0.0000
0.0000
0.0000
0.0000
0.0000
0.0000
0.0000
0.0000
0.0000
0.0000
0.0000
0.0000
0.0000
0.0000
0.0000
0.0000
0.0000
0.0000
0.0000
0.0000
0.0000
0.0000
0.0000
141.6016
141.6016
263.6719
263.6719
332.0312
332.0312
454.1016
454.1016
527.3437
527.3437
561.5234
561.5234
654.2969
654.2969
693.3594
693.3594
654.2969
654.2969
644.5312
644.5312
673.8281
673.8281
664.0625
664.0625
659.1797
659.1797
732.4219
732.4219
766.6016
766.6016
791.0156
791.0156
903.3203
903.3203
996.0937
996.0937
1040.0391
1040.0391
1127.9297
1127.9297
1230.4687
1230.4687
1264.6484
1264.6484
1269.5312
1269.5312
1362.3047
1362.3047
1450.1953
1450.1953
1567.3828
1567.3828
1689.4531
1689.4531
1635.7422
1635.7422
1362.3047
1362.3047
976.5625
976.5625
546.8750
546.8750
87.8906
87.8906
0.0000
0.0000
0.0000
0.0000
0.0000
0.0000
0.0000
0.0000
0.0000
0.0000
0.0000
0.0000
0.0000
0.0000
0.0000
0.0000
0.0000
0.0000
0.0000
0.0000
0.0000
0.0000
0.0000
0.0000
0.0000
0.0000
0.0000
0.0000
0.0000
0.0000
0.0000
0.0000
0.0000
0.0000
0.0000
0.0000
0.0000
0.0000
0.0000
0.0000
0.0000
0.0000
0.0000
0.0000
0.0000
0.0000
0.0000
0.0000
34.1797
34.1797
92.7734
92.7734
117.1875
117.1875
214.8437
214.8437
302.7344
302.7344
327.1484
327.1484
356.4453
356.4453
439.4531
439.4531
473.6328
473.6328
502.9297
502.9297
600.5859
600.5859
634.7656
634.7656
625.0000
625.0000
678.7109
678.7109
717.7734
717.7734
712.8906
712.8906
737.3047
737.3047
791.0156
791.0156
781.2500
781.2500
766.6016
766.6016
825.1953
825.1953
825.1953
825.1953
815.4297
815.4297
947.2656
947.2656
1137.6953
1137.6953
1333.0078
1333.0078
1513.6719
1513.6719
1577.1484
1577.1484
1406.2500
1406.2500
1044.9219
1044.9219
649.4141
649.4141
234.3750
234.3750
0.0000
0.0000
0.0000
0.0000
0.0000
0.0000
0.0000
0.0000
0.0000
0.0000
0.0000
0.0000
0.0000
0.0000
0.0000
0.0000
0.0000
0.0000
0.0000
0.0000
0.0000
0.0000
0.0000
0.0000
0.0000
0.0000
0.0000
0.0000
0.0000
0.0000
0.0000
0.0000
0.0000
0.0000
0.0000
0.0000
0.0000
0.0000
0.0000
0.0000
0.0000
0.0000
0.0000
0.0000
0.0000
0.0000
0.0000
0.0000
0.0000
0.0000
0.0000
0.0000
0.0000
0.0000
68.3594
68.3594
224.6094
224.6094
297.8516
297.8516
346.6797
346.6797
458.9844
458.9844
507.8125
507.8125
498.0469
498.0469
532.2266
532.2266
527.3437
527.3437
483.3984
483.3984
498.0469
498.0469
546.8750
546.8750
561.5234
561.5234
581.0547
581.0547
683.5937
683.5937
737.3047
737.3047
776.3672
776.3672
903.3203
903.3203
996.0937
996.0937
1059.5703
1059.5703
1215.8203
1215.8203
1435.5469
1435.5469
1567.3828
1567.3828
1601.5625
1601.5625
1523.4375
1523.4375
1225.5859
1225.5859
800.7812
458.9844
458.9844
458.9844
136.7187
136.7187
0.0000
0.0000
0.0000
0.0000
0.0000
0.0000
0.0000
0.0000
0.0000
0.0000
0.0000
0.0000
0.0000
0.0000
0.0000
0.0000
0.0000
0.0000
0.0000
0.0000
0.0000
0.0000
0.0000
0.0000
0.0000
0.0000
0.0000
0.0000
0.0000
0.0000
0.0000
0.0000
0.0000
0.0000
0.0000
0.0000
0.0000
0.0000
0.0000
0.0000
0.0000
0.0000
0.0000
0.0000
39.0625
39.0625
146.4844
146.4844
278.3203
278.3203
415.0391
415.0391
468.7500
468.7500
488.2812
571.2891
571.2891
595.7031
595.7031
595.7031
595.7031
678.7109
678.7109
712.8906
712.8906
678.7109
678.7109
693.3594
693.3594
756.8359
756.8359
786.1328
786.1328
830.0781
830.0781
927.7344
927.7344
952.1484
952.1484
947.2656
947.2656
1015.6250
1015.6250
1049.8047
1049.8047
1035.1562
1035.1562
1044.9219
1044.9219
1074.2187
1074.2187
1054.6875
1054.6875
1113.2812
1113.2812
1323.2422
1323.2422
1494.1406
1494.1406
1562.5000
1562.5000
1542.9687
1542.9687
1313.4766
1313.4766
903.3203
903.3203
537.1094
537.1094
278.3203
278.3203
78.1250
78.1250
0.0000
0.0000
0.0000
0.0000
0.0000
0.0000
0.0000
0.0000
0.0000
0.0000
0.0000
0.0000
0.0000
0.0000
0.0000
0.0000
0.0000
0.0000
0.0000
0.0000
0.0000
0.0000
0.0000
0.0000
0.0000
0.0000
0.0000
0.0000
0.0000
0.0000
0.0000
0.0000
0.0000
0.0000
0.0000
0.0000
0.0000
0.0000
0.0000
0.0000
0.0000
0.0000
0.0000
0.0000
0.0000
0.0000
0.0000
0.0000
0.0000
0.0000
63.4766
63.4766
112.3047
112.3047
244.1406
244.1406
371.0937
371.0937
429.6875
429.6875
507.8125
507.8125
590.8203
590.8203
595.7031
595.7031
590.8203
590.8203
659.1797
659.1797
673.8281
673.8281
649.4141
649.4141
693.3594
693.3594
732.4219
732.4219
737.3047
737.3047
791.0156
791.0156
878.9062
878.9062
913.0859
913.0859
947.2656
947.2656
1074.2187
1074.2187
1210.9375
1210.9375
1376.9531
1376.9531
1586.9141
1586.9141
1645.5078
1645.5078
1479.4922
1479.4922
1220.7031
1220.7031
869.1406
869.1406
458.9844
458.9844
131.8359
131.8359
0.0000
0.0000
0.0000
0.0000
0.0000
0.0000
0.0000
0.0000
0.0000
0.0000
0.0000
0.0000
0.0000
0.0000
0.0000
0.0000
0.0000
0.0000
0.0000
0.0000
0.0000
0.0000
0.0000
0.0000
0.0000
0.0000
0.0000
0.0000
0.0000
0.0000
0.0000
0.0000
0.0000
0.0000
0.0000
0.0000
0.0000
0.0000
0.0000
0.0000
0.0000
0.0000
0.0000
0.0000
0.0000
0.0000
131.8359
131.8359
234.3750
234.3750
292.9687
292.9687
410.1562
410.1562
517.5781
517.5781
551.7578
551.7578
600.5859
600.5859
673.8281
673.8281
664.0625
664.0625
634.7656
634.7656
688.4766
688.4766
693.3594
693.3594
673.8281
673.8281
712.8906
712.8906
717.7734
717.7734
693.3594
693.3594
732.4219
732.4219
834.9609
834.9609
878.9062
878.9062
908.2031
908.2031
996.0937
996.0937
1020.5078
1020.5078
1025.3906
1025.3906
1118.1641
1118.1641
1250.0000
1250.0000
1391.6016
1391.6016
1577.1484
1577.1484
1689.4531
1689.4531
1577.1484
1577.1484
1274.4141
1274.4141
893.5547
893.5547
468.7500
468.7500
141.6016
141.6016
4.8828
4.8828
0.0000
0.0000
0.0000
0.0000
0.0000
0.0000
0.0000
0.0000
0.0000
0.0000
0.0000
0.0000
0.0000
0.0000
0.0000
0.0000
0.0000
0.0000
0.0000
0.0000
0.0000
0.0000
0.0000
0.0000
0.0000
0.0000
0.0000
0.0000
0.0000
0.0000
0.0000
0.0000
0.0000
0.0000
0.0000
0.0000
0.0000
0.0000
0.0000
0.0000
0.0000
0.0000
0.0000
0.0000
0.0000
0.0000
19.5312
19.5312
92.7734
92.7734
146.4844
146.4844
244.1406
244.1406
283.2031
283.2031
297.8516
297.8516
400.3906
400.3906
449.2187
449.2187
463.8672
463.8672
546.8750
546.8750
634.7656
634.7656
678.7109
678.7109
732.4219
732.4219
830.0781
830.0781
878.9062
878.9062
922.8516
922.8516
1040.0391
1040.0391
1093.7500
1093.7500
1103.5156
1103.5156
1162.1094
1162.1094
1206.0547
1206.0547
1250.0000
1250.0000
1391.6016
1391.6016
1606.4453
1606.4453
1728.5156
1728.5156
1704.1016
1704.1016
1582.0312
1582.0312
1284.1797
1284.1797
869.1406
869.1406
527.3437
527.3437
190.4297
190.4297
0.0000
0.0000
0.0000
0.0000
0.0000
0.0000
0.0000
0.0000
0.0000
0.0000
0.0000
0.0000
0.0000
0.0000
0.0000
0.0000
0.0000
0.0000
0.0000
0.0000
0.0000
0.0000
0.0000
0.0000
0.0000
0.0000
0.0000
0.0000
0.0000
0.0000
0.0000
0.0000
0.0000
0.0000
0.0000
0.0000
0.0000
0.0000
0.0000
0.0000
0.0000
0.0000
0.0000
0.0000
0.0000
0.0000
0.0000
0.0000
0.0000
0.0000
112.3047
112.3047
195.3125
195.3125
239.2578
239.2578
351.5625
351.5625
410.1562
410.1562
429.6875
429.6875
502.9297
502.9297
566.4062
566.4062
585.9375
585.9375
610.3516
610.3516
673.8281
673.8281
678.7109
678.7109
678.7109
678.7109
751.9531
751.9531
791.0156
791.0156
791.0156
791.0156
830.0781
830.0781
859.3750
859.3750
859.3750
859.3750
898.4375
898.4375
1020.5078
1020.5078
1157.2266
1157.2266
1337.8906
1337.8906
1547.8516
1547.8516
1567.3828
1567.3828
1362.3047
1362.3047
1044.9219
1044.9219
639.6484
639.6484
263.6719
263.6719
83.0078
83.0078
24.4141
24.4141
0.0000
0.0000
0.0000
0.0000
0.0000
0.0000
0.0000
0.0000
0.0000
0.0000
0.0000
0.0000
0.0000
0.0000
0.0000
0.0000
0.0000
0.0000
0.0000
0.0000
0.0000
0.0000
0.0000
0.0000
0.0000
0.0000
0.0000
0.0000
0.0000
0.0000
0.0000
0.0000
0.0000
0.0000
0.0000
0.0000
0.0000
0.0000
0.0000
0.0000
0.0000
0.0000
0.0000
0.0000
24.4141
24.4141
151.3672
151.3672
224.6094
224.6094
351.5625
351.5625
439.4531
439.4531
478.5156
478.5156
561.5234
561.5234
629.8828
629.8828
620.1172
620.1172
605.4687
605.4687
644.5312
644.5312
639.6484
639.6484
625.0000
625.0000
708.0078
708.0078
756.8359
756.8359
766.6016
766.6016
834.9609
834.9609
908.2031
908.2031
942.3828
942.3828
1005.8594
1005.8594
1127.9297
1127.9297
1181.6406
1181.6406
1191.4062
1191.4062
1284.1797
1284.1797
1367.1875
1367.1875
1464.8437
1464.8437
1586.9141
1586.9141
1591.7969
1591.7969
1357.4219
1357.4219
961.9141
961.9141
517.5781
517.5781
34.1797
34.1797
0.0000
0.0000
0.0000
0.0000
0.0000
0.0000
0.0000
0.0000
0.0000
0.0000
0.0000
0.0000
0.0000
0.0000
0.0000
0.0000
0.0000
0.0000
0.0000
0.0000
0.0000
0.0000
0.0000
0.0000
0.0000
0.0000
0.0000
0.0000
0.0000
0.0000
0.0000
0.0000
0.0000
0.0000
0.0000
0.0000
0.0000
0.0000
0.0000
0.0000
0.0000
0.0000
0.0000
0.0000
0.0000
0.0000
0.0000
0.0000
58.5937
58.5937
136.7187
136.7187
151.3672
151.3672
214.8437
214.8437
307.6172
307.6172
332.0312
332.0312
356.4453
356.4453
439.4531
439.4531
454.1016
454.1016
458.9844
458.9844
546.8750
546.8750
605.4687
605.4687
629.8828
629.8828
698.2422
698.2422
776.3672
776.3672
781.2500
781.2500
786.1328
786.1328
834.9609
834.9609
839.8437
839.8437
834.9609
834.9609
908.2031
908.2031
942.3828
942.3828
952.1484
952.1484
1079.1016
1079.1016
1274.4141
1274.4141
1435.5469
1435.5469
1523.4375
1523.4375
1474.6094
1474.6094
1176.7578
1176.7578
761.7187
761.7187
488.2812
488.2812
312.5000
312.5000
180.6641
180.6641
63.4766
63.4766
0.0000
0.0000
0.0000
0.0000
0.0000
0.0000
0.0000
0.0000
0.0000
0.0000
0.0000
0.0000
0.0000
0.0000
0.0000
0.0000
0.0000
0.0000
0.0000
0.0000
0.0000
0.0000
0.0000
0.0000
0.0000
0.0000
0.0000
0.0000
0.0000
0.0000
0.0000
0.0000
0.0000
0.0000
0.0000
0.0000
0.0000
0.0000
0.0000
0.0000
0.0000
0.0000
0.0000
0.0000
0.0000
0.0000
0.0000
0.0000
0.0000
0.0000
107.4219
107.4219
283.2031
283.2031
380.8594
380.8594
424.8047
424.8047
522.4609
522.4609
561.5234
561.5234
566.4062
566.4062
610.3516
610.3516
668.9453
668.9453
664.0625
664.0625
693.3594
693.3594
800.7812
800.7812
844.7266
844.7266
874.0234
874.0234
991.2109
991.2109
1079.1016
1079.1016
1127.9297
1127.9297
1210.9375
1210.9375
1308.5937
1308.5937
1406.2500
1406.2500
1538.0859
1538.0859
1650.3906
1650.3906
1552.7344
1552.7344
1259.7656
1259.7656
893.5547
893.5547
454.1016
454.1016
39.0625
39.0625
0.0000
0.0000
0.0000
0.0000
0.0000
0.0000
0.0000
0.0000
0.0000
0.0000
0.0000
0.0000
0.0000
0.0000
0.0000
0.0000
0.0000
0.0000
0.0000
0.0000
0.0000
0.0000
0.0000
0.0000
0.0000
0.0000
0.0000
0.0000
0.0000
0.0000
0.0000
0.0000
0.0000
0.0000
0.0000
0.0000
0.0000
0.0000
0.0000
0.0000
0.0000
0.0000
34.1797
136.7187
136.7187
253.9062
253.9062
380.8594
380.8594
434.5703
434.5703
434.5703
478.5156
478.5156
585.9375
585.9375
625.0000
625.0000
615.2344
615.2344
664.0625
664.0625
673.8281
644.5312
644.5312
673.8281
673.8281
717.7734
717.7734
717.7734
717.7734
717.7734
727.5391
727.5391
795.8984
795.8984
825.1953
825.1953
834.9609
834.9609
917.9687
917.9687
947.2656
947.2656
937.5000
937.5000
981.4453
981.4453
1005.8594
996.0937
996.0937
996.0937
1054.6875
1054.6875
1264.6484
1264.6484
1445.3125
1445.3125
1523.4375
1523.4375
1508.7891
1508.7891
1274.4141
1274.4141
878.9062
878.9062
541.9922
541.9922
297.8516
297.8516
112.3047
112.3047
0.0000
0.0000
0.0000
0.0000
0.0000
0.0000
0.0000
0.0000
0.0000
0.0000
0.0000
0.0000
0.0000
0.0000
0.0000
0.0000
0.0000
0.0000
0.0000
0.0000
0.0000
0.0000
0.0000
0.0000
0.0000
0.0000
0.0000
0.0000
0.0000
0.0000
0.0000
0.0000
0.0000
0.0000
0.0000
0.0000
0.0000
0.0000
0.0000
0.0000
0.0000
24.4141
24.4141
102.5391
102.5391
151.3672
151.3672
258.7891
258.7891
322.2656
322.2656
351.5625
351.5625
449.2187
449.2187
502.9297
502.9297
512.6953
512.6953
566.4062
566.4062
649.4141
649.4141
693.3594
693.3594
722.6562
722.6562
805.6641
805.6641
825.1953
825.1953
834.9609
834.9609
932.6172
932.6172
991.2109
991.2109
1005.8594
1005.8594
1054.6875
1054.6875
1123.0469
1123.0469
1142.5781
1142.5781
1171.8750
1171.8750
1264.6484
1264.6484
1323.2422
1323.2422
1401.3672
1401.3672
1552.7344
1552.7344
1591.7969
1591.7969
1430.6641
1430.6641
1113.2812
1113.2812
673.8281
673.8281
205.0781
205.0781
0.0000
0.0000
0.0000
0.0000
0.0000
0.0000
0.0000
0.0000
0.0000
0.0000
0.0000
0.0000
0.0000
0.0000
0.0000
0.0000
0.0000
0.0000
0.0000
0.0000
0.0000
0.0000
0.0000
0.0000
0.0000
0.0000
0.0000
0.0000
0.0000
0.0000
0.0000
0.0000
0.0000
0.0000
0.0000
0.0000
0.0000
0.0000
0.0000
0.0000
0.0000
0.0000
0.0000
0.0000
0.0000
0.0000
0.0000
0.0000
0.0000
0.0000
0.0000
0.0000
0.0000
0.0000
136.7187
136.7187
258.7891
258.7891
336.9141
336.9141
434.5703
434.5703
541.9922
541.9922
590.8203
590.8203
629.8828
629.8828
727.5391
727.5391
751.9531
751.9531
747.0703
747.0703
839.8437
839.8437
913.0859
913.0859
961.9141
961.9141
1049.8047
1049.8047
1162.1094
1162.1094
1225.5859
1225.5859
1298.8281
1298.8281
1459.9609
1459.9609
1611.3281
1611.3281
1743.1641
1743.1641
1850.5859
1850.5859
1728.5156
1728.5156
1303.7109
1303.7109
683.5937
683.5937
48.8281
48.8281
0.0000
0.0000
0.0000
0.0000
0.0000
0.0000
0.0000
0.0000
0.0000
0.0000
0.0000
0.0000
0.0000
0.0000
0.0000
0.0000
0.0000
0.0000
0.0000
0.0000
0.0000
0.0000
0.0000
0.0000
0.0000
0.0000
0.0000
0.0000
0.0000
0.0000
0.0000
0.0000
0.0000
0.0000
0.0000
0.0000
0.0000
0.0000
0.0000
0.0000
0.0000
0.0000
0.0000
0.0000
92.7734
92.7734
219.7266
219.7266
312.5000
312.5000
463.8672
463.8672
561.5234
561.5234
610.3516
610.3516
703.1250
703.1250
781.2500
781.2500
795.8984
795.8984
820.3125
820.3125
859.3750
859.3750
820.3125
820.3125
776.3672
776.3672
825.1953
825.1953
849.6094
849.6094
854.4922
854.4922
932.6172
932.6172
991.2109
991.2109
1035.1562
1035.1562
1127.9297
1127.9297
1235.3516
1235.3516
1279.2969
1279.2969
1318.3594
1318.3594
1450.1953
1450.1953
1606.4453
1606.4453
1733.3984
1733.3984
1811.5234
1811.5234
1674.8047
1674.8047
1308.5937
1308.5937
883.7891
883.7891
498.0469
498.0469
161.1328
161.1328
0.0000
0.0000
0.0000
0.0000
0.0000
0.0000
0.0000
0.0000
0.0000
0.0000
0.0000
0.0000
0.0000
0.0000
0.0000
0.0000
0.0000
0.0000
0.0000
0.0000
0.0000
0.0000
0.0000
0.0000
0.0000
0.0000
0.0000
0.0000
0.0000
0.0000
0.0000
0.0000
0.0000
0.0000
0.0000
0.0000
0.0000
0.0000
0.0000
0.0000
0.0000
0.0000
0.0000
0.0000
0.0000
0.0000
0.0000
0.0000
0.0000
0.0000
73.2422
73.2422
126.9531
126.9531
234.3750
234.3750
322.2656
322.2656
336.9141
336.9141
366.2109
366.2109
429.6875
429.6875
434.5703
434.5703
429.6875
429.6875
493.1641
493.1641
512.6953
512.6953
512.6953
512.6953
600.5859
600.5859
678.7109
678.7109
712.8906
712.8906
786.1328
786.1328
893.5547
893.5547
942.3828
942.3828
952.1484
952.1484
1015.6250
1015.6250
1035.1562
1035.1562
1083.9844
1083.9844
1264.6484
1264.6484
1445.3125
1445.3125
1503.9062
1503.9062
1420.8984
1420.8984
1171.8750
1171.8750
737.3047
737.3047
346.6797
346.6797
190.4297
190.4297
112.3047
112.3047
9.7656
9.7656
0.0000
0.0000
0.0000
0.0000
0.0000
0.0000
0.0000
0.0000
0.0000
0.0000
0.0000
0.0000
0.0000
0.0000
0.0000
0.0000
0.0000
0.0000
0.0000
0.0000
0.0000
0.0000
0.0000
0.0000
0.0000
0.0000
0.0000
0.0000
0.0000
0.0000
0.0000
0.0000
0.0000
0.0000
0.0000
0.0000
0.0000
0.0000
0.0000
0.0000
0.0000
0.0000
0.0000
0.0000
0.0000
0.0000
0.0000
0.0000
34.1797
34.1797
107.4219
107.4219
195.3125
195.3125
322.2656
322.2656
385.7422
385.7422
424.8047
424.8047
537.1094
537.1094
585.9375
585.9375
605.4687
605.4687
693.3594
693.3594
761.7187
761.7187
776.3672
776.3672
810.5469
810.5469
874.0234
874.0234
893.5547
893.5547
917.9687
917.9687
1020.5078
1020.5078
1059.5703
1059.5703
1049.8047
1049.8047
1142.5781
1142.5781
1279.2969
1279.2969
1459.9609
1459.9609
1655.2734
1655.2734
1748.0469
1748.0469
1606.4453
1606.4453
1293.9453
1293.9453
952.1484
952.1484
551.7578
551.7578
175.7812
175.7812
0.0000
0.0000
0.0000
0.0000
0.0000
0.0000
0.0000
0.0000
0.0000
0.0000
0.0000
0.0000
0.0000
0.0000
0.0000
0.0000
0.0000
0.0000
0.0000
0.0000
0.0000
0.0000
0.0000
0.0000
0.0000
0.0000
0.0000
0.0000
0.0000
0.0000
0.0000
0.0000
0.0000
0.0000
0.0000
0.0000
0.0000
0.0000
0.0000
0.0000
0.0000
0.0000
0.0000
0.0000
0.0000
0.0000
0.0000
0.0000
87.8906
87.8906
166.0156
166.0156
268.5547
268.5547
410.1562
410.1562
478.5156
478.5156
517.5781
517.5781
615.2344
615.2344
654.2969
654.2969
659.1797
659.1797
712.8906
712.8906
737.3047
737.3047
708.0078
708.0078
703.1250
703.1250
732.4219
732.4219
712.8906
712.8906
703.1250
703.1250
761.7187
761.7187
781.2500
781.2500
781.2500
781.2500
849.6094
849.6094
883.7891
883.7891
888.6719
888.6719
991.2109
991.2109
1196.2891
1196.2891
1376.9531
1376.9531
1494.1406
1494.1406
1518.5547
1518.5547
1293.9453
1293.9453
878.9062
878.9062
527.3437
527.3437
278.3203
278.3203
151.3672
151.3672
151.3672
151.3672
87.8906
87.8906
0.0000
0.0000
0.0000
0.0000
0.0000
0.0000
0.0000
0.0000
0.0000
0.0000
0.0000
0.0000
0.0000
0.0000
0.0000
0.0000
0.0000
0.0000
0.0000
0.0000
0.0000
0.0000
0.0000
0.0000
0.0000
0.0000
0.0000
0.0000
0.0000
0.0000
0.0000
0.0000
0.0000
0.0000
0.0000
0.0000
0.0000
0.0000
0.0000
0.0000
0.0000
0.0000
24.4141
24.4141
170.8984
170.8984
224.6094
224.6094
229.4922
229.4922
312.5000
312.5000
346.6797
346.6797
346.6797
346.6797
410.1562
410.1562
444.3359
444.3359
415.0391
415.0391
410.1562
410.1562
473.6328
473.6328
512.6953
512.6953
561.5234
561.5234
688.4766
688.4766
756.8359
756.8359
795.8984
795.8984
893.5547
893.5547
971.6797
971.6797
986.3281
986.3281
1015.6250
1015.6250
1074.2187
1074.2187
1127.9297
1127.9297
1235.3516
1235.3516
1411.1328
1411.1328
1425.7812
1425.7812
1240.2344
1240.2344
971.6797
971.6797
581.0547
581.0547
175.7812
175.7812
0.0000
0.0000
0.0000
0.0000
0.0000
0.0000
0.0000
0.0000
0.0000
0.0000
0.0000
0.0000
0.0000
0.0000
0.0000
0.0000
0.0000
0.0000
0.0000
0.0000
0.0000
0.0000
0.0000
0.0000
0.0000
0.0000
0.0000
0.0000
0.0000
0.0000
0.0000
0.0000
0.0000
0.0000
0.0000
0.0000
0.0000
0.0000
0.0000
0.0000
0.0000
0.0000
4.8828
4.8828
92.7734
92.7734
166.0156
166.0156
283.2031
283.2031
341.7969
341.7969
366.2109
366.2109
454.1016
454.1016
488.2812
488.2812
488.2812
488.2812
561.5234
561.5234
644.5312
644.5312
683.5937
683.5937
737.3047
737.3047
810.5469
810.5469
815.4297
815.4297
800.7812
800.7812
874.0234
874.0234
893.5547
893.5547
874.0234
874.0234
893.5547
893.5547
903.3203
903.3203
859.3750
859.3750
859.3750
859.3750
903.3203
903.3203
893.5547
893.5547
908.2031
908.2031
1064.4531
1064.4531
1259.7656
1259.7656
1435.5469
1435.5469
1572.2656
1572.2656
1533.2031
1533.2031
1264.6484
1264.6484
898.4375
898.4375
551.7578
551.7578
244.1406
244.1406
68.3594
68.3594
39.0625
39.0625
0.0000
0.0000
0.0000
0.0000
0.0000
0.0000
0.0000
0.0000
0.0000
0.0000
0.0000
0.0000
0.0000
0.0000
0.0000
0.0000
0.0000
0.0000
0.0000
0.0000
0.0000
0.0000
0.0000
0.0000
0.0000
0.0000
0.0000
0.0000
0.0000
0.0000
0.0000
0.0000
0.0000
0.0000
0.0000
0.0000
0.0000
0.0000
0.0000
0.0000
0.0000
0.0000
0.0000
0.0000
0.0000
0.0000
0.0000
0.0000
39.0625
39.0625
117.1875
117.1875
219.7266
219.7266
268.5547
268.5547
317.3828
317.3828
410.1562
429.6875
429.6875
405.2734
405.2734
405.2734
458.9844
493.1641
493.1641
517.5781
517.5781
605.4687
605.4687
698.2422
698.2422
742.1875
742.1875
805.6641
805.6641
922.8516
922.8516
1005.8594
1005.8594
1064.4531
1064.4531
1171.8750
1171.8750
1235.3516
1235.3516
1308.5937
1308.5937
1474.6094
1474.6094
1606.4453
1606.4453
1567.3828
1567.3828
1367.1875
1367.1875
1030.2734
1030.2734
561.5234
561.5234
126.9531
126.9531
0.0000
0.0000
0.0000
0.0000
0.0000
0.0000
0.0000
0.0000
0.0000
0.0000
0.0000
0.0000
0.0000
0.0000
0.0000
0.0000
0.0000
0.0000
0.0000
0.0000
0.0000
0.0000
0.0000
0.0000
0.0000
0.0000
0.0000
0.0000
0.0000
0.0000
0.0000
0.0000
0.0000
0.0000
0.0000
0.0000
0.0000
0.0000
0.0000
0.0000
0.0000
0.0000
0.0000
0.0000
0.0000
0.0000
0.0000
0.0000
0.0000
0.0000
0.0000
0.0000
43.9453
43.9453
136.7187
136.7187
166.0156
166.0156
195.3125
195.3125
292.9687
292.9687
327.1484
327.1484
322.2656
322.2656
390.6250
390.6250
419.9219
419.9219
429.6875
429.6875
522.4609
522.4609
629.8828
629.8828
683.5937
683.5937
732.4219
732.4219
834.9609
834.9609
888.6719
888.6719
922.8516
922.8516
1040.0391
1040.0391
1088.8672
1088.8672
1079.1016
1079.1016
1147.4609
1147.4609
1284.1797
1284.1797
1440.4297
1440.4297
1567.3828
1567.3828
1596.6797
1596.6797
1362.3047
1362.3047
917.9687
917.9687
551.7578
551.7578
234.3750
234.3750
34.1797
34.1797
0.0000
0.0000
0.0000
0.0000
0.0000
0.0000
0.0000
0.0000
0.0000
0.0000
0.0000
0.0000
0.0000
0.0000
0.0000
0.0000
0.0000
0.0000
0.0000
0.0000
0.0000
0.0000
0.0000
0.0000
0.0000
0.0000
0.0000
0.0000
0.0000
0.0000
0.0000
0.0000
0.0000
0.0000
0.0000
0.0000
0.0000
0.0000
0.0000
0.0000
0.0000
0.0000
0.0000
0.0000
0.0000
0.0000
0.0000
0.0000
29.2969
29.2969
78.1250
78.1250
141.6016
141.6016
273.4375
273.4375
361.3281
361.3281
419.9219
419.9219
537.1094
537.1094
605.4687
605.4687
620.1172
620.1172
688.4766
688.4766
766.6016
766.6016
795.8984
795.8984
830.0781
830.0781
917.9687
917.9687
942.3828
942.3828
942.3828
942.3828
1020.5078
1020.5078
1074.2187
1074.2187
1079.1016
1079.1016
1132.8125
1132.8125
1215.8203
1215.8203
1308.5937
1308.5937
1459.9609
1459.9609
1621.0937
1621.0937
1582.0312
1582.0312
1328.1250
1328.1250
961.9141
961.9141
468.7500
468.7500
0.0000
0.0000
0.0000
0.0000
0.0000
0.0000
0.0000
0.0000
0.0000
0.0000
0.0000
0.0000
0.0000
0.0000
0.0000
0.0000
0.0000
0.0000
0.0000
0.0000
0.0000
0.0000
0.0000
0.0000
0.0000
0.0000
0.0000
0.0000
0.0000
0.0000
0.0000
0.0000
0.0000
0.0000
0.0000
0.0000
0.0000
0.0000
0.0000
0.0000
0.0000
0.0000
0.0000
0.0000
0.0000
0.0000
0.0000
0.0000
48.8281
48.8281
175.7812
175.7812
234.3750
234.3750
292.9687
292.9687
434.5703
434.5703
498.0469
498.0469
517.5781
517.5781
585.9375
585.9375
600.5859
600.5859
566.4062
566.4062
576.1719
576.1719
600.5859
600.5859
581.0547
581.0547
576.1719
576.1719
634.7656
634.7656
644.5312
644.5312
629.8828
629.8828
698.2422
698.2422
742.1875
742.1875
766.6016
766.6016
839.8437
839.8437
917.9687
917.9687
947.2656
947.2656
1059.5703
1059.5703
1308.5937
1308.5937
1518.5547
1518.5547
1601.5625
1601.5625
1562.5000
1562.5000
1274.4141
1274.4141
781.2500
781.2500
341.7969
341.7969
34.1797
34.1797
0.0000
0.0000
0.0000
0.0000
0.0000
0.0000
0.0000
0.0000
0.0000
0.0000
0.0000
0.0000
0.0000
0.0000
0.0000
0.0000
0.0000
0.0000
0.0000
0.0000
0.0000
0.0000
0.0000
0.0000
0.0000
0.0000
0.0000
0.0000
0.0000
0.0000
0.0000
0.0000
0.0000
0.0000
0.0000
0.0000
0.0000
0.0000
0.0000
0.0000
0.0000
0.0000
0.0000
0.0000
0.0000
0.0000
0.0000
0.0000
0.0000
0.0000
107.4219
107.4219
190.4297
190.4297
234.3750
234.3750
341.7969
341.7969
400.3906
400.3906
395.5078
395.5078
410.1562
410.1562
463.8672
463.8672
468.7500
468.7500
483.3984
483.3984
595.7031
595.7031
654.2969
654.2969
698.2422
698.2422
815.4297
815.4297
903.3203
903.3203
942.3828
942.3828
1025.3906
1025.3906
1113.2812
1113.2812
1123.0469
1123.0469
1123.0469
1123.0469
1206.0547
1206.0547
1298.8281
1298.8281
1420.8984
1420.8984
1552.7344
1552.7344
1508.7891
1508.7891
1250.0000
1250.0000
913.0859
913.0859
537.1094
537.1094
161.1328
161.1328
0.0000
0.0000
0.0000
0.0000
0.0000
0.0000
0.0000
0.0000
0.0000
0.0000
0.0000
0.0000
0.0000
0.0000
0.0000
0.0000
0.0000
0.0000
0.0000
0.0000
0.0000
0.0000
0.0000
0.0000
0.0000
0.0000
0.0000
0.0000
0.0000
0.0000
0.0000
0.0000
0.0000
0.0000
0.0000
0.0000
0.0000
0.0000
0.0000
0.0000
0.0000
0.0000
0.0000
0.0000
0.0000
0.0000
0.0000
0.0000
34.1797
34.1797
87.8906
87.8906
97.6562
97.6562
190.4297
190.4297
268.5547
268.5547
288.0859
288.0859
332.0312
332.0312
405.2734
405.2734
429.6875
429.6875
449.2187
449.2187
537.1094
537.1094
576.1719
576.1719
581.0547
581.0547
659.1797
659.1797
698.2422
698.2422
683.5937
683.5937
708.0078
708.0078
761.7187
761.7187
771.4844
771.4844
786.1328
786.1328
864.2578
864.2578
869.1406
869.1406
898.4375
898.4375
1098.6328
1098.6328
1323.2422
1323.2422
1503.9062
1503.9062
1606.4453
1606.4453
1523.4375
1523.4375
1196.2891
1196.2891
805.6641
805.6641
537.1094
537.1094
332.0312
332.0312
195.3125
195.3125
102.5391
102.5391
0.0000
0.0000
0.0000
0.0000
0.0000
0.0000
0.0000
0.0000
0.0000
0.0000
0.0000
0.0000
0.0000
0.0000
0.0000
0.0000
0.0000
0.0000
0.0000
0.0000
0.0000
0.0000
0.0000
0.0000
0.0000
0.0000
0.0000
0.0000
0.0000
0.0000
0.0000
0.0000
0.0000
0.0000
0.0000
0.0000
0.0000
0.0000
0.0000
0.0000
0.0000
0.0000
0.0000
0.0000
0.0000
0.0000
0.0000
0.0000
53.7109
53.7109
195.3125
195.3125
336.9141
336.9141
390.6250
390.6250
444.3359
444.3359
566.4062
566.4062
615.2344
615.2344
615.2344
615.2344
683.5937
683.5937
722.6562
722.6562
722.6562
722.6562
791.0156
791.0156
883.7891
883.7891
932.6172
932.6172
996.0937
996.0937
1113.2812
1113.2812
1162.1094
1162.1094
1186.5234
1186.5234
1284.1797
1284.1797
1347.6562
1347.6562
1420.8984
1420.8984
1591.7969
1591.7969
1728.5156
1728.5156
1665.0391
1665.0391
1435.5469
1435.5469
1088.8672
1088.8672
639.6484
639.6484
234.3750
234.3750
0.0000
0.0000
0.0000
0.0000
0.0000
0.0000
0.0000
0.0000
0.0000
0.0000
0.0000
0.0000
0.0000
0.0000
0.0000
0.0000
0.0000
0.0000
0.0000
0.0000
0.0000
0.0000
0.0000
0.0000
0.0000
0.0000
0.0000
0.0000
0.0000
0.0000
0.0000
0.0000
0.0000
0.0000
0.0000
0.0000
0.0000
0.0000
0.0000
0.0000
0.0000
0.0000
0.0000
0.0000
0.0000
0.0000
0.0000
0.0000
102.5391
102.5391
195.3125
195.3125
312.5000
312.5000
439.4531
439.4531
478.5156
478.5156
498.0469
498.0469
576.1719
576.1719
576.1719
576.1719
561.5234
561.5234
629.8828
629.8828
644.5312
644.5312
634.7656
634.7656
678.7109
678.7109
756.8359
756.8359
781.2500
781.2500
810.5469
810.5469
917.9687
917.9687
957.0312
957.0312
971.6797
971.6797
1059.5703
1059.5703
1093.7500
1093.7500
1079.1016
1079.1016
1118.1641
1118.1641
1215.8203
1215.8203
1323.2422
1323.2422
1464.8437
1464.8437
1577.1484
1577.1484
1450.1953
1450.1953
1127.9297
1127.9297
781.2500
781.2500
434.5703
434.5703
200.1953
200.1953
170.8984
170.8984
161.1328
161.1328
0.0000
0.0000
0.0000
0.0000
0.0000
0.0000
0.0000
0.0000
0.0000
0.0000
0.0000
0.0000
0.0000
0.0000
0.0000
0.0000
0.0000
0.0000
0.0000
0.0000
0.0000
0.0000
0.0000
0.0000
0.0000
0.0000
0.0000
0.0000
0.0000
0.0000
0.0000
0.0000
0.0000
0.0000
0.0000
0.0000
0.0000
0.0000
0.0000
0.0000
0.0000
0.0000
0.0000
0.0000
0.0000
0.0000
0.0000
0.0000
0.0000
0.0000
58.5937
58.5937
122.0703
122.0703
161.1328
161.1328
288.0859
288.0859
400.3906
400.3906
439.4531
439.4531
512.6953
512.6953
600.5859
600.5859
634.7656
634.7656
659.1797
659.1797
751.9531
751.9531
786.1328
786.1328
781.2500
781.2500
874.0234
874.0234
932.6172
947.2656
947.2656
1020.5078
1020.5078
1113.2812
1113.2812
1147.4609
1147.4609
1147.4609
1191.4062
1191.4062
1357.4219
1357.4219
1494.1406
1494.1406
1562.5000
1562.5000
1562.5000
1342.7734
1342.7734
913.0859
913.0859
493.1641
493.1641
166.0156
166.0156
0.0000
0.0000
0.0000
0.0000
0.0000
0.0000
0.0000
0.0000
0.0000
0.0000
0.0000
0.0000
0.0000
0.0000
0.0000
0.0000
0.0000
0.0000
0.0000
0.0000
0.0000
0.0000
0.0000
0.0000
0.0000
0.0000
0.0000
0.0000
0.0000
0.0000
0.0000
0.0000
0.0000
0.0000
0.0000
0.0000
0.0000
0.0000
0.0000
0.0000
0.0000
0.0000
0.0000
0.0000
0.0000
0.0000
0.0000
0.0000
0.0000
0.0000
68.3594
68.3594
170.8984
170.8984
229.4922
229.4922
351.5625
351.5625
468.7500
468.7500
527.3437
527.3437
590.8203
590.8203
659.1797
659.1797
659.1797
659.1797
654.2969
654.2969
732.4219
732.4219
766.6016
766.6016
761.7187
761.7187
834.9609
834.9609
883.7891
883.7891
898.4375
898.4375
961.9141
961.9141
1059.5703
1059.5703
1113.2812
1113.2812
1147.4609
1147.4609
1250.0000
1250.0000
1313.4766
1313.4766
1396.4844
1396.4844
1586.9141
1586.9141
1708.9844
1708.9844
1660.1562
1660.1562
1450.1953
1450.1953
1069.3359
1069.3359
595.7031
595.7031
234.3750
234.3750
63.4766
63.4766
0.0000
0.0000
0.0000
0.0000
0.0000
0.0000
0.0000
0.0000
0.0000
0.0000
0.0000
0.0000
0.0000
0.0000
0.0000
0.0000
0.0000
0.0000
0.0000
0.0000
0.0000
0.0000
0.0000
0.0000
0.0000
0.0000
0.0000
0.0000
0.0000
0.0000
0.0000
0.0000
0.0000
0.0000
0.0000
0.0000
0.0000
0.0000
0.0000
0.0000
0.0000
0.0000
0.0000
0.0000
0.0000
0.0000
83.0078
83.0078
180.6641
180.6641
317.3828
317.3828
439.4531
439.4531
502.9297
502.9297
585.9375
585.9375
698.2422
698.2422
737.3047
737.3047
742.1875
742.1875
825.1953
825.1953
864.2578
864.2578
903.3203
903.3203
1025.3906
1025.3906
1123.0469
1123.0469
1166.9922
1166.9922
1230.4687
1230.4687
1333.0078
1333.0078
1381.8359
1381.8359
1420.8984
1420.8984
1499.0234
1499.0234
1518.5547
1518.5547
1547.8516
1547.8516
1679.6875
1679.6875
1752.9297
1752.9297
1650.3906
1650.3906
1386.7187
1386.7187
947.2656
947.2656
410.1562
410.1562
0.0000
0.0000
0.0000
0.0000
0.0000
0.0000
0.0000
0.0000
0.0000
0.0000
0.0000
0.0000
0.0000
0.0000
0.0000
0.0000
0.0000
0.0000
0.0000
0.0000
0.0000
0.0000
0.0000
0.0000
0.0000
0.0000
0.0000
0.0000
0.0000
0.0000
0.0000
0.0000
0.0000
0.0000
0.0000
0.0000
0.0000
0.0000
0.0000
0.0000
0.0000
0.0000
0.0000
0.0000
0.0000
0.0000
0.0000
0.0000
34.1797
34.1797
122.0703
122.0703
151.3672
151.3672
229.4922
229.4922
307.6172
307.6172
336.9141
336.9141
400.3906
400.3906
507.8125
507.8125
546.8750
546.8750
556.6406
556.6406
649.4141
649.4141
703.1250
703.1250
722.6562
722.6562
815.4297
815.4297
878.9062
878.9062
878.9062
878.9062
898.4375
898.4375
947.2656
947.2656
947.2656
947.2656
942.3828
942.3828
1010.7422
1010.7422
1020.5078
1020.5078
1000.9766
1000.9766
1079.1016
1079.1016
1220.7031
1220.7031
1401.3672
1401.3672
1621.0937
1621.0937
1752.9297
1752.9297
1645.5078
1645.5078
1333.0078
1333.0078
937.5000
937.5000
488.2812
488.2812
136.7187
136.7187
0.0000
0.0000
0.0000
0.0000
0.0000
0.0000
0.0000
0.0000
0.0000
0.0000
0.0000
0.0000
0.0000
0.0000
0.0000
0.0000
0.0000
0.0000
0.0000
0.0000
0.0000
0.0000
0.0000
0.0000
0.0000
0.0000
0.0000
0.0000
0.0000
0.0000
0.0000
0.0000
0.0000
0.0000
0.0000
0.0000
0.0000
0.0000
0.0000
0.0000
0.0000
0.0000
0.0000
0.0000
0.0000
0.0000
0.0000
0.0000
0.0000
0.0000
0.0000
0.0000
29.2969
29.2969
209.9609
209.9609
302.7344
302.7344
366.2109
366.2109
483.3984
483.3984
517.5781
517.5781
493.1641
493.1641
522.4609
522.4609
546.8750
546.8750
532.2266
532.2266
561.5234
561.5234
654.2969
654.2969
683.5937
683.5937
703.1250
703.1250
830.0781
830.0781
908.2031
908.2031
957.0312
957.0312
1069.3359
1069.3359
1142.5781
1142.5781
1152.3437
1152.3437
1240.2344
1240.2344
1406.2500
1406.2500
1518.5547
1518.5547
1523.4375
1523.4375
1435.5469
1435.5469
1113.2812
1113.2812
639.6484
639.6484
244.1406
244.1406
0.0000
0.0000
0.0000
0.0000
0.0000
0.0000
0.0000
0.0000
0.0000
0.0000
0.0000
0.0000
0.0000
0.0000
0.0000
0.0000
0.0000
0.0000
0.0000
0.0000
0.0000
0.0000
0.0000
0.0000
0.0000
0.0000
0.0000
0.0000
0.0000
0.0000
0.0000
0.0000
0.0000
0.0000
0.0000
0.0000
0.0000
0.0000
0.0000
0.0000
0.0000
0.0000
0.0000
0.0000
0.0000
0.0000
19.5312
19.5312
78.1250
78.1250
151.3672
151.3672
278.3203
278.3203
336.9141
336.9141
346.6797
346.6797
429.6875
429.6875
458.9844
458.9844
424.8047
424.8047
463.8672
463.8672
498.0469
498.0469
483.3984
483.3984
502.9297
502.9297
590.8203
590.8203
615.2344
615.2344
629.8828
629.8828
732.4219
732.4219
795.8984
795.8984
834.9609
834.9609
932.6172
932.6172
1005.8594
1005.8594
996.0937
996.0937
1015.6250
1015.6250
1103.5156
1103.5156
1186.5234
1186.5234
1342.7734
1342.7734
1586.9141
1586.9141
1704.1016
1704.1016
1645.5078
1645.5078
1484.3750
1484.3750
1152.3437
1152.3437
683.5937
683.5937
322.2656
322.2656
102.5391
102.5391
0.0000
0.0000
0.0000
0.0000
0.0000
0.0000
0.0000
0.0000
0.0000
0.0000
0.0000
0.0000
0.0000
0.0000
0.0000
0.0000
0.0000
0.0000
0.0000
0.0000
0.0000
0.0000
0.0000
0.0000
0.0000
0.0000
0.0000
0.0000
0.0000
0.0000
0.0000
0.0000
0.0000
0.0000
0.0000
0.0000
0.0000
0.0000
0.0000
0.0000
0.0000
0.0000
0.0000
0.0000
0.0000
0.0000
0.0000
0.0000
0.0000
0.0000
131.8359
131.8359
209.9609
209.9609
249.0234
249.0234
351.5625
351.5625
463.8672
463.8672
517.5781
517.5781
556.6406
556.6406
649.4141
649.4141
664.0625
664.0625
654.2969
654.2969
717.7734
717.7734
742.1875
742.1875
732.4219
732.4219
791.0156
791.0156
854.4922
854.4922
893.5547
893.5547
947.2656
947.2656
1040.0391
1040.0391
1079.1016
1079.1016
1113.2812
1113.2812
1274.4141
1274.4141
1440.4297
1440.4297
1596.6797
1596.6797
1713.8672
1713.8672
1650.3906
1650.3906
1347.6562
1347.6562
942.3828
942.3828
517.5781
517.5781
73.2422
73.2422
0.0000
0.0000
0.0000
0.0000
0.0000
0.0000
0.0000
0.0000
0.0000
0.0000
0.0000
0.0000
0.0000
0.0000
0.0000
0.0000
0.0000
0.0000
0.0000
0.0000
0.0000
0.0000
0.0000
0.0000
0.0000
0.0000
0.0000
0.0000
0.0000
0.0000
0.0000
0.0000
0.0000
0.0000
0.0000
0.0000
0.0000
0.0000
0.0000
0.0000
0.0000
0.0000
0.0000
0.0000
0.0000
0.0000
0.0000
0.0000
141.6016
141.6016
268.5547
268.5547
341.7969
341.7969
434.5703
434.5703
502.9297
502.9297
502.9297
502.9297
527.3437
527.3437
600.5859
600.5859
615.2344
615.2344
585.9375
585.9375
629.8828
629.8828
629.8828
629.8828
610.3516
610.3516
673.8281
673.8281
737.3047
737.3047
771.4844
771.4844
830.0781
830.0781
922.8516
922.8516
976.5625
976.5625
1015.6250
1015.6250
1123.0469
1123.0469
1196.2891
1196.2891
1284.1797
1284.1797
1484.3750
1484.3750
1655.2734
1655.2734
1679.6875
1679.6875
1562.5000
1562.5000
1293.9453
1293.9453
844.7266
844.7266
424.8047
424.8047
195.3125
195.3125
4.8828
4.8828
0.0000
0.0000
0.0000
0.0000
0.0000
0.0000
0.0000
0.0000
0.0000
0.0000
0.0000
0.0000
0.0000
0.0000
0.0000
0.0000
0.0000
0.0000
0.0000
0.0000
0.0000
0.0000
0.0000
0.0000
0.0000
0.0000
0.0000
0.0000
0.0000
0.0000
0.0000
0.0000
0.0000
0.0000
0.0000
0.0000
0.0000
0.0000
0.0000
0.0000
0.0000
0.0000
0.0000
0.0000
0.0000
0.0000
87.8906
87.8906
209.9609
209.9609
322.2656
322.2656
371.0937
371.0937
419.9219
419.9219
532.2266
532.2266
585.9375
585.9375
600.5859
600.5859
673.8281
673.8281
698.2422
698.2422
698.2422
698.2422
771.4844
771.4844
849.6094
849.6094
878.9062
878.9062
927.7344
927.7344
1030.2734
1030.2734
1064.4531
1064.4531
1088.8672
1088.8672
1181.6406
1181.6406
1215.8203
1215.8203
1215.8203
1215.8203
1323.2422
1323.2422
1474.6094
1474.6094
1538.0859
1538.0859
1479.4922
1479.4922
1284.1797
1284.1797
883.7891
883.7891
468.7500
468.7500
229.4922
229.4922
29.2969
29.2969
0.0000
0.0000
0.0000
0.0000
0.0000
0.0000
0.0000
0.0000
0.0000
0.0000
0.0000
0.0000
0.0000
0.0000
0.0000
0.0000
0.0000
0.0000
0.0000
0.0000
0.0000
0.0000
0.0000
0.0000
0.0000
0.0000
0.0000
0.0000
0.0000
0.0000
0.0000
0.0000
0.0000
0.0000
0.0000
0.0000
0.0000
0.0000
0.0000
0.0000
0.0000
0.0000
0.0000
0.0000
0.0000
0.0000
0.0000
0.0000
19.5312
19.5312
126.9531
126.9531
166.0156
166.0156
195.3125
283.2031
283.2031
327.1484
327.1484
361.3281
361.3281
478.5156
478.5156
478.5156
546.8750
546.8750
556.6406
556.6406
620.1172
620.1172
678.7109
678.7109
698.2422
722.6562
722.6562
795.8984
795.8984
810.5469
810.5469
795.8984
795.8984
869.1406
869.1406
869.1406
893.5547
893.5547
888.6719
888.6719
952.1484
952.1484
1030.2734
1093.7500
1093.7500
1250.0000
1250.0000
1474.6094
1474.6094
1557.6172
1557.6172
1459.9609
1459.9609
1459.9609
1230.4687
795.8984
795.8984
341.7969
341.7969
92.7734
92.7734
0.0000
0.0000
0.0000
0.0000
0.0000
0.0000
0.0000
0.0000
0.0000
0.0000
0.0000
0.0000
0.0000
0.0000
0.0000
0.0000
0.0000
0.0000
0.0000
0.0000
0.0000
0.0000
0.0000
0.0000
0.0000
0.0000
0.0000
0.0000
0.0000
0.0000
0.0000
0.0000
0.0000
0.0000
0.0000
0.0000
0.0000
0.0000
0.0000
0.0000
0.0000
0.0000
0.0000
0.0000
0.0000
0.0000
0.0000
0.0000
0.0000
0.0000
97.6562
97.6562
273.4375
273.4375
380.8594
380.8594
444.3359
444.3359
566.4062
566.4062
644.5312
644.5312
639.6484
639.6484
654.2969
654.2969
664.0625
664.0625
625.0000
625.0000
625.0000
625.0000
708.0078
708.0078
737.3047
737.3047
737.3047
737.3047
834.9609
834.9609
908.2031
908.2031
957.0312
957.0312
1074.2187
1074.2187
1201.1719
1201.1719
1264.6484
1264.6484
1342.7734
1342.7734
1459.9609
1459.9609
1552.7344
1552.7344
1674.8047
1674.8047
1831.0547
1831.0547
1821.2891
1821.2891
1586.9141
1586.9141
1215.8203
1215.8203
712.8906
712.8906
161.1328
161.1328
0.0000
0.0000
0.0000
0.0000
0.0000
0.0000
0.0000
0.0000
0.0000
0.0000
0.0000
0.0000
0.0000
0.0000
0.0000
0.0000
0.0000
0.0000
0.0000
0.0000
0.0000
0.0000
0.0000
0.0000
0.0000
0.0000
0.0000
0.0000
0.0000
0.0000
0.0000
0.0000
0.0000
0.0000
0.0000
0.0000
0.0000
0.0000
0.0000
0.0000
0.0000
0.0000
0.0000
0.0000
0.0000
0.0000
0.0000
0.0000
0.0000
0.0000
102.5391
102.5391
156.2500
156.2500
263.6719
263.6719
332.0312
332.0312
356.4453
356.4453
415.0391
415.0391
478.5156
478.5156
463.8672
463.8672
449.2187
449.2187
498.0469
498.0469
507.8125
507.8125
532.2266
532.2266
654.2969
654.2969
727.5391
727.5391
756.8359
756.8359
834.9609
834.9609
917.9687
917.9687
952.1484
952.1484
991.2109
991.2109
1064.4531
1064.4531
1074.2187
1074.2187
1079.1016
1079.1016
1215.8203
1215.8203
1372.0703
1372.0703
1503.9062
1503.9062
1591.7969
1591.7969
1503.9062
1503.9062
1196.2891
1196.2891
820.3125
820.3125
512.6953
512.6953
288.0859
288.0859
156.2500
156.2500
78.1250
78.1250
0.0000
0.0000
0.0000
0.0000
0.0000
0.0000
0.0000
0.0000
0.0000
0.0000
0.0000
0.0000
0.0000
0.0000
0.0000
0.0000
0.0000
0.0000
0.0000
0.0000
0.0000
0.0000
0.0000
0.0000
0.0000
0.0000
0.0000
0.0000
0.0000
0.0000
0.0000
0.0000
0.0000
0.0000
0.0000
0.0000
0.0000
0.0000
0.0000
0.0000
0.0000
0.0000
0.0000
0.0000
39.0625
39.0625
136.7187
136.7187
200.1953
200.1953
312.5000
312.5000
434.5703
434.5703
502.9297
502.9297
576.1719
576.1719
693.3594
693.3594
737.3047
737.3047
766.6016
766.6016
854.4922
854.4922
888.6719
888.6719
864.2578
864.2578
898.4375
898.4375
942.3828
942.3828
952.1484
952.1484
986.3281
986.3281
1059.5703
1059.5703
1069.3359
1069.3359
1074.2187
1074.2187
1162.1094
1162.1094
1235.3516
1235.3516
1303.7109
1303.7109
1469.7266
1469.7266
1655.2734
1655.2734
1733.3984
1733.3984
1665.0391
1665.0391
1425.7812
1425.7812
932.6172
932.6172
322.2656
322.2656
0.0000
0.0000
0.0000
0.0000
0.0000
0.0000
0.0000
0.0000
0.0000
0.0000
0.0000
0.0000
0.0000
0.0000
0.0000
0.0000
0.0000
0.0000
0.0000
0.0000
0.0000
0.0000
0.0000
0.0000
0.0000
0.0000
0.0000
0.0000
0.0000
0.0000
0.0000
0.0000
0.0000
0.0000
0.0000
0.0000
0.0000
0.0000
0.0000
0.0000
0.0000
0.0000
0.0000
0.0000
0.0000
0.0000
0.0000
0.0000
9.7656
9.7656
146.4844
146.4844
307.6172
307.6172
444.3359
444.3359
498.0469
498.0469
541.9922
541.9922
639.6484
639.6484
654.2969
654.2969
620.1172
620.1172
659.1797
659.1797
654.2969
654.2969
605.4687
605.4687
629.8828
629.8828
664.0625
664.0625
659.1797
659.1797
693.3594
693.3594
791.0156
791.0156
854.4922
854.4922
898.4375
898.4375
996.0937
996.0937
1044.9219
1044.9219
1054.6875
1054.6875
1142.5781
1142.5781
1235.3516
1235.3516
1323.2422
1323.2422
1494.1406
1494.1406
1708.9844
1708.9844
1777.3437
1777.3437
1689.4531
1689.4531
1494.1406
1494.1406
1088.8672
1088.8672
576.1719
576.1719
209.9609
209.9609
0.0000
0.0000
0.0000
0.0000
0.0000
0.0000
0.0000
0.0000
0.0000
0.0000
0.0000
0.0000
0.0000
0.0000
0.0000
0.0000
0.0000
0.0000
0.0000
0.0000
0.0000
0.0000
0.0000
0.0000
0.0000
0.0000
0.0000
0.0000
0.0000
0.0000
0.0000
0.0000
0.0000
0.0000
0.0000
0.0000
0.0000
0.0000
0.0000
0.0000
0.0000
0.0000
0.0000
0.0000
0.0000
0.0000
0.0000
0.0000
4.8828
4.8828
53.7109
53.7109
156.2500
156.2500
185.5469
185.5469
180.6641
180.6641
273.4375
273.4375
327.1484
327.1484
341.7969
341.7969
395.5078
395.5078
454.1016
454.1016
449.2187
449.2187
468.7500
468.7500
566.4062
566.4062
600.5859
600.5859
620.1172
620.1172
722.6562
722.6562
761.7187
761.7187
756.8359
756.8359
810.5469
810.5469
874.0234
874.0234
883.7891
883.7891
937.5000
937.5000
1079.1016
1079.1016
1220.7031
1220.7031
1367.1875
1367.1875
1513.6719
1513.6719
1459.9609
1459.9609
1186.5234
1186.5234
874.0234
874.0234
507.8125
507.8125
112.3047
112.3047
0.0000
0.0000
0.0000
0.0000
0.0000
0.0000
0.0000
0.0000
0.0000
0.0000
0.0000
0.0000
0.0000
0.0000
0.0000
0.0000
0.0000
0.0000
0.0000
0.0000
0.0000
0.0000
0.0000
0.0000
0.0000
0.0000
0.0000
0.0000
0.0000
0.0000
0.0000
0.0000
0.0000
0.0000
0.0000
0.0000
0.0000
0.0000
0.0000
0.0000
0.0000
0.0000
0.0000
0.0000
0.0000
0.0000
0.0000
0.0000
0.0000
0.0000
19.5312
19.5312
78.1250
78.1250
224.6094
224.6094
341.7969
341.7969
410.1562
410.1562
522.4609
522.4609
605.4687
605.4687
634.7656
634.7656
664.0625
664.0625
727.5391
727.5391
727.5391
727.5391
712.8906
712.8906
776.3672
776.3672
795.8984
795.8984
791.0156
791.0156
849.6094
849.6094
898.4375
898.4375
917.9687
917.9687
952.1484
952.1484
1020.5078
1020.5078
1040.0391
1040.0391
1044.9219
1044.9219
1157.2266
1157.2266
1293.9453
1293.9453
1459.9609
1459.9609
1660.1562
1660.1562
1713.8672
1713.8672
1542.9687
1542.9687
1215.8203
1215.8203
781.2500
781.2500
332.0312
332.0312
19.5312
19.5312
0.0000
0.0000
0.0000
0.0000
0.0000
0.0000
0.0000
0.0000
0.0000
0.0000
0.0000
0.0000
0.0000
0.0000
0.0000
0.0000
0.0000
0.0000
0.0000
0.0000
0.0000
0.0000
0.0000
0.0000
0.0000
0.0000
0.0000
0.0000
0.0000
0.0000
0.0000
0.0000
0.0000
0.0000
0.0000
0.0000
0.0000
0.0000
0.0000
0.0000
0.0000
0.0000
0.0000
0.0000
0.0000
0.0000
97.6562
97.6562
175.7812
175.7812
209.9609
209.9609
297.8516
297.8516
380.8594
380.8594
390.6250
390.6250
410.1562
410.1562
478.5156
478.5156
493.1641
493.1641
488.2812
488.2812
551.7578
551.7578
576.1719
576.1719
581.0547
581.0547
644.5312
644.5312
712.8906
712.8906
742.1875
742.1875
795.8984
795.8984
898.4375
898.4375
961.9141
961.9141
1000.9766
1000.9766
1079.1016
1079.1016
1093.7500
1093.7500
1083.9844
1083.9844
1166.9922
1166.9922
1303.7109
1303.7109
1459.9609
1459.9609
1591.7969
1591.7969
1635.7422
1635.7422
1450.1953
1450.1953
1127.9297
1127.9297
800.7812
800.7812
400.3906
400.3906
0.0000
0.0000
0.0000
0.0000
0.0000
0.0000
0.0000
0.0000
0.0000
0.0000
0.0000
0.0000
0.0000
0.0000
0.0000
0.0000
0.0000
0.0000
0.0000
0.0000
0.0000
0.0000
0.0000
0.0000
0.0000
0.0000
0.0000
0.0000
0.0000
0.0000
0.0000
0.0000
0.0000
0.0000
0.0000
0.0000
0.0000
0.0000
0.0000
0.0000
0.0000
0.0000
0.0000
0.0000
0.0000
0.0000
0.0000
0.0000
53.7109
53.7109
166.0156
166.0156
219.7266
219.7266
263.6719
263.6719
356.4453
356.4453
390.6250
390.6250
415.0391
415.0391
527.3437
527.3437
571.2891
571.2891
551.7578
551.7578
590.8203
590.8203
625.0000
625.0000
615.2344
615.2344
615.2344
615.2344
654.2969
654.2969
634.7656
634.7656
610.3516
610.3516
678.7109
678.7109
688.4766
668.9453
668.9453
717.7734
717.7734
751.9531
751.9531
756.8359
756.8359
854.4922
854.4922
854.4922
1069.3359
1069.3359
1259.7656
1259.7656
1372.0703
1372.0703
1406.2500
1406.2500
1191.4062
800.7812
800.7812
444.3359
444.3359
161.1328
161.1328
0.0000
0.0000
0.0000
0.0000
0.0000
0.0000
0.0000
0.0000
0.0000
0.0000
0.0000
0.0000
0.0000
0.0000
0.0000
0.0000
0.0000
0.0000
0.0000
0.0000
0.0000
0.0000
0.0000
0.0000
0.0000
0.0000
0.0000
0.0000
0.0000
0.0000
0.0000
0.0000
0.0000
0.0000
0.0000
0.0000
0.0000
0.0000
0.0000
0.0000
0.0000
0.0000
0.0000
0.0000
0.0000
0.0000
0.0000
0.0000
0.0000
0.0000
131.8359
131.8359
205.0781
205.0781
249.0234
249.0234
356.4453
356.4453
424.8047
424.8047
458.9844
458.9844
532.2266
532.2266
566.4062
566.4062
532.2266
532.2266
532.2266
532.2266
585.9375
585.9375
600.5859
600.5859
620.1172
620.1172
722.6562
722.6562
800.7812
800.7812
854.4922
854.4922
976.5625
976.5625
1083.9844
1083.9844
1147.4609
1147.4609
1225.5859
1225.5859
1323.2422
1323.2422
1347.6562
1347.6562
1362.3047
1362.3047
1489.2578
1489.2578
1606.4453
1606.4453
1645.5078
1645.5078
1601.5625
1601.5625
1372.0703
1372.0703
957.0312
957.0312
522.4609
522.4609
175.7812
175.7812
0.0000
0.0000
0.0000
0.0000
0.0000
0.0000
0.0000
0.0000
0.0000
0.0000
0.0000
0.0000
0.0000
0.0000
0.0000
0.0000
0.0000
0.0000
0.0000
0.0000
0.0000
0.0000
0.0000
0.0000
0.0000
0.0000
0.0000
0.0000
0.0000
0.0000
0.0000
0.0000
0.0000
0.0000
0.0000
0.0000
0.0000
0.0000
0.0000
0.0000
0.0000
0.0000
0.0000
0.0000
0.0000
0.0000
0.0000
0.0000
0.0000
0.0000
39.0625
39.0625
97.6562
97.6562
131.8359
131.8359
219.7266
219.7266
312.5000
312.5000
327.1484
327.1484
341.7969
341.7969
415.0391
415.0391
454.1016
454.1016
488.2812
488.2812
595.7031
595.7031
644.5312
644.5312
644.5312
644.5312
698.2422
698.2422
756.8359
756.8359
781.2500
781.2500
810.5469
810.5469
878.9062
878.9062
888.6719
888.6719
874.0234
874.0234
942.3828
942.3828
1005.8594
1005.8594
1118.1641
1118.1641
1357.4219
1357.4219
1562.5000
1562.5000
1601.5625
1601.5625
1489.2578
1489.2578
1235.3516
1235.3516
854.4922
854.4922
507.8125
507.8125
327.1484
327.1484
146.4844
146.4844
0.0000
0.0000
0.0000
0.0000
0.0000
0.0000
0.0000
0.0000
0.0000
0.0000
0.0000
0.0000
0.0000
0.0000
0.0000
0.0000
0.0000
0.0000
0.0000
0.0000
0.0000
0.0000
0.0000
0.0000
0.0000
0.0000
0.0000
0.0000
0.0000
0.0000
0.0000
0.0000
0.0000
0.0000
0.0000
0.0000
0.0000
0.0000
0.0000
0.0000
0.0000
0.0000
0.0000
0.0000
14.6484
14.6484
53.7109
53.7109
136.7187
136.7187
244.1406
244.1406
317.3828
317.3828
390.6250
390.6250
498.0469
498.0469
537.1094
537.1094
546.8750
546.8750
629.8828
629.8828
664.0625
664.0625
644.5312
644.5312
683.5937
683.5937
727.5391
727.5391
742.1875
742.1875
791.0156
791.0156
893.5547
893.5547
937.5000
937.5000
966.7969
966.7969
1074.2187
1074.2187
1127.9297
1127.9297
1142.5781
1142.5781
1230.4687
1230.4687
1362.3047
1362.3047
1518.5547
1518.5547
1684.5703
1684.5703
1772.4609
1772.4609
1655.2734
1655.2734
1362.3047
1362.3047
1040.0391
1040.0391
644.5312
644.5312
229.4922
229.4922
0.0000
0.0000
0.0000
0.0000
0.0000
0.0000
0.0000
0.0000
0.0000
0.0000
0.0000
0.0000
0.0000
0.0000
0.0000
0.0000
0.0000
0.0000
0.0000
0.0000
0.0000
0.0000
0.0000
0.0000
0.0000
0.0000
0.0000
0.0000
0.0000
0.0000
0.0000
0.0000
0.0000
0.0000
0.0000
0.0000
0.0000
0.0000
0.0000
0.0000
0.0000
0.0000
0.0000
0.0000
0.0000
0.0000
0.0000
0.0000
24.4141
24.4141
122.0703
122.0703
209.9609
209.9609
332.0312
332.0312
366.2109
366.2109
351.5625
351.5625
405.2734
405.2734
439.4531
439.4531
439.4531
439.4531
473.6328
473.6328
512.6953
512.6953
502.9297
502.9297
512.6953
512.6953
600.5859
600.5859
664.0625
664.0625
708.0078
708.0078
815.4297
815.4297
869.1406
869.1406
878.9062
878.9062
947.2656
947.2656
1010.7422
1010.7422
1015.6250
1015.6250
1049.8047
1049.8047
1181.6406
1181.6406
1323.2422
1323.2422
1455.0781
1455.0781
1542.9687
1542.9687
1420.8984
1420.8984
1093.7500
1093.7500
717.7734
717.7734
361.3281
361.3281
102.5391
102.5391
0.0000
0.0000
0.0000
0.0000
0.0000
0.0000
0.0000
0.0000
0.0000
0.0000
0.0000
0.0000
0.0000
0.0000
0.0000
0.0000
0.0000
0.0000
0.0000
0.0000
0.0000
0.0000
0.0000
0.0000
0.0000
0.0000
0.0000
0.0000
0.0000
0.0000
0.0000
0.0000
0.0000
0.0000
0.0000
0.0000
0.0000
0.0000
0.0000
0.0000
0.0000
0.0000
0.0000
0.0000
0.0000
0.0000
0.0000
0.0000
0.0000
0.0000
0.0000
0.0000
0.0000
0.0000
112.3047
112.3047
195.3125
195.3125
253.9062
253.9062
356.4453
356.4453
454.1016
454.1016
498.0469
498.0469
541.9922
541.9922
649.4141
649.4141
688.4766
688.4766
712.8906
712.8906
800.7812
800.7812
844.7266
844.7266
844.7266
844.7266
908.2031
908.2031
986.3281
986.3281
1030.2734
1030.2734
1079.1016
1079.1016
1176.7578
1176.7578
1230.4687
1230.4687
1318.3594
1318.3594
1528.3203
1528.3203
1689.4531
1689.4531
1689.4531
1689.4531
1577.1484
1577.1484
1279.2969
1279.2969
791.0156
791.0156
278.3203
278.3203
0.0000
0.0000
0.0000
0.0000
0.0000
0.0000
0.0000
0.0000
0.0000
0.0000
0.0000
0.0000
0.0000
0.0000
0.0000
0.0000
0.0000
0.0000
0.0000
0.0000
0.0000
0.0000
0.0000
0.0000
0.0000
0.0000
0.0000
0.0000
0.0000
0.0000
0.0000
0.0000
0.0000
0.0000
0.0000
0.0000
0.0000
0.0000
0.0000
0.0000
0.0000
0.0000
0.0000
0.0000
0.0000
0.0000
0.0000
0.0000
29.2969
29.2969
107.4219
107.4219
239.2578
239.2578
351.5625
351.5625
410.1562
410.1562
512.6953
512.6953
620.1172
620.1172
659.1797
659.1797
673.8281
673.8281
742.1875
742.1875
737.3047
737.3047
698.2422
698.2422
737.3047
737.3047
747.0703
747.0703
722.6562
722.6562
742.1875
742.1875
776.3672
776.3672
747.0703
747.0703
761.7187
761.7187
869.1406
869.1406
922.8516
922.8516
947.2656
947.2656
1088.8672
1088.8672
1235.3516
1235.3516
1362.3047
1362.3047
1479.4922
1479.4922
1455.0781
1455.0781
1196.2891
1196.2891
815.4297
815.4297
468.7500
468.7500
146.4844
146.4844
0.0000
0.0000
0.0000
0.0000
0.0000
0.0000
0.0000
0.0000
0.0000
0.0000
0.0000
0.0000
0.0000
0.0000
0.0000
0.0000
0.0000
0.0000
0.0000
0.0000
0.0000
0.0000
0.0000
0.0000
0.0000
0.0000
0.0000
0.0000
0.0000
0.0000
0.0000
0.0000
0.0000
0.0000
0.0000
0.0000
0.0000
0.0000
0.0000
0.0000
0.0000
0.0000
0.0000
0.0000
34.1797
34.1797
131.8359
131.8359
268.5547
268.5547
371.0937
371.0937
429.6875
429.6875
502.9297
502.9297
590.8203
590.8203
615.2344
615.2344
625.0000
625.0000
688.4766
688.4766
688.4766
688.4766
654.2969
654.2969
708.0078
708.0078
742.1875
742.1875
747.0703
747.0703
810.5469
810.5469
903.3203
903.3203
957.0312
957.0312
1020.5078
1020.5078
1142.5781
1142.5781
1196.2891
1196.2891
1215.8203
1215.8203
1289.0625
1289.0625
1308.5937
1308.5937
1289.0625
1289.0625
1342.7734
1342.7734
1459.9609
1459.9609
1538.0859
1538.0859
1557.6172
1557.6172
1489.2578
1489.2578
1201.1719
1201.1719
737.3047
737.3047
312.5000
312.5000
0.0000
0.0000
0.0000
0.0000
0.0000
0.0000
0.0000
0.0000
0.0000
0.0000
0.0000
0.0000
0.0000
0.0000
0.0000
0.0000
0.0000
0.0000
0.0000
0.0000
0.0000
0.0000
0.0000
0.0000
0.0000
0.0000
0.0000
0.0000
0.0000
0.0000
0.0000
0.0000
0.0000
0.0000
0.0000
0.0000
0.0000
0.0000
0.0000
0.0000
0.0000
0.0000
0.0000
0.0000
0.0000
0.0000
0.0000
0.0000
0.0000
0.0000
0.0000
0.0000
0.0000
0.0000
29.2969
29.2969
83.0078
83.0078
205.0781
205.0781
283.2031
283.2031
327.1484
327.1484
439.4531
439.4531
527.3437
527.3437
556.6406
556.6406
620.1172
620.1172
708.0078
708.0078
742.1875
742.1875
766.6016
766.6016
854.4922
854.4922
869.1406
869.1406
869.1406
869.1406
927.7344
927.7344
961.9141
961.9141
966.7969
966.7969
1015.6250
1015.6250
1147.4609
1147.4609
1333.0078
1333.0078
1557.6172
1557.6172
1752.9297
1752.9297
1723.6328
1723.6328
1464.8437
1464.8437
1113.2812
1113.2812
708.0078
708.0078
341.7969
341.7969
92.7734
92.7734
0.0000
0.0000
0.0000
0.0000
0.0000
0.0000
0.0000
0.0000
0.0000
0.0000
0.0000
0.0000
0.0000
