0.0000
0.0000
0.0000
0.0000
0.0000
0.0000
0.0000
0.0000
0.0000
0.0000
0.0000
0.0000
0.0000
0.0000
0.0000
0.0000
0.0000
0.0000
0.0000
0.0000
0.0000
0.0000
0.0000
0.0000
0.0000
0.0000
0.0000
0.0000
0.0000
0.0000
0.0000
0.0000
0.0000
0.0000
0.0000
0.0000
0.0000
0.0000
0.0000
0.0000
0.0000
0.0000
0.0000
78.1250
78.1250
156.2500
156.2500
200.1953
200.1953
317.3828
317.3828
380.8594
380.8594
390.6250
390.6250
400.3906
400.3906
454.1016
454.1016
483.3984
483.3984
502.9297
502.9297
595.7031
595.7031
708.0078
708.0078
781.2500
781.2500
834.9609
834.9609
957.0312
957.0312
1044.9219
1044.9219
1103.5156
1103.5156
1181.6406
1181.6406
1279.2969
1279.2969
1303.7109
1303.7109
1293.9453
1293.9453
1391.6016
1391.6016
1528.3203
1528.3203
1650.3906
1650.3906
1708.9844
1708.9844
1684.5703
1684.5703
1425.7812
1425.7812
942.3828
942.3828
410.1562
410.1562
0.0000
0.0000
0.0000
0.0000
0.0000
0.0000
0.0000
0.0000
0.0000
0.0000
0.0000
0.0000
0.0000
0.0000
0.0000
0.0000
0.0000
0.0000
0.0000
0.0000
0.0000
0.0000
0.0000
0.0000
0.0000
0.0000
0.0000
0.0000
0.0000
0.0000
0.0000
0.0000
0.0000
0.0000
0.0000
0.0000
0.0000
0.0000
0.0000
0.0000
0.0000
0.0000
0.0000
0.0000
0.0000
0.0000
0.0000
0.0000
19.5312
19.5312
170.8984
170.8984
249.0234
249.0234
278.3203
278.3203
356.4453
356.4453
424.8047
424.8047
444.3359
444.3359
439.4531
439.4531
507.8125
507.8125
556.6406
556.6406
561.5234
561.5234
595.7031
595.7031
668.9453
668.9453
698.2422
698.2422
698.2422
698.2422
781.2500
781.2500
839.8437
839.8437
839.8437
839.8437
820.3125
820.3125
849.6094
849.6094
815.4297
815.4297
766.6016
766.6016
776.3672
776.3672
820.3125
820.3125
878.9062
878.9062
966.7969
966.7969
1157.2266
1157.2266
1284.1797
1284.1797
1269.5312
1269.5312
1132.8125
1132.8125
878.9062
878.9062
483.3984
483.3984
73.2422
73.2422
0.0000
0.0000
0.0000
0.0000
0.0000
0.0000
0.0000
0.0000
0.0000
0.0000
0.0000
0.0000
0.0000
0.0000
0.0000
0.0000
0.0000
0.0000
0.0000
0.0000
0.0000
0.0000
0.0000
0.0000
0.0000
0.0000
0.0000
0.0000
0.0000
0.0000
0.0000
0.0000
0.0000
0.0000
0.0000
0.0000
0.0000
0.0000
0.0000
0.0000
0.0000
0.0000
0.0000
0.0000
0.0000
0.0000
0.0000
0.0000
0.0000
0.0000
0.0000
0.0000
0.0000
0.0000
0.0000
0.0000
0.0000
0.0000
0.0000
0.0000
87.8906
87.8906
156.2500
156.2500
234.3750
234.3750
380.8594
380.8594
468.7500
468.7500
517.5781
517.5781
595.7031
595.7031
683.5937
683.5937
708.0078
708.0078
708.0078
708.0078
771.4844
771.4844
800.7812
800.7812
795.8984
795.8984
815.4297
815.4297
888.6719
888.6719
903.3203
903.3203
888.6719
888.6719
961.9141
961.9141
1103.5156
1103.5156
1279.2969
1279.2969
1435.5469
1435.5469
1542.9687
1542.9687
1430.6641
1430.6641
1098.6328
1098.6328
664.0625
664.0625
249.0234
249.0234
0.0000
0.0000
0.0000
0.0000
0.0000
0.0000
0.0000
0.0000
0.0000
0.0000
0.0000
0.0000
0.0000
0.0000
0.0000
0.0000
0.0000
0.0000
0.0000
0.0000
0.0000
0.0000
0.0000
0.0000
0.0000
0.0000
0.0000
0.0000
0.0000
0.0000
0.0000
0.0000
0.0000
0.0000
0.0000
0.0000
0.0000
0.0000
0.0000
0.0000
0.0000
0.0000
0.0000
0.0000
0.0000
0.0000
0.0000
0.0000
9.7656
9.7656
92.7734
92.7734
126.9531
126.9531
190.4297
190.4297
268.5547
268.5547
336.9141
336.9141
390.6250
390.6250
507.8125
507.8125
561.5234
561.5234
571.2891
571.2891
590.8203
590.8203
664.0625
664.0625
668.9453
668.9453
649.4141
649.4141
693.3594
693.3594
727.5391
727.5391
722.6562
722.6562
703.1250
703.1250
766.6016
766.6016
776.3672
776.3672
766.6016
766.6016
805.6641
805.6641
893.5547
893.5547
932.6172
932.6172
961.9141
961.9141
1113.2812
1113.2812
1298.8281
1298.8281
1459.9609
1459.9609
1577.1484
1577.1484
1630.8594
1630.8594
1484.3750
1484.3750
1132.8125
1132.8125
727.5391
727.5391
327.1484
327.1484
0.0000
0.0000
0.0000
0.0000
0.0000
0.0000
0.0000
0.0000
0.0000
0.0000
0.0000
0.0000
0.0000
0.0000
0.0000
0.0000
0.0000
0.0000
0.0000
0.0000
0.0000
0.0000
0.0000
0.0000
0.0000
0.0000
0.0000
0.0000
0.0000
0.0000
0.0000
0.0000
0.0000
0.0000
0.0000
0.0000
0.0000
0.0000
0.0000
0.0000
0.0000
0.0000
0.0000
0.0000
0.0000
0.0000
0.0000
0.0000
0.0000
0.0000
0.0000
0.0000
0.0000
0.0000
0.0000
0.0000
0.0000
0.0000
0.0000
0.0000
0.0000
0.0000
78.1250
78.1250
141.6016
141.6016
151.3672
151.3672
180.6641
180.6641
244.1406
244.1406
258.7891
258.7891
249.0234
249.0234
327.1484
327.1484
385.7422
385.7422
405.2734
405.2734
429.6875
429.6875
532.2266
532.2266
600.5859
600.5859
649.4141
649.4141
751.9531
751.9531
878.9062
878.9062
1015.6250
1015.6250
1171.8750
1171.8750
1376.9531
1376.9531
1450.1953
1450.1953
1313.4766
1313.4766
1025.3906
1025.3906
664.0625
664.0625
249.0234
249.0234
0.0000
0.0000
0.0000
0.0000
0.0000
0.0000
0.0000
0.0000
0.0000
0.0000
0.0000
0.0000
0.0000
0.0000
0.0000
0.0000
0.0000
0.0000
0.0000
0.0000
0.0000
0.0000
0.0000
0.0000
0.0000
0.0000
0.0000
0.0000
0.0000
0.0000
0.0000
0.0000
0.0000
0.0000
0.0000
0.0000
0.0000
0.0000
0.0000
0.0000
0.0000
0.0000
0.0000
0.0000
0.0000
0.0000
0.0000
0.0000
78.1250
78.1250
161.1328
161.1328
258.7891
258.7891
390.6250
390.6250
463.8672
463.8672
502.9297
502.9297
595.7031
595.7031
664.0625
664.0625
659.1797
659.1797
634.7656
634.7656
668.9453
668.9453
664.0625
664.0625
639.6484
639.6484
668.9453
668.9453
722.6562
722.6562
722.6562
722.6562
703.1250
703.1250
751.9531
751.9531
781.2500
781.2500
795.8984
795.8984
815.4297
815.4297
883.7891
883.7891
898.4375
898.4375
893.5547
893.5547
1010.7422
1010.7422
1186.5234
1186.5234
1303.7109
1303.7109
1313.4766
1313.4766
1206.0547
1206.0547
869.1406
869.1406
400.3906
400.3906
29.2969
29.2969
0.0000
0.0000
0.0000
0.0000
0.0000
0.0000
0.0000
0.0000
0.0000
0.0000
0.0000
0.0000
0.0000
0.0000
0.0000
0.0000
0.0000
0.0000
0.0000
0.0000
0.0000
0.0000
0.0000
0.0000
0.0000
0.0000
0.0000
0.0000
0.0000
0.0000
0.0000
0.0000
0.0000
0.0000
0.0000
0.0000
0.0000
0.0000
0.0000
0.0000
0.0000
0.0000
0.0000
0.0000
0.0000
0.0000
0.0000
0.0000
0.0000
0.0000
0.0000
0.0000
0.0000
0.0000
0.0000
0.0000
29.2969
29.2969
112.3047
112.3047
141.6016
141.6016
146.4844
146.4844
219.7266
219.7266
268.5547
268.5547
268.5547
268.5547
268.5547
268.5547
356.4453
356.4453
400.3906
400.3906
439.4531
439.4531
537.1094
537.1094
659.1797
659.1797
732.4219
732.4219
766.6016
766.6016
878.9062
878.9062
957.0312
957.0312
1005.8594
1005.8594
1074.2187
1074.2187
1210.9375
1210.9375
1323.2422
1323.2422
1445.3125
1445.3125
1591.7969
1591.7969
1621.0937
1621.0937
1440.4297
1440.4297
1103.5156
1103.5156
737.3047
737.3047
312.5000
312.5000
0.0000
0.0000
0.0000
0.0000
0.0000
0.0000
0.0000
0.0000
0.0000
0.0000
0.0000
0.0000
0.0000
0.0000
0.0000
0.0000
0.0000
0.0000
0.0000
0.0000
0.0000
0.0000
0.0000
0.0000
0.0000
0.0000
0.0000
0.0000
0.0000
0.0000
0.0000
0.0000
0.0000
0.0000
0.0000
0.0000
0.0000
0.0000
0.0000
0.0000
0.0000
0.0000
0.0000
0.0000
0.0000
0.0000
0.0000
0.0000
0.0000
0.0000
0.0000
0.0000
0.0000
0.0000
58.5937
58.5937
136.7187
136.7187
156.2500
156.2500
209.9609
209.9609
278.3203
278.3203
297.8516
297.8516
297.8516
297.8516
375.9766
375.9766
419.9219
419.9219
419.9219
419.9219
434.5703
522.4609
522.4609
522.4609
576.1719
576.1719
605.4687
605.4687
688.4766
688.4766
766.6016
766.6016
791.0156
791.0156
786.1328
786.1328
859.3750
859.3750
874.0234
874.0234
864.2578
947.2656
947.2656
947.2656
1137.6953
1137.6953
1298.8281
1298.8281
1386.7187
1386.7187
1406.2500
1406.2500
1215.8203
1215.8203
834.9609
834.9609
434.5703
434.5703
200.1953
200.1953
58.5937
24.4141
24.4141
24.4141
78.1250
78.1250
73.2422
73.2422
0.0000
0.0000
0.0000
0.0000
0.0000
0.0000
0.0000
0.0000
0.0000
0.0000
0.0000
0.0000
0.0000
0.0000
0.0000
0.0000
0.0000
0.0000
0.0000
0.0000
0.0000
0.0000
0.0000
0.0000
0.0000
0.0000
0.0000
0.0000
0.0000
0.0000
0.0000
0.0000
0.0000
0.0000
0.0000
0.0000
0.0000
0.0000
0.0000
0.0000
0.0000
0.0000
0.0000
0.0000
0.0000
0.0000
0.0000
0.0000
0.0000
34.1797
34.1797
63.4766
63.4766
136.7187
136.7187
205.0781
205.0781
229.4922
229.4922
263.6719
263.6719
390.6250
390.6250
502.9297
502.9297
581.0547
581.0547
664.0625
664.0625
776.3672
776.3672
830.0781
830.0781
859.3750
859.3750
947.2656
947.2656
1030.2734
1030.2734
1079.1016
1079.1016
1103.5156
1103.5156
1171.8750
1171.8750
1210.9375
1210.9375
1274.4141
1274.4141
1411.1328
1411.1328
1562.5000
1562.5000
1562.5000
1562.5000
1376.9531
1376.9531
1083.9844
1083.9844
634.7656
634.7656
122.0703
122.0703
0.0000
0.0000
0.0000
0.0000
0.0000
0.0000
0.0000
0.0000
0.0000
0.0000
0.0000
0.0000
0.0000
0.0000
0.0000
0.0000
0.0000
0.0000
0.0000
0.0000
0.0000
0.0000
0.0000
0.0000
0.0000
0.0000
0.0000
0.0000
0.0000
0.0000
0.0000
0.0000
0.0000
0.0000
0.0000
0.0000
0.0000
0.0000
0.0000
0.0000
0.0000
0.0000
0.0000
0.0000
0.0000
0.0000
0.0000
0.0000
43.9453
43.9453
83.0078
83.0078
175.7812
175.7812
234.3750
234.3750
244.1406
244.1406
268.5547
268.5547
356.4453
356.4453
415.0391
415.0391
439.4531
439.4531
512.6953
512.6953
585.9375
585.9375
605.4687
605.4687
610.3516
610.3516
678.7109
678.7109
688.4766
688.4766
664.0625
664.0625
649.4141
649.4141
664.0625
664.0625
620.1172
620.1172
566.4062
566.4062
595.7031
595.7031
620.1172
620.1172
634.7656
634.7656
703.1250
703.1250
913.0859
913.0859
1127.9297
1127.9297
1279.2969
1279.2969
1367.1875
1367.1875
1333.0078
1333.0078
1083.9844
1083.9844
698.2422
698.2422
361.3281
361.3281
63.4766
63.4766
0.0000
0.0000
0.0000
0.0000
0.0000
0.0000
0.0000
0.0000
0.0000
0.0000
0.0000
0.0000
0.0000
0.0000
0.0000
0.0000
0.0000
0.0000
0.0000
0.0000
0.0000
0.0000
0.0000
0.0000
0.0000
0.0000
0.0000
0.0000
0.0000
0.0000
0.0000
0.0000
0.0000
0.0000
0.0000
0.0000
0.0000
0.0000
0.0000
0.0000
0.0000
0.0000
0.0000
0.0000
0.0000
0.0000
0.0000
0.0000
0.0000
0.0000
0.0000
0.0000
0.0000
0.0000
34.1797
34.1797
78.1250
78.1250
102.5391
102.5391
156.2500
156.2500
258.7891
258.7891
302.7344
302.7344
297.8516
297.8516
375.9766
375.9766
444.3359
444.3359
473.6328
473.6328
493.1641
493.1641
571.2891
571.2891
605.4687
605.4687
605.4687
605.4687
664.0625
664.0625
751.9531
751.9531
795.8984
795.8984
810.5469
810.5469
922.8516
922.8516
1064.4531
1064.4531
1235.3516
1235.3516
1411.1328
1411.1328
1533.2031
1533.2031
1435.5469
1435.5469
1132.8125
1132.8125
786.1328
786.1328
429.6875
429.6875
136.7187
136.7187
0.0000
0.0000
0.0000
0.0000
0.0000
0.0000
0.0000
0.0000
0.0000
0.0000
0.0000
0.0000
0.0000
0.0000
0.0000
0.0000
0.0000
0.0000
0.0000
0.0000
0.0000
0.0000
0.0000
0.0000
0.0000
0.0000
0.0000
0.0000
0.0000
0.0000
0.0000
0.0000
0.0000
0.0000
0.0000
0.0000
0.0000
0.0000
0.0000
0.0000
0.0000
0.0000
0.0000
0.0000
0.0000
0.0000
0.0000
0.0000
0.0000
0.0000
0.0000
0.0000
34.1797
34.1797
107.4219
107.4219
146.4844
146.4844
185.5469
185.5469
332.0312
332.0312
410.1562
410.1562
439.4531
439.4531
498.0469
498.0469
571.2891
571.2891
576.1719
576.1719
561.5234
561.5234
625.0000
625.0000
654.2969
654.2969
639.6484
639.6484
634.7656
634.7656
693.3594
693.3594
703.1250
703.1250
678.7109
678.7109
722.6562
722.6562
800.7812
800.7812
854.4922
854.4922
957.0312
957.0312
1191.4062
1191.4062
1396.4844
1396.4844
1523.4375
1523.4375
1547.8516
1547.8516
1440.4297
1440.4297
1108.3984
1108.3984
629.8828
629.8828
268.5547
268.5547
0.0000
0.0000
0.0000
0.0000
0.0000
0.0000
0.0000
0.0000
0.0000
0.0000
0.0000
0.0000
0.0000
0.0000
0.0000
0.0000
0.0000
0.0000
0.0000
0.0000
0.0000
0.0000
0.0000
0.0000
0.0000
0.0000
0.0000
0.0000
0.0000
0.0000
0.0000
0.0000
0.0000
0.0000
0.0000
0.0000
0.0000
0.0000
0.0000
0.0000
0.0000
0.0000
0.0000
0.0000
0.0000
0.0000
0.0000
0.0000
0.0000
0.0000
0.0000
0.0000
0.0000
0.0000
0.0000
0.0000
53.7109
53.7109
146.4844
146.4844
190.4297
190.4297
224.6094
224.6094
327.1484
327.1484
371.0937
371.0937
366.2109
366.2109
405.2734
405.2734
454.1016
454.1016
444.3359
444.3359
434.5703
434.5703
522.4609
522.4609
590.8203
590.8203
639.6484
639.6484
717.7734
717.7734
839.8437
839.8437
908.2031
908.2031
952.1484
952.1484
1059.5703
1059.5703
1176.7578
1176.7578
1293.9453
1293.9453
1430.6641
1430.6641
1582.0312
1582.0312
1562.5000
1562.5000
1298.8281
1298.8281
869.1406
869.1406
400.3906
400.3906
0.0000
0.0000
0.0000
0.0000
0.0000
0.0000
0.0000
0.0000
0.0000
0.0000
0.0000
0.0000
0.0000
0.0000
0.0000
0.0000
0.0000
0.0000
0.0000
0.0000
0.0000
0.0000
0.0000
0.0000
0.0000
0.0000
0.0000
0.0000
0.0000
0.0000
0.0000
0.0000
0.0000
0.0000
0.0000
0.0000
0.0000
0.0000
0.0000
0.0000
0.0000
0.0000
0.0000
0.0000
0.0000
0.0000
0.0000
0.0000
0.0000
0.0000
63.4766
63.4766
131.8359
131.8359
224.6094
224.6094
336.9141
336.9141
400.3906
400.3906
444.3359
444.3359
551.7578
551.7578
625.0000
625.0000
634.7656
634.7656
625.0000
625.0000
644.5312
644.5312
615.2344
615.2344
581.0547
581.0547
620.1172
620.1172
649.4141
649.4141
639.6484
639.6484
605.4687
605.4687
644.5312
644.5312
659.1797
659.1797
664.0625
664.0625
708.0078
708.0078
795.8984
795.8984
854.4922
854.4922
927.7344
927.7344
1123.0469
1123.0469
1342.7734
1342.7734
1469.7266
1469.7266
1479.4922
1479.4922
1372.0703
1372.0703
1059.5703
1059.5703
620.1172
620.1172
253.9062
253.9062
4.8828
4.8828
0.0000
0.0000
0.0000
0.0000
0.0000
0.0000
0.0000
0.0000
0.0000
0.0000
0.0000
0.0000
0.0000
0.0000
0.0000
0.0000
0.0000
0.0000
0.0000
0.0000
0.0000
0.0000
0.0000
0.0000
0.0000
0.0000
0.0000
0.0000
0.0000
0.0000
0.0000
0.0000
0.0000
0.0000
0.0000
0.0000
0.0000
0.0000
0.0000
0.0000
0.0000
0.0000
0.0000
0.0000
0.0000
0.0000
0.0000
0.0000
0.0000
0.0000
0.0000
0.0000
0.0000
0.0000
14.6484
14.6484
107.4219
107.4219
146.4844
146.4844
166.0156
166.0156
263.6719
263.6719
317.3828
317.3828
327.1484
327.1484
341.7969
341.7969
410.1562
410.1562
439.4531
439.4531
454.1016
454.1016
556.6406
556.6406
673.8281
673.8281
737.3047
737.3047
795.8984
795.8984
917.9687
917.9687
996.0937
996.0937
1040.0391
1040.0391
1108.3984
1108.3984
1210.9375
1210.9375
1254.8828
1254.8828
1298.8281
1298.8281
1440.4297
1440.4297
1552.7344
1552.7344
1538.0859
1538.0859
1372.0703
1372.0703
1074.2187
1074.2187
590.8203
590.8203
73.2422
73.2422
0.0000
0.0000
0.0000
0.0000
0.0000
0.0000
0.0000
0.0000
0.0000
0.0000
0.0000
0.0000
0.0000
0.0000
0.0000
0.0000
0.0000
0.0000
0.0000
0.0000
0.0000
0.0000
0.0000
0.0000
0.0000
0.0000
0.0000
0.0000
0.0000
0.0000
0.0000
0.0000
0.0000
0.0000
0.0000
0.0000
0.0000
0.0000
0.0000
0.0000
0.0000
0.0000
0.0000
0.0000
0.0000
0.0000
0.0000
0.0000
0.0000
0.0000
0.0000
0.0000
0.0000
0.0000
24.4141
24.4141
48.8281
48.8281
131.8359
131.8359
200.1953
200.1953
214.8437
214.8437
214.8437
214.8437
283.2031
283.2031
307.6172
307.6172
288.0859
288.0859
332.0312
332.0312
434.5703
434.5703
488.2812
488.2812
527.3437
527.3437
639.6484
639.6484
712.8906
712.8906
732.4219
732.4219
747.0703
747.0703
820.3125
820.3125
825.1953
825.1953
791.0156
791.0156
825.1953
825.1953
922.8516
922.8516
1040.0391
1040.0391
1147.4609
1147.4609
1254.8828
1254.8828
1166.9922
1166.9922
874.0234
874.0234
512.6953
512.6953
234.3750
234.3750
34.1797
0.0000
0.0000
0.0000
0.0000
0.0000
0.0000
0.0000
0.0000
0.0000
0.0000
0.0000
0.0000
0.0000
0.0000
0.0000
0.0000
0.0000
0.0000
0.0000
0.0000
0.0000
0.0000
0.0000
0.0000
0.0000
0.0000
0.0000
0.0000
0.0000
0.0000
0.0000
0.0000
0.0000
0.0000
0.0000
0.0000
0.0000
0.0000
0.0000
0.0000
0.0000
0.0000
0.0000
0.0000
0.0000
0.0000
0.0000
0.0000
0.0000
0.0000
0.0000
0.0000
0.0000
4.8828
4.8828
83.0078
83.0078
131.8359
166.0156
166.0156
166.0156
278.3203
361.3281
361.3281
385.7422
385.7422
405.2734
405.2734
493.1641
493.1641
566.4062
566.4062
625.0000
625.0000
727.5391
727.5391
839.8437
839.8437
898.4375
898.4375
917.9687
917.9687
1015.6250
1015.6250
1074.2187
1074.2187
1098.6328
1098.6328
1127.9297
1127.9297
1201.1719
1201.1719
1201.1719
1201.1719
1196.2891
1196.2891
1293.9453
1293.9453
1435.5469
1435.5469
1494.1406
1494.1406
1411.1328
1411.1328
1176.7578
1176.7578
708.0078
708.0078
175.7812
175.7812
0.0000
0.0000
0.0000
0.0000
0.0000
0.0000
0.0000
0.0000
0.0000
0.0000
0.0000
0.0000
0.0000
0.0000
0.0000
0.0000
0.0000
0.0000
0.0000
0.0000
0.0000
0.0000
0.0000
0.0000
0.0000
0.0000
0.0000
0.0000
0.0000
0.0000
0.0000
0.0000
0.0000
0.0000
0.0000
0.0000
0.0000
0.0000
0.0000
0.0000
0.0000
0.0000
0.0000
0.0000
0.0000
0.0000
0.0000
0.0000
29.2969
29.2969
83.0078
83.0078
185.5469
185.5469
214.8437
214.8437
229.4922
229.4922
273.4375
273.4375
351.5625
351.5625
380.8594
380.8594
375.9766
375.9766
439.4531
439.4531
473.6328
473.6328
483.3984
483.3984
502.9297
502.9297
585.9375
585.9375
615.2344
615.2344
610.3516
610.3516
668.9453
668.9453
737.3047
737.3047
747.0703
747.0703
732.4219
732.4219
771.4844
771.4844
771.4844
771.4844
737.3047
737.3047
742.1875
742.1875
810.5469
810.5469
878.9062
878.9062
986.3281
986.3281
1162.1094
1162.1094
1259.7656
1259.7656
1162.1094
1162.1094
888.6719
888.6719
581.0547
581.0547
244.1406
244.1406
0.0000
0.0000
0.0000
0.0000
0.0000
0.0000
0.0000
0.0000
0.0000
0.0000
0.0000
0.0000
0.0000
0.0000
0.0000
0.0000
0.0000
0.0000
0.0000
0.0000
0.0000
0.0000
0.0000
0.0000
0.0000
0.0000
0.0000
0.0000
0.0000
0.0000
0.0000
0.0000
0.0000
0.0000
0.0000
0.0000
0.0000
0.0000
0.0000
0.0000
0.0000
0.0000
0.0000
0.0000
0.0000
0.0000
0.0000
0.0000
0.0000
0.0000
0.0000
0.0000
0.0000
0.0000
0.0000
0.0000
0.0000
0.0000
0.0000
0.0000
0.0000
0.0000
87.8906
87.8906
175.7812
175.7812
214.8437
214.8437
322.2656
322.2656
410.1562
410.1562
468.7500
468.7500
532.2266
532.2266
634.7656
634.7656
678.7109
678.7109
673.8281
673.8281
727.5391
727.5391
805.6641
805.6641
864.2578
864.2578
917.9687
917.9687
1030.2734
1030.2734
1083.9844
1083.9844
1103.5156
1103.5156
1157.2266
1157.2266
1293.9453
1293.9453
1445.3125
1445.3125
1596.6797
1596.6797
1723.6328
1723.6328
1669.9219
1669.9219
1318.3594
1318.3594
766.6016
766.6016
244.1406
244.1406
0.0000
0.0000
0.0000
0.0000
0.0000
0.0000
0.0000
0.0000
0.0000
0.0000
0.0000
0.0000
0.0000
0.0000
0.0000
0.0000
0.0000
0.0000
0.0000
0.0000
0.0000
0.0000
0.0000
0.0000
0.0000
0.0000
0.0000
0.0000
0.0000
0.0000
0.0000
0.0000
0.0000
0.0000
0.0000
0.0000
0.0000
0.0000
0.0000
0.0000
0.0000
0.0000
0.0000
0.0000
0.0000
0.0000
0.0000
0.0000
0.0000
0.0000
0.0000
0.0000
9.7656
9.7656
78.1250
78.1250
214.8437
214.8437
317.3828
317.3828
390.6250
390.6250
493.1641
493.1641
571.2891
571.2891
581.0547
581.0547
576.1719
576.1719
634.7656
634.7656
649.4141
649.4141
625.0000
625.0000
629.8828
629.8828
673.8281
673.8281
668.9453
668.9453
649.4141
649.4141
693.3594
693.3594
717.7734
717.7734
727.5391
727.5391
756.8359
756.8359
839.8437
839.8437
917.9687
917.9687
1020.5078
1020.5078
1225.5859
1225.5859
1430.6641
1430.6641
1503.9062
1503.9062
1420.8984
1420.8984
1245.1172
1245.1172
874.0234
874.0234
429.6875
429.6875
107.4219
107.4219
4.8828
4.8828
0.0000
0.0000
0.0000
0.0000
0.0000
0.0000
0.0000
0.0000
0.0000
0.0000
0.0000
0.0000
0.0000
0.0000
0.0000
0.0000
0.0000
0.0000
0.0000
0.0000
0.0000
0.0000
0.0000
0.0000
0.0000
0.0000
0.0000
0.0000
0.0000
0.0000
0.0000
0.0000
0.0000
0.0000
0.0000
0.0000
0.0000
0.0000
0.0000
0.0000
0.0000
0.0000
0.0000
0.0000
0.0000
0.0000
0.0000
0.0000
0.0000
0.0000
0.0000
0.0000
0.0000
0.0000
0.0000
0.0000
83.0078
83.0078
151.3672
151.3672
185.5469
185.5469
268.5547
268.5547
327.1484
327.1484
332.0312
332.0312
322.2656
322.2656
400.3906
400.3906
429.6875
429.6875
444.3359
444.3359
517.5781
517.5781
610.3516
610.3516
664.0625
664.0625
712.8906
712.8906
844.7266
844.7266
942.3828
942.3828
996.0937
996.0937
1054.6875
1054.6875
1166.9922
1166.9922
1254.8828
1254.8828
1372.0703
1372.0703
1542.9687
1542.9687
1635.7422
1635.7422
1533.2031
1533.2031
1245.1172
1245.1172
903.3203
903.3203
502.9297
502.9297
126.9531
126.9531
0.0000
0.0000
0.0000
0.0000
0.0000
0.0000
0.0000
0.0000
0.0000
0.0000
0.0000
0.0000
0.0000
0.0000
0.0000
0.0000
0.0000
0.0000
0.0000
0.0000
0.0000
0.0000
0.0000
0.0000
0.0000
0.0000
0.0000
0.0000
0.0000
0.0000
0.0000
0.0000
0.0000
0.0000
0.0000
0.0000
0.0000
0.0000
0.0000
0.0000
0.0000
0.0000
0.0000
0.0000
0.0000
0.0000
0.0000
0.0000
0.0000
0.0000
0.0000
0.0000
87.8906
87.8906
180.6641
180.6641
229.4922
229.4922
292.9687
292.9687
346.6797
346.6797
332.0312
332.0312
302.7344
302.7344
375.9766
375.9766
410.1562
410.1562
424.8047
424.8047
449.2187
449.2187
527.3437
527.3437
566.4062
566.4062
585.9375
585.9375
698.2422
698.2422
815.4297
815.4297
878.9062
878.9062
898.4375
898.4375
976.5625
976.5625
996.0937
996.0937
991.2109
991.2109
1025.3906
1025.3906
1152.3437
1152.3437
1279.2969
1279.2969
1391.6016
1391.6016
1474.6094
1474.6094
1386.7187
1386.7187
1064.4531
1064.4531
625.0000
625.0000
258.7891
258.7891
0.0000
0.0000
0.0000
0.0000
0.0000
0.0000
0.0000
0.0000
0.0000
0.0000
0.0000
0.0000
0.0000
0.0000
0.0000
0.0000
0.0000
0.0000
0.0000
0.0000
0.0000
0.0000
0.0000
0.0000
0.0000
0.0000
0.0000
0.0000
0.0000
0.0000
0.0000
0.0000
0.0000
0.0000
0.0000
0.0000
0.0000
0.0000
0.0000
0.0000
0.0000
0.0000
0.0000
0.0000
0.0000
0.0000
0.0000
0.0000
0.0000
0.0000
0.0000
0.0000
0.0000
0.0000
0.0000
0.0000
24.4141
24.4141
78.1250
78.1250
97.6562
97.6562
180.6641
180.6641
263.6719
263.6719
292.9687
292.9687
302.7344
302.7344
405.2734
405.2734
473.6328
473.6328
517.5781
517.5781
600.5859
600.5859
727.5391
727.5391
795.8984
795.8984
830.0781
830.0781
927.7344
927.7344
991.2109
991.2109
1000.9766
1000.9766
996.0937
996.0937
1044.9219
1044.9219
1040.0391
1040.0391
1025.3906
1025.3906
1123.0469
1123.0469
1289.0625
1289.0625
1372.0703
1372.0703
1323.2422
1323.2422
1191.4062
1191.4062
864.2578
864.2578
458.9844
458.9844
166.0156
166.0156
39.0625
39.0625
0.0000
0.0000
0.0000
0.0000
0.0000
0.0000
0.0000
0.0000
0.0000
0.0000
0.0000
0.0000
0.0000
0.0000
0.0000
0.0000
0.0000
0.0000
0.0000
0.0000
0.0000
0.0000
0.0000
0.0000
0.0000
0.0000
0.0000
0.0000
0.0000
0.0000
0.0000
0.0000
0.0000
0.0000
0.0000
0.0000
0.0000
0.0000
0.0000
0.0000
0.0000
0.0000
0.0000
0.0000
0.0000
0.0000
0.0000
0.0000
78.1250
78.1250
151.3672
151.3672
180.6641
180.6641
234.3750
234.3750
351.5625
351.5625
415.0391
415.0391
444.3359
444.3359
527.3437
527.3437
605.4687
605.4687
644.5312
644.5312
678.7109
678.7109
771.4844
771.4844
810.5469
810.5469
810.5469
810.5469
869.1406
869.1406
952.1484
952.1484
976.5625
976.5625
957.0312
957.0312
986.3281
986.3281
986.3281
986.3281
952.1484
952.1484
966.7969
966.7969
1103.5156
1103.5156
1254.8828
1254.8828
1386.7187
1386.7187
1484.3750
1484.3750
1440.4297
1440.4297
1162.1094
1162.1094
756.8359
756.8359
444.3359
444.3359
229.4922
229.4922
126.9531
126.9531
131.8359
131.8359
136.7187
136.7187
0.0000
0.0000
0.0000
0.0000
0.0000
0.0000
0.0000
0.0000
0.0000
0.0000
0.0000
0.0000
0.0000
0.0000
0.0000
0.0000
0.0000
0.0000
0.0000
0.0000
0.0000
0.0000
0.0000
0.0000
0.0000
0.0000
0.0000
0.0000
0.0000
0.0000
0.0000
0.0000
0.0000
0.0000
0.0000
0.0000
0.0000
0.0000
0.0000
0.0000
0.0000
0.0000
0.0000
0.0000
0.0000
0.0000
0.0000
0.0000
0.0000
0.0000
48.8281
48.8281
73.2422
73.2422
122.0703
122.0703
209.9609
209.9609
253.9062
253.9062
278.3203
278.3203
400.3906
400.3906
488.2812
488.2812
546.8750
546.8750
590.8203
590.8203
708.0078
708.0078
761.7187
761.7187
781.2500
781.2500
849.6094
849.6094
927.7344
927.7344
952.1484
952.1484
952.1484
952.1484
1025.3906
1049.8047
1049.8047
1049.8047
1049.8047
1123.0469
1123.0469
1318.3594
1318.3594
1464.8437
1464.8437
1508.7891
1508.7891
1450.1953
1450.1953
1186.5234
1186.5234
761.7187
761.7187
380.8594
380.8594
214.8437
214.8437
107.4219
107.4219
0.0000
0.0000
0.0000
0.0000
0.0000
0.0000
0.0000
0.0000
0.0000
0.0000
0.0000
0.0000
0.0000
0.0000
0.0000
0.0000
0.0000
0.0000
0.0000
0.0000
0.0000
0.0000
0.0000
0.0000
0.0000
0.0000
0.0000
0.0000
0.0000
0.0000
0.0000
0.0000
0.0000
0.0000
0.0000
0.0000
0.0000
0.0000
0.0000
0.0000
0.0000
0.0000
0.0000
0.0000
0.0000
0.0000
0.0000
0.0000
0.0000
0.0000
0.0000
0.0000
0.0000
0.0000
14.6484
14.6484
102.5391
102.5391
166.0156
166.0156
263.6719
263.6719
380.8594
380.8594
439.4531
439.4531
463.8672
463.8672
541.9922
541.9922
605.4687
605.4687
625.0000
625.0000
634.7656
634.7656
712.8906
712.8906
756.8359
756.8359
771.4844
771.4844
825.1953
825.1953
893.5547
893.5547
927.7344
927.7344
942.3828
942.3828
1035.1562
1035.1562
1127.9297
1127.9297
1240.2344
1240.2344
1401.3672
1401.3672
1567.3828
1567.3828
1533.2031
1533.2031
1245.1172
1245.1172
834.9609
834.9609
380.8594
380.8594
0.0000
0.0000
0.0000
0.0000
0.0000
0.0000
0.0000
0.0000
0.0000
0.0000
0.0000
0.0000
0.0000
0.0000
0.0000
0.0000
0.0000
0.0000
0.0000
0.0000
0.0000
0.0000
0.0000
0.0000
0.0000
0.0000
0.0000
0.0000
0.0000
0.0000
0.0000
0.0000
0.0000
0.0000
0.0000
0.0000
0.0000
0.0000
0.0000
0.0000
0.0000
0.0000
0.0000
0.0000
0.0000
0.0000
0.0000
0.0000
0.0000
0.0000
0.0000
0.0000
0.0000
0.0000
0.0000
0.0000
136.7187
136.7187
244.1406
244.1406
327.1484
327.1484
468.7500
468.7500
561.5234
561.5234
615.2344
615.2344
717.7734
717.7734
839.8437
839.8437
878.9062
878.9062
888.6719
888.6719
966.7969
966.7969
1020.5078
1020.5078
1035.1562
1035.1562
1074.2187
1074.2187
1176.7578
1176.7578
1201.1719
1201.1719
1181.6406
1181.6406
1230.4687
1230.4687
1289.0625
1289.0625
1342.7734
1342.7734
1445.3125
1445.3125
1655.2734
1655.2734
1801.7578
1801.7578
1791.9922
1791.9922
1596.6797
1596.6797
1162.1094
1162.1094
512.6953
512.6953
0.0000
0.0000
0.0000
0.0000
0.0000
0.0000
0.0000
0.0000
0.0000
0.0000
0.0000
0.0000
0.0000
0.0000
0.0000
0.0000
0.0000
0.0000
0.0000
0.0000
0.0000
0.0000
0.0000
0.0000
0.0000
0.0000
0.0000
0.0000
0.0000
0.0000
0.0000
0.0000
0.0000
0.0000
0.0000
0.0000
0.0000
0.0000
0.0000
0.0000
0.0000
0.0000
0.0000
0.0000
0.0000
0.0000
0.0000
0.0000
0.0000
0.0000
0.0000
0.0000
0.0000
0.0000
102.5391
102.5391
180.6641
180.6641
239.2578
239.2578
361.3281
361.3281
439.4531
439.4531
463.8672
463.8672
488.2812
488.2812
571.2891
571.2891
581.0547
581.0547
546.8750
546.8750
576.1719
576.1719
620.1172
620.1172
625.0000
625.0000
595.7031
595.7031
634.7656
634.7656
625.0000
625.0000
585.9375
585.9375
595.7031
595.7031
664.0625
664.0625
722.6562
722.6562
830.0781
830.0781
1074.2187
1074.2187
1298.8281
1298.8281
1411.1328
1411.1328
1386.7187
1386.7187
1274.4141
1274.4141
942.3828
942.3828
541.9922
541.9922
268.5547
268.5547
166.0156
166.0156
141.6016
141.6016
126.9531
126.9531
131.8359
131.8359
0.0000
0.0000
0.0000
0.0000
0.0000
0.0000
0.0000
0.0000
0.0000
0.0000
0.0000
0.0000
0.0000
0.0000
0.0000
0.0000
0.0000
0.0000
0.0000
0.0000
0.0000
0.0000
0.0000
0.0000
0.0000
0.0000
0.0000
0.0000
0.0000
0.0000
0.0000
0.0000
0.0000
0.0000
0.0000
0.0000
0.0000
0.0000
0.0000
0.0000
0.0000
0.0000
0.0000
0.0000
0.0000
0.0000
0.0000
0.0000
14.6484
14.6484
122.0703
122.0703
170.8984
170.8984
200.1953
200.1953
307.6172
307.6172
371.0937
371.0937
385.7422
385.7422
424.8047
424.8047
507.8125
507.8125
522.4609
522.4609
517.5781
517.5781
585.9375
585.9375
664.0625
664.0625
722.6562
722.6562
805.6641
805.6641
966.7969
966.7969
1069.3359
1069.3359
1123.0469
1123.0469
1196.2891
1196.2891
1289.0625
1289.0625
1347.6562
1347.6562
1420.8984
1420.8984
1601.5625
1601.5625
1738.2812
1738.2812
1713.8672
1713.8672
1508.7891
1508.7891
1166.9922
1166.9922
654.2969
654.2969
166.0156
166.0156
0.0000
0.0000
0.0000
0.0000
0.0000
0.0000
0.0000
0.0000
0.0000
0.0000
0.0000
0.0000
0.0000
0.0000
0.0000
0.0000
0.0000
0.0000
0.0000
0.0000
0.0000
0.0000
0.0000
0.0000
0.0000
0.0000
0.0000
0.0000
0.0000
0.0000
0.0000
0.0000
0.0000
0.0000
0.0000
0.0000
0.0000
0.0000
0.0000
0.0000
0.0000
0.0000
0.0000
0.0000
0.0000
0.0000
0.0000
0.0000
0.0000
0.0000
0.0000
0.0000
58.5937
58.5937
126.9531
126.9531
166.0156
166.0156
263.6719
263.6719
361.3281
361.3281
385.7422
385.7422
375.9766
375.9766
434.5703
434.5703
458.9844
458.9844
458.9844
458.9844
488.2812
488.2812
566.4062
566.4062
590.8203
590.8203
585.9375
585.9375
673.8281
673.8281
766.6016
766.6016
815.4297
815.4297
844.7266
844.7266
932.6172
932.6172
957.0312
957.0312
947.2656
947.2656
996.0937
996.0937
1118.1641
1118.1641
1250.0000
1250.0000
1372.0703
1372.0703
1484.3750
1484.3750
1416.0156
1416.0156
1103.5156
1103.5156
644.5312
644.5312
244.1406
244.1406
0.0000
0.0000
0.0000
0.0000
0.0000
0.0000
0.0000
0.0000
0.0000
0.0000
0.0000
0.0000
0.0000
0.0000
0.0000
0.0000
0.0000
0.0000
0.0000
0.0000
0.0000
0.0000
0.0000
0.0000
0.0000
0.0000
0.0000
0.0000
0.0000
0.0000
0.0000
0.0000
0.0000
0.0000
0.0000
0.0000
0.0000
0.0000
0.0000
0.0000
0.0000
0.0000
0.0000
0.0000
0.0000
0.0000
0.0000
0.0000
0.0000
0.0000
0.0000
0.0000
0.0000
0.0000
0.0000
0.0000
0.0000
0.0000
0.0000
0.0000
0.0000
0.0000
97.6562
97.6562
200.1953
200.1953
239.2578
239.2578
253.9062
253.9062
336.9141
336.9141
380.8594
380.8594
380.8594
380.8594
439.4531
439.4531
537.1094
537.1094
590.8203
590.8203
625.0000
625.0000
732.4219
732.4219
820.3125
820.3125
854.4922
854.4922
878.9062
878.9062
952.1484
952.1484
966.7969
966.7969
991.2109
991.2109
1123.0469
1123.0469
1303.7109
1303.7109
1372.0703
1372.0703
1284.1797
1284.1797
1088.8672
1088.8672
712.8906
712.8906
273.4375
273.4375
0.0000
0.0000
0.0000
0.0000
0.0000
0.0000
0.0000
0.0000
0.0000
0.0000
0.0000
0.0000
0.0000
0.0000
0.0000
0.0000
0.0000
0.0000
0.0000
0.0000
0.0000
0.0000
0.0000
0.0000
0.0000
0.0000
0.0000
0.0000
0.0000
0.0000
0.0000
0.0000
0.0000
0.0000
0.0000
0.0000
0.0000
0.0000
0.0000
0.0000
0.0000
0.0000
0.0000
0.0000
0.0000
0.0000
9.7656
9.7656
107.4219
107.4219
175.7812
175.7812
302.7344
302.7344
361.3281
361.3281
375.9766
375.9766
405.2734
405.2734
468.7500
468.7500
473.6328
473.6328
439.4531
439.4531
478.5156
478.5156
512.6953
512.6953
517.5781
517.5781
541.9922
541.9922
634.7656
634.7656
668.9453
668.9453
673.8281
673.8281
742.1875
742.1875
830.0781
830.0781
869.1406
869.1406
878.9062
878.9062
922.8516
922.8516
917.9687
917.9687
878.9062
878.9062
878.9062
878.9062
952.1484
952.1484
1040.0391
1040.0391
1186.5234
1186.5234
1401.3672
1401.3672
1562.5000
1562.5000
1542.9687
1542.9687
1318.3594
1318.3594
966.7969
966.7969
502.9297
502.9297
83.0078
83.0078
0.0000
0.0000
0.0000
0.0000
0.0000
0.0000
0.0000
0.0000
0.0000
0.0000
0.0000
0.0000
0.0000
0.0000
0.0000
0.0000
0.0000
0.0000
0.0000
0.0000
0.0000
0.0000
0.0000
0.0000
0.0000
0.0000
0.0000
0.0000
0.0000
0.0000
0.0000
0.0000
0.0000
0.0000
0.0000
0.0000
0.0000
0.0000
0.0000
0.0000
0.0000
0.0000
0.0000
0.0000
0.0000
0.0000
0.0000
0.0000
0.0000
0.0000
0.0000
0.0000
0.0000
0.0000
0.0000
0.0000
0.0000
0.0000
24.4141
24.4141
131.8359
131.8359
219.7266
219.7266
268.5547
395.5078
395.5078
493.1641
493.1641
537.1094
537.1094
590.8203
590.8203
590.8203
712.8906
712.8906
776.3672
776.3672
786.1328
786.1328
834.9609
834.9609
893.5547
893.5547
903.3203
888.6719
888.6719
957.0312
957.0312
991.2109
991.2109
991.2109
1000.9766
1000.9766
1069.3359
1069.3359
1240.2344
1240.2344
1362.3047
1362.3047
1372.0703
1372.0703
1279.2969
1279.2969
1000.9766
1000.9766
615.2344
615.2344
288.0859
141.6016
141.6016
141.6016
29.2969
29.2969
0.0000
0.0000
0.0000
0.0000
0.0000
0.0000
0.0000
0.0000
0.0000
0.0000
0.0000
0.0000
0.0000
0.0000
0.0000
0.0000
0.0000
0.0000
0.0000
0.0000
0.0000
0.0000
0.0000
0.0000
0.0000
0.0000
0.0000
0.0000
0.0000
0.0000
0.0000
0.0000
0.0000
0.0000
0.0000
0.0000
0.0000
0.0000
0.0000
0.0000
0.0000
0.0000
0.0000
0.0000
0.0000
0.0000
0.0000
0.0000
0.0000
39.0625
39.0625
73.2422
73.2422
166.0156
166.0156
224.6094
224.6094
258.7891
258.7891
332.0312
332.0312
424.8047
424.8047
458.9844
458.9844
463.8672
463.8672
527.3437
527.3437
566.4062
566.4062
571.2891
571.2891
600.5859
600.5859
683.5937
683.5937
717.7734
717.7734
717.7734
717.7734
761.7187
761.7187
800.7812
800.7812
795.8984
795.8984
781.2500
781.2500
864.2578
864.2578
966.7969
966.7969
1118.1641
1118.1641
1342.7734
1342.7734
1577.1484
1577.1484
1640.6250
1640.6250
1474.6094
1474.6094
1127.9297
1127.9297
629.8828
629.8828
126.9531
126.9531
0.0000
0.0000
0.0000
0.0000
0.0000
0.0000
0.0000
0.0000
0.0000
0.0000
0.0000
0.0000
0.0000
0.0000
0.0000
0.0000
0.0000
0.0000
0.0000
0.0000
0.0000
0.0000
0.0000
0.0000
0.0000
0.0000
0.0000
0.0000
0.0000
0.0000
0.0000
0.0000
0.0000
0.0000
0.0000
0.0000
0.0000
0.0000
0.0000
0.0000
0.0000
0.0000
0.0000
0.0000
0.0000
0.0000
0.0000
0.0000
0.0000
0.0000
0.0000
0.0000
0.0000
0.0000
0.0000
0.0000
63.4766
63.4766
136.7187
136.7187
273.4375
273.4375
366.2109
366.2109
419.9219
419.9219
493.1641
493.1641
576.1719
576.1719
605.4687
605.4687
605.4687
605.4687
678.7109
678.7109
703.1250
703.1250
703.1250
703.1250
737.3047
737.3047
839.8437
839.8437
903.3203
903.3203
937.5000
937.5000
1030.2734
1030.2734
1127.9297
1127.9297
1186.5234
1186.5234
1245.1172
1245.1172
1420.8984
1420.8984
1596.6797
1596.6797
1743.1641
1743.1641
1831.0547
1831.0547
1796.8750
1796.8750
1479.4922
1479.4922
917.9687
917.9687
356.4453
356.4453
0.0000
0.0000
0.0000
0.0000
0.0000
0.0000
0.0000
0.0000
0.0000
0.0000
0.0000
0.0000
0.0000
0.0000
0.0000
0.0000
0.0000
0.0000
0.0000
0.0000
0.0000
0.0000
0.0000
0.0000
0.0000
0.0000
0.0000
0.0000
0.0000
0.0000
0.0000
0.0000
0.0000
0.0000
0.0000
0.0000
0.0000
0.0000
0.0000
0.0000
0.0000
0.0000
0.0000
0.0000
0.0000
0.0000
0.0000
0.0000
0.0000
0.0000
0.0000
0.0000
0.0000
0.0000
73.2422
73.2422
200.1953
200.1953
302.7344
302.7344
346.6797
346.6797
395.5078
395.5078
493.1641
493.1641
522.4609
522.4609
488.2812
488.2812
493.1641
493.1641
507.8125
507.8125
502.9297
502.9297
498.0469
498.0469
566.4062
566.4062
600.5859
600.5859
595.7031
595.7031
620.1172
620.1172
703.1250
703.1250
737.3047
737.3047
747.0703
747.0703
820.3125
820.3125
888.6719
888.6719
966.7969
966.7969
1093.7500
1093.7500
1303.7109
1303.7109
1401.3672
1401.3672
1328.1250
1328.1250
1083.9844
1083.9844
673.8281
673.8281
190.4297
190.4297
0.0000
0.0000
0.0000
0.0000
0.0000
0.0000
0.0000
0.0000
0.0000
0.0000
0.0000
0.0000
0.0000
0.0000
0.0000
0.0000
0.0000
0.0000
0.0000
0.0000
0.0000
0.0000
0.0000
0.0000
0.0000
0.0000
0.0000
0.0000
0.0000
0.0000
0.0000
0.0000
0.0000
0.0000
0.0000
0.0000
0.0000
0.0000
0.0000
0.0000
0.0000
0.0000
0.0000
0.0000
0.0000
0.0000
0.0000
0.0000
0.0000
0.0000
0.0000
0.0000
0.0000
0.0000
0.0000
0.0000
0.0000
0.0000
0.0000
0.0000
117.1875
117.1875
234.3750
234.3750
307.6172
307.6172
385.7422
385.7422
498.0469
498.0469
537.1094
537.1094
541.9922
541.9922
615.2344
615.2344
693.3594
693.3594
742.1875
742.1875
786.1328
786.1328
903.3203
903.3203
976.5625
976.5625
1010.7422
1010.7422
1064.4531
1064.4531
1142.5781
1142.5781
1157.2266
1157.2266
1142.5781
1142.5781
1220.7031
1220.7031
1323.2422
1323.2422
1411.1328
1411.1328
1464.8437
1464.8437
1445.3125
1445.3125
1191.4062
1191.4062
732.4219
732.4219
317.3828
317.3828
0.0000
0.0000
0.0000
0.0000
0.0000
0.0000
0.0000
0.0000
0.0000
0.0000
0.0000
0.0000
0.0000
0.0000
0.0000
0.0000
0.0000
0.0000
0.0000
0.0000
0.0000
0.0000
0.0000
0.0000
0.0000
0.0000
0.0000
0.0000
0.0000
0.0000
0.0000
0.0000
0.0000
0.0000
0.0000
0.0000
0.0000
0.0000
0.0000
0.0000
0.0000
0.0000
0.0000
0.0000
0.0000
0.0000
0.0000
0.0000
0.0000
0.0000
0.0000
0.0000
73.2422
73.2422
122.0703
122.0703
229.4922
229.4922
317.3828
317.3828
341.7969
341.7969
327.1484
327.1484
371.0937
371.0937
375.9766
375.9766
346.6797
346.6797
361.3281
361.3281
424.8047
424.8047
444.3359
444.3359
439.4531
439.4531
532.2266
532.2266
605.4687
605.4687
649.4141
649.4141
693.3594
693.3594
795.8984
795.8984
839.8437
839.8437
854.4922
854.4922
913.0859
913.0859
1000.9766
1000.9766
1108.3984
1108.3984
1254.8828
1254.8828
1469.7266
1469.7266
1562.5000
1562.5000
1401.3672
1401.3672
1015.6250
1015.6250
576.1719
576.1719
161.1328
161.1328
0.0000
0.0000
0.0000
0.0000
78.1250
78.1250
78.1250
78.1250
0.0000
0.0000
0.0000
0.0000
0.0000
0.0000
0.0000
0.0000
0.0000
0.0000
0.0000
0.0000
0.0000
0.0000
0.0000
0.0000
0.0000
0.0000
0.0000
0.0000
0.0000
0.0000
0.0000
0.0000
0.0000
0.0000
0.0000
0.0000
0.0000
0.0000
0.0000
0.0000
0.0000
0.0000
0.0000
0.0000
0.0000
0.0000
0.0000
0.0000
0.0000
0.0000
0.0000
0.0000
0.0000
0.0000
53.7109
53.7109
112.3047
112.3047
136.7187
136.7187
219.7266
219.7266
297.8516
297.8516
327.1484
327.1484
356.4453
356.4453
463.8672
463.8672
512.6953
512.6953
522.4609
522.4609
595.7031
595.7031
712.8906
712.8906
795.8984
795.8984
859.3750
859.3750
986.3281
986.3281
1079.1016
1079.1016
1118.1641
1118.1641
1147.4609
1147.4609
1210.9375
1210.9375
1210.9375
1210.9375
1171.8750
1171.8750
1191.4062
1191.4062
1274.4141
1274.4141
1367.1875
1367.1875
1474.6094
1474.6094
1582.0312
1582.0312
1508.7891
1508.7891
1196.2891
1196.2891
756.8359
756.8359
356.4453
356.4453
14.6484
14.6484
0.0000
0.0000
0.0000
0.0000
0.0000
0.0000
0.0000
0.0000
0.0000
0.0000
0.0000
0.0000
0.0000
0.0000
0.0000
0.0000
0.0000
0.0000
0.0000
0.0000
0.0000
0.0000
0.0000
0.0000
0.0000
0.0000
0.0000
0.0000
0.0000
0.0000
0.0000
0.0000
0.0000
0.0000
0.0000
0.0000
0.0000
0.0000
0.0000
0.0000
0.0000
0.0000
0.0000
0.0000
0.0000
0.0000
0.0000
0.0000
0.0000
0.0000
0.0000
0.0000
0.0000
0.0000
68.3594
68.3594
112.3047
112.3047
117.1875
117.1875
190.4297
190.4297
239.2578
239.2578
253.9062
253.9062
273.4375
273.4375
385.7422
385.7422
444.3359
444.3359
458.9844
458.9844
522.4609
522.4609
605.4687
605.4687
639.6484
639.6484
654.2969
654.2969
732.4219
732.4219
766.6016
766.6016
747.0703
747.0703
737.3047
737.3047
800.7812
800.7812
854.4922
854.4922
952.1484
952.1484
1162.1094
1162.1094
1357.4219
1357.4219
1420.8984
1420.8984
1293.9453
1293.9453
1010.7422
1010.7422
561.5234
561.5234
122.0703
122.0703
0.0000
0.0000
0.0000
0.0000
9.7656
9.7656
14.6484
14.6484
0.0000
0.0000
0.0000
0.0000
0.0000
0.0000
0.0000
0.0000
0.0000
0.0000
0.0000
0.0000
0.0000
0.0000
0.0000
0.0000
0.0000
0.0000
0.0000
0.0000
0.0000
0.0000
0.0000
0.0000
0.0000
0.0000
0.0000
0.0000
0.0000
0.0000
0.0000
0.0000
0.0000
0.0000
0.0000
0.0000
0.0000
0.0000
0.0000
0.0000
0.0000
0.0000
0.0000
0.0000
0.0000
0.0000
0.0000
0.0000
0.0000
0.0000
0.0000
0.0000
92.7734
92.7734
190.4297
190.4297
268.5547
268.5547
400.3906
400.3906
498.0469
498.0469
546.8750
546.8750
590.8203
590.8203
698.2422
698.2422
771.4844
771.4844
810.5469
810.5469
893.5547
893.5547
961.9141
961.9141
976.5625
976.5625
971.6797
971.6797
1044.9219
1044.9219
1083.9844
1083.9844
1079.1016
1079.1016
1088.8672
1088.8672
1171.8750
1171.8750
1284.1797
1284.1797
1401.3672
1401.3672
1494.1406
1420.8984
1420.8984
1074.2187
1074.2187
590.8203
590.8203
224.6094
224.6094
0.0000
0.0000
0.0000
0.0000
0.0000
0.0000
0.0000
0.0000
0.0000
0.0000
0.0000
0.0000
0.0000
0.0000
0.0000
0.0000
0.0000
0.0000
0.0000
0.0000
0.0000
0.0000
0.0000
0.0000
0.0000
0.0000
0.0000
0.0000
0.0000
0.0000
0.0000
0.0000
0.0000
0.0000
0.0000
0.0000
0.0000
0.0000
0.0000
0.0000
0.0000
0.0000
0.0000
0.0000
0.0000
0.0000
0.0000
0.0000
0.0000
0.0000
0.0000
0.0000
0.0000
0.0000
0.0000
0.0000
48.8281
48.8281
97.6562
97.6562
97.6562
136.7187
209.9609
209.9609
307.6172
307.6172
371.0937
371.0937
395.5078
395.5078
478.5156
478.5156
527.3437
527.3437
546.8750
546.8750
566.4062
566.4062
634.7656
634.7656
668.9453
668.9453
678.7109
678.7109
722.6562
722.6562
761.7187
761.7187
756.8359
756.8359
737.3047
737.3047
815.4297
815.4297
913.0859
913.0859
1064.4531
1064.4531
1298.8281
1298.8281
1547.8516
1547.8516
1616.2109
1616.2109
1435.5469
1435.5469
1079.1016
1079.1016
595.7031
595.7031
161.1328
161.1328
0.0000
0.0000
0.0000
0.0000
0.0000
0.0000
0.0000
0.0000
0.0000
0.0000
0.0000
0.0000
0.0000
0.0000
0.0000
0.0000
0.0000
0.0000
0.0000
0.0000
0.0000
0.0000
0.0000
0.0000
0.0000
0.0000
0.0000
0.0000
0.0000
0.0000
0.0000
0.0000
0.0000
0.0000
0.0000
0.0000
0.0000
0.0000
0.0000
0.0000
0.0000
0.0000
0.0000
0.0000
0.0000
0.0000
0.0000
0.0000
0.0000
0.0000
0.0000
0.0000
0.0000
0.0000
0.0000
0.0000
0.0000
0.0000
68.3594
68.3594
249.0234
249.0234
366.2109
366.2109
424.8047
424.8047
522.4609
522.4609
629.8828
629.8828
688.4766
688.4766
737.3047
737.3047
849.6094
849.6094
913.0859
913.0859
917.9687
917.9687
961.9141
961.9141
1049.8047
1049.8047
1088.8672
1088.8672
1093.7500
1093.7500
1142.5781
1142.5781
1181.6406
1181.6406
1186.5234
1186.5234
1230.4687
1230.4687
1401.3672
1401.3672
1538.0859
1538.0859
1562.5000
1562.5000
1445.3125
1445.3125
1118.1641
1118.1641
561.5234
561.5234
0.0000
0.0000
0.0000
0.0000
0.0000
0.0000
0.0000
0.0000
0.0000
0.0000
0.0000
0.0000
0.0000
0.0000
0.0000
0.0000
0.0000
0.0000
0.0000
0.0000
0.0000
0.0000
0.0000
0.0000
0.0000
0.0000
0.0000
0.0000
0.0000
0.0000
0.0000
0.0000
0.0000
0.0000
0.0000
0.0000
0.0000
0.0000
0.0000
0.0000
0.0000
0.0000
0.0000
0.0000
0.0000
0.0000
0.0000
0.0000
0.0000
0.0000
0.0000
0.0000
73.2422
73.2422
190.4297
190.4297
268.5547
268.5547
327.1484
327.1484
444.3359
444.3359
517.5781
517.5781
546.8750
546.8750
585.9375
585.9375
678.7109
678.7109
703.1250
703.1250
688.4766
688.4766
712.8906
712.8906
732.4219
732.4219
708.0078
708.0078
683.5937
683.5937
737.3047
737.3047
756.8359
756.8359
727.5391
727.5391
732.4219
732.4219
761.7187
761.7187
737.3047
737.3047
708.0078
708.0078
756.8359
756.8359
839.8437
839.8437
947.2656
947.2656
1118.1641
1118.1641
1328.1250
1328.1250
1372.0703
1372.0703
1137.6953
1137.6953
698.2422
698.2422
195.3125
195.3125
0.0000
0.0000
0.0000
0.0000
0.0000
0.0000
0.0000
0.0000
0.0000
0.0000
0.0000
0.0000
0.0000
0.0000
0.0000
0.0000
0.0000
0.0000
0.0000
0.0000
0.0000
0.0000
0.0000
0.0000
0.0000
0.0000
0.0000
0.0000
0.0000
0.0000
0.0000
0.0000
0.0000
0.0000
0.0000
0.0000
0.0000
0.0000
0.0000
0.0000
0.0000
0.0000
0.0000
0.0000
0.0000
0.0000
0.0000
0.0000
0.0000
0.0000
0.0000
0.0000
0.0000
0.0000
0.0000
0.0000
0.0000
0.0000
0.0000
0.0000
0.0000
0.0000
161.1328
161.1328
273.4375
273.4375
322.2656
322.2656
375.9766
375.9766
468.7500
468.7500
498.0469
498.0469
507.8125
507.8125
585.9375
585.9375
649.4141
649.4141
673.8281
673.8281
683.5937
683.5937
776.3672
776.3672
844.7266
844.7266
883.7891
883.7891
961.9141
961.9141
1049.8047
1049.8047
1074.2187
1074.2187
1103.5156
1103.5156
1269.5312
1269.5312
1430.6641
1430.6641
1499.0234
1499.0234
1411.1328
1411.1328
1162.1094
1162.1094
683.5937
683.5937
180.6641
180.6641
0.0000
0.0000
0.0000
0.0000
0.0000
0.0000
0.0000
0.0000
0.0000
0.0000
0.0000
0.0000
0.0000
0.0000
0.0000
0.0000
0.0000
0.0000
0.0000
0.0000
0.0000
0.0000
0.0000
0.0000
0.0000
0.0000
0.0000
0.0000
0.0000
0.0000
0.0000
0.0000
0.0000
0.0000
0.0000
0.0000
0.0000
0.0000
0.0000
0.0000
0.0000
0.0000
0.0000
0.0000
0.0000
0.0000
0.0000
0.0000
0.0000
0.0000
73.2422
73.2422
219.7266
219.7266
297.8516
297.8516
322.2656
322.2656
390.6250
390.6250
458.9844
458.9844
473.6328
473.6328
463.8672
463.8672
517.5781
517.5781
527.3437
527.3437
498.0469
498.0469
507.8125
507.8125
561.5234
561.5234
581.0547
581.0547
581.0547
581.0547
668.9453
668.9453
747.0703
747.0703
791.0156
791.0156
839.8437
839.8437
937.5000
937.5000
971.6797
971.6797
976.5625
976.5625
1049.8047
1049.8047
1186.5234
1186.5234
1352.5391
1352.5391
1503.9062
1503.9062
1635.7422
1635.7422
1538.0859
1538.0859
1113.2812
1113.2812
512.6953
512.6953
0.0000
0.0000
0.0000
0.0000
0.0000
0.0000
0.0000
0.0000
0.0000
0.0000
0.0000
0.0000
0.0000
0.0000
0.0000
0.0000
0.0000
0.0000
0.0000
0.0000
0.0000
0.0000
0.0000
0.0000
0.0000
0.0000
0.0000
0.0000
0.0000
0.0000
0.0000
0.0000
0.0000
0.0000
0.0000
0.0000
0.0000
0.0000
0.0000
0.0000
0.0000
0.0000
0.0000
0.0000
0.0000
0.0000
0.0000
0.0000
0.0000
0.0000
0.0000
0.0000
0.0000
0.0000
0.0000
0.0000
4.8828
4.8828
97.6562
97.6562
141.6016
141.6016
151.3672
151.3672
214.8437
214.8437
258.7891
258.7891
273.4375
273.4375
283.2031
283.2031
375.9766
375.9766
439.4531
439.4531
468.7500
468.7500
532.2266
532.2266
625.0000
625.0000
683.5937
683.5937
717.7734
717.7734
815.4297
815.4297
883.7891
883.7891
898.4375
898.4375
922.8516
922.8516
996.0937
996.0937
1015.6250
1015.6250
1064.4531
1064.4531
1230.4687
1230.4687
1430.6641
1430.6641
1523.4375
1523.4375
1445.3125
1445.3125
1254.8828
1254.8828
869.1406
869.1406
400.3906
400.3906
53.7109
53.7109
0.0000
0.0000
0.0000
0.0000
0.0000
0.0000
0.0000
0.0000
0.0000
0.0000
0.0000
0.0000
0.0000
0.0000
0.0000
0.0000
0.0000
0.0000
0.0000
0.0000
0.0000
0.0000
0.0000
0.0000
0.0000
0.0000
0.0000
0.0000
0.0000
0.0000
0.0000
0.0000
0.0000
0.0000
0.0000
0.0000
0.0000
0.0000
0.0000
0.0000
0.0000
0.0000
0.0000
0.0000
0.0000
0.0000
0.0000
0.0000
0.0000
0.0000
0.0000
0.0000
63.4766
63.4766
87.8906
87.8906
131.8359
131.8359
214.8437
214.8437
258.7891
258.7891
253.9062
253.9062
307.6172
307.6172
341.7969
341.7969
346.6797
346.6797
366.2109
366.2109
483.3984
483.3984
571.2891
571.2891
615.2344
615.2344
693.3594
693.3594
761.7187
761.7187
771.4844
771.4844
747.0703
747.0703
786.1328
786.1328
786.1328
786.1328
737.3047
737.3047
737.3047
737.3047
859.3750
859.3750
1000.9766
1000.9766
1108.3984
1108.3984
1142.5781
1142.5781
932.6172
932.6172
502.9297
502.9297
73.2422
73.2422
0.0000
0.0000
0.0000
0.0000
48.8281
48.8281
170.8984
170.8984
195.3125
195.3125
9.7656
9.7656
0.0000
0.0000
0.0000
0.0000
0.0000
0.0000
0.0000
0.0000
0.0000
0.0000
0.0000
0.0000
0.0000
0.0000
0.0000
0.0000
0.0000
0.0000
0.0000
0.0000
0.0000
0.0000
0.0000
0.0000
0.0000
0.0000
0.0000
0.0000
0.0000
0.0000
0.0000
0.0000
0.0000
0.0000
0.0000
0.0000
0.0000
0.0000
0.0000
0.0000
0.0000
0.0000
0.0000
0.0000
0.0000
0.0000
58.5937
58.5937
102.5391
102.5391
122.0703
122.0703
170.8984
170.8984
263.6719
263.6719
307.6172
307.6172
361.3281
361.3281
493.1641
493.1641
605.4687
605.4687
664.0625
664.0625
727.5391
727.5391
849.6094
849.6094
927.7344
927.7344
981.4453
981.4453
1069.3359
1069.3359
1147.4609
1147.4609
1162.1094
1162.1094
1142.5781
1142.5781
1196.2891
1196.2891
1240.2344
1240.2344
1318.3594
1318.3594
1469.7266
1469.7266
1635.7422
1635.7422
1611.3281
1611.3281
1362.3047
1362.3047
996.0937
996.0937
590.8203
590.8203
249.0234
249.0234
43.9453
43.9453
0.0000
0.0000
0.0000
0.0000
0.0000
0.0000
0.0000
0.0000
0.0000
0.0000
0.0000
0.0000
0.0000
0.0000
0.0000
0.0000
0.0000
0.0000
0.0000
0.0000
0.0000
0.0000
0.0000
0.0000
0.0000
0.0000
0.0000
0.0000
0.0000
0.0000
0.0000
0.0000
0.0000
0.0000
0.0000
0.0000
0.0000
0.0000
0.0000
0.0000
0.0000
0.0000
0.0000
0.0000
0.0000
0.0000
0.0000
0.0000
0.0000
0.0000
0.0000
0.0000
97.6562
166.0156
166.0156
219.7266
219.7266
346.6797
346.6797
405.2734
405.2734
419.9219
419.9219
419.9219
473.6328
473.6328
566.4062
566.4062
629.8828
629.8828
664.0625
664.0625
766.6016
830.0781
830.0781
849.6094
849.6094
849.6094
849.6094
903.3203
903.3203
903.3203
898.4375
898.4375
849.6094
849.6094
869.1406
869.1406
937.5000
937.5000
1044.9219
1044.9219
1196.2891
1411.1328
1411.1328
1450.1953
1450.1953
1196.2891
1196.2891
751.9531
751.9531
751.9531
302.7344
0.0000
0.0000
0.0000
0.0000
0.0000
0.0000
97.6562
97.6562
43.9453
43.9453
0.0000
0.0000
0.0000
0.0000
0.0000
0.0000
0.0000
0.0000
0.0000
0.0000
0.0000
0.0000
0.0000
0.0000
0.0000
0.0000
0.0000
0.0000
0.0000
0.0000
0.0000
0.0000
0.0000
0.0000
0.0000
0.0000
0.0000
0.0000
0.0000
0.0000
0.0000
0.0000
0.0000
0.0000
0.0000
0.0000
0.0000
0.0000
0.0000
0.0000
0.0000
0.0000
0.0000
0.0000
0.0000
0.0000
0.0000
0.0000
0.0000
0.0000
4.8828
4.8828
83.0078
83.0078
146.4844
146.4844
175.7812
175.7812
224.6094
224.6094
371.0937
371.0937
468.7500
468.7500
537.1094
537.1094
649.4141
649.4141
766.6016
766.6016
825.1953
825.1953
859.3750
859.3750
957.0312
957.0312
1015.6250
1015.6250
1035.1562
1035.1562
1064.4531
1064.4531
1123.0469
1123.0469
1132.8125
1132.8125
1157.2266
1157.2266
1293.9453
1293.9453
1469.7266
1469.7266
1538.0859
1538.0859
1445.3125
1445.3125
1196.2891
1196.2891
737.3047
737.3047
239.2578
239.2578
0.0000
0.0000
0.0000
0.0000
0.0000
0.0000
0.0000
0.0000
0.0000
0.0000
0.0000
0.0000
0.0000
0.0000
0.0000
0.0000
0.0000
0.0000
0.0000
0.0000
0.0000
0.0000
0.0000
0.0000
0.0000
0.0000
0.0000
0.0000
0.0000
0.0000
0.0000
0.0000
0.0000
0.0000
0.0000
0.0000
0.0000
0.0000
0.0000
0.0000
0.0000
0.0000
0.0000
0.0000
0.0000
0.0000
0.0000
0.0000
0.0000
0.0000
0.0000
0.0000
68.3594
68.3594
122.0703
122.0703
146.4844
146.4844
205.0781
205.0781
297.8516
297.8516
361.3281
361.3281
395.5078
395.5078
493.1641
493.1641
571.2891
571.2891
610.3516
610.3516
644.5312
644.5312
742.1875
742.1875
791.0156
791.0156
786.1328
786.1328
815.4297
815.4297
834.9609
834.9609
805.6641
805.6641
742.1875
742.1875
751.9531
751.9531
727.5391
727.5391
722.6562
722.6562
805.6641
805.6641
1020.5078
1020.5078
1201.1719
1201.1719
1303.7109
1303.7109
1303.7109
1303.7109
1059.5703
1059.5703
561.5234
561.5234
73.2422
73.2422
0.0000
0.0000
0.0000
0.0000
0.0000
0.0000
0.0000
0.0000
0.0000
0.0000
0.0000
0.0000
0.0000
0.0000
0.0000
0.0000
0.0000
0.0000
0.0000
0.0000
0.0000
0.0000
0.0000
0.0000
0.0000
0.0000
0.0000
0.0000
0.0000
0.0000
0.0000
0.0000
0.0000
0.0000
0.0000
0.0000
0.0000
0.0000
0.0000
0.0000
0.0000
0.0000
0.0000
0.0000
0.0000
0.0000
0.0000
0.0000
0.0000
0.0000
0.0000
0.0000
0.0000
0.0000
0.0000
0.0000
0.0000
0.0000
0.0000
0.0000
0.0000
0.0000
24.4141
24.4141
151.3672
151.3672
292.9687
292.9687
371.0937
371.0937
419.9219
419.9219
527.3437
527.3437
595.7031
595.7031
625.0000
625.0000
654.2969
654.2969
722.6562
722.6562
732.4219
732.4219
722.6562
722.6562
791.0156
791.0156
864.2578
864.2578
903.3203
903.3203
917.9687
917.9687
996.0937
996.0937
1049.8047
1049.8047
1118.1641
1118.1641
1298.8281
1298.8281
1547.8516
1547.8516
1674.8047
1674.8047
1640.6250
1640.6250
1474.6094
1474.6094
1064.4531
1064.4531
488.2812
488.2812
0.0000
0.0000
0.0000
0.0000
0.0000
0.0000
0.0000
0.0000
0.0000
0.0000
0.0000
0.0000
0.0000
0.0000
0.0000
0.0000
0.0000
0.0000
0.0000
0.0000
0.0000
0.0000
0.0000
0.0000
0.0000
0.0000
0.0000
0.0000
0.0000
0.0000
0.0000
0.0000
0.0000
0.0000
0.0000
0.0000
0.0000
0.0000
0.0000
0.0000
0.0000
0.0000
0.0000
0.0000
0.0000
0.0000
0.0000
0.0000
0.0000
0.0000
0.0000
0.0000
112.3047
112.3047
205.0781
205.0781
268.5547
268.5547
351.5625
351.5625
502.9297
502.9297
585.9375
585.9375
615.2344
615.2344
678.7109
678.7109
737.3047
737.3047
737.3047
737.3047
722.6562
722.6562
781.2500
781.2500
800.7812
800.7812
771.4844
771.4844
751.9531
751.9531
751.9531
751.9531
703.1250
703.1250
639.6484
639.6484
664.0625
664.0625
703.1250
703.1250
771.4844
771.4844
922.8516
922.8516
1171.8750
1171.8750
1318.3594
1318.3594
1333.0078
1333.0078
1206.0547
1206.0547
893.5547
893.5547
419.9219
419.9219
0.0000
0.0000
0.0000
0.0000
0.0000
0.0000
0.0000
0.0000
0.0000
0.0000
0.0000
0.0000
0.0000
0.0000
0.0000
0.0000
0.0000
0.0000
0.0000
0.0000
0.0000
0.0000
0.0000
0.0000
0.0000
0.0000
0.0000
0.0000
0.0000
0.0000
0.0000
0.0000
0.0000
0.0000
0.0000
0.0000
0.0000
0.0000
0.0000
0.0000
0.0000
0.0000
0.0000
0.0000
0.0000
0.0000
0.0000
0.0000
0.0000
0.0000
0.0000
0.0000
0.0000
0.0000
0.0000
0.0000
0.0000
0.0000
0.0000
0.0000
0.0000
0.0000
0.0000
0.0000
58.5937
58.5937
166.0156
166.0156
312.5000
312.5000
400.3906
400.3906
429.6875
429.6875
498.0469
498.0469
532.2266
532.2266
527.3437
527.3437
527.3437
527.3437
605.4687
605.4687
639.6484
639.6484
634.7656
634.7656
688.4766
688.4766
761.7187
761.7187
795.8984
795.8984
820.3125
820.3125
957.0312
957.0312
1113.2812
1113.2812
1269.5312
1269.5312
1362.3047
1362.3047
1357.4219
1357.4219
1093.7500
1093.7500
634.7656
634.7656
239.2578
239.2578
0.0000
0.0000
0.0000
0.0000
0.0000
0.0000
0.0000
0.0000
0.0000
0.0000
0.0000
0.0000
0.0000
0.0000
0.0000
0.0000
0.0000
0.0000
0.0000
0.0000
0.0000
0.0000
0.0000
0.0000
0.0000
0.0000
0.0000
0.0000
0.0000
0.0000
0.0000
0.0000
0.0000
0.0000
0.0000
0.0000
0.0000
0.0000
0.0000
0.0000
0.0000
0.0000
53.7109
53.7109
112.3047
112.3047
146.4844
146.4844
214.8437
214.8437
327.1484
327.1484
385.7422
385.7422
410.1562
410.1562
498.0469
498.0469
566.4062
566.4062
581.0547
581.0547
590.8203
590.8203
664.0625
664.0625
668.9453
668.9453
625.0000
625.0000
620.1172
620.1172
625.0000
625.0000
600.5859
600.5859
585.9375
585.9375
649.4141
649.4141
678.7109
678.7109
668.9453
668.9453
683.5937
683.5937
751.9531
751.9531
781.2500
781.2500
776.3672
776.3672
834.9609
834.9609
898.4375
898.4375
961.9141
961.9141
1083.9844
1083.9844
1328.1250
1328.1250
1503.9062
1503.9062
1547.8516
1547.8516
1469.7266
1469.7266
1230.4687
1230.4687
761.7187
761.7187
224.6094
224.6094
0.0000
0.0000
0.0000
0.0000
0.0000
0.0000
0.0000
0.0000
0.0000
0.0000
0.0000
0.0000
0.0000
0.0000
0.0000
0.0000
0.0000
0.0000
0.0000
0.0000
0.0000
0.0000
0.0000
0.0000
0.0000
0.0000
0.0000
0.0000
0.0000
0.0000
0.0000
0.0000
0.0000
0.0000
0.0000
0.0000
0.0000
0.0000
0.0000
0.0000
0.0000
0.0000
0.0000
0.0000
0.0000
0.0000
0.0000
0.0000
0.0000
0.0000
0.0000
0.0000
0.0000
0.0000
24.4141
24.4141
19.5312
19.5312
92.7734
92.7734
156.2500
156.2500
170.8984
170.8984
175.7812
175.7812
258.7891
258.7891
283.2031
283.2031
278.3203
278.3203
312.5000
312.5000
385.7422
385.7422
415.0391
415.0391
444.3359
444.3359
566.4062
566.4062
664.0625
664.0625
717.7734
717.7734
761.7187
761.7187
859.3750
859.3750
893.5547
893.5547
908.2031
908.2031
1025.3906
1025.3906
1186.5234
1186.5234
1303.7109
1303.7109
1313.4766
1313.4766
1210.9375
1210.9375
878.9062
878.9062
410.1562
410.1562
24.4141
24.4141
0.0000
0.0000
0.0000
0.0000
0.0000
0.0000
0.0000
0.0000
0.0000
0.0000
0.0000
0.0000
0.0000
0.0000
0.0000
0.0000
0.0000
0.0000
0.0000
0.0000
0.0000
0.0000
0.0000
0.0000
0.0000
0.0000
0.0000
0.0000
0.0000
0.0000
0.0000
0.0000
0.0000
0.0000
0.0000
0.0000
0.0000
0.0000
0.0000
0.0000
0.0000
0.0000
0.0000
0.0000
0.0000
0.0000
0.0000
0.0000
0.0000
0.0000
0.0000
0.0000
58.5937
58.5937
92.7734
92.7734
166.0156
166.0156
268.5547
268.5547
297.8516
297.8516
283.2031
283.2031
332.0312
332.0312
356.4453
356.4453
336.9141
336.9141
346.6797
346.6797
424.8047
424.8047
454.1016
454.1016
454.1016
454.1016
532.2266
532.2266
625.0000
625.0000
673.8281
673.8281
703.1250
703.1250
800.7812
800.7812
854.4922
854.4922
864.2578
864.2578
888.6719
888.6719
966.7969
966.7969
1035.1562
1035.1562
1127.9297
1127.9297
1279.2969
1279.2969
1347.6562
1347.6562
1201.1719
1201.1719
815.4297
815.4297
380.8594
0.0000
0.0000
0.0000
0.0000
0.0000
0.0000
0.0000
0.0000
0.0000
0.0000
0.0000
0.0000
0.0000
0.0000
0.0000
0.0000
0.0000
0.0000
0.0000
0.0000
0.0000
0.0000
0.0000
0.0000
0.0000
0.0000
0.0000
0.0000
0.0000
0.0000
0.0000
0.0000
0.0000
0.0000
0.0000
0.0000
0.0000
0.0000
0.0000
0.0000
0.0000
0.0000
0.0000
0.0000
0.0000
0.0000
0.0000
0.0000
0.0000
0.0000
0.0000
0.0000
0.0000
0.0000
0.0000
0.0000
14.6484
14.6484
43.9453
43.9453
29.2969
29.2969
73.2422
73.2422
156.2500
156.2500
209.9609
209.9609
249.0234
249.0234
351.5625
351.5625
419.9219
419.9219
454.1016
454.1016
517.5781
517.5781
659.1797
659.1797
756.8359
756.8359
830.0781
830.0781
937.5000
937.5000
1030.2734
1030.2734
1069.3359
1069.3359
1083.9844
1083.9844
1147.4609
1147.4609
1162.1094
1162.1094
1166.9922
1166.9922
1259.7656
1259.7656
1445.3125
1445.3125
1557.6172
1557.6172
1538.0859
1538.0859
1396.4844
1396.4844
1015.6250
1015.6250
488.2812
488.2812
19.5312
19.5312
0.0000
0.0000
0.0000
0.0000
0.0000
0.0000
0.0000
0.0000
0.0000
0.0000
0.0000
0.0000
0.0000
0.0000
0.0000
0.0000
0.0000
0.0000
0.0000
0.0000
0.0000
0.0000
0.0000
0.0000
0.0000
0.0000
0.0000
0.0000
0.0000
0.0000
0.0000
0.0000
0.0000
0.0000
0.0000
0.0000
0.0000
0.0000
0.0000
0.0000
0.0000
0.0000
0.0000
0.0000
0.0000
0.0000
0.0000
0.0000
0.0000
0.0000
34.1797
34.1797
122.0703
122.0703
170.8984
170.8984
224.6094
224.6094
332.0312
332.0312
380.8594
380.8594
395.5078
395.5078
458.9844
458.9844
512.6953
512.6953
541.9922
541.9922
566.4062
566.4062
668.9453
668.9453
742.1875
742.1875
771.4844
771.4844
810.5469
810.5469
874.0234
874.0234
888.6719
888.6719
878.9062
878.9062
932.6172
932.6172
957.0312
957.0312
952.1484
952.1484
996.0937
996.0937
1186.5234
1186.5234
1347.6562
1347.6562
1435.5469
1435.5469
1445.3125
1445.3125
1269.5312
1269.5312
810.5469
810.5469
268.5547
268.5547
0.0000
0.0000
0.0000
0.0000
0.0000
0.0000
0.0000
0.0000
0.0000
0.0000
0.0000
0.0000
0.0000
0.0000
0.0000
0.0000
0.0000
0.0000
0.0000
0.0000
0.0000
0.0000
0.0000
0.0000
0.0000
0.0000
0.0000
0.0000
0.0000
0.0000
0.0000
0.0000
0.0000
0.0000
0.0000
0.0000
0.0000
0.0000
0.0000
0.0000
0.0000
0.0000
0.0000
0.0000
0.0000
0.0000
0.0000
0.0000
0.0000
0.0000
0.0000
0.0000
0.0000
0.0000
0.0000
0.0000
0.0000
0.0000
58.5937
58.5937
156.2500
156.2500
209.9609
209.9609
273.4375
273.4375
380.8594
380.8594
434.5703
434.5703
463.8672
463.8672
585.9375
585.9375
688.4766
688.4766
727.5391
727.5391
756.8359
756.8359
854.4922
854.4922
913.0859
913.0859
947.2656
947.2656
1020.5078
1020.5078
1088.8672
1088.8672
1083.9844
1083.9844
1064.4531
1064.4531
1166.9922
1166.9922
1313.4766
1313.4766
1469.7266
1469.7266
1586.9141
1586.9141
1616.2109
1616.2109
1396.4844
1396.4844
957.0312
957.0312
522.4609
522.4609
131.8359
131.8359
0.0000
0.0000
0.0000
0.0000
0.0000
0.0000
0.0000
0.0000
0.0000
0.0000
0.0000
0.0000
0.0000
0.0000
0.0000
0.0000
0.0000
0.0000
0.0000
0.0000
0.0000
0.0000
0.0000
0.0000
0.0000
0.0000
0.0000
0.0000
0.0000
0.0000
0.0000
0.0000
0.0000
0.0000
0.0000
0.0000
0.0000
0.0000
0.0000
0.0000
0.0000
0.0000
0.0000
0.0000
102.5391
102.5391
214.8437
214.8437
332.0312
332.0312
351.5625
351.5625
327.1484
327.1484
375.9766
375.9766
429.6875
429.6875
463.8672
463.8672
483.3984
483.3984
561.5234
561.5234
585.9375
585.9375
585.9375
585.9375
639.6484
639.6484
737.3047
737.3047
776.3672
776.3672
795.8984
795.8984
878.9062
878.9062
917.9687
917.9687
888.6719
888.6719
859.3750
859.3750
878.9062
878.9062
849.6094
849.6094
795.8984
795.8984
825.1953
825.1953
927.7344
927.7344
1069.3359
1069.3359
1215.8203
1215.8203
1362.3047
1362.3047
1352.5391
1352.5391
1147.4609
1147.4609
815.4297
815.4297
444.3359
444.3359
68.3594
68.3594
0.0000
0.0000
0.0000
0.0000
0.0000
0.0000
0.0000
0.0000
0.0000
0.0000
0.0000
0.0000
0.0000
0.0000
0.0000
0.0000
0.0000
0.0000
0.0000
0.0000
0.0000
0.0000
0.0000
0.0000
0.0000
0.0000
0.0000
0.0000
0.0000
0.0000
0.0000
0.0000
0.0000
0.0000
0.0000
0.0000
0.0000
0.0000
0.0000
0.0000
0.0000
0.0000
0.0000
0.0000
0.0000
0.0000
0.0000
0.0000
0.0000
0.0000
0.0000
0.0000
0.0000
0.0000
0.0000
0.0000
0.0000
0.0000
0.0000
0.0000
0.0000
0.0000
14.6484
14.6484
68.3594
68.3594
131.8359
131.8359
278.3203
278.3203
366.2109
366.2109
410.1562
410.1562
488.2812
488.2812
566.4062
566.4062
610.3516
610.3516
634.7656
634.7656
732.4219
732.4219
776.3672
776.3672
781.2500
781.2500
795.8984
795.8984
859.3750
859.3750
878.9062
878.9062
917.9687
917.9687
1079.1016
1079.1016
1269.5312
1269.5312
1372.0703
1372.0703
1328.1250
1328.1250
1162.1094
1162.1094
805.6641
805.6641
385.7422
385.7422
112.3047
112.3047
0.0000
0.0000
0.0000
0.0000
0.0000
0.0000
0.0000
0.0000
0.0000
0.0000
0.0000
0.0000
0.0000
0.0000
0.0000
0.0000
0.0000
0.0000
0.0000
0.0000
0.0000
0.0000
0.0000
0.0000
0.0000
0.0000
0.0000
0.0000
0.0000
0.0000
0.0000
0.0000
0.0000
0.0000
0.0000
0.0000
0.0000
0.0000
0.0000
0.0000
0.0000
0.0000
0.0000
0.0000
0.0000
0.0000
0.0000
0.0000
0.0000
0.0000
0.0000
0.0000
14.6484
14.6484
39.0625
39.0625
122.0703
122.0703
239.2578
239.2578
312.5000
312.5000
361.3281
361.3281
463.8672
463.8672
527.3437
527.3437
546.8750
546.8750
590.8203
590.8203
693.3594
693.3594
737.3047
737.3047
742.1875
742.1875
791.0156
791.0156
815.4297
815.4297
800.7812
800.7812
791.0156
791.0156
864.2578
864.2578
888.6719
888.6719
859.3750
859.3750
864.2578
864.2578
947.2656
947.2656
1044.9219
1044.9219
1191.4062
1191.4062
1391.6016
1391.6016
1479.4922
1479.4922
1352.5391
1352.5391
1035.1562
1035.1562
673.8281
673.8281
307.6172
307.6172
48.8281
48.8281
0.0000
0.0000
29.2969
29.2969
0.0000
0.0000
0.0000
0.0000
0.0000
0.0000
0.0000
0.0000
0.0000
0.0000
0.0000
0.0000
0.0000
0.0000
0.0000
0.0000
0.0000
0.0000
0.0000
0.0000
0.0000
0.0000
0.0000
0.0000
0.0000
0.0000
0.0000
0.0000
0.0000
0.0000
0.0000
0.0000
0.0000
0.0000
0.0000
0.0000
0.0000
0.0000
0.0000
0.0000
0.0000
0.0000
0.0000
0.0000
0.0000
0.0000
0.0000
0.0000
0.0000
0.0000
4.8828
4.8828
63.4766
63.4766
185.5469
185.5469
327.1484
327.1484
410.1562
410.1562
454.1016
454.1016
561.5234
561.5234
620.1172
620.1172
639.6484
639.6484
678.7109
678.7109
766.6016
766.6016
800.7812
800.7812
810.5469
810.5469
883.7891
883.7891
952.1484
952.1484
971.6797
971.6797
986.3281
986.3281
1079.1016
1079.1016
1127.9297
1127.9297
1186.5234
1186.5234
1342.7734
1342.7734
1547.8516
1547.8516
1640.6250
1640.6250
1572.2656
1572.2656
1391.6016
1391.6016
1020.5078
1020.5078
551.7578
551.7578
170.8984
170.8984
0.0000
0.0000
0.0000
0.0000
0.0000
0.0000
0.0000
0.0000
0.0000
0.0000
0.0000
0.0000
0.0000
0.0000
0.0000
0.0000
0.0000
0.0000
0.0000
0.0000
0.0000
0.0000
0.0000
0.0000
0.0000
0.0000
0.0000
0.0000
0.0000
0.0000
0.0000
0.0000
0.0000
0.0000
0.0000
0.0000
0.0000
0.0000
0.0000
0.0000
0.0000
0.0000
0.0000
0.0000
0.0000
0.0000
0.0000
0.0000
0.0000
0.0000
0.0000
0.0000
0.0000
0.0000
0.0000
0.0000
0.0000
0.0000
122.0703
122.0703
209.9609
209.9609
234.3750
234.3750
312.5000
312.5000
380.8594
380.8594
400.3906
400.3906
419.9219
419.9219
507.8125
507.8125
527.3437
527.3437
512.6953
512.6953
541.9922
541.9922
610.3516
610.3516
639.6484
639.6484
644.5312
644.5312
742.1875
742.1875
825.1953
825.1953
874.0234
874.0234
957.0312
957.0312
1166.9922
1166.9922
1372.0703
1372.0703
1552.7344
1552.7344
1679.6875
1679.6875
1650.3906
1650.3906
1362.3047
1362.3047
883.7891
883.7891
444.3359
444.3359
102.5391
102.5391
0.0000
0.0000
0.0000
0.0000
4.8828
4.8828
0.0000
0.0000
0.0000
0.0000
0.0000
0.0000
0.0000
0.0000
0.0000
0.0000
0.0000
0.0000
0.0000
0.0000
0.0000
0.0000
0.0000
0.0000
0.0000
0.0000
0.0000
0.0000
0.0000
0.0000
0.0000
0.0000
0.0000
0.0000
0.0000
0.0000
0.0000
0.0000
0.0000
0.0000
0.0000
0.0000
0.0000
0.0000
0.0000
0.0000
0.0000
0.0000
0.0000
0.0000
0.0000
0.0000
0.0000
48.8281
48.8281
48.8281
122.0703
122.0703
175.7812
175.7812
268.5547
268.5547
415.0391
493.1641
493.1641
517.5781
517.5781
590.8203
590.8203
634.7656
634.7656
649.4141
649.4141
649.4141
678.7109
678.7109
781.2500
781.2500
834.9609
834.9609
849.6094
849.6094
908.2031
991.2109
991.2109
1040.0391
1040.0391
1069.3359
1069.3359
1166.9922
1166.9922
1230.4687
1230.4687
1269.5312
1269.5312
1372.0703
1372.0703
1557.6172
1557.6172
1689.4531
1689.4531
1704.1016
1704.1016
1621.0937
1621.0937
1362.3047
1362.3047
913.0859
913.0859
458.9844
458.9844
185.5469
185.5469
0.0000
0.0000
0.0000
0.0000
0.0000
0.0000
0.0000
0.0000
0.0000
0.0000
0.0000
0.0000
0.0000
0.0000
0.0000
0.0000
0.0000
0.0000
0.0000
0.0000
0.0000
0.0000
0.0000
0.0000
0.0000
0.0000
0.0000
0.0000
0.0000
0.0000
0.0000
0.0000
0.0000
0.0000
0.0000
0.0000
0.0000
0.0000
0.0000
0.0000
0.0000
0.0000
0.0000
0.0000
0.0000
0.0000
0.0000
0.0000
0.0000
0.0000
48.8281
48.8281
131.8359
131.8359
180.6641
180.6641
307.6172
307.6172
375.9766
375.9766
385.7422
385.7422
400.3906
400.3906
439.4531
439.4531
444.3359
444.3359
424.8047
424.8047
488.2812
488.2812
522.4609
522.4609
522.4609
522.4609
527.3437
527.3437
605.4687
605.4687
639.6484
639.6484
659.1797
659.1797
722.6562
722.6562
781.2500
781.2500
786.1328
786.1328
761.7187
761.7187
825.1953
825.1953
908.2031
908.2031
1025.3906
1025.3906
1162.1094
1162.1094
1250.0000
1250.0000
1123.0469
1123.0469
781.2500
781.2500
419.9219
419.9219
112.3047
112.3047
0.0000
0.0000
0.0000
0.0000
0.0000
0.0000
0.0000
0.0000
0.0000
0.0000
0.0000
0.0000
0.0000
0.0000
0.0000
0.0000
0.0000
0.0000
0.0000
0.0000
0.0000
0.0000
0.0000
0.0000
0.0000
0.0000
0.0000
0.0000
0.0000
0.0000
0.0000
0.0000
0.0000
0.0000
0.0000
0.0000
0.0000
0.0000
0.0000
0.0000
0.0000
0.0000
0.0000
0.0000
0.0000
0.0000
0.0000
0.0000
0.0000
0.0000
14.6484
14.6484
48.8281
48.8281
131.8359
131.8359
195.3125
195.3125
214.8437
214.8437
239.2578
239.2578
327.1484
327.1484
366.2109
366.2109
356.4453
356.4453
385.7422
385.7422
434.5703
434.5703
463.8672
463.8672
502.9297
502.9297
639.6484
639.6484
737.3047
737.3047
800.7812
800.7812
878.9062
878.9062
991.2109
991.2109
1054.6875
1054.6875
1083.9844
1083.9844
1166.9922
1166.9922
1210.9375
1210.9375
1206.0547
1206.0547
1235.3516
1235.3516
1396.4844
1396.4844
1528.3203
1528.3203
1533.2031
1533.2031
1411.1328
1411.1328
1127.9297
1127.9297
678.7109
678.7109
234.3750
234.3750
0.0000
0.0000
0.0000
0.0000
0.0000
0.0000
0.0000
0.0000
0.0000
0.0000
0.0000
0.0000
0.0000
0.0000
0.0000
0.0000
0.0000
0.0000
0.0000
0.0000
0.0000
0.0000
0.0000
0.0000
0.0000
0.0000
0.0000
0.0000
0.0000
0.0000
0.0000
0.0000
0.0000
0.0000
0.0000
0.0000
0.0000
0.0000
0.0000
0.0000
0.0000
0.0000
0.0000
0.0000
0.0000
0.0000
0.0000
0.0000
0.0000
0.0000
48.8281
48.8281
156.2500
156.2500
185.5469
185.5469
180.6641
180.6641
239.2578
239.2578
288.0859
288.0859
312.5000
312.5000
322.2656
322.2656
405.2734
405.2734
434.5703
434.5703
439.4531
439.4531
488.2812
488.2812
566.4062
566.4062
605.4687
605.4687
625.0000
625.0000
717.7734
717.7734
766.6016
766.6016
776.3672
776.3672
781.2500
781.2500
815.4297
815.4297
795.8984
795.8984
751.9531
751.9531
791.0156
791.0156
903.3203
903.3203
1035.1562
1035.1562
1147.4609
1147.4609
1235.3516
1235.3516
1118.1641
1118.1641
761.7187
761.7187
366.2109
366.2109
78.1250
78.1250
0.0000
0.0000
0.0000
0.0000
24.4141
24.4141
73.2422
73.2422
0.0000
0.0000
0.0000
0.0000
0.0000
0.0000
0.0000
0.0000
0.0000
0.0000
0.0000
0.0000
0.0000
0.0000
0.0000
0.0000
0.0000
0.0000
0.0000
0.0000
0.0000
0.0000
0.0000
0.0000
0.0000
0.0000
0.0000
0.0000
0.0000
0.0000
0.0000
0.0000
0.0000
0.0000
0.0000
0.0000
0.0000
0.0000
0.0000
0.0000
0.0000
0.0000
0.0000
0.0000
0.0000
0.0000
0.0000
0.0000
0.0000
0.0000
78.1250
78.1250
156.2500
156.2500
283.2031
283.2031
346.6797
346.6797
361.3281
361.3281
405.2734
405.2734
527.3437
527.3437
605.4687
605.4687
639.6484
639.6484
727.5391
727.5391
805.6641
805.6641
834.9609
834.9609
839.8437
839.8437
922.8516
922.8516
966.7969
966.7969
966.7969
966.7969
996.0937
996.0937
1069.3359
1069.3359
1074.2187
1074.2187
1059.5703
1059.5703
1166.9922
1166.9922
1313.4766
1313.4766
1401.3672
1401.3672
1367.1875
1367.1875
1225.5859
1225.5859
859.3750
859.3750
424.8047
424.8047
126.9531
126.9531
0.0000
0.0000
0.0000
0.0000
0.0000
0.0000
0.0000
0.0000
0.0000
0.0000
0.0000
0.0000
0.0000
0.0000
0.0000
0.0000
0.0000
0.0000
0.0000
0.0000
0.0000
0.0000
0.0000
0.0000
0.0000
0.0000
0.0000
0.0000
0.0000
0.0000
0.0000
0.0000
0.0000
0.0000
0.0000
0.0000
0.0000
0.0000
0.0000
0.0000
0.0000
0.0000
0.0000
0.0000
0.0000
0.0000
9.7656
9.7656
87.8906
87.8906
224.6094
224.6094
292.9687
292.9687
307.6172
307.6172
375.9766
375.9766
473.6328
473.6328
532.2266
532.2266
581.0547
581.0547
693.3594
693.3594
756.8359
756.8359
751.9531
751.9531
756.8359
756.8359
815.4297
815.4297
825.1953
825.1953
805.6641
805.6641
834.9609
834.9609
834.9609
834.9609
791.0156
791.0156
751.9531
751.9531
795.8984
795.8984
815.4297
815.4297
810.5469
810.5469
849.6094
849.6094
981.4453
981.4453
1142.5781
1142.5781
1313.4766
1313.4766
1503.9062
1503.9062
1547.8516
1547.8516
1362.3047
1362.3047
981.4453
981.4453
561.5234
561.5234
161.1328
161.1328
0.0000
0.0000
0.0000
0.0000
0.0000
0.0000
0.0000
0.0000
0.0000
0.0000
0.0000
0.0000
0.0000
0.0000
0.0000
0.0000
0.0000
0.0000
0.0000
0.0000
0.0000
0.0000
0.0000
0.0000
0.0000
0.0000
0.0000
0.0000
0.0000
0.0000
0.0000
0.0000
0.0000
0.0000
0.0000
0.0000
0.0000
0.0000
0.0000
0.0000
0.0000
0.0000
0.0000
0.0000
0.0000
0.0000
0.0000
0.0000
0.0000
0.0000
0.0000
0.0000
0.0000
0.0000
0.0000
0.0000
0.0000
0.0000
0.0000
0.0000
43.9453
43.9453
190.4297
190.4297
283.2031
283.2031
332.0312
332.0312
434.5703
434.5703
488.2812
488.2812
512.6953
512.6953
551.7578
551.7578
625.0000
625.0000
644.5312
644.5312
639.6484
639.6484
703.1250
703.1250
751.9531
751.9531
761.7187
761.7187
761.7187
761.7187
825.1953
825.1953
854.4922
854.4922
908.2031
908.2031
1059.5703
1059.5703
1210.9375
1210.9375
1206.0547
1206.0547
1020.5078
1020.5078
742.1875
742.1875
400.3906
400.3906
78.1250
78.1250
0.0000
0.0000
0.0000
0.0000
0.0000
0.0000
0.0000
0.0000
0.0000
0.0000
0.0000
0.0000
0.0000
0.0000
0.0000
0.0000
0.0000
0.0000
0.0000
0.0000
0.0000
0.0000
0.0000
0.0000
0.0000
0.0000
0.0000
0.0000
0.0000
0.0000
0.0000
0.0000
0.0000
0.0000
0.0000
0.0000
0.0000
0.0000
0.0000
0.0000
0.0000
0.0000
0.0000
0.0000
83.0078
83.0078
185.5469
185.5469
239.2578
239.2578
258.7891
258.7891
346.6797
346.6797
395.5078
395.5078
415.0391
415.0391
478.5156
478.5156
581.0547
581.0547
625.0000
625.0000
620.1172
620.1172
673.8281
673.8281
712.8906
712.8906
703.1250
703.1250
693.3594
693.3594
761.7187
761.7187
781.2500
781.2500
776.3672
776.3672
815.4297
815.4297
869.1406
869.1406
883.7891
883.7891
859.3750
859.3750
917.9687
917.9687
966.7969
966.7969
1020.5078
1020.5078
1137.6953
1137.6953
1362.3047
1362.3047
1503.9062
1503.9062
1494.1406
1494.1406
1328.1250
1328.1250
966.7969
966.7969
473.6328
473.6328
53.7109
53.7109
0.0000
0.0000
0.0000
0.0000
0.0000
0.0000
0.0000
0.0000
0.0000
0.0000
0.0000
0.0000
0.0000
0.0000
0.0000
0.0000
0.0000
0.0000
0.0000
0.0000
0.0000
0.0000
0.0000
0.0000
0.0000
0.0000
0.0000
0.0000
0.0000
0.0000
0.0000
0.0000
0.0000
0.0000
0.0000
0.0000
0.0000
0.0000
0.0000
0.0000
0.0000
0.0000
0.0000
0.0000
0.0000
0.0000
0.0000
0.0000
0.0000
0.0000
0.0000
0.0000
0.0000
0.0000
0.0000
0.0000
0.0000
0.0000
161.1328
161.1328
312.5000
312.5000
415.0391
415.0391
527.3437
527.3437
673.8281
673.8281
742.1875
742.1875
756.8359
756.8359
810.5469
810.5469
834.9609
834.9609
820.3125
820.3125
830.0781
830.0781
917.9687
917.9687
966.7969
966.7969
986.3281
986.3281
1059.5703
1059.5703
1147.4609
1147.4609
1171.8750
1191.4062
1191.4062
1313.4766
1313.4766
1450.1953
1450.1953
1577.1484
1577.1484
1577.1484
1650.3906
1650.3906
1586.9141
1586.9141
1254.8828
1254.8828
717.7734
717.7734
273.4375
0.0000
0.0000
0.0000
0.0000
0.0000
0.0000
0.0000
0.0000
0.0000
0.0000
0.0000
0.0000
0.0000
0.0000
0.0000
0.0000
0.0000
0.0000
0.0000
0.0000
0.0000
0.0000
0.0000
0.0000
0.0000
0.0000
0.0000
0.0000
0.0000
0.0000
0.0000
0.0000
0.0000
0.0000
0.0000
0.0000
0.0000
0.0000
0.0000
0.0000
0.0000
0.0000
0.0000
0.0000
0.0000
0.0000
0.0000
0.0000
0.0000
0.0000
107.4219
107.4219
205.0781
205.0781
263.6719
263.6719
390.6250
390.6250
478.5156
478.5156
517.5781
517.5781
551.7578
551.7578
649.4141
649.4141
678.7109
678.7109
659.1797
659.1797
654.2969
654.2969
659.1797
659.1797
629.8828
629.8828
600.5859
600.5859
668.9453
668.9453
708.0078
708.0078
698.2422
698.2422
698.2422
698.2422
761.7187
761.7187
786.1328
786.1328
805.6641
805.6641
927.7344
927.7344
1123.0469
1123.0469
1293.9453
1293.9453
1367.1875
1367.1875
1333.0078
1333.0078
1015.6250
1015.6250
522.4609
522.4609
122.0703
122.0703
0.0000
0.0000
0.0000
0.0000
0.0000
0.0000
0.0000
0.0000
0.0000
0.0000
0.0000
0.0000
0.0000
0.0000
0.0000
0.0000
0.0000
0.0000
0.0000
0.0000
0.0000
0.0000
0.0000
0.0000
0.0000
0.0000
0.0000
0.0000
0.0000
0.0000
0.0000
0.0000
0.0000
0.0000
0.0000
0.0000
0.0000
0.0000
0.0000
0.0000
0.0000
0.0000
0.0000
0.0000
0.0000
0.0000
0.0000
0.0000
0.0000
0.0000
0.0000
0.0000
68.3594
68.3594
151.3672
151.3672
258.7891
258.7891
410.1562
410.1562
483.3984
483.3984
502.9297
502.9297
571.2891
571.2891
610.3516
610.3516
605.4687
605.4687
605.4687
605.4687
678.7109
678.7109
717.7734
717.7734
727.5391
727.5391
786.1328
786.1328
864.2578
864.2578
898.4375
898.4375
922.8516
922.8516
1035.1562
1035.1562
1132.8125
1132.8125
1186.5234
1186.5234
1240.2344
1240.2344
1333.0078
1333.0078
1411.1328
1411.1328
1508.7891
1508.7891
1645.5078
1645.5078
1679.6875
1679.6875
1484.3750
1484.3750
1040.0391
1040.0391
541.9922
541.9922
63.4766
63.4766
0.0000
0.0000
0.0000
0.0000
0.0000
0.0000
0.0000
0.0000
0.0000
0.0000
0.0000
0.0000
0.0000
0.0000
0.0000
0.0000
0.0000
0.0000
0.0000
0.0000
0.0000
0.0000
0.0000
0.0000
0.0000
0.0000
0.0000
0.0000
0.0000
0.0000
0.0000
0.0000
0.0000
0.0000
0.0000
0.0000
0.0000
0.0000
0.0000
0.0000
0.0000
0.0000
0.0000
0.0000
0.0000
0.0000
0.0000
0.0000
0.0000
0.0000
14.6484
14.6484
97.6562
97.6562
229.4922
229.4922
302.7344
302.7344
336.9141
336.9141
405.2734
405.2734
488.2812
488.2812
502.9297
502.9297
473.6328
473.6328
507.8125
507.8125
527.3437
527.3437
527.3437
527.3437
522.4609
522.4609
571.2891
571.2891
566.4062
566.4062
551.7578
551.7578
615.2344
615.2344
703.1250
703.1250
751.9531
751.9531
771.4844
771.4844
859.3750
859.3750
917.9687
917.9687
1000.9766
1000.9766
1186.5234
1186.5234
1416.0156
1416.0156
1533.2031
1533.2031
1503.9062
1503.9062
1372.0703
1372.0703
1035.1562
1035.1562
512.6953
512.6953
43.9453
43.9453
0.0000
0.0000
0.0000
0.0000
0.0000
0.0000
0.0000
0.0000
0.0000
0.0000
0.0000
0.0000
0.0000
0.0000
0.0000
0.0000
0.0000
0.0000
0.0000
0.0000
0.0000
0.0000
0.0000
0.0000
0.0000
0.0000
0.0000
0.0000
0.0000
0.0000
0.0000
0.0000
0.0000
0.0000
0.0000
0.0000
0.0000
0.0000
0.0000
0.0000
0.0000
0.0000
0.0000
0.0000
0.0000
0.0000
0.0000
0.0000
0.0000
0.0000
0.0000
0.0000
0.0000
0.0000
0.0000
0.0000
0.0000
0.0000
0.0000
0.0000
14.6484
14.6484
63.4766
63.4766
156.2500
156.2500
253.9062
253.9062
307.6172
307.6172
356.4453
356.4453
478.5156
478.5156
546.8750
546.8750
566.4062
566.4062
610.3516
610.3516
708.0078
708.0078
776.3672
776.3672
820.3125
820.3125
913.0859
913.0859
986.3281
986.3281
1005.8594
1005.8594
1015.6250
1015.6250
1083.9844
1083.9844
1127.9297
1127.9297
1186.5234
1186.5234
1347.6562
1347.6562
1542.9687
1542.9687
1630.8594
1630.8594
1557.6172
1557.6172
1372.0703
1372.0703
1000.9766
1000.9766
537.1094
537.1094
141.6016
141.6016
0.0000
0.0000
0.0000
0.0000
0.0000
0.0000
0.0000
0.0000
0.0000
0.0000
0.0000
0.0000
0.0000
0.0000
0.0000
0.0000
0.0000
0.0000
0.0000
0.0000
0.0000
0.0000
0.0000
0.0000
0.0000
0.0000
0.0000
0.0000
0.0000
0.0000
0.0000
0.0000
0.0000
0.0000
0.0000
0.0000
0.0000
0.0000
0.0000
0.0000
0.0000
0.0000
0.0000
0.0000
0.0000
0.0000
4.8828
4.8828
97.6562
97.6562
224.6094
224.6094
307.6172
307.6172
341.7969
341.7969
375.9766
375.9766
463.8672
463.8672
493.1641
493.1641
493.1641
493.1641
532.2266
532.2266
561.5234
561.5234
551.7578
551.7578
556.6406
556.6406
644.5312
644.5312
688.4766
688.4766
688.4766
688.4766
722.6562
722.6562
766.6016
766.6016
761.7187
761.7187
737.3047
737.3047
781.2500
781.2500
786.1328
786.1328
751.9531
751.9531
761.7187
761.7187
903.3203
903.3203
1064.4531
1064.4531
1210.9375
1210.9375
1333.0078
1333.0078
1333.0078
1333.0078
1083.9844
1083.9844
644.5312
644.5312
249.0234
249.0234
0.0000
0.0000
0.0000
0.0000
0.0000
0.0000
0.0000
0.0000
0.0000
0.0000
0.0000
0.0000
0.0000
0.0000
0.0000
0.0000
0.0000
0.0000
0.0000
0.0000
0.0000
0.0000
0.0000
0.0000
0.0000
0.0000
0.0000
0.0000
0.0000
0.0000
0.0000
0.0000
0.0000
0.0000
0.0000
0.0000
0.0000
0.0000
0.0000
0.0000
0.0000
0.0000
0.0000
0.0000
0.0000
0.0000
0.0000
0.0000
0.0000
0.0000
0.0000
0.0000
0.0000
0.0000
0.0000
0.0000
0.0000
0.0000
0.0000
0.0000
0.0000
0.0000
0.0000
0.0000
19.5312
19.5312
112.3047
112.3047
175.7812
175.7812
307.6172
307.6172
429.6875
429.6875
522.4609
522.4609
605.4687
605.4687
742.1875
742.1875
830.0781
830.0781
883.7891
883.7891
961.9141
961.9141
1044.9219
1044.9219
1069.3359
1069.3359
1049.8047
1049.8047
1108.3984
1108.3984
1132.8125
1132.8125
1127.9297
1127.9297
1186.5234
1186.5234
1362.3047
1362.3047
1508.7891
1508.7891
1591.7969
1591.7969
1586.9141
1586.9141
1416.0156
1416.0156
1040.0391
1040.0391
595.7031
595.7031
273.4375
273.4375
4.8828
4.8828
0.0000
0.0000
0.0000
0.0000
0.0000
0.0000
0.0000
0.0000
0.0000
0.0000
0.0000
0.0000
0.0000
0.0000
0.0000
0.0000
0.0000
0.0000
0.0000
0.0000
0.0000
0.0000
0.0000
0.0000
0.0000
0.0000
0.0000
0.0000
0.0000
0.0000
0.0000
0.0000
0.0000
0.0000
0.0000
0.0000
0.0000
0.0000
0.0000
0.0000
0.0000
0.0000
0.0000
0.0000
0.0000
0.0000
0.0000
0.0000
0.0000
0.0000
34.1797
34.1797
102.5391
102.5391
219.7266
219.7266
292.9687
292.9687
312.5000
312.5000
375.9766
375.9766
468.7500
468.7500
517.5781
517.5781
532.2266
532.2266
625.0000
625.0000
683.5937
683.5937
693.3594
693.3594
698.2422
698.2422
742.1875
742.1875
722.6562
722.6562
678.7109
678.7109
708.0078
708.0078
732.4219
732.4219
722.6562
722.6562
693.3594
693.3594
742.1875
742.1875
810.5469
810.5469
942.3828
942.3828
1162.1094
1162.1094
1401.3672
1401.3672
1479.4922
1479.4922
1333.0078
1333.0078
1000.9766
1000.9766
512.6953
512.6953
24.4141
24.4141
0.0000
0.0000
0.0000
0.0000
0.0000
0.0000
0.0000
0.0000
0.0000
0.0000
0.0000
0.0000
0.0000
0.0000
0.0000
0.0000
0.0000
0.0000
0.0000
0.0000
0.0000
0.0000
0.0000
0.0000
0.0000
0.0000
0.0000
0.0000
0.0000
0.0000
0.0000
0.0000
0.0000
0.0000
0.0000
0.0000
0.0000
0.0000
0.0000
0.0000
0.0000
0.0000
0.0000
0.0000
0.0000
0.0000
0.0000
0.0000
0.0000
0.0000
0.0000
0.0000
0.0000
0.0000
0.0000
0.0000
0.0000
0.0000
0.0000
0.0000
0.0000
0.0000
63.4766
63.4766
156.2500
156.2500
283.2031
283.2031
419.9219
419.9219
493.1641
493.1641
541.9922
541.9922
649.4141
649.4141
712.8906
712.8906
737.3047
737.3047
771.4844
771.4844
854.4922
854.4922
893.5547
893.5547
898.4375
898.4375
966.7969
966.7969
1040.0391
1040.0391
1064.4531
1064.4531
1113.2812
1113.2812
1274.4141
1274.4141
1450.1953
1450.1953
1611.3281
1611.3281
1708.9844
1708.9844
1679.6875
1679.6875
1386.7187
1386.7187
888.6719
888.6719
419.9219
419.9219
9.7656
9.7656
0.0000
0.0000
0.0000
0.0000
0.0000
0.0000
0.0000
0.0000
0.0000
0.0000
0.0000
0.0000
0.0000
0.0000
0.0000
0.0000
0.0000
0.0000
0.0000
0.0000
0.0000
0.0000
0.0000
0.0000
0.0000
0.0000
0.0000
0.0000
0.0000
0.0000
0.0000
0.0000
0.0000
0.0000
0.0000
0.0000
0.0000
0.0000
0.0000
0.0000
0.0000
0.0000
0.0000
0.0000
0.0000
0.0000
0.0000
0.0000
0.0000
0.0000
112.3047
112.3047
195.3125
195.3125
332.0312
332.0312
410.1562
439.4531
439.4531
463.8672
463.8672
537.1094
537.1094
576.1719
576.1719
576.1719
576.1719
615.2344
615.2344
625.0000
625.0000
600.5859
600.5859
576.1719
576.1719
629.8828
629.8828
659.1797
659.1797
649.4141
649.4141
649.4141
649.4141
678.7109
678.7109
664.0625
664.0625
639.6484
639.6484
698.2422
698.2422
771.4844
771.4844
883.7891
883.7891
1059.5703
1059.5703
1293.9453
1293.9453
1396.4844
1396.4844
1318.3594
1318.3594
1049.8047
1049.8047
610.3516
610.3516
107.4219
107.4219
0.0000
0.0000
0.0000
0.0000
0.0000
0.0000
0.0000
0.0000
0.0000
0.0000
0.0000
0.0000
0.0000
0.0000
0.0000
0.0000
0.0000
0.0000
0.0000
0.0000
0.0000
0.0000
0.0000
0.0000
0.0000
0.0000
0.0000
0.0000
0.0000
0.0000
0.0000
0.0000
0.0000
0.0000
0.0000
0.0000
0.0000
0.0000
0.0000
0.0000
0.0000
0.0000
0.0000
0.0000
0.0000
0.0000
0.0000
0.0000
0.0000
0.0000
0.0000
0.0000
0.0000
0.0000
0.0000
0.0000
0.0000
0.0000
0.0000
0.0000
0.0000
0.0000
0.0000
0.0000
0.0000
0.0000
0.0000
0.0000
14.6484
14.6484
78.1250
78.1250
122.0703
122.0703
234.3750
234.3750
341.7969
341.7969
410.1562
410.1562
478.5156
478.5156
615.2344
615.2344
712.8906
712.8906
786.1328
786.1328
888.6719
888.6719
996.0937
996.0937
1035.1562
1035.1562
1040.0391
1040.0391
1103.5156
1103.5156
1166.9922
1166.9922
1254.8828
1254.8828
1391.6016
1391.6016
1562.5000
1562.5000
1582.0312
1582.0312
1425.7812
1425.7812
1191.4062
1191.4062
864.2578
864.2578
507.8125
507.8125
224.6094
224.6094
107.4219
107.4219
0.0000
0.0000
0.0000
0.0000
0.0000
0.0000
0.0000
0.0000
0.0000
0.0000
0.0000
0.0000
0.0000
0.0000
0.0000
0.0000
0.0000
0.0000
0.0000
0.0000
0.0000
0.0000
0.0000
0.0000
0.0000
0.0000
0.0000
0.0000
0.0000
0.0000
0.0000
0.0000
0.0000
0.0000
0.0000
0.0000
0.0000
0.0000
0.0000
0.0000
0.0000
0.0000
0.0000
0.0000
87.8906
87.8906
175.7812
175.7812
288.0859
288.0859
385.7422
385.7422
439.4531
439.4531
458.9844
458.9844
537.1094
537.1094
566.4062
566.4062
556.6406
556.6406
576.1719
576.1719
625.0000
625.0000
629.8828
629.8828
625.0000
625.0000
703.1250
703.1250
776.3672
776.3672
820.3125
820.3125
859.3750
859.3750
932.6172
932.6172
942.3828
942.3828
898.4375
898.4375
913.0859
913.0859
927.7344
927.7344
898.4375
898.4375
859.3750
859.3750
947.2656
947.2656
1054.6875
1054.6875
1137.6953
1137.6953
1162.1094
1162.1094
1074.2187
1074.2187
786.1328
786.1328
439.4531
439.4531
283.2031
283.2031
273.4375
273.4375
327.1484
327.1484
351.5625
351.5625
312.5000
312.5000
73.2422
73.2422
0.0000
0.0000
0.0000
0.0000
0.0000
0.0000
0.0000
0.0000
0.0000
0.0000
0.0000
0.0000
0.0000
0.0000
0.0000
0.0000
0.0000
0.0000
0.0000
0.0000
0.0000
0.0000
0.0000
0.0000
0.0000
0.0000
0.0000
0.0000
0.0000
0.0000
0.0000
0.0000
0.0000
0.0000
0.0000
0.0000
0.0000
0.0000
0.0000
0.0000
0.0000
0.0000
78.1250
78.1250
122.0703
122.0703
224.6094
224.6094
302.7344
302.7344
361.3281
361.3281
419.9219
419.9219
541.9922
541.9922
600.5859
600.5859
620.1172
620.1172
668.9453
668.9453
732.4219
732.4219
766.6016
766.6016
781.2500
781.2500
878.9062
878.9062
942.3828
942.3828
976.5625
976.5625
1020.5078
1020.5078
1103.5156
1103.5156
1113.2812
1113.2812
1093.7500
1093.7500
1127.9297
1127.9297
1196.2891
1196.2891
1293.9453
1293.9453
1430.6641
1430.6641
1601.5625
1601.5625
1601.5625
1601.5625
1391.6016
1391.6016
1044.9219
1044.9219
683.5937
683.5937
312.5000
312.5000
39.0625
39.0625
0.0000
0.0000
0.0000
0.0000
0.0000
0.0000
0.0000
0.0000
0.0000
0.0000
0.0000
0.0000
0.0000
0.0000
0.0000
0.0000
0.0000
0.0000
0.0000
0.0000
0.0000
0.0000
0.0000
0.0000
0.0000
0.0000
0.0000
0.0000
0.0000
0.0000
0.0000
0.0000
0.0000
0.0000
0.0000
0.0000
0.0000
0.0000
0.0000
0.0000
0.0000
0.0000
0.0000
0.0000
0.0000
0.0000
0.0000
0.0000
0.0000
0.0000
0.0000
0.0000
0.0000
0.0000
29.2969
29.2969
53.7109
53.7109
141.6016
141.6016
200.1953
200.1953
200.1953
200.1953
214.8437
214.8437
307.6172
307.6172
366.2109
366.2109
385.7422
385.7422
454.1016
454.1016
532.2266
532.2266
537.1094
537.1094
532.2266
532.2266
605.4687
605.4687
629.8828
629.8828
605.4687
605.4687
590.8203
590.8203
615.2344
615.2344
605.4687
605.4687
600.5859
600.5859
742.1875
742.1875
942.3828
942.3828
1088.8672
1088.8672
1157.2266
1157.2266
1142.5781
1142.5781
913.0859
913.0859
537.1094
537.1094
244.1406
244.1406
131.8359
131.8359
151.3672
151.3672
224.6094
224.6094
302.7344
302.7344
185.5469
185.5469
0.0000
0.0000
0.0000
0.0000
0.0000
0.0000
0.0000
0.0000
0.0000
0.0000
0.0000
0.0000
0.0000
0.0000
0.0000
0.0000
0.0000
0.0000
0.0000
0.0000
0.0000
0.0000
0.0000
0.0000
0.0000
0.0000
0.0000
0.0000
0.0000
0.0000
0.0000
0.0000
0.0000
0.0000
0.0000
0.0000
0.0000
0.0000
0.0000
0.0000
0.0000
0.0000
0.0000
0.0000
0.0000
0.0000
78.1250
78.1250
205.0781
205.0781
283.2031
283.2031
346.6797
346.6797
493.1641
493.1641
615.2344
615.2344
683.5937
683.5937
727.5391
727.5391
820.3125
820.3125
859.3750
859.3750
878.9062
878.9062
952.1484
952.1484
1030.2734
1030.2734
1040.0391
1040.0391
1015.6250
1015.6250
1054.6875
1054.6875
1044.9219
1044.9219
1015.6250
1015.6250
1030.2734
1030.2734
1088.8672
1088.8672
1098.6328
1098.6328
1132.8125
1132.8125
1284.1797
1284.1797
1411.1328
1411.1328
1401.3672
1401.3672
1215.8203
1215.8203
898.4375
898.4375
449.2187
449.2187
19.5312
19.5312
0.0000
0.0000
0.0000
0.0000
0.0000
0.0000
0.0000
0.0000
0.0000
0.0000
0.0000
0.0000
0.0000
0.0000
0.0000
0.0000
0.0000
0.0000
0.0000
0.0000
0.0000
0.0000
0.0000
0.0000
0.0000
0.0000
0.0000
0.0000
0.0000
0.0000
0.0000
0.0000
0.0000
0.0000
0.0000
0.0000
0.0000
0.0000
0.0000
0.0000
0.0000
0.0000
0.0000
0.0000
0.0000
0.0000
0.0000
0.0000
0.0000
0.0000
0.0000
0.0000
122.0703
122.0703
190.4297
190.4297
229.4922
229.4922
332.0312
332.0312
429.6875
429.6875
468.7500
468.7500
478.5156
478.5156
551.7578
551.7578
581.0547
581.0547
566.4062
566.4062
561.5234
561.5234
590.8203
590.8203
556.6406
556.6406
512.6953
512.6953
551.7578
551.7578
585.9375
585.9375
576.1719
576.1719
566.4062
566.4062
629.8828
629.8828
654.2969
654.2969
703.1250
703.1250
869.1406
869.1406
1142.5781
1142.5781
1357.4219
1357.4219
1445.3125
1445.3125
1406.2500
1406.2500
1108.3984
1108.3984
698.2422
698.2422
395.5078
395.5078
356.4453
356.4453
415.0391
415.0391
429.6875
429.6875
332.0312
332.0312
34.1797
34.1797
0.0000
0.0000
0.0000
0.0000
0.0000
0.0000
0.0000
0.0000
0.0000
0.0000
0.0000
0.0000
0.0000
0.0000
0.0000
0.0000
0.0000
0.0000
0.0000
0.0000
0.0000
0.0000
0.0000
0.0000
0.0000
0.0000
0.0000
0.0000
0.0000
0.0000
0.0000
0.0000
0.0000
0.0000
0.0000
0.0000
0.0000
0.0000
0.0000
0.0000
0.0000
0.0000
14.6484
14.6484
102.5391
102.5391
229.4922
229.4922
415.0391
415.0391
556.6406
556.6406
644.5312
644.5312
761.7187
761.7187
854.4922
854.4922
888.6719
888.6719
883.7891
883.7891
937.5000
937.5000
947.2656
947.2656
932.6172
932.6172
957.0312
957.0312
1020.5078
1020.5078
1025.3906
1025.3906
1010.7422
1010.7422
1069.3359
1069.3359
1118.1641
1118.1641
1152.3437
1152.3437
1191.4062
1191.4062
1298.8281
1298.8281
1376.9531
1376.9531
1455.0781
1455.0781
1606.4453
1606.4453
1752.9297
1752.9297
1723.6328
1723.6328
1494.1406
1494.1406
1137.6953
1137.6953
654.2969
654.2969
180.6641
180.6641
0.0000
0.0000
0.0000
0.0000
0.0000
0.0000
0.0000
0.0000
0.0000
0.0000
0.0000
0.0000
0.0000
0.0000
0.0000
0.0000
0.0000
0.0000
0.0000
0.0000
0.0000
0.0000
0.0000
0.0000
0.0000
0.0000
0.0000
0.0000
0.0000
0.0000
0.0000
0.0000
0.0000
0.0000
0.0000
0.0000
0.0000
0.0000
0.0000
0.0000
0.0000
0.0000
0.0000
0.0000
0.0000
0.0000
0.0000
0.0000
0.0000
0.0000
0.0000
0.0000
0.0000
0.0000
0.0000
0.0000
39.0625
107.4219
107.4219
234.3750
234.3750
234.3750
302.7344
302.7344
322.2656
322.2656
395.5078
395.5078
434.5703
434.5703
405.2734
405.2734
366.2109
366.2109
415.0391
415.0391
429.6875
434.5703
434.5703
478.5156
478.5156
478.5156
551.7578
551.7578
576.1719
576.1719
576.1719
576.1719
664.0625
664.0625
722.6562
756.8359
756.8359
839.8437
839.8437
1049.8047
1049.8047
1240.2344
1240.2344
1342.7734
1342.7734
1333.0078
1333.0078
1113.2812
1113.2812
708.0078
708.0078
356.4453
356.4453
249.0234
249.0234
302.7344
302.7344
395.5078
395.5078
419.9219
419.9219
297.8516
297.8516
0.0000
0.0000
0.0000
0.0000
0.0000
0.0000
0.0000
0.0000
0.0000
0.0000
0.0000
0.0000
0.0000
0.0000
0.0000
0.0000
0.0000
0.0000
0.0000
0.0000
0.0000
0.0000
0.0000
0.0000
0.0000
0.0000
0.0000
0.0000
0.0000
0.0000
0.0000
0.0000
0.0000
0.0000
0.0000
0.0000
0.0000
0.0000
0.0000
0.0000
0.0000
0.0000
0.0000
0.0000
39.0625
39.0625
136.7187
136.7187
327.1484
327.1484
473.6328
473.6328
556.6406
556.6406
654.2969
654.2969
756.8359
756.8359
791.0156
791.0156
791.0156
791.0156
869.1406
869.1406
927.7344
927.7344
937.5000
937.5000
957.0312
957.0312
1040.0391
1040.0391
1083.9844
1083.9844
1103.5156
1103.5156
1176.7578
1176.7578
1264.6484
1264.6484
1293.9453
1293.9453
1289.0625
1289.0625
1337.8906
1337.8906
1381.8359
1381.8359
1420.8984
1420.8984
1494.1406
1494.1406
1572.2656
1572.2656
1464.8437
1464.8437
1098.6328
1098.6328
620.1172
620.1172
141.6016
141.6016
0.0000
0.0000
0.0000
0.0000
0.0000
0.0000
0.0000
0.0000
0.0000
0.0000
0.0000
0.0000
0.0000
0.0000
0.0000
0.0000
0.0000
0.0000
0.0000
0.0000
0.0000
0.0000
0.0000
0.0000
0.0000
0.0000
0.0000
0.0000
0.0000
0.0000
0.0000
0.0000
0.0000
0.0000
0.0000
0.0000
0.0000
0.0000
0.0000
0.0000
0.0000
0.0000
0.0000
0.0000
0.0000
0.0000
0.0000
0.0000
0.0000
0.0000
0.0000
0.0000
24.4141
24.4141
141.6016
141.6016
244.1406
244.1406
288.0859
288.0859
322.2656
322.2656
405.2734
405.2734
439.4531
439.4531
419.9219
419.9219
434.5703
434.5703
468.7500
468.7500
454.1016
454.1016
429.6875
429.6875
493.1641
493.1641
546.8750
546.8750
566.4062
566.4062
605.4687
605.4687
698.2422
698.2422
732.4219
732.4219
737.3047
737.3047
805.6641
805.6641
864.2578
864.2578
878.9062
878.9062
927.7344
927.7344
1108.3984
1108.3984
1279.2969
1279.2969
1372.0703
1372.0703
1367.1875
1367.1875
1240.2344
1240.2344
913.0859
913.0859
483.3984
483.3984
190.4297
190.4297
29.2969
29.2969
0.0000
0.0000
24.4141
24.4141
43.9453
43.9453
0.0000
0.0000
0.0000
0.0000
0.0000
0.0000
0.0000
0.0000
0.0000
0.0000
0.0000
0.0000
0.0000
0.0000
0.0000
0.0000
0.0000
0.0000
0.0000
0.0000
0.0000
0.0000
0.0000
0.0000
0.0000
0.0000
0.0000
0.0000
0.0000
0.0000
0.0000
0.0000
0.0000
0.0000
0.0000
0.0000
0.0000
0.0000
0.0000
0.0000
0.0000
0.0000
0.0000
0.0000
0.0000
0.0000
0.0000
0.0000
34.1797
34.1797
136.7187
136.7187
205.0781
205.0781
278.3203
278.3203
405.2734
405.2734
458.9844
458.9844
483.3984
483.3984
551.7578
551.7578
634.7656
634.7656
683.5937
683.5937
727.5391
727.5391
844.7266
844.7266
913.0859
913.0859
952.1484
952.1484
1020.5078
1020.5078
1137.6953
1137.6953
1181.6406
1181.6406
1181.6406
1181.6406
1225.5859
1225.5859
1235.3516
1235.3516
1235.3516
1235.3516
1289.0625
1289.0625
1450.1953
1450.1953
1542.9687
1542.9687
1489.2578
1489.2578
1323.2422
1323.2422
1030.2734
1030.2734
610.3516
610.3516
200.1953
200.1953
0.0000
0.0000
0.0000
0.0000
0.0000
0.0000
0.0000
0.0000
0.0000
0.0000
0.0000
0.0000
0.0000
0.0000
0.0000
0.0000
0.0000
0.0000
0.0000
0.0000
0.0000
0.0000
0.0000
0.0000
0.0000
0.0000
0.0000
0.0000
0.0000
0.0000
0.0000
0.0000
0.0000
0.0000
0.0000
0.0000
0.0000
0.0000
0.0000
0.0000
0.0000
0.0000
0.0000
0.0000
0.0000
0.0000
0.0000
0.0000
0.0000
0.0000
102.5391
102.5391
185.5469
185.5469
224.6094
224.6094
258.7891
258.7891
385.7422
385.7422
468.7500
468.7500
488.2812
488.2812
527.3437
527.3437
600.5859
600.5859
634.7656
634.7656
649.4141
649.4141
732.4219
732.4219
786.1328
786.1328
800.7812
800.7812
800.7812
800.7812
854.4922
854.4922
844.7266
844.7266
795.8984
795.8984
791.0156
791.0156
795.8984
795.8984
771.4844
771.4844
727.5391
727.5391
820.3125
820.3125
966.7969
966.7969
1132.8125
1132.8125
1279.2969
1279.2969
1386.7187
1386.7187
1298.8281
1298.8281
991.2109
991.2109
620.1172
620.1172
258.7891
258.7891
0.0000
0.0000
0.0000
0.0000
63.4766
63.4766
161.1328
161.1328
97.6562
97.6562
0.0000
0.0000
0.0000
0.0000
0.0000
0.0000
0.0000
0.0000
0.0000
0.0000
0.0000
0.0000
0.0000
0.0000
0.0000
0.0000
0.0000
0.0000
0.0000
0.0000
0.0000
0.0000
0.0000
0.0000
0.0000
0.0000
0.0000
0.0000
0.0000
0.0000
0.0000
0.0000
0.0000
0.0000
0.0000
0.0000
0.0000
0.0000
0.0000
0.0000
0.0000
0.0000
0.0000
0.0000
0.0000
0.0000
0.0000
0.0000
0.0000
0.0000
0.0000
0.0000
0.0000
0.0000
146.4844
146.4844
288.0859
288.0859
439.4531
439.4531
576.1719
576.1719
625.0000
625.0000
654.2969
654.2969
756.8359
756.8359
825.1953
825.1953
849.6094
849.6094
859.3750
859.3750
908.2031
908.2031
893.5547
893.5547
859.3750
859.3750
893.5547
893.5547
937.5000
937.5000
947.2656
947.2656
971.6797
971.6797
1123.0469
1123.0469
1293.9453
1293.9453
1411.1328
1411.1328
1455.0781
1455.0781
1381.8359
1381.8359
1093.7500
1093.7500
688.4766
688.4766
390.6250
390.6250
166.0156
166.0156
29.2969
29.2969
0.0000
0.0000
0.0000
0.0000
0.0000
0.0000
0.0000
0.0000
0.0000
0.0000
0.0000
0.0000
0.0000
0.0000
0.0000
0.0000
0.0000
0.0000
0.0000
0.0000
0.0000
0.0000
0.0000
0.0000
0.0000
0.0000
0.0000
0.0000
0.0000
0.0000
0.0000
0.0000
0.0000
0.0000
0.0000
0.0000
0.0000
0.0000
0.0000
0.0000
0.0000
0.0000
0.0000
0.0000
0.0000
0.0000
131.8359
131.8359
214.8437
214.8437
258.7891
258.7891
371.0937
371.0937
463.8672
463.8672
517.5781
517.5781
551.7578
551.7578
634.7656
634.7656
654.2969
654.2969
659.1797
659.1797
708.0078
708.0078
761.7187
761.7187
761.7187
761.7187
727.5391
727.5391
751.9531
751.9531
747.0703
747.0703
722.6562
722.6562
727.5391
727.5391
776.3672
776.3672
771.4844
771.4844
751.9531
751.9531
805.6641
805.6641
864.2578
864.2578
927.7344
927.7344
1059.5703
1059.5703
1313.4766
1313.4766
1484.3750
1484.3750
1503.9062
1503.9062
1342.7734
1342.7734
942.3828
942.3828
400.3906
400.3906
0.0000
0.0000
0.0000
0.0000
0.0000
0.0000
0.0000
0.0000
0.0000
0.0000
0.0000
0.0000
0.0000
0.0000
0.0000
0.0000
0.0000
0.0000
0.0000
0.0000
0.0000
0.0000
0.0000
0.0000
0.0000
0.0000
0.0000
0.0000
0.0000
0.0000
0.0000
0.0000
0.0000
0.0000
0.0000
0.0000
0.0000
0.0000
0.0000
0.0000
0.0000
0.0000
0.0000
0.0000
0.0000
0.0000
0.0000
0.0000
0.0000
0.0000
0.0000
0.0000
0.0000
0.0000
0.0000
0.0000
0.0000
0.0000
0.0000
0.0000
63.4766
63.4766
180.6641
180.6641
229.4922
229.4922
273.4375
273.4375
361.3281
361.3281
390.6250
390.6250
390.6250
390.6250
454.1016
454.1016
532.2266
532.2266
571.2891
571.2891
585.9375
585.9375
678.7109
678.7109
732.4219
732.4219
771.4844
771.4844
854.4922
854.4922
991.2109
991.2109
1074.2187
1074.2187
1093.7500
1093.7500
1181.6406
1181.6406
1289.0625
1289.0625
1401.3672
1401.3672
1513.6719
1513.6719
1582.0312
1582.0312
1411.1328
1411.1328
961.9141
961.9141
468.7500
468.7500
92.7734
92.7734
0.0000
0.0000
0.0000
0.0000
0.0000
0.0000
0.0000
0.0000
0.0000
0.0000
0.0000
0.0000
0.0000
0.0000
0.0000
0.0000
0.0000
0.0000
0.0000
0.0000
0.0000
0.0000
0.0000
0.0000
0.0000
0.0000
0.0000
0.0000
0.0000
0.0000
0.0000
0.0000
0.0000
0.0000
0.0000
0.0000
0.0000
0.0000
0.0000
0.0000
0.0000
0.0000
0.0000
0.0000
0.0000
0.0000
0.0000
0.0000
0.0000
0.0000
0.0000
0.0000
0.0000
0.0000
0.0000
0.0000
107.4219
107.4219
170.8984
170.8984
229.4922
229.4922
336.9141
336.9141
400.3906
400.3906
400.3906
400.3906
410.1562
410.1562
478.5156
478.5156
502.9297
502.9297
512.6953
512.6953
581.0547
581.0547
644.5312
644.5312
678.7109
678.7109
717.7734
717.7734
820.3125
820.3125
883.7891
883.7891
903.3203
903.3203
966.7969
966.7969
1059.5703
1142.5781
1142.5781
1142.5781
1274.4141
1274.4141
1499.0234
1499.0234
1640.6250
1640.6250
1562.5000
1562.5000
1206.0547
1206.0547
712.8906
712.8906
209.9609
209.9609
0.0000
0.0000
0.0000
92.7734
92.7734
92.7734
141.6016
141.6016
0.0000
0.0000
0.0000
0.0000
0.0000
0.0000
0.0000
0.0000
0.0000
0.0000
0.0000
0.0000
0.0000
0.0000
0.0000
0.0000
0.0000
0.0000
0.0000
0.0000
0.0000
0.0000
0.0000
0.0000
0.0000
0.0000
0.0000
0.0000
0.0000
0.0000
0.0000
0.0000
0.0000
0.0000
0.0000
0.0000
0.0000
0.0000
0.0000
0.0000
0.0000
0.0000
0.0000
0.0000
0.0000
0.0000
0.0000
97.6562
97.6562
209.9609
209.9609
366.2109
366.2109
493.1641
493.1641
541.9922
541.9922
556.6406
556.6406
634.7656
634.7656
659.1797
659.1797
673.8281
673.8281
717.7734
717.7734
791.0156
791.0156
810.5469
810.5469
825.1953
825.1953
908.2031
908.2031
991.2109
991.2109
1059.5703
1059.5703
1127.9297
1127.9297
1235.3516
1235.3516
1274.4141
1274.4141
1274.4141
1274.4141
1328.1250
1328.1250
1430.6641
1430.6641
1518.5547
1518.5547
1528.3203
1528.3203
1455.0781
1455.0781
1137.6953
1137.6953
625.0000
625.0000
170.8984
170.8984
0.0000
0.0000
0.0000
0.0000
0.0000
0.0000
0.0000
0.0000
0.0000
0.0000
0.0000
0.0000
0.0000
0.0000
0.0000
0.0000
0.0000
0.0000
0.0000
0.0000
0.0000
0.0000
0.0000
0.0000
0.0000
0.0000
0.0000
0.0000
0.0000
0.0000
0.0000
0.0000
0.0000
0.0000
0.0000
0.0000
0.0000
0.0000
0.0000
0.0000
0.0000
0.0000
0.0000
0.0000
0.0000
0.0000
73.2422
73.2422
185.5469
185.5469
341.7969
341.7969
449.2187
449.2187
498.0469
498.0469
541.9922
541.9922
620.1172
620.1172
654.2969
654.2969
634.7656
634.7656
683.5937
683.5937
717.7734
717.7734
708.0078
708.0078
688.4766
688.4766
732.4219
732.4219
756.8359
756.8359
761.7187
761.7187
820.3125
820.3125
908.2031
908.2031
927.7344
927.7344
913.0859
913.0859
957.0312
957.0312
957.0312
957.0312
917.9687
917.9687
888.6719
888.6719
966.7969
966.7969
1083.9844
1083.9844
1201.1719
1201.1719
1323.2422
1323.2422
1303.7109
1303.7109
1000.9766
1000.9766
493.1641
493.1641
43.9453
43.9453
0.0000
0.0000
0.0000
0.0000
0.0000
0.0000
63.4766
63.4766
83.0078
83.0078
0.0000
0.0000
0.0000
0.0000
0.0000
0.0000
0.0000
0.0000
0.0000
0.0000
0.0000
0.0000
0.0000
0.0000
0.0000
0.0000
0.0000
0.0000
0.0000
0.0000
0.0000
0.0000
0.0000
0.0000
0.0000
0.0000
0.0000
0.0000
0.0000
0.0000
0.0000
0.0000
0.0000
0.0000
0.0000
0.0000
0.0000
0.0000
0.0000
0.0000
0.0000
0.0000
0.0000
0.0000
0.0000
0.0000
0.0000
0.0000
34.1797
34.1797
97.6562
97.6562
175.7812
175.7812
283.2031
283.2031
322.2656
322.2656
317.3828
317.3828
385.7422
385.7422
449.2187
449.2187
493.1641
493.1641
541.9922
541.9922
659.1797
659.1797
722.6562
722.6562
742.1875
742.1875
800.7812
800.7812
874.0234
874.0234
917.9687
917.9687
922.8516
922.8516
981.4453
981.4453
991.2109
991.2109
961.9141
961.9141
996.0937
996.0937
1157.2266
1157.2266
1323.2422
1323.2422
1440.4297
1440.4297
1513.6719
1513.6719
1430.6641
1430.6641
1152.3437
1152.3437
766.6016
766.6016
434.5703
434.5703
126.9531
126.9531
0.0000
0.0000
0.0000
0.0000
0.0000
0.0000
0.0000
0.0000
0.0000
0.0000
0.0000
0.0000
0.0000
0.0000
0.0000
0.0000
0.0000
0.0000
0.0000
0.0000
0.0000
0.0000
0.0000
0.0000
0.0000
0.0000
0.0000
0.0000
0.0000
0.0000
0.0000
0.0000
0.0000
0.0000
0.0000
0.0000
0.0000
0.0000
0.0000
0.0000
0.0000
0.0000
0.0000
0.0000
0.0000
0.0000
0.0000
0.0000
14.6484
14.6484
73.2422
73.2422
126.9531
126.9531
244.1406
244.1406
312.5000
312.5000
346.6797
346.6797
400.3906
400.3906
468.7500
468.7500
493.1641
493.1641
502.9297
502.9297
600.5859
600.5859
664.0625
664.0625
688.4766
688.4766
727.5391
727.5391
800.7812
800.7812
810.5469
810.5469
776.3672
776.3672
786.1328
786.1328
791.0156
791.0156
751.9531
751.9531
722.6562
722.6562
771.4844
771.4844
805.6641
805.6641
888.6719
888.6719
1069.3359
1069.3359
1274.4141
1274.4141
1333.0078
1333.0078
1215.8203
1215.8203
1010.7422
1010.7422
693.3594
693.3594
390.6250
390.6250
258.7891
258.7891
327.1484
327.1484
356.4453
356.4453
244.1406
244.1406
29.2969
29.2969
0.0000
0.0000
0.0000
0.0000
0.0000
0.0000
0.0000
0.0000
0.0000
0.0000
0.0000
0.0000
0.0000
0.0000
0.0000
0.0000
0.0000
0.0000
0.0000
0.0000
0.0000
0.0000
0.0000
0.0000
0.0000
0.0000
0.0000
0.0000
0.0000
0.0000
0.0000
0.0000
0.0000
0.0000
0.0000
0.0000
0.0000
0.0000
0.0000
0.0000
0.0000
0.0000
78.1250
78.1250
175.7812
175.7812
205.0781
205.0781
244.1406
244.1406
351.5625
351.5625
415.0391
415.0391
463.8672
463.8672
556.6406
556.6406
629.8828
629.8828
634.7656
634.7656
629.8828
629.8828
717.7734
717.7734
776.3672
776.3672
795.8984
795.8984
844.7266
844.7266
913.0859
913.0859
913.0859
913.0859
888.6719
888.6719
947.2656
947.2656
986.3281
986.3281
986.3281
986.3281
996.0937
996.0937
1113.2812
1113.2812
1259.7656
1259.7656
1425.7812
1425.7812
1572.2656
1572.2656
1611.3281
1611.3281
1450.1953
1450.1953
1118.1641
1118.1641
771.4844
771.4844
400.3906
400.3906
48.8281
48.8281
0.0000
0.0000
0.0000
0.0000
0.0000
0.0000
0.0000
0.0000
0.0000
0.0000
0.0000
0.0000
0.0000
0.0000
0.0000
0.0000
0.0000
0.0000
0.0000
0.0000
0.0000
0.0000
0.0000
0.0000
0.0000
0.0000
0.0000
0.0000
0.0000
0.0000
0.0000
0.0000
0.0000
0.0000
0.0000
0.0000
0.0000
0.0000
0.0000
0.0000
0.0000
0.0000
0.0000
0.0000
0.0000
0.0000
0.0000
0.0000
0.0000
0.0000
0.0000
0.0000
58.5937
58.5937
180.6641
180.6641
268.5547
268.5547
341.7969
341.7969
449.2187
449.2187
478.5156
478.5156
483.3984
483.3984
561.5234
561.5234
625.0000
625.0000
634.7656
634.7656
620.1172
620.1172
649.4141
649.4141
634.7656
634.7656
600.5859
600.5859
615.2344
615.2344
678.7109
678.7109
678.7109
678.7109
644.5312
644.5312
678.7109
678.7109
708.0078
708.0078
761.7187
761.7187
913.0859
913.0859
1176.7578
1176.7578
1362.3047
1362.3047
1391.6016
1391.6016
1235.3516
1235.3516
844.7266
844.7266
327.1484
327.1484
0.0000
0.0000
0.0000
0.0000
34.1797
34.1797
200.1953
200.1953
224.6094
224.6094
39.0625
39.0625
0.0000
0.0000
0.0000
0.0000
0.0000
0.0000
0.0000
0.0000
0.0000
0.0000
0.0000
0.0000
0.0000
0.0000
0.0000
0.0000
0.0000
0.0000
0.0000
0.0000
0.0000
0.0000
0.0000
0.0000
0.0000
0.0000
0.0000
0.0000
0.0000
0.0000
0.0000
0.0000
0.0000
0.0000
0.0000
0.0000
0.0000
0.0000
0.0000
0.0000
0.0000
0.0000
0.0000
0.0000
0.0000
0.0000
39.0625
39.0625
219.7266
219.7266
351.5625
351.5625
429.6875
429.6875
512.6953
512.6953
615.2344
615.2344
625.0000
625.0000
600.5859
600.5859
654.2969
654.2969
703.1250
703.1250
712.8906
712.8906
712.8906
712.8906
776.3672
776.3672
800.7812
800.7812
815.4297
815.4297
878.9062
878.9062
976.5625
976.5625
1040.0391
1040.0391
1069.3359
1069.3359
1157.2266
1157.2266
1245.1172
1245.1172
1352.5391
1352.5391
1508.7891
1508.7891
1674.8047
1674.8047
1660.1562
1660.1562
1440.4297
1440.4297
1103.5156
1103.5156
683.5937
683.5937
263.6719
263.6719
0.0000
0.0000
0.0000
0.0000
0.0000
0.0000
0.0000
0.0000
0.0000
0.0000
0.0000
0.0000
0.0000
0.0000
0.0000
0.0000
0.0000
0.0000
0.0000
