1479.4922
1416.0156
1416.0156
1240.2344
1240.2344
932.6172
932.6172
517.5781
517.5781
131.8359
131.8359
0.0000
0.0000
0.0000
0.0000
0.0000
0.0000
0.0000
0.0000
0.0000
0.0000
0.0000
0.0000
0.0000
0.0000
0.0000
0.0000
0.0000
0.0000
0.0000
0.0000
0.0000
0.0000
0.0000
0.0000
0.0000
0.0000
0.0000
0.0000
0.0000
0.0000
0.0000
0.0000
0.0000
0.0000
0.0000
0.0000
0.0000
0.0000
0.0000
0.0000
0.0000
0.0000
0.0000
0.0000
0.0000
0.0000
24.4141
24.4141
146.4844
146.4844
234.3750
234.3750
273.4375
273.4375
351.5625
351.5625
434.5703
434.5703
468.7500
468.7500
502.9297
502.9297
600.5859
600.5859
644.5312
644.5312
639.6484
639.6484
688.4766
688.4766
732.4219
732.4219
722.6562
722.6562
712.8906
712.8906
766.6016
766.6016
766.6016
766.6016
732.4219
732.4219
761.7187
761.7187
776.3672
776.3672
742.1875
742.1875
712.8906
712.8906
766.6016
766.6016
864.2578
864.2578
1040.0391
1040.0391
1313.4766
1313.4766
1489.2578
1489.2578
1440.4297
1440.4297
1181.6406
1181.6406
830.0781
830.0781
488.2812
488.2812
312.5000
312.5000
395.5078
395.5078
483.3984
483.3984
390.6250
390.6250
136.7187
136.7187
0.0000
0.0000
0.0000
0.0000
0.0000
0.0000
0.0000
0.0000
0.0000
0.0000
0.0000
0.0000
0.0000
0.0000
0.0000
0.0000
0.0000
0.0000
0.0000
0.0000
0.0000
0.0000
0.0000
0.0000
0.0000
0.0000
0.0000
0.0000
0.0000
0.0000
0.0000
0.0000
0.0000
0.0000
0.0000
0.0000
0.0000
0.0000
0.0000
0.0000
0.0000
0.0000
0.0000
0.0000
0.0000
0.0000
102.5391
102.5391
278.3203
278.3203
400.3906
400.3906
458.9844
458.9844
556.6406
556.6406
644.5312
644.5312
659.1797
659.1797
683.5937
751.9531
751.9531
751.9531
766.6016
766.6016
751.9531
751.9531
815.4297
815.4297
869.1406
869.1406
903.3203
903.3203
961.9141
961.9141
1064.4531
1064.4531
1127.9297
1127.9297
1157.2266
1240.2344
1240.2344
1240.2344
1337.8906
1337.8906
1459.9609
1459.9609
1640.6250
1640.6250
1801.7578
1801.7578
1767.5781
1767.5781
1513.6719
1118.1641
1118.1641
625.0000
625.0000
190.4297
190.4297
0.0000
0.0000
0.0000
0.0000
0.0000
0.0000
0.0000
0.0000
0.0000
0.0000
0.0000
0.0000
0.0000
0.0000
0.0000
0.0000
0.0000
0.0000
0.0000
0.0000
0.0000
0.0000
0.0000
0.0000
0.0000
0.0000
0.0000
0.0000
0.0000
0.0000
0.0000
0.0000
0.0000
0.0000
0.0000
0.0000
0.0000
0.0000
0.0000
0.0000
0.0000
0.0000
0.0000
0.0000
0.0000
0.0000
0.0000
0.0000
0.0000
0.0000
0.0000
0.0000
0.0000
0.0000
0.0000
0.0000
126.9531
126.9531
229.4922
229.4922
258.7891
258.7891
292.9687
292.9687
341.7969
341.7969
341.7969
341.7969
346.6797
346.6797
444.3359
444.3359
517.5781
517.5781
546.8750
546.8750
610.3516
610.3516
703.1250
703.1250
751.9531
751.9531
791.0156
791.0156
898.4375
898.4375
961.9141
961.9141
981.4453
981.4453
1035.1562
1035.1562
1147.4609
1147.4609
1274.4141
1274.4141
1420.8984
1420.8984
1572.2656
1572.2656
1528.3203
1528.3203
1215.8203
1215.8203
815.4297
815.4297
463.8672
463.8672
273.4375
273.4375
258.7891
258.7891
336.9141
336.9141
263.6719
263.6719
0.0000
0.0000
0.0000
0.0000
0.0000
0.0000
0.0000
0.0000
0.0000
0.0000
0.0000
0.0000
0.0000
0.0000
0.0000
0.0000
0.0000
0.0000
0.0000
0.0000
0.0000
0.0000
0.0000
0.0000
0.0000
0.0000
0.0000
0.0000
0.0000
0.0000
0.0000
0.0000
0.0000
0.0000
0.0000
0.0000
0.0000
0.0000
0.0000
0.0000
68.3594
68.3594
170.8984
170.8984
312.5000
312.5000
400.3906
400.3906
444.3359
444.3359
512.6953
512.6953
605.4687
605.4687
649.4141
649.4141
673.8281
673.8281
756.8359
756.8359
776.3672
776.3672
751.9531
751.9531
800.7812
800.7812
893.5547
893.5547
971.6797
971.6797
1020.5078
1020.5078
1113.2812
1113.2812
1147.4609
1147.4609
1152.3437
1152.3437
1215.8203
1215.8203
1284.1797
1284.1797
1293.9453
1293.9453
1284.1797
1284.1797
1362.3047
1362.3047
1459.9609
1459.9609
1528.3203
1528.3203
1528.3203
1528.3203
1337.8906
1337.8906
874.0234
874.0234
351.5625
351.5625
9.7656
9.7656
0.0000
0.0000
0.0000
0.0000
0.0000
0.0000
0.0000
0.0000
0.0000
0.0000
0.0000
0.0000
0.0000
0.0000
0.0000
0.0000
0.0000
0.0000
0.0000
0.0000
0.0000
0.0000
0.0000
0.0000
0.0000
0.0000
0.0000
0.0000
0.0000
0.0000
0.0000
0.0000
0.0000
0.0000
0.0000
0.0000
0.0000
0.0000
0.0000
0.0000
0.0000
0.0000
0.0000
0.0000
0.0000
0.0000
0.0000
0.0000
0.0000
0.0000
0.0000
0.0000
0.0000
0.0000
78.1250
78.1250
151.3672
151.3672
205.0781
205.0781
307.6172
307.6172
356.4453
356.4453
371.0937
371.0937
449.2187
449.2187
532.2266
532.2266
585.9375
585.9375
625.0000
625.0000
722.6562
722.6562
771.4844
771.4844
800.7812
800.7812
883.7891
883.7891
957.0312
957.0312
991.2109
991.2109
1005.8594
1005.8594
1064.4531
1064.4531
1079.1016
1079.1016
1103.5156
1103.5156
1250.0000
1250.0000
1450.1953
1450.1953
1591.7969
1591.7969
1611.3281
1611.3281
1440.4297
1440.4297
1000.9766
1000.9766
493.1641
493.1641
214.8437
214.8437
122.0703
122.0703
58.5937
58.5937
0.0000
0.0000
0.0000
0.0000
0.0000
0.0000
0.0000
0.0000
0.0000
0.0000
0.0000
0.0000
0.0000
0.0000
0.0000
0.0000
0.0000
0.0000
0.0000
0.0000
0.0000
0.0000
0.0000
0.0000
0.0000
0.0000
0.0000
0.0000
0.0000
0.0000
0.0000
0.0000
0.0000
0.0000
0.0000
0.0000
0.0000
0.0000
0.0000
0.0000
0.0000
0.0000
0.0000
0.0000
73.2422
73.2422
166.0156
166.0156
244.1406
244.1406
380.8594
380.8594
468.7500
468.7500
517.5781
517.5781
629.8828
629.8828
727.5391
727.5391
776.3672
776.3672
820.3125
820.3125
908.2031
908.2031
942.3828
942.3828
952.1484
952.1484
1015.6250
1015.6250
1044.9219
1044.9219
1030.2734
1030.2734
1035.1562
1035.1562
1103.5156
1103.5156
1127.9297
1127.9297
1127.9297
1127.9297
1191.4062
1191.4062
1225.5859
1225.5859
1240.2344
1240.2344
1347.6562
1347.6562
1533.2031
1533.2031
1616.2109
1616.2109
1513.6719
1513.6719
1284.1797
1284.1797
869.1406
869.1406
415.0391
415.0391
107.4219
107.4219
0.0000
0.0000
0.0000
0.0000
0.0000
0.0000
0.0000
0.0000
0.0000
0.0000
0.0000
0.0000
0.0000
0.0000
0.0000
0.0000
0.0000
0.0000
0.0000
0.0000
0.0000
0.0000
0.0000
0.0000
0.0000
0.0000
0.0000
0.0000
0.0000
0.0000
0.0000
0.0000
0.0000
0.0000
0.0000
0.0000
0.0000
0.0000
0.0000
0.0000
0.0000
0.0000
0.0000
0.0000
0.0000
0.0000
0.0000
0.0000
0.0000
0.0000
0.0000
0.0000
0.0000
0.0000
24.4141
24.4141
161.1328
161.1328
249.0234
249.0234
302.7344
302.7344
371.0937
371.0937
380.8594
380.8594
380.8594
380.8594
454.1016
454.1016
512.6953
512.6953
507.8125
507.8125
532.2266
532.2266
590.8203
590.8203
605.4687
605.4687
595.7031
595.7031
668.9453
668.9453
722.6562
722.6562
742.1875
742.1875
810.5469
810.5469
913.0859
913.0859
1015.6250
1015.6250
1166.9922
1166.9922
1401.3672
1401.3672
1513.6719
1513.6719
1391.6016
1391.6016
1083.9844
1083.9844
698.2422
698.2422
375.9766
375.9766
224.6094
224.6094
244.1406
244.1406
156.2500
156.2500
0.0000
0.0000
0.0000
0.0000
0.0000
0.0000
0.0000
0.0000
0.0000
0.0000
0.0000
0.0000
0.0000
0.0000
0.0000
0.0000
0.0000
0.0000
0.0000
0.0000
0.0000
0.0000
0.0000
0.0000
0.0000
0.0000
0.0000
0.0000
0.0000
0.0000
0.0000
0.0000
0.0000
0.0000
0.0000
0.0000
0.0000
0.0000
0.0000
0.0000
0.0000
0.0000
0.0000
0.0000
112.3047
112.3047
263.6719
263.6719
361.3281
361.3281
473.6328
473.6328
615.2344
615.2344
703.1250
703.1250
747.0703
747.0703
844.7266
844.7266
869.1406
869.1406
834.9609
834.9609
839.8437
839.8437
864.2578
864.2578
864.2578
864.2578
864.2578
864.2578
942.3828
942.3828
996.0937
996.0937
1049.8047
1049.8047
1162.1094
1162.1094
1259.7656
1259.7656
1323.2422
1323.2422
1381.8359
1381.8359
1494.1406
1494.1406
1596.6797
1596.6797
1699.2187
1699.2187
1855.4687
1855.4687
1914.0625
1914.0625
1772.4609
1772.4609
1445.3125
1445.3125
1010.7422
1010.7422
502.9297
502.9297
43.9453
43.9453
0.0000
0.0000
0.0000
0.0000
0.0000
0.0000
0.0000
0.0000
0.0000
0.0000
0.0000
0.0000
0.0000
0.0000
0.0000
0.0000
0.0000
0.0000
0.0000
0.0000
0.0000
0.0000
0.0000
0.0000
0.0000
0.0000
0.0000
0.0000
0.0000
0.0000
0.0000
0.0000
0.0000
0.0000
0.0000
0.0000
0.0000
0.0000
0.0000
0.0000
0.0000
0.0000
0.0000
0.0000
0.0000
0.0000
0.0000
0.0000
0.0000
0.0000
122.0703
122.0703
205.0781
205.0781
234.3750
234.3750
322.2656
322.2656
366.2109
366.2109
380.8594
380.8594
429.6875
429.6875
483.3984
483.3984
483.3984
483.3984
473.6328
473.6328
537.1094
537.1094
561.5234
561.5234
590.8203
590.8203
698.2422
698.2422
800.7812
800.7812
844.7266
844.7266
874.0234
874.0234
957.0312
957.0312
996.0937
996.0937
1010.7422
1010.7422
1083.9844
1083.9844
1157.2266
1157.2266
1250.0000
1250.0000
1401.3672
1401.3672
1567.3828
1567.3828
1572.2656
1572.2656
1357.4219
1357.4219
1020.5078
1020.5078
585.9375
585.9375
229.4922
229.4922
102.5391
102.5391
141.6016
141.6016
68.3594
68.3594
0.0000
0.0000
0.0000
0.0000
0.0000
0.0000
0.0000
0.0000
0.0000
0.0000
0.0000
0.0000
0.0000
0.0000
0.0000
0.0000
0.0000
0.0000
0.0000
0.0000
0.0000
0.0000
0.0000
0.0000
0.0000
0.0000
0.0000
0.0000
0.0000
0.0000
0.0000
0.0000
0.0000
0.0000
0.0000
0.0000
0.0000
0.0000
0.0000
0.0000
0.0000
0.0000
0.0000
0.0000
0.0000
0.0000
83.0078
83.0078
131.8359
131.8359
234.3750
234.3750
336.9141
336.9141
400.3906
400.3906
458.9844
458.9844
561.5234
561.5234
615.2344
615.2344
639.6484
639.6484
727.5391
727.5391
786.1328
786.1328
815.4297
815.4297
864.2578
864.2578
961.9141
961.9141
996.0937
996.0937
991.2109
991.2109
1044.9219
1044.9219
1054.6875
1054.6875
1030.2734
1030.2734
1059.5703
1059.5703
1166.9922
1166.9922
1293.9453
1293.9453
1435.5469
1435.5469
1586.9141
1586.9141
1596.6797
1596.6797
1425.7812
1425.7812
1152.3437
1152.3437
810.5469
810.5469
434.5703
434.5703
112.3047
112.3047
0.0000
0.0000
0.0000
0.0000
0.0000
0.0000
0.0000
0.0000
0.0000
0.0000
0.0000
0.0000
0.0000
0.0000
0.0000
0.0000
0.0000
0.0000
0.0000
0.0000
0.0000
0.0000
0.0000
0.0000
0.0000
0.0000
0.0000
0.0000
0.0000
0.0000
0.0000
0.0000
0.0000
0.0000
0.0000
0.0000
0.0000
0.0000
0.0000
0.0000
0.0000
0.0000
0.0000
0.0000
0.0000
0.0000
0.0000
0.0000
19.5312
19.5312
97.6562
97.6562
151.3672
219.7266
219.7266
219.7266
322.2656
380.8594
380.8594
405.2734
405.2734
493.1641
493.1641
551.7578
551.7578
576.1719
576.1719
576.1719
620.1172
620.1172
683.5937
683.5937
693.3594
678.7109
678.7109
737.3047
737.3047
756.8359
756.8359
751.9531
751.9531
781.2500
781.2500
825.1953
825.1953
805.6641
805.6641
776.3672
776.3672
834.9609
834.9609
898.4375
898.4375
1025.3906
1025.3906
1264.6484
1264.6484
1484.3750
1484.3750
1542.9687
1542.9687
1430.6641
1430.6641
1215.8203
1215.8203
854.4922
854.4922
483.3984
483.3984
307.6172
307.6172
234.3750
234.3750
117.1875
117.1875
0.0000
0.0000
0.0000
0.0000
0.0000
0.0000
0.0000
0.0000
0.0000
0.0000
0.0000
0.0000
0.0000
0.0000
0.0000
0.0000
0.0000
0.0000
0.0000
0.0000
0.0000
0.0000
0.0000
0.0000
0.0000
0.0000
0.0000
0.0000
0.0000
0.0000
0.0000
0.0000
0.0000
0.0000
0.0000
0.0000
0.0000
0.0000
0.0000
0.0000
0.0000
0.0000
0.0000
0.0000
0.0000
0.0000
14.6484
14.6484
112.3047
112.3047
268.5547
268.5547
356.4453
356.4453
385.7422
385.7422
449.2187
449.2187
522.4609
522.4609
551.7578
551.7578
541.9922
541.9922
595.7031
595.7031
610.3516
610.3516
590.8203
590.8203
634.7656
634.7656
698.2422
698.2422
727.5391
727.5391
771.4844
771.4844
893.5547
893.5547
981.4453
981.4453
1035.1562
1035.1562
1132.8125
1132.8125
1210.9375
1210.9375
1264.6484
1264.6484
1376.9531
1376.9531
1591.7969
1591.7969
1713.8672
1713.8672
1674.8047
1674.8047
1513.6719
1513.6719
1166.9922
1166.9922
659.1797
659.1797
200.1953
200.1953
0.0000
0.0000
0.0000
0.0000
0.0000
0.0000
0.0000
0.0000
0.0000
0.0000
0.0000
0.0000
0.0000
0.0000
0.0000
0.0000
0.0000
0.0000
0.0000
0.0000
0.0000
0.0000
0.0000
0.0000
0.0000
0.0000
0.0000
0.0000
0.0000
0.0000
0.0000
0.0000
0.0000
0.0000
0.0000
0.0000
0.0000
0.0000
0.0000
0.0000
0.0000
0.0000
0.0000
0.0000
0.0000
0.0000
0.0000
0.0000
0.0000
0.0000
0.0000
0.0000
0.0000
0.0000
87.8906
87.8906
205.0781
205.0781
283.2031
283.2031
312.5000
312.5000
385.7422
385.7422
400.3906
400.3906
375.9766
375.9766
424.8047
424.8047
473.6328
473.6328
488.2812
488.2812
502.9297
502.9297
581.0547
581.0547
625.0000
625.0000
634.7656
634.7656
708.0078
708.0078
776.3672
776.3672
810.5469
810.5469
859.3750
859.3750
952.1484
952.1484
1005.8594
1005.8594
1088.8672
1088.8672
1284.1797
1284.1797
1464.8437
1464.8437
1508.7891
1508.7891
1401.3672
1401.3672
1152.3437
1152.3437
776.3672
776.3672
449.2187
449.2187
336.9141
336.9141
302.7344
302.7344
180.6641
180.6641
0.0000
0.0000
0.0000
0.0000
0.0000
0.0000
0.0000
0.0000
0.0000
0.0000
0.0000
0.0000
0.0000
0.0000
0.0000
0.0000
0.0000
0.0000
0.0000
0.0000
0.0000
0.0000
0.0000
0.0000
0.0000
0.0000
0.0000
0.0000
0.0000
0.0000
0.0000
0.0000
0.0000
0.0000
0.0000
0.0000
0.0000
0.0000
0.0000
0.0000
0.0000
0.0000
73.2422
73.2422
200.1953
200.1953
263.6719
263.6719
307.6172
307.6172
419.9219
419.9219
483.3984
483.3984
517.5781
517.5781
595.7031
595.7031
634.7656
634.7656
625.0000
625.0000
649.4141
649.4141
747.0703
747.0703
805.6641
805.6641
844.7266
844.7266
947.2656
947.2656
1020.5078
1020.5078
1054.6875
1054.6875
1113.2812
1113.2812
1210.9375
1210.9375
1264.6484
1264.6484
1269.5312
1269.5312
1313.4766
1313.4766
1328.1250
1328.1250
1342.7734
1342.7734
1445.3125
1445.3125
1611.3281
1611.3281
1665.0391
1665.0391
1538.0859
1538.0859
1274.4141
1274.4141
810.5469
810.5469
263.6719
263.6719
0.0000
0.0000
0.0000
0.0000
0.0000
0.0000
0.0000
0.0000
0.0000
0.0000
0.0000
0.0000
0.0000
0.0000
0.0000
0.0000
0.0000
0.0000
0.0000
0.0000
0.0000
0.0000
0.0000
0.0000
0.0000
0.0000
0.0000
0.0000
0.0000
0.0000
0.0000
0.0000
0.0000
0.0000
0.0000
0.0000
0.0000
0.0000
0.0000
0.0000
0.0000
0.0000
0.0000
0.0000
0.0000
0.0000
0.0000
0.0000
0.0000
0.0000
0.0000
0.0000
0.0000
0.0000
0.0000
0.0000
92.7734
92.7734
175.7812
175.7812
224.6094
224.6094
292.9687
292.9687
395.5078
395.5078
439.4531
439.4531
454.1016
454.1016
541.9922
541.9922
610.3516
610.3516
654.2969
654.2969
722.6562
722.6562
795.8984
795.8984
805.6641
805.6641
771.4844
771.4844
805.6641
805.6641
805.6641
805.6641
786.1328
786.1328
805.6641
805.6641
844.7266
844.7266
893.5547
893.5547
1010.7422
1010.7422
1240.2344
1240.2344
1391.6016
1391.6016
1372.0703
1372.0703
1230.4687
1230.4687
932.6172
932.6172
561.5234
561.5234
297.8516
297.8516
224.6094
224.6094
175.7812
175.7812
9.7656
9.7656
0.0000
0.0000
0.0000
0.0000
0.0000
0.0000
0.0000
0.0000
0.0000
0.0000
0.0000
0.0000
0.0000
0.0000
0.0000
0.0000
0.0000
0.0000
0.0000
0.0000
0.0000
0.0000
0.0000
0.0000
0.0000
0.0000
0.0000
0.0000
0.0000
0.0000
0.0000
0.0000
0.0000
0.0000
0.0000
0.0000
0.0000
0.0000
0.0000
0.0000
0.0000
0.0000
0.0000
0.0000
0.0000
0.0000
34.1797
34.1797
156.2500
156.2500
307.6172
307.6172
410.1562
410.1562
488.2812
488.2812
615.2344
615.2344
678.7109
678.7109
688.4766
688.4766
727.5391
727.5391
756.8359
756.8359
742.1875
742.1875
751.9531
751.9531
849.6094
849.6094
913.0859
913.0859
942.3828
942.3828
1025.3906
1025.3906
1103.5156
1103.5156
1142.5781
1142.5781
1191.4062
1191.4062
1318.3594
1318.3594
1445.3125
1445.3125
1577.1484
1577.1484
1757.8125
1757.8125
1826.1719
1826.1719
1708.9844
1708.9844
1420.8984
1420.8984
1025.3906
1025.3906
532.2266
532.2266
48.8281
48.8281
0.0000
0.0000
0.0000
0.0000
0.0000
0.0000
0.0000
0.0000
0.0000
0.0000
0.0000
0.0000
0.0000
0.0000
0.0000
0.0000
0.0000
0.0000
0.0000
0.0000
0.0000
0.0000
0.0000
0.0000
0.0000
0.0000
0.0000
0.0000
0.0000
0.0000
0.0000
0.0000
0.0000
0.0000
0.0000
0.0000
0.0000
0.0000
0.0000
0.0000
0.0000
0.0000
0.0000
0.0000
73.2422
73.2422
131.8359
131.8359
258.7891
258.7891
400.3906
400.3906
468.7500
468.7500
493.1641
493.1641
561.5234
561.5234
581.0547
581.0547
576.1719
576.1719
615.2344
615.2344
654.2969
654.2969
634.7656
634.7656
610.3516
610.3516
649.4141
649.4141
659.1797
659.1797
639.6484
639.6484
683.5937
683.5937
722.6562
722.6562
722.6562
722.6562
732.4219
732.4219
791.0156
791.0156
805.6641
805.6641
781.2500
781.2500
869.1406
869.1406
996.0937
996.0937
1157.2266
1157.2266
1318.3594
1318.3594
1425.7812
1425.7812
1289.0625
1289.0625
952.1484
952.1484
585.9375
585.9375
234.3750
234.3750
4.8828
4.8828
0.0000
0.0000
0.0000
0.0000
0.0000
0.0000
0.0000
0.0000
0.0000
0.0000
0.0000
0.0000
0.0000
0.0000
0.0000
0.0000
0.0000
0.0000
0.0000
0.0000
0.0000
0.0000
0.0000
0.0000
0.0000
0.0000
0.0000
0.0000
0.0000
0.0000
0.0000
0.0000
0.0000
0.0000
0.0000
0.0000
0.0000
0.0000
0.0000
0.0000
0.0000
0.0000
0.0000
0.0000
0.0000
0.0000
0.0000
0.0000
0.0000
0.0000
0.0000
0.0000
0.0000
0.0000
4.8828
4.8828
117.1875
117.1875
200.1953
200.1953
209.9609
209.9609
224.6094
224.6094
292.9687
292.9687
312.5000
312.5000
307.6172
307.6172
390.6250
390.6250
463.8672
463.8672
502.9297
502.9297
571.2891
571.2891
688.4766
688.4766
771.4844
771.4844
834.9609
834.9609
966.7969
966.7969
1044.9219
1044.9219
1059.5703
1059.5703
1079.1016
1079.1016
1127.9297
1127.9297
1166.9922
1166.9922
1264.6484
1264.6484
1459.9609
1459.9609
1562.5000
1562.5000
1494.1406
1494.1406
1293.9453
1293.9453
1015.6250
1015.6250
673.8281
673.8281
356.4453
356.4453
156.2500
156.2500
0.0000
0.0000
0.0000
0.0000
0.0000
0.0000
0.0000
0.0000
0.0000
0.0000
0.0000
0.0000
0.0000
0.0000
0.0000
0.0000
0.0000
0.0000
0.0000
0.0000
0.0000
0.0000
0.0000
0.0000
0.0000
0.0000
0.0000
0.0000
0.0000
0.0000
0.0000
0.0000
0.0000
0.0000
0.0000
0.0000
0.0000
0.0000
0.0000
0.0000
0.0000
0.0000
48.8281
48.8281
107.4219
107.4219
205.0781
205.0781
263.6719
263.6719
283.2031
283.2031
327.1484
327.1484
415.0391
415.0391
449.2187
449.2187
444.3359
444.3359
512.6953
512.6953
566.4062
566.4062
585.9375
585.9375
644.5312
722.6562
722.6562
722.6562
732.4219
732.4219
708.0078
708.0078
761.7187
761.7187
791.0156
791.0156
791.0156
791.0156
825.1953
825.1953
864.2578
864.2578
849.6094
820.3125
820.3125
859.3750
859.3750
859.3750
878.9062
878.9062
908.2031
908.2031
1049.8047
1049.8047
1259.7656
1259.7656
1386.7187
1386.7187
1391.6016
1391.6016
1284.1797
1284.1797
981.4453
981.4453
585.9375
585.9375
346.6797
346.6797
214.8437
214.8437
112.3047
112.3047
0.0000
0.0000
0.0000
0.0000
0.0000
0.0000
0.0000
0.0000
0.0000
0.0000
0.0000
0.0000
0.0000
0.0000
0.0000
0.0000
0.0000
0.0000
0.0000
0.0000
0.0000
0.0000
0.0000
0.0000
0.0000
0.0000
0.0000
0.0000
0.0000
0.0000
0.0000
0.0000
0.0000
0.0000
0.0000
0.0000
0.0000
0.0000
0.0000
0.0000
0.0000
0.0000
0.0000
0.0000
0.0000
0.0000
0.0000
0.0000
0.0000
58.5937
58.5937
185.5469
185.5469
283.2031
283.2031
405.2734
405.2734
527.3437
527.3437
566.4062
566.4062
576.1719
576.1719
668.9453
668.9453
722.6562
722.6562
732.4219
732.4219
791.0156
791.0156
844.7266
844.7266
859.3750
859.3750
893.5547
893.5547
1005.8594
1005.8594
1074.2187
1074.2187
1103.5156
1103.5156
1186.5234
1186.5234
1264.6484
1264.6484
1323.2422
1323.2422
1435.5469
1435.5469
1635.7422
1635.7422
1733.3984
1733.3984
1650.3906
1650.3906
1464.8437
1464.8437
1103.5156
1103.5156
615.2344
615.2344
180.6641
180.6641
0.0000
0.0000
0.0000
0.0000
0.0000
0.0000
0.0000
0.0000
0.0000
0.0000
0.0000
0.0000
0.0000
0.0000
0.0000
0.0000
0.0000
0.0000
0.0000
0.0000
0.0000
0.0000
0.0000
0.0000
0.0000
0.0000
0.0000
0.0000
0.0000
0.0000
0.0000
0.0000
0.0000
0.0000
0.0000
0.0000
0.0000
0.0000
0.0000
0.0000
0.0000
0.0000
0.0000
0.0000
0.0000
0.0000
0.0000
0.0000
29.2969
29.2969
107.4219
107.4219
156.2500
156.2500
263.6719
263.6719
385.7422
385.7422
463.8672
463.8672
502.9297
502.9297
595.7031
595.7031
620.1172
620.1172
585.9375
585.9375
595.7031
595.7031
610.3516
610.3516
600.5859
600.5859
590.8203
590.8203
649.4141
649.4141
649.4141
649.4141
629.8828
629.8828
683.5937
683.5937
747.0703
747.0703
786.1328
786.1328
839.8437
839.8437
932.6172
932.6172
976.5625
976.5625
1040.0391
1040.0391
1254.8828
1254.8828
1489.2578
1489.2578
1630.8594
1630.8594
1640.6250
1640.6250
1499.0234
1499.0234
1152.3437
1152.3437
708.0078
708.0078
405.2734
405.2734
185.5469
185.5469
24.4141
24.4141
0.0000
0.0000
0.0000
0.0000
0.0000
0.0000
0.0000
0.0000
0.0000
0.0000
0.0000
0.0000
0.0000
0.0000
0.0000
0.0000
0.0000
0.0000
0.0000
0.0000
0.0000
0.0000
0.0000
0.0000
0.0000
0.0000
0.0000
0.0000
0.0000
0.0000
0.0000
0.0000
0.0000
0.0000
0.0000
0.0000
0.0000
0.0000
0.0000
0.0000
0.0000
0.0000
0.0000
0.0000
19.5312
19.5312
107.4219
107.4219
161.1328
161.1328
283.2031
283.2031
351.5625
351.5625
380.8594
380.8594
454.1016
454.1016
493.1641
493.1641
463.8672
463.8672
454.1016
454.1016
517.5781
517.5781
546.8750
546.8750
551.7578
551.7578
639.6484
639.6484
732.4219
732.4219
791.0156
791.0156
874.0234
874.0234
1005.8594
1005.8594
1074.2187
1074.2187
1103.5156
1103.5156
1186.5234
1186.5234
1235.3516
1235.3516
1289.0625
1289.0625
1406.2500
1406.2500
1542.9687
1542.9687
1513.6719
1513.6719
1308.5937
1308.5937
1030.2734
1030.2734
629.8828
629.8828
229.4922
229.4922
0.0000
0.0000
0.0000
0.0000
0.0000
0.0000
0.0000
0.0000
0.0000
0.0000
0.0000
0.0000
0.0000
0.0000
0.0000
0.0000
0.0000
0.0000
0.0000
0.0000
0.0000
0.0000
0.0000
0.0000
0.0000
0.0000
0.0000
0.0000
0.0000
0.0000
0.0000
0.0000
0.0000
0.0000
0.0000
0.0000
0.0000
0.0000
0.0000
0.0000
0.0000
0.0000
0.0000
0.0000
0.0000
0.0000
0.0000
0.0000
0.0000
0.0000
78.1250
78.1250
131.8359
131.8359
141.6016
141.6016
209.9609
209.9609
253.9062
253.9062
273.4375
273.4375
307.6172
307.6172
380.8594
380.8594
410.1562
410.1562
415.0391
415.0391
493.1641
493.1641
532.2266
532.2266
551.7578
551.7578
600.5859
600.5859
708.0078
708.0078
751.9531
751.9531
771.4844
771.4844
849.6094
849.6094
869.1406
869.1406
854.4922
854.4922
878.9062
878.9062
937.5000
937.5000
1000.9766
1000.9766
1103.5156
1103.5156
1293.9453
1293.9453
1381.8359
1381.8359
1298.8281
1298.8281
1103.5156
1103.5156
800.7812
800.7812
493.1641
493.1641
317.3828
317.3828
341.7969
341.7969
351.5625
351.5625
219.7266
219.7266
0.0000
0.0000
0.0000
0.0000
0.0000
0.0000
0.0000
0.0000
0.0000
0.0000
0.0000
0.0000
0.0000
0.0000
0.0000
0.0000
0.0000
0.0000
0.0000
0.0000
0.0000
0.0000
0.0000
0.0000
0.0000
0.0000
0.0000
0.0000
0.0000
0.0000
0.0000
0.0000
0.0000
0.0000
0.0000
0.0000
0.0000
0.0000
0.0000
0.0000
0.0000
0.0000
0.0000
0.0000
0.0000
0.0000
29.2969
29.2969
117.1875
117.1875
234.3750
234.3750
317.3828
317.3828
385.7422
385.7422
532.2266
532.2266
629.8828
629.8828
668.9453
668.9453
732.4219
732.4219
815.4297
815.4297
859.3750
859.3750
888.6719
888.6719
986.3281
986.3281
1044.9219
1044.9219
1059.5703
1059.5703
1118.1641
1118.1641
1201.1719
1201.1719
1245.1172
1245.1172
1274.4141
1274.4141
1362.3047
1362.3047
1425.7812
1425.7812
1503.9062
1503.9062
1669.9219
1669.9219
1826.1719
1826.1719
1850.5859
1850.5859
1689.4531
1689.4531
1386.7187
1386.7187
893.5547
893.5547
356.4453
356.4453
0.0000
0.0000
0.0000
0.0000
0.0000
0.0000
0.0000
0.0000
0.0000
0.0000
0.0000
0.0000
0.0000
0.0000
0.0000
0.0000
0.0000
0.0000
0.0000
0.0000
0.0000
0.0000
0.0000
0.0000
0.0000
0.0000
0.0000
0.0000
0.0000
0.0000
0.0000
0.0000
0.0000
0.0000
0.0000
0.0000
0.0000
0.0000
0.0000
0.0000
0.0000
0.0000
0.0000
0.0000
0.0000
0.0000
0.0000
0.0000
0.0000
0.0000
4.8828
4.8828
97.6562
97.6562
180.6641
180.6641
332.0312
332.0312
434.5703
434.5703
473.6328
473.6328
541.9922
541.9922
605.4687
605.4687
625.0000
625.0000
639.6484
639.6484
708.0078
708.0078
722.6562
722.6562
678.7109
678.7109
693.3594
693.3594
712.8906
712.8906
712.8906
712.8906
717.7734
717.7734
800.7812
800.7812
844.7266
844.7266
859.3750
859.3750
952.1484
952.1484
1083.9844
1083.9844
1254.8828
1254.8828
1464.8437
1464.8437
1674.8047
1674.8047
1708.9844
1708.9844
1528.3203
1528.3203
1215.8203
1215.8203
815.4297
815.4297
458.9844
458.9844
288.0859
288.0859
292.9687
292.9687
253.9062
253.9062
43.9453
43.9453
0.0000
0.0000
0.0000
0.0000
0.0000
0.0000
0.0000
0.0000
0.0000
0.0000
0.0000
0.0000
0.0000
0.0000
0.0000
0.0000
0.0000
0.0000
0.0000
0.0000
0.0000
0.0000
0.0000
0.0000
0.0000
0.0000
0.0000
0.0000
0.0000
0.0000
0.0000
0.0000
0.0000
0.0000
0.0000
0.0000
0.0000
0.0000
0.0000
0.0000
0.0000
0.0000
0.0000
0.0000
0.0000
0.0000
48.8281
48.8281
180.6641
180.6641
302.7344
302.7344
390.6250
390.6250
449.2187
449.2187
537.1094
537.1094
576.1719
576.1719
581.0547
581.0547
654.2969
654.2969
732.4219
732.4219
756.8359
756.8359
781.2500
781.2500
869.1406
869.1406
937.5000
937.5000
996.0937
996.0937
1118.1641
1118.1641
1210.9375
1210.9375
1250.0000
1250.0000
1328.1250
1328.1250
1499.0234
1499.0234
1660.1562
1660.1562
1738.2812
1738.2812
1733.3984
1733.3984
1518.5547
1518.5547
1093.7500
1093.7500
629.8828
629.8828
253.9062
253.9062
0.0000
0.0000
0.0000
0.0000
0.0000
0.0000
0.0000
0.0000
0.0000
0.0000
0.0000
0.0000
0.0000
0.0000
0.0000
0.0000
0.0000
0.0000
0.0000
0.0000
0.0000
0.0000
0.0000
0.0000
0.0000
0.0000
0.0000
0.0000
0.0000
0.0000
0.0000
0.0000
0.0000
0.0000
0.0000
0.0000
0.0000
0.0000
0.0000
0.0000
0.0000
0.0000
0.0000
0.0000
0.0000
0.0000
0.0000
0.0000
0.0000
0.0000
43.9453
43.9453
180.6641
180.6641
312.5000
312.5000
390.6250
390.6250
449.2187
449.2187
541.9922
541.9922
576.1719
576.1719
571.2891
571.2891
620.1172
620.1172
659.1797
659.1797
644.5312
644.5312
664.0625
664.0625
737.3047
737.3047
761.7187
761.7187
756.8359
756.8359
820.3125
820.3125
864.2578
864.2578
888.6719
888.6719
942.3828
942.3828
1020.5078
1020.5078
1064.4531
1064.4531
1108.3984
1108.3984
1274.4141
1274.4141
1450.1953
1450.1953
1552.7344
1552.7344
1562.5000
1562.5000
1401.3672
1401.3672
1005.8594
1005.8594
532.2266
532.2266
244.1406
244.1406
83.0078
83.0078
0.0000
0.0000
0.0000
0.0000
0.0000
0.0000
0.0000
0.0000
0.0000
0.0000
0.0000
0.0000
0.0000
0.0000
0.0000
0.0000
0.0000
0.0000
0.0000
0.0000
0.0000
0.0000
0.0000
0.0000
0.0000
0.0000
0.0000
0.0000
0.0000
0.0000
0.0000
0.0000
0.0000
0.0000
0.0000
0.0000
0.0000
0.0000
0.0000
0.0000
0.0000
0.0000
0.0000
0.0000
0.0000
0.0000
39.0625
39.0625
122.0703
122.0703
195.3125
292.9687
292.9687
292.9687
322.2656
322.2656
307.6172
307.6172
371.0937
371.0937
410.1562
410.1562
405.2734
405.2734
415.0391
415.0391
463.8672
483.3984
483.3984
493.1641
493.1641
600.5859
600.5859
673.8281
673.8281
727.5391
727.5391
825.1953
825.1953
932.6172
932.6172
971.6797
971.6797
981.4453
981.4453
1040.0391
1040.0391
1064.4531
1064.4531
1079.1016
1079.1016
1181.6406
1181.6406
1352.5391
1352.5391
1489.2578
1489.2578
1538.0859
1538.0859
1494.1406
1494.1406
1245.1172
1245.1172
839.8437
839.8437
502.9297
502.9297
239.2578
239.2578
14.6484
14.6484
0.0000
0.0000
0.0000
0.0000
0.0000
0.0000
0.0000
0.0000
0.0000
0.0000
0.0000
0.0000
0.0000
0.0000
0.0000
0.0000
0.0000
0.0000
0.0000
0.0000
0.0000
0.0000
0.0000
0.0000
0.0000
0.0000
0.0000
0.0000
0.0000
0.0000
0.0000
0.0000
0.0000
0.0000
0.0000
0.0000
0.0000
0.0000
0.0000
0.0000
0.0000
0.0000
0.0000
0.0000
0.0000
0.0000
0.0000
0.0000
0.0000
0.0000
97.6562
97.6562
170.8984
170.8984
200.1953
200.1953
278.3203
278.3203
385.7422
385.7422
458.9844
458.9844
507.8125
507.8125
620.1172
620.1172
678.7109
678.7109
693.3594
693.3594
756.8359
756.8359
810.5469
810.5469
815.4297
815.4297
795.8984
795.8984
849.6094
849.6094
869.1406
869.1406
864.2578
864.2578
913.0859
913.0859
952.1484
952.1484
966.7969
966.7969
1020.5078
1020.5078
1186.5234
1186.5234
1372.0703
1372.0703
1523.4375
1523.4375
1616.2109
1616.2109
1508.7891
1508.7891
1147.4609
1147.4609
727.5391
727.5391
449.2187
449.2187
258.7891
258.7891
102.5391
102.5391
0.0000
0.0000
0.0000
0.0000
0.0000
0.0000
0.0000
0.0000
0.0000
0.0000
0.0000
0.0000
0.0000
0.0000
0.0000
0.0000
0.0000
0.0000
0.0000
0.0000
0.0000
0.0000
0.0000
0.0000
0.0000
0.0000
0.0000
0.0000
0.0000
0.0000
0.0000
0.0000
0.0000
0.0000
0.0000
0.0000
0.0000
0.0000
0.0000
0.0000
0.0000
0.0000
0.0000
0.0000
0.0000
0.0000
0.0000
0.0000
0.0000
0.0000
161.1328
161.1328
278.3203
278.3203
371.0937
371.0937
498.0469
498.0469
561.5234
561.5234
576.1719
576.1719
644.5312
644.5312
703.1250
703.1250
712.8906
712.8906
717.7734
717.7734
771.4844
771.4844
786.1328
786.1328
776.3672
776.3672
839.8437
839.8437
917.9687
917.9687
961.9141
961.9141
1025.3906
1025.3906
1142.5781
1142.5781
1206.0547
1206.0547
1235.3516
1235.3516
1337.8906
1337.8906
1469.7266
1469.7266
1601.5625
1601.5625
1708.9844
1708.9844
1713.8672
1713.8672
1474.6094
1474.6094
1005.8594
1005.8594
537.1094
537.1094
107.4219
107.4219
0.0000
0.0000
0.0000
0.0000
0.0000
0.0000
0.0000
0.0000
0.0000
0.0000
0.0000
0.0000
0.0000
0.0000
0.0000
0.0000
0.0000
0.0000
0.0000
0.0000
0.0000
0.0000
0.0000
0.0000
0.0000
0.0000
0.0000
0.0000
0.0000
0.0000
0.0000
0.0000
0.0000
0.0000
0.0000
0.0000
0.0000
0.0000
0.0000
0.0000
0.0000
0.0000
0.0000
0.0000
0.0000
0.0000
0.0000
0.0000
0.0000
0.0000
73.2422
73.2422
214.8437
214.8437
317.3828
317.3828
375.9766
375.9766
473.6328
473.6328
522.4609
522.4609
502.9297
502.9297
493.1641
493.1641
532.2266
532.2266
546.8750
546.8750
527.3437
527.3437
585.9375
585.9375
620.1172
620.1172
610.3516
610.3516
649.4141
649.4141
756.8359
756.8359
825.1953
825.1953
864.2578
864.2578
952.1484
952.1484
991.2109
991.2109
996.0937
996.0937
1069.3359
1069.3359
1230.4687
1230.4687
1376.9531
1376.9531
1474.6094
1474.6094
1508.7891
1508.7891
1352.5391
1352.5391
1035.1562
1035.1562
727.5391
727.5391
522.4609
522.4609
400.3906
400.3906
346.6797
346.6797
307.6172
307.6172
73.2422
73.2422
0.0000
0.0000
0.0000
0.0000
0.0000
0.0000
0.0000
0.0000
0.0000
0.0000
0.0000
0.0000
0.0000
0.0000
0.0000
0.0000
0.0000
0.0000
0.0000
0.0000
0.0000
0.0000
0.0000
0.0000
0.0000
0.0000
0.0000
0.0000
0.0000
0.0000
0.0000
0.0000
0.0000
0.0000
0.0000
0.0000
0.0000
0.0000
0.0000
0.0000
0.0000
0.0000
0.0000
0.0000
92.7734
92.7734
175.7812
175.7812
214.8437
214.8437
268.5547
268.5547
366.2109
366.2109
405.2734
405.2734
410.1562
410.1562
478.5156
478.5156
527.3437
527.3437
551.7578
551.7578
639.6484
639.6484
756.8359
756.8359
834.9609
834.9609
878.9062
878.9062
991.2109
991.2109
1074.2187
1074.2187
1113.2812
1113.2812
1186.5234
1186.5234
1235.3516
1235.3516
1215.8203
1215.8203
1225.5859
1225.5859
1362.3047
1362.3047
1484.3750
1484.3750
1508.7891
1508.7891
1420.8984
1420.8984
1157.2266
1157.2266
727.5391
727.5391
297.8516
297.8516
24.4141
24.4141
0.0000
0.0000
0.0000
0.0000
0.0000
0.0000
0.0000
0.0000
0.0000
0.0000
0.0000
0.0000
0.0000
0.0000
0.0000
0.0000
0.0000
0.0000
0.0000
0.0000
0.0000
0.0000
0.0000
0.0000
0.0000
0.0000
0.0000
0.0000
0.0000
0.0000
0.0000
0.0000
0.0000
0.0000
0.0000
0.0000
0.0000
0.0000
0.0000
0.0000
0.0000
0.0000
0.0000
0.0000
0.0000
0.0000
117.1875
117.1875
229.4922
229.4922
273.4375
273.4375
327.1484
327.1484
405.2734
405.2734
449.2187
449.2187
483.3984
483.3984
590.8203
590.8203
654.2969
654.2969
664.0625
664.0625
703.1250
703.1250
747.0703
747.0703
751.9531
751.9531
747.0703
747.0703
815.4297
815.4297
834.9609
834.9609
815.4297
815.4297
849.6094
849.6094
859.3750
859.3750
820.3125
820.3125
795.8984
795.8984
854.4922
854.4922
878.9062
878.9062
908.2031
908.2031
1049.8047
1049.8047
1250.0000
1250.0000
1401.3672
1401.3672
1474.6094
1474.6094
1440.4297
1440.4297
1181.6406
1181.6406
810.5469
810.5469
576.1719
576.1719
463.8672
463.8672
424.8047
424.8047
385.7422
385.7422
244.1406
244.1406
0.0000
0.0000
0.0000
0.0000
0.0000
0.0000
0.0000
0.0000
0.0000
0.0000
0.0000
0.0000
0.0000
0.0000
0.0000
0.0000
0.0000
0.0000
0.0000
0.0000
0.0000
0.0000
0.0000
0.0000
0.0000
0.0000
0.0000
0.0000
0.0000
0.0000
0.0000
0.0000
0.0000
0.0000
0.0000
0.0000
0.0000
0.0000
0.0000
0.0000
0.0000
0.0000
0.0000
0.0000
0.0000
0.0000
0.0000
0.0000
73.2422
73.2422
151.3672
151.3672
302.7344
302.7344
449.2187
449.2187
512.6953
512.6953
556.6406
556.6406
654.2969
654.2969
683.5937
683.5937
693.3594
693.3594
761.7187
761.7187
825.1953
825.1953
839.8437
839.8437
869.1406
869.1406
957.0312
957.0312
1000.9766
1000.9766
1015.6250
1015.6250
1088.8672
1088.8672
1142.5781
1142.5781
1171.8750
1171.8750
1274.4141
1274.4141
1474.6094
1474.6094
1625.9766
1625.9766
1674.8047
1674.8047
1625.9766
1625.9766
1362.3047
1362.3047
922.8516
922.8516
498.0469
498.0469
170.8984
170.8984
0.0000
0.0000
0.0000
0.0000
0.0000
0.0000
0.0000
0.0000
0.0000
0.0000
0.0000
0.0000
0.0000
0.0000
0.0000
0.0000
0.0000
0.0000
0.0000
0.0000
0.0000
0.0000
0.0000
0.0000
0.0000
0.0000
0.0000
0.0000
0.0000
0.0000
0.0000
0.0000
0.0000
0.0000
0.0000
0.0000
0.0000
0.0000
0.0000
0.0000
0.0000
0.0000
0.0000
0.0000
0.0000
0.0000
0.0000
0.0000
9.7656
9.7656
87.8906
87.8906
229.4922
229.4922
366.2109
366.2109
434.5703
434.5703
493.1641
493.1641
590.8203
590.8203
605.4687
605.4687
585.9375
585.9375
620.1172
620.1172
625.0000
625.0000
581.0547
581.0547
561.5234
561.5234
605.4687
605.4687
615.2344
615.2344
605.4687
605.4687
683.5937
683.5937
737.3047
737.3047
766.6016
766.6016
820.3125
820.3125
908.2031
908.2031
942.3828
942.3828
991.2109
991.2109
1176.7578
1176.7578
1362.3047
1362.3047
1474.6094
1474.6094
1474.6094
1474.6094
1279.2969
1279.2969
844.7266
844.7266
390.6250
390.6250
161.1328
161.1328
73.2422
73.2422
24.4141
24.4141
0.0000
0.0000
0.0000
0.0000
0.0000
0.0000
0.0000
0.0000
0.0000
0.0000
0.0000
0.0000
0.0000
0.0000
0.0000
0.0000
0.0000
0.0000
0.0000
0.0000
0.0000
0.0000
0.0000
0.0000
0.0000
0.0000
0.0000
0.0000
0.0000
0.0000
0.0000
0.0000
0.0000
0.0000
0.0000
0.0000
0.0000
0.0000
0.0000
0.0000
0.0000
0.0000
0.0000
0.0000
0.0000
0.0000
0.0000
0.0000
92.7734
92.7734
278.3203
278.3203
395.5078
395.5078
449.2187
449.2187
556.6406
556.6406
615.2344
615.2344
620.1172
620.1172
649.4141
649.4141
712.8906
712.8906
712.8906
712.8906
688.4766
688.4766
756.8359
756.8359
805.6641
805.6641
849.6094
849.6094
932.6172
932.6172
1044.9219
1044.9219
1118.1641
1162.1094
1162.1094
1162.1094
1269.5312
1269.5312
1333.0078
1333.0078
1372.0703
1372.0703
1503.9062
1503.9062
1669.9219
1669.9219
1733.3984
1733.3984
1655.2734
1655.2734
1445.3125
1445.3125
1000.9766
478.5156
478.5156
478.5156
102.5391
102.5391
0.0000
0.0000
0.0000
0.0000
0.0000
0.0000
0.0000
0.0000
0.0000
0.0000
0.0000
0.0000
0.0000
0.0000
0.0000
0.0000
0.0000
0.0000
0.0000
0.0000
0.0000
0.0000
0.0000
0.0000
0.0000
0.0000
0.0000
0.0000
0.0000
0.0000
0.0000
0.0000
0.0000
0.0000
0.0000
0.0000
0.0000
0.0000
0.0000
0.0000
0.0000
0.0000
0.0000
0.0000
0.0000
0.0000
0.0000
107.4219
107.4219
195.3125
195.3125
244.1406
244.1406
346.6797
346.6797
415.0391
415.0391
444.3359
444.3359
502.9297
502.9297
561.5234
561.5234
576.1719
576.1719
576.1719
576.1719
664.0625
664.0625
717.7734
717.7734
751.9531
751.9531
825.1953
825.1953
898.4375
898.4375
913.0859
913.0859
922.8516
922.8516
1000.9766
1000.9766
1030.2734
1030.2734
1000.9766
1000.9766
1025.3906
1025.3906
1059.5703
1059.5703
1118.1641
1118.1641
1250.0000
1250.0000
1435.5469
1435.5469
1455.0781
1455.0781
1264.6484
1264.6484
957.0312
957.0312
590.8203
590.8203
307.6172
307.6172
219.7266
219.7266
292.9687
292.9687
258.7891
258.7891
29.2969
29.2969
0.0000
0.0000
0.0000
0.0000
0.0000
0.0000
0.0000
0.0000
0.0000
0.0000
0.0000
0.0000
0.0000
0.0000
0.0000
0.0000
0.0000
0.0000
0.0000
0.0000
0.0000
0.0000
0.0000
0.0000
0.0000
0.0000
0.0000
0.0000
0.0000
0.0000
0.0000
0.0000
0.0000
0.0000
0.0000
0.0000
0.0000
0.0000
0.0000
0.0000
0.0000
0.0000
0.0000
0.0000
19.5312
19.5312
68.3594
68.3594
166.0156
166.0156
292.9687
292.9687
371.0937
371.0937
434.5703
434.5703
566.4062
566.4062
639.6484
639.6484
668.9453
668.9453
747.0703
747.0703
825.1953
825.1953
883.7891
883.7891
942.3828
942.3828
1035.1562
1035.1562
1064.4531
1064.4531
1059.5703
1059.5703
1118.1641
1118.1641
1166.9922
1166.9922
1171.8750
1171.8750
1186.5234
1186.5234
1259.7656
1259.7656
1298.8281
1298.8281
1381.8359
1381.8359
1572.2656
1572.2656
1689.4531
1689.4531
1625.9766
1625.9766
1420.8984
1420.8984
1083.9844
1083.9844
634.7656
634.7656
205.0781
205.0781
0.0000
0.0000
0.0000
0.0000
0.0000
0.0000
0.0000
0.0000
0.0000
0.0000
0.0000
0.0000
0.0000
0.0000
0.0000
0.0000
0.0000
0.0000
0.0000
0.0000
0.0000
0.0000
0.0000
0.0000
0.0000
0.0000
0.0000
0.0000
0.0000
0.0000
0.0000
0.0000
0.0000
0.0000
0.0000
0.0000
0.0000
0.0000
0.0000
0.0000
0.0000
0.0000
0.0000
0.0000
0.0000
0.0000
0.0000
0.0000
0.0000
0.0000
0.0000
0.0000
0.0000
0.0000
34.1797
34.1797
185.5469
185.5469
288.0859
288.0859
356.4453
356.4453
463.8672
463.8672
522.4609
522.4609
532.2266
532.2266
566.4062
566.4062
644.5312
644.5312
649.4141
649.4141
620.1172
620.1172
664.0625
664.0625
703.1250
703.1250
708.0078
708.0078
747.0703
747.0703
820.3125
820.3125
844.7266
844.7266
859.3750
859.3750
957.0312
957.0312
1059.5703
1059.5703
1196.2891
1196.2891
1411.1328
1411.1328
1611.3281
1611.3281
1625.9766
1625.9766
1416.0156
1416.0156
1064.4531
1064.4531
625.0000
625.0000
263.6719
263.6719
136.7187
136.7187
136.7187
136.7187
34.1797
34.1797
0.0000
0.0000
0.0000
0.0000
0.0000
0.0000
0.0000
0.0000
0.0000
0.0000
0.0000
0.0000
0.0000
0.0000
0.0000
0.0000
0.0000
0.0000
0.0000
0.0000
0.0000
0.0000
0.0000
0.0000
0.0000
0.0000
0.0000
0.0000
0.0000
0.0000
0.0000
0.0000
0.0000
0.0000
0.0000
0.0000
0.0000
0.0000
0.0000
0.0000
0.0000
0.0000
0.0000
0.0000
0.0000
0.0000
92.7734
92.7734
161.1328
161.1328
297.8516
297.8516
405.2734
405.2734
468.7500
468.7500
556.6406
556.6406
664.0625
664.0625
693.3594
693.3594
688.4766
688.4766
737.3047
737.3047
756.8359
756.8359
742.1875
742.1875
791.0156
791.0156
864.2578
864.2578
898.4375
898.4375
917.9687
917.9687
1015.6250
1015.6250
1079.1016
1079.1016
1103.5156
1103.5156
1176.7578
1176.7578
1274.4141
1274.4141
1367.1875
1367.1875
1489.2578
1489.2578
1596.6797
1596.6797
1503.9062
1503.9062
1176.7578
1176.7578
776.3672
776.3672
390.6250
390.6250
78.1250
78.1250
0.0000
0.0000
0.0000
0.0000
0.0000
0.0000
0.0000
0.0000
0.0000
0.0000
0.0000
0.0000
0.0000
0.0000
0.0000
0.0000
0.0000
0.0000
0.0000
0.0000
0.0000
0.0000
0.0000
0.0000
0.0000
0.0000
0.0000
0.0000
0.0000
0.0000
0.0000
0.0000
0.0000
0.0000
0.0000
0.0000
0.0000
0.0000
0.0000
0.0000
0.0000
0.0000
0.0000
0.0000
0.0000
0.0000
0.0000
0.0000
0.0000
0.0000
78.1250
78.1250
175.7812
175.7812
234.3750
234.3750
336.9141
336.9141
419.9219
419.9219
439.4531
439.4531
429.6875
429.6875
493.1641
493.1641
522.4609
522.4609
522.4609
522.4609
566.4062
566.4062
605.4687
605.4687
625.0000
625.0000
664.0625
664.0625
786.1328
786.1328
864.2578
864.2578
903.3203
903.3203
976.5625
976.5625
1025.3906
1025.3906
1035.1562
1035.1562
1035.1562
1035.1562
1093.7500
1093.7500
1118.1641
1118.1641
1171.8750
1171.8750
1342.7734
1342.7734
1474.6094
1474.6094
1445.3125
1445.3125
1259.7656
1259.7656
937.5000
937.5000
537.1094
537.1094
239.2578
239.2578
200.1953
200.1953
219.7266
219.7266
122.0703
122.0703
0.0000
0.0000
0.0000
0.0000
0.0000
0.0000
0.0000
0.0000
0.0000
0.0000
0.0000
0.0000
0.0000
0.0000
0.0000
0.0000
0.0000
0.0000
0.0000
0.0000
0.0000
0.0000
0.0000
0.0000
0.0000
0.0000
0.0000
0.0000
0.0000
0.0000
0.0000
0.0000
0.0000
0.0000
0.0000
0.0000
0.0000
0.0000
0.0000
0.0000
0.0000
0.0000
0.0000
0.0000
0.0000
0.0000
43.9453
43.9453
87.8906
87.8906
214.8437
214.8437
297.8516
297.8516
322.2656
322.2656
390.6250
390.6250
434.5703
434.5703
444.3359
444.3359
483.3984
483.3984
585.9375
585.9375
644.5312
644.5312
673.8281
673.8281
771.4844
771.4844
844.7266
844.7266
869.1406
869.1406
927.7344
927.7344
1040.0391
1040.0391
1083.9844
1083.9844
1079.1016
1079.1016
1162.1094
1162.1094
1259.7656
1259.7656
1386.7187
1386.7187
1567.3828
1567.3828
1718.7500
1718.7500
1669.9219
1669.9219
1435.5469
1435.5469
1147.4609
1147.4609
747.0703
747.0703
327.1484
327.1484
24.4141
24.4141
0.0000
0.0000
0.0000
0.0000
0.0000
0.0000
0.0000
0.0000
0.0000
0.0000
0.0000
0.0000
0.0000
0.0000
0.0000
0.0000
0.0000
0.0000
0.0000
0.0000
0.0000
0.0000
0.0000
0.0000
0.0000
0.0000
0.0000
0.0000
0.0000
0.0000
0.0000
0.0000
0.0000
0.0000
0.0000
0.0000
0.0000
0.0000
0.0000
0.0000
0.0000
0.0000
0.0000
0.0000
0.0000
0.0000
0.0000
0.0000
53.7109
53.7109
107.4219
107.4219
131.8359
131.8359
229.4922
229.4922
332.0312
332.0312
375.9766
375.9766
434.5703
434.5703
527.3437
527.3437
561.5234
561.5234
566.4062
566.4062
654.2969
654.2969
722.6562
722.6562
737.3047
737.3047
766.6016
766.6016
820.3125
820.3125
830.0781
830.0781
834.9609
834.9609
937.5000
937.5000
1005.8594
1005.8594
1025.3906
1025.3906
1069.3359
1069.3359
1162.1094
1162.1094
1254.8828
1254.8828
1416.0156
1416.0156
1660.1562
1660.1562
1762.6953
1762.6953
1660.1562
1660.1562
1406.2500
1406.2500
996.0937
996.0937
522.4609
522.4609
161.1328
161.1328
0.0000
0.0000
0.0000
0.0000
0.0000
0.0000
0.0000
0.0000
0.0000
0.0000
0.0000
0.0000
0.0000
0.0000
0.0000
0.0000
0.0000
0.0000
0.0000
0.0000
0.0000
0.0000
0.0000
0.0000
0.0000
0.0000
0.0000
0.0000
0.0000
0.0000
0.0000
0.0000
0.0000
0.0000
0.0000
0.0000
0.0000
0.0000
0.0000
0.0000
0.0000
0.0000
0.0000
0.0000
0.0000
0.0000
0.0000
0.0000
0.0000
0.0000
53.7109
53.7109
146.4844
146.4844
273.4375
273.4375
434.5703
434.5703
522.4609
522.4609
571.2891
571.2891
673.8281
673.8281
727.5391
727.5391
727.5391
727.5391
742.1875
742.1875
781.2500
781.2500
776.3672
776.3672
766.6016
766.6016
839.8437
839.8437
878.9062
878.9062
888.6719
888.6719
957.0312
957.0312
1054.6875
1054.6875
1113.2812
1113.2812
1181.6406
1181.6406
1328.1250
1328.1250
1474.6094
1474.6094
1630.8594
1630.8594
1796.8750
1796.8750
1831.0547
1831.0547
1630.8594
1630.8594
1230.4687
1230.4687
756.8359
756.8359
209.9609
209.9609
0.0000
0.0000
0.0000
0.0000
0.0000
0.0000
0.0000
0.0000
0.0000
0.0000
0.0000
0.0000
0.0000
0.0000
0.0000
0.0000
0.0000
0.0000
0.0000
0.0000
0.0000
0.0000
0.0000
0.0000
0.0000
0.0000
0.0000
0.0000
0.0000
0.0000
0.0000
0.0000
0.0000
0.0000
0.0000
0.0000
0.0000
0.0000
0.0000
0.0000
0.0000
0.0000
0.0000
0.0000
0.0000
0.0000
0.0000
0.0000
0.0000
0.0000
58.5937
214.8437
214.8437
214.8437
288.0859
288.0859
322.2656
322.2656
444.3359
444.3359
502.9297
502.9297
502.9297
502.9297
532.2266
532.2266
541.9922
541.9922
498.0469
463.8672
463.8672
512.6953
512.6953
517.5781
517.5781
493.1641
493.1641
546.8750
546.8750
605.4687
605.4687
634.7656
634.7656
659.1797
659.1797
732.4219
732.4219
756.8359
756.8359
756.8359
756.8359
864.2578
864.2578
1010.7422
1010.7422
1142.5781
1142.5781
1250.0000
1250.0000
1289.0625
1289.0625
1127.9297
1127.9297
810.5469
810.5469
507.8125
507.8125
234.3750
234.3750
34.1797
34.1797
0.0000
0.0000
0.0000
0.0000
0.0000
0.0000
0.0000
0.0000
0.0000
0.0000
0.0000
0.0000
0.0000
0.0000
0.0000
0.0000
0.0000
0.0000
0.0000
0.0000
0.0000
0.0000
0.0000
0.0000
0.0000
0.0000
0.0000
0.0000
0.0000
0.0000
0.0000
0.0000
0.0000
0.0000
0.0000
0.0000
0.0000
0.0000
0.0000
0.0000
0.0000
0.0000
0.0000
0.0000
0.0000
0.0000
68.3594
68.3594
151.3672
151.3672
278.3203
278.3203
341.7969
341.7969
351.5625
351.5625
415.0391
415.0391
468.7500
468.7500
478.5156
478.5156
502.9297
502.9297
576.1719
576.1719
595.7031
595.7031
581.0547
581.0547
649.4141
649.4141
698.2422
698.2422
742.1875
742.1875
810.5469
810.5469
932.6172
932.6172
1010.7422
1010.7422
1059.5703
1059.5703
1176.7578
1176.7578
1259.7656
1259.7656
1279.2969
1279.2969
1308.5937
1308.5937
1376.9531
1376.9531
1455.0781
1455.0781
1562.5000
1562.5000
1704.1016
1704.1016
1689.4531
1689.4531
1450.1953
1450.1953
1093.7500
1093.7500
698.2422
698.2422
273.4375
273.4375
0.0000
0.0000
0.0000
0.0000
0.0000
0.0000
0.0000
0.0000
0.0000
0.0000
0.0000
0.0000
0.0000
0.0000
0.0000
0.0000
0.0000
0.0000
0.0000
0.0000
0.0000
0.0000
0.0000
0.0000
0.0000
0.0000
0.0000
0.0000
0.0000
0.0000
0.0000
0.0000
0.0000
0.0000
0.0000
0.0000
0.0000
0.0000
0.0000
0.0000
0.0000
0.0000
0.0000
0.0000
0.0000
0.0000
0.0000
0.0000
0.0000
0.0000
24.4141
24.4141
107.4219
107.4219
151.3672
151.3672
209.9609
209.9609
297.8516
297.8516
317.3828
317.3828
312.5000
312.5000
395.5078
395.5078
463.8672
463.8672
498.0469
498.0469
556.6406
556.6406
634.7656
634.7656
649.4141
649.4141
654.2969
654.2969
737.3047
737.3047
786.1328
786.1328
786.1328
786.1328
820.3125
820.3125
869.1406
869.1406
864.2578
864.2578
859.3750
859.3750
937.5000
937.5000
976.5625
976.5625
1020.5078
1020.5078
1176.7578
1176.7578
1357.4219
1357.4219
1440.4297
1440.4297
1381.8359
1381.8359
1191.4062
1191.4062
805.6641
805.6641
415.0391
415.0391
253.9062
253.9062
258.7891
258.7891
244.1406
244.1406
102.5391
102.5391
0.0000
0.0000
0.0000
0.0000
0.0000
0.0000
0.0000
0.0000
0.0000
0.0000
0.0000
0.0000
0.0000
0.0000
0.0000
0.0000
0.0000
0.0000
0.0000
0.0000
0.0000
0.0000
0.0000
0.0000
0.0000
0.0000
0.0000
0.0000
0.0000
0.0000
0.0000
0.0000
0.0000
0.0000
0.0000
0.0000
0.0000
0.0000
0.0000
0.0000
0.0000
0.0000
0.0000
0.0000
0.0000
0.0000
0.0000
0.0000
34.1797
34.1797
166.0156
166.0156
249.0234
249.0234
361.3281
361.3281
488.2812
488.2812
546.8750
546.8750
585.9375
585.9375
673.8281
673.8281
712.8906
712.8906
708.0078
708.0078
751.9531
751.9531
805.6641
805.6641
849.6094
849.6094
883.7891
883.7891
981.4453
981.4453
1049.8047
1049.8047
1098.6328
1098.6328
1210.9375
1210.9375
1318.3594
1318.3594
1372.0703
1372.0703
1459.9609
1459.9609
1635.7422
1635.7422
1767.5781
1767.5781
1787.1094
1787.1094
1684.5703
1684.5703
1342.7734
1342.7734
791.0156
791.0156
268.5547
268.5547
0.0000
0.0000
0.0000
0.0000
0.0000
0.0000
0.0000
0.0000
0.0000
0.0000
0.0000
0.0000
0.0000
0.0000
0.0000
0.0000
0.0000
0.0000
0.0000
0.0000
0.0000
0.0000
0.0000
0.0000
0.0000
0.0000
0.0000
0.0000
0.0000
0.0000
0.0000
0.0000
0.0000
0.0000
0.0000
0.0000
0.0000
0.0000
0.0000
0.0000
0.0000
0.0000
0.0000
0.0000
0.0000
0.0000
0.0000
0.0000
43.9453
43.9453
136.7187
136.7187
185.5469
185.5469
288.0859
288.0859
390.6250
390.6250
434.5703
434.5703
463.8672
463.8672
537.1094
537.1094
556.6406
556.6406
527.3437
527.3437
556.6406
556.6406
590.8203
590.8203
581.0547
581.0547
571.2891
571.2891
605.4687
605.4687
605.4687
605.4687
610.3516
610.3516
703.1250
703.1250
791.0156
791.0156
830.0781
830.0781
869.1406
869.1406
957.0312
957.0312
991.2109
991.2109
1040.0391
1040.0391
1215.8203
1215.8203
1406.2500
1406.2500
1518.5547
1518.5547
1518.5547
1518.5547
1367.1875
1367.1875
986.3281
986.3281
532.2266
532.2266
278.3203
278.3203
156.2500
156.2500
102.5391
102.5391
24.4141
24.4141
0.0000
0.0000
0.0000
0.0000
0.0000
0.0000
0.0000
0.0000
0.0000
0.0000
0.0000
0.0000
0.0000
0.0000
0.0000
0.0000
0.0000
0.0000
0.0000
0.0000
0.0000
0.0000
0.0000
0.0000
0.0000
0.0000
0.0000
0.0000
0.0000
0.0000
0.0000
0.0000
0.0000
0.0000
0.0000
0.0000
0.0000
0.0000
0.0000
0.0000
0.0000
0.0000
0.0000
0.0000
14.6484
14.6484
122.0703
122.0703
283.2031
283.2031
361.3281
361.3281
385.7422
385.7422
454.1016
454.1016
502.9297
502.9297
498.0469
498.0469
507.8125
507.8125
571.2891
571.2891
590.8203
590.8203
585.9375
585.9375
668.9453
668.9453
742.1875
742.1875
776.3672
776.3672
854.4922
854.4922
976.5625
976.5625
1040.0391
1040.0391
1083.9844
1083.9844
1181.6406
1181.6406
1220.7031
1220.7031
1220.7031
1220.7031
1293.9453
1293.9453
1455.0781
1455.0781
1586.9141
1586.9141
1621.0937
1621.0937
1567.3828
1567.3828
1313.4766
1313.4766
903.3203
903.3203
512.6953
512.6953
190.4297
190.4297
0.0000
0.0000
0.0000
0.0000
0.0000
0.0000
0.0000
0.0000
0.0000
0.0000
0.0000
0.0000
0.0000
0.0000
0.0000
0.0000
0.0000
0.0000
0.0000
0.0000
0.0000
0.0000
0.0000
0.0000
0.0000
0.0000
0.0000
0.0000
0.0000
0.0000
0.0000
0.0000
0.0000
0.0000
0.0000
0.0000
0.0000
0.0000
0.0000
0.0000
0.0000
0.0000
0.0000
0.0000
0.0000
0.0000
0.0000
0.0000
0.0000
0.0000
0.0000
0.0000
83.0078
83.0078
151.3672
151.3672
175.7812
175.7812
224.6094
224.6094
302.7344
302.7344
336.9141
336.9141
356.4453
356.4453
449.2187
449.2187
507.8125
507.8125
527.3437
527.3437
571.2891
571.2891
634.7656
634.7656
644.5312
644.5312
639.6484
639.6484
708.0078
708.0078
722.6562
722.6562
703.1250
703.1250
737.3047
737.3047
800.7812
800.7812
825.1953
825.1953
859.3750
859.3750
1010.7422
1010.7422
1196.2891
1196.2891
1367.1875
1367.1875
1508.7891
1508.7891
1479.4922
1479.4922
1181.6406
1181.6406
712.8906
712.8906
332.0312
332.0312
83.0078
83.0078
0.0000
0.0000
0.0000
0.0000
0.0000
0.0000
0.0000
0.0000
0.0000
0.0000
0.0000
0.0000
0.0000
0.0000
0.0000
0.0000
0.0000
0.0000
0.0000
0.0000
0.0000
0.0000
0.0000
0.0000
0.0000
0.0000
0.0000
0.0000
0.0000
0.0000
0.0000
0.0000
0.0000
0.0000
0.0000
0.0000
0.0000
0.0000
0.0000
0.0000
0.0000
0.0000
0.0000
0.0000
0.0000
0.0000
0.0000
0.0000
14.6484
14.6484
141.6016
141.6016
273.4375
273.4375
375.9766
375.9766
478.5156
478.5156
654.2969
654.2969
761.7187
761.7187
800.7812
800.7812
849.6094
849.6094
898.4375
898.4375
888.6719
888.6719
874.0234
874.0234
927.7344
927.7344
937.5000
937.5000
908.2031
908.2031
947.2656
947.2656
1010.7422
1010.7422
1030.2734
1030.2734
1064.4531
1064.4531
1162.1094
1162.1094
1210.9375
1210.9375
1230.4687
1230.4687
1328.1250
1328.1250
1445.3125
1445.3125
1577.1484
1577.1484
1743.1641
1743.1641
1894.5312
1894.5312
1831.0547
1831.0547
1557.6172
1557.6172
1181.6406
1181.6406
698.2422
698.2422
195.3125
195.3125
0.0000
0.0000
0.0000
0.0000
0.0000
0.0000
0.0000
0.0000
0.0000
0.0000
0.0000
0.0000
0.0000
0.0000
0.0000
0.0000
0.0000
0.0000
0.0000
0.0000
0.0000
0.0000
0.0000
0.0000
0.0000
0.0000
0.0000
0.0000
0.0000
0.0000
0.0000
0.0000
0.0000
0.0000
0.0000
0.0000
0.0000
0.0000
0.0000
0.0000
0.0000
0.0000
0.0000
0.0000
0.0000
0.0000
0.0000
0.0000
0.0000
0.0000
0.0000
0.0000
0.0000
0.0000
29.2969
141.6016
141.6016
141.6016
249.0234
249.0234
268.5547
268.5547
278.3203
278.3203
327.1484
327.1484
312.5000
312.5000
273.4375
273.4375
317.3828
317.3828
356.4453
356.4453
346.6797
351.5625
351.5625
351.5625
415.0391
415.0391
449.2187
449.2187
463.8672
463.8672
585.9375
585.9375
678.7109
678.7109
722.6562
722.6562
776.3672
776.3672
878.9062
961.9141
961.9141
1083.9844
1083.9844
1083.9844
1308.5937
1308.5937
1455.0781
1455.0781
1435.5469
1435.5469
1284.1797
1284.1797
996.0937
996.0937
571.2891
571.2891
185.5469
185.5469
14.6484
0.0000
0.0000
0.0000
0.0000
0.0000
0.0000
0.0000
0.0000
0.0000
0.0000
0.0000
0.0000
0.0000
0.0000
0.0000
0.0000
0.0000
0.0000
0.0000
0.0000
0.0000
0.0000
0.0000
0.0000
0.0000
0.0000
0.0000
0.0000
0.0000
0.0000
0.0000
0.0000
0.0000
0.0000
0.0000
0.0000
0.0000
0.0000
0.0000
0.0000
0.0000
0.0000
0.0000
0.0000
0.0000
0.0000
83.0078
83.0078
200.1953
200.1953
249.0234
249.0234
307.6172
307.6172
405.2734
405.2734
449.2187
449.2187
473.6328
473.6328
566.4062
566.4062
615.2344
615.2344
615.2344
615.2344
649.4141
649.4141
737.3047
737.3047
791.0156
791.0156
839.8437
839.8437
952.1484
952.1484
1005.8594
1005.8594
1005.8594
1005.8594
1044.9219
1044.9219
1108.3984
1108.3984
1127.9297
1127.9297
1127.9297
1127.9297
1176.7578
1176.7578
1210.9375
1210.9375
1274.4141
1274.4141
1420.8984
1420.8984
1528.3203
1528.3203
1445.3125
1445.3125
1206.0547
1206.0547
903.3203
903.3203
541.9922
541.9922
224.6094
224.6094
73.2422
73.2422
0.0000
0.0000
0.0000
0.0000
0.0000
0.0000
0.0000
0.0000
0.0000
0.0000
0.0000
0.0000
0.0000
0.0000
0.0000
0.0000
0.0000
0.0000
0.0000
0.0000
0.0000
0.0000
0.0000
0.0000
0.0000
0.0000
0.0000
0.0000
0.0000
0.0000
0.0000
0.0000
0.0000
0.0000
0.0000
0.0000
0.0000
0.0000
0.0000
0.0000
0.0000
0.0000
0.0000
0.0000
0.0000
0.0000
53.7109
53.7109
146.4844
146.4844
170.8984
170.8984
175.7812
175.7812
273.4375
273.4375
332.0312
332.0312
351.5625
351.5625
410.1562
410.1562
498.0469
498.0469
532.2266
532.2266
551.7578
551.7578
639.6484
639.6484
688.4766
688.4766
688.4766
688.4766
732.4219
732.4219
781.2500
781.2500
776.3672
776.3672
766.6016
766.6016
830.0781
830.0781
864.2578
864.2578
869.1406
869.1406
932.6172
932.6172
1015.6250
1015.6250
1123.0469
1123.0469
1293.9453
1293.9453
1499.0234
1499.0234
1518.5547
1518.5547
1289.0625
1289.0625
917.9687
917.9687
483.3984
483.3984
151.3672
151.3672
14.6484
14.6484
19.5312
19.5312
0.0000
0.0000
0.0000
0.0000
0.0000
0.0000
0.0000
0.0000
0.0000
0.0000
0.0000
0.0000
0.0000
0.0000
0.0000
0.0000
0.0000
0.0000
0.0000
0.0000
0.0000
0.0000
0.0000
0.0000
0.0000
0.0000
0.0000
0.0000
0.0000
0.0000
0.0000
0.0000
0.0000
0.0000
0.0000
0.0000
0.0000
0.0000
0.0000
0.0000
0.0000
0.0000
0.0000
0.0000
0.0000
0.0000
97.6562
97.6562
209.9609
209.9609
273.4375
273.4375
385.7422
385.7422
502.9297
502.9297
576.1719
576.1719
620.1172
620.1172
708.0078
708.0078
737.3047
737.3047
727.5391
727.5391
771.4844
771.4844
810.5469
810.5469
800.7812
800.7812
805.6641
805.6641
878.9062
878.9062
908.2031
908.2031
908.2031
908.2031
981.4453
981.4453
1044.9219
1044.9219
1059.5703
1059.5703
1098.6328
1098.6328
1206.0547
1206.0547
1318.3594
1318.3594
1459.9609
1459.9609
1665.0391
1665.0391
1743.1641
1743.1641
1611.3281
1611.3281
1323.2422
1323.2422
966.7969
966.7969
561.5234
561.5234
229.4922
229.4922
68.3594
68.3594
0.0000
0.0000
0.0000
0.0000
0.0000
0.0000
0.0000
0.0000
0.0000
0.0000
0.0000
0.0000
0.0000
0.0000
0.0000
0.0000
0.0000
0.0000
0.0000
0.0000
0.0000
0.0000
0.0000
0.0000
0.0000
0.0000
0.0000
0.0000
0.0000
0.0000
0.0000
0.0000
0.0000
0.0000
0.0000
0.0000
0.0000
0.0000
0.0000
0.0000
0.0000
0.0000
0.0000
0.0000
0.0000
0.0000
0.0000
0.0000
83.0078
83.0078
170.8984
170.8984
239.2578
239.2578
351.5625
351.5625
400.3906
400.3906
410.1562
410.1562
483.3984
483.3984
532.2266
532.2266
517.5781
517.5781
498.0469
498.0469
537.1094
537.1094
522.4609
522.4609
493.1641
493.1641
551.7578
551.7578
605.4687
605.4687
615.2344
615.2344
659.1797
659.1797
761.7187
761.7187
810.5469
810.5469
825.1953
825.1953
922.8516
922.8516
991.2109
991.2109
1059.5703
1059.5703
1225.5859
1225.5859
1445.3125
1445.3125
1547.8516
1547.8516
1469.7266
1469.7266
1250.0000
1250.0000
830.0781
830.0781
380.8594
380.8594
136.7187
136.7187
63.4766
63.4766
0.0000
0.0000
0.0000
0.0000
0.0000
0.0000
0.0000
0.0000
0.0000
0.0000
0.0000
0.0000
0.0000
0.0000
0.0000
0.0000
0.0000
0.0000
0.0000
0.0000
0.0000
0.0000
0.0000
0.0000
0.0000
0.0000
0.0000
0.0000
0.0000
0.0000
0.0000
0.0000
0.0000
0.0000
0.0000
0.0000
0.0000
0.0000
0.0000
0.0000
0.0000
0.0000
0.0000
0.0000
0.0000
0.0000
0.0000
0.0000
73.2422
73.2422
136.7187
136.7187
249.0234
249.0234
327.1484
327.1484
336.9141
336.9141
356.4453
356.4453
429.6875
429.6875
458.9844
458.9844
454.1016
454.1016
522.4609
522.4609
561.5234
561.5234
566.4062
566.4062
610.3516
610.3516
708.0078
708.0078
776.3672
776.3672
815.4297
815.4297
927.7344
927.7344
1005.8594
1005.8594
1049.8047
1049.8047
1113.2812
1113.2812
1186.5234
1186.5234
1181.6406
1181.6406
1191.4062
1191.4062
1337.8906
1337.8906
1508.7891
1508.7891
1640.6250
1640.6250
1694.3359
1694.3359
1586.9141
1586.9141
1254.8828
1254.8828
761.7187
761.7187
307.6172
307.6172
0.0000
0.0000
0.0000
0.0000
0.0000
0.0000
0.0000
0.0000
0.0000
0.0000
0.0000
0.0000
0.0000
0.0000
0.0000
0.0000
0.0000
0.0000
0.0000
0.0000
0.0000
0.0000
0.0000
0.0000
0.0000
0.0000
0.0000
0.0000
0.0000
0.0000
0.0000
0.0000
0.0000
0.0000
0.0000
0.0000
0.0000
0.0000
0.0000
0.0000
0.0000
0.0000
0.0000
0.0000
0.0000
0.0000
0.0000
0.0000
0.0000
0.0000
0.0000
0.0000
34.1797
34.1797
141.6016
141.6016
195.3125
195.3125
214.8437
214.8437
297.8516
297.8516
327.1484
327.1484
327.1484
327.1484
385.7422
385.7422
483.3984
483.3984
522.4609
522.4609
532.2266
532.2266
605.4687
605.4687
625.0000
625.0000
605.4687
605.4687
639.6484
639.6484
664.0625
664.0625
634.7656
634.7656
590.8203
590.8203
615.2344
615.2344
605.4687
605.4687
590.8203
590.8203
717.7734
717.7734
917.9687
917.9687
1088.8672
1088.8672
1176.7578
1176.7578
1162.1094
1162.1094
917.9687
917.9687
551.7578
551.7578
322.2656
322.2656
229.4922
229.4922
214.8437
214.8437
180.6641
180.6641
63.4766
63.4766
0.0000
0.0000
0.0000
0.0000
0.0000
0.0000
0.0000
0.0000
0.0000
0.0000
0.0000
0.0000
0.0000
0.0000
0.0000
0.0000
0.0000
0.0000
0.0000
0.0000
0.0000
0.0000
0.0000
0.0000
0.0000
0.0000
0.0000
0.0000
0.0000
0.0000
0.0000
0.0000
0.0000
0.0000
0.0000
0.0000
0.0000
0.0000
0.0000
0.0000
0.0000
0.0000
0.0000
0.0000
29.2969
29.2969
151.3672
151.3672
229.4922
229.4922
283.2031
283.2031
390.6250
390.6250
493.1641
493.1641
537.1094
537.1094
561.5234
561.5234
649.4141
649.4141
683.5937
683.5937
678.7109
678.7109
727.5391
727.5391
751.9531
751.9531
737.3047
737.3047
756.8359
756.8359
839.8437
839.8437
869.1406
869.1406
859.3750
859.3750
908.2031
908.2031
942.3828
942.3828
996.0937
996.0937
1137.6953
1137.6953
1391.6016
1391.6016
1591.7969
1591.7969
1660.1562
1660.1562
1630.8594
1630.8594
1416.0156
1416.0156
1035.1562
1035.1562
649.4141
649.4141
356.4453
356.4453
112.3047
112.3047
0.0000
0.0000
0.0000
0.0000
0.0000
0.0000
0.0000
0.0000
0.0000
0.0000
0.0000
0.0000
0.0000
0.0000
0.0000
0.0000
0.0000
0.0000
0.0000
0.0000
0.0000
0.0000
0.0000
0.0000
0.0000
0.0000
0.0000
0.0000
0.0000
0.0000
0.0000
0.0000
0.0000
0.0000
0.0000
0.0000
0.0000
0.0000
0.0000
0.0000
0.0000
0.0000
0.0000
0.0000
0.0000
0.0000
53.7109
53.7109
141.6016
141.6016
273.4375
273.4375
385.7422
385.7422
444.3359
444.3359
498.0469
498.0469
590.8203
590.8203
625.0000
625.0000
600.5859
600.5859
634.7656
634.7656
629.8828
629.8828
595.7031
595.7031
576.1719
576.1719
610.3516
610.3516
605.4687
605.4687
571.2891
571.2891
625.0000
625.0000
683.5937
683.5937
717.7734
717.7734
776.3672
776.3672
864.2578
864.2578
893.5547
893.5547
898.4375
898.4375
1000.9766
1000.9766
1157.2266
1157.2266
1328.1250
1328.1250
1508.7891
1508.7891
1601.5625
1474.6094
1474.6094
1474.6094
1137.6953
1137.6953
766.6016
766.6016
390.6250
390.6250
107.4219
107.4219
34.1797
34.1797
34.1797
34.1797
0.0000
0.0000
0.0000
0.0000
0.0000
0.0000
0.0000
0.0000
0.0000
0.0000
0.0000
0.0000
0.0000
0.0000
0.0000
0.0000
0.0000
0.0000
0.0000
0.0000
0.0000
0.0000
0.0000
0.0000
0.0000
0.0000
0.0000
0.0000
0.0000
0.0000
0.0000
0.0000
0.0000
0.0000
0.0000
0.0000
0.0000
0.0000
0.0000
0.0000
0.0000
0.0000
0.0000
0.0000
0.0000
0.0000
0.0000
9.7656
9.7656
58.5937
58.5937
156.2500
156.2500
229.4922
229.4922
239.2578
239.2578
253.9062
253.9062
322.2656
322.2656
346.6797
346.6797
336.9141
336.9141
419.9219
419.9219
478.5156
478.5156
498.0469
498.0469
556.6406
556.6406
644.5312
644.5312
698.2422
698.2422
737.3047
737.3047
839.8437
839.8437
903.3203
903.3203
913.0859
913.0859
937.5000
937.5000
986.3281
986.3281
1069.3359
1069.3359
1196.2891
1196.2891
1391.6016
1391.6016
1445.3125
1445.3125
1279.2969
1279.2969
1015.6250
1015.6250
698.2422
698.2422
366.2109
366.2109
102.5391
102.5391
0.0000
0.0000
0.0000
0.0000
0.0000
0.0000
0.0000
0.0000
0.0000
0.0000
0.0000
0.0000
0.0000
0.0000
0.0000
0.0000
0.0000
0.0000
0.0000
0.0000
0.0000
0.0000
0.0000
0.0000
0.0000
0.0000
0.0000
0.0000
0.0000
0.0000
0.0000
0.0000
0.0000
0.0000
0.0000
0.0000
0.0000
0.0000
0.0000
0.0000
0.0000
0.0000
0.0000
0.0000
0.0000
0.0000
0.0000
0.0000
53.7109
53.7109
117.1875
117.1875
146.4844
146.4844
200.1953
200.1953
278.3203
278.3203
292.9687
292.9687
292.9687
292.9687
380.8594
380.8594
434.5703
434.5703
454.1016
454.1016
517.5781
517.5781
595.7031
595.7031
625.0000
625.0000
625.0000
625.0000
698.2422
698.2422
722.6562
722.6562
712.8906
712.8906
742.1875
742.1875
776.3672
776.3672
776.3672
776.3672
786.1328
786.1328
859.3750
859.3750
883.7891
883.7891
908.2031
908.2031
1064.4531
1064.4531
1274.4141
1274.4141
1455.0781
1455.0781
1533.2031
1533.2031
1484.3750
1484.3750
1191.4062
1191.4062
732.4219
732.4219
380.8594
380.8594
156.2500
156.2500
34.1797
34.1797
0.0000
0.0000
0.0000
0.0000
0.0000
0.0000
0.0000
0.0000
0.0000
0.0000
0.0000
0.0000
0.0000
0.0000
0.0000
0.0000
0.0000
0.0000
0.0000
0.0000
0.0000
0.0000
0.0000
0.0000
0.0000
0.0000
0.0000
0.0000
0.0000
0.0000
0.0000
0.0000
0.0000
0.0000
0.0000
0.0000
0.0000
0.0000
0.0000
0.0000
0.0000
0.0000
0.0000
0.0000
0.0000
0.0000
0.0000
0.0000
0.0000
0.0000
0.0000
0.0000
29.2969
29.2969
131.8359
131.8359
268.5547
268.5547
380.8594
380.8594
424.8047
424.8047
449.2187
449.2187
532.2266
532.2266
556.6406
556.6406
551.7578
551.7578
615.2344
615.2344
678.7109
678.7109
698.2422
698.2422
737.3047
737.3047
844.7266
844.7266
903.3203
903.3203
937.5000
937.5000
1044.9219
1044.9219
1118.1641
1118.1641
1157.2266
1157.2266
1259.7656
1259.7656
1445.3125
1445.3125
1557.6172
1557.6172
1547.8516
1547.8516
1425.7812
1425.7812
1088.8672
1088.8672
595.7031
595.7031
190.4297
190.4297
0.0000
0.0000
0.0000
0.0000
0.0000
0.0000
0.0000
0.0000
0.0000
0.0000
0.0000
0.0000
0.0000
0.0000
0.0000
0.0000
0.0000
0.0000
0.0000
0.0000
0.0000
0.0000
0.0000
0.0000
0.0000
0.0000
0.0000
0.0000
0.0000
0.0000
0.0000
0.0000
0.0000
0.0000
0.0000
0.0000
0.0000
0.0000
0.0000
0.0000
0.0000
0.0000
0.0000
0.0000
0.0000
0.0000
0.0000
0.0000
107.4219
107.4219
229.4922
229.4922
292.9687
292.9687
410.1562
410.1562
502.9297
502.9297
561.5234
561.5234
634.7656
634.7656
717.7734
717.7734
722.6562
722.6562
693.3594
693.3594
717.7734
717.7734
742.1875
742.1875
742.1875
742.1875
766.6016
766.6016
815.4297
815.4297
825.1953
825.1953
820.3125
820.3125
913.0859
913.0859
986.3281
986.3281
1025.3906
1025.3906
1088.8672
1088.8672
1162.1094
1162.1094
1210.9375
1210.9375
1308.5937
1308.5937
1538.0859
1538.0859
1718.7500
1718.7500
1772.4609
1772.4609
1713.8672
1713.8672
1474.6094
1474.6094
1010.7422
1010.7422
507.8125
507.8125
170.8984
170.8984
0.0000
0.0000
0.0000
0.0000
0.0000
0.0000
0.0000
0.0000
0.0000
0.0000
0.0000
0.0000
0.0000
0.0000
0.0000
0.0000
0.0000
0.0000
0.0000
0.0000
0.0000
0.0000
0.0000
0.0000
0.0000
0.0000
0.0000
0.0000
0.0000
0.0000
0.0000
0.0000
0.0000
0.0000
0.0000
0.0000
0.0000
0.0000
0.0000
0.0000
0.0000
0.0000
0.0000
0.0000
0.0000
0.0000
0.0000
0.0000
0.0000
0.0000
0.0000
0.0000
97.6562
97.6562
229.4922
229.4922
297.8516
297.8516
327.1484
327.1484
424.8047
424.8047
468.7500
468.7500
454.1016
454.1016
478.5156
478.5156
502.9297
502.9297
483.3984
483.3984
488.2812
488.2812
600.5859
600.5859
673.8281
673.8281
708.0078
708.0078
795.8984
795.8984
874.0234
874.0234
888.6719
888.6719
893.5547
893.5547
986.3281
986.3281
1079.1016
1079.1016
1196.2891
1196.2891
1357.4219
1357.4219
1372.0703
1372.0703
1127.9297
1127.9297
742.1875
742.1875
385.7422
385.7422
102.5391
102.5391
0.0000
0.0000
14.6484
14.6484
39.0625
39.0625
0.0000
0.0000
0.0000
0.0000
0.0000
0.0000
0.0000
0.0000
0.0000
0.0000
0.0000
0.0000
0.0000
0.0000
0.0000
0.0000
0.0000
0.0000
0.0000
0.0000
0.0000
0.0000
0.0000
0.0000
0.0000
0.0000
0.0000
0.0000
0.0000
0.0000
0.0000
0.0000
0.0000
0.0000
0.0000
0.0000
0.0000
0.0000
0.0000
0.0000
4.8828
4.8828
58.5937
58.5937
166.0156
166.0156
268.5547
268.5547
302.7344
302.7344
327.1484
327.1484
405.2734
405.2734
439.4531
439.4531
439.4531
439.4531
493.1641
493.1641
541.9922
541.9922
566.4062
566.4062
605.4687
605.4687
717.7734
717.7734
761.7187
761.7187
761.7187
761.7187
839.8437
839.8437
898.4375
898.4375
922.8516
922.8516
957.0312
957.0312
1010.7422
1010.7422
991.2109
991.2109
942.3828
942.3828
971.6797
971.6797
991.2109
991.2109
1000.9766
1000.9766
1098.6328
1098.6328
1318.3594
1318.3594
1494.1406
1494.1406
1562.5000
1562.5000
1567.3828
1567.3828
1372.0703
1372.0703
1000.9766
1000.9766
673.8281
673.8281
473.6328
473.6328
336.9141
336.9141
200.1953
200.1953
48.8281
48.8281
0.0000
0.0000
0.0000
0.0000
0.0000
0.0000
0.0000
0.0000
0.0000
0.0000
0.0000
0.0000
0.0000
0.0000
0.0000
0.0000
0.0000
0.0000
0.0000
0.0000
0.0000
0.0000
0.0000
0.0000
0.0000
0.0000
0.0000
0.0000
0.0000
0.0000
0.0000
0.0000
0.0000
0.0000
0.0000
0.0000
0.0000
0.0000
0.0000
0.0000
0.0000
0.0000
0.0000
0.0000
0.0000
0.0000
29.2969
29.2969
151.3672
151.3672
229.4922
229.4922
312.5000
312.5000
424.8047
424.8047
473.6328
473.6328
468.7500
468.7500
532.2266
532.2266
590.8203
590.8203
610.3516
610.3516
644.5312
644.5312
712.8906
712.8906
737.3047
737.3047
737.3047
737.3047
820.3125
820.3125
864.2578
864.2578
869.1406
869.1406
898.4375
898.4375
971.6797
971.6797
1054.6875
1054.6875
1210.9375
1210.9375
1459.9609
1459.9609
1611.3281
1611.3281
1577.1484
1577.1484
1406.2500
1406.2500
1103.5156
1103.5156
688.4766
688.4766
312.5000
312.5000
97.6562
97.6562
0.0000
0.0000
0.0000
0.0000
0.0000
0.0000
0.0000
0.0000
0.0000
0.0000
0.0000
0.0000
0.0000
0.0000
0.0000
0.0000
0.0000
0.0000
0.0000
0.0000
0.0000
0.0000
0.0000
0.0000
0.0000
0.0000
0.0000
0.0000
0.0000
0.0000
0.0000
0.0000
0.0000
0.0000
0.0000
0.0000
0.0000
0.0000
0.0000
0.0000
0.0000
0.0000
0.0000
0.0000
0.0000
0.0000
0.0000
0.0000
19.5312
19.5312
73.2422
73.2422
170.8984
170.8984
317.3828
317.3828
395.5078
395.5078
424.8047
424.8047
498.0469
498.0469
527.3437
527.3437
502.9297
502.9297
517.5781
517.5781
551.7578
551.7578
532.2266
532.2266
498.0469
498.0469
541.9922
541.9922
541.9922
541.9922
522.4609
522.4609
576.1719
576.1719
664.0625
664.0625
717.7734
717.7734
751.9531
751.9531
849.6094
849.6094
922.8516
922.8516
1000.9766
1000.9766
1225.5859
1225.5859
1489.2578
1489.2578
1655.2734
1655.2734
1669.9219
1669.9219
1538.0859
1538.0859
1157.2266
1157.2266
649.4141
649.4141
302.7344
302.7344
117.1875
117.1875
24.4141
24.4141
0.0000
0.0000
0.0000
0.0000
0.0000
0.0000
0.0000
0.0000
0.0000
0.0000
0.0000
0.0000
0.0000
0.0000
0.0000
0.0000
0.0000
0.0000
0.0000
0.0000
0.0000
0.0000
0.0000
0.0000
0.0000
0.0000
0.0000
0.0000
0.0000
0.0000
0.0000
0.0000
0.0000
0.0000
0.0000
0.0000
0.0000
0.0000
0.0000
0.0000
0.0000
0.0000
0.0000
0.0000
0.0000
0.0000
0.0000
0.0000
48.8281
48.8281
205.0781
205.0781
322.2656
380.8594
380.8594
380.8594
444.3359
444.3359
498.0469
498.0469
493.1641
493.1641
483.3984
483.3984
556.6406
556.6406
605.4687
605.4687
615.2344
615.2344
683.5937
683.5937
756.8359
800.7812
800.7812
800.7812
859.3750
859.3750
986.3281
986.3281
1054.6875
1054.6875
1083.9844
1083.9844
1157.2266
1157.2266
1215.8203
1215.8203
1274.4141
1274.4141
1391.6016
1391.6016
1577.1484
1640.6250
1640.6250
1640.6250
1533.2031
1323.2422
1323.2422
971.6797
971.6797
532.2266
532.2266
180.6641
180.6641
0.0000
0.0000
0.0000
0.0000
0.0000
0.0000
0.0000
0.0000
0.0000
0.0000
0.0000
0.0000
0.0000
0.0000
0.0000
0.0000
0.0000
0.0000
0.0000
0.0000
0.0000
0.0000
0.0000
0.0000
0.0000
0.0000
0.0000
0.0000
0.0000
0.0000
0.0000
0.0000
0.0000
0.0000
0.0000
0.0000
0.0000
0.0000
0.0000
0.0000
0.0000
0.0000
0.0000
0.0000
0.0000
0.0000
0.0000
0.0000
0.0000
0.0000
0.0000
0.0000
0.0000
0.0000
48.8281
48.8281
141.6016
141.6016
180.6641
180.6641
229.4922
229.4922
332.0312
332.0312
371.0937
371.0937
371.0937
371.0937
439.4531
439.4531
507.8125
507.8125
556.6406
556.6406
615.2344
615.2344
717.7734
717.7734
761.7187
761.7187
756.8359
756.8359
815.4297
815.4297
839.8437
839.8437
820.3125
820.3125
815.4297
815.4297
864.2578
864.2578
893.5547
893.5547
996.0937
996.0937
1240.2344
1240.2344
1435.5469
1435.5469
1474.6094
1474.6094
1357.4219
1357.4219
1079.1016
1079.1016
683.5937
683.5937
371.0937
371.0937
317.3828
317.3828
336.9141
336.9141
288.0859
288.0859
117.1875
117.1875
0.0000
0.0000
0.0000
0.0000
0.0000
0.0000
0.0000
0.0000
0.0000
0.0000
0.0000
0.0000
0.0000
0.0000
0.0000
0.0000
0.0000
0.0000
0.0000
0.0000
0.0000
0.0000
0.0000
0.0000
0.0000
0.0000
0.0000
0.0000
0.0000
0.0000
0.0000
0.0000
0.0000
0.0000
0.0000
0.0000
0.0000
0.0000
0.0000
0.0000
9.7656
9.7656
141.6016
141.6016
205.0781
205.0781
273.4375
273.4375
385.7422
385.7422
444.3359
444.3359
473.6328
473.6328
585.9375
585.9375
668.9453
668.9453
688.4766
688.4766
722.6562
722.6562
800.7812
800.7812
820.3125
820.3125
830.0781
830.0781
913.0859
913.0859
966.7969
966.7969
971.6797
971.6797
991.2109
991.2109
1054.6875
1054.6875
1074.2187
1074.2187
1079.1016
1079.1016
1137.6953
1137.6953
1162.1094
1162.1094
1196.2891
1196.2891
1347.6562
1347.6562
1552.7344
1552.7344
1625.9766
1625.9766
1518.5547
1518.5547
1303.7109
1303.7109
898.4375
898.4375
410.1562
410.1562
68.3594
68.3594
0.0000
0.0000
0.0000
0.0000
0.0000
0.0000
0.0000
0.0000
0.0000
0.0000
0.0000
0.0000
0.0000
0.0000
0.0000
0.0000
0.0000
0.0000
0.0000
0.0000
0.0000
0.0000
0.0000
0.0000
0.0000
0.0000
0.0000
0.0000
0.0000
0.0000
0.0000
0.0000
0.0000
0.0000
0.0000
0.0000
0.0000
0.0000
0.0000
0.0000
0.0000
0.0000
0.0000
0.0000
0.0000
0.0000
0.0000
0.0000
0.0000
0.0000
0.0000
0.0000
0.0000
0.0000
24.4141
24.4141
126.9531
126.9531
195.3125
195.3125
263.6719
263.6719
356.4453
356.4453
400.3906
400.3906
415.0391
415.0391
493.1641
493.1641
522.4609
522.4609
488.2812
488.2812
493.1641
493.1641
527.3437
527.3437
537.1094
537.1094
532.2266
532.2266
605.4687
605.4687
639.6484
639.6484
634.7656
634.7656
688.4766
688.4766
776.3672
776.3672
878.9062
878.9062
1059.5703
1059.5703
1352.5391
1352.5391
1547.8516
1547.8516
1601.5625
1601.5625
1513.6719
1513.6719
1196.2891
1196.2891
693.3594
693.3594
273.4375
273.4375
102.5391
102.5391
48.8281
48.8281
0.0000
0.0000
0.0000
0.0000
0.0000
0.0000
0.0000
0.0000
0.0000
0.0000
0.0000
0.0000
0.0000
0.0000
0.0000
0.0000
0.0000
0.0000
0.0000
0.0000
0.0000
0.0000
0.0000
0.0000
0.0000
0.0000
0.0000
0.0000
0.0000
0.0000
0.0000
0.0000
0.0000
0.0000
0.0000
0.0000
0.0000
0.0000
0.0000
0.0000
0.0000
0.0000
0.0000
0.0000
0.0000
0.0000
0.0000
0.0000
58.5937
58.5937
180.6641
180.6641
312.5000
312.5000
380.8594
380.8594
429.6875
429.6875
541.9922
541.9922
585.9375
585.9375
576.1719
576.1719
610.3516
610.3516
639.6484
639.6484
639.6484
639.6484
649.4141
649.4141
732.4219
732.4219
781.2500
781.2500
810.5469
810.5469
922.8516
922.8516
1010.7422
1010.7422
1049.8047
1049.8047
1074.2187
1074.2187
1152.3437
1152.3437
1215.8203
1215.8203
1323.2422
1323.2422
1542.9687
1542.9687
1704.1016
1704.1016
1699.2187
1699.2187
1542.9687
1542.9687
1284.1797
1284.1797
883.7891
883.7891
454.1016
454.1016
161.1328
161.1328
0.0000
0.0000
0.0000
0.0000
0.0000
0.0000
0.0000
0.0000
0.0000
0.0000
0.0000
0.0000
0.0000
0.0000
0.0000
0.0000
0.0000
0.0000
0.0000
0.0000
0.0000
0.0000
0.0000
0.0000
0.0000
0.0000
0.0000
0.0000
0.0000
0.0000
0.0000
0.0000
0.0000
0.0000
0.0000
0.0000
0.0000
0.0000
0.0000
0.0000
0.0000
0.0000
0.0000
0.0000
0.0000
0.0000
19.5312
19.5312
141.6016
141.6016
224.6094
224.6094
292.9687
292.9687
410.1562
410.1562
458.9844
458.9844
458.9844
458.9844
507.8125
507.8125
541.9922
541.9922
541.9922
541.9922
546.8750
546.8750
615.2344
615.2344
625.0000
625.0000
615.2344
615.2344
683.5937
683.5937
747.0703
747.0703
781.2500
781.2500
815.4297
815.4297
898.4375
898.4375
927.7344
927.7344
917.9687
917.9687
971.6797
971.6797
986.3281
986.3281
1015.6250
1015.6250
1142.5781
1142.5781
1362.3047
1362.3047
1489.2578
1489.2578
1469.7266
1469.7266
1342.7734
1342.7734
1010.7422
1010.7422
546.8750
546.8750
200.1953
200.1953
29.2969
29.2969
0.0000
0.0000
0.0000
0.0000
0.0000
0.0000
0.0000
0.0000
0.0000
0.0000
0.0000
0.0000
0.0000
0.0000
0.0000
0.0000
0.0000
0.0000
0.0000
0.0000
0.0000
0.0000
0.0000
0.0000
0.0000
0.0000
0.0000
0.0000
0.0000
0.0000
0.0000
0.0000
0.0000
0.0000
0.0000
0.0000
0.0000
0.0000
0.0000
0.0000
0.0000
0.0000
0.0000
0.0000
0.0000
0.0000
0.0000
0.0000
0.0000
0.0000
0.0000
0.0000
102.5391
102.5391
224.6094
224.6094
312.5000
312.5000
390.6250
390.6250
473.6328
473.6328
498.0469
498.0469
502.9297
502.9297
600.5859
600.5859
683.5937
683.5937
732.4219
732.4219
810.5469
810.5469
913.0859
913.0859
971.6797
971.6797
1000.9766
1000.9766
1098.6328
1098.6328
1152.3437
1152.3437
1171.8750
1171.8750
1210.9375
1210.9375
1264.6484
1264.6484
1269.5312
1269.5312
1298.8281
1298.8281
1479.4922
1479.4922
1650.3906
1650.3906
1723.6328
1723.6328
1684.5703
1684.5703
1459.9609
1459.9609
996.0937
996.0937
449.2187
449.2187
9.7656
9.7656
0.0000
0.0000
0.0000
0.0000
0.0000
0.0000
0.0000
0.0000
0.0000
0.0000
0.0000
0.0000
0.0000
0.0000
0.0000
0.0000
0.0000
0.0000
0.0000
0.0000
0.0000
0.0000
0.0000
0.0000
0.0000
0.0000
0.0000
0.0000
0.0000
0.0000
0.0000
0.0000
0.0000
0.0000
0.0000
0.0000
0.0000
0.0000
0.0000
0.0000
0.0000
0.0000
0.0000
0.0000
0.0000
0.0000
0.0000
0.0000
0.0000
0.0000
0.0000
0.0000
4.8828
4.8828
136.7187
136.7187
244.1406
244.1406
317.3828
317.3828
444.3359
444.3359
512.6953
512.6953
522.4609
522.4609
571.2891
571.2891
629.8828
629.8828
654.2969
654.2969
639.6484
639.6484
683.5937
683.5937
664.0625
664.0625
620.1172
620.1172
659.1797
659.1797
712.8906
712.8906
732.4219
732.4219
756.8359
756.8359
839.8437
839.8437
913.0859
913.0859
1025.3906
1025.3906
1289.0625
1289.0625
1552.7344
1552.7344
1689.4531
1689.4531
1694.3359
1694.3359
1577.1484
1577.1484
1240.2344
1240.2344
791.0156
791.0156
488.2812
488.2812
302.7344
302.7344
190.4297
190.4297
68.3594
68.3594
0.0000
0.0000
0.0000
0.0000
0.0000
0.0000
0.0000
0.0000
0.0000
0.0000
0.0000
0.0000
0.0000
0.0000
0.0000
0.0000
0.0000
0.0000
0.0000
0.0000
0.0000
0.0000
0.0000
0.0000
0.0000
0.0000
0.0000
0.0000
0.0000
0.0000
0.0000
0.0000
0.0000
0.0000
0.0000
0.0000
0.0000
0.0000
0.0000
0.0000
0.0000
0.0000
0.0000
0.0000
0.0000
0.0000
0.0000
0.0000
131.8359
131.8359
234.3750
234.3750
297.8516
297.8516
395.5078
395.5078
468.7500
468.7500
498.0469
498.0469
507.8125
507.8125
561.5234
561.5234
571.2891
571.2891
571.2891
571.2891
654.2969
654.2969
727.5391
727.5391
747.0703
747.0703
766.6016
766.6016
825.1953
834.9609
834.9609
830.0781
830.0781
922.8516
922.8516
1030.2734
1030.2734
1171.8750
1171.8750
1171.8750
1367.1875
1367.1875
1533.2031
1533.2031
1538.0859
1538.0859
1362.3047
1362.3047
1108.3984
771.4844
771.4844
434.5703
434.5703
249.0234
249.0234
166.0156
166.0156
166.0156
29.2969
29.2969
0.0000
0.0000
0.0000
0.0000
0.0000
0.0000
0.0000
0.0000
0.0000
0.0000
0.0000
0.0000
0.0000
0.0000
0.0000
0.0000
0.0000
0.0000
0.0000
0.0000
0.0000
0.0000
0.0000
0.0000
0.0000
0.0000
0.0000
0.0000
0.0000
0.0000
0.0000
0.0000
0.0000
0.0000
0.0000
0.0000
0.0000
0.0000
0.0000
0.0000
0.0000
0.0000
0.0000
102.5391
102.5391
180.6641
180.6641
205.0781
205.0781
292.9687
292.9687
361.3281
361.3281
390.6250
390.6250
429.6875
429.6875
493.1641
493.1641
502.9297
502.9297
468.7500
468.7500
507.8125
507.8125
537.1094
537.1094
537.1094
537.1094
576.1719
576.1719
673.8281
673.8281
737.3047
737.3047
776.3672
776.3672
874.0234
874.0234
927.7344
927.7344
942.3828
942.3828
991.2109
991.2109
1088.8672
1088.8672
1191.4062
1191.4062
1337.8906
1337.8906
1523.4375
1523.4375
1562.5000
1562.5000
1396.4844
1396.4844
1103.5156
1103.5156
742.1875
742.1875
410.1562
410.1562
234.3750
234.3750
244.1406
244.1406
190.4297
190.4297
0.0000
0.0000
0.0000
0.0000
0.0000
0.0000
0.0000
0.0000
0.0000
0.0000
0.0000
0.0000
0.0000
0.0000
0.0000
0.0000
0.0000
0.0000
0.0000
0.0000
0.0000
0.0000
0.0000
0.0000
0.0000
0.0000
0.0000
0.0000
0.0000
0.0000
0.0000
0.0000
0.0000
0.0000
0.0000
0.0000
0.0000
0.0000
0.0000
0.0000
0.0000
0.0000
0.0000
0.0000
146.4844
146.4844
268.5547
268.5547
332.0312
332.0312
405.2734
405.2734
493.1641
493.1641
527.3437
527.3437
527.3437
527.3437
595.7031
595.7031
625.0000
625.0000
629.8828
629.8828
688.4766
688.4766
776.3672
776.3672
825.1953
825.1953
878.9062
878.9062
996.0937
996.0937
1054.6875
1054.6875
1074.2187
1074.2187
1137.6953
1137.6953
1196.2891
1196.2891
1206.0547
1206.0547
1235.3516
1235.3516
1381.8359
1381.8359
1533.2031
1533.2031
1616.2109
1616.2109
1601.5625
1601.5625
1396.4844
1396.4844
976.5625
976.5625
532.2266
532.2266
229.4922
229.4922
0.0000
0.0000
0.0000
0.0000
0.0000
0.0000
0.0000
0.0000
0.0000
0.0000
0.0000
0.0000
0.0000
0.0000
0.0000
0.0000
0.0000
0.0000
0.0000
0.0000
0.0000
0.0000
0.0000
0.0000
0.0000
0.0000
0.0000
0.0000
0.0000
0.0000
0.0000
0.0000
0.0000
0.0000
0.0000
0.0000
0.0000
0.0000
0.0000
0.0000
0.0000
0.0000
0.0000
0.0000
0.0000
0.0000
0.0000
0.0000
78.1250
78.1250
117.1875
117.1875
166.0156
166.0156
239.2578
239.2578
288.0859
288.0859
317.3828
317.3828
415.0391
415.0391
439.4531
439.4531
419.9219
419.9219
463.8672
463.8672
532.2266
532.2266
576.1719
576.1719
625.0000
625.0000
722.6562
722.6562
756.8359
756.8359
742.1875
742.1875
781.2500
781.2500
815.4297
815.4297
810.5469
810.5469
791.0156
791.0156
825.1953
825.1953
849.6094
849.6094
927.7344
927.7344
1152.3437
1152.3437
1376.9531
1376.9531
1479.4922
1479.4922
1450.1953
1450.1953
1284.1797
1284.1797
903.3203
903.3203
449.2187
449.2187
195.3125
195.3125
102.5391
102.5391
78.1250
78.1250
24.4141
24.4141
0.0000
0.0000
0.0000
0.0000
0.0000
0.0000
0.0000
0.0000
0.0000
0.0000
0.0000
0.0000
0.0000
0.0000
0.0000
0.0000
0.0000
0.0000
0.0000
0.0000
0.0000
0.0000
0.0000
0.0000
0.0000
0.0000
0.0000
0.0000
0.0000
0.0000
0.0000
0.0000
0.0000
0.0000
0.0000
0.0000
0.0000
0.0000
0.0000
0.0000
0.0000
0.0000
0.0000
0.0000
0.0000
0.0000
0.0000
0.0000
63.4766
63.4766
136.7187
136.7187
190.4297
190.4297
302.7344
302.7344
415.0391
415.0391
468.7500
468.7500
517.5781
517.5781
620.1172
620.1172
668.9453
668.9453
698.2422
698.2422
786.1328
786.1328
834.9609
834.9609
820.3125
820.3125
815.4297
815.4297
869.1406
869.1406
888.6719
888.6719
893.5547
893.5547
971.6797
971.6797
1010.7422
1010.7422
1035.1562
1035.1562
1166.9922
1166.9922
1401.3672
1401.3672
1557.6172
1557.6172
1562.5000
1562.5000
1469.7266
1469.7266
1206.0547
1206.0547
830.0781
830.0781
502.9297
502.9297
263.6719
263.6719
39.0625
39.0625
0.0000
0.0000
0.0000
0.0000
0.0000
0.0000
0.0000
0.0000
0.0000
0.0000
0.0000
0.0000
0.0000
0.0000
0.0000
0.0000
0.0000
0.0000
0.0000
0.0000
0.0000
0.0000
0.0000
0.0000
0.0000
0.0000
0.0000
0.0000
0.0000
0.0000
0.0000
0.0000
0.0000
0.0000
0.0000
0.0000
0.0000
0.0000
0.0000
0.0000
0.0000
0.0000
0.0000
0.0000
0.0000
0.0000
0.0000
0.0000
39.0625
39.0625
175.7812
175.7812
292.9687
292.9687
361.3281
361.3281
424.8047
424.8047
537.1094
537.1094
581.0547
581.0547
590.8203
590.8203
664.0625
664.0625
698.2422
698.2422
668.9453
668.9453
654.2969
654.2969
688.4766
688.4766
668.9453
668.9453
639.6484
639.6484
703.1250
703.1250
722.6562
722.6562
693.3594
693.3594
722.6562
722.6562
800.7812
800.7812
830.0781
830.0781
849.6094
849.6094
966.7969
966.7969
1103.5156
1103.5156
1215.8203
1215.8203
1289.0625
1289.0625
1220.7031
1220.7031
908.2031
908.2031
463.8672
463.8672
131.8359
131.8359
0.0000
0.0000
0.0000
0.0000
0.0000
0.0000
0.0000
0.0000
0.0000
0.0000
0.0000
0.0000
0.0000
0.0000
0.0000
0.0000
0.0000
0.0000
0.0000
0.0000
0.0000
0.0000
0.0000
0.0000
0.0000
0.0000
0.0000
0.0000
0.0000
0.0000
0.0000
0.0000
0.0000
0.0000
0.0000
0.0000
0.0000
0.0000
0.0000
0.0000
0.0000
0.0000
0.0000
0.0000
0.0000
0.0000
0.0000
0.0000
0.0000
0.0000
0.0000
0.0000
14.6484
14.6484
141.6016
141.6016
224.6094
224.6094
258.7891
258.7891
361.3281
361.3281
415.0391
415.0391
419.9219
419.9219
449.2187
449.2187
507.8125
507.8125
512.6953
512.6953
498.0469
498.0469
571.2891
571.2891
639.6484
639.6484
688.4766
688.4766
795.8984
795.8984
908.2031
908.2031
971.6797
971.6797
1025.3906
1025.3906
1142.5781
1142.5781
1215.8203
1215.8203
1264.6484
1264.6484
1376.9531
1376.9531
1533.2031
1533.2031
1611.3281
1611.3281
1557.6172
1557.6172
1391.6016
1391.6016
1005.8594
1005.8594
493.1641
493.1641
97.6562
97.6562
0.0000
0.0000
0.0000
0.0000
0.0000
0.0000
0.0000
0.0000
0.0000
0.0000
0.0000
0.0000
0.0000
0.0000
0.0000
0.0000
0.0000
0.0000
0.0000
0.0000
0.0000
0.0000
0.0000
0.0000
0.0000
0.0000
0.0000
0.0000
0.0000
0.0000
0.0000
0.0000
0.0000
0.0000
0.0000
0.0000
0.0000
0.0000
0.0000
0.0000
0.0000
0.0000
0.0000
0.0000
0.0000
0.0000
0.0000
0.0000
0.0000
0.0000
83.0078
83.0078
131.8359
131.8359
239.2578
239.2578
302.7344
302.7344
312.5000
312.5000
366.2109
366.2109
429.6875
429.6875
439.4531
439.4531
449.2187
449.2187
527.3437
527.3437
571.2891
571.2891
581.0547
581.0547
659.1797
659.1797
751.9531
751.9531
805.6641
805.6641
849.6094
849.6094
961.9141
961.9141
1010.7422
1010.7422
1020.5078
1020.5078
1088.8672
1088.8672
1137.6953
1137.6953
1186.5234
1186.5234
1313.4766
1313.4766
1518.5547
1518.5547
1616.2109
1616.2109
1523.4375
1523.4375
1284.1797
1284.1797
869.1406
869.1406
449.2187
449.2187
239.2578
239.2578
253.9062
253.9062
258.7891
258.7891
83.0078
83.0078
0.0000
0.0000
0.0000
0.0000
0.0000
0.0000
0.0000
0.0000
0.0000
0.0000
0.0000
0.0000
0.0000
0.0000
0.0000
0.0000
0.0000
0.0000
0.0000
0.0000
0.0000
0.0000
0.0000
0.0000
0.0000
0.0000
0.0000
0.0000
0.0000
0.0000
0.0000
0.0000
0.0000
0.0000
0.0000
0.0000
0.0000
0.0000
0.0000
0.0000
0.0000
0.0000
39.0625
39.0625
126.9531
126.9531
156.2500
156.2500
258.7891
258.7891
380.8594
380.8594
454.1016
454.1016
502.9297
502.9297
600.5859
600.5859
644.5312
644.5312
659.1797
659.1797
761.7187
761.7187
854.4922
854.4922
903.3203
903.3203
961.9141
961.9141
1064.4531
1064.4531
1113.2812
1113.2812
1132.8125
1132.8125
1206.0547
1206.0547
1254.8828
1254.8828
1259.7656
1259.7656
1274.4141
1274.4141
1352.5391
1352.5391
1440.4297
1440.4297
1533.2031
1533.2031
1606.4453
1606.4453
1489.2578
1489.2578
1132.8125
1132.8125
688.4766
688.4766
273.4375
273.4375
0.0000
0.0000
0.0000
0.0000
0.0000
0.0000
0.0000
0.0000
0.0000
0.0000
0.0000
0.0000
0.0000
0.0000
0.0000
0.0000
0.0000
0.0000
0.0000
0.0000
0.0000
0.0000
0.0000
0.0000
0.0000
0.0000
0.0000
0.0000
0.0000
0.0000
0.0000
0.0000
0.0000
0.0000
0.0000
0.0000
0.0000
0.0000
0.0000
0.0000
0.0000
0.0000
0.0000
0.0000
0.0000
0.0000
0.0000
0.0000
83.0078
83.0078
126.9531
126.9531
224.6094
224.6094
297.8516
297.8516
322.2656
366.2109
366.2109
468.7500
468.7500
522.4609
522.4609
537.1094
537.1094
600.5859
600.5859
600.5859
644.5312
644.5312
639.6484
639.6484
659.1797
659.1797
732.4219
732.4219
761.7187
761.7187
761.7187
825.1953
825.1953
849.6094
849.6094
839.8437
839.8437
839.8437
859.3750
859.3750
908.2031
908.2031
908.2031
908.2031
932.6172
932.6172
1113.2812
1113.2812
1313.4766
1450.1953
1450.1953
1484.3750
1484.3750
1357.4219
1357.4219
1000.9766
1000.9766
1000.9766
561.5234
297.8516
297.8516
151.3672
151.3672
63.4766
63.4766
0.0000
0.0000
0.0000
0.0000
0.0000
0.0000
0.0000
0.0000
0.0000
0.0000
0.0000
0.0000
0.0000
0.0000
0.0000
0.0000
0.0000
0.0000
0.0000
0.0000
0.0000
0.0000
0.0000
0.0000
0.0000
0.0000
0.0000
0.0000
0.0000
0.0000
0.0000
0.0000
0.0000
0.0000
0.0000
0.0000
0.0000
0.0000
0.0000
0.0000
0.0000
0.0000
0.0000
0.0000
0.0000
0.0000
43.9453
43.9453
141.6016
141.6016
278.3203
278.3203
361.3281
361.3281
419.9219
419.9219
541.9922
541.9922
615.2344
615.2344
625.0000
625.0000
659.1797
659.1797
703.1250
703.1250
703.1250
703.1250
664.0625
664.0625
708.0078
708.0078
722.6562
722.6562
708.0078
708.0078
761.7187
761.7187
849.6094
849.6094
898.4375
898.4375
913.0859
913.0859
1005.8594
1005.8594
1054.6875
1054.6875
1079.1016
1079.1016
1176.7578
1176.7578
1347.6562
1347.6562
1484.3750
1484.3750
1523.4375
1523.4375
1459.9609
1459.9609
1157.2266
1157.2266
683.5937
683.5937
297.8516
297.8516
9.7656
9.7656
0.0000
0.0000
0.0000
0.0000
0.0000
0.0000
0.0000
0.0000
0.0000
0.0000
0.0000
0.0000
0.0000
0.0000
0.0000
0.0000
0.0000
0.0000
0.0000
0.0000
0.0000
0.0000
0.0000
0.0000
0.0000
0.0000
0.0000
0.0000
0.0000
0.0000
0.0000
0.0000
0.0000
0.0000
0.0000
0.0000
0.0000
0.0000
0.0000
0.0000
0.0000
0.0000
0.0000
0.0000
0.0000
0.0000
0.0000
0.0000
0.0000
0.0000
0.0000
0.0000
43.9453
43.9453
166.0156
166.0156
249.0234
249.0234
361.3281
361.3281
468.7500
468.7500
498.0469
498.0469
502.9297
502.9297
566.4062
566.4062
581.0547
581.0547
556.6406
556.6406
581.0547
581.0547
620.1172
620.1172
610.3516
610.3516
625.0000
625.0000
737.3047
737.3047
815.4297
815.4297
859.3750
859.3750
957.0312
957.0312
1049.8047
1049.8047
1098.6328
1098.6328
1166.9922
1166.9922
1347.6562
1347.6562
1513.6719
1513.6719
1635.7422
1635.7422
1708.9844
1708.9844
1591.7969
1591.7969
1210.9375
1210.9375
732.4219
732.4219
346.6797
346.6797
48.8281
48.8281
0.0000
0.0000
0.0000
0.0000
0.0000
0.0000
0.0000
0.0000
0.0000
0.0000
0.0000
0.0000
0.0000
0.0000
0.0000
0.0000
0.0000
0.0000
0.0000
0.0000
0.0000
0.0000
0.0000
0.0000
0.0000
0.0000
0.0000
0.0000
0.0000
0.0000
0.0000
0.0000
0.0000
0.0000
0.0000
0.0000
0.0000
0.0000
0.0000
0.0000
0.0000
0.0000
0.0000
0.0000
0.0000
0.0000
0.0000
0.0000
53.7109
53.7109
161.1328
161.1328
268.5547
268.5547
327.1484
327.1484
371.0937
371.0937
458.9844
458.9844
488.2812
488.2812
463.8672
463.8672
498.0469
498.0469
532.2266
532.2266
532.2266
532.2266
571.2891
571.2891
673.8281
673.8281
742.1875
742.1875
781.2500
781.2500
878.9062
878.9062
942.3828
942.3828
966.7969
966.7969
1010.7422
1010.7422
1064.4531
1064.4531
1079.1016
1079.1016
1113.2812
1113.2812
1279.2969
1279.2969
1430.6641
1430.6641
1459.9609
1459.9609
1372.0703
1372.0703
1152.3437
1152.3437
791.0156
791.0156
449.2187
449.2187
312.5000
312.5000
244.1406
244.1406
146.4844
146.4844
4.8828
4.8828
0.0000
0.0000
0.0000
0.0000
0.0000
0.0000
0.0000
0.0000
0.0000
0.0000
0.0000
0.0000
0.0000
0.0000
0.0000
0.0000
0.0000
0.0000
0.0000
0.0000
0.0000
0.0000
0.0000
0.0000
0.0000
0.0000
0.0000
0.0000
0.0000
0.0000
0.0000
0.0000
0.0000
0.0000
0.0000
0.0000
0.0000
0.0000
0.0000
0.0000
0.0000
0.0000
34.1797
34.1797
43.9453
43.9453
68.3594
68.3594
141.6016
141.6016
185.5469
185.5469
209.9609
209.9609
302.7344
302.7344
361.3281
361.3281
361.3281
361.3281
400.3906
400.3906
483.3984
483.3984
532.2266
532.2266
566.4062
566.4062
668.9453
668.9453
717.7734
717.7734
727.5391
727.5391
781.2500
781.2500
854.4922
854.4922
883.7891
883.7891
888.6719
888.6719
966.7969
966.7969
1000.9766
1000.9766
1010.7422
1010.7422
1098.6328
1098.6328
1269.5312
1269.5312
1445.3125
1445.3125
1562.5000
1562.5000
1596.6797
1596.6797
1372.0703
1372.0703
937.5000
937.5000
556.6406
556.6406
307.6172
307.6172
156.2500
156.2500
0.0000
0.0000
0.0000
0.0000
0.0000
0.0000
0.0000
0.0000
0.0000
0.0000
0.0000
0.0000
0.0000
0.0000
0.0000
0.0000
0.0000
0.0000
0.0000
0.0000
0.0000
0.0000
0.0000
0.0000
0.0000
0.0000
0.0000
0.0000
0.0000
0.0000
0.0000
0.0000
0.0000
0.0000
0.0000
0.0000
0.0000
0.0000
0.0000
0.0000
0.0000
0.0000
0.0000
0.0000
0.0000
0.0000
58.5937
58.5937
136.7187
136.7187
283.2031
283.2031
395.5078
395.5078
488.2812
488.2812
620.1172
620.1172
766.6016
766.6016
839.8437
839.8437
878.9062
878.9062
957.0312
957.0312
976.5625
976.5625
961.9141
961.9141
991.2109
991.2109
1015.6250
1015.6250
981.4453
981.4453
952.1484
952.1484
991.2109
991.2109
1010.7422
1010.7422
1010.7422
1010.7422
1083.9844
1083.9844
1137.6953
1137.6953
1171.8750
1171.8750
1259.7656
1259.7656
1464.8437
1464.8437
1640.6250
1640.6250
1718.7500
1718.7500
1708.9844
1708.9844
1533.2031
1533.2031
1171.8750
1171.8750
771.4844
771.4844
449.2187
449.2187
180.6641
180.6641
0.0000
0.0000
0.0000
0.0000
0.0000
0.0000
0.0000
0.0000
0.0000
0.0000
0.0000
0.0000
0.0000
0.0000
0.0000
0.0000
0.0000
0.0000
0.0000
0.0000
0.0000
0.0000
0.0000
0.0000
0.0000
0.0000
0.0000
0.0000
0.0000
0.0000
0.0000
0.0000
0.0000
0.0000
0.0000
0.0000
0.0000
0.0000
0.0000
0.0000
0.0000
0.0000
0.0000
0.0000
0.0000
0.0000
0.0000
0.0000
0.0000
0.0000
0.0000
0.0000
24.4141
24.4141
87.8906
87.8906
146.4844
146.4844
263.6719
263.6719
327.1484
327.1484
341.7969
341.7969
395.5078
395.5078
424.8047
424.8047
405.2734
405.2734
400.3906
400.3906
458.9844
458.9844
488.2812
488.2812
493.1641
493.1641
571.2891
571.2891
639.6484
639.6484
683.5937
683.5937
747.0703
747.0703
864.2578
864.2578
913.0859
913.0859
932.6172
932.6172
1005.8594
1005.8594
1074.2187
1074.2187
1157.2266
1157.2266
1313.4766
1313.4766
1508.7891
1508.7891
1582.0312
1582.0312
1479.4922
1479.4922
1279.2969
1279.2969
913.0859
913.0859
493.1641
493.1641
214.8437
214.8437
83.0078
83.0078
0.0000
0.0000
0.0000
0.0000
0.0000
0.0000
0.0000
0.0000
0.0000
0.0000
0.0000
0.0000
0.0000
0.0000
0.0000
0.0000
0.0000
0.0000
0.0000
0.0000
0.0000
0.0000
0.0000
0.0000
0.0000
0.0000
0.0000
0.0000
0.0000
0.0000
0.0000
0.0000
0.0000
0.0000
0.0000
0.0000
0.0000
0.0000
0.0000
0.0000
0.0000
0.0000
0.0000
0.0000
0.0000
0.0000
92.7734
92.7734
180.6641
180.6641
219.7266
219.7266
302.7344
302.7344
375.9766
375.9766
410.1562
410.1562
434.5703
434.5703
517.5781
517.5781
541.9922
541.9922
532.2266
532.2266
595.7031
595.7031
649.4141
649.4141
668.9453
668.9453
722.6562
722.6562
839.8437
839.8437
888.6719
888.6719
908.2031
908.2031
1000.9766
1000.9766
1069.3359
1069.3359
1093.7500
1093.7500
1127.9297
1127.9297
1181.6406
1181.6406
1176.7578
1176.7578
1186.5234
1186.5234
1333.0078
1333.0078
1503.9062
1503.9062
1621.0937
1621.0937
1669.9219
1669.9219
1591.7969
1591.7969
1298.8281
1298.8281
874.0234
874.0234
488.2812
488.2812
107.4219
107.4219
0.0000
0.0000
0.0000
0.0000
0.0000
0.0000
0.0000
0.0000
0.0000
0.0000
0.0000
0.0000
0.0000
0.0000
0.0000
0.0000
0.0000
0.0000
0.0000
0.0000
0.0000
0.0000
0.0000
0.0000
0.0000
0.0000
0.0000
0.0000
0.0000
0.0000
0.0000
0.0000
0.0000
0.0000
0.0000
0.0000
0.0000
0.0000
0.0000
0.0000
0.0000
0.0000
0.0000
0.0000
0.0000
0.0000
19.5312
19.5312
68.3594
68.3594
126.9531
126.9531
229.4922
229.4922
278.3203
278.3203
297.8516
297.8516
395.5078
395.5078
463.8672
463.8672
493.1641
493.1641
546.8750
546.8750
634.7656
634.7656
673.8281
673.8281
693.3594
693.3594
766.6016
766.6016
800.7812
800.7812
795.8984
795.8984
820.3125
820.3125
854.4922
854.4922
834.9609
834.9609
805.6641
805.6641
854.4922
854.4922
839.8437
839.8437
791.0156
791.0156
791.0156
791.0156
864.2578
864.2578
981.4453
981.4453
1127.9297
1127.9297
1284.1797
1284.1797
1254.8828
1000.9766
1000.9766
673.8281
673.8281
361.3281
361.3281
136.7187
136.7187
136.7187
34.1797
34.1797
24.4141
24.4141
0.0000
0.0000
0.0000
0.0000
0.0000
0.0000
0.0000
0.0000
0.0000
0.0000
0.0000
0.0000
0.0000
0.0000
0.0000
0.0000
0.0000
0.0000
0.0000
0.0000
0.0000
0.0000
0.0000
0.0000
0.0000
0.0000
0.0000
0.0000
0.0000
0.0000
0.0000
0.0000
0.0000
0.0000
0.0000
0.0000
0.0000
0.0000
0.0000
0.0000
0.0000
0.0000
0.0000
0.0000
0.0000
0.0000
0.0000
0.0000
0.0000
0.0000
0.0000
0.0000
0.0000
83.0078
83.0078
185.5469
185.5469
253.9062
253.9062
366.2109
366.2109
395.5078
395.5078
361.3281
361.3281
375.9766
375.9766
419.9219
419.9219
434.5703
434.5703
449.2187
449.2187
532.2266
532.2266
581.0547
581.0547
595.7031
595.7031
688.4766
688.4766
800.7812
800.7812
888.6719
888.6719
966.7969
966.7969
1083.9844
1083.9844
1152.3437
1152.3437
1191.4062
1191.4062
1318.3594
1318.3594
1479.4922
1479.4922
1611.3281
1611.3281
1669.9219
1669.9219
1625.9766
1625.9766
1357.4219
1357.4219
913.0859
913.0859
473.6328
473.6328
43.9453
43.9453
0.0000
0.0000
0.0000
0.0000
0.0000
0.0000
0.0000
0.0000
0.0000
0.0000
0.0000
0.0000
0.0000
0.0000
0.0000
0.0000
0.0000
0.0000
0.0000
0.0000
0.0000
0.0000
0.0000
0.0000
0.0000
0.0000
0.0000
0.0000
0.0000
0.0000
0.0000
0.0000
0.0000
0.0000
0.0000
0.0000
0.0000
0.0000
0.0000
0.0000
0.0000
0.0000
0.0000
0.0000
0.0000
0.0000
0.0000
0.0000
92.7734
92.7734
180.6641
180.6641
322.2656
322.2656
415.0391
415.0391
444.3359
444.3359
517.5781
517.5781
571.2891
571.2891
576.1719
576.1719
581.0547
581.0547
605.4687
605.4687
590.8203
590.8203
556.6406
556.6406
610.3516
610.3516
649.4141
649.4141
664.0625
664.0625
683.5937
683.5937
737.3047
737.3047
756.8359
756.8359
761.7187
761.7187
830.0781
830.0781
869.1406
869.1406
864.2578
864.2578
908.2031
908.2031
1025.3906
1025.3906
1152.3437
1152.3437
1259.7656
1259.7656
1328.1250
1328.1250
1215.8203
1215.8203
942.3828
942.3828
717.7734
717.7734
605.4687
605.4687
532.2266
532.2266
463.8672
463.8672
375.9766
375.9766
136.7187
136.7187
0.0000
0.0000
0.0000
0.0000
0.0000
0.0000
0.0000
0.0000
0.0000
0.0000
0.0000
0.0000
0.0000
0.0000
0.0000
0.0000
0.0000
0.0000
0.0000
0.0000
0.0000
0.0000
0.0000
0.0000
0.0000
0.0000
0.0000
0.0000
0.0000
0.0000
0.0000
0.0000
0.0000
0.0000
0.0000
0.0000
0.0000
0.0000
0.0000
0.0000
0.0000
0.0000
43.9453
43.9453
131.8359
131.8359
205.0781
205.0781
258.7891
258.7891
341.7969
341.7969
449.2187
449.2187
498.0469
498.0469
502.9297
502.9297
585.9375
585.9375
649.4141
649.4141
698.2422
698.2422
776.3672
776.3672
878.9062
878.9062
932.6172
932.6172
966.7969
966.7969
1079.1016
1079.1016
1147.4609
1147.4609
1166.9922
1166.9922
1220.7031
1220.7031
1289.0625
1289.0625
1303.7109
1303.7109
1293.9453
1293.9453
1372.0703
1372.0703
1455.0781
1455.0781
1557.6172
1557.6172
1708.9844
1708.9844
1787.1094
1787.1094
1674.8047
1674.8047
1401.3672
1401.3672
1069.3359
1069.3359
654.2969
654.2969
229.4922
229.4922
0.0000
0.0000
0.0000
0.0000
0.0000
0.0000
0.0000
0.0000
0.0000
0.0000
0.0000
0.0000
0.0000
0.0000
0.0000
0.0000
0.0000
0.0000
0.0000
0.0000
0.0000
0.0000
0.0000
0.0000
0.0000
0.0000
0.0000
0.0000
0.0000
0.0000
0.0000
0.0000
0.0000
0.0000
0.0000
0.0000
0.0000
0.0000
0.0000
0.0000
0.0000
0.0000
0.0000
0.0000
0.0000
0.0000
0.0000
0.0000
34.1797
34.1797
175.7812
175.7812
258.7891
258.7891
317.3828
317.3828
449.2187
449.2187
551.7578
551.7578
605.4687
605.4687
678.7109
678.7109
776.3672
776.3672
815.4297
815.4297
830.0781
830.0781
893.5547
893.5547
903.3203
903.3203
859.3750
859.3750
864.2578
864.2578
859.3750
859.3750
810.5469
810.5469
761.7187
761.7187
800.7812
800.7812
795.8984
795.8984
766.6016
766.6016
839.8437
839.8437
976.5625
976.5625
1152.3437
1152.3437
1323.2422
1323.2422
1459.9609
1459.9609
1376.9531
1376.9531
1083.9844
1083.9844
766.6016
766.6016
473.6328
473.6328
258.7891
258.7891
156.2500
156.2500
112.3047
112.3047
0.0000
0.0000
0.0000
0.0000
0.0000
0.0000
0.0000
0.0000
0.0000
0.0000
0.0000
0.0000
0.0000
0.0000
0.0000
0.0000
0.0000
0.0000
0.0000
0.0000
0.0000
0.0000
0.0000
0.0000
0.0000
0.0000
0.0000
0.0000
0.0000
0.0000
0.0000
0.0000
0.0000
0.0000
0.0000
0.0000
0.0000
0.0000
0.0000
0.0000
0.0000
0.0000
0.0000
0.0000
0.0000
0.0000
48.8281
48.8281
161.1328
161.1328
209.9609
209.9609
312.5000
312.5000
429.6875
429.6875
493.1641
493.1641
532.2266
532.2266
605.4687
605.4687
600.5859
600.5859
537.1094
537.1094
537.1094
537.1094
556.6406
556.6406
561.5234
561.5234
590.8203
590.8203
683.5937
683.5937
712.8906
712.8906
722.6562
722.6562
820.3125
820.3125
917.9687
917.9687
966.7969
966.7969
1025.3906
1025.3906
1123.0469
1123.0469
1176.7578
1176.7578
1259.7656
1259.7656
1450.1953
1450.1953
1606.4453
1606.4453
1625.9766
1625.9766
1533.2031
1533.2031
1333.0078
1333.0078
966.7969
966.7969
517.5781
517.5781
166.0156
166.0156
0.0000
0.0000
0.0000
0.0000
0.0000
0.0000
0.0000
0.0000
0.0000
0.0000
0.0000
0.0000
0.0000
0.0000
0.0000
0.0000
0.0000
0.0000
0.0000
0.0000
0.0000
0.0000
0.0000
0.0000
0.0000
0.0000
0.0000
0.0000
0.0000
0.0000
0.0000
0.0000
0.0000
0.0000
0.0000
0.0000
0.0000
0.0000
0.0000
0.0000
0.0000
0.0000
0.0000
0.0000
0.0000
0.0000
0.0000
0.0000
0.0000
0.0000
0.0000
0.0000
0.0000
0.0000
87.8906
87.8906
146.4844
146.4844
161.1328
161.1328
219.7266
219.7266
258.7891
258.7891
239.2578
239.2578
234.3750
234.3750
273.4375
273.4375
263.6719
263.6719
258.7891
258.7891
341.7969
341.7969
410.1562
410.1562
439.4531
439.4531
493.1641
493.1641
576.1719
576.1719
620.1172
620.1172
649.4141
649.4141
732.4219
732.4219
776.3672
776.3672
786.1328
786.1328
864.2578
864.2578
1025.3906
1025.3906
1201.1719
1201.1719
1347.6562
1347.6562
1430.6641
1430.6641
1333.0078
1333.0078
1040.0391
1040.0391
708.0078
708.0078
419.9219
419.9219
200.1953
200.1953
39.0625
39.0625
0.0000
0.0000
0.0000
0.0000
0.0000
0.0000
0.0000
0.0000
0.0000
0.0000
0.0000
0.0000
0.0000
0.0000
0.0000
0.0000
0.0000
0.0000
0.0000
0.0000
0.0000
0.0000
0.0000
0.0000
0.0000
0.0000
0.0000
0.0000
0.0000
0.0000
0.0000
0.0000
0.0000
0.0000
0.0000
0.0000
0.0000
0.0000
0.0000
0.0000
0.0000
0.0000
0.0000
0.0000
63.4766
63.4766
126.9531
126.9531
258.7891
258.7891
351.5625
351.5625
405.2734
405.2734
493.1641
493.1641
610.3516
610.3516
668.9453
668.9453
703.1250
703.1250
786.1328
786.1328
810.5469
810.5469
791.0156
791.0156
825.1953
825.1953
874.0234
874.0234
888.6719
888.6719
869.1406
869.1406
922.8516
922.8516
932.6172
932.6172
903.3203
903.3203
947.2656
947.2656
1010.7422
1010.7422
1049.8047
1049.8047
1098.6328
1098.6328
1254.8828
1254.8828
1420.8984
1420.8984
1542.9687
1542.9687
1625.9766
1625.9766
1562.5000
1562.5000
1293.9453
1293.9453
957.0312
957.0312
654.2969
654.2969
351.5625
351.5625
73.2422
73.2422
0.0000
0.0000
0.0000
0.0000
0.0000
0.0000
0.0000
0.0000
0.0000
0.0000
0.0000
0.0000
0.0000
0.0000
0.0000
0.0000
0.0000
0.0000
0.0000
0.0000
0.0000
0.0000
0.0000
0.0000
0.0000
0.0000
0.0000
0.0000
0.0000
0.0000
0.0000
0.0000
0.0000
0.0000
0.0000
0.0000
0.0000
0.0000
0.0000
0.0000
0.0000
0.0000
0.0000
0.0000
0.0000
0.0000
4.8828
4.8828
92.7734
92.7734
190.4297
190.4297
253.9062
253.9062
317.3828
317.3828
463.8672
463.8672
537.1094
537.1094
541.9922
541.9922
585.9375
585.9375
620.1172
620.1172
610.3516
610.3516
595.7031
595.7031
649.4141
649.4141
649.4141
649.4141
620.1172
620.1172
659.1797
659.1797
693.3594
693.3594
688.4766
688.4766
698.2422
698.2422
771.4844
771.4844
815.4297
815.4297
839.8437
839.8437
927.7344
927.7344
1025.3906
1025.3906
1137.6953
1137.6953
1308.5937
1308.5937
1503.9062
1503.9062
1547.8516
1547.8516
1401.3672
1401.3672
1152.3437
1152.3437
786.1328
786.1328
429.6875
429.6875
209.9609
209.9609
107.4219
107.4219
0.0000
0.0000
0.0000
0.0000
0.0000
0.0000
0.0000
0.0000
0.0000
0.0000
0.0000
0.0000
0.0000
0.0000
0.0000
0.0000
0.0000
0.0000
0.0000
0.0000
0.0000
0.0000
0.0000
0.0000
0.0000
0.0000
0.0000
0.0000
0.0000
0.0000
0.0000
0.0000
0.0000
0.0000
0.0000
0.0000
0.0000
0.0000
0.0000
0.0000
0.0000
0.0000
0.0000
0.0000
0.0000
0.0000
0.0000
131.8359
131.8359
205.0781
205.0781
317.3828
317.3828
317.3828
429.6875
429.6875
488.2812
488.2812
541.9922
541.9922
625.0000
625.0000
644.5312
629.8828
629.8828
678.7109
678.7109
712.8906
712.8906
698.2422
698.2422
727.5391
727.5391
820.3125
820.3125
878.9062
878.9062
903.3203
903.3203
996.0937
996.0937
1054.6875
1054.6875
1064.4531
1064.4531
1108.3984
1108.3984
1186.5234
1186.5234
1230.4687
1230.4687
1293.9453
1293.9453
1479.4922
1479.4922
1625.9766
1625.9766
1669.9219
1669.9219
1640.6250
1640.6250
1503.9062
1503.9062
1206.0547
1206.0547
834.9609
834.9609
546.8750
546.8750
253.9062
253.9062
0.0000
0.0000
0.0000
0.0000
0.0000
0.0000
0.0000
0.0000
0.0000
0.0000
0.0000
0.0000
0.0000
0.0000
0.0000
0.0000
0.0000
0.0000
0.0000
0.0000
0.0000
0.0000
0.0000
0.0000
0.0000
0.0000
0.0000
0.0000
0.0000
0.0000
0.0000
0.0000
0.0000
0.0000
0.0000
0.0000
0.0000
0.0000
0.0000
0.0000
0.0000
0.0000
0.0000
0.0000
0.0000
0.0000
112.3047
112.3047
170.8984
170.8984
209.9609
209.9609
283.2031
283.2031
302.7344
302.7344
302.7344
302.7344
375.9766
375.9766
434.5703
434.5703
429.6875
429.6875
454.1016
454.1016
517.5781
517.5781
551.7578
551.7578
576.1719
576.1719
683.5937
683.5937
751.9531
751.9531
761.7187
761.7187
810.5469
810.5469
869.1406
869.1406
864.2578
864.2578
844.7266
844.7266
893.5547
893.5547
917.9687
917.9687
903.3203
903.3203
937.5000
937.5000
1054.6875
1054.6875
1196.2891
1196.2891
1362.3047
1362.3047
1542.9687
1542.9687
1547.8516
1547.8516
1347.6562
1347.6562
1030.2734
1030.2734
649.4141
649.4141
288.0859
288.0859
9.7656
9.7656
0.0000
0.0000
0.0000
0.0000
0.0000
0.0000
0.0000
0.0000
0.0000
0.0000
0.0000
0.0000
0.0000
0.0000
0.0000
0.0000
0.0000
0.0000
0.0000
0.0000
0.0000
0.0000
0.0000
0.0000
0.0000
0.0000
0.0000
0.0000
0.0000
0.0000
0.0000
0.0000
0.0000
0.0000
0.0000
0.0000
0.0000
0.0000
0.0000
0.0000
0.0000
0.0000
0.0000
0.0000
0.0000
0.0000
0.0000
0.0000
0.0000
0.0000
48.8281
48.8281
107.4219
107.4219
195.3125
195.3125
322.2656
322.2656
400.3906
400.3906
439.4531
439.4531
537.1094
537.1094
561.5234
561.5234
537.1094
537.1094
566.4062
566.4062
615.2344
615.2344
620.1172
620.1172
610.3516
610.3516
673.8281
673.8281
703.1250
703.1250
712.8906
712.8906
805.6641
805.6641
898.4375
898.4375
947.2656
947.2656
976.5625
976.5625
1083.9844
1083.9844
1201.1719
1201.1719
1357.4219
1357.4219
1562.5000
1562.5000
1669.9219
1669.9219
1567.3828
1567.3828
1274.4141
1274.4141
922.8516
922.8516
493.1641
493.1641
78.1250
78.1250
0.0000
0.0000
0.0000
0.0000
0.0000
0.0000
0.0000
0.0000
0.0000
0.0000
0.0000
0.0000
0.0000
0.0000
0.0000
0.0000
0.0000
0.0000
0.0000
0.0000
0.0000
0.0000
0.0000
0.0000
0.0000
0.0000
0.0000
0.0000
0.0000
0.0000
0.0000
0.0000
0.0000
0.0000
0.0000
0.0000
0.0000
0.0000
0.0000
0.0000
0.0000
0.0000
0.0000
0.0000
0.0000
0.0000
0.0000
0.0000
0.0000
0.0000
24.4141
24.4141
117.1875
117.1875
185.5469
185.5469
312.5000
312.5000
400.3906
400.3906
449.2187
449.2187
532.2266
532.2266
585.9375
585.9375
566.4062
566.4062
537.1094
537.1094
576.1719
576.1719
571.2891
571.2891
546.8750
546.8750
585.9375
585.9375
615.2344
615.2344
600.5859
600.5859
595.7031
595.7031
659.1797
659.1797
698.2422
698.2422
737.3047
737.3047
830.0781
830.0781
917.9687
917.9687
986.3281
986.3281
1123.0469
1123.0469
1337.8906
1337.8906
1464.8437
1464.8437
1435.5469
1435.5469
1293.9453
1293.9453
986.3281
986.3281
610.3516
610.3516
356.4453
356.4453
253.9062
253.9062
151.3672
151.3672
0.0000
0.0000
0.0000
0.0000
0.0000
0.0000
0.0000
0.0000
0.0000
0.0000
0.0000
0.0000
0.0000
0.0000
0.0000
0.0000
0.0000
0.0000
0.0000
0.0000
0.0000
0.0000
0.0000
0.0000
0.0000
0.0000
0.0000
0.0000
0.0000
0.0000
0.0000
0.0000
0.0000
0.0000
0.0000
0.0000
0.0000
0.0000
0.0000
0.0000
0.0000
0.0000
0.0000
0.0000
0.0000
0.0000
107.4219
107.4219
195.3125
195.3125
312.5000
312.5000
415.0391
415.0391
478.5156
478.5156
532.2266
532.2266
629.8828
629.8828
664.0625
664.0625
634.7656
634.7656
664.0625
664.0625
688.4766
688.4766
683.5937
683.5937
712.8906
712.8906
810.5469
810.5469
864.2578
864.2578
903.3203
903.3203
1010.7422
1010.7422
1098.6328
1098.6328
1147.4609
1147.4609
1210.9375
1210.9375
1293.9453
1293.9453
1308.5937
1308.5937
1289.0625
1289.0625
1362.3047
1362.3047
1455.0781
1455.0781
1528.3203
1528.3203
1562.5000
1562.5000
1499.0234
1499.0234
1235.3516
1235.3516
834.9609
834.9609
478.5156
478.5156
141.6016
141.6016
0.0000
0.0000
0.0000
0.0000
0.0000
0.0000
0.0000
0.0000
0.0000
0.0000
0.0000
0.0000
0.0000
0.0000
0.0000
0.0000
0.0000
0.0000
