0.0000
0.0000
0.0000
0.0000
0.0000
0.0000
0.0000
0.0000
0.0000
0.0000
0.0000
0.0000
0.0000
0.0000
0.0000
0.0000
0.0000
0.0000
0.0000
0.0000
0.0000
0.0000
0.0000
0.0000
0.0000
0.0000
0.0000
141.6016
141.6016
458.9844
458.9844
703.1250
703.1250
849.6094
849.6094
854.4922
854.4922
791.0156
791.0156
678.7109
678.7109
605.4687
605.4687
527.3437
527.3437
512.6953
512.6953
498.0469
498.0469
541.9922
541.9922
595.7031
595.7031
664.0625
664.0625
688.4766
688.4766
712.8906
712.8906
732.4219
732.4219
761.7187
761.7187
771.4844
771.4844
756.8359
756.8359
747.0703
747.0703
708.0078
708.0078
649.4141
649.4141
522.4609
522.4609
249.0234
249.0234
0.0000
0.0000
0.0000
0.0000
0.0000
0.0000
0.0000
0.0000
0.0000
0.0000
0.0000
0.0000
0.0000
0.0000
0.0000
0.0000
0.0000
0.0000
0.0000
0.0000
0.0000
0.0000
0.0000
0.0000
0.0000
0.0000
48.8281
48.8281
346.6797
346.6797
581.0547
581.0547
732.4219
732.4219
810.5469
810.5469
810.5469
810.5469
751.9531
751.9531
639.6484
639.6484
532.2266
532.2266
483.3984
483.3984
483.3984
483.3984
507.8125
507.8125
532.2266
532.2266
571.2891
571.2891
620.1172
620.1172
688.4766
688.4766
708.0078
708.0078
727.5391
727.5391
708.0078
708.0078
742.1875
742.1875
747.0703
747.0703
703.1250
703.1250
556.6406
556.6406
336.9141
336.9141
48.8281
48.8281
0.0000
0.0000
0.0000
0.0000
0.0000
0.0000
0.0000
0.0000
0.0000
0.0000
0.0000
0.0000
0.0000
0.0000
0.0000
0.0000
0.0000
0.0000
0.0000
0.0000
0.0000
0.0000
0.0000
0.0000
0.0000
0.0000
58.5937
58.5937
361.3281
361.3281
664.0625
664.0625
874.0234
874.0234
947.2656
947.2656
888.6719
888.6719
795.8984
795.8984
678.7109
678.7109
605.4687
605.4687
541.9922
541.9922
512.6953
512.6953
512.6953
512.6953
556.6406
556.6406
595.7031
595.7031
634.7656
634.7656
649.4141
649.4141
683.5937
683.5937
717.7734
717.7734
751.9531
751.9531
751.9531
751.9531
698.2422
698.2422
585.9375
585.9375
380.8594
380.8594
156.2500
156.2500
0.0000
0.0000
0.0000
0.0000
0.0000
0.0000
0.0000
0.0000
0.0000
0.0000
0.0000
0.0000
0.0000
0.0000
0.0000
0.0000
0.0000
0.0000
0.0000
0.0000
0.0000
0.0000
0.0000
0.0000
0.0000
0.0000
0.0000
0.0000
48.8281
48.8281
385.7422
385.7422
629.8828
629.8828
786.1328
786.1328
830.0781
830.0781
834.9609
834.9609
766.6016
766.6016
673.8281
673.8281
581.0547
581.0547
541.9922
541.9922
517.5781
517.5781
556.6406
556.6406
581.0547
581.0547
625.0000
625.0000
644.5312
644.5312
668.9453
668.9453
673.8281
673.8281
688.4766
688.4766
688.4766
688.4766
703.1250
703.1250
717.7734
717.7734
644.5312
644.5312
439.4531
439.4531
126.9531
126.9531
0.0000
0.0000
0.0000
0.0000
0.0000
0.0000
0.0000
0.0000
0.0000
0.0000
0.0000
0.0000
0.0000
0.0000
0.0000
0.0000
0.0000
0.0000
0.0000
0.0000
0.0000
0.0000
0.0000
0.0000
0.0000
0.0000
0.0000
0.0000
0.0000
0.0000
0.0000
0.0000
317.3828
317.3828
590.8203
590.8203
776.3672
776.3672
820.3125
820.3125
776.3672
776.3672
644.5312
644.5312
546.8750
546.8750
468.7500
468.7500
458.9844
458.9844
458.9844
458.9844
507.8125
507.8125
551.7578
551.7578
634.7656
634.7656
664.0625
664.0625
698.2422
698.2422
693.3594
693.3594
717.7734
717.7734
732.4219
732.4219
737.3047
737.3047
712.8906
712.8906
620.1172
620.1172
507.8125
507.8125
322.2656
322.2656
102.5391
102.5391
0.0000
0.0000
0.0000
0.0000
0.0000
0.0000
0.0000
0.0000
0.0000
0.0000
0.0000
0.0000
0.0000
0.0000
0.0000
0.0000
0.0000
0.0000
0.0000
0.0000
0.0000
0.0000
0.0000
0.0000
0.0000
0.0000
0.0000
0.0000
322.2656
322.2656
615.2344
615.2344
800.7812
800.7812
893.5547
893.5547
883.7891
883.7891
834.9609
834.9609
737.3047
737.3047
654.2969
654.2969
581.0547
581.0547
581.0547
581.0547
581.0547
581.0547
615.2344
615.2344
649.4141
649.4141
683.5937
683.5937
732.4219
732.4219
761.7187
761.7187
781.2500
781.2500
776.3672
776.3672
795.8984
795.8984
791.0156
791.0156
727.5391
727.5391
546.8750
546.8750
268.5547
268.5547
0.0000
0.0000
0.0000
0.0000
0.0000
0.0000
0.0000
0.0000
0.0000
0.0000
0.0000
0.0000
0.0000
0.0000
0.0000
0.0000
0.0000
0.0000
0.0000
0.0000
0.0000
0.0000
0.0000
0.0000
0.0000
0.0000
0.0000
0.0000
92.7734
92.7734
410.1562
410.1562
703.1250
703.1250
913.0859
913.0859
1020.5078
1020.5078
976.5625
976.5625
869.1406
869.1406
732.4219
732.4219
639.6484
639.6484
581.0547
581.0547
571.2891
571.2891
561.5234
561.5234
620.1172
620.1172
683.5937
683.5937
742.1875
742.1875
766.6016
766.6016
771.4844
771.4844
771.4844
771.4844
786.1328
786.1328
795.8984
795.8984
766.6016
766.6016
712.8906
712.8906
610.3516
610.3516
449.2187
449.2187
190.4297
190.4297
0.0000
0.0000
0.0000
0.0000
0.0000
0.0000
0.0000
0.0000
0.0000
0.0000
0.0000
0.0000
0.0000
0.0000
0.0000
0.0000
0.0000
0.0000
0.0000
0.0000
0.0000
0.0000
0.0000
0.0000
0.0000
0.0000
9.7656
9.7656
351.5625
351.5625
600.5859
600.5859
761.7187
761.7187
800.7812
800.7812
791.0156
791.0156
751.9531
751.9531
678.7109
678.7109
585.9375
585.9375
537.1094
537.1094
507.8125
507.8125
541.9922
541.9922
576.1719
576.1719
605.4687
605.4687
644.5312
644.5312
678.7109
678.7109
727.5391
727.5391
756.8359
756.8359
771.4844
771.4844
747.0703
747.0703
742.1875
742.1875
708.0078
708.0078
610.3516
610.3516
390.6250
390.6250
73.2422
73.2422
0.0000
0.0000
0.0000
0.0000
0.0000
0.0000
0.0000
0.0000
0.0000
0.0000
0.0000
0.0000
0.0000
0.0000
0.0000
0.0000
0.0000
0.0000
0.0000
0.0000
0.0000
0.0000
0.0000
0.0000
0.0000
0.0000
0.0000
0.0000
249.0234
249.0234
556.6406
556.6406
771.4844
771.4844
898.4375
898.4375
893.5547
893.5547
815.4297
815.4297
678.7109
678.7109
566.4062
566.4062
522.4609
522.4609
502.9297
512.6953
512.6953
512.6953
527.3437
527.3437
581.0547
581.0547
620.1172
620.1172
683.5937
683.5937
708.0078
708.0078
722.6562
732.4219
732.4219
761.7187
761.7187
766.6016
766.6016
727.5391
727.5391
590.8203
590.8203
380.8594
380.8594
146.4844
146.4844
0.0000
0.0000
0.0000
0.0000
0.0000
0.0000
0.0000
0.0000
0.0000
0.0000
0.0000
0.0000
0.0000
0.0000
0.0000
0.0000
0.0000
0.0000
0.0000
0.0000
0.0000
0.0000
0.0000
0.0000
0.0000
0.0000
0.0000
0.0000
170.8984
170.8984
468.7500
468.7500
678.7109
678.7109
776.3672
776.3672
781.2500
781.2500
747.0703
747.0703
683.5937
683.5937
634.7656
634.7656
581.0547
581.0547
551.7578
551.7578
532.2266
532.2266
566.4062
566.4062
590.8203
590.8203
639.6484
639.6484
649.4141
649.4141
668.9453
668.9453
698.2422
698.2422
742.1875
742.1875
756.8359
756.8359
751.9531
751.9531
732.4219
732.4219
625.0000
625.0000
434.5703
434.5703
126.9531
126.9531
0.0000
0.0000
0.0000
0.0000
0.0000
0.0000
0.0000
0.0000
0.0000
0.0000
0.0000
0.0000
0.0000
0.0000
0.0000
0.0000
0.0000
0.0000
0.0000
0.0000
0.0000
0.0000
0.0000
0.0000
0.0000
0.0000
0.0000
0.0000
53.7109
53.7109
375.9766
375.9766
629.8828
629.8828
786.1328
786.1328
854.4922
854.4922
805.6641
805.6641
698.2422
698.2422
566.4062
566.4062
502.9297
502.9297
478.5156
478.5156
502.9297
502.9297
527.3437
527.3437
576.1719
576.1719
610.3516
610.3516
678.7109
678.7109
712.8906
712.8906
717.7734
717.7734
727.5391
727.5391
732.4219
732.4219
751.9531
751.9531
727.5391
727.5391
649.4141
649.4141
502.9297
502.9297
297.8516
297.8516
0.0000
0.0000
0.0000
0.0000
0.0000
0.0000
0.0000
0.0000
0.0000
0.0000
0.0000
0.0000
0.0000
0.0000
0.0000
0.0000
0.0000
0.0000
0.0000
0.0000
0.0000
0.0000
0.0000
0.0000
0.0000
0.0000
0.0000
0.0000
175.7812
175.7812
498.0469
498.0469
712.8906
712.8906
849.6094
849.6094
844.7266
844.7266
800.7812
800.7812
708.0078
708.0078
644.5312
644.5312
590.8203
590.8203
541.9922
541.9922
541.9922
541.9922
571.2891
571.2891
634.7656
634.7656
683.5937
683.5937
722.6562
722.6562
737.3047
737.3047
766.6016
766.6016
786.1328
786.1328
795.8984
795.8984
771.4844
771.4844
708.0078
708.0078
551.7578
551.7578
332.0312
332.0312
34.1797
34.1797
0.0000
0.0000
0.0000
0.0000
0.0000
0.0000
0.0000
0.0000
0.0000
0.0000
0.0000
0.0000
0.0000
0.0000
0.0000
0.0000
0.0000
0.0000
0.0000
0.0000
0.0000
0.0000
0.0000
0.0000
0.0000
0.0000
34.1797
34.1797
405.2734
405.2734
708.0078
708.0078
917.9687
917.9687
1025.3906
1025.3906
1025.3906
1025.3906
947.2656
947.2656
815.4297
815.4297
683.5937
683.5937
576.1719
576.1719
537.1094
537.1094
541.9922
541.9922
585.9375
585.9375
615.2344
615.2344
673.8281
673.8281
717.7734
717.7734
756.8359
756.8359
791.0156
791.0156
791.0156
791.0156
800.7812
800.7812
776.3672
776.3672
751.9531
751.9531
664.0625
664.0625
512.6953
512.6953
195.3125
195.3125
0.0000
0.0000
0.0000
0.0000
0.0000
0.0000
0.0000
0.0000
0.0000
0.0000
0.0000
0.0000
0.0000
0.0000
0.0000
0.0000
0.0000
0.0000
0.0000
0.0000
0.0000
0.0000
0.0000
0.0000
0.0000
0.0000
0.0000
0.0000
273.4375
273.4375
517.5781
517.5781
727.5391
727.5391
810.5469
810.5469
815.4297
815.4297
751.9531
751.9531
678.7109
678.7109
605.4687
605.4687
566.4062
566.4062
561.5234
561.5234
571.2891
571.2891
576.1719
576.1719
595.7031
595.7031
625.0000
625.0000
649.4141
649.4141
678.7109
678.7109
698.2422
698.2422
717.7734
717.7734
747.0703
747.0703
756.8359
756.8359
688.4766
688.4766
541.9922
541.9922
278.3203
278.3203
0.0000
0.0000
0.0000
0.0000
0.0000
0.0000
0.0000
0.0000
0.0000
0.0000
0.0000
0.0000
0.0000
0.0000
0.0000
0.0000
0.0000
0.0000
0.0000
0.0000
0.0000
0.0000
0.0000
0.0000
0.0000
0.0000
0.0000
0.0000
73.2422
73.2422
390.6250
390.6250
683.5937
683.5937
864.2578
864.2578
913.0859
913.0859
839.8437
839.8437
737.3047
737.3047
625.0000
625.0000
546.8750
546.8750
517.5781
517.5781
517.5781
517.5781
551.7578
551.7578
605.4687
605.4687
678.7109
678.7109
698.2422
698.2422
722.6562
722.6562
717.7734
717.7734
737.3047
737.3047
747.0703
747.0703
747.0703
747.0703
717.7734
717.7734
688.4766
688.4766
605.4687
605.4687
434.5703
434.5703
170.8984
170.8984
0.0000
0.0000
0.0000
0.0000
0.0000
0.0000
0.0000
0.0000
0.0000
0.0000
0.0000
0.0000
0.0000
0.0000
0.0000
0.0000
0.0000
0.0000
0.0000
0.0000
0.0000
0.0000
0.0000
0.0000
0.0000
0.0000
0.0000
0.0000
185.5469
185.5469
478.5156
478.5156
683.5937
683.5937
815.4297
815.4297
864.2578
864.2578
859.3750
859.3750
771.4844
771.4844
678.7109
678.7109
595.7031
595.7031
571.2891
571.2891
561.5234
561.5234
585.9375
585.9375
590.8203
590.8203
654.2969
654.2969
698.2422
698.2422
742.1875
742.1875
751.9531
751.9531
771.4844
771.4844
791.0156
791.0156
781.2500
781.2500
737.3047
737.3047
551.7578
551.7578
283.2031
283.2031
0.0000
0.0000
0.0000
0.0000
0.0000
0.0000
0.0000
0.0000
0.0000
0.0000
0.0000
0.0000
0.0000
0.0000
0.0000
0.0000
0.0000
0.0000
0.0000
0.0000
0.0000
0.0000
0.0000
0.0000
0.0000
0.0000
0.0000
0.0000
0.0000
0.0000
156.2500
156.2500
434.5703
434.5703
664.0625
664.0625
776.3672
776.3672
791.0156
791.0156
717.7734
717.7734
649.4141
649.4141
571.2891
571.2891
532.2266
532.2266
507.8125
507.8125
522.4609
522.4609
571.2891
571.2891
634.7656
634.7656
664.0625
664.0625
693.3594
693.3594
703.1250
703.1250
717.7734
717.7734
742.1875
742.1875
751.9531
751.9531
751.9531
751.9531
732.4219
732.4219
688.4766
688.4766
585.9375
585.9375
405.2734
405.2734
97.6562
97.6562
0.0000
0.0000
0.0000
0.0000
0.0000
0.0000
0.0000
0.0000
0.0000
0.0000
0.0000
0.0000
0.0000
0.0000
0.0000
0.0000
0.0000
0.0000
0.0000
0.0000
0.0000
0.0000
0.0000
0.0000
0.0000
0.0000
200.1953
200.1953
527.3437
527.3437
751.9531
751.9531
927.7344
927.7344
1000.9766
1000.9766
991.2109
991.2109
893.5547
893.5547
771.4844
771.4844
673.8281
673.8281
620.1172
620.1172
615.2344
615.2344
615.2344
615.2344
654.2969
654.2969
678.7109
678.7109
756.8359
756.8359
800.7812
800.7812
830.0781
830.0781
830.0781
830.0781
825.1953
825.1953
805.6641
805.6641
742.1875
742.1875
625.0000
625.0000
385.7422
385.7422
63.4766
63.4766
0.0000
0.0000
0.0000
0.0000
0.0000
0.0000
0.0000
0.0000
0.0000
0.0000
0.0000
0.0000
0.0000
0.0000
0.0000
0.0000
0.0000
0.0000
0.0000
0.0000
0.0000
0.0000
0.0000
0.0000
0.0000
0.0000
0.0000
0.0000
200.1953
200.1953
463.8672
463.8672
629.8828
629.8828
751.9531
751.9531
727.5391
727.5391
678.7109
678.7109
585.9375
585.9375
532.2266
532.2266
498.0469
498.0469
502.9297
502.9297
512.6953
512.6953
541.9922
541.9922
585.9375
585.9375
629.8828
629.8828
664.0625
664.0625
668.9453
668.9453
698.2422
698.2422
727.5391
727.5391
771.4844
771.4844
791.0156
791.0156
761.7187
761.7187
668.9453
668.9453
585.9375
585.9375
400.3906
400.3906
107.4219
107.4219
0.0000
0.0000
0.0000
0.0000
0.0000
0.0000
0.0000
0.0000
0.0000
0.0000
0.0000
0.0000
0.0000
0.0000
0.0000
0.0000
0.0000
0.0000
0.0000
0.0000
0.0000
0.0000
0.0000
0.0000
0.0000
0.0000
151.3672
151.3672
439.4531
439.4531
683.5937
683.5937
815.4297
815.4297
864.2578
864.2578
854.4922
854.4922
791.0156
791.0156
703.1250
703.1250
610.3516
610.3516
571.2891
571.2891
556.6406
556.6406
585.9375
585.9375
600.5859
600.5859
629.8828
629.8828
654.2969
654.2969
703.1250
703.1250
747.0703
747.0703
756.8359
756.8359
761.7187
761.7187
761.7187
761.7187
761.7187
761.7187
722.6562
722.6562
585.9375
585.9375
312.5000
312.5000
0.0000
0.0000
0.0000
0.0000
0.0000
0.0000
0.0000
0.0000
0.0000
0.0000
0.0000
0.0000
0.0000
0.0000
0.0000
0.0000
0.0000
0.0000
0.0000
0.0000
0.0000
0.0000
0.0000
0.0000
0.0000
0.0000
0.0000
0.0000
83.0078
83.0078
361.3281
361.3281
605.4687
605.4687
751.9531
805.6641
805.6641
805.6641
747.0703
747.0703
649.4141
649.4141
537.1094
537.1094
493.1641
493.1641
478.5156
478.5156
488.2812
488.2812
517.5781
517.5781
571.2891
571.2891
610.3516
610.3516
659.1797
659.1797
664.0625
664.0625
668.9453
668.9453
673.8281
673.8281
703.1250
703.1250
727.5391
727.5391
732.4219
732.4219
717.7734
717.7734
634.7656
517.5781
517.5781
517.5781
297.8516
297.8516
0.0000
0.0000
0.0000
0.0000
0.0000
0.0000
0.0000
0.0000
0.0000
0.0000
0.0000
0.0000
0.0000
0.0000
0.0000
0.0000
0.0000
0.0000
0.0000
0.0000
0.0000
0.0000
0.0000
0.0000
0.0000
0.0000
0.0000
263.6719
263.6719
507.8125
507.8125
664.0625
664.0625
717.7734
717.7734
737.3047
737.3047
703.1250
703.1250
664.0625
664.0625
585.9375
585.9375
522.4609
522.4609
483.3984
483.3984
512.6953
512.6953
541.9922
541.9922
590.8203
590.8203
620.1172
620.1172
654.2969
654.2969
698.2422
698.2422
712.8906
712.8906
712.8906
712.8906
703.1250
703.1250
708.0078
708.0078
668.9453
668.9453
561.5234
561.5234
341.7969
341.7969
58.5937
58.5937
0.0000
0.0000
0.0000
0.0000
0.0000
0.0000
0.0000
0.0000
0.0000
0.0000
0.0000
0.0000
0.0000
0.0000
0.0000
0.0000
0.0000
0.0000
0.0000
0.0000
0.0000
0.0000
0.0000
0.0000
0.0000
0.0000
0.0000
0.0000
249.0234
249.0234
551.7578
551.7578
786.1328
786.1328
961.9141
961.9141
981.4453
981.4453
888.6719
888.6719
737.3047
737.3047
600.5859
600.5859
512.6953
512.6953
463.8672
463.8672
468.7500
468.7500
507.8125
507.8125
566.4062
566.4062
629.8828
629.8828
683.5937
683.5937
703.1250
703.1250
717.7734
717.7734
722.6562
722.6562
732.4219
732.4219
751.9531
751.9531
737.3047
737.3047
673.8281
673.8281
566.4062
566.4062
415.0391
415.0391
156.2500
156.2500
0.0000
0.0000
0.0000
0.0000
0.0000
0.0000
0.0000
0.0000
0.0000
0.0000
0.0000
0.0000
0.0000
0.0000
0.0000
0.0000
0.0000
0.0000
0.0000
0.0000
0.0000
0.0000
0.0000
0.0000
0.0000
0.0000
0.0000
0.0000
292.9687
292.9687
527.3437
527.3437
698.2422
698.2422
766.6016
766.6016
795.8984
795.8984
747.0703
747.0703
673.8281
673.8281
581.0547
581.0547
498.0469
498.0469
468.7500
468.7500
468.7500
468.7500
498.0469
498.0469
541.9922
541.9922
576.1719
576.1719
615.2344
615.2344
659.1797
659.1797
688.4766
688.4766
708.0078
708.0078
703.1250
703.1250
678.7109
678.7109
605.4687
605.4687
473.6328
473.6328
209.9609
209.9609
0.0000
0.0000
0.0000
0.0000
0.0000
0.0000
0.0000
0.0000
0.0000
0.0000
0.0000
0.0000
0.0000
0.0000
0.0000
0.0000
0.0000
0.0000
0.0000
0.0000
0.0000
0.0000
0.0000
0.0000
0.0000
0.0000
0.0000
0.0000
214.8437
214.8437
488.2812
488.2812
688.4766
688.4766
781.2500
781.2500
781.2500
781.2500
698.2422
698.2422
590.8203
590.8203
478.5156
478.5156
444.3359
444.3359
449.2187
449.2187
502.9297
502.9297
532.2266
532.2266
551.7578
551.7578
576.1719
576.1719
610.3516
610.3516
620.1172
620.1172
634.7656
634.7656
639.6484
639.6484
664.0625
664.0625
698.2422
698.2422
673.8281
673.8281
576.1719
576.1719
385.7422
385.7422
126.9531
126.9531
0.0000
0.0000
0.0000
0.0000
0.0000
0.0000
0.0000
0.0000
0.0000
0.0000
0.0000
0.0000
0.0000
0.0000
0.0000
0.0000
0.0000
0.0000
0.0000
0.0000
0.0000
0.0000
0.0000
0.0000
0.0000
0.0000
0.0000
0.0000
170.8984
170.8984
473.6328
473.6328
693.3594
693.3594
825.1953
825.1953
830.0781
830.0781
771.4844
771.4844
678.7109
678.7109
600.5859
600.5859
522.4609
522.4609
498.0469
498.0469
478.5156
478.5156
527.3437
527.3437
571.2891
571.2891
639.6484
639.6484
659.1797
659.1797
678.7109
678.7109
688.4766
688.4766
708.0078
708.0078
717.7734
717.7734
673.8281
673.8281
576.1719
576.1719
375.9766
375.9766
136.7187
136.7187
0.0000
0.0000
0.0000
0.0000
0.0000
0.0000
0.0000
0.0000
0.0000
0.0000
0.0000
0.0000
0.0000
0.0000
0.0000
0.0000
0.0000
0.0000
0.0000
0.0000
0.0000
0.0000
0.0000
0.0000
0.0000
0.0000
0.0000
0.0000
0.0000
0.0000
312.5000
312.5000
610.3516
610.3516
844.7266
844.7266
942.3828
942.3828
952.1484
952.1484
859.3750
859.3750
727.5391
727.5391
595.7031
595.7031
522.4609
522.4609
502.9297
502.9297
541.9922
541.9922
571.2891
571.2891
615.2344
615.2344
664.0625
664.0625
693.3594
693.3594
732.4219
732.4219
756.8359
756.8359
766.6016
766.6016
766.6016
766.6016
776.3672
776.3672
742.1875
742.1875
639.6484
639.6484
434.5703
434.5703
131.8359
131.8359
0.0000
0.0000
0.0000
0.0000
0.0000
0.0000
0.0000
0.0000
0.0000
0.0000
0.0000
0.0000
0.0000
0.0000
0.0000
0.0000
0.0000
0.0000
0.0000
0.0000
0.0000
0.0000
0.0000
0.0000
0.0000
0.0000
0.0000
0.0000
78.1250
78.1250
351.5625
351.5625
541.9922
541.9922
649.4141
649.4141
668.9453
668.9453
644.5312
644.5312
590.8203
590.8203
556.6406
556.6406
512.6953
512.6953
512.6953
512.6953
498.0469
498.0469
522.4609
522.4609
571.2891
571.2891
625.0000
625.0000
668.9453
668.9453
673.8281
673.8281
688.4766
688.4766
683.5937
683.5937
717.7734
717.7734
722.6562
722.6562
727.5391
727.5391
649.4141
649.4141
498.0469
498.0469
249.0234
249.0234
0.0000
0.0000
0.0000
0.0000
0.0000
0.0000
0.0000
0.0000
0.0000
0.0000
0.0000
0.0000
0.0000
0.0000
0.0000
0.0000
0.0000
0.0000
0.0000
0.0000
0.0000
0.0000
0.0000
0.0000
0.0000
0.0000
0.0000
0.0000
209.9609
209.9609
537.1094
537.1094
781.2500
781.2500
898.4375
898.4375
913.0859
913.0859
844.7266
844.7266
747.0703
747.0703
644.5312
644.5312
556.6406
556.6406
527.3437
527.3437
546.8750
546.8750
590.8203
590.8203
629.8828
629.8828
673.8281
673.8281
683.5937
683.5937
747.0703
747.0703
791.0156
791.0156
810.5469
810.5469
791.0156
791.0156
737.3047
737.3047
649.4141
649.4141
498.0469
498.0469
327.1484
327.1484
68.3594
68.3594
0.0000
0.0000
0.0000
0.0000
0.0000
0.0000
0.0000
0.0000
0.0000
0.0000
0.0000
0.0000
0.0000
0.0000
0.0000
0.0000
0.0000
0.0000
0.0000
0.0000
0.0000
0.0000
0.0000
0.0000
0.0000
0.0000
87.8906
87.8906
424.8047
424.8047
673.8281
673.8281
854.4922
854.4922
913.0859
913.0859
932.6172
932.6172
839.8437
839.8437
737.3047
737.3047
625.0000
625.0000
576.1719
576.1719
576.1719
576.1719
590.8203
590.8203
610.3516
610.3516
644.5312
644.5312
688.4766
688.4766
742.1875
742.1875
766.6016
766.6016
761.7187
761.7187
781.2500
781.2500
795.8984
795.8984
820.3125
820.3125
771.4844
771.4844
649.4141
649.4141
429.6875
429.6875
87.8906
87.8906
0.0000
0.0000
0.0000
0.0000
0.0000
0.0000
0.0000
0.0000
0.0000
0.0000
0.0000
0.0000
0.0000
0.0000
0.0000
0.0000
0.0000
0.0000
0.0000
0.0000
0.0000
0.0000
0.0000
0.0000
0.0000
0.0000
97.6562
97.6562
415.0391
415.0391
693.3594
693.3594
878.9062
878.9062
937.5000
937.5000
883.7891
883.7891
761.7187
761.7187
644.5312
644.5312
561.5234
561.5234
532.2266
532.2266
517.5781
517.5781
551.7578
551.7578
585.9375
585.9375
659.1797
659.1797
688.4766
688.4766
712.8906
712.8906
703.1250
703.1250
737.3047
737.3047
737.3047
737.3047
742.1875
742.1875
717.7734
717.7734
634.7656
634.7656
527.3437
527.3437
332.0312
332.0312
24.4141
24.4141
0.0000
0.0000
0.0000
0.0000
0.0000
0.0000
0.0000
0.0000
0.0000
0.0000
0.0000
0.0000
0.0000
0.0000
0.0000
0.0000
0.0000
0.0000
0.0000
0.0000
0.0000
0.0000
0.0000
0.0000
0.0000
0.0000
112.3047
112.3047
395.5078
395.5078
620.1172
620.1172
727.5391
727.5391
791.0156
791.0156
766.6016
766.6016
727.5391
727.5391
615.2344
615.2344
541.9922
541.9922
483.3984
483.3984
493.1641
493.1641
522.4609
522.4609
576.1719
576.1719
600.5859
600.5859
644.5312
644.5312
688.4766
688.4766
708.0078
708.0078
717.7734
717.7734
703.1250
703.1250
703.1250
703.1250
693.3594
693.3594
678.7109
678.7109
561.5234
561.5234
351.5625
351.5625
9.7656
9.7656
0.0000
0.0000
0.0000
0.0000
0.0000
0.0000
0.0000
0.0000
0.0000
0.0000
0.0000
0.0000
0.0000
0.0000
0.0000
0.0000
0.0000
0.0000
0.0000
0.0000
0.0000
0.0000
0.0000
0.0000
0.0000
0.0000
29.2969
29.2969
366.2109
366.2109
615.2344
615.2344
820.3125
820.3125
878.9062
878.9062
830.0781
830.0781
693.3594
693.3594
561.5234
561.5234
483.3984
483.3984
449.2187
449.2187
444.3359
444.3359
468.7500
468.7500
498.0469
498.0469
561.5234
561.5234
634.7656
634.7656
668.9453
668.9453
698.2422
698.2422
698.2422
698.2422
712.8906
712.8906
722.6562
722.6562
727.5391
727.5391
668.9453
668.9453
585.9375
585.9375
478.5156
478.5156
283.2031
283.2031
0.0000
0.0000
0.0000
0.0000
0.0000
0.0000
0.0000
0.0000
0.0000
0.0000
0.0000
0.0000
0.0000
0.0000
0.0000
0.0000
0.0000
0.0000
0.0000
0.0000
0.0000
0.0000
0.0000
0.0000
0.0000
0.0000
0.0000
0.0000
253.9062
253.9062
512.6953
512.6953
698.2422
698.2422
800.7812
800.7812
820.3125
820.3125
795.8984
795.8984
727.5391
634.7656
634.7656
634.7656
537.1094
537.1094
478.5156
478.5156
488.2812
488.2812
512.6953
512.6953
561.5234
561.5234
590.8203
629.8828
629.8828
673.8281
673.8281
727.5391
727.5391
732.4219
732.4219
742.1875
742.1875
727.5391
727.5391
683.5937
683.5937
576.1719
576.1719
361.3281
361.3281
83.0078
83.0078
0.0000
0.0000
0.0000
0.0000
0.0000
0.0000
0.0000
0.0000
0.0000
0.0000
0.0000
0.0000
0.0000
0.0000
0.0000
0.0000
0.0000
0.0000
0.0000
0.0000
0.0000
0.0000
0.0000
0.0000
0.0000
0.0000
136.7187
136.7187
434.5703
434.5703
683.5937
683.5937
869.1406
869.1406
966.7969
966.7969
947.2656
947.2656
844.7266
844.7266
693.3594
693.3594
605.4687
605.4687
551.7578
551.7578
566.4062
566.4062
566.4062
566.4062
576.1719
576.1719
595.7031
595.7031
644.5312
644.5312
668.9453
668.9453
688.4766
688.4766
688.4766
688.4766
698.2422
698.2422
742.1875
742.1875
742.1875
742.1875
698.2422
698.2422
576.1719
576.1719
415.0391
415.0391
161.1328
161.1328
0.0000
0.0000
0.0000
0.0000
0.0000
0.0000
0.0000
0.0000
0.0000
0.0000
0.0000
0.0000
0.0000
0.0000
0.0000
0.0000
0.0000
0.0000
0.0000
0.0000
0.0000
0.0000
0.0000
0.0000
0.0000
0.0000
0.0000
0.0000
170.8984
170.8984
458.9844
458.9844
673.8281
673.8281
751.9531
751.9531
742.1875
742.1875
668.9453
668.9453
605.4687
605.4687
507.8125
507.8125
454.1016
454.1016
424.8047
424.8047
454.1016
454.1016
502.9297
502.9297
581.0547
581.0547
620.1172
620.1172
644.5312
644.5312
654.2969
654.2969
659.1797
659.1797
664.0625
664.0625
654.2969
654.2969
659.1797
659.1797
615.2344
615.2344
512.6953
512.6953
278.3203
278.3203
0.0000
0.0000
0.0000
0.0000
0.0000
0.0000
0.0000
0.0000
0.0000
0.0000
0.0000
0.0000
0.0000
0.0000
0.0000
0.0000
0.0000
0.0000
0.0000
0.0000
0.0000
0.0000
0.0000
0.0000
0.0000
0.0000
0.0000
0.0000
0.0000
0.0000
195.3125
195.3125
522.4609
522.4609
756.8359
756.8359
903.3203
903.3203
927.7344
927.7344
859.3750
859.3750
722.6562
722.6562
600.5859
600.5859
493.1641
493.1641
483.3984
483.3984
488.2812
488.2812
522.4609
522.4609
566.4062
566.4062
620.1172
620.1172
664.0625
664.0625
712.8906
712.8906
727.5391
727.5391
732.4219
732.4219
742.1875
742.1875
737.3047
737.3047
737.3047
737.3047
668.9453
668.9453
551.7578
551.7578
351.5625
351.5625
48.8281
48.8281
0.0000
0.0000
0.0000
0.0000
0.0000
0.0000
0.0000
0.0000
0.0000
0.0000
0.0000
0.0000
0.0000
0.0000
0.0000
0.0000
0.0000
0.0000
0.0000
0.0000
0.0000
0.0000
0.0000
0.0000
0.0000
0.0000
0.0000
0.0000
297.8516
297.8516
561.5234
561.5234
747.0703
747.0703
830.0781
830.0781
810.5469
810.5469
742.1875
742.1875
625.0000
625.0000
546.8750
546.8750
488.2812
488.2812
483.3984
483.3984
512.6953
512.6953
566.4062
566.4062
615.2344
615.2344
644.5312
644.5312
678.7109
678.7109
683.5937
683.5937
722.6562
722.6562
722.6562
722.6562
742.1875
742.1875
727.5391
727.5391
698.2422
698.2422
585.9375
585.9375
375.9766
375.9766
39.0625
39.0625
0.0000
0.0000
0.0000
0.0000
0.0000
0.0000
0.0000
0.0000
0.0000
0.0000
0.0000
0.0000
0.0000
0.0000
0.0000
0.0000
0.0000
0.0000
0.0000
0.0000
0.0000
0.0000
0.0000
0.0000
0.0000
0.0000
131.8359
131.8359
429.6875
429.6875
703.1250
703.1250
878.9062
878.9062
957.0312
957.0312
932.6172
932.6172
830.0781
830.0781
678.7109
678.7109
585.9375
585.9375
522.4609
522.4609
537.1094
537.1094
561.5234
561.5234
605.4687
605.4687
625.0000
625.0000
683.5937
683.5937
737.3047
737.3047
766.6016
766.6016
756.8359
756.8359
742.1875
742.1875
747.0703
747.0703
727.5391
727.5391
668.9453
668.9453
498.0469
498.0469
292.9687
292.9687
0.0000
0.0000
0.0000
0.0000
0.0000
0.0000
0.0000
0.0000
0.0000
0.0000
0.0000
0.0000
0.0000
0.0000
0.0000
0.0000
0.0000
0.0000
0.0000
0.0000
0.0000
0.0000
0.0000
0.0000
0.0000
0.0000
0.0000
0.0000
0.0000
0.0000
180.6641
180.6641
410.1562
410.1562
595.7031
595.7031
654.2969
654.2969
639.6484
639.6484
561.5234
561.5234
493.1641
493.1641
449.2187
449.2187
429.6875
429.6875
410.1562
410.1562
458.9844
458.9844
488.2812
488.2812
556.6406
556.6406
590.8203
590.8203
625.0000
625.0000
634.7656
634.7656
673.8281
673.8281
698.2422
698.2422
732.4219
732.4219
737.3047
737.3047
693.3594
693.3594
605.4687
605.4687
395.5078
395.5078
92.7734
92.7734
0.0000
0.0000
0.0000
0.0000
0.0000
0.0000
0.0000
0.0000
0.0000
0.0000
0.0000
0.0000
0.0000
0.0000
0.0000
0.0000
0.0000
0.0000
0.0000
0.0000
0.0000
0.0000
0.0000
0.0000
0.0000
0.0000
0.0000
0.0000
258.7891
258.7891
590.8203
590.8203
820.3125
820.3125
942.3828
942.3828
947.2656
947.2656
893.5547
893.5547
761.7187
761.7187
649.4141
649.4141
561.5234
561.5234
537.1094
537.1094
551.7578
551.7578
595.7031
595.7031
625.0000
625.0000
654.2969
654.2969
698.2422
698.2422
722.6562
722.6562
761.7187
761.7187
776.3672
776.3672
786.1328
786.1328
781.2500
781.2500
791.0156
791.0156
732.4219
732.4219
620.1172
620.1172
400.3906
400.3906
92.7734
92.7734
0.0000
0.0000
0.0000
0.0000
0.0000
0.0000
0.0000
0.0000
0.0000
0.0000
0.0000
0.0000
0.0000
0.0000
0.0000
0.0000
0.0000
0.0000
0.0000
0.0000
0.0000
0.0000
0.0000
0.0000
0.0000
0.0000
136.7187
136.7187
434.5703
434.5703
688.4766
688.4766
849.6094
849.6094
888.6719
888.6719
834.9609
834.9609
732.4219
732.4219
639.6484
639.6484
566.4062
566.4062
546.8750
546.8750
546.8750
546.8750
576.1719
576.1719
600.5859
600.5859
654.2969
654.2969
683.5937
683.5937
703.1250
703.1250
712.8906
712.8906
717.7734
717.7734
747.0703
747.0703
776.3672
776.3672
761.7187
761.7187
668.9453
668.9453
507.8125
507.8125
253.9062
253.9062
0.0000
0.0000
0.0000
0.0000
0.0000
0.0000
0.0000
0.0000
0.0000
0.0000
0.0000
0.0000
0.0000
0.0000
0.0000
0.0000
0.0000
0.0000
0.0000
0.0000
0.0000
0.0000
0.0000
0.0000
0.0000
0.0000
0.0000
0.0000
131.8359
131.8359
434.5703
434.5703
708.0078
708.0078
864.2578
864.2578
913.0859
913.0859
854.4922
854.4922
771.4844
771.4844
644.5312
644.5312
537.1094
537.1094
478.5156
478.5156
493.1641
493.1641
532.2266
532.2266
590.8203
590.8203
620.1172
620.1172
659.1797
659.1797
698.2422
698.2422
732.4219
732.4219
742.1875
742.1875
737.3047
737.3047
732.4219
732.4219
722.6562
722.6562
708.0078
708.0078
615.2344
615.2344
439.4531
439.4531
151.3672
151.3672
0.0000
0.0000
0.0000
0.0000
0.0000
0.0000
0.0000
0.0000
0.0000
0.0000
0.0000
0.0000
0.0000
0.0000
0.0000
0.0000
0.0000
0.0000
0.0000
0.0000
0.0000
0.0000
0.0000
0.0000
0.0000
0.0000
0.0000
0.0000
170.8984
170.8984
444.3359
444.3359
678.7109
678.7109
800.7812
800.7812
834.9609
834.9609
761.7187
761.7187
664.0625
664.0625
576.1719
576.1719
537.1094
537.1094
483.3984
483.3984
478.5156
478.5156
478.5156
478.5156
546.8750
546.8750
610.3516
610.3516
664.0625
664.0625
678.7109
678.7109
688.4766
688.4766
722.6562
722.6562
732.4219
732.4219
737.3047
737.3047
668.9453
668.9453
571.2891
571.2891
380.8594
380.8594
117.1875
117.1875
0.0000
0.0000
0.0000
0.0000
0.0000
0.0000
0.0000
0.0000
0.0000
0.0000
0.0000
0.0000
0.0000
0.0000
0.0000
0.0000
0.0000
0.0000
0.0000
0.0000
0.0000
0.0000
0.0000
0.0000
0.0000
0.0000
0.0000
0.0000
195.3125
195.3125
522.4609
522.4609
751.9531
751.9531
878.9062
878.9062
893.5547
893.5547
864.2578
864.2578
766.6016
766.6016
634.7656
634.7656
541.9922
541.9922
478.5156
478.5156
478.5156
478.5156
512.6953
512.6953
561.5234
561.5234
590.8203
590.8203
649.4141
649.4141
698.2422
698.2422
732.4219
732.4219
742.1875
742.1875
742.1875
742.1875
747.0703
747.0703
732.4219
732.4219
668.9453
668.9453
522.4609
522.4609
312.5000
312.5000
4.8828
4.8828
0.0000
0.0000
0.0000
0.0000
0.0000
0.0000
0.0000
0.0000
0.0000
0.0000
0.0000
0.0000
0.0000
0.0000
0.0000
0.0000
0.0000
0.0000
0.0000
0.0000
0.0000
0.0000
0.0000
0.0000
0.0000
0.0000
112.3047
112.3047
380.8594
380.8594
585.9375
585.9375
727.5391
727.5391
766.6016
766.6016
737.3047
737.3047
659.1797
659.1797
595.7031
546.8750
546.8750
546.8750
537.1094
537.1094
537.1094
537.1094
541.9922
541.9922
546.8750
546.8750
585.9375
585.9375
590.8203
590.8203
629.8828
629.8828
654.2969
654.2969
683.5937
683.5937
708.0078
708.0078
742.1875
742.1875
747.0703
747.0703
698.2422
698.2422
590.8203
590.8203
380.8594
380.8594
107.4219
0.0000
0.0000
0.0000
0.0000
0.0000
0.0000
0.0000
0.0000
0.0000
0.0000
0.0000
0.0000
0.0000
0.0000
0.0000
0.0000
0.0000
0.0000
0.0000
0.0000
0.0000
0.0000
0.0000
0.0000
0.0000
0.0000
107.4219
107.4219
434.5703
434.5703
727.5391
727.5391
932.6172
932.6172
1025.3906
1025.3906
986.3281
986.3281
883.7891
883.7891
732.4219
732.4219
620.1172
620.1172
532.2266
532.2266
522.4609
522.4609
541.9922
541.9922
610.3516
610.3516
664.0625
664.0625
703.1250
703.1250
722.6562
722.6562
727.5391
727.5391
737.3047
737.3047
727.5391
727.5391
722.6562
722.6562
688.4766
688.4766
644.5312
644.5312
517.5781
517.5781
327.1484
327.1484
83.0078
83.0078
0.0000
0.0000
0.0000
0.0000
0.0000
0.0000
0.0000
0.0000
0.0000
0.0000
0.0000
0.0000
0.0000
0.0000
0.0000
0.0000
0.0000
0.0000
0.0000
0.0000
0.0000
0.0000
0.0000
0.0000
0.0000
0.0000
97.6562
97.6562
419.9219
419.9219
688.4766
688.4766
878.9062
878.9062
966.7969
966.7969
961.9141
961.9141
874.0234
874.0234
732.4219
732.4219
605.4687
605.4687
532.2266
532.2266
512.6953
512.6953
512.6953
512.6953
546.8750
546.8750
571.2891
571.2891
649.4141
649.4141
673.8281
673.8281
712.8906
712.8906
708.0078
708.0078
717.7734
717.7734
722.6562
722.6562
717.7734
717.7734
629.8828
629.8828
419.9219
419.9219
141.6016
141.6016
0.0000
0.0000
0.0000
0.0000
0.0000
0.0000
0.0000
0.0000
0.0000
0.0000
0.0000
0.0000
0.0000
0.0000
0.0000
0.0000
0.0000
0.0000
0.0000
0.0000
0.0000
0.0000
0.0000
0.0000
0.0000
0.0000
0.0000
0.0000
0.0000
0.0000
205.0781
205.0781
493.1641
493.1641
708.0078
708.0078
771.4844
771.4844
732.4219
732.4219
625.0000
625.0000
517.5781
517.5781
434.5703
434.5703
390.6250
390.6250
385.7422
385.7422
434.5703
434.5703
493.1641
493.1641
551.7578
551.7578
566.4062
566.4062
590.8203
590.8203
605.4687
605.4687
639.6484
639.6484
649.4141
649.4141
664.0625
664.0625
649.4141
649.4141
634.7656
634.7656
561.5234
561.5234
424.8047
424.8047
170.8984
170.8984
0.0000
0.0000
0.0000
0.0000
0.0000
0.0000
0.0000
0.0000
0.0000
0.0000
0.0000
0.0000
0.0000
0.0000
0.0000
0.0000
0.0000
0.0000
0.0000
0.0000
0.0000
0.0000
0.0000
0.0000
0.0000
0.0000
0.0000
0.0000
214.8437
214.8437
473.6328
473.6328
673.8281
673.8281
795.8984
795.8984
844.7266
844.7266
810.5469
810.5469
712.8906
712.8906
600.5859
600.5859
532.2266
532.2266
507.8125
507.8125
507.8125
507.8125
532.2266
532.2266
566.4062
566.4062
620.1172
620.1172
678.7109
678.7109
727.5391
727.5391
722.6562
722.6562
722.6562
722.6562
712.8906
712.8906
708.0078
708.0078
644.5312
644.5312
483.3984
483.3984
244.1406
244.1406
0.0000
0.0000
0.0000
0.0000
0.0000
0.0000
0.0000
0.0000
0.0000
0.0000
0.0000
0.0000
0.0000
0.0000
0.0000
0.0000
0.0000
0.0000
0.0000
0.0000
0.0000
0.0000
0.0000
0.0000
0.0000
0.0000
0.0000
0.0000
73.2422
73.2422
410.1562
410.1562
698.2422
698.2422
932.6172
932.6172
1040.0391
1040.0391
1005.8594
1005.8594
878.9062
878.9062
751.9531
751.9531
629.8828
629.8828
566.4062
566.4062
517.5781
517.5781
532.2266
532.2266
561.5234
561.5234
629.8828
629.8828
678.7109
678.7109
722.6562
722.6562
732.4219
732.4219
747.0703
747.0703
781.2500
781.2500
795.8984
795.8984
791.0156
791.0156
703.1250
703.1250
556.6406
556.6406
366.2109
366.2109
112.3047
112.3047
0.0000
0.0000
0.0000
0.0000
0.0000
0.0000
0.0000
0.0000
0.0000
0.0000
0.0000
0.0000
0.0000
0.0000
0.0000
0.0000
0.0000
0.0000
0.0000
0.0000
0.0000
0.0000
0.0000
0.0000
0.0000
0.0000
48.8281
48.8281
356.4453
356.4453
605.4687
605.4687
742.1875
742.1875
786.1328
786.1328
781.2500
781.2500
732.4219
732.4219
634.7656
634.7656
556.6406
556.6406
483.3984
483.3984
473.6328
473.6328
502.9297
502.9297
551.7578
551.7578
576.1719
576.1719
595.7031
595.7031
629.8828
629.8828
668.9453
668.9453
698.2422
698.2422
708.0078
708.0078
708.0078
708.0078
688.4766
688.4766
629.8828
629.8828
424.8047
424.8047
117.1875
117.1875
0.0000
0.0000
0.0000
0.0000
0.0000
0.0000
0.0000
0.0000
0.0000
0.0000
0.0000
0.0000
0.0000
0.0000
0.0000
0.0000
0.0000
0.0000
0.0000
0.0000
0.0000
0.0000
0.0000
0.0000
0.0000
0.0000
0.0000
0.0000
0.0000
0.0000
87.8906
87.8906
366.2109
366.2109
595.7031
595.7031
693.3594
693.3594
717.7734
717.7734
610.3516
610.3516
512.6953
512.6953
419.9219
419.9219
410.1562
410.1562
419.9219
419.9219
434.5703
434.5703
468.7500
468.7500
537.1094
537.1094
585.9375
585.9375
629.8828
629.8828
634.7656
634.7656
639.6484
639.6484
654.2969
654.2969
683.5937
683.5937
708.0078
708.0078
703.1250
703.1250
654.2969
654.2969
502.9297
502.9297
273.4375
273.4375
0.0000
0.0000
0.0000
0.0000
0.0000
0.0000
0.0000
0.0000
0.0000
0.0000
0.0000
0.0000
0.0000
0.0000
0.0000
0.0000
0.0000
0.0000
0.0000
0.0000
0.0000
0.0000
0.0000
0.0000
0.0000
0.0000
0.0000
0.0000
0.0000
0.0000
263.6719
263.6719
507.8125
507.8125
649.4141
649.4141
698.2422
698.2422
703.1250
703.1250
673.8281
673.8281
625.0000
625.0000
541.9922
541.9922
507.8125
507.8125
493.1641
493.1641
537.1094
537.1094
581.0547
581.0547
629.8828
629.8828
659.1797
659.1797
712.8906
712.8906
737.3047
737.3047
756.8359
756.8359
766.6016
766.6016
756.8359
756.8359
732.4219
732.4219
649.4141
649.4141
483.3984
483.3984
209.9609
209.9609
0.0000
0.0000
0.0000
0.0000
0.0000
0.0000
0.0000
0.0000
0.0000
0.0000
0.0000
0.0000
0.0000
0.0000
0.0000
0.0000
0.0000
0.0000
0.0000
0.0000
0.0000
0.0000
0.0000
0.0000
0.0000
0.0000
0.0000
0.0000
0.0000
0.0000
332.0312
332.0312
654.2969
654.2969
883.7891
883.7891
1015.6250
1015.6250
996.0937
996.0937
898.4375
898.4375
732.4219
732.4219
615.2344
615.2344
561.5234
561.5234
546.8750
546.8750
566.4062
566.4062
605.4687
605.4687
664.0625
664.0625
732.4219
732.4219
791.0156
791.0156
805.6641
805.6641
820.3125
820.3125
815.4297
815.4297
834.9609
834.9609
820.3125
820.3125
751.9531
751.9531
620.1172
620.1172
458.9844
458.9844
209.9609
209.9609
0.0000
0.0000
0.0000
0.0000
0.0000
0.0000
0.0000
0.0000
0.0000
0.0000
0.0000
0.0000
0.0000
0.0000
0.0000
0.0000
0.0000
0.0000
0.0000
0.0000
0.0000
0.0000
0.0000
0.0000
34.1797
34.1797
332.0312
332.0312
595.7031
595.7031
825.1953
825.1953
957.0312
957.0312
1005.8594
1005.8594
971.6797
971.6797
922.8516
922.8516
854.4922
854.4922
786.1328
786.1328
712.8906
712.8906
678.7109
678.7109
664.0625
664.0625
678.7109
678.7109
722.6562
722.6562
742.1875
742.1875
776.3672
776.3672
805.6641
805.6641
839.8437
839.8437
859.3750
859.3750
869.1406
869.1406
795.8984
795.8984
664.0625
664.0625
415.0391
415.0391
107.4219
107.4219
0.0000
0.0000
0.0000
0.0000
0.0000
0.0000
0.0000
0.0000
0.0000
0.0000
0.0000
0.0000
0.0000
0.0000
0.0000
0.0000
0.0000
0.0000
0.0000
0.0000
0.0000
0.0000
0.0000
0.0000
0.0000
0.0000
0.0000
0.0000
214.8437
214.8437
556.6406
556.6406
825.1953
825.1953
976.5625
976.5625
1030.2734
1030.2734
971.6797
971.6797
854.4922
854.4922
703.1250
703.1250
600.5859
600.5859
546.8750
546.8750
576.1719
576.1719
590.8203
590.8203
629.8828
629.8828
649.4141
649.4141
683.5937
683.5937
712.8906
712.8906
722.6562
722.6562
717.7734
717.7734
727.5391
727.5391
751.9531
751.9531
766.6016
766.6016
756.8359
756.8359
639.6484
639.6484
463.8672
463.8672
166.0156
166.0156
0.0000
0.0000
0.0000
0.0000
0.0000
0.0000
0.0000
0.0000
0.0000
0.0000
0.0000
0.0000
0.0000
0.0000
0.0000
0.0000
0.0000
0.0000
0.0000
0.0000
0.0000
0.0000
0.0000
0.0000
0.0000
0.0000
0.0000
0.0000
0.0000
0.0000
278.3203
278.3203
537.1094
537.1094
664.0625
664.0625
703.1250
703.1250
649.4141
649.4141
590.8203
590.8203
517.5781
517.5781
483.3984
429.6875
429.6875
429.6875
434.5703
434.5703
468.7500
468.7500
537.1094
537.1094
576.1719
576.1719
615.2344
615.2344
644.5312
644.5312
659.1797
659.1797
693.3594
693.3594
698.2422
698.2422
683.5937
683.5937
634.7656
634.7656
556.6406
556.6406
371.0937
371.0937
122.0703
122.0703
0.0000
0.0000
0.0000
0.0000
0.0000
0.0000
0.0000
0.0000
0.0000
0.0000
0.0000
0.0000
0.0000
0.0000
0.0000
0.0000
0.0000
0.0000
0.0000
0.0000
0.0000
0.0000
0.0000
0.0000
0.0000
0.0000
0.0000
117.1875
117.1875
478.5156
478.5156
756.8359
756.8359
952.1484
952.1484
1015.6250
1015.6250
981.4453
981.4453
844.7266
844.7266
712.8906
712.8906
595.7031
595.7031
561.5234
561.5234
551.7578
551.7578
590.8203
590.8203
605.4687
605.4687
654.2969
654.2969
698.2422
698.2422
737.3047
737.3047
766.6016
766.6016
776.3672
776.3672
791.0156
791.0156
795.8984
795.8984
815.4297
815.4297
761.7187
761.7187
654.2969
654.2969
478.5156
478.5156
219.7266
219.7266
0.0000
0.0000
0.0000
0.0000
0.0000
0.0000
0.0000
0.0000
0.0000
0.0000
0.0000
0.0000
0.0000
0.0000
0.0000
0.0000
0.0000
0.0000
0.0000
0.0000
0.0000
0.0000
0.0000
0.0000
0.0000
0.0000
0.0000
0.0000
190.4297
190.4297
493.1641
493.1641
712.8906
712.8906
844.7266
844.7266
874.0234
874.0234
834.9609
834.9609
776.3672
776.3672
683.5937
683.5937
605.4687
605.4687
556.6406
556.6406
561.5234
561.5234
581.0547
581.0547
649.4141
649.4141
668.9453
668.9453
703.1250
703.1250
708.0078
708.0078
737.3047
737.3047
751.9531
751.9531
771.4844
771.4844
761.7187
761.7187
751.9531
751.9531
717.7734
717.7734
576.1719
576.1719
322.2656
322.2656
0.0000
0.0000
0.0000
0.0000
0.0000
0.0000
0.0000
0.0000
0.0000
0.0000
0.0000
0.0000
0.0000
0.0000
0.0000
0.0000
0.0000
0.0000
0.0000
0.0000
0.0000
0.0000
0.0000
0.0000
0.0000
0.0000
0.0000
0.0000
131.8359
131.8359
458.9844
458.9844
712.8906
712.8906
922.8516
922.8516
1015.6250
1015.6250
1010.7422
1010.7422
888.6719
888.6719
737.3047
737.3047
610.3516
610.3516
571.2891
571.2891
546.8750
546.8750
566.4062
566.4062
581.0547
581.0547
629.8828
629.8828
703.1250
703.1250
756.8359
756.8359
771.4844
771.4844
756.8359
756.8359
751.9531
751.9531
747.0703
747.0703
737.3047
737.3047
644.5312
644.5312
473.6328
473.6328
278.3203
278.3203
34.1797
34.1797
0.0000
0.0000
0.0000
0.0000
0.0000
0.0000
0.0000
0.0000
0.0000
0.0000
0.0000
0.0000
0.0000
0.0000
0.0000
0.0000
0.0000
0.0000
0.0000
0.0000
0.0000
0.0000
0.0000
0.0000
0.0000
0.0000
9.7656
9.7656
317.3828
317.3828
585.9375
585.9375
771.4844
771.4844
854.4922
854.4922
844.7266
844.7266
795.8984
795.8984
712.8906
712.8906
634.7656
634.7656
546.8750
546.8750
488.2812
488.2812
483.3984
483.3984
527.3437
527.3437
590.8203
590.8203
625.0000
625.0000
664.0625
664.0625
688.4766
688.4766
732.4219
732.4219
756.8359
756.8359
766.6016
766.6016
737.3047
737.3047
698.2422
698.2422
600.5859
600.5859
415.0391
415.0391
92.7734
92.7734
0.0000
0.0000
0.0000
0.0000
0.0000
0.0000
0.0000
0.0000
0.0000
0.0000
0.0000
0.0000
0.0000
0.0000
0.0000
0.0000
0.0000
0.0000
0.0000
0.0000
0.0000
0.0000
0.0000
0.0000
0.0000
0.0000
0.0000
0.0000
302.7344
302.7344
556.6406
556.6406
742.1875
742.1875
825.1953
825.1953
825.1953
825.1953
747.0703
747.0703
615.2344
615.2344
517.5781
517.5781
463.8672
463.8672
468.7500
468.7500
498.0469
498.0469
532.2266
532.2266
551.7578
551.7578
600.5859
600.5859
620.1172
620.1172
668.9453
668.9453
683.5937
683.5937
712.8906
712.8906
717.7734
717.7734
751.9531
751.9531
737.3047
737.3047
678.7109
678.7109
571.2891
571.2891
375.9766
375.9766
68.3594
68.3594
0.0000
0.0000
0.0000
0.0000
0.0000
0.0000
0.0000
0.0000
0.0000
0.0000
0.0000
0.0000
0.0000
0.0000
0.0000
0.0000
0.0000
0.0000
0.0000
0.0000
0.0000
0.0000
0.0000
0.0000
0.0000
0.0000
229.4922
229.4922
502.9297
502.9297
732.4219
732.4219
859.3750
859.3750
893.5547
893.5547
839.8437
839.8437
771.4844
771.4844
678.7109
678.7109
610.3516
610.3516
546.8750
546.8750
541.9922
541.9922
551.7578
551.7578
605.4687
605.4687
629.8828
629.8828
659.1797
659.1797
673.8281
673.8281
683.5937
683.5937
708.0078
708.0078
732.4219
732.4219
737.3047
737.3047
659.1797
659.1797
527.3437
527.3437
302.7344
302.7344
0.0000
0.0000
0.0000
0.0000
0.0000
0.0000
0.0000
0.0000
0.0000
0.0000
0.0000
0.0000
0.0000
0.0000
0.0000
0.0000
0.0000
0.0000
0.0000
0.0000
0.0000
0.0000
0.0000
0.0000
0.0000
0.0000
0.0000
0.0000
258.7891
258.7891
556.6406
556.6406
786.1328
786.1328
893.5547
893.5547
908.2031
908.2031
825.1953
825.1953
712.8906
712.8906
590.8203
590.8203
502.9297
502.9297
449.2187
449.2187
463.8672
463.8672
502.9297
502.9297
571.2891
571.2891
620.1172
620.1172
644.5312
644.5312
668.9453
668.9453
693.3594
693.3594
712.8906
712.8906
698.2422
698.2422
688.4766
688.4766
644.5312
644.5312
581.0547
581.0547
424.8047
424.8047
205.0781
205.0781
0.0000
0.0000
0.0000
0.0000
0.0000
0.0000
0.0000
0.0000
0.0000
0.0000
0.0000
0.0000
0.0000
0.0000
0.0000
0.0000
0.0000
0.0000
0.0000
0.0000
0.0000
0.0000
0.0000
0.0000
0.0000
0.0000
0.0000
0.0000
0.0000
0.0000
258.7891
258.7891
502.9297
502.9297
698.2422
698.2422
781.2500
781.2500
771.4844
771.4844
664.0625
664.0625
546.8750
546.8750
419.9219
419.9219
390.6250
390.6250
380.8594
380.8594
400.3906
400.3906
429.6875
429.6875
493.1641
493.1641
561.5234
561.5234
615.2344
615.2344
629.8828
629.8828
629.8828
629.8828
649.4141
649.4141
649.4141
649.4141
654.2969
654.2969
551.7578
551.7578
385.7422
385.7422
131.8359
131.8359
0.0000
0.0000
0.0000
0.0000
0.0000
0.0000
0.0000
0.0000
0.0000
0.0000
0.0000
0.0000
0.0000
0.0000
0.0000
0.0000
0.0000
0.0000
0.0000
0.0000
0.0000
0.0000
0.0000
0.0000
0.0000
0.0000
0.0000
0.0000
83.0078
83.0078
400.3906
400.3906
703.1250
703.1250
888.6719
888.6719
952.1484
952.1484
913.0859
913.0859
815.4297
815.4297
698.2422
698.2422
600.5859
600.5859
498.0469
498.0469
488.2812
488.2812
483.3984
483.3984
527.3437
527.3437
571.2891
571.2891
610.3516
610.3516
644.5312
644.5312
683.5937
683.5937
722.6562
722.6562
732.4219
732.4219
737.3047
737.3047
717.7734
717.7734
678.7109
678.7109
566.4062
566.4062
390.6250
390.6250
92.7734
92.7734
0.0000
0.0000
0.0000
0.0000
0.0000
0.0000
0.0000
0.0000
0.0000
0.0000
0.0000
0.0000
0.0000
0.0000
0.0000
0.0000
0.0000
0.0000
0.0000
0.0000
0.0000
0.0000
0.0000
0.0000
0.0000
0.0000
0.0000
0.0000
107.4219
107.4219
361.3281
361.3281
556.6406
556.6406
654.2969
654.2969
703.1250
703.1250
659.1797
659.1797
585.9375
585.9375
512.6953
512.6953
473.6328
473.6328
454.1016
454.1016
483.3984
483.3984
493.1641
493.1641
507.8125
507.8125
541.9922
541.9922
581.0547
581.0547
605.4687
605.4687
625.0000
625.0000
639.6484
639.6484
649.4141
649.4141
698.2422
698.2422
688.4766
688.4766
639.6484
639.6484
444.3359
444.3359
151.3672
151.3672
0.0000
0.0000
0.0000
0.0000
0.0000
0.0000
0.0000
0.0000
0.0000
0.0000
0.0000
0.0000
0.0000
0.0000
0.0000
0.0000
0.0000
0.0000
0.0000
0.0000
0.0000
0.0000
0.0000
0.0000
0.0000
0.0000
0.0000
0.0000
0.0000
0.0000
312.5000
312.5000
605.4687
605.4687
834.9609
834.9609
922.8516
922.8516
917.9687
917.9687
815.4297
815.4297
698.2422
698.2422
595.7031
595.7031
517.5781
517.5781
488.2812
488.2812
527.3437
527.3437
571.2891
571.2891
629.8828
629.8828
659.1797
659.1797
683.5937
683.5937
722.6562
722.6562
747.0703
747.0703
756.8359
756.8359
751.9531
751.9531
717.7734
717.7734
659.1797
659.1797
585.9375
585.9375
429.6875
429.6875
146.4844
146.4844
0.0000
0.0000
0.0000
0.0000
0.0000
0.0000
0.0000
0.0000
0.0000
0.0000
0.0000
0.0000
0.0000
0.0000
0.0000
0.0000
0.0000
0.0000
0.0000
0.0000
0.0000
0.0000
0.0000
0.0000
0.0000
0.0000
0.0000
0.0000
292.9687
292.9687
585.9375
585.9375
766.6016
766.6016
878.9062
878.9062
893.5547
893.5547
834.9609
834.9609
737.3047
737.3047
639.6484
639.6484
585.9375
585.9375
576.1719
576.1719
576.1719
576.1719
576.1719
576.1719
620.1172
620.1172
654.2969
654.2969
717.7734
717.7734
742.1875
742.1875
742.1875
742.1875
751.9531
751.9531
786.1328
791.0156
791.0156
791.0156
722.6562
722.6562
566.4062
566.4062
312.5000
312.5000
0.0000
0.0000
0.0000
0.0000
0.0000
0.0000
0.0000
0.0000
0.0000
0.0000
0.0000
0.0000
0.0000
0.0000
0.0000
0.0000
0.0000
0.0000
0.0000
0.0000
0.0000
0.0000
0.0000
0.0000
0.0000
0.0000
0.0000
0.0000
200.1953
478.5156
478.5156
478.5156
742.1875
742.1875
903.3203
903.3203
957.0312
957.0312
878.9062
878.9062
776.3672
776.3672
673.8281
673.8281
600.5859
600.5859
546.8750
546.8750
546.8750
566.4062
566.4062
566.4062
639.6484
639.6484
683.5937
683.5937
708.0078
722.6562
722.6562
727.5391
727.5391
747.0703
747.0703
761.7187
761.7187
766.6016
766.6016
737.3047
737.3047
698.2422
698.2422
595.7031
595.7031
458.9844
458.9844
195.3125
195.3125
0.0000
0.0000
0.0000
0.0000
0.0000
0.0000
0.0000
0.0000
0.0000
0.0000
0.0000
0.0000
0.0000
0.0000
0.0000
0.0000
0.0000
0.0000
0.0000
0.0000
0.0000
0.0000
0.0000
0.0000
0.0000
0.0000
263.6719
263.6719
585.9375
585.9375
815.4297
815.4297
947.2656
947.2656
986.3281
986.3281
966.7969
966.7969
883.7891
883.7891
751.9531
751.9531
634.7656
634.7656
566.4062
566.4062
566.4062
566.4062
571.2891
571.2891
605.4687
605.4687
629.8828
629.8828
688.4766
688.4766
732.4219
732.4219
776.3672
776.3672
786.1328
786.1328
776.3672
776.3672
751.9531
751.9531
703.1250
703.1250
566.4062
566.4062
307.6172
307.6172
0.0000
0.0000
0.0000
0.0000
0.0000
0.0000
0.0000
0.0000
0.0000
0.0000
0.0000
0.0000
0.0000
0.0000
0.0000
0.0000
0.0000
0.0000
0.0000
0.0000
0.0000
0.0000
0.0000
0.0000
0.0000
0.0000
0.0000
0.0000
0.0000
0.0000
0.0000
0.0000
195.3125
195.3125
478.5156
478.5156
678.7109
678.7109
761.7187
761.7187
732.4219
732.4219
639.6484
639.6484
522.4609
522.4609
434.5703
434.5703
395.5078
395.5078
380.8594
380.8594
400.3906
400.3906
444.3359
444.3359
498.0469
498.0469
556.6406
556.6406
610.3516
610.3516
620.1172
620.1172
634.7656
634.7656
659.1797
659.1797
693.3594
693.3594
698.2422
698.2422
639.6484
639.6484
507.8125
507.8125
336.9141
336.9141
53.7109
53.7109
0.0000
0.0000
0.0000
0.0000
0.0000
0.0000
0.0000
0.0000
0.0000
0.0000
0.0000
0.0000
0.0000
0.0000
0.0000
0.0000
0.0000
0.0000
0.0000
0.0000
0.0000
0.0000
0.0000
0.0000
0.0000
0.0000
0.0000
0.0000
239.2578
239.2578
507.8125
507.8125
683.5937
683.5937
732.4219
732.4219
732.4219
732.4219
678.7109
678.7109
625.0000
625.0000
556.6406
556.6406
507.8125
507.8125
493.1641
493.1641
502.9297
502.9297
561.5234
561.5234
595.7031
595.7031
610.3516
610.3516
634.7656
634.7656
673.8281
673.8281
703.1250
703.1250
737.3047
737.3047
737.3047
737.3047
747.0703
747.0703
747.0703
747.0703
688.4766
688.4766
522.4609
522.4609
205.0781
205.0781
0.0000
0.0000
0.0000
0.0000
0.0000
0.0000
0.0000
0.0000
0.0000
0.0000
0.0000
0.0000
0.0000
0.0000
0.0000
0.0000
0.0000
0.0000
0.0000
0.0000
0.0000
0.0000
0.0000
0.0000
0.0000
0.0000
0.0000
0.0000
278.3203
278.3203
541.9922
541.9922
742.1875
742.1875
854.4922
854.4922
864.2578
864.2578
776.3672
776.3672
649.4141
649.4141
551.7578
551.7578
532.2266
532.2266
527.3437
527.3437
556.6406
556.6406
581.0547
581.0547
620.1172
620.1172
668.9453
668.9453
712.8906
712.8906
708.0078
708.0078
727.5391
727.5391
727.5391
727.5391
751.9531
751.9531
781.2500
781.2500
766.6016
766.6016
717.7734
717.7734
610.3516
610.3516
454.1016
454.1016
146.4844
146.4844
0.0000
0.0000
0.0000
0.0000
0.0000
0.0000
0.0000
0.0000
0.0000
0.0000
0.0000
0.0000
0.0000
0.0000
0.0000
0.0000
0.0000
0.0000
0.0000
0.0000
0.0000
0.0000
0.0000
0.0000
0.0000
0.0000
92.7734
92.7734
424.8047
424.8047
659.1797
659.1797
786.1328
786.1328
830.0781
830.0781
825.1953
825.1953
761.7187
761.7187
693.3594
693.3594
595.7031
595.7031
537.1094
537.1094
522.4609
522.4609
551.7578
551.7578
600.5859
600.5859
659.1797
659.1797
678.7109
678.7109
712.8906
712.8906
742.1875
742.1875
756.8359
756.8359
761.7187
761.7187
751.9531
751.9531
727.5391
727.5391
664.0625
664.0625
532.2266
532.2266
307.6172
307.6172
9.7656
9.7656
0.0000
0.0000
0.0000
0.0000
0.0000
0.0000
0.0000
0.0000
0.0000
0.0000
0.0000
0.0000
0.0000
0.0000
0.0000
0.0000
0.0000
0.0000
0.0000
0.0000
0.0000
0.0000
0.0000
0.0000
0.0000
0.0000
239.2578
239.2578
532.2266
532.2266
791.0156
791.0156
971.6797
971.6797
1054.6875
1054.6875
991.2109
991.2109
839.8437
839.8437
683.5937
683.5937
546.8750
546.8750
502.9297
502.9297
498.0469
498.0469
517.5781
517.5781
556.6406
556.6406
629.8828
629.8828
678.7109
678.7109
737.3047
737.3047
747.0703
747.0703
737.3047
737.3047
742.1875
742.1875
747.0703
747.0703
747.0703
747.0703
698.2422
698.2422
576.1719
576.1719
390.6250
390.6250
175.7812
175.7812
0.0000
0.0000
0.0000
0.0000
0.0000
0.0000
0.0000
0.0000
0.0000
0.0000
0.0000
0.0000
0.0000
0.0000
0.0000
0.0000
0.0000
0.0000
0.0000
0.0000
0.0000
0.0000
0.0000
0.0000
0.0000
0.0000
0.0000
0.0000
209.9609
209.9609
512.6953
512.6953
703.1250
703.1250
810.5469
810.5469
820.3125
820.3125
795.8984
795.8984
703.1250
703.1250
625.0000
625.0000
532.2266
532.2266
478.5156
478.5156
449.2187
449.2187
488.2812
488.2812
512.6953
512.6953
561.5234
561.5234
590.8203
590.8203
629.8828
629.8828
673.8281
673.8281
703.1250
703.1250
703.1250
703.1250
693.3594
693.3594
678.7109
678.7109
610.3516
610.3516
454.1016
454.1016
175.7812
175.7812
0.0000
0.0000
0.0000
0.0000
0.0000
0.0000
0.0000
0.0000
0.0000
0.0000
0.0000
0.0000
0.0000
0.0000
0.0000
0.0000
0.0000
0.0000
0.0000
0.0000
0.0000
0.0000
0.0000
0.0000
0.0000
0.0000
0.0000
0.0000
146.4844
146.4844
434.5703
434.5703
664.0625
664.0625
791.0156
791.0156
825.1953
825.1953
756.8359
756.8359
649.4141
649.4141
522.4609
522.4609
468.7500
468.7500
449.2187
449.2187
473.6328
473.6328
498.0469
498.0469
522.4609
522.4609
561.5234
561.5234
610.3516
