654.2969
717.7734
717.7734
795.8984
795.8984
893.5547
893.5547
986.3281
986.3281
1059.5703
1059.5703
1093.7500
1093.7500
1093.7500
1093.7500
1040.0391
1040.0391
957.0312
957.0312
839.8437
839.8437
708.0078
708.0078
566.4062
566.4062
415.0391
415.0391
263.6719
263.6719
112.3047
112.3047
0.0000
0.0000
0.0000
0.0000
0.0000
0.0000
0.0000
0.0000
0.0000
0.0000
0.0000
0.0000
0.0000
0.0000
0.0000
0.0000
0.0000
0.0000
0.0000
0.0000
0.0000
0.0000
0.0000
0.0000
0.0000
0.0000
0.0000
0.0000
0.0000
0.0000
0.0000
0.0000
0.0000
0.0000
0.0000
0.0000
0.0000
0.0000
0.0000
0.0000
0.0000
0.0000
0.0000
0.0000
0.0000
0.0000
0.0000
0.0000
0.0000
0.0000
0.0000
0.0000
29.2969
29.2969
58.5937
58.5937
83.0078
83.0078
112.3047
112.3047
136.7187
136.7187
161.1328
161.1328
185.5469
185.5469
219.7266
219.7266
258.7891
258.7891
302.7344
302.7344
346.6797
346.6797
395.5078
395.5078
444.3359
444.3359
493.1641
493.1641
546.8750
546.8750
595.7031
595.7031
649.4141
649.4141
708.0078
708.0078
781.2500
781.2500
859.3750
859.3750
942.3828
942.3828
1005.8594
1005.8594
1044.9219
1044.9219
1030.2734
1030.2734
971.6797
971.6797
859.3750
859.3750
712.8906
712.8906
551.7578
551.7578
400.3906
400.3906
263.6719
263.6719
131.8359
131.8359
0.0000
0.0000
0.0000
0.0000
0.0000
0.0000
0.0000
0.0000
0.0000
0.0000
0.0000
0.0000
0.0000
0.0000
0.0000
0.0000
0.0000
0.0000
0.0000
0.0000
0.0000
0.0000
0.0000
0.0000
0.0000
0.0000
0.0000
0.0000
0.0000
0.0000
0.0000
0.0000
0.0000
0.0000
0.0000
0.0000
0.0000
0.0000
0.0000
0.0000
0.0000
0.0000
0.0000
0.0000
0.0000
0.0000
0.0000
0.0000
0.0000
0.0000
0.0000
0.0000
0.0000
0.0000
0.0000
0.0000
0.0000
0.0000
48.8281
48.8281
87.8906
87.8906
131.8359
131.8359
161.1328
161.1328
190.4297
190.4297
209.9609
209.9609
234.3750
234.3750
263.6719
263.6719
292.9687
292.9687
327.1484
327.1484
361.3281
361.3281
400.3906
400.3906
434.5703
434.5703
478.5156
478.5156
527.3437
527.3437
595.7031
595.7031
678.7109
678.7109
776.3672
776.3672
859.3750
859.3750
913.0859
913.0859
922.8516
922.8516
883.7891
883.7891
800.7812
800.7812
693.3594
693.3594
576.1719
576.1719
458.9844
458.9844
336.9141
336.9141
209.9609
209.9609
78.1250
78.1250
0.0000
0.0000
0.0000
0.0000
0.0000
0.0000
0.0000
0.0000
0.0000
0.0000
0.0000
0.0000
0.0000
0.0000
0.0000
0.0000
0.0000
0.0000
0.0000
0.0000
0.0000
0.0000
0.0000
0.0000
0.0000
0.0000
0.0000
0.0000
0.0000
0.0000
0.0000
0.0000
0.0000
0.0000
0.0000
0.0000
0.0000
0.0000
0.0000
0.0000
0.0000
0.0000
0.0000
0.0000
0.0000
0.0000
0.0000
0.0000
14.6484
14.6484
83.0078
83.0078
146.4844
146.4844
190.4297
190.4297
239.2578
239.2578
278.3203
278.3203
312.5000
312.5000
346.6797
346.6797
375.9766
375.9766
400.3906
400.3906
415.0391
415.0391
429.6875
429.6875
439.4531
439.4531
463.8672
463.8672
483.3984
483.3984
512.6953
512.6953
537.1094
537.1094
571.2891
571.2891
605.4687
605.4687
659.1797
659.1797
727.5391
727.5391
830.0781
830.0781
952.1484
952.1484
1079.1016
1079.1016
1181.6406
1181.6406
1250.0000
1250.0000
1269.5312
1269.5312
1235.3516
1235.3516
1157.2266
1157.2266
1044.9219
1044.9219
903.3203
903.3203
742.1875
742.1875
551.7578
551.7578
341.7969
341.7969
112.3047
112.3047
0.0000
0.0000
0.0000
0.0000
0.0000
0.0000
0.0000
0.0000
0.0000
0.0000
0.0000
0.0000
0.0000
0.0000
0.0000
0.0000
0.0000
0.0000
0.0000
0.0000
0.0000
0.0000
0.0000
0.0000
0.0000
0.0000
0.0000
0.0000
0.0000
0.0000
0.0000
0.0000
0.0000
0.0000
0.0000
0.0000
0.0000
0.0000
0.0000
0.0000
0.0000
0.0000
0.0000
0.0000
0.0000
0.0000
0.0000
0.0000
0.0000
0.0000
0.0000
0.0000
0.0000
0.0000
0.0000
0.0000
0.0000
0.0000
34.1797
34.1797
102.5391
102.5391
170.8984
170.8984
234.3750
234.3750
292.9687
292.9687
351.5625
351.5625
400.3906
400.3906
444.3359
444.3359
483.3984
483.3984
517.5781
517.5781
551.7578
551.7578
581.0547
581.0547
625.0000
625.0000
688.4766
688.4766
766.6016
766.6016
844.7266
844.7266
917.9687
917.9687
971.6797
971.6797
991.2109
991.2109
976.5625
976.5625
927.7344
927.7344
859.3750
859.3750
771.4844
771.4844
668.9453
668.9453
551.7578
551.7578
434.5703
434.5703
297.8516
297.8516
146.4844
146.4844
0.0000
0.0000
0.0000
0.0000
0.0000
0.0000
0.0000
0.0000
0.0000
0.0000
0.0000
0.0000
0.0000
0.0000
0.0000
0.0000
0.0000
0.0000
0.0000
0.0000
0.0000
0.0000
0.0000
0.0000
0.0000
0.0000
0.0000
0.0000
0.0000
0.0000
0.0000
0.0000
0.0000
0.0000
0.0000
0.0000
0.0000
0.0000
0.0000
0.0000
0.0000
0.0000
0.0000
0.0000
0.0000
0.0000
0.0000
0.0000
19.5312
19.5312
63.4766
63.4766
112.3047
112.3047
161.1328
161.1328
205.0781
205.0781
239.2578
239.2578
263.6719
263.6719
288.0859
288.0859
307.6172
307.6172
336.9141
336.9141
371.0937
371.0937
415.0391
415.0391
458.9844
458.9844
502.9297
502.9297
532.2266
532.2266
561.5234
561.5234
585.9375
585.9375
615.2344
615.2344
659.1797
659.1797
722.6562
722.6562
805.6641
805.6641
893.5547
893.5547
976.5625
976.5625
1030.2734
1030.2734
1049.8047
1049.8047
1020.5078
1020.5078
952.1484
952.1484
849.6094
849.6094
732.4219
732.4219
615.2344
615.2344
498.0469
498.0469
380.8594
380.8594
258.7891
258.7891
117.1875
117.1875
0.0000
0.0000
0.0000
0.0000
0.0000
0.0000
0.0000
0.0000
0.0000
0.0000
0.0000
0.0000
0.0000
0.0000
0.0000
0.0000
0.0000
0.0000
0.0000
0.0000
0.0000
0.0000
0.0000
0.0000
0.0000
0.0000
0.0000
0.0000
0.0000
0.0000
0.0000
0.0000
0.0000
0.0000
0.0000
0.0000
0.0000
0.0000
0.0000
0.0000
0.0000
0.0000
0.0000
0.0000
0.0000
0.0000
0.0000
0.0000
0.0000
0.0000
0.0000
0.0000
0.0000
0.0000
0.0000
0.0000
4.8828
4.8828
39.0625
39.0625
63.4766
63.4766
87.8906
87.8906
117.1875
117.1875
146.4844
146.4844
175.7812
175.7812
209.9609
209.9609
249.0234
249.0234
302.7344
302.7344
361.3281
361.3281
424.8047
424.8047
498.0469
498.0469
581.0547
581.0547
668.9453
668.9453
781.2500
781.2500
908.2031
1040.0391
1040.0391
1152.3437
1152.3437
1230.4687
1230.4687
1254.8828
1254.8828
1254.8828
1230.4687
1230.4687
1152.3437
1152.3437
1035.1562
1035.1562
888.6719
888.6719
737.3047
576.1719
576.1719
405.2734
405.2734
229.4922
229.4922
43.9453
43.9453
0.0000
0.0000
0.0000
0.0000
0.0000
0.0000
0.0000
0.0000
0.0000
0.0000
0.0000
0.0000
0.0000
0.0000
0.0000
0.0000
0.0000
0.0000
0.0000
0.0000
0.0000
0.0000
0.0000
0.0000
0.0000
0.0000
0.0000
0.0000
0.0000
0.0000
0.0000
0.0000
0.0000
0.0000
0.0000
0.0000
0.0000
0.0000
0.0000
0.0000
0.0000
0.0000
0.0000
0.0000
0.0000
0.0000
0.0000
0.0000
0.0000
0.0000
29.2969
29.2969
78.1250
78.1250
122.0703
122.0703
166.0156
166.0156
214.8437
214.8437
253.9062
253.9062
288.0859
288.0859
307.6172
307.6172
327.1484
327.1484
341.7969
341.7969
356.4453
356.4453
366.2109
366.2109
385.7422
385.7422
410.1562
410.1562
434.5703
434.5703
463.8672
463.8672
493.1641
493.1641
537.1094
537.1094
600.5859
600.5859
683.5937
683.5937
791.0156
791.0156
917.9687
917.9687
1044.9219
1044.9219
1142.5781
1142.5781
1201.1719
1201.1719
1210.9375
1210.9375
1166.9922
1166.9922
1074.2187
1074.2187
947.2656
947.2656
795.8984
795.8984
620.1172
620.1172
424.8047
424.8047
205.0781
205.0781
0.0000
0.0000
0.0000
0.0000
0.0000
0.0000
0.0000
0.0000
0.0000
0.0000
0.0000
0.0000
0.0000
0.0000
0.0000
0.0000
0.0000
0.0000
0.0000
0.0000
0.0000
0.0000
0.0000
0.0000
0.0000
0.0000
0.0000
0.0000
0.0000
0.0000
0.0000
0.0000
0.0000
0.0000
0.0000
0.0000
0.0000
0.0000
0.0000
0.0000
0.0000
0.0000
0.0000
0.0000
0.0000
0.0000
0.0000
0.0000
0.0000
0.0000
0.0000
0.0000
0.0000
0.0000
0.0000
0.0000
0.0000
0.0000
0.0000
0.0000
0.0000
0.0000
0.0000
0.0000
39.0625
39.0625
102.5391
102.5391
156.2500
156.2500
205.0781
205.0781
239.2578
239.2578
263.6719
263.6719
278.3203
278.3203
302.7344
302.7344
327.1484
327.1484
356.4453
356.4453
390.6250
390.6250
429.6875
429.6875
478.5156
478.5156
551.7578
551.7578
644.5312
644.5312
751.9531
751.9531
844.7266
844.7266
908.2031
908.2031
922.8516
922.8516
893.5547
893.5547
815.4297
815.4297
717.7734
717.7734
610.3516
610.3516
502.9297
502.9297
400.3906
400.3906
292.9687
292.9687
170.8984
170.8984
34.1797
34.1797
0.0000
0.0000
0.0000
0.0000
0.0000
0.0000
0.0000
0.0000
0.0000
0.0000
0.0000
0.0000
0.0000
0.0000
0.0000
0.0000
0.0000
0.0000
0.0000
0.0000
0.0000
0.0000
0.0000
0.0000
0.0000
0.0000
0.0000
0.0000
0.0000
0.0000
0.0000
0.0000
0.0000
0.0000
0.0000
0.0000
0.0000
0.0000
0.0000
0.0000
0.0000
0.0000
0.0000
0.0000
0.0000
0.0000
0.0000
0.0000
0.0000
0.0000
0.0000
0.0000
9.7656
9.7656
43.9453
43.9453
73.2422
73.2422
112.3047
112.3047
156.2500
156.2500
200.1953
200.1953
239.2578
239.2578
283.2031
283.2031
332.0312
332.0312
380.8594
380.8594
429.6875
429.6875
473.6328
473.6328
527.3437
527.3437
576.1719
576.1719
625.0000
625.0000
668.9453
668.9453
717.7734
717.7734
771.4844
771.4844
834.9609
834.9609
908.2031
908.2031
996.0937
996.0937
1088.8672
1088.8672
1162.1094
1162.1094
1210.9375
1210.9375
1225.5859
1225.5859
1196.2891
1196.2891
1127.9297
1127.9297
1025.3906
1025.3906
893.5547
893.5547
737.3047
737.3047
561.5234
561.5234
371.0937
371.0937
166.0156
166.0156
0.0000
0.0000
0.0000
0.0000
0.0000
0.0000
0.0000
0.0000
0.0000
0.0000
0.0000
0.0000
0.0000
0.0000
0.0000
0.0000
0.0000
0.0000
0.0000
0.0000
0.0000
0.0000
0.0000
0.0000
0.0000
0.0000
0.0000
0.0000
0.0000
0.0000
0.0000
0.0000
0.0000
0.0000
0.0000
0.0000
0.0000
0.0000
0.0000
0.0000
0.0000
0.0000
0.0000
0.0000
0.0000
0.0000
0.0000
0.0000
0.0000
0.0000
0.0000
0.0000
0.0000
0.0000
0.0000
0.0000
29.2969
29.2969
73.2422
73.2422
112.3047
112.3047
151.3672
151.3672
190.4297
190.4297
229.4922
229.4922
278.3203
278.3203
322.2656
322.2656
371.0937
371.0937
419.9219
419.9219
468.7500
468.7500
522.4609
522.4609
581.0547
581.0547
644.5312
644.5312
722.6562
722.6562
810.5469
810.5469
908.2031
908.2031
1010.7422
1010.7422
1098.6328
1098.6328
1166.9922
1166.9922
1186.5234
1186.5234
1147.4609
1147.4609
1054.6875
1054.6875
922.8516
922.8516
771.4844
771.4844
620.1172
620.1172
468.7500
468.7500
327.1484
327.1484
175.7812
175.7812
19.5312
19.5312
0.0000
0.0000
0.0000
0.0000
0.0000
0.0000
0.0000
0.0000
0.0000
0.0000
0.0000
0.0000
0.0000
0.0000
0.0000
0.0000
0.0000
0.0000
0.0000
0.0000
0.0000
0.0000
0.0000
0.0000
0.0000
0.0000
0.0000
0.0000
0.0000
0.0000
0.0000
0.0000
0.0000
0.0000
0.0000
0.0000
0.0000
0.0000
0.0000
0.0000
0.0000
0.0000
0.0000
0.0000
0.0000
0.0000
0.0000
0.0000
0.0000
0.0000
39.0625
39.0625
83.0078
83.0078
122.0703
122.0703
146.4844
146.4844
166.0156
166.0156
175.7812
175.7812
180.6641
180.6641
175.7812
175.7812
161.1328
161.1328
151.3672
151.3672
151.3672
151.3672
156.2500
156.2500
175.7812
175.7812
205.0781
205.0781
239.2578
239.2578
283.2031
283.2031
336.9141
336.9141
405.2734
405.2734
493.1641
493.1641
610.3516
610.3516
747.0703
747.0703
883.7891
883.7891
991.2109
991.2109
1049.8047
1049.8047
1035.1562
1035.1562
952.1484
952.1484
825.1953
825.1953
683.5937
683.5937
532.2266
532.2266
385.7422
385.7422
234.3750
234.3750
73.2422
73.2422
0.0000
0.0000
0.0000
0.0000
0.0000
0.0000
0.0000
0.0000
0.0000
0.0000
0.0000
0.0000
0.0000
0.0000
0.0000
0.0000
0.0000
0.0000
0.0000
0.0000
0.0000
0.0000
0.0000
0.0000
0.0000
0.0000
0.0000
0.0000
0.0000
0.0000
0.0000
0.0000
0.0000
0.0000
0.0000
0.0000
0.0000
0.0000
0.0000
0.0000
0.0000
0.0000
0.0000
0.0000
0.0000
0.0000
0.0000
0.0000
0.0000
0.0000
0.0000
0.0000
0.0000
0.0000
58.5937
58.5937
126.9531
126.9531
195.3125
195.3125
253.9062
253.9062
307.6172
307.6172
351.5625
351.5625
390.6250
390.6250
419.9219
419.9219
444.3359
444.3359
463.8672
463.8672
493.1641
493.1641
527.3437
527.3437
556.6406
556.6406
590.8203
590.8203
629.8828
629.8828
673.8281
673.8281
722.6562
722.6562
786.1328
786.1328
864.2578
864.2578
971.6797
971.6797
1083.9844
1083.9844
1181.6406
1181.6406
1235.3516
1235.3516
1245.1172
1245.1172
1196.2891
1196.2891
1098.6328
1098.6328
961.9141
961.9141
810.5469
810.5469
649.4141
649.4141
488.2812
488.2812
327.1484
327.1484
166.0156
166.0156
0.0000
0.0000
0.0000
0.0000
0.0000
0.0000
0.0000
0.0000
0.0000
0.0000
0.0000
0.0000
0.0000
0.0000
0.0000
0.0000
0.0000
0.0000
0.0000
0.0000
0.0000
0.0000
0.0000
0.0000
0.0000
0.0000
0.0000
0.0000
0.0000
0.0000
0.0000
0.0000
0.0000
0.0000
0.0000
0.0000
0.0000
0.0000
0.0000
0.0000
0.0000
0.0000
0.0000
0.0000
0.0000
0.0000
0.0000
0.0000
0.0000
0.0000
0.0000
0.0000
0.0000
0.0000
0.0000
0.0000
24.4141
24.4141
87.8906
87.8906
141.6016
141.6016
190.4297
190.4297
234.3750
234.3750
273.4375
273.4375
312.5000
312.5000
341.7969
341.7969
371.0937
371.0937
400.3906
400.3906
429.6875
429.6875
463.8672
463.8672
502.9297
502.9297
546.8750
546.8750
595.7031
595.7031
644.5312
644.5312
703.1250
703.1250
776.3672
776.3672
869.1406
869.1406
966.7969
966.7969
1054.6875
1054.6875
1108.3984
1108.3984
1118.1641
1118.1641
1074.2187
1074.2187
976.5625
976.5625
834.9609
834.9609
673.8281
673.8281
498.0469
498.0469
307.6172
307.6172
112.3047
112.3047
0.0000
0.0000
0.0000
0.0000
0.0000
0.0000
0.0000
0.0000
0.0000
0.0000
0.0000
0.0000
0.0000
0.0000
0.0000
0.0000
0.0000
0.0000
0.0000
0.0000
0.0000
0.0000
0.0000
0.0000
0.0000
0.0000
0.0000
0.0000
0.0000
0.0000
0.0000
0.0000
0.0000
0.0000
0.0000
0.0000
0.0000
0.0000
0.0000
0.0000
0.0000
0.0000
0.0000
0.0000
0.0000
0.0000
0.0000
0.0000
0.0000
0.0000
0.0000
0.0000
0.0000
0.0000
0.0000
0.0000
9.7656
9.7656
39.0625
39.0625
63.4766
63.4766
92.7734
92.7734
122.0703
122.0703
161.1328
161.1328
200.1953
200.1953
244.1406
244.1406
283.2031
283.2031
317.3828
317.3828
346.6797
346.6797
380.8594
380.8594
415.0391
415.0391
454.1016
454.1016
493.1641
493.1641
537.1094
537.1094
585.9375
585.9375
649.4141
649.4141
727.5391
815.4297
815.4297
908.2031
908.2031
986.3281
986.3281
1030.2734
1030.2734
1035.1562
1035.1562
1035.1562
1005.8594
1005.8594
932.6172
932.6172
834.9609
834.9609
712.8906
712.8906
585.9375
449.2187
449.2187
302.7344
302.7344
146.4844
146.4844
0.0000
0.0000
0.0000
0.0000
0.0000
0.0000
0.0000
0.0000
0.0000
0.0000
0.0000
0.0000
0.0000
0.0000
0.0000
0.0000
0.0000
0.0000
0.0000
0.0000
0.0000
0.0000
0.0000
0.0000
0.0000
0.0000
0.0000
0.0000
0.0000
0.0000
0.0000
0.0000
0.0000
0.0000
0.0000
0.0000
0.0000
0.0000
0.0000
0.0000
0.0000
0.0000
0.0000
0.0000
0.0000
0.0000
0.0000
0.0000
0.0000
0.0000
0.0000
0.0000
4.8828
4.8828
48.8281
48.8281
87.8906
87.8906
122.0703
122.0703
161.1328
161.1328
190.4297
190.4297
214.8437
214.8437
239.2578
239.2578
278.3203
278.3203
317.3828
317.3828
361.3281
361.3281
400.3906
400.3906
444.3359
444.3359
488.2812
488.2812
527.3437
527.3437
561.5234
561.5234
600.5859
600.5859
649.4141
649.4141
698.2422
698.2422
761.7187
761.7187
834.9609
834.9609
913.0859
913.0859
986.3281
986.3281
1035.1562
1035.1562
1049.8047
1049.8047
1020.5078
1020.5078
942.3828
942.3828
830.0781
830.0781
683.5937
683.5937
541.9922
541.9922
400.3906
400.3906
258.7891
258.7891
117.1875
117.1875
0.0000
0.0000
0.0000
0.0000
0.0000
0.0000
0.0000
0.0000
0.0000
0.0000
0.0000
0.0000
0.0000
0.0000
0.0000
0.0000
0.0000
0.0000
0.0000
0.0000
0.0000
0.0000
0.0000
0.0000
0.0000
0.0000
0.0000
0.0000
0.0000
0.0000
0.0000
0.0000
0.0000
0.0000
0.0000
0.0000
0.0000
0.0000
0.0000
0.0000
0.0000
0.0000
0.0000
0.0000
0.0000
0.0000
0.0000
0.0000
0.0000
0.0000
0.0000
0.0000
0.0000
0.0000
0.0000
0.0000
4.8828
4.8828
53.7109
53.7109
97.6562
97.6562
136.7187
136.7187
166.0156
166.0156
195.3125
195.3125
234.3750
234.3750
283.2031
283.2031
332.0312
332.0312
385.7422
385.7422
444.3359
444.3359
512.6953
512.6953
576.1719
576.1719
644.5312
644.5312
708.0078
708.0078
766.6016
766.6016
820.3125
820.3125
878.9062
878.9062
947.2656
947.2656
1035.1562
1035.1562
1108.3984
1108.3984
1152.3437
1152.3437
1147.4609
1147.4609
1098.6328
1098.6328
1000.9766
1000.9766
883.7891
883.7891
747.0703
747.0703
610.3516
610.3516
468.7500
468.7500
317.3828
317.3828
156.2500
156.2500
0.0000
0.0000
0.0000
0.0000
0.0000
0.0000
0.0000
0.0000
0.0000
0.0000
0.0000
0.0000
0.0000
0.0000
0.0000
0.0000
0.0000
0.0000
0.0000
0.0000
0.0000
0.0000
0.0000
0.0000
0.0000
0.0000
0.0000
0.0000
0.0000
0.0000
0.0000
0.0000
0.0000
0.0000
0.0000
0.0000
0.0000
0.0000
0.0000
0.0000
0.0000
0.0000
0.0000
0.0000
0.0000
0.0000
0.0000
0.0000
0.0000
0.0000
0.0000
0.0000
0.0000
0.0000
0.0000
0.0000
48.8281
48.8281
87.8906
87.8906
126.9531
126.9531
151.3672
151.3672
175.7812
175.7812
190.4297
190.4297
205.0781
205.0781
224.6094
224.6094
244.1406
244.1406
273.4375
273.4375
302.7344
302.7344
336.9141
336.9141
371.0937
371.0937
410.1562
410.1562
458.9844
458.9844
532.2266
532.2266
625.0000
625.0000
737.3047
737.3047
854.4922
854.4922
957.0312
957.0312
1015.6250
1015.6250
1010.7422
1010.7422
947.2656
947.2656
844.7266
844.7266
717.7734
717.7734
585.9375
585.9375
458.9844
458.9844
336.9141
336.9141
205.0781
205.0781
53.7109
53.7109
0.0000
0.0000
0.0000
0.0000
0.0000
0.0000
0.0000
0.0000
0.0000
0.0000
0.0000
0.0000
0.0000
0.0000
0.0000
0.0000
0.0000
0.0000
0.0000
0.0000
0.0000
0.0000
0.0000
0.0000
0.0000
0.0000
0.0000
0.0000
0.0000
0.0000
0.0000
0.0000
0.0000
0.0000
0.0000
0.0000
0.0000
0.0000
0.0000
0.0000
0.0000
0.0000
0.0000
0.0000
0.0000
0.0000
0.0000
0.0000
0.0000
0.0000
0.0000
0.0000
0.0000
0.0000
0.0000
0.0000
0.0000
0.0000
0.0000
0.0000
9.7656
9.7656
83.0078
83.0078
156.2500
156.2500
224.6094
224.6094
288.0859
288.0859
346.6797
346.6797
400.3906
400.3906
444.3359
444.3359
488.2812
488.2812
527.3437
527.3437
581.0547
581.0547
629.8828
629.8828
688.4766
688.4766
761.7187
761.7187
854.4922
854.4922
966.7969
966.7969
1079.1016
1079.1016
1176.7578
1176.7578
1245.1172
1245.1172
1269.5312
1269.5312
1240.2344
1240.2344
1157.2266
1157.2266
1035.1562
1035.1562
893.5547
893.5547
727.5391
727.5391
551.7578
551.7578
361.3281
361.3281
161.1328
161.1328
0.0000
0.0000
0.0000
0.0000
0.0000
0.0000
0.0000
0.0000
0.0000
0.0000
0.0000
0.0000
0.0000
0.0000
0.0000
0.0000
0.0000
0.0000
0.0000
0.0000
0.0000
0.0000
0.0000
0.0000
0.0000
0.0000
0.0000
0.0000
0.0000
0.0000
0.0000
0.0000
0.0000
0.0000
0.0000
0.0000
0.0000
0.0000
0.0000
0.0000
0.0000
0.0000
0.0000
0.0000
0.0000
0.0000
0.0000
0.0000
19.5312
19.5312
73.2422
73.2422
117.1875
117.1875
156.2500
156.2500
195.3125
195.3125
239.2578
239.2578
278.3203
278.3203
322.2656
322.2656
375.9766
375.9766
429.6875
429.6875
483.3984
483.3984
537.1094
537.1094
585.9375
585.9375
634.7656
634.7656
673.8281
673.8281
698.2422
698.2422
708.0078
708.0078
712.8906
712.8906
717.7734
717.7734
737.3047
737.3047
771.4844
771.4844
815.4297
815.4297
844.7266
844.7266
839.8437
839.8437
786.1328
786.1328
698.2422
698.2422
590.8203
590.8203
473.6328
473.6328
356.4453
356.4453
234.3750
234.3750
117.1875
117.1875
0.0000
0.0000
0.0000
0.0000
0.0000
0.0000
0.0000
0.0000
0.0000
0.0000
0.0000
0.0000
0.0000
0.0000
0.0000
0.0000
0.0000
0.0000
0.0000
0.0000
0.0000
0.0000
0.0000
0.0000
0.0000
0.0000
0.0000
0.0000
0.0000
0.0000
0.0000
0.0000
0.0000
0.0000
0.0000
0.0000
0.0000
0.0000
0.0000
0.0000
0.0000
0.0000
0.0000
0.0000
0.0000
0.0000
0.0000
0.0000
0.0000
0.0000
0.0000
0.0000
0.0000
0.0000
0.0000
0.0000
0.0000
0.0000
43.9453
43.9453
83.0078
83.0078
117.1875
117.1875
146.4844
146.4844
175.7812
175.7812
205.0781
205.0781
234.3750
234.3750
263.6719
263.6719
302.7344
302.7344
341.7969
341.7969
380.8594
380.8594
419.9219
419.9219
458.9844
458.9844
498.0469
498.0469
537.1094
537.1094
576.1719
576.1719
625.0000
625.0000
668.9453
668.9453
717.7734
717.7734
761.7187
761.7187
815.4297
815.4297
883.7891
883.7891
961.9141
961.9141
1049.8047
1049.8047
1127.9297
1127.9297
1191.4062
1191.4062
1210.9375
1210.9375
1191.4062
1191.4062
1123.0469
1123.0469
1020.5078
1020.5078
893.5547
893.5547
747.0703
747.0703
590.8203
590.8203
429.6875
429.6875
258.7891
258.7891
83.0078
83.0078
0.0000
0.0000
0.0000
0.0000
0.0000
0.0000
0.0000
0.0000
0.0000
0.0000
0.0000
0.0000
0.0000
0.0000
0.0000
0.0000
0.0000
0.0000
0.0000
0.0000
0.0000
0.0000
0.0000
0.0000
0.0000
0.0000
0.0000
0.0000
0.0000
0.0000
0.0000
0.0000
0.0000
0.0000
0.0000
0.0000
0.0000
0.0000
0.0000
0.0000
0.0000
0.0000
0.0000
0.0000
0.0000
0.0000
0.0000
0.0000
0.0000
0.0000
29.2969
29.2969
83.0078
83.0078
136.7187
136.7187
185.5469
185.5469
224.6094
224.6094
258.7891
258.7891
288.0859
288.0859
312.5000
312.5000
332.0312
332.0312
351.5625
351.5625
380.8594
380.8594
415.0391
415.0391
454.1016
454.1016
493.1641
493.1641
532.2266
532.2266
585.9375
585.9375
644.5312
644.5312
732.4219
732.4219
839.8437
839.8437
957.0312
957.0312
1059.5703
1059.5703
1118.1641
1118.1641
1118.1641
1118.1641
1064.4531
1064.4531
961.9141
961.9141
830.0781
830.0781
673.8281
673.8281
522.4609
522.4609
361.3281
361.3281
190.4297
190.4297
9.7656
9.7656
0.0000
0.0000
0.0000
0.0000
0.0000
0.0000
0.0000
0.0000
0.0000
0.0000
0.0000
0.0000
0.0000
0.0000
0.0000
0.0000
0.0000
0.0000
0.0000
0.0000
0.0000
0.0000
0.0000
0.0000
0.0000
0.0000
0.0000
0.0000
0.0000
0.0000
0.0000
0.0000
0.0000
0.0000
0.0000
0.0000
0.0000
0.0000
0.0000
0.0000
0.0000
0.0000
0.0000
0.0000
0.0000
0.0000
0.0000
0.0000
0.0000
0.0000
0.0000
0.0000
29.2969
29.2969
102.5391
102.5391
180.6641
180.6641
253.9062
253.9062
322.2656
322.2656
380.8594
380.8594
429.6875
429.6875
458.9844
458.9844
483.3984
483.3984
493.1641
493.1641
498.0469
498.0469
493.1641
493.1641
493.1641
493.1641
498.0469
498.0469
502.9297
502.9297
512.6953
512.6953
532.2266
532.2266
566.4062
566.4062
625.0000
625.0000
708.0078
708.0078
795.8984
878.9062
878.9062
927.7344
927.7344
927.7344
927.7344
883.7891
883.7891
883.7891
800.7812
800.7812
693.3594
693.3594
566.4062
566.4062
429.6875
429.6875
288.0859
141.6016
141.6016
0.0000
0.0000
0.0000
0.0000
0.0000
0.0000
0.0000
0.0000
0.0000
0.0000
0.0000
0.0000
0.0000
0.0000
0.0000
0.0000
0.0000
0.0000
0.0000
0.0000
0.0000
0.0000
0.0000
0.0000
0.0000
0.0000
0.0000
0.0000
0.0000
0.0000
0.0000
0.0000
0.0000
0.0000
0.0000
0.0000
0.0000
0.0000
0.0000
0.0000
0.0000
0.0000
0.0000
0.0000
0.0000
0.0000
0.0000
0.0000
0.0000
0.0000
0.0000
0.0000
0.0000
0.0000
0.0000
0.0000
0.0000
0.0000
0.0000
0.0000
48.8281
48.8281
97.6562
97.6562
151.3672
151.3672
200.1953
200.1953
244.1406
244.1406
283.2031
283.2031
322.2656
322.2656
361.3281
361.3281
395.5078
395.5078
424.8047
424.8047
454.1016
454.1016
483.3984
483.3984
517.5781
517.5781
556.6406
556.6406
600.5859
600.5859
673.8281
673.8281
766.6016
766.6016
859.3750
859.3750
942.3828
942.3828
991.2109
991.2109
996.0937
996.0937
952.1484
952.1484
859.3750
859.3750
742.1875
742.1875
605.4687
605.4687
458.9844
458.9844
312.5000
312.5000
151.3672
151.3672
0.0000
0.0000
0.0000
0.0000
0.0000
0.0000
0.0000
0.0000
0.0000
0.0000
0.0000
0.0000
0.0000
0.0000
0.0000
0.0000
0.0000
0.0000
0.0000
0.0000
0.0000
0.0000
0.0000
0.0000
0.0000
0.0000
0.0000
0.0000
0.0000
0.0000
0.0000
0.0000
0.0000
0.0000
0.0000
0.0000
0.0000
0.0000
0.0000
0.0000
0.0000
0.0000
0.0000
0.0000
0.0000
0.0000
0.0000
0.0000
0.0000
0.0000
0.0000
0.0000
0.0000
0.0000
0.0000
0.0000
0.0000
0.0000
43.9453
43.9453
83.0078
83.0078
122.0703
122.0703
156.2500
156.2500
190.4297
190.4297
229.4922
229.4922
268.5547
268.5547
307.6172
307.6172
346.6797
346.6797
385.7422
385.7422
424.8047
424.8047
468.7500
468.7500
507.8125
507.8125
556.6406
556.6406
610.3516
610.3516
678.7109
678.7109
766.6016
766.6016
874.0234
874.0234
976.5625
976.5625
1059.5703
1059.5703
1108.3984
1108.3984
1113.2812
1113.2812
1079.1016
1079.1016
1010.7422
1010.7422
922.8516
922.8516
815.4297
815.4297
698.2422
698.2422
561.5234
561.5234
410.1562
410.1562
249.0234
249.0234
83.0078
83.0078
0.0000
0.0000
0.0000
0.0000
0.0000
0.0000
0.0000
0.0000
0.0000
0.0000
0.0000
0.0000
0.0000
0.0000
0.0000
0.0000
0.0000
0.0000
0.0000
0.0000
0.0000
0.0000
0.0000
0.0000
0.0000
0.0000
0.0000
0.0000
0.0000
0.0000
0.0000
0.0000
0.0000
0.0000
0.0000
0.0000
0.0000
0.0000
0.0000
0.0000
0.0000
0.0000
0.0000
0.0000
0.0000
0.0000
0.0000
0.0000
24.4141
24.4141
87.8906
87.8906
141.6016
141.6016
190.4297
190.4297
229.4922
229.4922
273.4375
273.4375
312.5000
312.5000
336.9141
336.9141
346.6797
346.6797
351.5625
351.5625
351.5625
351.5625
356.4453
356.4453
366.2109
366.2109
390.6250
390.6250
415.0391
415.0391
444.3359
444.3359
463.8672
463.8672
498.0469
498.0469
546.8750
546.8750
615.2344
615.2344
708.0078
708.0078
815.4297
815.4297
913.0859
913.0859
966.7969
966.7969
971.6797
971.6797
917.9687
917.9687
825.1953
825.1953
698.2422
698.2422
556.6406
556.6406
415.0391
415.0391
273.4375
273.4375
126.9531
126.9531
0.0000
0.0000
0.0000
0.0000
0.0000
0.0000
0.0000
0.0000
0.0000
0.0000
0.0000
0.0000
0.0000
0.0000
0.0000
0.0000
0.0000
0.0000
0.0000
0.0000
0.0000
0.0000
0.0000
0.0000
0.0000
0.0000
0.0000
0.0000
0.0000
0.0000
0.0000
0.0000
0.0000
0.0000
0.0000
0.0000
0.0000
0.0000
0.0000
0.0000
0.0000
0.0000
0.0000
0.0000
0.0000
0.0000
0.0000
0.0000
0.0000
0.0000
0.0000
0.0000
0.0000
0.0000
0.0000
0.0000
0.0000
0.0000
19.5312
19.5312
87.8906
87.8906
146.4844
146.4844
205.0781
205.0781
244.1406
244.1406
278.3203
278.3203
302.7344
302.7344
327.1484
327.1484
346.6797
346.6797
371.0937
371.0937
390.6250
390.6250
419.9219
419.9219
454.1016
454.1016
493.1641
493.1641
541.9922
541.9922
595.7031
595.7031
664.0625
664.0625
747.0703
747.0703
849.6094
849.6094
971.6797
971.6797
1108.3984
1108.3984
1225.5859
1225.5859
1313.4766
1313.4766
1347.6562
1347.6562
1323.2422
1323.2422
1235.3516
1235.3516
1098.6328
1098.6328
922.8516
922.8516
737.3047
737.3047
541.9922
541.9922
341.7969
341.7969
136.7187
136.7187
0.0000
0.0000
0.0000
0.0000
0.0000
0.0000
0.0000
0.0000
0.0000
0.0000
0.0000
0.0000
0.0000
0.0000
0.0000
0.0000
0.0000
0.0000
0.0000
0.0000
0.0000
0.0000
0.0000
0.0000
0.0000
0.0000
0.0000
0.0000
0.0000
0.0000
0.0000
0.0000
0.0000
0.0000
0.0000
0.0000
0.0000
0.0000
0.0000
0.0000
0.0000
0.0000
0.0000
0.0000
0.0000
0.0000
0.0000
0.0000
0.0000
0.0000
0.0000
0.0000
43.9453
43.9453
102.5391
102.5391
156.2500
156.2500
205.0781
205.0781
253.9062
253.9062
292.9687
292.9687
332.0312
332.0312
356.4453
356.4453
380.8594
380.8594
400.3906
400.3906
419.9219
419.9219
439.4531
439.4531
463.8672
463.8672
502.9297
502.9297
551.7578
551.7578
605.4687
605.4687
678.7109
678.7109
766.6016
766.6016
864.2578
864.2578
957.0312
957.0312
1025.3906
1025.3906
1069.3359
1069.3359
1069.3359
1069.3359
1025.3906
1025.3906
952.1484
952.1484
844.7266
844.7266
712.8906
712.8906
551.7578
551.7578
366.2109
366.2109
166.0156
166.0156
0.0000
0.0000
0.0000
0.0000
0.0000
0.0000
0.0000
0.0000
0.0000
0.0000
0.0000
0.0000
0.0000
0.0000
0.0000
0.0000
0.0000
0.0000
0.0000
0.0000
0.0000
0.0000
0.0000
0.0000
0.0000
0.0000
0.0000
0.0000
0.0000
0.0000
0.0000
0.0000
0.0000
0.0000
0.0000
0.0000
0.0000
0.0000
0.0000
0.0000
0.0000
0.0000
0.0000
0.0000
0.0000
0.0000
0.0000
0.0000
0.0000
0.0000
0.0000
0.0000
68.3594
68.3594
136.7187
136.7187
195.3125
195.3125
253.9062
253.9062
307.6172
307.6172
346.6797
346.6797
371.0937
371.0937
385.7422
385.7422
400.3906
400.3906
410.1562
410.1562
424.8047
424.8047
434.5703
434.5703
444.3359
444.3359
449.2187
449.2187
449.2187
449.2187
444.3359
444.3359
454.1016
454.1016
478.5156
478.5156
527.3437
527.3437
595.7031
595.7031
693.3594
693.3594
791.0156
791.0156
874.0234
874.0234
922.8516
922.8516
932.6172
932.6172
898.4375
898.4375
830.0781
830.0781
732.4219
732.4219
625.0000
625.0000
507.8125
507.8125
385.7422
385.7422
253.9062
253.9062
107.4219
107.4219
0.0000
0.0000
0.0000
0.0000
0.0000
0.0000
0.0000
0.0000
0.0000
0.0000
0.0000
0.0000
0.0000
0.0000
0.0000
0.0000
0.0000
0.0000
0.0000
0.0000
0.0000
0.0000
0.0000
0.0000
0.0000
0.0000
0.0000
0.0000
0.0000
0.0000
0.0000
0.0000
0.0000
0.0000
0.0000
0.0000
0.0000
0.0000
0.0000
0.0000
0.0000
0.0000
0.0000
0.0000
0.0000
0.0000
0.0000
0.0000
0.0000
0.0000
0.0000
0.0000
0.0000
0.0000
4.8828
4.8828
48.8281
48.8281
92.7734
92.7734
131.8359
131.8359
166.0156
166.0156
195.3125
195.3125
229.4922
229.4922
263.6719
263.6719
302.7344
302.7344
346.6797
346.6797
385.7422
385.7422
429.6875
429.6875
473.6328
473.6328
527.3437
527.3437
576.1719
576.1719
639.6484
639.6484
708.0078
708.0078
800.7812
800.7812
903.3203
903.3203
1010.7422
1010.7422
1093.7500
1093.7500
1142.5781
1142.5781
1137.6953
1137.6953
1083.9844
1083.9844
996.0937
996.0937
869.1406
869.1406
727.5391
727.5391
566.4062
566.4062
400.3906
400.3906
214.8437
214.8437
9.7656
9.7656
0.0000
0.0000
0.0000
0.0000
0.0000
0.0000
0.0000
0.0000
0.0000
0.0000
0.0000
0.0000
0.0000
0.0000
0.0000
0.0000
0.0000
0.0000
0.0000
0.0000
0.0000
0.0000
0.0000
0.0000
0.0000
0.0000
0.0000
0.0000
0.0000
0.0000
0.0000
0.0000
0.0000
0.0000
0.0000
0.0000
0.0000
0.0000
0.0000
0.0000
0.0000
0.0000
0.0000
0.0000
0.0000
0.0000
0.0000
0.0000
0.0000
0.0000
0.0000
0.0000
48.8281
48.8281
112.3047
112.3047
161.1328
161.1328
200.1953
200.1953
229.4922
229.4922
263.6719
263.6719
288.0859
288.0859
302.7344
302.7344
317.3828
317.3828
336.9141
336.9141
361.3281
361.3281
400.3906
400.3906
444.3359
444.3359
507.8125
507.8125
576.1719
576.1719
649.4141
649.4141
737.3047
737.3047
839.8437
839.8437
947.2656
947.2656
1044.9219
1044.9219
1113.2812
1113.2812
1147.4609
1147.4609
1132.8125
1132.8125
1074.2187
1074.2187
981.4453
864.2578
864.2578
732.4219
732.4219
732.4219
585.9375
585.9375
434.5703
434.5703
273.4375
273.4375
112.3047
112.3047
0.0000
0.0000
0.0000
0.0000
0.0000
0.0000
0.0000
0.0000
0.0000
0.0000
0.0000
0.0000
0.0000
0.0000
0.0000
0.0000
0.0000
0.0000
0.0000
0.0000
0.0000
0.0000
0.0000
0.0000
0.0000
0.0000
0.0000
0.0000
0.0000
0.0000
0.0000
0.0000
0.0000
0.0000
0.0000
0.0000
0.0000
0.0000
0.0000
0.0000
0.0000
0.0000
0.0000
0.0000
0.0000
0.0000
0.0000
39.0625
39.0625
122.0703
122.0703
200.1953
200.1953
263.6719
263.6719
317.3828
317.3828
356.4453
356.4453
375.9766
375.9766
380.8594
380.8594
385.7422
385.7422
390.6250
390.6250
385.7422
385.7422
380.8594
380.8594
361.3281
361.3281
346.6797
346.6797
332.0312
332.0312
322.2656
322.2656
322.2656
322.2656
341.7969
341.7969
380.8594
380.8594
439.4531
439.4531
522.4609
522.4609
629.8828
629.8828
751.9531
751.9531
869.1406
869.1406
961.9141
961.9141
1025.3906
1025.3906
1044.9219
1044.9219
1005.8594
1005.8594
922.8516
922.8516
800.7812
800.7812
659.1797
659.1797
502.9297
502.9297
341.7969
341.7969
166.0156
166.0156
0.0000
0.0000
0.0000
0.0000
0.0000
0.0000
0.0000
0.0000
0.0000
0.0000
0.0000
0.0000
0.0000
0.0000
0.0000
0.0000
0.0000
0.0000
0.0000
0.0000
0.0000
0.0000
0.0000
0.0000
0.0000
0.0000
0.0000
0.0000
0.0000
0.0000
0.0000
0.0000
0.0000
0.0000
0.0000
0.0000
0.0000
0.0000
0.0000
0.0000
0.0000
0.0000
0.0000
0.0000
0.0000
0.0000
0.0000
0.0000
0.0000
0.0000
0.0000
0.0000
0.0000
0.0000
0.0000
0.0000
0.0000
0.0000
0.0000
0.0000
43.9453
43.9453
107.4219
107.4219
166.0156
166.0156
214.8437
214.8437
263.6719
263.6719
312.5000
312.5000
361.3281
361.3281
400.3906
400.3906
439.4531
439.4531
473.6328
473.6328
502.9297
502.9297
527.3437
527.3437
561.5234
561.5234
605.4687
605.4687
664.0625
664.0625
737.3047
737.3047
825.1953
825.1953
927.7344
927.7344
1040.0391
1040.0391
1137.6953
1137.6953
1215.8203
1215.8203
1259.7656
1259.7656
1259.7656
1259.7656
1220.7031
1220.7031
1132.8125
1132.8125
1020.5078
1020.5078
874.0234
874.0234
703.1250
703.1250
507.8125
507.8125
297.8516
297.8516
87.8906
87.8906
0.0000
0.0000
0.0000
0.0000
0.0000
0.0000
0.0000
0.0000
0.0000
0.0000
0.0000
0.0000
0.0000
0.0000
0.0000
0.0000
0.0000
0.0000
0.0000
0.0000
0.0000
0.0000
0.0000
0.0000
0.0000
0.0000
0.0000
0.0000
0.0000
0.0000
0.0000
0.0000
0.0000
0.0000
0.0000
0.0000
0.0000
0.0000
0.0000
0.0000
0.0000
0.0000
0.0000
0.0000
0.0000
0.0000
0.0000
0.0000
0.0000
0.0000
0.0000
0.0000
48.8281
48.8281
92.7734
92.7734
131.8359
131.8359
166.0156
166.0156
205.0781
205.0781
244.1406
244.1406
292.9687
292.9687
351.5625
351.5625
405.2734
405.2734
458.9844
458.9844
512.6953
512.6953
566.4062
566.4062
615.2344
615.2344
654.2969
654.2969
683.5937
683.5937
722.6562
722.6562
756.8359
756.8359
800.7812
800.7812
854.4922
854.4922
927.7344
927.7344
996.0937
996.0937
1035.1562
1035.1562
1035.1562
1035.1562
991.2109
991.2109
903.3203
903.3203
786.1328
786.1328
649.4141
649.4141
512.6953
512.6953
380.8594
380.8594
239.2578
239.2578
97.6562
97.6562
0.0000
0.0000
0.0000
0.0000
0.0000
0.0000
0.0000
0.0000
0.0000
0.0000
0.0000
0.0000
0.0000
0.0000
0.0000
0.0000
0.0000
0.0000
0.0000
0.0000
0.0000
0.0000
0.0000
0.0000
0.0000
0.0000
0.0000
0.0000
0.0000
0.0000
0.0000
0.0000
0.0000
0.0000
0.0000
0.0000
0.0000
0.0000
0.0000
0.0000
0.0000
0.0000
0.0000
0.0000
0.0000
0.0000
0.0000
0.0000
0.0000
0.0000
0.0000
0.0000
24.4141
24.4141
48.8281
48.8281
63.4766
63.4766
73.2422
73.2422
87.8906
87.8906
102.5391
102.5391
112.3047
112.3047
112.3047
112.3047
107.4219
107.4219
117.1875
117.1875
131.8359
131.8359
161.1328
161.1328
205.0781
205.0781
258.7891
258.7891
312.5000
312.5000
371.0937
371.0937
424.8047
424.8047
488.2812
488.2812
556.6406
556.6406
625.0000
625.0000
698.2422
698.2422
786.1328
786.1328
883.7891
883.7891
991.2109
991.2109
1098.6328
1098.6328
1191.4062
1191.4062
1259.7656
1259.7656
1279.2969
1279.2969
1259.7656
1259.7656
1191.4062
1191.4062
1093.7500
1093.7500
966.7969
966.7969
815.4297
815.4297
639.6484
639.6484
449.2187
449.2187
239.2578
239.2578
19.5312
19.5312
0.0000
0.0000
0.0000
0.0000
0.0000
0.0000
0.0000
0.0000
0.0000
0.0000
0.0000
0.0000
0.0000
0.0000
0.0000
0.0000
0.0000
0.0000
0.0000
0.0000
0.0000
0.0000
0.0000
0.0000
0.0000
0.0000
0.0000
0.0000
0.0000
0.0000
0.0000
0.0000
0.0000
0.0000
0.0000
0.0000
0.0000
0.0000
0.0000
0.0000
0.0000
0.0000
0.0000
0.0000
0.0000
0.0000
0.0000
0.0000
0.0000
0.0000
0.0000
0.0000
0.0000
0.0000
0.0000
0.0000
0.0000
0.0000
0.0000
0.0000
9.7656
9.7656
24.4141
24.4141
39.0625
39.0625
58.5937
58.5937
78.1250
78.1250
117.1875
117.1875
166.0156
166.0156
224.6094
224.6094
283.2031
283.2031
341.7969
341.7969
400.3906
400.3906
458.9844
458.9844
532.2266
532.2266
620.1172
620.1172
727.5391
727.5391
839.8437
839.8437
937.5000
937.5000
1000.9766
1000.9766
1020.5078
1020.5078
981.4453
981.4453
908.2031
908.2031
800.7812
800.7812
678.7109
678.7109
546.8750
546.8750
410.1562
410.1562
263.6719
263.6719
117.1875
117.1875
0.0000
0.0000
0.0000
0.0000
0.0000
0.0000
0.0000
0.0000
0.0000
0.0000
0.0000
0.0000
0.0000
0.0000
0.0000
0.0000
0.0000
0.0000
0.0000
0.0000
0.0000
0.0000
0.0000
0.0000
0.0000
0.0000
0.0000
0.0000
0.0000
0.0000
0.0000
0.0000
0.0000
0.0000
0.0000
0.0000
0.0000
0.0000
0.0000
0.0000
0.0000
0.0000
0.0000
0.0000
0.0000
0.0000
0.0000
0.0000
0.0000
0.0000
0.0000
0.0000
39.0625
39.0625
102.5391
102.5391
166.0156
166.0156
224.6094
224.6094
278.3203
278.3203
322.2656
322.2656
356.4453
356.4453
385.7422
385.7422
405.2734
405.2734
419.9219
419.9219
429.6875
429.6875
444.3359
444.3359
458.9844
458.9844
473.6328
473.6328
488.2812
488.2812
507.8125
507.8125
532.2266
532.2266
561.5234
561.5234
610.3516
610.3516
673.8281
673.8281
766.6016
766.6016
874.0234
874.0234
976.5625
976.5625
1059.5703
1059.5703
1113.2812
1113.2812
1113.2812
1113.2812
1074.2187
1074.2187
991.2109
991.2109
888.6719
888.6719
761.7187
761.7187
615.2344
615.2344
449.2187
449.2187
273.4375
273.4375
83.0078
83.0078
0.0000
0.0000
0.0000
0.0000
0.0000
0.0000
0.0000
0.0000
0.0000
0.0000
0.0000
0.0000
0.0000
0.0000
0.0000
0.0000
0.0000
0.0000
0.0000
0.0000
0.0000
0.0000
0.0000
0.0000
0.0000
0.0000
0.0000
0.0000
0.0000
0.0000
0.0000
0.0000
0.0000
0.0000
0.0000
0.0000
0.0000
0.0000
0.0000
0.0000
0.0000
0.0000
0.0000
0.0000
0.0000
0.0000
0.0000
0.0000
0.0000
0.0000
0.0000
0.0000
0.0000
0.0000
39.0625
39.0625
92.7734
92.7734
146.4844
146.4844
200.1953
200.1953
253.9062
253.9062
307.6172
307.6172
346.6797
346.6797
380.8594
380.8594
405.2734
405.2734
429.6875
429.6875
454.1016
454.1016
483.3984
483.3984
507.8125
507.8125
537.1094
537.1094
571.2891
571.2891
620.1172
620.1172
683.5937
683.5937
766.6016
766.6016
854.4922
854.4922
922.8516
922.8516
952.1484
952.1484
927.7344
927.7344
859.3750
859.3750
756.8359
756.8359
634.7656
634.7656
502.9297
502.9297
371.0937
371.0937
229.4922
229.4922
73.2422
73.2422
0.0000
0.0000
0.0000
0.0000
0.0000
0.0000
0.0000
0.0000
0.0000
0.0000
0.0000
0.0000
0.0000
0.0000
0.0000
0.0000
0.0000
0.0000
0.0000
0.0000
0.0000
0.0000
0.0000
0.0000
0.0000
0.0000
0.0000
0.0000
0.0000
0.0000
0.0000
0.0000
0.0000
0.0000
0.0000
0.0000
0.0000
0.0000
0.0000
0.0000
0.0000
0.0000
0.0000
0.0000
0.0000
0.0000
0.0000
0.0000
0.0000
0.0000
0.0000
0.0000
0.0000
0.0000
0.0000
0.0000
0.0000
0.0000
24.4141
24.4141
63.4766
63.4766
102.5391
102.5391
151.3672
151.3672
195.3125
195.3125
244.1406
244.1406
297.8516
297.8516
351.5625
351.5625
400.3906
400.3906
444.3359
444.3359
483.3984
483.3984
522.4609
522.4609
556.6406
556.6406
590.8203
590.8203
620.1172
620.1172
664.0625
664.0625
708.0078
708.0078
766.6016
766.6016
834.9609
834.9609
908.2031
908.2031
971.6797
971.6797
1010.7422
1020.5078
1020.5078
1020.5078
1000.9766
1000.9766
961.9141
961.9141
898.4375
898.4375
820.3125
820.3125
722.6562
722.6562
615.2344
615.2344
488.2812
488.2812
346.6797
346.6797
185.5469
185.5469
29.2969
29.2969
0.0000
0.0000
0.0000
0.0000
0.0000
0.0000
0.0000
0.0000
0.0000
0.0000
0.0000
0.0000
0.0000
0.0000
0.0000
0.0000
0.0000
0.0000
0.0000
0.0000
0.0000
0.0000
0.0000
0.0000
0.0000
0.0000
0.0000
0.0000
0.0000
0.0000
0.0000
0.0000
0.0000
0.0000
0.0000
0.0000
0.0000
0.0000
0.0000
0.0000
0.0000
0.0000
0.0000
0.0000
0.0000
0.0000
0.0000
34.1797
34.1797
87.8906
87.8906
136.7187
136.7187
185.5469
185.5469
224.6094
224.6094
268.5547
268.5547
307.6172
307.6172
346.6797
346.6797
390.6250
390.6250
439.4531
439.4531
488.2812
488.2812
527.3437
527.3437
566.4062
566.4062
605.4687
605.4687
644.5312
644.5312
688.4766
688.4766
742.1875
742.1875
815.4297
815.4297
908.2031
908.2031
986.3281
986.3281
1030.2734
1030.2734
1025.3906
1025.3906
952.1484
952.1484
820.3125
820.3125
654.2969
654.2969
483.3984
483.3984
336.9141
336.9141
209.9609
209.9609
87.8906
87.8906
0.0000
0.0000
0.0000
0.0000
0.0000
0.0000
0.0000
0.0000
0.0000
0.0000
0.0000
0.0000
0.0000
0.0000
0.0000
0.0000
0.0000
0.0000
0.0000
0.0000
0.0000
0.0000
0.0000
0.0000
0.0000
0.0000
0.0000
0.0000
0.0000
0.0000
0.0000
0.0000
0.0000
0.0000
0.0000
0.0000
0.0000
0.0000
0.0000
0.0000
0.0000
0.0000
0.0000
0.0000
0.0000
0.0000
0.0000
0.0000
0.0000
0.0000
0.0000
0.0000
0.0000
0.0000
0.0000
0.0000
0.0000
0.0000
29.2969
29.2969
63.4766
63.4766
107.4219
107.4219
146.4844
146.4844
185.5469
185.5469
219.7266
219.7266
253.9062
253.9062
283.2031
283.2031
307.6172
307.6172
336.9141
336.9141
380.8594
380.8594
429.6875
429.6875
488.2812
488.2812
551.7578
551.7578
620.1172
620.1172
688.4766
688.4766
756.8359
756.8359
830.0781
830.0781
913.0859
913.0859
1020.5078
1020.5078
1137.6953
1137.6953
1264.6484
1264.6484
1376.9531
1376.9531
1455.0781
1455.0781
1484.3750
1484.3750
1445.3125
1445.3125
1347.6562
1347.6562
1196.2891
1196.2891
1000.9766
1000.9766
771.4844
771.4844
522.4609
522.4609
263.6719
263.6719
4.8828
4.8828
0.0000
0.0000
0.0000
0.0000
0.0000
0.0000
0.0000
0.0000
0.0000
0.0000
0.0000
0.0000
0.0000
0.0000
0.0000
0.0000
0.0000
0.0000
0.0000
0.0000
0.0000
0.0000
0.0000
0.0000
0.0000
0.0000
0.0000
0.0000
0.0000
0.0000
0.0000
0.0000
0.0000
0.0000
0.0000
0.0000
0.0000
0.0000
0.0000
0.0000
0.0000
0.0000
0.0000
0.0000
0.0000
0.0000
0.0000
0.0000
0.0000
0.0000
0.0000
0.0000
0.0000
0.0000
0.0000
0.0000
0.0000
0.0000
0.0000
0.0000
53.7109
53.7109
107.4219
107.4219
151.3672
151.3672
185.5469
185.5469
205.0781
205.0781
224.6094
224.6094
249.0234
249.0234
283.2031
283.2031
312.5000
312.5000
341.7969
341.7969
371.0937
371.0937
410.1562
410.1562
444.3359
444.3359
488.2812
488.2812
551.7578
551.7578
639.6484
639.6484
747.0703
747.0703
874.0234
874.0234
986.3281
986.3281
1079.1016
1079.1016
1118.1641
1118.1641
1093.7500
1093.7500
1010.7422
1010.7422
888.6719
888.6719
737.3047
737.3047
571.2891
571.2891
395.5078
395.5078
219.7266
219.7266
34.1797
34.1797
0.0000
0.0000
0.0000
0.0000
0.0000
0.0000
0.0000
0.0000
0.0000
0.0000
0.0000
0.0000
0.0000
0.0000
0.0000
0.0000
0.0000
0.0000
0.0000
0.0000
0.0000
0.0000
0.0000
0.0000
0.0000
0.0000
0.0000
0.0000
0.0000
0.0000
0.0000
0.0000
0.0000
0.0000
0.0000
0.0000
0.0000
0.0000
0.0000
0.0000
0.0000
0.0000
0.0000
0.0000
0.0000
0.0000
0.0000
0.0000
0.0000
0.0000
0.0000
0.0000
0.0000
0.0000
0.0000
0.0000
0.0000
0.0000
9.7656
9.7656
73.2422
73.2422
131.8359
131.8359
185.5469
185.5469
234.3750
234.3750
268.5547
268.5547
302.7344
302.7344
327.1484
327.1484
351.5625
351.5625
380.8594
380.8594
410.1562
410.1562
444.3359
444.3359
483.3984
483.3984
517.5781
517.5781
566.4062
566.4062
625.0000
625.0000
708.0078
708.0078
815.4297
815.4297
922.8516
922.8516
1005.8594
1005.8594
1054.6875
1054.6875
1059.5703
1059.5703
1020.5078
1020.5078
947.2656
947.2656
849.6094
849.6094
747.0703
747.0703
629.8828
629.8828
507.8125
507.8125
375.9766
375.9766
244.1406
244.1406
102.5391
102.5391
0.0000
0.0000
0.0000
0.0000
0.0000
0.0000
0.0000
0.0000
0.0000
0.0000
0.0000
0.0000
0.0000
0.0000
0.0000
0.0000
0.0000
0.0000
0.0000
0.0000
0.0000
0.0000
0.0000
0.0000
0.0000
0.0000
0.0000
0.0000
0.0000
0.0000
0.0000
0.0000
0.0000
0.0000
0.0000
0.0000
0.0000
0.0000
0.0000
0.0000
0.0000
0.0000
0.0000
0.0000
0.0000
0.0000
0.0000
0.0000
29.2969
29.2969
87.8906
87.8906
136.7187
136.7187
190.4297
190.4297
253.9062
253.9062
312.5000
312.5000
375.9766
375.9766
439.4531
439.4531
502.9297
502.9297
551.7578
551.7578
595.7031
595.7031
629.8828
629.8828
659.1797
659.1797
678.7109
678.7109
698.2422
698.2422
712.8906
712.8906
732.4219
732.4219
747.0703
747.0703
766.6016
766.6016
781.2500
781.2500
810.5469
810.5469
864.2578
864.2578
932.6172
932.6172
1005.8594
1005.8594
1054.6875
1054.6875
1074.2187
1074.2187
1030.2734
1030.2734
927.7344
927.7344
781.2500
781.2500
615.2344
615.2344
449.2187
449.2187
292.9687
292.9687
146.4844
146.4844
4.8828
4.8828
0.0000
0.0000
0.0000
0.0000
0.0000
0.0000
0.0000
0.0000
0.0000
0.0000
0.0000
0.0000
0.0000
0.0000
0.0000
0.0000
0.0000
0.0000
0.0000
0.0000
0.0000
0.0000
0.0000
0.0000
0.0000
0.0000
0.0000
0.0000
0.0000
0.0000
0.0000
0.0000
0.0000
0.0000
0.0000
0.0000
0.0000
0.0000
0.0000
0.0000
0.0000
0.0000
0.0000
0.0000
0.0000
0.0000
0.0000
0.0000
0.0000
0.0000
0.0000
0.0000
0.0000
0.0000
0.0000
0.0000
9.7656
9.7656
58.5937
58.5937
97.6562
97.6562
141.6016
141.6016
185.5469
185.5469
234.3750
234.3750
278.3203
278.3203
317.3828
317.3828
341.7969
341.7969
371.0937
371.0937
395.5078
395.5078
419.9219
419.9219
449.2187
449.2187
488.2812
488.2812
527.3437
527.3437
566.4062
566.4062
600.5859
600.5859
639.6484
639.6484
693.3594
693.3594
766.6016
766.6016
854.4922
854.4922
932.6172
932.6172
996.0937
996.0937
1015.6250
1015.6250
991.2109
991.2109
922.8516
922.8516
830.0781
830.0781
722.6562
722.6562
600.5859
600.5859
468.7500
468.7500
332.0312
332.0312
190.4297
190.4297
34.1797
34.1797
0.0000
0.0000
0.0000
0.0000
0.0000
0.0000
0.0000
0.0000
0.0000
0.0000
0.0000
0.0000
0.0000
0.0000
0.0000
0.0000
0.0000
0.0000
0.0000
0.0000
0.0000
0.0000
0.0000
0.0000
0.0000
0.0000
0.0000
0.0000
0.0000
0.0000
0.0000
0.0000
0.0000
0.0000
0.0000
0.0000
0.0000
0.0000
0.0000
0.0000
0.0000
0.0000
0.0000
0.0000
0.0000
0.0000
63.4766
63.4766
112.3047
112.3047
156.2500
156.2500
185.5469
185.5469
214.8437
214.8437
239.2578
239.2578
258.7891
258.7891
278.3203
278.3203
302.7344
302.7344
327.1484
327.1484
356.4453
356.4453
390.6250
390.6250
434.5703
434.5703
483.3984
483.3984
532.2266
532.2266
581.0547
581.0547
634.7656
634.7656
688.4766
688.4766
737.3047
737.3047
795.8984
795.8984
869.1406
869.1406
952.1484
952.1484
1030.2734
1030.2734
1074.2187
1074.2187
1069.3359
1069.3359
1015.6250
1015.6250
917.9687
917.9687
776.3672
776.3672
610.3516
610.3516
439.4531
439.4531
258.7891
258.7891
73.2422
73.2422
0.0000
0.0000
0.0000
0.0000
0.0000
0.0000
0.0000
0.0000
0.0000
0.0000
0.0000
0.0000
0.0000
0.0000
0.0000
0.0000
0.0000
0.0000
0.0000
0.0000
0.0000
0.0000
0.0000
0.0000
0.0000
0.0000
0.0000
0.0000
0.0000
0.0000
0.0000
0.0000
0.0000
0.0000
0.0000
0.0000
0.0000
0.0000
0.0000
0.0000
0.0000
0.0000
0.0000
0.0000
0.0000
0.0000
0.0000
0.0000
0.0000
0.0000
0.0000
0.0000
0.0000
0.0000
0.0000
0.0000
0.0000
0.0000
73.2422
73.2422
141.6016
141.6016
200.1953
200.1953
244.1406
244.1406
273.4375
273.4375
292.9687
292.9687
317.3828
317.3828
346.6797
346.6797
375.9766
375.9766
405.2734
405.2734
439.4531
439.4531
478.5156
478.5156
517.5781
517.5781
561.5234
561.5234
605.4687
605.4687
659.1797
659.1797
717.7734
717.7734
786.1328
786.1328
869.1406
869.1406
971.6797
971.6797
1069.3359
1069.3359
1142.5781
1142.5781
1162.1094
1162.1094
1137.6953
1137.6953
1064.4531
1064.4531
952.1484
952.1484
810.5469
810.5469
649.4141
649.4141
483.3984
483.3984
307.6172
126.9531
126.9531
126.9531
0.0000
0.0000
0.0000
0.0000
0.0000
0.0000
0.0000
0.0000
0.0000
0.0000
0.0000
0.0000
0.0000
0.0000
0.0000
0.0000
0.0000
0.0000
0.0000
0.0000
0.0000
0.0000
0.0000
0.0000
0.0000
0.0000
0.0000
0.0000
0.0000
0.0000
0.0000
0.0000
0.0000
0.0000
0.0000
0.0000
0.0000
0.0000
0.0000
0.0000
0.0000
0.0000
0.0000
0.0000
0.0000
0.0000
0.0000
0.0000
0.0000
0.0000
0.0000
0.0000
0.0000
0.0000
0.0000
19.5312
19.5312
83.0078
83.0078
141.6016
141.6016
195.3125
195.3125
239.2578
239.2578
268.5547
268.5547
292.9687
292.9687
322.2656
322.2656
341.7969
341.7969
361.3281
361.3281
385.7422
385.7422
415.0391
415.0391
444.3359
444.3359
468.7500
468.7500
488.2812
488.2812
527.3437
527.3437
581.0547
581.0547
659.1797
659.1797
761.7187
761.7187
874.0234
874.0234
976.5625
976.5625
1040.0391
1040.0391
1049.8047
1049.8047
1000.9766
1000.9766
908.2031
908.2031
786.1328
786.1328
649.4141
649.4141
502.9297
502.9297
351.5625
351.5625
185.5469
185.5469
9.7656
9.7656
0.0000
0.0000
0.0000
0.0000
0.0000
0.0000
0.0000
0.0000
0.0000
0.0000
0.0000
0.0000
0.0000
0.0000
0.0000
0.0000
0.0000
0.0000
0.0000
0.0000
0.0000
0.0000
0.0000
0.0000
0.0000
0.0000
0.0000
0.0000
0.0000
0.0000
0.0000
0.0000
0.0000
0.0000
0.0000
0.0000
0.0000
0.0000
0.0000
0.0000
0.0000
0.0000
0.0000
0.0000
0.0000
0.0000
0.0000
0.0000
24.4141
24.4141
78.1250
78.1250
126.9531
126.9531
185.5469
185.5469
239.2578
239.2578
292.9687
292.9687
351.5625
351.5625
410.1562
410.1562
458.9844
458.9844
502.9297
502.9297
537.1094
537.1094
571.2891
571.2891
605.4687
605.4687
629.8828
629.8828
644.5312
644.5312
659.1797
659.1797
673.8281
673.8281
688.4766
688.4766
703.1250
703.1250
717.7734
717.7734
742.1875
742.1875
766.6016
766.6016
805.6641
805.6641
864.2578
864.2578
952.1484
952.1484
1064.4531
1064.4531
1171.8750
1171.8750
1259.7656
1259.7656
1313.4766
1313.4766
1313.4766
1313.4766
1264.6484
1264.6484
1162.1094
1162.1094
1035.1562
1035.1562
874.0234
874.0234
683.5937
683.5937
468.7500
468.7500
229.4922
229.4922
0.0000
0.0000
0.0000
0.0000
0.0000
0.0000
0.0000
0.0000
0.0000
0.0000
0.0000
0.0000
0.0000
0.0000
0.0000
0.0000
0.0000
0.0000
0.0000
0.0000
0.0000
0.0000
0.0000
0.0000
0.0000
0.0000
0.0000
0.0000
0.0000
0.0000
0.0000
0.0000
0.0000
0.0000
0.0000
0.0000
0.0000
0.0000
0.0000
0.0000
0.0000
0.0000
0.0000
0.0000
0.0000
0.0000
0.0000
0.0000
0.0000
0.0000
0.0000
0.0000
0.0000
0.0000
0.0000
0.0000
0.0000
0.0000
0.0000
0.0000
0.0000
0.0000
39.0625
39.0625
92.7734
92.7734
146.4844
146.4844
195.3125
195.3125
234.3750
234.3750
268.5547
268.5547
307.6172
307.6172
341.7969
341.7969
371.0937
371.0937
395.5078
395.5078
410.1562
410.1562
424.8047
424.8047
434.5703
434.5703
458.9844
458.9844
498.0469
498.0469
566.4062
566.4062
649.4141
649.4141
732.4219
732.4219
791.0156
791.0156
815.4297
815.4297
781.2500
781.2500
708.0078
708.0078
600.5859
600.5859
483.3984
483.3984
366.2109
366.2109
253.9062
253.9062
136.7187
136.7187
0.0000
0.0000
0.0000
0.0000
0.0000
0.0000
0.0000
0.0000
0.0000
0.0000
0.0000
0.0000
0.0000
0.0000
0.0000
0.0000
0.0000
0.0000
0.0000
0.0000
0.0000
0.0000
0.0000
0.0000
0.0000
0.0000
0.0000
0.0000
0.0000
0.0000
0.0000
0.0000
0.0000
0.0000
0.0000
0.0000
0.0000
0.0000
0.0000
0.0000
0.0000
0.0000
0.0000
0.0000
0.0000
0.0000
0.0000
0.0000
0.0000
0.0000
0.0000
0.0000
0.0000
0.0000
0.0000
0.0000
0.0000
0.0000
0.0000
0.0000
0.0000
0.0000
0.0000
0.0000
0.0000
0.0000
34.1797
34.1797
68.3594
68.3594
107.4219
107.4219
151.3672
151.3672
200.1953
200.1953
249.0234
249.0234
307.6172
307.6172
371.0937
371.0937
429.6875
429.6875
488.2812
488.2812
551.7578
551.7578
615.2344
615.2344
678.7109
678.7109
742.1875
742.1875
815.4297
815.4297
898.4375
898.4375
996.0937
996.0937
1098.6328
1098.6328
1196.2891
1196.2891
1269.5312
1269.5312
1293.9453
1293.9453
1264.6484
1264.6484
1181.6406
1181.6406
1064.4531
1064.4531
922.8516
922.8516
766.6016
766.6016
605.4687
605.4687
439.4531
439.4531
268.5547
268.5547
97.6562
97.6562
0.0000
0.0000
0.0000
0.0000
0.0000
0.0000
0.0000
0.0000
0.0000
0.0000
0.0000
0.0000
0.0000
0.0000
0.0000
0.0000
0.0000
0.0000
0.0000
0.0000
0.0000
0.0000
0.0000
0.0000
0.0000
0.0000
0.0000
0.0000
0.0000
0.0000
0.0000
0.0000
0.0000
0.0000
0.0000
0.0000
0.0000
0.0000
0.0000
0.0000
0.0000
0.0000
0.0000
0.0000
19.5312
19.5312
97.6562
97.6562
166.0156
166.0156
224.6094
224.6094
273.4375
273.4375
322.2656
322.2656
361.3281
361.3281
400.3906
400.3906
434.5703
434.5703
463.8672
463.8672
493.1641
493.1641
517.5781
517.5781
537.1094
537.1094
566.4062
566.4062
590.8203
590.8203
625.0000
625.0000
659.1797
659.1797
703.1250
703.1250
751.9531
751.9531
805.6641
805.6641
854.4922
854.4922
903.3203
903.3203
957.0312
957.0312
1020.5078
1020.5078
1093.7500
1093.7500
1152.3437
1152.3437
1181.6406
1181.6406
1137.6953
1137.6953
1005.8594
1005.8594
810.5469
810.5469
590.8203
590.8203
375.9766
375.9766
200.1953
200.1953
53.7109
53.7109
0.0000
0.0000
0.0000
0.0000
0.0000
0.0000
0.0000
0.0000
0.0000
0.0000
0.0000
0.0000
0.0000
0.0000
0.0000
0.0000
0.0000
0.0000
0.0000
0.0000
0.0000
0.0000
0.0000
0.0000
0.0000
0.0000
0.0000
0.0000
0.0000
0.0000
0.0000
0.0000
0.0000
0.0000
0.0000
0.0000
0.0000
0.0000
0.0000
0.0000
0.0000
0.0000
0.0000
0.0000
0.0000
0.0000
0.0000
0.0000
0.0000
0.0000
0.0000
0.0000
0.0000
0.0000
0.0000
0.0000
0.0000
0.0000
0.0000
0.0000
63.4766
63.4766
112.3047
112.3047
151.3672
151.3672
185.5469
185.5469
219.7266
219.7266
249.0234
249.0234
278.3203
278.3203
297.8516
297.8516
317.3828
317.3828
336.9141
336.9141
366.2109
366.2109
405.2734
405.2734
454.1016
454.1016
522.4609
522.4609
590.8203
590.8203
659.1797
659.1797
722.6562
722.6562
795.8984
795.8984
864.2578
864.2578
947.2656
947.2656
1035.1562
1035.1562
1132.8125
1132.8125
1225.5859
1225.5859
1293.9453
1293.9453
1323.2422
1323.2422
1298.8281
1298.8281
1225.5859
1225.5859
1108.3984
1108.3984
957.0312
957.0312
786.1328
786.1328
610.3516
610.3516
429.6875
429.6875
239.2578
239.2578
53.7109
53.7109
0.0000
0.0000
0.0000
0.0000
0.0000
0.0000
0.0000
0.0000
0.0000
0.0000
0.0000
0.0000
0.0000
0.0000
0.0000
0.0000
0.0000
0.0000
0.0000
0.0000
0.0000
0.0000
0.0000
0.0000
0.0000
0.0000
0.0000
0.0000
0.0000
0.0000
0.0000
0.0000
0.0000
0.0000
0.0000
0.0000
0.0000
0.0000
0.0000
0.0000
0.0000
0.0000
0.0000
0.0000
0.0000
0.0000
0.0000
0.0000
0.0000
0.0000
0.0000
0.0000
0.0000
0.0000
0.0000
0.0000
0.0000
0.0000
0.0000
0.0000
29.2969
29.2969
73.2422
73.2422
112.3047
112.3047
151.3672
151.3672
185.5469
185.5469
219.7266
219.7266
253.9062
253.9062
283.2031
283.2031
322.2656
322.2656
361.3281
361.3281
405.2734
405.2734
454.1016
454.1016
507.8125
507.8125
556.6406
556.6406
610.3516
610.3516
664.0625
664.0625
737.3047
737.3047
825.1953
825.1953
927.7344
927.7344
1030.2734
1030.2734
1113.2812
1113.2812
1162.1094
1162.1094
1166.9922
1166.9922
1132.8125
1132.8125
1059.5703
1059.5703
961.9141
961.9141
849.6094
849.6094
722.6562
722.6562
576.1719
576.1719
419.9219
419.9219
244.1406
244.1406
53.7109
53.7109
0.0000
0.0000
0.0000
0.0000
0.0000
0.0000
0.0000
0.0000
0.0000
0.0000
0.0000
0.0000
0.0000
0.0000
0.0000
0.0000
0.0000
0.0000
0.0000
0.0000
0.0000
0.0000
0.0000
0.0000
0.0000
0.0000
0.0000
0.0000
0.0000
0.0000
0.0000
0.0000
0.0000
0.0000
0.0000
0.0000
0.0000
0.0000
0.0000
0.0000
0.0000
0.0000
0.0000
0.0000
0.0000
0.0000
0.0000
0.0000
0.0000
0.0000
0.0000
0.0000
0.0000
0.0000
29.2969
29.2969
102.5391
102.5391
170.8984
170.8984
229.4922
229.4922
288.0859
288.0859
336.9141
336.9141
371.0937
371.0937
405.2734
405.2734
434.5703
434.5703
473.6328
473.6328
507.8125
507.8125
537.1094
537.1094
566.4062
566.4062
590.8203
590.8203
605.4687
605.4687
615.2344
615.2344
639.6484
639.6484
683.5937
751.9531
751.9531
751.9531
834.9609
834.9609
922.8516
922.8516
991.2109
991.2109
1025.3906
1025.3906
1015.6250
1015.6250
966.7969
966.7969
888.6719
888.6719
791.0156
791.0156
688.4766
571.2891
571.2891
571.2891
449.2187
449.2187
317.3828
317.3828
161.1328
161.1328
0.0000
0.0000
0.0000
0.0000
0.0000
0.0000
0.0000
0.0000
0.0000
0.0000
0.0000
0.0000
0.0000
0.0000
0.0000
0.0000
0.0000
0.0000
0.0000
0.0000
0.0000
0.0000
0.0000
0.0000
0.0000
0.0000
0.0000
0.0000
0.0000
0.0000
0.0000
0.0000
0.0000
0.0000
0.0000
0.0000
0.0000
0.0000
0.0000
0.0000
0.0000
0.0000
0.0000
0.0000
0.0000
0.0000
0.0000
0.0000
0.0000
0.0000
0.0000
0.0000
0.0000
0.0000
0.0000
0.0000
0.0000
4.8828
4.8828
78.1250
78.1250
156.2500
156.2500
219.7266
219.7266
273.4375
273.4375
307.6172
307.6172
336.9141
336.9141
361.3281
361.3281
385.7422
385.7422
415.0391
415.0391
444.3359
444.3359
473.6328
473.6328
498.0469
498.0469
527.3437
527.3437
551.7578
551.7578
600.5859
600.5859
659.1797
659.1797
747.0703
747.0703
844.7266
844.7266
947.2656
947.2656
1025.3906
1025.3906
1064.4531
1064.4531
1049.8047
1049.8047
981.4453
981.4453
874.0234
874.0234
737.3047
737.3047
590.8203
590.8203
449.2187
449.2187
312.5000
312.5000
166.0156
166.0156
19.5312
19.5312
0.0000
0.0000
0.0000
0.0000
0.0000
0.0000
0.0000
0.0000
0.0000
0.0000
0.0000
0.0000
0.0000
0.0000
0.0000
0.0000
0.0000
0.0000
0.0000
0.0000
0.0000
0.0000
0.0000
0.0000
0.0000
0.0000
0.0000
0.0000
0.0000
0.0000
0.0000
0.0000
0.0000
0.0000
0.0000
0.0000
0.0000
0.0000
0.0000
0.0000
0.0000
0.0000
0.0000
0.0000
0.0000
0.0000
0.0000
0.0000
0.0000
0.0000
0.0000
0.0000
0.0000
0.0000
34.1797
34.1797
87.8906
87.8906
136.7187
136.7187
190.4297
190.4297
244.1406
244.1406
288.0859
288.0859
322.2656
322.2656
351.5625
351.5625
380.8594
380.8594
395.5078
395.5078
410.1562
410.1562
424.8047
424.8047
444.3359
444.3359
463.8672
463.8672
498.0469
498.0469
537.1094
537.1094
585.9375
585.9375
629.8828
629.8828
688.4766
688.4766
751.9531
751.9531
839.8437
839.8437
952.1484
952.1484
1064.4531
1064.4531
1162.1094
1162.1094
1215.8203
1215.8203
1215.8203
1215.8203
1152.3437
1152.3437
1035.1562
1035.1562
878.9062
878.9062
703.1250
703.1250
517.5781
517.5781
327.1484
327.1484
126.9531
126.9531
0.0000
0.0000
0.0000
0.0000
0.0000
0.0000
0.0000
0.0000
0.0000
0.0000
0.0000
0.0000
0.0000
0.0000
0.0000
0.0000
0.0000
0.0000
0.0000
0.0000
0.0000
0.0000
0.0000
0.0000
0.0000
0.0000
0.0000
0.0000
0.0000
0.0000
0.0000
0.0000
0.0000
0.0000
0.0000
0.0000
0.0000
0.0000
0.0000
0.0000
0.0000
0.0000
0.0000
0.0000
0.0000
0.0000
0.0000
0.0000
0.0000
0.0000
0.0000
0.0000
4.8828
4.8828
58.5937
58.5937
107.4219
107.4219
161.1328
161.1328
224.6094
224.6094
283.2031
283.2031
332.0312
332.0312
356.4453
356.4453
371.0937
371.0937
371.0937
371.0937
371.0937
371.0937
371.0937
371.0937
375.9766
375.9766
380.8594
380.8594
380.8594
380.8594
375.9766
375.9766
375.9766
375.9766
380.8594
380.8594
400.3906
400.3906
429.6875
429.6875
483.3984
483.3984
556.6406
556.6406
649.4141
649.4141
761.7187
761.7187
869.1406
869.1406
961.9141
961.9141
1010.7422
1010.7422
1010.7422
1010.7422
947.2656
947.2656
839.8437
839.8437
698.2422
698.2422
541.9922
541.9922
375.9766
375.9766
209.9609
209.9609
29.2969
29.2969
0.0000
0.0000
0.0000
0.0000
0.0000
0.0000
0.0000
0.0000
0.0000
0.0000
0.0000
0.0000
0.0000
0.0000
0.0000
0.0000
0.0000
0.0000
0.0000
0.0000
0.0000
0.0000
0.0000
0.0000
0.0000
0.0000
0.0000
0.0000
0.0000
0.0000
0.0000
0.0000
0.0000
0.0000
0.0000
0.0000
0.0000
0.0000
0.0000
0.0000
0.0000
0.0000
0.0000
0.0000
0.0000
0.0000
0.0000
0.0000
0.0000
0.0000
0.0000
0.0000
0.0000
0.0000
0.0000
0.0000
0.0000
0.0000
0.0000
0.0000
0.0000
0.0000
0.0000
0.0000
0.0000
0.0000
34.1797
34.1797
97.6562
97.6562
156.2500
156.2500
214.8437
214.8437
273.4375
273.4375
336.9141
336.9141
400.3906
400.3906
458.9844
458.9844
512.6953
512.6953
566.4062
566.4062
620.1172
620.1172
678.7109
678.7109
751.9531
751.9531
825.1953
825.1953
913.0859
913.0859
1005.8594
1005.8594
1113.2812
1113.2812
1225.5859
1225.5859
1323.2422
1323.2422
1386.7187
1386.7187
1401.3672
1401.3672
1362.3047
1362.3047
1250.0000
1250.0000
1088.8672
1088.8672
888.6719
888.6719
668.9453
668.9453
444.3359
444.3359
214.8437
214.8437
0.0000
0.0000
0.0000
0.0000
0.0000
0.0000
0.0000
0.0000
0.0000
0.0000
0.0000
0.0000
0.0000
0.0000
0.0000
0.0000
0.0000
0.0000
0.0000
0.0000
0.0000
0.0000
0.0000
0.0000
0.0000
0.0000
0.0000
0.0000
0.0000
0.0000
0.0000
0.0000
0.0000
0.0000
0.0000
0.0000
0.0000
0.0000
0.0000
0.0000
0.0000
0.0000
0.0000
0.0000
0.0000
0.0000
0.0000
0.0000
0.0000
0.0000
0.0000
0.0000
0.0000
0.0000
0.0000
0.0000
0.0000
0.0000
19.5312
19.5312
53.7109
53.7109
92.7734
92.7734
136.7187
136.7187
180.6641
180.6641
229.4922
229.4922
278.3203
278.3203
322.2656
322.2656
366.2109
366.2109
415.0391
415.0391
463.8672
463.8672
507.8125
507.8125
551.7578
551.7578
581.0547
581.0547
610.3516
610.3516
629.8828
629.8828
654.2969
654.2969
688.4766
688.4766
751.9531
751.9531
825.1953
825.1953
898.4375
898.4375
957.0312
957.0312
976.5625
976.5625
961.9141
961.9141
898.4375
898.4375
815.4297
815.4297
717.7734
717.7734
615.2344
615.2344
502.9297
502.9297
371.0937
371.0937
219.7266
219.7266
58.5937
58.5937
0.0000
0.0000
0.0000
0.0000
0.0000
0.0000
0.0000
0.0000
0.0000
0.0000
0.0000
0.0000
0.0000
0.0000
0.0000
0.0000
0.0000
0.0000
0.0000
0.0000
0.0000
0.0000
0.0000
0.0000
0.0000
0.0000
0.0000
0.0000
0.0000
0.0000
0.0000
0.0000
0.0000
0.0000
0.0000
0.0000
0.0000
0.0000
0.0000
0.0000
0.0000
0.0000
0.0000
0.0000
0.0000
0.0000
0.0000
0.0000
0.0000
0.0000
0.0000
0.0000
0.0000
0.0000
14.6484
14.6484
39.0625
39.0625
58.5937
58.5937
68.3594
68.3594
83.0078
83.0078
97.6562
97.6562
122.0703
122.0703
156.2500
156.2500
205.0781
205.0781
258.7891
258.7891
317.3828
317.3828
371.0937
371.0937
424.8047
424.8047
478.5156
478.5156
532.2266
532.2266
590.8203
590.8203
654.2969
654.2969
717.7734
717.7734
781.2500
781.2500
834.9609
834.9609
883.7891
883.7891
932.6172
932.6172
986.3281
986.3281
1059.5703
1059.5703
1142.5781
1142.5781
1220.7031
1220.7031
1274.4141
1274.4141
1298.8281
1298.8281
1269.5312
1269.5312
1191.4062
1191.4062
1064.4531
1064.4531
913.0859
913.0859
742.1875
742.1875
551.7578
551.7578
356.4453
356.4453
151.3672
151.3672
0.0000
0.0000
0.0000
0.0000
0.0000
0.0000
0.0000
0.0000
0.0000
0.0000
0.0000
0.0000
0.0000
0.0000
0.0000
0.0000
0.0000
0.0000
0.0000
0.0000
0.0000
0.0000
0.0000
0.0000
0.0000
0.0000
0.0000
0.0000
0.0000
0.0000
0.0000
0.0000
0.0000
0.0000
0.0000
0.0000
0.0000
0.0000
0.0000
0.0000
0.0000
0.0000
0.0000
0.0000
0.0000
0.0000
0.0000
0.0000
0.0000
0.0000
0.0000
0.0000
0.0000
0.0000
0.0000
0.0000
0.0000
0.0000
4.8828
4.8828
48.8281
48.8281
97.6562
97.6562
146.4844
146.4844
195.3125
195.3125
249.0234
249.0234
302.7344
302.7344
356.4453
356.4453
405.2734
405.2734
458.9844
458.9844
507.8125
507.8125
551.7578
551.7578
595.7031
595.7031
639.6484
639.6484
678.7109
678.7109
717.7734
717.7734
756.8359
756.8359
805.6641
805.6641
864.2578
864.2578
937.5000
937.5000
1010.7422
1010.7422
1074.2187
1074.2187
1103.5156
1103.5156
1083.9844
1083.9844
1005.8594
1005.8594
883.7891
883.7891
732.4219
732.4219
571.2891
571.2891
400.3906
400.3906
229.4922
229.4922
58.5937
58.5937
0.0000
0.0000
0.0000
0.0000
0.0000
0.0000
0.0000
0.0000
0.0000
0.0000
0.0000
0.0000
0.0000
0.0000
0.0000
0.0000
0.0000
0.0000
0.0000
0.0000
0.0000
0.0000
0.0000
0.0000
0.0000
0.0000
0.0000
0.0000
0.0000
0.0000
0.0000
0.0000
0.0000
0.0000
0.0000
0.0000
0.0000
0.0000
0.0000
0.0000
0.0000
0.0000
0.0000
0.0000
0.0000
0.0000
0.0000
0.0000
0.0000
0.0000
0.0000
0.0000
0.0000
0.0000
0.0000
0.0000
14.6484
39.0625
39.0625
39.0625
53.7109
53.7109
58.5937
58.5937
68.3594
68.3594
78.1250
78.1250
92.7734
92.7734
117.1875
117.1875
151.3672
151.3672
185.5469
185.5469
224.6094
268.5547
268.5547
268.5547
317.3828
317.3828
375.9766
375.9766
439.4531
439.4531
507.8125
507.8125
585.9375
585.9375
673.8281
673.8281
776.3672
776.3672
888.6719
888.6719
991.2109
991.2109
1069.3359
1069.3359
1118.1641
1118.1641
1118.1641
1118.1641
1074.2187
1074.2187
991.2109
991.2109
878.9062
878.9062
751.9531
610.3516
610.3516
463.8672
463.8672
312.5000
312.5000
156.2500
156.2500
0.0000
0.0000
0.0000
0.0000
0.0000
0.0000
0.0000
0.0000
0.0000
0.0000
0.0000
0.0000
0.0000
0.0000
0.0000
0.0000
0.0000
0.0000
0.0000
0.0000
0.0000
0.0000
0.0000
0.0000
0.0000
0.0000
0.0000
0.0000
0.0000
0.0000
0.0000
0.0000
0.0000
0.0000
0.0000
0.0000
0.0000
0.0000
0.0000
0.0000
0.0000
0.0000
0.0000
0.0000
0.0000
0.0000
0.0000
0.0000
0.0000
0.0000
0.0000
0.0000
0.0000
0.0000
73.2422
73.2422
136.7187
136.7187
195.3125
195.3125
244.1406
244.1406
288.0859
288.0859
327.1484
327.1484
361.3281
361.3281
385.7422
385.7422
410.1562
410.1562
434.5703
434.5703
449.2187
449.2187
468.7500
468.7500
493.1641
493.1641
522.4609
522.4609
556.6406
556.6406
600.5859
600.5859
639.6484
639.6484
688.4766
688.4766
751.9531
751.9531
820.3125
820.3125
908.2031
908.2031
1000.9766
1000.9766
1083.9844
1083.9844
1132.8125
1132.8125
1132.8125
1132.8125
1083.9844
1083.9844
996.0937
996.0937
874.0234
874.0234
742.1875
742.1875
610.3516
610.3516
483.3984
483.3984
356.4453
356.4453
219.7266
219.7266
73.2422
73.2422
0.0000
0.0000
0.0000
0.0000
0.0000
0.0000
0.0000
0.0000
0.0000
0.0000
0.0000
0.0000
0.0000
0.0000
0.0000
0.0000
0.0000
0.0000
0.0000
0.0000
0.0000
0.0000
0.0000
0.0000
0.0000
0.0000
0.0000
0.0000
0.0000
0.0000
0.0000
0.0000
0.0000
0.0000
0.0000
0.0000
0.0000
0.0000
0.0000
0.0000
0.0000
0.0000
0.0000
0.0000
0.0000
0.0000
0.0000
0.0000
0.0000
0.0000
0.0000
0.0000
0.0000
0.0000
0.0000
0.0000
0.0000
0.0000
0.0000
0.0000
9.7656
9.7656
63.4766
63.4766
112.3047
112.3047
156.2500
156.2500
195.3125
195.3125
239.2578
239.2578
283.2031
283.2031
327.1484
327.1484
375.9766
375.9766
429.6875
429.6875
488.2812
488.2812
551.7578
551.7578
615.2344
615.2344
698.2422
698.2422
781.2500
781.2500
883.7891
883.7891
996.0937
996.0937
1118.1641
1118.1641
1225.5859
1225.5859
1303.7109
1303.7109
1328.1250
1328.1250
1298.8281
1298.8281
1215.8203
1215.8203
1088.8672
1088.8672
932.6172
932.6172
756.8359
756.8359
576.1719
576.1719
385.7422
385.7422
175.7812
175.7812
0.0000
0.0000
0.0000
0.0000
0.0000
0.0000
0.0000
0.0000
0.0000
0.0000
0.0000
0.0000
0.0000
0.0000
0.0000
0.0000
0.0000
0.0000
0.0000
0.0000
0.0000
0.0000
0.0000
0.0000
0.0000
0.0000
0.0000
0.0000
0.0000
0.0000
0.0000
0.0000
0.0000
0.0000
0.0000
0.0000
0.0000
0.0000
0.0000
0.0000
0.0000
0.0000
0.0000
0.0000
0.0000
0.0000
0.0000
0.0000
0.0000
0.0000
0.0000
0.0000
0.0000
0.0000
43.9453
43.9453
102.5391
102.5391
156.2500
156.2500
195.3125
195.3125
229.4922
229.4922
258.7891
258.7891
283.2031
283.2031
312.5000
312.5000
341.7969
341.7969
361.3281
361.3281
380.8594
380.8594
395.5078
395.5078
415.0391
415.0391
424.8047
424.8047
444.3359
444.3359
463.8672
463.8672
498.0469
498.0469
537.1094
537.1094
585.9375
585.9375
639.6484
639.6484
712.8906
712.8906
795.8984
795.8984
898.4375
898.4375
1000.9766
1000.9766
1098.6328
1098.6328
1171.8750
1171.8750
1210.9375
1210.9375
1196.2891
1196.2891
1127.9297
1127.9297
1025.3906
1025.3906
883.7891
883.7891
722.6562
722.6562
541.9922
541.9922
356.4453
356.4453
146.4844
146.4844
0.0000
0.0000
0.0000
0.0000
0.0000
0.0000
0.0000
0.0000
0.0000
0.0000
0.0000
0.0000
0.0000
0.0000
0.0000
0.0000
0.0000
0.0000
0.0000
0.0000
0.0000
0.0000
0.0000
0.0000
0.0000
0.0000
0.0000
0.0000
0.0000
0.0000
0.0000
0.0000
0.0000
0.0000
0.0000
0.0000
0.0000
0.0000
0.0000
0.0000
0.0000
0.0000
0.0000
0.0000
0.0000
0.0000
0.0000
0.0000
0.0000
0.0000
0.0000
0.0000
0.0000
0.0000
0.0000
0.0000
0.0000
0.0000
29.2969
29.2969
83.0078
83.0078
131.8359
131.8359
185.5469
185.5469
229.4922
229.4922
273.4375
273.4375
302.7344
302.7344
336.9141
336.9141
356.4453
356.4453
380.8594
380.8594
400.3906
400.3906
424.8047
424.8047
449.2187
449.2187
478.5156
478.5156
502.9297
502.9297
537.1094
537.1094
581.0547
581.0547
644.5312
644.5312
722.6562
722.6562
820.3125
820.3125
932.6172
932.6172
1025.3906
1025.3906
1088.8672
1088.8672
1108.3984
1108.3984
1093.7500
1093.7500
1035.1562
1035.1562
942.3828
942.3828
820.3125
820.3125
678.7109
678.7109
522.4609
522.4609
346.6797
346.6797
161.1328
161.1328
0.0000
0.0000
0.0000
0.0000
0.0000
0.0000
0.0000
0.0000
0.0000
0.0000
0.0000
0.0000
0.0000
0.0000
0.0000
0.0000
0.0000
0.0000
0.0000
0.0000
0.0000
0.0000
0.0000
0.0000
0.0000
0.0000
0.0000
0.0000
0.0000
0.0000
0.0000
0.0000
0.0000
0.0000
0.0000
0.0000
0.0000
0.0000
0.0000
0.0000
0.0000
0.0000
0.0000
0.0000
0.0000
0.0000
0.0000
0.0000
0.0000
0.0000
0.0000
0.0000
0.0000
0.0000
0.0000
0.0000
0.0000
0.0000
0.0000
0.0000
48.8281
48.8281
92.7734
92.7734
141.6016
141.6016
185.5469
185.5469
239.2578
239.2578
288.0859
288.0859
332.0312
332.0312
366.2109
366.2109
400.3906
400.3906
429.6875
429.6875
458.9844
458.9844
498.0469
498.0469
541.9922
541.9922
595.7031
595.7031
644.5312
644.5312
698.2422
698.2422
751.9531
751.9531
825.1953
825.1953
913.0859
913.0859
1020.5078
1020.5078
1137.6953
1137.6953
1259.7656
1259.7656
1367.1875
1367.1875
1445.3125
1445.3125
1469.7266
1469.7266
1445.3125
1445.3125
1367.1875
1367.1875
1240.2344
1240.2344
1083.9844
1083.9844
908.2031
908.2031
732.4219
732.4219
546.8750
546.8750
356.4453
356.4453
151.3672
151.3672
0.0000
0.0000
0.0000
0.0000
0.0000
0.0000
0.0000
0.0000
0.0000
0.0000
0.0000
0.0000
0.0000
0.0000
0.0000
0.0000
0.0000
0.0000
0.0000
0.0000
0.0000
0.0000
0.0000
0.0000
0.0000
0.0000
0.0000
0.0000
0.0000
0.0000
0.0000
0.0000
0.0000
0.0000
0.0000
0.0000
0.0000
0.0000
0.0000
0.0000
0.0000
0.0000
0.0000
0.0000
0.0000
0.0000
0.0000
0.0000
0.0000
0.0000
0.0000
0.0000
0.0000
0.0000
0.0000
0.0000
0.0000
0.0000
0.0000
0.0000
0.0000
0.0000
43.9453
43.9453
107.4219
107.4219
166.0156
166.0156
229.4922
229.4922
292.9687
292.9687
361.3281
361.3281
429.6875
429.6875
502.9297
502.9297
571.2891
571.2891
639.6484
639.6484
693.3594
693.3594
756.8359
756.8359
815.4297
815.4297
883.7891
883.7891
957.0312
957.0312
1040.0391
1040.0391
1127.9297
1127.9297
1206.0547
1206.0547
1254.8828
1254.8828
1259.7656
1259.7656
1230.4687
1230.4687
1157.2266
1157.2266
1054.6875
1054.6875
922.8516
922.8516
776.3672
776.3672
610.3516
610.3516
434.5703
434.5703
244.1406
244.1406
53.7109
53.7109
0.0000
0.0000
0.0000
0.0000
0.0000
0.0000
0.0000
0.0000
0.0000
0.0000
0.0000
0.0000
0.0000
0.0000
0.0000
0.0000
0.0000
0.0000
0.0000
0.0000
0.0000
0.0000
0.0000
0.0000
0.0000
0.0000
0.0000
0.0000
0.0000
0.0000
0.0000
0.0000
0.0000
0.0000
0.0000
0.0000
0.0000
0.0000
0.0000
0.0000
0.0000
0.0000
0.0000
0.0000
0.0000
0.0000
0.0000
0.0000
0.0000
0.0000
0.0000
0.0000
0.0000
0.0000
0.0000
0.0000
0.0000
0.0000
0.0000
0.0000
19.5312
19.5312
48.8281
48.8281
78.1250
78.1250
112.3047
112.3047
146.4844
146.4844
190.4297
190.4297
234.3750
234.3750
288.0859
288.0859
341.7969
341.7969
395.5078
395.5078
449.2187
449.2187
498.0469
498.0469
546.8750
546.8750
605.4687
605.4687
678.7109
678.7109
761.7187
761.7187
864.2578
864.2578
966.7969
966.7969
1049.8047
1049.8047
1093.7500
1093.7500
1098.6328
1098.6328
1044.9219
1044.9219
947.2656
947.2656
800.7812
800.7812
634.7656
634.7656
449.2187
449.2187
258.7891
258.7891
63.4766
63.4766
0.0000
0.0000
0.0000
0.0000
0.0000
0.0000
0.0000
0.0000
0.0000
0.0000
0.0000
0.0000
0.0000
0.0000
0.0000
0.0000
0.0000
0.0000
0.0000
0.0000
0.0000
0.0000
0.0000
0.0000
0.0000
0.0000
0.0000
0.0000
0.0000
0.0000
0.0000
0.0000
0.0000
0.0000
0.0000
0.0000
0.0000
0.0000
0.0000
0.0000
0.0000
0.0000
0.0000
0.0000
0.0000
0.0000
0.0000
0.0000
0.0000
0.0000
0.0000
0.0000
0.0000
0.0000
0.0000
0.0000
0.0000
0.0000
19.5312
19.5312
68.3594
68.3594
117.1875
175.7812
175.7812
175.7812
229.4922
229.4922
288.0859
288.0859
346.6797
346.6797
400.3906
400.3906
449.2187
449.2187
502.9297
502.9297
561.5234
625.0000
625.0000
688.4766
688.4766
747.0703
747.0703
800.7812
800.7812
849.6094
849.6094
893.5547
893.5547
947.2656
947.2656
1015.6250
1015.6250
1093.7500
1093.7500
1176.7578
1176.7578
1245.1172
1245.1172
1279.2969
1279.2969
1269.5312
1269.5312
1206.0547
1206.0547
1098.6328
1098.6328
966.7969
966.7969
815.4297
815.4297
654.2969
654.2969
488.2812
488.2812
302.7344
302.7344
112.3047
112.3047
0.0000
0.0000
0.0000
0.0000
0.0000
0.0000
0.0000
0.0000
0.0000
0.0000
0.0000
0.0000
0.0000
0.0000
0.0000
0.0000
0.0000
0.0000
0.0000
0.0000
0.0000
0.0000
0.0000
0.0000
0.0000
0.0000
0.0000
0.0000
0.0000
0.0000
0.0000
0.0000
0.0000
0.0000
0.0000
0.0000
0.0000
0.0000
0.0000
0.0000
0.0000
0.0000
0.0000
0.0000
0.0000
0.0000
0.0000
0.0000
0.0000
0.0000
0.0000
0.0000
0.0000
0.0000
0.0000
0.0000
29.2969
29.2969
73.2422
73.2422
126.9531
126.9531
175.7812
175.7812
224.6094
224.6094
273.4375
273.4375
322.2656
322.2656
371.0937
371.0937
424.8047
424.8047
483.3984
483.3984
537.1094
537.1094
581.0547
581.0547
605.4687
605.4687
625.0000
625.0000
634.7656
634.7656
649.4141
649.4141
654.2969
654.2969
668.9453
668.9453
678.7109
678.7109
693.3594
693.3594
708.0078
708.0078
747.0703
747.0703
795.8984
795.8984
844.7266
844.7266
878.9062
878.9062
878.9062
878.9062
834.9609
834.9609
742.1875
742.1875
625.0000
625.0000
483.3984
483.3984
346.6797
346.6797
209.9609
209.9609
68.3594
68.3594
0.0000
0.0000
0.0000
0.0000
0.0000
0.0000
0.0000
0.0000
0.0000
0.0000
0.0000
0.0000
0.0000
0.0000
0.0000
0.0000
0.0000
0.0000
0.0000
0.0000
0.0000
0.0000
0.0000
0.0000
0.0000
0.0000
0.0000
0.0000
0.0000
0.0000
0.0000
0.0000
0.0000
0.0000
0.0000
0.0000
0.0000
0.0000
0.0000
0.0000
0.0000
0.0000
0.0000
0.0000
0.0000
0.0000
0.0000
0.0000
0.0000
0.0000
0.0000
0.0000
0.0000
0.0000
0.0000
0.0000
0.0000
0.0000
0.0000
0.0000
0.0000
0.0000
34.1797
34.1797
83.0078
83.0078
126.9531
126.9531
161.1328
161.1328
195.3125
195.3125
234.3750
234.3750
278.3203
278.3203
322.2656
322.2656
375.9766
375.9766
434.5703
434.5703
493.1641
493.1641
546.8750
546.8750
605.4687
605.4687
659.1797
659.1797
712.8906
712.8906
771.4844
771.4844
830.0781
830.0781
903.3203
903.3203
981.4453
981.4453
1074.2187
1074.2187
1157.2266
1157.2266
1230.4687
1230.4687
1264.6484
1264.6484
1250.0000
1250.0000
1176.7578
1176.7578
1064.4531
1064.4531
917.9687
917.9687
756.8359
756.8359
585.9375
585.9375
410.1562
410.1562
224.6094
224.6094
34.1797
34.1797
0.0000
0.0000
0.0000
0.0000
0.0000
0.0000
0.0000
0.0000
0.0000
0.0000
0.0000
0.0000
0.0000
0.0000
0.0000
0.0000
0.0000
0.0000
0.0000
0.0000
0.0000
0.0000
0.0000
0.0000
0.0000
0.0000
0.0000
0.0000
0.0000
0.0000
0.0000
0.0000
0.0000
0.0000
0.0000
0.0000
0.0000
0.0000
0.0000
0.0000
0.0000
0.0000
0.0000
0.0000
0.0000
0.0000
0.0000
0.0000
0.0000
0.0000
0.0000
0.0000
24.4141
24.4141
78.1250
78.1250
126.9531
126.9531
166.0156
166.0156
190.4297
190.4297
214.8437
214.8437
229.4922
229.4922
249.0234
249.0234
263.6719
263.6719
292.9687
292.9687
332.0312
332.0312
380.8594
380.8594
434.5703
434.5703
488.2812
488.2812
541.9922
541.9922
590.8203
590.8203
649.4141
649.4141
703.1250
703.1250
771.4844
771.4844
834.9609
834.9609
898.4375
898.4375
957.0312
957.0312
1015.6250
1015.6250
1074.2187
1074.2187
1142.5781
1142.5781
1196.2891
1196.2891
1230.4687
1230.4687
1215.8203
1215.8203
1152.3437
1152.3437
1030.2734
1030.2734
878.9062
878.9062
708.0078
708.0078
537.1094
537.1094
371.0937
371.0937
200.1953
200.1953
34.1797
34.1797
0.0000
0.0000
0.0000
0.0000
0.0000
0.0000
0.0000
0.0000
0.0000
0.0000
0.0000
0.0000
0.0000
0.0000
0.0000
0.0000
0.0000
0.0000
0.0000
0.0000
0.0000
0.0000
0.0000
0.0000
0.0000
0.0000
0.0000
0.0000
0.0000
0.0000
0.0000
0.0000
0.0000
0.0000
0.0000
0.0000
0.0000
0.0000
0.0000
0.0000
0.0000
0.0000
0.0000
0.0000
0.0000
0.0000
0.0000
0.0000
0.0000
0.0000
0.0000
0.0000
4.8828
4.8828
34.1797
34.1797
58.5937
58.5937
78.1250
78.1250
92.7734
92.7734
107.4219
107.4219
117.1875
117.1875
122.0703
122.0703
117.1875
117.1875
117.1875
117.1875
122.0703
122.0703
146.4844
146.4844
185.5469
185.5469
234.3750
234.3750
288.0859
288.0859
351.5625
351.5625
410.1562
410.1562
478.5156
478.5156
546.8750
546.8750
625.0000
625.0000
717.7734
717.7734
820.3125
820.3125
932.6172
932.6172
1040.0391
1040.0391
1132.8125
1132.8125
1186.5234
1186.5234
1201.1719
1201.1719
1157.2266
1157.2266
1079.1016
1079.1016
957.0312
957.0312
810.5469
810.5469
639.6484
639.6484
463.8672
463.8672
278.3203
278.3203
87.8906
87.8906
0.0000
0.0000
0.0000
0.0000
0.0000
0.0000
0.0000
0.0000
0.0000
0.0000
0.0000
0.0000
0.0000
0.0000
0.0000
0.0000
0.0000
0.0000
0.0000
0.0000
0.0000
0.0000
0.0000
0.0000
0.0000
0.0000
0.0000
0.0000
0.0000
0.0000
0.0000
0.0000
0.0000
0.0000
0.0000
0.0000
0.0000
0.0000
0.0000
0.0000
0.0000
0.0000
0.0000
0.0000
0.0000
0.0000
0.0000
0.0000
0.0000
0.0000
0.0000
0.0000
0.0000
0.0000
0.0000
0.0000
9.7656
9.7656
43.9453
43.9453
68.3594
68.3594
83.0078
83.0078
97.6562
97.6562
117.1875
117.1875
136.7187
136.7187
166.0156
166.0156
200.1953
200.1953
244.1406
244.1406
288.0859
288.0859
336.9141
336.9141
395.5078
395.5078
463.8672
463.8672
537.1094
537.1094
615.2344
615.2344
708.0078
708.0078
810.5469
810.5469
922.8516
922.8516
1025.3906
1025.3906
1108.3984
1108.3984
1127.9297
1127.9297
1079.1016
1079.1016
957.0312
957.0312
776.3672
776.3672
571.2891
571.2891
361.3281
361.3281
156.2500
156.2500
0.0000
0.0000
0.0000
0.0000
0.0000
0.0000
0.0000
0.0000
0.0000
0.0000
0.0000
0.0000
0.0000
0.0000
0.0000
0.0000
0.0000
0.0000
0.0000
0.0000
0.0000
0.0000
0.0000
0.0000
0.0000
0.0000
0.0000
0.0000
0.0000
0.0000
0.0000
0.0000
0.0000
0.0000
0.0000
0.0000
0.0000
0.0000
0.0000
0.0000
0.0000
0.0000
0.0000
0.0000
0.0000
0.0000
0.0000
0.0000
0.0000
0.0000
19.5312
19.5312
83.0078
83.0078
146.4844
146.4844
209.9609
209.9609
273.4375
273.4375
336.9141
336.9141
405.2734
405.2734
468.7500
468.7500
522.4609
522.4609
576.1719
576.1719
620.1172
620.1172
654.2969
654.2969
673.8281
673.8281
693.3594
693.3594
708.0078
708.0078
717.7734
717.7734
722.6562
722.6562
727.5391
727.5391
727.5391
727.5391
732.4219
732.4219
742.1875
742.1875
756.8359
756.8359
776.3672
776.3672
800.7812
800.7812
830.0781
830.0781
859.3750
859.3750
903.3203
903.3203
957.0312
957.0312
1025.3906
1025.3906
1088.8672
1088.8672
1137.6953
1137.6953
1142.5781
1142.5781
1088.8672
1088.8672
976.5625
976.5625
820.3125
820.3125
639.6484
639.6484
454.1016
454.1016
268.5547
268.5547
83.0078
83.0078
0.0000
0.0000
0.0000
0.0000
0.0000
0.0000
0.0000
0.0000
0.0000
0.0000
0.0000
0.0000
0.0000
0.0000
0.0000
0.0000
0.0000
0.0000
0.0000
0.0000
0.0000
0.0000
0.0000
0.0000
0.0000
0.0000
0.0000
0.0000
0.0000
0.0000
0.0000
0.0000
0.0000
0.0000
0.0000
0.0000
0.0000
0.0000
0.0000
0.0000
0.0000
0.0000
0.0000
0.0000
0.0000
0.0000
0.0000
0.0000
0.0000
0.0000
0.0000
0.0000
0.0000
0.0000
0.0000
0.0000
0.0000
0.0000
39.0625
39.0625
92.7734
92.7734
141.6016
141.6016
185.5469
185.5469
219.7266
219.7266
249.0234
249.0234
268.5547
268.5547
288.0859
288.0859
302.7344
302.7344
317.3828
317.3828
322.2656
322.2656
332.0312
332.0312
332.0312
332.0312
341.7969
341.7969
351.5625
351.5625
375.9766
375.9766
419.9219
419.9219
488.2812
488.2812
571.2891
571.2891
659.1797
659.1797
732.4219
732.4219
771.4844
771.4844
761.7187
761.7187
703.1250
703.1250
615.2344
615.2344
498.0469
498.0469
375.9766
375.9766
234.3750
234.3750
87.8906
87.8906
0.0000
0.0000
0.0000
0.0000
0.0000
0.0000
0.0000
0.0000
0.0000
0.0000
0.0000
0.0000
0.0000
0.0000
0.0000
0.0000
0.0000
0.0000
0.0000
0.0000
0.0000
0.0000
0.0000
0.0000
0.0000
0.0000
0.0000
0.0000
0.0000
0.0000
0.0000
0.0000
0.0000
0.0000
0.0000
0.0000
0.0000
0.0000
0.0000
0.0000
0.0000
0.0000
0.0000
0.0000
0.0000
0.0000
0.0000
0.0000
0.0000
0.0000
0.0000
0.0000
0.0000
0.0000
0.0000
0.0000
0.0000
24.4141
24.4141
83.0078
83.0078
151.3672
151.3672
209.9609
209.9609
273.4375
273.4375
327.1484
327.1484
380.8594
380.8594
429.6875
429.6875
478.5156
478.5156
522.4609
522.4609
556.6406
556.6406
581.0547
581.0547
595.7031
595.7031
605.4687
605.4687
620.1172
620.1172
634.7656
634.7656
659.1797
659.1797
688.4766
688.4766
727.5391
727.5391
781.2500
781.2500
844.7266
844.7266
927.7344
927.7344
1005.8594
1005.8594
1079.1016
1079.1016
1118.1641
1118.1641
1113.2812
1113.2812
1064.4531
1064.4531
976.5625
976.5625
859.3750
859.3750
722.6562
722.6562
571.2891
571.2891
410.1562
410.1562
244.1406
244.1406
68.3594
68.3594
0.0000
0.0000
0.0000
0.0000
0.0000
0.0000
0.0000
0.0000
0.0000
0.0000
0.0000
0.0000
0.0000
0.0000
0.0000
0.0000
0.0000
0.0000
0.0000
0.0000
0.0000
0.0000
0.0000
0.0000
0.0000
0.0000
0.0000
0.0000
0.0000
0.0000
0.0000
0.0000
0.0000
0.0000
0.0000
0.0000
0.0000
0.0000
0.0000
0.0000
0.0000
0.0000
0.0000
0.0000
0.0000
0.0000
9.7656
9.7656
83.0078
83.0078
146.4844
146.4844
200.1953
200.1953
249.0234
249.0234
283.2031
283.2031
317.3828
317.3828
341.7969
341.7969
375.9766
375.9766
405.2734
405.2734
434.5703
434.5703
463.8672
463.8672
493.1641
493.1641
522.4609
522.4609
551.7578
551.7578
576.1719
576.1719
605.4687
605.4687
639.6484
639.6484
668.9453
668.9453
703.1250
703.1250
747.0703
747.0703
800.7812
800.7812
869.1406
869.1406
942.3828
942.3828
1005.8594
1005.8594
1049.8047
1049.8047
1054.6875
1054.6875
1015.6250
1015.6250
937.5000
937.5000
834.9609
834.9609
708.0078
708.0078
566.4062
566.4062
410.1562
410.1562
244.1406
244.1406
73.2422
73.2422
0.0000
0.0000
0.0000
0.0000
0.0000
0.0000
0.0000
0.0000
0.0000
0.0000
0.0000
0.0000
0.0000
0.0000
0.0000
0.0000
0.0000
0.0000
0.0000
0.0000
0.0000
0.0000
0.0000
0.0000
0.0000
0.0000
0.0000
0.0000
0.0000
0.0000
0.0000
0.0000
0.0000
0.0000
0.0000
0.0000
0.0000
0.0000
0.0000
0.0000
0.0000
0.0000
0.0000
0.0000
0.0000
0.0000
0.0000
0.0000
0.0000
0.0000
0.0000
0.0000
0.0000
0.0000
0.0000
0.0000
4.8828
4.8828
73.2422
73.2422
141.6016
141.6016
200.1953
200.1953
253.9062
253.9062
302.7344
302.7344
346.6797
346.6797
400.3906
400.3906
449.2187
449.2187
507.8125
507.8125
566.4062
566.4062
620.1172
620.1172
668.9453
668.9453
722.6562
722.6562
761.7187
761.7187
800.7812
800.7812
834.9609
834.9609
883.7891
883.7891
937.5000
937.5000
1005.8594
1005.8594
1069.3359
1069.3359
1123.0469
1123.0469
1152.3437
1152.3437
1132.8125
1132.8125
1064.4531
1064.4531
957.0312
957.0312
820.3125
820.3125
668.9453
668.9453
507.8125
507.8125
341.7969
341.7969
175.7812
175.7812
4.8828
4.8828
0.0000
0.0000
0.0000
0.0000
0.0000
0.0000
0.0000
0.0000
0.0000
0.0000
0.0000
0.0000
0.0000
0.0000
0.0000
0.0000
0.0000
0.0000
0.0000
0.0000
0.0000
0.0000
0.0000
0.0000
0.0000
0.0000
0.0000
0.0000
0.0000
0.0000
0.0000
0.0000
0.0000
0.0000
0.0000
0.0000
0.0000
0.0000
0.0000
0.0000
0.0000
0.0000
0.0000
0.0000
0.0000
0.0000
0.0000
0.0000
0.0000
0.0000
0.0000
0.0000
0.0000
0.0000
0.0000
0.0000
0.0000
0.0000
0.0000
0.0000
0.0000
0.0000
0.0000
0.0000
0.0000
0.0000
0.0000
0.0000
19.5312
19.5312
48.8281
48.8281
87.8906
87.8906
136.7187
136.7187
190.4297
190.4297
244.1406
244.1406
307.6172
307.6172
366.2109
366.2109
429.6875
429.6875
493.1641
493.1641
561.5234
561.5234
639.6484
639.6484
727.5391
727.5391
830.0781
830.0781
942.3828
942.3828
1049.8047
1049.8047
1127.9297
1127.9297
1166.9922
1166.9922
1147.4609
1147.4609
1083.9844
1083.9844
981.4453
981.4453
849.6094
849.6094
698.2422
698.2422
527.3437
527.3437
341.7969
341.7969
141.6016
141.6016
0.0000
0.0000
0.0000
0.0000
0.0000
0.0000
0.0000
0.0000
0.0000
0.0000
0.0000
0.0000
0.0000
0.0000
0.0000
0.0000
0.0000
0.0000
0.0000
0.0000
0.0000
0.0000
0.0000
0.0000
0.0000
0.0000
0.0000
0.0000
0.0000
0.0000
0.0000
0.0000
0.0000
0.0000
0.0000
0.0000
0.0000
0.0000
0.0000
0.0000
0.0000
0.0000
0.0000
0.0000
0.0000
0.0000
0.0000
0.0000
0.0000
0.0000
0.0000
0.0000
53.7109
53.7109
126.9531
126.9531
185.5469
185.5469
234.3750
234.3750
273.4375
273.4375
302.7344
302.7344
332.0312
332.0312
356.4453
356.4453
385.7422
385.7422
415.0391
415.0391
444.3359
444.3359
478.5156
478.5156
512.6953
512.6953
546.8750
546.8750
581.0547
581.0547
625.0000
625.0000
673.8281
673.8281
727.5391
727.5391
800.7812
800.7812
878.9062
878.9062
961.9141
961.9141
1035.1562
1035.1562
1093.7500
1093.7500
1123.0469
1123.0469
1118.1641
1118.1641
1069.3359
1069.3359
991.2109
991.2109
883.7891
883.7891
756.8359
756.8359
620.1172
620.1172
478.5156
478.5156
327.1484
327.1484
166.0156
166.0156
0.0000
0.0000
0.0000
0.0000
0.0000
0.0000
0.0000
0.0000
0.0000
0.0000
0.0000
0.0000
0.0000
0.0000
0.0000
0.0000
0.0000
0.0000
0.0000
0.0000
0.0000
0.0000
0.0000
0.0000
0.0000
0.0000
0.0000
0.0000
0.0000
0.0000
0.0000
0.0000
0.0000
0.0000
0.0000
0.0000
0.0000
0.0000
0.0000
0.0000
0.0000
0.0000
0.0000
0.0000
0.0000
0.0000
0.0000
0.0000
0.0000
0.0000
0.0000
0.0000
0.0000
0.0000
19.5312
19.5312
92.7734
92.7734
156.2500
156.2500
219.7266
219.7266
283.2031
283.2031
336.9141
336.9141
380.8594
380.8594
415.0391
415.0391
444.3359
444.3359
468.7500
468.7500
488.2812
488.2812
507.8125
507.8125
522.4609
522.4609
537.1094
537.1094
551.7578
551.7578
561.5234
561.5234
581.0547
581.0547
629.8828
629.8828
703.1250
703.1250
795.8984
795.8984
878.9062
878.9062
942.3828
942.3828
957.0312
957.0312
927.7344
927.7344
849.6094
849.6094
742.1875
742.1875
625.0000
625.0000
498.0469
498.0469
366.2109
366.2109
224.6094
224.6094
78.1250
78.1250
0.0000
0.0000
0.0000
0.0000
0.0000
0.0000
0.0000
0.0000
0.0000
0.0000
0.0000
0.0000
0.0000
0.0000
0.0000
0.0000
0.0000
0.0000
0.0000
0.0000
0.0000
0.0000
0.0000
0.0000
0.0000
0.0000
0.0000
0.0000
0.0000
0.0000
0.0000
0.0000
0.0000
0.0000
0.0000
0.0000
0.0000
0.0000
0.0000
0.0000
0.0000
0.0000
0.0000
0.0000
0.0000
0.0000
0.0000
0.0000
0.0000
0.0000
34.1797
34.1797
87.8906
87.8906
141.6016
141.6016
195.3125
195.3125
244.1406
244.1406
297.8516
297.8516
351.5625
351.5625
400.3906
400.3906
449.2187
449.2187
498.0469
498.0469
537.1094
537.1094
571.2891
571.2891
605.4687
605.4687
629.8828
629.8828
654.2969
654.2969
678.7109
678.7109
708.0078
708.0078
742.1875
742.1875
781.2500
781.2500
820.3125
820.3125
869.1406
869.1406
932.6172
932.6172
1010.7422
1010.7422
1098.6328
1098.6328
1181.6406
1181.6406
1245.1172
1245.1172
1269.5312
1269.5312
1240.2344
1240.2344
1157.2266
1157.2266
1035.1562
1035.1562
883.7891
883.7891
722.6562
722.6562
561.5234
561.5234
400.3906
400.3906
229.4922
229.4922
53.7109
53.7109
0.0000
0.0000
0.0000
0.0000
0.0000
0.0000
0.0000
0.0000
0.0000
0.0000
0.0000
0.0000
0.0000
0.0000
0.0000
0.0000
0.0000
0.0000
0.0000
0.0000
0.0000
0.0000
0.0000
0.0000
0.0000
0.0000
0.0000
0.0000
0.0000
0.0000
0.0000
0.0000
0.0000
0.0000
0.0000
0.0000
0.0000
0.0000
0.0000
0.0000
0.0000
0.0000
0.0000
0.0000
0.0000
0.0000
0.0000
0.0000
0.0000
0.0000
0.0000
0.0000
0.0000
0.0000
0.0000
0.0000
0.0000
0.0000
0.0000
0.0000
53.7109
53.7109
112.3047
112.3047
170.8984
170.8984
224.6094
224.6094
273.4375
273.4375
322.2656
322.2656
366.2109
366.2109
405.2734
405.2734
439.4531
439.4531
468.7500
468.7500
493.1641
493.1641
517.5781
517.5781
541.9922
541.9922
581.0547
581.0547
649.4141
732.4219
732.4219
732.4219
830.0781
830.0781
903.3203
903.3203
947.2656
947.2656
947.2656
947.2656
898.4375
898.4375
800.7812
800.7812
688.4766
688.4766
556.6406
556.6406
415.0391
253.9062
253.9062
253.9062
87.8906
87.8906
0.0000
0.0000
0.0000
0.0000
0.0000
0.0000
0.0000
0.0000
0.0000
0.0000
0.0000
0.0000
0.0000
0.0000
0.0000
0.0000
0.0000
0.0000
0.0000
0.0000
0.0000
0.0000
0.0000
0.0000
0.0000
0.0000
0.0000
0.0000
0.0000
0.0000
0.0000
0.0000
0.0000
0.0000
0.0000
0.0000
0.0000
0.0000
0.0000
0.0000
0.0000
0.0000
0.0000
0.0000
0.0000
0.0000
0.0000
0.0000
0.0000
29.2969
29.2969
92.7734
92.7734
156.2500
156.2500
209.9609
209.9609
263.6719
263.6719
307.6172
307.6172
341.7969
341.7969
366.2109
366.2109
395.5078
395.5078
424.8047
424.8047
463.8672
463.8672
493.1641
493.1641
527.3437
527.3437
556.6406
556.6406
581.0547
581.0547
600.5859
600.5859
620.1172
620.1172
649.4141
649.4141
678.7109
678.7109
703.1250
703.1250
732.4219
732.4219
766.6016
766.6016
820.3125
820.3125
883.7891
883.7891
957.0312
957.0312
1030.2734
1030.2734
1088.8672
1088.8672
1108.3984
1108.3984
1074.2187
1074.2187
986.3281
986.3281
864.2578
864.2578
708.0078
708.0078
537.1094
537.1094
371.0937
371.0937
209.9609
209.9609
53.7109
53.7109
0.0000
0.0000
0.0000
0.0000
0.0000
0.0000
0.0000
0.0000
0.0000
0.0000
0.0000
0.0000
0.0000
0.0000
0.0000
0.0000
0.0000
0.0000
0.0000
0.0000
0.0000
0.0000
0.0000
0.0000
0.0000
0.0000
0.0000
0.0000
0.0000
0.0000
0.0000
0.0000
0.0000
0.0000
0.0000
0.0000
0.0000
0.0000
0.0000
0.0000
0.0000
0.0000
0.0000
0.0000
0.0000
0.0000
0.0000
0.0000
0.0000
0.0000
0.0000
0.0000
0.0000
0.0000
0.0000
0.0000
0.0000
0.0000
0.0000
0.0000
9.7656
9.7656
39.0625
39.0625
73.2422
73.2422
107.4219
107.4219
141.6016
141.6016
175.7812
175.7812
214.8437
214.8437
258.7891
258.7891
312.5000
312.5000
371.0937
371.0937
439.4531
439.4531
507.8125
507.8125
581.0547
581.0547
654.2969
654.2969
737.3047
737.3047
825.1953
825.1953
927.7344
927.7344
1025.3906
1025.3906
1118.1641
1118.1641
1186.5234
1186.5234
1210.9375
1210.9375
1176.7578
1176.7578
1088.8672
1088.8672
961.9141
961.9141
800.7812
800.7812
625.0000
625.0000
444.3359
444.3359
273.4375
273.4375
107.4219
107.4219
0.0000
0.0000
0.0000
0.0000
0.0000
0.0000
0.0000
0.0000
0.0000
0.0000
0.0000
0.0000
0.0000
0.0000
0.0000
0.0000
0.0000
0.0000
0.0000
0.0000
0.0000
0.0000
0.0000
0.0000
0.0000
0.0000
0.0000
0.0000
0.0000
0.0000
0.0000
0.0000
0.0000
0.0000
0.0000
0.0000
0.0000
0.0000
0.0000
0.0000
0.0000
0.0000
0.0000
0.0000
0.0000
0.0000
0.0000
0.0000
0.0000
0.0000
0.0000
0.0000
0.0000
0.0000
0.0000
0.0000
0.0000
0.0000
0.0000
0.0000
0.0000
0.0000
29.2969
29.2969
73.2422
73.2422
107.4219
107.4219
146.4844
146.4844
175.7812
175.7812
214.8437
214.8437
253.9062
253.9062
307.6172
307.6172
356.4453
356.4453
419.9219
419.9219
483.3984
483.3984
551.7578
551.7578
625.0000
625.0000
698.2422
698.2422
776.3672
776.3672
849.6094
849.6094
917.9687
917.9687
986.3281
986.3281
1044.9219
1044.9219
1103.5156
1103.5156
1162.1094
1162.1094
1210.9375
1210.9375
1245.1172
1245.1172
1240.2344
1240.2344
1191.4062
1191.4062
1088.8672
1088.8672
942.3828
942.3828
771.4844
771.4844
595.7031
595.7031
424.8047
424.8047
263.6719
263.6719
107.4219
107.4219
0.0000
0.0000
0.0000
0.0000
0.0000
0.0000
0.0000
0.0000
0.0000
0.0000
0.0000
0.0000
0.0000
0.0000
0.0000
0.0000
0.0000
0.0000
0.0000
0.0000
0.0000
0.0000
0.0000
0.0000
0.0000
0.0000
0.0000
0.0000
0.0000
0.0000
0.0000
0.0000
0.0000
0.0000
0.0000
0.0000
0.0000
0.0000
0.0000
0.0000
0.0000
0.0000
0.0000
0.0000
0.0000
0.0000
0.0000
0.0000
0.0000
0.0000
0.0000
0.0000
0.0000
0.0000
0.0000
0.0000
0.0000
0.0000
0.0000
0.0000
0.0000
0.0000
19.5312
19.5312
48.8281
48.8281
78.1250
78.1250
107.4219
107.4219
136.7187
136.7187
166.0156
166.0156
200.1953
200.1953
234.3750
234.3750
273.4375
273.4375
312.5000
312.5000
371.0937
371.0937
429.6875
429.6875
493.1641
493.1641
566.4062
566.4062
659.1797
659.1797
761.7187
761.7187
874.0234
874.0234
971.6797
971.6797
1044.9219
1044.9219
1059.5703
1059.5703
1015.6250
1015.6250
908.2031
908.2031
761.7187
761.7187
600.5859
600.5859
434.5703
434.5703
273.4375
273.4375
107.4219
107.4219
0.0000
0.0000
0.0000
0.0000
0.0000
0.0000
0.0000
0.0000
0.0000
0.0000
0.0000
0.0000
0.0000
0.0000
0.0000
0.0000
0.0000
0.0000
0.0000
0.0000
0.0000
0.0000
0.0000
0.0000
0.0000
0.0000
0.0000
0.0000
0.0000
0.0000
0.0000
0.0000
0.0000
0.0000
0.0000
0.0000
0.0000
0.0000
0.0000
0.0000
0.0000
0.0000
0.0000
0.0000
0.0000
0.0000
0.0000
0.0000
0.0000
0.0000
0.0000
0.0000
0.0000
0.0000
53.7109
53.7109
126.9531
126.9531
195.3125
195.3125
253.9062
253.9062
312.5000
312.5000
361.3281
361.3281
405.2734
405.2734
444.3359
444.3359
473.6328
473.6328
493.1641
493.1641
507.8125
507.8125
527.3437
527.3437
541.9922
541.9922
556.6406
556.6406
571.2891
571.2891
585.9375
585.9375
605.4687
605.4687
629.8828
629.8828
654.2969
654.2969
698.2422
698.2422
761.7187
761.7187
839.8437
839.8437
942.3828
942.3828
1049.8047
1049.8047
1152.3437
1152.3437
1220.7031
1220.7031
1254.8828
1254.8828
1240.2344
1240.2344
1181.6406
1181.6406
1088.8672
1088.8672
966.7969
966.7969
825.1953
825.1953
673.8281
673.8281
512.6953
512.6953
341.7969
341.7969
166.0156
166.0156
0.0000
0.0000
0.0000
0.0000
0.0000
0.0000
0.0000
0.0000
0.0000
0.0000
0.0000
0.0000
0.0000
0.0000
0.0000
0.0000
0.0000
0.0000
0.0000
0.0000
0.0000
0.0000
0.0000
0.0000
0.0000
0.0000
0.0000
0.0000
0.0000
0.0000
0.0000
0.0000
0.0000
0.0000
0.0000
0.0000
0.0000
0.0000
0.0000
0.0000
0.0000
0.0000
0.0000
0.0000
0.0000
0.0000
0.0000
0.0000
0.0000
0.0000
0.0000
0.0000
0.0000
0.0000
0.0000
0.0000
0.0000
0.0000
48.8281
48.8281
107.4219
107.4219
161.1328
161.1328
214.8437
214.8437
268.5547
268.5547
317.3828
317.3828
361.3281
361.3281
390.6250
390.6250
410.1562
410.1562
419.9219
419.9219
419.9219
419.9219
424.8047
424.8047
434.5703
434.5703
454.1016
454.1016
493.1641
493.1641
551.7578
551.7578
629.8828
629.8828
712.8906
712.8906
786.1328
786.1328
830.0781
830.0781
830.0781
830.0781
776.3672
776.3672
683.5937
683.5937
561.5234
561.5234
429.6875
429.6875
288.0859
288.0859
141.6016
141.6016
0.0000
0.0000
0.0000
0.0000
0.0000
0.0000
0.0000
0.0000
0.0000
0.0000
0.0000
0.0000
0.0000
0.0000
0.0000
0.0000
0.0000
0.0000
0.0000
0.0000
0.0000
0.0000
0.0000
0.0000
0.0000
0.0000
0.0000
0.0000
0.0000
0.0000
0.0000
0.0000
0.0000
0.0000
0.0000
0.0000
0.0000
0.0000
0.0000
0.0000
0.0000
0.0000
0.0000
0.0000
0.0000
0.0000
0.0000
0.0000
0.0000
0.0000
0.0000
0.0000
0.0000
0.0000
0.0000
0.0000
0.0000
0.0000
0.0000
0.0000
43.9453
43.9453
102.5391
102.5391
156.2500
156.2500
219.7266
219.7266
278.3203
278.3203
341.7969
341.7969
395.5078
395.5078
454.1016
454.1016
502.9297
502.9297
551.7578
551.7578
590.8203
590.8203
625.0000
625.0000
659.1797
659.1797
688.4766
688.4766
717.7734
717.7734
751.9531
751.9531
791.0156
791.0156
834.9609
834.9609
888.6719
888.6719
952.1484
952.1484
1035.1562
1035.1562
1123.0469
1123.0469
1206.0547
1206.0547
1269.5312
1269.5312
1303.7109
1303.7109
1289.0625
1289.0625
1235.3516
1235.3516
1127.9297
1127.9297
991.2109
991.2109
834.9609
834.9609
668.9453
668.9453
488.2812
488.2812
297.8516
297.8516
102.5391
102.5391
0.0000
0.0000
0.0000
0.0000
0.0000
0.0000
0.0000
0.0000
0.0000
0.0000
0.0000
0.0000
0.0000
0.0000
0.0000
0.0000
0.0000
0.0000
0.0000
0.0000
0.0000
0.0000
0.0000
0.0000
0.0000
0.0000
0.0000
0.0000
0.0000
0.0000
0.0000
0.0000
0.0000
0.0000
0.0000
0.0000
0.0000
0.0000
0.0000
0.0000
0.0000
0.0000
0.0000
0.0000
0.0000
0.0000
0.0000
0.0000
0.0000
0.0000
0.0000
0.0000
0.0000
0.0000
0.0000
0.0000
0.0000
0.0000
0.0000
0.0000
0.0000
0.0000
0.0000
0.0000
0.0000
29.2969
29.2969
29.2969
63.4766
63.4766
97.6562
97.6562
126.9531
126.9531
161.1328
161.1328
190.4297
190.4297
229.4922
229.4922
268.5547
268.5547
312.5000
312.5000
356.4453
400.3906
400.3906
400.3906
449.2187
449.2187
507.8125
507.8125
576.1719
576.1719
659.1797
659.1797
756.8359
756.8359
854.4922
854.4922
942.3828
942.3828
1000.9766
1020.5078
1020.5078
991.2109
991.2109
991.2109
917.9687
917.9687
810.5469
810.5469
678.7109
678.7109
537.1094
537.1094
405.2734
405.2734
263.6719
263.6719
117.1875
117.1875
0.0000
0.0000
0.0000
0.0000
0.0000
0.0000
0.0000
0.0000
0.0000
0.0000
0.0000
0.0000
0.0000
0.0000
0.0000
0.0000
0.0000
0.0000
0.0000
0.0000
0.0000
0.0000
0.0000
0.0000
0.0000
0.0000
0.0000
0.0000
0.0000
0.0000
0.0000
0.0000
0.0000
0.0000
0.0000
0.0000
0.0000
0.0000
0.0000
0.0000
0.0000
0.0000
0.0000
0.0000
0.0000
0.0000
0.0000
0.0000
0.0000
68.3594
68.3594
141.6016
141.6016
200.1953
200.1953
239.2578
239.2578
258.7891
258.7891
268.5547
268.5547
278.3203
278.3203
292.9687
292.9687
317.3828
317.3828
336.9141
336.9141
351.5625
351.5625
361.3281
361.3281
366.2109
366.2109
375.9766
375.9766
400.3906
400.3906
444.3359
444.3359
493.1641
493.1641
546.8750
546.8750
605.4687
605.4687
668.9453
668.9453
742.1875
742.1875
830.0781
830.0781
922.8516
922.8516
1010.7422
1010.7422
1074.2187
1074.2187
1093.7500
1093.7500
1064.4531
1064.4531
986.3281
986.3281
869.1406
869.1406
717.7734
717.7734
546.8750
546.8750
366.2109
366.2109
180.6641
180.6641
0.0000
0.0000
0.0000
0.0000
0.0000
0.0000
0.0000
0.0000
0.0000
0.0000
0.0000
0.0000
0.0000
0.0000
0.0000
0.0000
0.0000
0.0000
0.0000
0.0000
0.0000
0.0000
0.0000
0.0000
0.0000
0.0000
0.0000
0.0000
0.0000
0.0000
0.0000
0.0000
0.0000
0.0000
0.0000
0.0000
0.0000
0.0000
0.0000
0.0000
0.0000
0.0000
0.0000
0.0000
0.0000
0.0000
0.0000
0.0000
0.0000
0.0000
0.0000
0.0000
0.0000
0.0000
0.0000
0.0000
0.0000
0.0000
0.0000
0.0000
0.0000
0.0000
0.0000
0.0000
0.0000
0.0000
29.2969
29.2969
63.4766
63.4766
97.6562
97.6562
131.8359
131.8359
170.8984
170.8984
214.8437
214.8437
263.6719
263.6719
317.3828
317.3828
380.8594
380.8594
444.3359
444.3359
512.6953
512.6953
590.8203
590.8203
683.5937
683.5937
791.0156
791.0156
903.3203
903.3203
1010.7422
1010.7422
1098.6328
1098.6328
1142.5781
1142.5781
1142.5781
1142.5781
1088.8672
1088.8672
1005.8594
1005.8594
888.6719
888.6719
751.9531
751.9531
600.5859
600.5859
449.2187
449.2187
288.0859
288.0859
117.1875
117.1875
0.0000
0.0000
0.0000
0.0000
0.0000
0.0000
0.0000
0.0000
0.0000
0.0000
0.0000
0.0000
0.0000
0.0000
0.0000
0.0000
0.0000
0.0000
0.0000
0.0000
0.0000
0.0000
0.0000
0.0000
0.0000
0.0000
0.0000
0.0000
0.0000
0.0000
0.0000
0.0000
0.0000
0.0000
0.0000
0.0000
0.0000
0.0000
0.0000
0.0000
0.0000
0.0000
0.0000
0.0000
0.0000
0.0000
0.0000
0.0000
4.8828
4.8828
68.3594
68.3594
126.9531
126.9531
185.5469
185.5469
229.4922
229.4922
263.6719
263.6719
288.0859
288.0859
312.5000
312.5000
336.9141
336.9141
366.2109
366.2109
390.6250
390.6250
419.9219
419.9219
454.1016
454.1016
483.3984
483.3984
517.5781
517.5781
551.7578
551.7578
595.7031
595.7031
634.7656
634.7656
678.7109
678.7109
722.6562
722.6562
771.4844
771.4844
825.1953
825.1953
888.6719
888.6719
961.9141
961.9141
1044.9219
1044.9219
1127.9297
1127.9297
1186.5234
1186.5234
1210.9375
1210.9375
1201.1719
1201.1719
1142.5781
1142.5781
1049.8047
1049.8047
922.8516
922.8516
781.2500
781.2500
634.7656
634.7656
488.2812
488.2812
336.9141
336.9141
185.5469
185.5469
29.2969
29.2969
0.0000
0.0000
0.0000
0.0000
0.0000
0.0000
0.0000
0.0000
0.0000
0.0000
0.0000
0.0000
0.0000
0.0000
0.0000
0.0000
0.0000
0.0000
0.0000
0.0000
0.0000
0.0000
0.0000
0.0000
0.0000
0.0000
0.0000
0.0000
0.0000
0.0000
0.0000
0.0000
0.0000
0.0000
0.0000
0.0000
0.0000
0.0000
0.0000
0.0000
0.0000
0.0000
0.0000
0.0000
0.0000
0.0000
0.0000
0.0000
0.0000
0.0000
0.0000
0.0000
0.0000
0.0000
0.0000
0.0000
0.0000
0.0000
0.0000
0.0000
0.0000
0.0000
0.0000
0.0000
0.0000
0.0000
29.2969
29.2969
63.4766
63.4766
102.5391
102.5391
131.8359
131.8359
166.0156
166.0156
200.1953
200.1953
244.1406
244.1406
297.8516
297.8516
366.2109
366.2109
444.3359
444.3359
527.3437
527.3437
610.3516
610.3516
698.2422
698.2422
805.6641
805.6641
917.9687
917.9687
1030.2734
1030.2734
1118.1641
1118.1641
1162.1094
1162.1094
1152.3437
1152.3437
1088.8672
1088.8672
981.4453
981.4453
854.4922
854.4922
712.8906
712.8906
566.4062
566.4062
405.2734
405.2734
239.2578
239.2578
58.5937
58.5937
0.0000
0.0000
0.0000
0.0000
0.0000
0.0000
0.0000
0.0000
0.0000
0.0000
0.0000
0.0000
0.0000
0.0000
0.0000
0.0000
0.0000
0.0000
0.0000
0.0000
0.0000
0.0000
0.0000
0.0000
0.0000
0.0000
0.0000
0.0000
0.0000
0.0000
0.0000
0.0000
0.0000
0.0000
0.0000
0.0000
0.0000
0.0000
0.0000
0.0000
0.0000
0.0000
0.0000
0.0000
0.0000
0.0000
0.0000
0.0000
0.0000
0.0000
0.0000
0.0000
0.0000
0.0000
14.6484
14.6484
92.7734
92.7734
156.2500
156.2500
224.6094
224.6094
278.3203
278.3203
341.7969
341.7969
395.5078
395.5078
444.3359
444.3359
483.3984
483.3984
527.3437
527.3437
561.5234
561.5234
595.7031
595.7031
625.0000
625.0000
654.2969
654.2969
693.3594
693.3594
732.4219
732.4219
776.3672
776.3672
825.1953
825.1953
888.6719
888.6719
966.7969
966.7969
1059.5703
1059.5703
1157.2266
1157.2266
1250.0000
1250.0000
1318.3594
1318.3594
1342.7734
1342.7734
1318.3594
1318.3594
1240.2344
1240.2344
1118.1641
1118.1641
966.7969
966.7969
791.0156
791.0156
610.3516
610.3516
424.8047
424.8047
234.3750
234.3750
34.1797
34.1797
0.0000
0.0000
0.0000
0.0000
0.0000
0.0000
0.0000
0.0000
0.0000
0.0000
0.0000
0.0000
0.0000
0.0000
0.0000
0.0000
0.0000
0.0000
0.0000
0.0000
0.0000
0.0000
0.0000
0.0000
0.0000
0.0000
0.0000
0.0000
0.0000
0.0000
0.0000
0.0000
0.0000
0.0000
0.0000
0.0000
0.0000
0.0000
0.0000
0.0000
0.0000
0.0000
0.0000
0.0000
0.0000
0.0000
0.0000
0.0000
0.0000
0.0000
0.0000
0.0000
0.0000
0.0000
0.0000
0.0000
0.0000
0.0000
4.8828
4.8828
53.7109
53.7109
97.6562
97.6562
136.7187
136.7187
166.0156
166.0156
195.3125
195.3125
224.6094
224.6094
244.1406
244.1406
263.6719
263.6719
288.0859
288.0859
317.3828
317.3828
351.5625
351.5625
390.6250
390.6250
439.4531
439.4531
507.8125
507.8125
595.7031
595.7031
703.1250
703.1250
815.4297
815.4297
917.9687
917.9687
1000.9766
1000.9766
1035.1562
1035.1562
1020.5078
1020.5078
966.7969
966.7969
883.7891
883.7891
781.2500
781.2500
668.9453
668.9453
551.7578
551.7578
424.8047
424.8047
283.2031
283.2031
126.9531
126.9531
0.0000
0.0000
0.0000
0.0000
0.0000
0.0000
0.0000
0.0000
0.0000
0.0000
0.0000
0.0000
0.0000
0.0000
0.0000
0.0000
0.0000
0.0000
0.0000
0.0000
0.0000
0.0000
0.0000
0.0000
0.0000
0.0000
0.0000
0.0000
0.0000
0.0000
0.0000
0.0000
0.0000
0.0000
0.0000
0.0000
0.0000
0.0000
0.0000
0.0000
0.0000
0.0000
0.0000
0.0000
0.0000
0.0000
0.0000
0.0000
0.0000
0.0000
0.0000
0.0000
0.0000
0.0000
0.0000
0.0000
29.2969
29.2969
92.7734
92.7734
156.2500
156.2500
229.4922
229.4922
302.7344
302.7344
375.9766
375.9766
449.2187
449.2187
522.4609
522.4609
590.8203
590.8203
644.5312
644.5312
688.4766
688.4766
737.3047
737.3047
781.2500
781.2500
825.1953
825.1953
874.0234
874.0234
932.6172
932.6172
1005.8594
1005.8594
1088.8672
1088.8672
1171.8750
1171.8750
1240.2344
1240.2344
1274.4141
1274.4141
1269.5312
1269.5312
1215.8203
1215.8203
1118.1641
1118.1641
991.2109
991.2109
834.9609
834.9609
664.0625
664.0625
473.6328
473.6328
278.3203
278.3203
68.3594
68.3594
0.0000
0.0000
0.0000
0.0000
0.0000
0.0000
0.0000
0.0000
0.0000
0.0000
0.0000
0.0000
0.0000
0.0000
0.0000
0.0000
0.0000
0.0000
0.0000
0.0000
0.0000
0.0000
0.0000
0.0000
0.0000
0.0000
0.0000
0.0000
0.0000
0.0000
0.0000
0.0000
0.0000
0.0000
0.0000
0.0000
0.0000
0.0000
0.0000
0.0000
0.0000
0.0000
0.0000
0.0000
0.0000
0.0000
0.0000
0.0000
0.0000
0.0000
0.0000
0.0000
0.0000
0.0000
0.0000
0.0000
0.0000
0.0000
0.0000
0.0000
0.0000
0.0000
9.7656
63.4766
63.4766
117.1875
117.1875
117.1875
175.7812
175.7812
234.3750
234.3750
283.2031
283.2031
332.0312
332.0312
371.0937
371.0937
405.2734
405.2734
444.3359
444.3359
478.5156
478.5156
517.5781
