0.0000
0.0000
0.0000
0.0000
0.0000
0.0000
0.0000
0.0000
0.0000
0.0000
0.0000
0.0000
87.8906
87.8906
229.4922
229.4922
351.5625
351.5625
468.7500
468.7500
576.1719
576.1719
654.2969
654.2969
722.6562
722.6562
761.7187
761.7187
786.1328
786.1328
810.5469
810.5469
825.1953
825.1953
849.6094
849.6094
864.2578
864.2578
864.2578
864.2578
893.5547
893.5547
957.0312
957.0312
1035.1562
1035.1562
1054.6875
1054.6875
961.9141
961.9141
756.8359
756.8359
444.3359
444.3359
92.7734
92.7734
0.0000
0.0000
0.0000
0.0000
0.0000
0.0000
0.0000
0.0000
0.0000
0.0000
0.0000
0.0000
0.0000
0.0000
0.0000
0.0000
0.0000
0.0000
0.0000
0.0000
0.0000
0.0000
0.0000
0.0000
0.0000
0.0000
0.0000
0.0000
0.0000
0.0000
0.0000
0.0000
73.2422
73.2422
180.6641
180.6641
283.2031
283.2031
375.9766
375.9766
473.6328
473.6328
561.5234
561.5234
644.5312
644.5312
732.4219
732.4219
805.6641
805.6641
878.9062
878.9062
957.0312
957.0312
1035.1562
1035.1562
1118.1641
1118.1641
1176.7578
1176.7578
1157.2266
1157.2266
971.6797
971.6797
561.5234
561.5234
24.4141
24.4141
0.0000
0.0000
0.0000
0.0000
0.0000
0.0000
0.0000
0.0000
0.0000
0.0000
0.0000
0.0000
0.0000
0.0000
0.0000
0.0000
0.0000
0.0000
0.0000
0.0000
0.0000
0.0000
0.0000
0.0000
0.0000
0.0000
0.0000
0.0000
0.0000
0.0000
39.0625
39.0625
180.6641
180.6641
312.5000
312.5000
405.2734
405.2734
468.7500
468.7500
522.4609
522.4609
561.5234
561.5234
615.2344
615.2344
678.7109
678.7109
751.9531
751.9531
854.4922
854.4922
961.9141
961.9141
1074.2187
1074.2187
1166.9922
1166.9922
1225.5859
1225.5859
1264.6484
1264.6484
1210.9375
1210.9375
991.2109
991.2109
600.5859
600.5859
92.7734
92.7734
0.0000
0.0000
0.0000
0.0000
0.0000
0.0000
0.0000
0.0000
0.0000
0.0000
0.0000
0.0000
0.0000
0.0000
0.0000
0.0000
0.0000
0.0000
0.0000
0.0000
0.0000
0.0000
0.0000
0.0000
0.0000
0.0000
0.0000
0.0000
0.0000
0.0000
0.0000
0.0000
0.0000
0.0000
0.0000
0.0000
0.0000
0.0000
0.0000
0.0000
83.0078
83.0078
195.3125
195.3125
288.0859
288.0859
395.5078
395.5078
498.0469
498.0469
595.7031
595.7031
688.4766
688.4766
771.4844
771.4844
854.4922
854.4922
942.3828
942.3828
1020.5078
1020.5078
1098.6328
1098.6328
1162.1094
1162.1094
1220.7031
1220.7031
1245.1172
1245.1172
1152.3437
1152.3437
922.8516
922.8516
571.2891
571.2891
190.4297
190.4297
0.0000
0.0000
0.0000
0.0000
0.0000
0.0000
0.0000
0.0000
0.0000
0.0000
0.0000
0.0000
0.0000
0.0000
0.0000
0.0000
0.0000
0.0000
0.0000
0.0000
0.0000
0.0000
0.0000
0.0000
0.0000
0.0000
0.0000
0.0000
0.0000
0.0000
29.2969
29.2969
175.7812
175.7812
297.8516
297.8516
405.2734
405.2734
478.5156
478.5156
541.9922
541.9922
595.7031
595.7031
639.6484
639.6484
708.0078
708.0078
776.3672
776.3672
864.2578
864.2578
966.7969
966.7969
1069.3359
1069.3359
1176.7578
1176.7578
1254.8828
1254.8828
1333.0078
1333.0078
1420.8984
1420.8984
1484.3750
1484.3750
1479.4922
1479.4922
1230.4687
1230.4687
732.4219
732.4219
136.7187
136.7187
0.0000
0.0000
0.0000
0.0000
0.0000
0.0000
0.0000
0.0000
0.0000
0.0000
0.0000
0.0000
0.0000
0.0000
0.0000
0.0000
0.0000
0.0000
0.0000
0.0000
0.0000
0.0000
0.0000
0.0000
0.0000
0.0000
0.0000
0.0000
0.0000
0.0000
0.0000
0.0000
0.0000
0.0000
0.0000
0.0000
0.0000
0.0000
219.7266
219.7266
439.4531
439.4531
629.8828
629.8828
791.0156
791.0156
903.3203
903.3203
986.3281
986.3281
1035.1562
1035.1562
1074.2187
1074.2187
1123.0469
1123.0469
1171.8750
1171.8750
1240.2344
1240.2344
1328.1250
1328.1250
1401.3672
1401.3672
1479.4922
1479.4922
1552.7344
1552.7344
1630.8594
1630.8594
1684.5703
1684.5703
1640.6250
1640.6250
1479.4922
1479.4922
1191.4062
1191.4062
825.1953
825.1953
458.9844
458.9844
112.3047
112.3047
0.0000
0.0000
0.0000
0.0000
0.0000
0.0000
0.0000
0.0000
0.0000
0.0000
0.0000
0.0000
0.0000
0.0000
0.0000
0.0000
0.0000
0.0000
0.0000
0.0000
0.0000
0.0000
0.0000
0.0000
0.0000
0.0000
0.0000
0.0000
0.0000
0.0000
0.0000
0.0000
87.8906
87.8906
195.3125
195.3125
302.7344
302.7344
390.6250
390.6250
473.6328
473.6328
551.7578
551.7578
625.0000
625.0000
698.2422
698.2422
776.3672
776.3672
844.7266
844.7266
927.7344
927.7344
1010.7422
1010.7422
1088.8672
1088.8672
1186.5234
1186.5234
1293.9453
1293.9453
1425.7812
1425.7812
1513.6719
1513.6719
1479.4922
1479.4922
1269.5312
1269.5312
869.1406
869.1406
380.8594
380.8594
0.0000
0.0000
0.0000
0.0000
0.0000
0.0000
0.0000
0.0000
0.0000
0.0000
0.0000
0.0000
0.0000
0.0000
0.0000
0.0000
0.0000
0.0000
0.0000
0.0000
0.0000
0.0000
0.0000
0.0000
0.0000
0.0000
0.0000
0.0000
0.0000
0.0000
0.0000
0.0000
0.0000
0.0000
0.0000
0.0000
0.0000
0.0000
19.5312
19.5312
112.3047
112.3047
205.0781
205.0781
302.7344
302.7344
400.3906
400.3906
488.2812
488.2812
590.8203
590.8203
683.5937
683.5937
781.2500
781.2500
883.7891
883.7891
981.4453
981.4453
1079.1016
1079.1016
1162.1094
1162.1094
1240.2344
1240.2344
1284.1797
1284.1797
1206.0547
1206.0547
966.7969
966.7969
576.1719
576.1719
107.4219
107.4219
0.0000
0.0000
0.0000
0.0000
0.0000
0.0000
0.0000
0.0000
0.0000
0.0000
0.0000
0.0000
0.0000
0.0000
0.0000
0.0000
0.0000
0.0000
0.0000
0.0000
0.0000
0.0000
0.0000
0.0000
0.0000
0.0000
0.0000
0.0000
0.0000
0.0000
0.0000
0.0000
0.0000
0.0000
0.0000
0.0000
0.0000
0.0000
112.3047
112.3047
214.8437
214.8437
307.6172
307.6172
385.7422
385.7422
463.8672
463.8672
527.3437
527.3437
590.8203
590.8203
668.9453
668.9453
747.0703
747.0703
830.0781
830.0781
913.0859
913.0859
991.2109
991.2109
1059.5703
1059.5703
1113.2812
1113.2812
1191.4062
1191.4062
1284.1797
1284.1797
1337.8906
1337.8906
1279.2969
1279.2969
1059.5703
1059.5703
698.2422
698.2422
263.6719
263.6719
0.0000
0.0000
0.0000
0.0000
0.0000
0.0000
0.0000
0.0000
0.0000
0.0000
0.0000
0.0000
0.0000
0.0000
0.0000
0.0000
0.0000
0.0000
0.0000
0.0000
0.0000
0.0000
0.0000
0.0000
0.0000
0.0000
0.0000
0.0000
0.0000
0.0000
0.0000
0.0000
0.0000
0.0000
0.0000
0.0000
0.0000
0.0000
0.0000
0.0000
0.0000
0.0000
126.9531
126.9531
292.9687
292.9687
444.3359
444.3359
595.7031
595.7031
722.6562
722.6562
825.1953
825.1953
913.0859
913.0859
981.4453
981.4453
1054.6875
1054.6875
1132.8125
1132.8125
1206.0547
1206.0547
1303.7109
1303.7109
1391.6016
1391.6016
1494.1406
1494.1406
1577.1484
1577.1484
1552.7344
1552.7344
1352.5391
1352.5391
942.3828
942.3828
400.3906
400.3906
0.0000
0.0000
0.0000
0.0000
0.0000
0.0000
0.0000
0.0000
0.0000
0.0000
0.0000
0.0000
0.0000
0.0000
0.0000
0.0000
0.0000
0.0000
0.0000
0.0000
0.0000
0.0000
0.0000
0.0000
0.0000
0.0000
0.0000
0.0000
0.0000
0.0000
0.0000
0.0000
0.0000
0.0000
0.0000
0.0000
0.0000
0.0000
0.0000
0.0000
0.0000
0.0000
126.9531
126.9531
249.0234
249.0234
366.2109
366.2109
463.8672
463.8672
576.1719
576.1719
678.7109
678.7109
766.6016
766.6016
864.2578
864.2578
961.9141
961.9141
1074.2187
1074.2187
1181.6406
1181.6406
1274.4141
1274.4141
1376.9531
1376.9531
1455.0781
1455.0781
1445.3125
1445.3125
1284.1797
1284.1797
961.9141
961.9141
561.5234
561.5234
131.8359
131.8359
0.0000
0.0000
0.0000
0.0000
0.0000
0.0000
0.0000
0.0000
0.0000
0.0000
0.0000
0.0000
0.0000
0.0000
0.0000
0.0000
0.0000
0.0000
0.0000
0.0000
0.0000
0.0000
0.0000
0.0000
0.0000
0.0000
0.0000
0.0000
0.0000
0.0000
0.0000
0.0000
0.0000
0.0000
0.0000
0.0000
58.5937
58.5937
185.5469
185.5469
297.8516
297.8516
405.2734
405.2734
507.8125
507.8125
595.7031
683.5937
683.5937
683.5937
751.9531
751.9531
815.4297
815.4297
888.6719
888.6719
961.9141
961.9141
1054.6875
1054.6875
1152.3437
1152.3437
1245.1172
1245.1172
1333.0078
1333.0078
1411.1328
1411.1328
1494.1406
1494.1406
1508.7891
1508.7891
1391.6016
1391.6016
1103.5156
1103.5156
688.4766
688.4766
239.2578
239.2578
0.0000
0.0000
0.0000
0.0000
0.0000
0.0000
0.0000
0.0000
0.0000
0.0000
0.0000
0.0000
0.0000
0.0000
0.0000
0.0000
0.0000
0.0000
0.0000
0.0000
0.0000
0.0000
0.0000
0.0000
0.0000
0.0000
0.0000
0.0000
0.0000
0.0000
0.0000
29.2969
29.2969
175.7812
175.7812
312.5000
312.5000
434.5703
434.5703
551.7578
551.7578
649.4141
649.4141
737.3047
737.3047
815.4297
815.4297
878.9062
878.9062
952.1484
952.1484
1010.7422
1010.7422
1074.2187
1074.2187
1152.3437
1152.3437
1230.4687
1230.4687
1323.2422
1323.2422
1416.0156
1416.0156
1503.9062
1503.9062
1572.2656
1572.2656
1513.6719
1513.6719
1250.0000
1250.0000
737.3047
737.3047
92.7734
92.7734
0.0000
0.0000
0.0000
0.0000
0.0000
0.0000
0.0000
0.0000
0.0000
0.0000
0.0000
0.0000
0.0000
0.0000
0.0000
0.0000
0.0000
0.0000
0.0000
0.0000
0.0000
0.0000
0.0000
0.0000
0.0000
0.0000
0.0000
0.0000
0.0000
0.0000
0.0000
0.0000
0.0000
0.0000
0.0000
0.0000
0.0000
0.0000
107.4219
107.4219
258.7891
258.7891
385.7422
385.7422
483.3984
483.3984
571.2891
571.2891
634.7656
634.7656
698.2422
698.2422
766.6016
766.6016
839.8437
839.8437
922.8516
922.8516
1000.9766
1000.9766
1069.3359
1069.3359
1123.0469
1123.0469
1152.3437
1152.3437
1196.2891
1196.2891
1254.8828
1254.8828
1303.7109
1303.7109
1308.5937
1308.5937
1206.0547
1206.0547
1010.7422
1010.7422
732.4219
732.4219
400.3906
400.3906
83.0078
83.0078
0.0000
0.0000
0.0000
0.0000
0.0000
0.0000
0.0000
0.0000
0.0000
0.0000
0.0000
0.0000
0.0000
0.0000
0.0000
0.0000
0.0000
0.0000
0.0000
0.0000
14.6484
14.6484
185.5469
185.5469
361.3281
361.3281
498.0469
498.0469
605.4687
605.4687
683.5937
683.5937
727.5391
727.5391
766.6016
766.6016
781.2500
781.2500
786.1328
786.1328
786.1328
786.1328
776.3672
776.3672
781.2500
781.2500
786.1328
786.1328
805.6641
805.6641
849.6094
849.6094
898.4375
898.4375
971.6797
971.6797
1064.4531
1064.4531
1181.6406
1181.6406
1313.4766
1313.4766
1376.9531
1376.9531
1293.9453
1293.9453
1044.9219
1044.9219
683.5937
683.5937
312.5000
312.5000
0.0000
0.0000
0.0000
0.0000
0.0000
0.0000
0.0000
0.0000
0.0000
0.0000
0.0000
0.0000
0.0000
0.0000
0.0000
0.0000
0.0000
0.0000
0.0000
0.0000
0.0000
0.0000
0.0000
0.0000
0.0000
0.0000
0.0000
0.0000
0.0000
0.0000
0.0000
0.0000
0.0000
0.0000
63.4766
63.4766
112.3047
112.3047
126.9531
126.9531
131.8359
131.8359
126.9531
126.9531
156.2500
156.2500
209.9609
209.9609
297.8516
297.8516
444.3359
444.3359
634.7656
634.7656
874.0234
874.0234
1079.1016
1079.1016
1171.8750
1171.8750
1103.5156
1103.5156
859.3750
859.3750
522.4609
522.4609
170.8984
170.8984
0.0000
0.0000
0.0000
0.0000
0.0000
0.0000
0.0000
0.0000
0.0000
0.0000
0.0000
0.0000
0.0000
0.0000
0.0000
0.0000
0.0000
0.0000
0.0000
0.0000
0.0000
0.0000
0.0000
0.0000
0.0000
0.0000
0.0000
0.0000
0.0000
0.0000
0.0000
0.0000
0.0000
0.0000
0.0000
0.0000
29.2969
29.2969
170.8984
170.8984
292.9687
292.9687
371.0937
371.0937
322.2656
322.2656
9.7656
9.7656
0.0000
0.0000
0.0000
0.0000
0.0000
0.0000
0.0000
0.0000
0.0000
0.0000
0.0000
0.0000
0.0000
0.0000
0.0000
0.0000
0.0000
0.0000
0.0000
0.0000
0.0000
0.0000
0.0000
0.0000
0.0000
0.0000
0.0000
0.0000
0.0000
0.0000
0.0000
0.0000
0.0000
0.0000
0.0000
0.0000
0.0000
0.0000
0.0000
0.0000
0.0000
0.0000
0.0000
0.0000
0.0000
0.0000
73.2422
73.2422
288.0859
288.0859
468.7500
468.7500
639.6484
639.6484
786.1328
786.1328
922.8516
922.8516
1044.9219
1044.9219
1162.1094
1162.1094
1269.5312
1269.5312
1357.4219
1357.4219
1440.4297
1440.4297
1508.7891
1508.7891
1562.5000
1562.5000
1611.3281
1611.3281
1660.1562
1660.1562
1708.9844
1708.9844
1767.5781
1767.5781
1772.4609
1772.4609
1674.8047
1674.8047
1420.8984
1420.8984
1049.8047
1049.8047
634.7656
634.7656
229.4922
229.4922
0.0000
0.0000
0.0000
0.0000
0.0000
0.0000
0.0000
0.0000
0.0000
0.0000
0.0000
0.0000
0.0000
0.0000
0.0000
0.0000
0.0000
0.0000
0.0000
0.0000
0.0000
0.0000
0.0000
0.0000
0.0000
0.0000
58.5937
58.5937
200.1953
200.1953
322.2656
322.2656
439.4531
439.4531
522.4609
522.4609
595.7031
595.7031
659.1797
659.1797
722.6562
722.6562
800.7812
800.7812
869.1406
869.1406
952.1484
952.1484
1040.0391
1040.0391
1123.0469
1123.0469
1210.9375
1210.9375
1284.1797
1284.1797
1337.8906
1337.8906
1381.8359
1381.8359
1396.4844
1396.4844
1406.2500
1406.2500
1391.6016
1391.6016
1284.1797
1284.1797
1044.9219
1044.9219
678.7109
678.7109
283.2031
283.2031
0.0000
0.0000
0.0000
0.0000
0.0000
0.0000
0.0000
0.0000
0.0000
0.0000
0.0000
0.0000
0.0000
0.0000
0.0000
0.0000
0.0000
0.0000
0.0000
0.0000
0.0000
0.0000
0.0000
0.0000
0.0000
0.0000
0.0000
0.0000
0.0000
0.0000
0.0000
0.0000
0.0000
0.0000
0.0000
0.0000
0.0000
0.0000
0.0000
0.0000
0.0000
0.0000
102.5391
102.5391
234.3750
234.3750
371.0937
371.0937
498.0469
498.0469
625.0000
625.0000
742.1875
742.1875
844.7266
844.7266
947.2656
947.2656
1010.7422
1010.7422
1064.4531
1064.4531
1103.5156
1103.5156
1127.9297
1127.9297
1171.8750
1171.8750
1225.5859
1225.5859
1323.2422
1323.2422
1416.0156
1416.0156
1420.8984
1420.8984
1313.4766
1313.4766
1069.3359
1069.3359
747.0703
747.0703
395.5078
395.5078
48.8281
48.8281
0.0000
0.0000
0.0000
0.0000
0.0000
0.0000
0.0000
0.0000
0.0000
0.0000
0.0000
0.0000
0.0000
0.0000
0.0000
0.0000
0.0000
0.0000
0.0000
0.0000
0.0000
0.0000
0.0000
0.0000
0.0000
0.0000
0.0000
0.0000
0.0000
0.0000
0.0000
0.0000
0.0000
0.0000
0.0000
0.0000
0.0000
0.0000
43.9453
43.9453
190.4297
190.4297
336.9141
336.9141
449.2187
449.2187
566.4062
566.4062
683.5937
683.5937
786.1328
786.1328
893.5547
893.5547
1000.9766
1000.9766
1118.1641
1118.1641
1245.1172
1245.1172
1367.1875
1367.1875
1489.2578
1489.2578
1577.1484
1577.1484
1621.0937
1621.0937
1562.5000
1562.5000
1318.3594
1318.3594
908.2031
908.2031
400.3906
400.3906
0.0000
0.0000
0.0000
0.0000
0.0000
0.0000
0.0000
0.0000
0.0000
0.0000
0.0000
0.0000
0.0000
0.0000
0.0000
0.0000
0.0000
0.0000
0.0000
0.0000
0.0000
0.0000
0.0000
0.0000
0.0000
0.0000
0.0000
0.0000
0.0000
0.0000
0.0000
0.0000
0.0000
0.0000
0.0000
0.0000
0.0000
0.0000
0.0000
0.0000
0.0000
0.0000
34.1797
34.1797
219.7266
219.7266
390.6250
390.6250
551.7578
551.7578
683.5937
683.5937
800.7812
800.7812
893.5547
893.5547
961.9141
961.9141
1025.3906
1025.3906
1079.1016
1079.1016
1137.6953
1137.6953
1196.2891
1196.2891
1235.3516
1235.3516
1298.8281
1298.8281
1357.4219
1357.4219
1362.3047
1362.3047
1259.7656
1259.7656
1005.8594
1005.8594
659.1797
659.1797
268.5547
268.5547
0.0000
0.0000
0.0000
0.0000
0.0000
0.0000
0.0000
0.0000
0.0000
0.0000
0.0000
0.0000
0.0000
0.0000
0.0000
0.0000
0.0000
0.0000
0.0000
0.0000
0.0000
0.0000
0.0000
0.0000
0.0000
0.0000
0.0000
0.0000
0.0000
0.0000
0.0000
0.0000
0.0000
0.0000
24.4141
24.4141
141.6016
141.6016
273.4375
273.4375
385.7422
385.7422
488.2812
488.2812
581.0547
581.0547
659.1797
659.1797
742.1875
742.1875
820.3125
820.3125
888.6719
888.6719
971.6797
971.6797
1049.8047
1049.8047
1157.2266
1157.2266
1250.0000
1250.0000
1347.6562
1347.6562
1445.3125
1445.3125
1513.6719
1513.6719
1577.1484
1577.1484
1582.0312
1582.0312
1450.1953
1450.1953
1152.3437
1152.3437
693.3594
693.3594
161.1328
161.1328
0.0000
0.0000
0.0000
0.0000
0.0000
0.0000
0.0000
0.0000
0.0000
0.0000
0.0000
0.0000
0.0000
0.0000
0.0000
0.0000
0.0000
0.0000
0.0000
0.0000
0.0000
0.0000
0.0000
0.0000
0.0000
0.0000
0.0000
0.0000
0.0000
0.0000
0.0000
0.0000
0.0000
0.0000
0.0000
0.0000
0.0000
0.0000
0.0000
0.0000
0.0000
0.0000
78.1250
78.1250
180.6641
180.6641
283.2031
283.2031
375.9766
375.9766
483.3984
483.3984
590.8203
590.8203
693.3594
693.3594
805.6641
805.6641
903.3203
903.3203
1005.8594
1005.8594
1113.2812
1113.2812
1220.7031
1220.7031
1337.8906
1440.4297
1440.4297
1440.4297
1542.9687
1542.9687
1630.8594
1630.8594
1665.0391
1665.0391
1601.5625
1601.5625
1352.5391
1352.5391
942.3828
942.3828
449.2187
449.2187
0.0000
0.0000
0.0000
0.0000
0.0000
0.0000
0.0000
0.0000
0.0000
0.0000
0.0000
0.0000
0.0000
0.0000
0.0000
0.0000
0.0000
0.0000
0.0000
0.0000
0.0000
0.0000
0.0000
0.0000
0.0000
0.0000
0.0000
0.0000
0.0000
0.0000
0.0000
0.0000
0.0000
0.0000
0.0000
0.0000
0.0000
0.0000
63.4766
63.4766
205.0781
341.7969
341.7969
463.8672
463.8672
561.5234
561.5234
654.2969
654.2969
732.4219
732.4219
795.8984
795.8984
859.3750
859.3750
917.9687
917.9687
976.5625
976.5625
1035.1562
1035.1562
1083.9844
1083.9844
1132.8125
1132.8125
1147.4609
1147.4609
1152.3437
1152.3437
1181.6406
1181.6406
1191.4062
1191.4062
1132.8125
1132.8125
947.2656
947.2656
644.5312
644.5312
283.2031
283.2031
0.0000
0.0000
0.0000
0.0000
0.0000
0.0000
0.0000
0.0000
0.0000
0.0000
0.0000
0.0000
0.0000
0.0000
0.0000
0.0000
0.0000
0.0000
0.0000
0.0000
0.0000
0.0000
0.0000
0.0000
0.0000
0.0000
0.0000
0.0000
0.0000
0.0000
0.0000
0.0000
0.0000
0.0000
0.0000
0.0000
0.0000
0.0000
0.0000
0.0000
48.8281
48.8281
161.1328
161.1328
273.4375
273.4375
361.3281
361.3281
429.6875
429.6875
488.2812
488.2812
517.5781
517.5781
571.2891
571.2891
620.1172
620.1172
698.2422
698.2422
810.5469
810.5469
932.6172
932.6172
1069.3359
1069.3359
1201.1719
1201.1719
1313.4766
1313.4766
1401.3672
1401.3672
1420.8984
1420.8984
1308.5937
1308.5937
1015.6250
1015.6250
571.2891
571.2891
68.3594
68.3594
0.0000
0.0000
0.0000
0.0000
0.0000
0.0000
0.0000
0.0000
0.0000
0.0000
0.0000
0.0000
0.0000
0.0000
0.0000
0.0000
0.0000
0.0000
0.0000
0.0000
0.0000
0.0000
0.0000
0.0000
0.0000
0.0000
0.0000
0.0000
0.0000
0.0000
0.0000
0.0000
0.0000
0.0000
0.0000
0.0000
4.8828
4.8828
83.0078
83.0078
156.2500
156.2500
219.7266
219.7266
288.0859
288.0859
346.6797
346.6797
410.1562
410.1562
493.1641
493.1641
581.0547
581.0547
688.4766
688.4766
800.7812
800.7812
908.2031
908.2031
1015.6250
1015.6250
1098.6328
1098.6328
1176.7578
1176.7578
1250.0000
1250.0000
1298.8281
1298.8281
1367.1875
1367.1875
1430.6641
1430.6641
1459.9609
1459.9609
1381.8359
1381.8359
1157.2266
1157.2266
820.3125
820.3125
410.1562
410.1562
0.0000
0.0000
0.0000
0.0000
0.0000
0.0000
0.0000
0.0000
0.0000
0.0000
0.0000
0.0000
0.0000
0.0000
0.0000
0.0000
0.0000
0.0000
0.0000
0.0000
0.0000
0.0000
0.0000
0.0000
0.0000
0.0000
0.0000
0.0000
0.0000
0.0000
0.0000
0.0000
0.0000
0.0000
0.0000
0.0000
0.0000
0.0000
0.0000
0.0000
0.0000
0.0000
78.1250
78.1250
219.7266
219.7266
356.4453
356.4453
498.0469
498.0469
625.0000
625.0000
747.0703
747.0703
849.6094
849.6094
932.6172
932.6172
1030.2734
1030.2734
1123.0469
1123.0469
1220.7031
1220.7031
1328.1250
1328.1250
1425.7812
1425.7812
1528.3203
1528.3203
1601.5625
1601.5625
1635.7422
1635.7422
1591.7969
1591.7969
1372.0703
1372.0703
937.5000
937.5000
302.7344
302.7344
0.0000
0.0000
0.0000
0.0000
0.0000
0.0000
0.0000
0.0000
0.0000
0.0000
0.0000
0.0000
0.0000
0.0000
0.0000
0.0000
0.0000
0.0000
0.0000
0.0000
0.0000
0.0000
0.0000
0.0000
0.0000
0.0000
0.0000
0.0000
0.0000
0.0000
0.0000
0.0000
0.0000
0.0000
0.0000
0.0000
0.0000
0.0000
0.0000
0.0000
4.8828
4.8828
200.1953
200.1953
371.0937
371.0937
512.6953
512.6953
634.7656
634.7656
722.6562
722.6562
795.8984
795.8984
854.4922
854.4922
878.9062
878.9062
908.2031
908.2031
937.5000
937.5000
986.3281
986.3281
1059.5703
1059.5703
1137.6953
1137.6953
1245.1172
1245.1172
1367.1875
1367.1875
1508.7891
1508.7891
1635.7422
1635.7422
1650.3906
1650.3906
1508.7891
1508.7891
1176.7578
1176.7578
727.5391
727.5391
273.4375
273.4375
0.0000
0.0000
0.0000
0.0000
0.0000
0.0000
0.0000
0.0000
0.0000
0.0000
0.0000
0.0000
0.0000
0.0000
0.0000
0.0000
0.0000
0.0000
0.0000
0.0000
0.0000
0.0000
0.0000
0.0000
0.0000
0.0000
0.0000
0.0000
0.0000
0.0000
0.0000
0.0000
4.8828
4.8828
166.0156
166.0156
292.9687
292.9687
410.1562
410.1562
512.6953
512.6953
566.4062
566.4062
600.5859
600.5859
610.3516
610.3516
620.1172
620.1172
644.5312
644.5312
683.5937
683.5937
756.8359
756.8359
834.9609
834.9609
937.5000
937.5000
1049.8047
1049.8047
1137.6953
1137.6953
1220.7031
1220.7031
1284.1797
1284.1797
1337.8906
1337.8906
1362.3047
1362.3047
1269.5312
1269.5312
1015.6250
1015.6250
605.4687
605.4687
117.1875
117.1875
0.0000
0.0000
0.0000
0.0000
0.0000
0.0000
0.0000
0.0000
0.0000
0.0000
0.0000
0.0000
0.0000
0.0000
0.0000
0.0000
0.0000
0.0000
0.0000
0.0000
0.0000
0.0000
0.0000
0.0000
0.0000
0.0000
0.0000
0.0000
0.0000
0.0000
0.0000
0.0000
0.0000
0.0000
0.0000
0.0000
0.0000
0.0000
87.8906
87.8906
180.6641
180.6641
278.3203
278.3203
356.4453
356.4453
449.2187
449.2187
551.7578
551.7578
654.2969
654.2969
761.7187
761.7187
854.4922
854.4922
952.1484
952.1484
1040.0391
1040.0391
1113.2812
1113.2812
1196.2891
1196.2891
1254.8828
1254.8828
1318.3594
1318.3594
1372.0703
1372.0703
1347.6562
1347.6562
1201.1719
1201.1719
888.6719
888.6719
478.5156
478.5156
43.9453
43.9453
0.0000
0.0000
0.0000
0.0000
0.0000
0.0000
0.0000
0.0000
0.0000
0.0000
0.0000
0.0000
0.0000
0.0000
0.0000
0.0000
0.0000
0.0000
0.0000
0.0000
0.0000
0.0000
0.0000
0.0000
0.0000
0.0000
0.0000
0.0000
0.0000
0.0000
0.0000
0.0000
0.0000
0.0000
0.0000
0.0000
63.4766
63.4766
180.6641
180.6641
288.0859
288.0859
395.5078
395.5078
517.5781
517.5781
629.8828
629.8828
751.9531
751.9531
864.2578
864.2578
966.7969
966.7969
1064.4531
1064.4531
1142.5781
1142.5781
1215.8203
1215.8203
1269.5312
1269.5312
1298.8281
1298.8281
1337.8906
1337.8906
1372.0703
1372.0703
1425.7812
1425.7812
1479.4922
1479.4922
1469.7266
1469.7266
1352.5391
1352.5391
1069.3359
1069.3359
634.7656
634.7656
117.1875
117.1875
0.0000
0.0000
0.0000
0.0000
0.0000
0.0000
0.0000
0.0000
0.0000
0.0000
0.0000
0.0000
0.0000
0.0000
0.0000
0.0000
0.0000
0.0000
0.0000
0.0000
0.0000
0.0000
0.0000
0.0000
0.0000
0.0000
0.0000
0.0000
0.0000
0.0000
0.0000
0.0000
0.0000
0.0000
0.0000
0.0000
0.0000
0.0000
126.9531
126.9531
268.5547
268.5547
405.2734
405.2734
546.8750
546.8750
664.0625
664.0625
771.4844
771.4844
869.1406
869.1406
942.3828
942.3828
1025.3906
1025.3906
1108.3984
1108.3984
1196.2891
1196.2891
1298.8281
1298.8281
1401.3672
1401.3672
1523.4375
1523.4375
1640.6250
1640.6250
1752.9297
1752.9297
1850.5859
1850.5859
1840.8203
1840.8203
1665.0391
1665.0391
1264.6484
1264.6484
698.2422
698.2422
73.2422
73.2422
0.0000
0.0000
0.0000
0.0000
0.0000
0.0000
0.0000
0.0000
0.0000
0.0000
0.0000
0.0000
0.0000
0.0000
0.0000
0.0000
0.0000
0.0000
0.0000
0.0000
0.0000
0.0000
0.0000
0.0000
0.0000
0.0000
0.0000
0.0000
0.0000
0.0000
0.0000
0.0000
0.0000
0.0000
0.0000
0.0000
0.0000
0.0000
0.0000
0.0000
0.0000
0.0000
14.6484
14.6484
180.6641
180.6641
312.5000
312.5000
419.9219
419.9219
507.8125
507.8125
581.0547
581.0547
664.0625
664.0625
747.0703
747.0703
834.9609
834.9609
927.7344
927.7344
1010.7422
1010.7422
1108.3984
1108.3984
1196.2891
1196.2891
1264.6484
1264.6484
1337.8906
1337.8906
1396.4844
1396.4844
1411.1328
1411.1328
1303.7109
1303.7109
1020.5078
1020.5078
610.3516
610.3516
131.8359
131.8359
0.0000
0.0000
0.0000
0.0000
0.0000
0.0000
0.0000
0.0000
0.0000
0.0000
0.0000
0.0000
0.0000
0.0000
0.0000
0.0000
0.0000
0.0000
0.0000
0.0000
0.0000
0.0000
0.0000
0.0000
0.0000
0.0000
0.0000
0.0000
0.0000
0.0000
63.4766
63.4766
205.0781
205.0781
322.2656
322.2656
429.6875
429.6875
527.3437
527.3437
605.4687
605.4687
678.7109
678.7109
751.9531
751.9531
825.1953
825.1953
908.2031
908.2031
976.5625
976.5625
1044.9219
1044.9219
1123.0469
1123.0469
1210.9375
1210.9375
1313.4766
1313.4766
1396.4844
1396.4844
1464.8437
1464.8437
1513.6719
1513.6719
1508.7891
1508.7891
1445.3125
1445.3125
1279.2969
1279.2969
947.2656
947.2656
458.9844
458.9844
0.0000
0.0000
0.0000
0.0000
0.0000
0.0000
0.0000
0.0000
0.0000
0.0000
0.0000
0.0000
0.0000
0.0000
0.0000
0.0000
0.0000
0.0000
0.0000
0.0000
0.0000
0.0000
0.0000
0.0000
0.0000
0.0000
0.0000
0.0000
0.0000
0.0000
0.0000
0.0000
0.0000
0.0000
0.0000
0.0000
48.8281
48.8281
190.4297
297.8516
297.8516
297.8516
380.8594
380.8594
458.9844
458.9844
527.3437
527.3437
600.5859
600.5859
668.9453
668.9453
742.1875
742.1875
820.3125
820.3125
888.6719
888.6719
952.1484
1010.7422
1010.7422
1010.7422
1064.4531
1064.4531
1132.8125
1132.8125
1196.2891
1196.2891
1274.4141
1274.4141
1357.4219
1357.4219
1435.5469
1435.5469
1513.6719
1513.6719
1503.9062
1503.9062
1347.6562
1025.3906
1025.3906
1025.3906
585.9375
585.9375
126.9531
0.0000
0.0000
0.0000
0.0000
0.0000
0.0000
0.0000
0.0000
0.0000
0.0000
0.0000
0.0000
0.0000
0.0000
0.0000
0.0000
0.0000
0.0000
0.0000
0.0000
0.0000
0.0000
0.0000
0.0000
0.0000
0.0000
0.0000
0.0000
0.0000
0.0000
0.0000
0.0000
0.0000
0.0000
0.0000
0.0000
0.0000
0.0000
0.0000
0.0000
0.0000
0.0000
87.8906
87.8906
224.6094
224.6094
346.6797
346.6797
439.4531
439.4531
537.1094
537.1094
620.1172
620.1172
698.2422
698.2422
776.3672
776.3672
854.4922
854.4922
947.2656
947.2656
1040.0391
1040.0391
1137.6953
1137.6953
1245.1172
1245.1172
1352.5391
1352.5391
1469.7266
1469.7266
1538.0859
1538.0859
1494.1406
1494.1406
1313.4766
1313.4766
996.0937
996.0937
600.5859
600.5859
185.5469
185.5469
0.0000
0.0000
0.0000
0.0000
0.0000
0.0000
0.0000
0.0000
0.0000
0.0000
0.0000
0.0000
0.0000
0.0000
0.0000
0.0000
0.0000
0.0000
0.0000
0.0000
0.0000
0.0000
0.0000
0.0000
0.0000
0.0000
0.0000
0.0000
0.0000
0.0000
0.0000
0.0000
0.0000
0.0000
0.0000
0.0000
29.2969
29.2969
161.1328
161.1328
278.3203
278.3203
380.8594
380.8594
483.3984
483.3984
571.2891
571.2891
659.1797
659.1797
727.5391
727.5391
800.7812
800.7812
878.9062
878.9062
961.9141
961.9141
1064.4531
1064.4531
1157.2266
1157.2266
1240.2344
1240.2344
1318.3594
1318.3594
1376.9531
1376.9531
1425.7812
1425.7812
1450.1953
1450.1953
1396.4844
1396.4844
1201.1719
1201.1719
830.0781
830.0781
356.4453
356.4453
0.0000
0.0000
0.0000
0.0000
0.0000
0.0000
0.0000
0.0000
0.0000
0.0000
0.0000
0.0000
0.0000
0.0000
0.0000
0.0000
0.0000
0.0000
0.0000
0.0000
0.0000
0.0000
0.0000
0.0000
0.0000
0.0000
0.0000
0.0000
0.0000
0.0000
0.0000
0.0000
0.0000
0.0000
0.0000
0.0000
0.0000
0.0000
9.7656
9.7656
209.9609
209.9609
385.7422
385.7422
541.9922
541.9922
673.8281
673.8281
751.9531
751.9531
815.4297
815.4297
859.3750
859.3750
898.4375
898.4375
957.0312
957.0312
1015.6250
1015.6250
1098.6328
1098.6328
1191.4062
1191.4062
1289.0625
1289.0625
1406.2500
1406.2500
1513.6719
1513.6719
1606.4453
1606.4453
1630.8594
1630.8594
1503.9062
1503.9062
1215.8203
1215.8203
786.1328
786.1328
307.6172
307.6172
0.0000
0.0000
0.0000
0.0000
0.0000
0.0000
0.0000
0.0000
0.0000
0.0000
0.0000
0.0000
0.0000
0.0000
0.0000
0.0000
0.0000
0.0000
0.0000
0.0000
0.0000
0.0000
0.0000
0.0000
0.0000
0.0000
0.0000
0.0000
0.0000
0.0000
0.0000
0.0000
0.0000
0.0000
0.0000
0.0000
0.0000
0.0000
0.0000
0.0000
0.0000
0.0000
87.8906
87.8906
239.2578
239.2578
395.5078
395.5078
537.1094
537.1094
668.9453
668.9453
786.1328
786.1328
883.7891
883.7891
976.5625
976.5625
1049.8047
1049.8047
1108.3984
1108.3984
1166.9922
1166.9922
1215.8203
1215.8203
1284.1797
1284.1797
1342.7734
1342.7734
1396.4844
1396.4844
1396.4844
1396.4844
1254.8828
1254.8828
961.9141
961.9141
532.2266
532.2266
39.0625
39.0625
0.0000
0.0000
0.0000
0.0000
0.0000
0.0000
0.0000
0.0000
0.0000
0.0000
0.0000
0.0000
0.0000
0.0000
0.0000
0.0000
0.0000
0.0000
0.0000
0.0000
0.0000
0.0000
0.0000
0.0000
0.0000
0.0000
0.0000
0.0000
0.0000
0.0000
0.0000
0.0000
0.0000
0.0000
0.0000
0.0000
0.0000
0.0000
146.4844
146.4844
307.6172
307.6172
444.3359
444.3359
556.6406
556.6406
659.1797
659.1797
737.3047
737.3047
800.7812
800.7812
854.4922
854.4922
898.4375
898.4375
952.1484
952.1484
996.0937
996.0937
1044.9219
1044.9219
1113.2812
1113.2812
1186.5234
1186.5234
1274.4141
1274.4141
1352.5391
1352.5391
1430.6641
1430.6641
1518.5547
1518.5547
1591.7969
1591.7969
1616.2109
1616.2109
1503.9062
1503.9062
1210.9375
1210.9375
795.8984
795.8984
317.3828
317.3828
0.0000
0.0000
0.0000
0.0000
0.0000
0.0000
0.0000
0.0000
0.0000
0.0000
0.0000
0.0000
0.0000
0.0000
0.0000
0.0000
0.0000
0.0000
0.0000
0.0000
0.0000
0.0000
0.0000
0.0000
0.0000
0.0000
0.0000
0.0000
0.0000
0.0000
0.0000
0.0000
0.0000
0.0000
39.0625
39.0625
190.4297
190.4297
317.3828
317.3828
415.0391
415.0391
502.9297
502.9297
561.5234
561.5234
605.4687
605.4687
649.4141
649.4141
693.3594
693.3594
766.6016
766.6016
844.7266
844.7266
932.6172
932.6172
1040.0391
1040.0391
1142.5781
1142.5781
1254.8828
1254.8828
1347.6562
1347.6562
1411.1328
1411.1328
1464.8437
1464.8437
1459.9609
1459.9609
1357.4219
1357.4219
1108.3984
1108.3984
717.7734
717.7734
278.3203
278.3203
0.0000
0.0000
0.0000
0.0000
0.0000
0.0000
0.0000
0.0000
0.0000
0.0000
0.0000
0.0000
0.0000
0.0000
0.0000
0.0000
0.0000
0.0000
0.0000
0.0000
0.0000
0.0000
0.0000
0.0000
0.0000
0.0000
0.0000
0.0000
0.0000
0.0000
0.0000
0.0000
0.0000
0.0000
0.0000
0.0000
0.0000
0.0000
0.0000
0.0000
117.1875
117.1875
214.8437
214.8437
317.3828
317.3828
415.0391
415.0391
517.5781
517.5781
625.0000
625.0000
722.6562
722.6562
834.9609
834.9609
942.3828
942.3828
1035.1562
1035.1562
1137.6953
1137.6953
1225.5859
1225.5859
1313.4766
1313.4766
1401.3672
1401.3672
1479.4922
1479.4922
1542.9687
1542.9687
1508.7891
1508.7891
1333.0078
1333.0078
991.2109
991.2109
537.1094
537.1094
53.7109
53.7109
0.0000
0.0000
0.0000
0.0000
0.0000
0.0000
0.0000
0.0000
0.0000
0.0000
0.0000
0.0000
0.0000
0.0000
0.0000
0.0000
0.0000
0.0000
0.0000
0.0000
0.0000
0.0000
0.0000
0.0000
0.0000
0.0000
0.0000
0.0000
0.0000
0.0000
0.0000
0.0000
0.0000
0.0000
0.0000
0.0000
0.0000
0.0000
126.9531
126.9531
273.4375
273.4375
419.9219
419.9219
566.4062
566.4062
698.2422
698.2422
810.5469
810.5469
908.2031
908.2031
971.6797
971.6797
1020.5078
1020.5078
1054.6875
1054.6875
1079.1016
1079.1016
1123.0469
1123.0469
1176.7578
1176.7578
1254.8828
1254.8828
1357.4219
1357.4219
1474.6094
1474.6094
1582.0312
1582.0312
1582.0312
1582.0312
1401.3672
1401.3672
1040.0391
1040.0391
541.9922
541.9922
34.1797
34.1797
0.0000
0.0000
0.0000
0.0000
0.0000
0.0000
0.0000
0.0000
0.0000
0.0000
0.0000
0.0000
0.0000
0.0000
0.0000
0.0000
0.0000
0.0000
0.0000
0.0000
0.0000
0.0000
0.0000
0.0000
0.0000
0.0000
0.0000
0.0000
0.0000
0.0000
0.0000
0.0000
83.0078
83.0078
224.6094
224.6094
356.4453
356.4453
468.7500
468.7500
571.2891
571.2891
649.4141
649.4141
712.8906
712.8906
751.9531
751.9531
771.4844
771.4844
805.6641
805.6641
839.8437
839.8437
893.5547
893.5547
986.3281
986.3281
1083.9844
1083.9844
1220.7031
1220.7031
1362.3047
1362.3047
1518.5547
1518.5547
1694.3359
1694.3359
1865.2344
1865.2344
1967.7734
1967.7734
1879.8828
1879.8828
1542.9687
1542.9687
1015.6250
1015.6250
390.6250
390.6250
0.0000
0.0000
0.0000
0.0000
0.0000
0.0000
0.0000
0.0000
0.0000
0.0000
0.0000
0.0000
0.0000
0.0000
0.0000
0.0000
0.0000
0.0000
0.0000
0.0000
0.0000
0.0000
0.0000
0.0000
0.0000
0.0000
0.0000
0.0000
0.0000
0.0000
0.0000
0.0000
0.0000
0.0000
0.0000
0.0000
53.7109
53.7109
146.4844
146.4844
214.8437
214.8437
278.3203
278.3203
312.5000
312.5000
332.0312
332.0312
351.5625
351.5625
366.2109
366.2109
405.2734
405.2734
449.2187
449.2187
527.3437
527.3437
634.7656
634.7656
761.7187
761.7187
903.3203
903.3203
1044.9219
1044.9219
1157.2266
1157.2266
1240.2344
1240.2344
1201.1719
1201.1719
966.7969
966.7969
517.5781
517.5781
0.0000
0.0000
0.0000
0.0000
0.0000
0.0000
0.0000
0.0000
0.0000
0.0000
0.0000
0.0000
0.0000
0.0000
0.0000
0.0000
0.0000
0.0000
0.0000
0.0000
0.0000
0.0000
0.0000
0.0000
0.0000
0.0000
0.0000
0.0000
0.0000
0.0000
0.0000
0.0000
0.0000
0.0000
0.0000
0.0000
0.0000
0.0000
0.0000
0.0000
0.0000
0.0000
141.6016
141.6016
307.6172
307.6172
444.3359
444.3359
571.2891
571.2891
673.8281
673.8281
766.6016
766.6016
849.6094
849.6094
927.7344
927.7344
1010.7422
1010.7422
1083.9844
1083.9844
1147.4609
1147.4609
1220.7031
1220.7031
1279.2969
1279.2969
1337.8906
1337.8906
1391.6016
1391.6016
1420.8984
1420.8984
1401.3672
1401.3672
1206.0547
795.8984
795.8984
795.8984
244.1406
244.1406
0.0000
0.0000
0.0000
0.0000
0.0000
0.0000
0.0000
0.0000
0.0000
0.0000
0.0000
0.0000
0.0000
0.0000
0.0000
0.0000
0.0000
0.0000
0.0000
0.0000
0.0000
0.0000
0.0000
0.0000
0.0000
0.0000
0.0000
0.0000
0.0000
0.0000
0.0000
0.0000
0.0000
0.0000
34.1797
34.1797
209.9609
209.9609
366.2109
366.2109
498.0469
498.0469
605.4687
605.4687
693.3594
693.3594
766.6016
766.6016
834.9609
834.9609
888.6719
927.7344
927.7344
971.6797
971.6797
1020.5078
1020.5078
1083.9844
1083.9844
1147.4609
1147.4609
1201.1719
1201.1719
1264.6484
1264.6484
1318.3594
1318.3594
1367.1875
1367.1875
1406.2500
1406.2500
1406.2500
1406.2500
1333.0078
1333.0078
1118.1641
1118.1641
791.0156
791.0156
415.0391
415.0391
24.4141
24.4141
0.0000
0.0000
0.0000
0.0000
0.0000
0.0000
0.0000
0.0000
0.0000
0.0000
0.0000
0.0000
0.0000
0.0000
0.0000
0.0000
0.0000
0.0000
0.0000
0.0000
0.0000
0.0000
0.0000
0.0000
0.0000
0.0000
0.0000
0.0000
0.0000
0.0000
0.0000
0.0000
0.0000
0.0000
161.1328
161.1328
312.5000
312.5000
444.3359
444.3359
561.5234
561.5234
668.9453
668.9453
761.7187
761.7187
859.3750
859.3750
942.3828
942.3828
1020.5078
1020.5078
1103.5156
1103.5156
1176.7578
1176.7578
1254.8828
1254.8828
1333.0078
1333.0078
1396.4844
1396.4844
1469.7266
1469.7266
1533.2031
1533.2031
1596.6797
1596.6797
1669.9219
1669.9219
1743.1641
1743.1641
1840.8203
1840.8203
1909.1797
1909.1797
1835.9375
1835.9375
1557.6172
1557.6172
1049.8047
1049.8047
444.3359
444.3359
0.0000
0.0000
0.0000
0.0000
0.0000
0.0000
0.0000
0.0000
0.0000
0.0000
0.0000
0.0000
0.0000
0.0000
0.0000
0.0000
0.0000
0.0000
0.0000
0.0000
0.0000
0.0000
0.0000
0.0000
0.0000
0.0000
0.0000
0.0000
0.0000
0.0000
0.0000
0.0000
0.0000
0.0000
0.0000
0.0000
0.0000
0.0000
48.8281
48.8281
214.8437
214.8437
341.7969
341.7969
449.2187
449.2187
532.2266
532.2266
590.8203
590.8203
654.2969
654.2969
708.0078
708.0078
766.6016
766.6016
844.7266
844.7266
932.6172
932.6172
1049.8047
1049.8047
1176.7578
1176.7578
1303.7109
1303.7109
1435.5469
1435.5469
1547.8516
1547.8516
1650.3906
1650.3906
1718.7500
1718.7500
1704.1016
1704.1016
1542.9687
1542.9687
1181.6406
1181.6406
693.3594
693.3594
170.8984
170.8984
0.0000
0.0000
0.0000
0.0000
0.0000
0.0000
0.0000
0.0000
0.0000
0.0000
0.0000
0.0000
0.0000
0.0000
0.0000
0.0000
0.0000
0.0000
0.0000
0.0000
0.0000
0.0000
0.0000
0.0000
0.0000
0.0000
0.0000
0.0000
0.0000
0.0000
0.0000
0.0000
0.0000
0.0000
0.0000
0.0000
0.0000
0.0000
0.0000
0.0000
0.0000
0.0000
146.4844
146.4844
307.6172
307.6172
434.5703
434.5703
556.6406
556.6406
659.1797
659.1797
737.3047
737.3047
805.6641
805.6641
864.2578
864.2578
927.7344
927.7344
991.2109
991.2109
1049.8047
1049.8047
1118.1641
1118.1641
1176.7578
1176.7578
1225.5859
1225.5859
1259.7656
1259.7656
1254.8828
1254.8828
1181.6406
1181.6406
996.0937
996.0937
688.4766
688.4766
307.6172
307.6172
0.0000
0.0000
0.0000
0.0000
0.0000
0.0000
0.0000
0.0000
0.0000
0.0000
0.0000
0.0000
0.0000
0.0000
0.0000
0.0000
0.0000
0.0000
0.0000
0.0000
0.0000
0.0000
0.0000
0.0000
0.0000
0.0000
0.0000
0.0000
0.0000
0.0000
0.0000
0.0000
0.0000
0.0000
0.0000
0.0000
0.0000
0.0000
0.0000
0.0000
141.6016
141.6016
283.2031
283.2031
439.4531
439.4531
576.1719
576.1719
703.1250
703.1250
805.6641
805.6641
883.7891
883.7891
957.0312
957.0312
1000.9766
1000.9766
1044.9219
1044.9219
1093.7500
1093.7500
1132.8125
1132.8125
1186.5234
1186.5234
1235.3516
1235.3516
1284.1797
1284.1797
1333.0078
1333.0078
1328.1250
1328.1250
1225.5859
1225.5859
961.9141
961.9141
576.1719
576.1719
151.3672
151.3672
0.0000
0.0000
0.0000
0.0000
0.0000
0.0000
0.0000
0.0000
0.0000
0.0000
0.0000
0.0000
0.0000
0.0000
0.0000
0.0000
0.0000
0.0000
0.0000
0.0000
0.0000
0.0000
0.0000
0.0000
0.0000
0.0000
0.0000
0.0000
0.0000
0.0000
0.0000
0.0000
0.0000
0.0000
0.0000
0.0000
4.8828
4.8828
166.0156
166.0156
317.3828
317.3828
454.1016
454.1016
581.0547
581.0547
678.7109
678.7109
751.9531
751.9531
805.6641
805.6641
830.0781
830.0781
864.2578
864.2578
898.4375
898.4375
942.3828
942.3828
1010.7422
1010.7422
1093.7500
1093.7500
1201.1719
1201.1719
1323.2422
1323.2422
1450.1953
1450.1953
1586.9141
1586.9141
1645.5078
1645.5078
1557.6172
1557.6172
1259.7656
1259.7656
771.4844
771.4844
224.6094
224.6094
0.0000
0.0000
0.0000
0.0000
0.0000
0.0000
0.0000
0.0000
0.0000
0.0000
0.0000
0.0000
0.0000
0.0000
0.0000
0.0000
0.0000
0.0000
0.0000
0.0000
0.0000
0.0000
0.0000
0.0000
0.0000
0.0000
0.0000
0.0000
0.0000
0.0000
0.0000
0.0000
0.0000
0.0000
0.0000
0.0000
68.3594
68.3594
209.9609
209.9609
322.2656
322.2656
400.3906
400.3906
473.6328
473.6328
527.3437
527.3437
585.9375
585.9375
649.4141
649.4141
712.8906
712.8906
786.1328
786.1328
874.0234
874.0234
957.0312
957.0312
1054.6875
1054.6875
1137.6953
1137.6953
1220.7031
1220.7031
1298.8281
1298.8281
1342.7734
1342.7734
1308.5937
1308.5937
1108.3984
1108.3984
751.9531
751.9531
312.5000
312.5000
0.0000
0.0000
0.0000
0.0000
0.0000
0.0000
0.0000
0.0000
0.0000
0.0000
0.0000
0.0000
0.0000
0.0000
0.0000
0.0000
0.0000
0.0000
0.0000
0.0000
0.0000
0.0000
0.0000
0.0000
0.0000
0.0000
0.0000
0.0000
0.0000
0.0000
63.4766
63.4766
209.9609
209.9609
346.6797
346.6797
458.9844
458.9844
571.2891
571.2891
654.2969
654.2969
717.7734
717.7734
771.4844
771.4844
800.7812
800.7812
834.9609
834.9609
869.1406
869.1406
927.7344
927.7344
1010.7422
1010.7422
1113.2812
1113.2812
1245.1172
1245.1172
1376.9531
1376.9531
1503.9062
1503.9062
1635.7422
1635.7422
1708.9844
1708.9844
1640.6250
1640.6250
1323.2422
1323.2422
776.3672
776.3672
146.4844
146.4844
0.0000
0.0000
0.0000
0.0000
0.0000
0.0000
0.0000
0.0000
0.0000
0.0000
0.0000
0.0000
0.0000
0.0000
0.0000
0.0000
0.0000
0.0000
0.0000
0.0000
0.0000
0.0000
0.0000
0.0000
0.0000
0.0000
0.0000
0.0000
0.0000
0.0000
0.0000
0.0000
0.0000
0.0000
0.0000
0.0000
0.0000
0.0000
0.0000
0.0000
0.0000
0.0000
39.0625
39.0625
190.4297
190.4297
322.2656
322.2656
434.5703
434.5703
546.8750
546.8750
634.7656
634.7656
737.3047
737.3047
830.0781
830.0781
922.8516
922.8516
1015.6250
1015.6250
1088.8672
1088.8672
1152.3437
1152.3437
1191.4062
1191.4062
1220.7031
1220.7031
1245.1172
1245.1172
1196.2891
1196.2891
1035.1562
1035.1562
756.8359
756.8359
400.3906
400.3906
39.0625
39.0625
0.0000
0.0000
0.0000
0.0000
0.0000
0.0000
0.0000
0.0000
0.0000
0.0000
0.0000
0.0000
0.0000
0.0000
0.0000
0.0000
0.0000
0.0000
0.0000
0.0000
0.0000
0.0000
0.0000
0.0000
0.0000
0.0000
0.0000
0.0000
0.0000
0.0000
0.0000
0.0000
0.0000
0.0000
43.9453
43.9453
166.0156
166.0156
268.5547
268.5547
366.2109
366.2109
439.4531
439.4531
522.4609
522.4609
600.5859
600.5859
683.5937
683.5937
781.2500
781.2500
878.9062
878.9062
986.3281
986.3281
1093.7500
1093.7500
1186.5234
1186.5234
1274.4141
1274.4141
1333.0078
1333.0078
1372.0703
1372.0703
1401.3672
1401.3672
1347.6562
1347.6562
1147.4609
1147.4609
776.3672
776.3672
317.3828
317.3828
0.0000
0.0000
0.0000
0.0000
0.0000
0.0000
0.0000
0.0000
0.0000
0.0000
0.0000
0.0000
0.0000
0.0000
0.0000
0.0000
0.0000
0.0000
0.0000
0.0000
0.0000
0.0000
0.0000
0.0000
0.0000
0.0000
0.0000
0.0000
0.0000
0.0000
0.0000
0.0000
0.0000
0.0000
0.0000
0.0000
0.0000
0.0000
53.7109
53.7109
214.8437
214.8437
361.3281
361.3281
493.1641
493.1641
625.0000
625.0000
732.4219
732.4219
844.7266
844.7266
947.2656
947.2656
1030.2734
1030.2734
1132.8125
1132.8125
1220.7031
1220.7031
1308.5937
1308.5937
1396.4844
1396.4844
1455.0781
1455.0781
1494.1406
1494.1406
1494.1406
1494.1406
1450.1953
1450.1953
1313.4766
1313.4766
996.0937
996.0937
537.1094
537.1094
24.4141
24.4141
0.0000
0.0000
0.0000
0.0000
0.0000
0.0000
0.0000
0.0000
0.0000
0.0000
0.0000
0.0000
0.0000
0.0000
0.0000
0.0000
0.0000
0.0000
0.0000
0.0000
0.0000
0.0000
0.0000
0.0000
0.0000
0.0000
0.0000
0.0000
0.0000
0.0000
0.0000
0.0000
0.0000
0.0000
0.0000
0.0000
0.0000
43.9453
43.9453
136.7187
136.7187
239.2578
239.2578
346.6797
346.6797
346.6797
454.1016
454.1016
571.2891
571.2891
668.9453
668.9453
771.4844
771.4844
854.4922
854.4922
917.9687
917.9687
996.0937
1059.5703
1059.5703
1123.0469
1123.0469
1123.0469
1186.5234
1186.5234
1235.3516
1235.3516
1308.5937
1308.5937
1376.9531
1376.9531
1396.4844
1396.4844
1303.7109
1303.7109
1020.5078
1020.5078
595.7031
595.7031
136.7187
136.7187
0.0000
0.0000
0.0000
0.0000
0.0000
0.0000
0.0000
0.0000
0.0000
0.0000
0.0000
0.0000
0.0000
0.0000
0.0000
0.0000
0.0000
0.0000
0.0000
0.0000
0.0000
0.0000
0.0000
0.0000
0.0000
0.0000
0.0000
0.0000
0.0000
0.0000
0.0000
0.0000
0.0000
14.6484
14.6484
126.9531
126.9531
244.1406
244.1406
336.9141
336.9141
429.6875
429.6875
517.5781
517.5781
590.8203
590.8203
668.9453
668.9453
737.3047
737.3047
810.5469
810.5469
883.7891
883.7891
942.3828
942.3828
1010.7422
1010.7422
1079.1016
1079.1016
1142.5781
1142.5781
1220.7031
1220.7031
1279.2969
1279.2969
1328.1250
1328.1250
1328.1250
1328.1250
1220.7031
1220.7031
1010.7422
1010.7422
703.1250
703.1250
356.4453
356.4453
4.8828
4.8828
0.0000
0.0000
0.0000
0.0000
0.0000
0.0000
0.0000
0.0000
0.0000
0.0000
0.0000
0.0000
0.0000
0.0000
0.0000
0.0000
0.0000
0.0000
0.0000
0.0000
0.0000
0.0000
0.0000
0.0000
0.0000
0.0000
0.0000
0.0000
0.0000
0.0000
0.0000
0.0000
0.0000
0.0000
0.0000
0.0000
19.5312
19.5312
117.1875
117.1875
209.9609
209.9609
302.7344
302.7344
395.5078
395.5078
483.3984
483.3984
571.2891
571.2891
649.4141
649.4141
732.4219
732.4219
830.0781
830.0781
922.8516
922.8516
1020.5078
1020.5078
1118.1641
1118.1641
1206.0547
1206.0547
1293.9453
1293.9453
1333.0078
1333.0078
1274.4141
1274.4141
1044.9219
1044.9219
625.0000
625.0000
126.9531
126.9531
0.0000
0.0000
0.0000
0.0000
0.0000
0.0000
0.0000
0.0000
0.0000
0.0000
0.0000
0.0000
0.0000
0.0000
0.0000
0.0000
0.0000
0.0000
0.0000
0.0000
0.0000
0.0000
0.0000
0.0000
0.0000
0.0000
0.0000
0.0000
0.0000
0.0000
0.0000
0.0000
0.0000
0.0000
0.0000
0.0000
0.0000
0.0000
39.0625
39.0625
209.9609
209.9609
356.4453
356.4453
498.0469
498.0469
625.0000
625.0000
732.4219
732.4219
830.0781
830.0781
903.3203
903.3203
957.0312
957.0312
991.2109
991.2109
1010.7422
1010.7422
1040.0391
1040.0391
1064.4531
1064.4531
1103.5156
1103.5156
1118.1641
1118.1641
1035.1562
1035.1562
849.6094
849.6094
556.6406
556.6406
205.0781
205.0781
0.0000
0.0000
0.0000
0.0000
0.0000
0.0000
0.0000
0.0000
0.0000
0.0000
0.0000
0.0000
0.0000
0.0000
0.0000
0.0000
0.0000
0.0000
0.0000
0.0000
0.0000
0.0000
0.0000
0.0000
0.0000
0.0000
0.0000
0.0000
0.0000
0.0000
0.0000
0.0000
0.0000
0.0000
68.3594
68.3594
229.4922
229.4922
366.2109
366.2109
493.1641
493.1641
595.7031
595.7031
678.7109
678.7109
771.4844
771.4844
844.7266
844.7266
922.8516
922.8516
1005.8594
1005.8594
1088.8672
1088.8672
1181.6406
1181.6406
1254.8828
1254.8828
1308.5937
1308.5937
1342.7734
1342.7734
1313.4766
1313.4766
1186.5234
1186.5234
898.4375
898.4375
493.1641
493.1641
48.8281
48.8281
0.0000
0.0000
0.0000
0.0000
0.0000
0.0000
0.0000
0.0000
0.0000
0.0000
0.0000
0.0000
0.0000
0.0000
0.0000
0.0000
0.0000
0.0000
0.0000
0.0000
0.0000
0.0000
0.0000
0.0000
0.0000
0.0000
0.0000
0.0000
0.0000
0.0000
0.0000
0.0000
0.0000
0.0000
0.0000
0.0000
0.0000
0.0000
63.4766
63.4766
249.0234
249.0234
415.0391
415.0391
576.1719
576.1719
708.0078
708.0078
839.8437
839.8437
957.0312
957.0312
1054.6875
1054.6875
1157.2266
1157.2266
1245.1172
1245.1172
1318.3594
1318.3594
1381.8359
1381.8359
1406.2500
1406.2500
1416.0156
1416.0156
1376.9531
1376.9531
1274.4141
1274.4141
1074.2187
1074.2187
756.8359
756.8359
375.9766
375.9766
0.0000
0.0000
0.0000
0.0000
0.0000
0.0000
0.0000
0.0000
0.0000
0.0000
0.0000
0.0000
0.0000
0.0000
0.0000
0.0000
0.0000
0.0000
0.0000
0.0000
0.0000
0.0000
0.0000
0.0000
0.0000
0.0000
0.0000
0.0000
0.0000
0.0000
0.0000
0.0000
0.0000
0.0000
0.0000
0.0000
0.0000
0.0000
0.0000
0.0000
0.0000
0.0000
102.5391
102.5391
205.0781
205.0781
307.6172
307.6172
395.5078
395.5078
502.9297
502.9297
600.5859
600.5859
712.8906
712.8906
839.8437
839.8437
976.5625
976.5625
1127.9297
1127.9297
1269.5312
1269.5312
1411.1328
1411.1328
1552.7344
1552.7344
1635.7422
1635.7422
1611.3281
1611.3281
1406.2500
1406.2500
1025.3906
1025.3906
546.8750
546.8750
34.1797
34.1797
0.0000
0.0000
0.0000
0.0000
0.0000
0.0000
0.0000
0.0000
0.0000
0.0000
0.0000
0.0000
0.0000
0.0000
0.0000
0.0000
0.0000
0.0000
0.0000
0.0000
0.0000
0.0000
0.0000
0.0000
0.0000
0.0000
0.0000
0.0000
0.0000
0.0000
0.0000
0.0000
0.0000
0.0000
0.0000
0.0000
39.0625
39.0625
244.1406
244.1406
415.0391
415.0391
576.1719
576.1719
703.1250
703.1250
815.4297
815.4297
908.2031
908.2031
986.3281
986.3281
1079.1016
1079.1016
1171.8750
1171.8750
1274.4141
1274.4141
1372.0703
1372.0703
1440.4297
1440.4297
1494.1406
1494.1406
1499.0234
1499.0234
1474.6094
1474.6094
1430.6641
1430.6641
1337.8906
1337.8906
1162.1094
1162.1094
903.3203
903.3203
600.5859
600.5859
297.8516
297.8516
4.8828
4.8828
0.0000
0.0000
0.0000
0.0000
0.0000
0.0000
0.0000
0.0000
0.0000
0.0000
0.0000
0.0000
0.0000
0.0000
0.0000
0.0000
0.0000
0.0000
0.0000
0.0000
0.0000
0.0000
0.0000
0.0000
0.0000
0.0000
0.0000
0.0000
0.0000
0.0000
0.0000
0.0000
24.4141
24.4141
107.4219
107.4219
180.6641
180.6641
258.7891
258.7891
332.0312
332.0312
424.8047
424.8047
537.1094
537.1094
678.7109
678.7109
849.6094
849.6094
1020.5078
1020.5078
1196.2891
1196.2891
1352.5391
1352.5391
1469.7266
1469.7266
1542.9687
1542.9687
1533.2031
1533.2031
1459.9609
1459.9609
1250.0000
1250.0000
869.1406
869.1406
385.7422
385.7422
0.0000
0.0000
0.0000
0.0000
0.0000
0.0000
0.0000
0.0000
0.0000
0.0000
0.0000
0.0000
0.0000
0.0000
0.0000
0.0000
0.0000
0.0000
0.0000
0.0000
0.0000
0.0000
0.0000
0.0000
0.0000
0.0000
0.0000
0.0000
0.0000
0.0000
0.0000
0.0000
0.0000
0.0000
0.0000
0.0000
0.0000
0.0000
0.0000
0.0000
0.0000
0.0000
39.0625
39.0625
214.8437
214.8437
366.2109
366.2109
493.1641
493.1641
620.1172
620.1172
737.3047
737.3047
864.2578
864.2578
986.3281
986.3281
1103.5156
1103.5156
1230.4687
1230.4687
1328.1250
1328.1250
1425.7812
1425.7812
1503.9062
1503.9062
1552.7344
1552.7344
1596.6797
1596.6797
1572.2656
1572.2656
1425.7812
1425.7812
1132.8125
1132.8125
727.5391
727.5391
302.7344
302.7344
0.0000
0.0000
0.0000
0.0000
0.0000
0.0000
0.0000
0.0000
0.0000
0.0000
0.0000
0.0000
0.0000
0.0000
0.0000
0.0000
0.0000
0.0000
0.0000
0.0000
0.0000
0.0000
0.0000
0.0000
0.0000
0.0000
0.0000
0.0000
0.0000
0.0000
0.0000
0.0000
63.4766
63.4766
151.3672
151.3672
195.3125
195.3125
224.6094
224.6094
258.7891
258.7891
292.9687
292.9687
346.6797
346.6797
415.0391
415.0391
498.0469
498.0469
605.4687
605.4687
703.1250
703.1250
810.5469
810.5469
893.5547
893.5547
937.5000
937.5000
947.2656
947.2656
888.6719
888.6719
771.4844
771.4844
610.3516
610.3516
380.8594
380.8594
117.1875
117.1875
0.0000
0.0000
0.0000
0.0000
0.0000
0.0000
0.0000
0.0000
0.0000
0.0000
0.0000
0.0000
0.0000
0.0000
0.0000
0.0000
0.0000
0.0000
0.0000
0.0000
0.0000
0.0000
0.0000
0.0000
0.0000
0.0000
0.0000
0.0000
0.0000
0.0000
0.0000
0.0000
0.0000
0.0000
48.8281
48.8281
234.3750
234.3750
390.6250
390.6250
522.4609
522.4609
620.1172
620.1172
708.0078
708.0078
776.3672
776.3672
849.6094
849.6094
947.2656
947.2656
1040.0391
1040.0391
1157.2266
1157.2266
1264.6484
1264.6484
1357.4219
1357.4219
1440.4297
1440.4297
1484.3750
1484.3750
1503.9062
1503.9062
1489.2578
1489.2578
1445.3125
1445.3125
1328.1250
1328.1250
1083.9844
1083.9844
712.8906
712.8906
268.5547
268.5547
0.0000
0.0000
0.0000
0.0000
0.0000
0.0000
0.0000
0.0000
0.0000
0.0000
0.0000
0.0000
0.0000
0.0000
0.0000
0.0000
0.0000
0.0000
0.0000
0.0000
0.0000
0.0000
0.0000
0.0000
0.0000
0.0000
0.0000
0.0000
0.0000
0.0000
0.0000
0.0000
0.0000
0.0000
0.0000
0.0000
151.3672
151.3672
292.9687
292.9687
410.1562
410.1562
502.9297
585.9375
585.9375
654.2969
654.2969
732.4219
732.4219
810.5469
810.5469
883.7891
883.7891
883.7891
971.6797
971.6797
1049.8047
1049.8047
1123.0469
1123.0469
1201.1719
1201.1719
1264.6484
1328.1250
1328.1250
1367.1875
1367.1875
1337.8906
1337.8906
1176.7578
1176.7578
1176.7578
830.0781
830.0781
371.0937
371.0937
0.0000
0.0000
0.0000
0.0000
0.0000
0.0000
0.0000
0.0000
0.0000
0.0000
0.0000
0.0000
0.0000
0.0000
0.0000
0.0000
0.0000
0.0000
0.0000
0.0000
0.0000
0.0000
0.0000
0.0000
0.0000
0.0000
0.0000
0.0000
0.0000
0.0000
0.0000
0.0000
0.0000
0.0000
0.0000
0.0000
0.0000
0.0000
0.0000
131.8359
131.8359
278.3203
278.3203
419.9219
419.9219
551.7578
551.7578
668.9453
668.9453
781.2500
781.2500
878.9062
878.9062
971.6797
971.6797
1064.4531
1064.4531
1147.4609
1147.4609
1235.3516
1235.3516
1303.7109
1303.7109
1362.3047
1362.3047
1411.1328
1411.1328
1435.5469
1435.5469
1459.9609
1459.9609
1464.8437
1464.8437
1406.2500
1406.2500
1201.1719
1201.1719
795.8984
795.8984
288.0859
288.0859
0.0000
0.0000
0.0000
0.0000
0.0000
0.0000
0.0000
0.0000
0.0000
0.0000
0.0000
0.0000
0.0000
0.0000
0.0000
0.0000
0.0000
0.0000
0.0000
0.0000
0.0000
0.0000
0.0000
0.0000
0.0000
0.0000
0.0000
0.0000
0.0000
0.0000
0.0000
0.0000
0.0000
0.0000
0.0000
0.0000
0.0000
0.0000
0.0000
0.0000
83.0078
83.0078
234.3750
234.3750
385.7422
385.7422
527.3437
527.3437
649.4141
649.4141
761.7187
761.7187
859.3750
859.3750
937.5000
937.5000
1010.7422
1010.7422
1074.2187
1074.2187
1142.5781
1142.5781
1201.1719
1201.1719
1254.8828
1254.8828
1298.8281
1298.8281
1333.0078
1333.0078
1376.9531
1376.9531
1386.7187
1386.7187
1284.1797
1284.1797
1030.2734
1030.2734
659.1797
659.1797
268.5547
268.5547
0.0000
0.0000
0.0000
0.0000
0.0000
0.0000
0.0000
0.0000
0.0000
0.0000
0.0000
0.0000
0.0000
0.0000
0.0000
0.0000
0.0000
0.0000
0.0000
0.0000
0.0000
0.0000
0.0000
0.0000
0.0000
0.0000
0.0000
0.0000
0.0000
0.0000
0.0000
0.0000
112.3047
112.3047
258.7891
258.7891
400.3906
400.3906
517.5781
517.5781
634.7656
634.7656
732.4219
732.4219
810.5469
810.5469
883.7891
883.7891
937.5000
937.5000
1005.8594
1005.8594
1064.4531
1064.4531
1127.9297
1127.9297
1196.2891
1196.2891
1250.0000
1250.0000
1298.8281
1298.8281
1333.0078
1333.0078
1352.5391
1352.5391
1372.0703
1372.0703
1381.8359
1381.8359
1318.3594
1318.3594
1113.2812
1113.2812
747.0703
747.0703
302.7344
302.7344
0.0000
0.0000
0.0000
0.0000
0.0000
0.0000
0.0000
0.0000
0.0000
0.0000
0.0000
0.0000
0.0000
0.0000
0.0000
0.0000
0.0000
0.0000
0.0000
0.0000
0.0000
0.0000
0.0000
0.0000
0.0000
0.0000
0.0000
0.0000
0.0000
0.0000
0.0000
0.0000
0.0000
0.0000
0.0000
0.0000
0.0000
0.0000
0.0000
0.0000
0.0000
0.0000
58.5937
58.5937
200.1953
200.1953
322.2656
322.2656
439.4531
439.4531
546.8750
546.8750
629.8828
629.8828
708.0078
708.0078
781.2500
781.2500
859.3750
859.3750
957.0312
957.0312
1049.8047
1049.8047
1142.5781
1142.5781
1220.7031
1220.7031
1293.9453
1293.9453
1372.0703
1372.0703
1376.9531
1376.9531
1235.3516
1235.3516
917.9687
917.9687
463.8672
463.8672
0.0000
0.0000
0.0000
0.0000
0.0000
0.0000
0.0000
0.0000
0.0000
0.0000
0.0000
0.0000
0.0000
0.0000
0.0000
0.0000
0.0000
0.0000
0.0000
0.0000
0.0000
0.0000
0.0000
0.0000
0.0000
0.0000
0.0000
0.0000
0.0000
0.0000
0.0000
0.0000
0.0000
0.0000
24.4141
24.4141
200.1953
200.1953
341.7969
341.7969
463.8672
463.8672
566.4062
566.4062
649.4141
649.4141
722.6562
722.6562
781.2500
781.2500
844.7266
844.7266
927.7344
927.7344
1005.8594
1005.8594
1088.8672
1088.8672
1176.7578
1176.7578
1259.7656
1259.7656
1352.5391
1352.5391
1430.6641
1430.6641
1513.6719
1513.6719
1606.4453
1606.4453
1669.9219
1669.9219
1625.9766
1625.9766
1396.4844
1396.4844
986.3281
986.3281
478.5156
478.5156
0.0000
0.0000
0.0000
0.0000
0.0000
0.0000
0.0000
0.0000
0.0000
0.0000
0.0000
0.0000
0.0000
0.0000
0.0000
0.0000
0.0000
0.0000
0.0000
0.0000
0.0000
0.0000
0.0000
0.0000
0.0000
0.0000
0.0000
0.0000
0.0000
0.0000
0.0000
0.0000
0.0000
0.0000
0.0000
0.0000
0.0000
0.0000
4.8828
4.8828
73.2422
73.2422
126.9531
126.9531
195.3125
195.3125
278.3203
278.3203
385.7422
385.7422
512.6953
512.6953
634.7656
634.7656
771.4844
771.4844
888.6719
888.6719
1000.9766
1000.9766
1103.5156
1103.5156
1191.4062
1191.4062
1293.9453
1293.9453
1357.4219
1357.4219
1318.3594
1318.3594
1098.6328
1098.6328
673.8281
673.8281
151.3672
151.3672
0.0000
0.0000
0.0000
0.0000
0.0000
0.0000
0.0000
0.0000
0.0000
0.0000
0.0000
0.0000
0.0000
0.0000
0.0000
0.0000
0.0000
0.0000
0.0000
0.0000
0.0000
0.0000
0.0000
0.0000
0.0000
0.0000
0.0000
0.0000
0.0000
0.0000
0.0000
0.0000
0.0000
0.0000
0.0000
0.0000
0.0000
0.0000
0.0000
0.0000
29.2969
29.2969
166.0156
166.0156
302.7344
302.7344
424.8047
424.8047
537.1094
537.1094
644.5312
644.5312
742.1875
742.1875
839.8437
839.8437
937.5000
937.5000
1025.3906
1025.3906
1113.2812
1113.2812
1191.4062
1191.4062
1264.6484
1264.6484
1293.9453
1293.9453
1186.5234
1186.5234
937.5000
937.5000
576.1719
576.1719
170.8984
170.8984
0.0000
0.0000
0.0000
0.0000
0.0000
0.0000
0.0000
0.0000
0.0000
0.0000
0.0000
0.0000
0.0000
0.0000
0.0000
0.0000
0.0000
0.0000
0.0000
0.0000
0.0000
0.0000
0.0000
0.0000
0.0000
0.0000
0.0000
0.0000
0.0000
0.0000
0.0000
0.0000
0.0000
0.0000
0.0000
0.0000
97.6562
97.6562
234.3750
234.3750
356.4453
356.4453
463.8672
463.8672
556.6406
556.6406
659.1797
659.1797
751.9531
751.9531
854.4922
854.4922
952.1484
952.1484
1035.1562
1035.1562
1123.0469
1123.0469
1196.2891
1196.2891
1254.8828
1254.8828
1298.8281
1298.8281
1323.2422
1323.2422
1337.8906
1337.8906
1347.6562
1347.6562
1318.3594
1318.3594
1191.4062
1191.4062
913.0859
913.0859
541.9922
541.9922
126.9531
126.9531
0.0000
0.0000
0.0000
0.0000
0.0000
0.0000
0.0000
0.0000
0.0000
0.0000
0.0000
0.0000
0.0000
0.0000
0.0000
0.0000
0.0000
0.0000
0.0000
0.0000
0.0000
0.0000
0.0000
0.0000
0.0000
0.0000
0.0000
0.0000
0.0000
0.0000
0.0000
0.0000
0.0000
0.0000
9.7656
9.7656
175.7812
175.7812
332.0312
332.0312
483.3984
483.3984
634.7656
634.7656
786.1328
786.1328
913.0859
913.0859
1025.3906
1025.3906
1103.5156
1103.5156
1147.4609
1147.4609
1181.6406
1181.6406
1196.2891
1196.2891
1215.8203
1215.8203
1240.2344
1240.2344
1279.2969
1279.2969
1342.7734
1342.7734
1406.2500
1406.2500
1459.9609
1459.9609
1440.4297
1440.4297
1230.4687
1230.4687
815.4297
815.4297
229.4922
229.4922
0.0000
0.0000
0.0000
0.0000
0.0000
0.0000
0.0000
0.0000
0.0000
0.0000
0.0000
0.0000
0.0000
0.0000
0.0000
0.0000
0.0000
0.0000
0.0000
0.0000
0.0000
0.0000
0.0000
0.0000
0.0000
0.0000
0.0000
0.0000
0.0000
0.0000
0.0000
0.0000
19.5312
19.5312
131.8359
131.8359
229.4922
229.4922
312.5000
312.5000
371.0937
371.0937
449.2187
449.2187
522.4609
522.4609
605.4687
605.4687
708.0078
708.0078
810.5469
810.5469
913.0859
913.0859
1000.9766
1000.9766
1064.4531
1064.4531
1123.0469
1123.0469
1157.2266
1157.2266
1206.0547
1206.0547
1259.7656
1259.7656
1328.1250
1328.1250
1440.4297
1440.4297
1572.2656
1572.2656
1694.3359
1694.3359
1723.6328
1723.6328
1533.2031
1533.2031
1118.1641
1118.1641
541.9922
541.9922
0.0000
0.0000
0.0000
0.0000
0.0000
0.0000
0.0000
0.0000
0.0000
0.0000
0.0000
0.0000
0.0000
0.0000
0.0000
0.0000
0.0000
0.0000
0.0000
0.0000
0.0000
0.0000
0.0000
0.0000
0.0000
0.0000
0.0000
0.0000
0.0000
0.0000
0.0000
0.0000
0.0000
0.0000
0.0000
0.0000
0.0000
0.0000
29.2969
29.2969
170.8984
170.8984
307.6172
307.6172
415.0391
415.0391
502.9297
502.9297
576.1719
576.1719
620.1172
620.1172
654.2969
654.2969
673.8281
673.8281
698.2422
698.2422
737.3047
737.3047
791.0156
791.0156
869.1406
869.1406
971.6797
971.6797
1088.8672
1088.8672
1240.2344
1240.2344
1391.6016
1391.6016
1508.7891
1508.7891
1508.7891
1508.7891
1298.8281
1298.8281
903.3203
903.3203
415.0391
415.0391
0.0000
0.0000
0.0000
0.0000
0.0000
0.0000
0.0000
0.0000
0.0000
0.0000
0.0000
0.0000
0.0000
0.0000
0.0000
0.0000
0.0000
0.0000
0.0000
0.0000
0.0000
0.0000
0.0000
0.0000
0.0000
0.0000
0.0000
0.0000
0.0000
0.0000
0.0000
0.0000
0.0000
0.0000
0.0000
0.0000
0.0000
0.0000
0.0000
0.0000
0.0000
0.0000
58.5937
58.5937
190.4297
190.4297
297.8516
297.8516
390.6250
458.9844
458.9844
517.5781
517.5781
581.0547
581.0547
659.1797
659.1797
776.3672
776.3672
776.3672
893.5547
893.5547
1010.7422
1010.7422
1127.9297
1127.9297
1230.4687
1230.4687
1342.7734
1435.5469
1435.5469
1503.9062
1503.9062
1572.2656
1572.2656
1621.0937
1621.0937
1621.0937
1630.8594
1630.8594
1503.9062
1503.9062
1152.3437
1152.3437
639.6484
639.6484
73.2422
0.0000
0.0000
0.0000
0.0000
0.0000
0.0000
0.0000
0.0000
0.0000
0.0000
0.0000
0.0000
0.0000
0.0000
0.0000
0.0000
0.0000
0.0000
0.0000
0.0000
0.0000
0.0000
0.0000
0.0000
0.0000
0.0000
0.0000
0.0000
0.0000
0.0000
0.0000
0.0000
0.0000
0.0000
0.0000
0.0000
0.0000
0.0000
92.7734
92.7734
253.9062
253.9062
400.3906
400.3906
532.2266
532.2266
649.4141
649.4141
761.7187
761.7187
854.4922
854.4922
942.3828
942.3828
1010.7422
1010.7422
1074.2187
1074.2187
1147.4609
1147.4609
1206.0547
1206.0547
1274.4141
1274.4141
1352.5391
1352.5391
1430.6641
1430.6641
1528.3203
1528.3203
1625.9766
1625.9766
1704.1016
1704.1016
1757.8125
1757.8125
1708.9844
1708.9844
1494.1406
1494.1406
1079.1016
1079.1016
537.1094
537.1094
0.0000
0.0000
0.0000
0.0000
0.0000
0.0000
0.0000
0.0000
0.0000
0.0000
0.0000
0.0000
0.0000
0.0000
0.0000
0.0000
0.0000
0.0000
0.0000
0.0000
0.0000
0.0000
0.0000
0.0000
0.0000
0.0000
0.0000
0.0000
0.0000
0.0000
0.0000
0.0000
0.0000
0.0000
0.0000
0.0000
0.0000
0.0000
0.0000
0.0000
107.4219
107.4219
297.8516
297.8516
458.9844
458.9844
605.4687
605.4687
708.0078
708.0078
795.8984
795.8984
844.7266
844.7266
878.9062
878.9062
917.9687
917.9687
952.1484
952.1484
1005.8594
1005.8594
1088.8672
1088.8672
1181.6406
1181.6406
1303.7109
1303.7109
1430.6641
1430.6641
1567.3828
1567.3828
1699.2187
1699.2187
1762.6953
1762.6953
1669.9219
1669.9219
1313.4766
1313.4766
751.9531
751.9531
112.3047
112.3047
0.0000
0.0000
0.0000
0.0000
0.0000
0.0000
0.0000
0.0000
0.0000
0.0000
0.0000
0.0000
0.0000
0.0000
0.0000
0.0000
0.0000
0.0000
0.0000
0.0000
0.0000
0.0000
0.0000
0.0000
0.0000
0.0000
0.0000
0.0000
0.0000
0.0000
0.0000
0.0000
0.0000
0.0000
0.0000
0.0000
156.2500
156.2500
356.4453
356.4453
541.9922
541.9922
712.8906
712.8906
874.0234
874.0234
1010.7422
1010.7422
1118.1641
1118.1641
1181.6406
1181.6406
1196.2891
1196.2891
1191.4062
1191.4062
1166.9922
1166.9922
1142.5781
1142.5781
1142.5781
1142.5781
1142.5781
1142.5781
1171.8750
1171.8750
1215.8203
1215.8203
1289.0625
1289.0625
1401.3672
1401.3672
1528.3203
1528.3203
1660.1562
1660.1562
1723.6328
1723.6328
1650.3906
1650.3906
1411.1328
1411.1328
1000.9766
1000.9766
502.9297
502.9297
4.8828
4.8828
0.0000
0.0000
0.0000
0.0000
0.0000
0.0000
0.0000
0.0000
0.0000
0.0000
0.0000
0.0000
0.0000
0.0000
0.0000
0.0000
0.0000
0.0000
0.0000
0.0000
0.0000
0.0000
0.0000
0.0000
0.0000
0.0000
0.0000
0.0000
0.0000
0.0000
0.0000
0.0000
0.0000
0.0000
92.7734
92.7734
185.5469
185.5469
268.5547
268.5547
327.1484
327.1484
366.2109
366.2109
405.2734
405.2734
429.6875
429.6875
463.8672
463.8672
498.0469
498.0469
537.1094
537.1094
605.4687
605.4687
678.7109
678.7109
776.3672
776.3672
898.4375
898.4375
1030.2734
1030.2734
1191.4062
1191.4062
1372.0703
1372.0703
1572.2656
1572.2656
1777.3437
1777.3437
1928.7109
1928.7109
1948.2422
1948.2422
1743.1641
1743.1641
1308.5937
1308.5937
722.6562
722.6562
92.7734
92.7734
0.0000
0.0000
0.0000
0.0000
0.0000
0.0000
0.0000
0.0000
0.0000
0.0000
0.0000
0.0000
0.0000
0.0000
0.0000
0.0000
0.0000
0.0000
0.0000
0.0000
0.0000
0.0000
0.0000
0.0000
0.0000
0.0000
0.0000
0.0000
0.0000
0.0000
0.0000
0.0000
0.0000
0.0000
0.0000
0.0000
0.0000
0.0000
161.1328
161.1328
297.8516
297.8516
415.0391
415.0391
512.6953
512.6953
615.2344
615.2344
708.0078
708.0078
791.0156
791.0156
883.7891
883.7891
966.7969
966.7969
1059.5703
1059.5703
1157.2266
1157.2266
1235.3516
1235.3516
1318.3594
1318.3594
1372.0703
1372.0703
1381.8359
1381.8359
1279.2969
1279.2969
961.9141
961.9141
439.4531
439.4531
0.0000
0.0000
0.0000
0.0000
0.0000
0.0000
0.0000
0.0000
0.0000
0.0000
0.0000
0.0000
0.0000
0.0000
0.0000
0.0000
0.0000
0.0000
0.0000
0.0000
0.0000
0.0000
0.0000
0.0000
0.0000
0.0000
0.0000
0.0000
0.0000
0.0000
0.0000
0.0000
0.0000
0.0000
0.0000
0.0000
0.0000
0.0000
0.0000
0.0000
0.0000
0.0000
0.0000
0.0000
0.0000
0.0000
0.0000
0.0000
107.4219
107.4219
224.6094
224.6094
327.1484
327.1484
434.5703
434.5703
541.9922
541.9922
649.4141
649.4141
771.4844
771.4844
878.9062
878.9062
981.4453
981.4453
1079.1016
1079.1016
1147.4609
1147.4609
1206.0547
1206.0547
1254.8828
1254.8828
1293.9453
1293.9453
1357.4219
1357.4219
1416.0156
1416.0156
1494.1406
1494.1406
1586.9141
1586.9141
1650.3906
1650.3906
1630.8594
1630.8594
1459.9609
1459.9609
1162.1094
1162.1094
781.2500
781.2500
375.9766
375.9766
9.7656
9.7656
0.0000
0.0000
0.0000
0.0000
0.0000
0.0000
0.0000
0.0000
0.0000
0.0000
0.0000
0.0000
0.0000
0.0000
0.0000
0.0000
0.0000
0.0000
0.0000
0.0000
0.0000
0.0000
0.0000
0.0000
0.0000
0.0000
0.0000
0.0000
58.5937
58.5937
170.8984
170.8984
263.6719
263.6719
351.5625
351.5625
429.6875
429.6875
498.0469
498.0469
566.4062
566.4062
615.2344
615.2344
659.1797
659.1797
703.1250
703.1250
747.0703
747.0703
810.5469
810.5469
874.0234
874.0234
937.5000
937.5000
1005.8594
1005.8594
1064.4531
1064.4531
1127.9297
1127.9297
1166.9922
1166.9922
1196.2891
1196.2891
1201.1719
1201.1719
1142.5781
1142.5781
971.6797
971.6797
654.2969
654.2969
234.3750
234.3750
0.0000
0.0000
0.0000
0.0000
0.0000
0.0000
0.0000
0.0000
0.0000
0.0000
0.0000
0.0000
0.0000
0.0000
0.0000
0.0000
0.0000
0.0000
0.0000
0.0000
0.0000
0.0000
0.0000
0.0000
0.0000
0.0000
0.0000
0.0000
0.0000
0.0000
0.0000
0.0000
0.0000
0.0000
0.0000
0.0000
0.0000
0.0000
141.6016
141.6016
317.3828
317.3828
478.5156
478.5156
610.3516
610.3516
722.6562
722.6562
810.5469
810.5469
888.6719
888.6719
952.1484
952.1484
1000.9766
1000.9766
1059.5703
1059.5703
1108.3984
1108.3984
1152.3437
1152.3437
1176.7578
1176.7578
1166.9922
1166.9922
1123.0469
1123.0469
981.4453
981.4453
693.3594
693.3594
283.2031
283.2031
0.0000
0.0000
0.0000
0.0000
0.0000
0.0000
0.0000
0.0000
0.0000
0.0000
0.0000
0.0000
0.0000
0.0000
0.0000
0.0000
0.0000
0.0000
0.0000
0.0000
0.0000
0.0000
0.0000
0.0000
0.0000
0.0000
0.0000
0.0000
0.0000
0.0000
0.0000
0.0000
0.0000
0.0000
0.0000
0.0000
9.7656
9.7656
205.0781
205.0781
390.6250
390.6250
556.6406
556.6406
712.8906
712.8906
844.7266
844.7266
942.3828
942.3828
1005.8594
1005.8594
1040.0391
1040.0391
1083.9844
1083.9844
1118.1641
1118.1641
1157.2266
1157.2266
1215.8203
1215.8203
1279.2969
1279.2969
1357.4219
1357.4219
1430.6641
1430.6641
1484.3750
1484.3750
1523.4375
1523.4375
1503.9062
1503.9062
1381.8359
1381.8359
1088.8672
1088.8672
639.6484
639.6484
131.8359
131.8359
0.0000
0.0000
0.0000
0.0000
0.0000
0.0000
0.0000
0.0000
0.0000
0.0000
0.0000
0.0000
0.0000
0.0000
0.0000
0.0000
0.0000
0.0000
0.0000
0.0000
0.0000
0.0000
0.0000
0.0000
0.0000
0.0000
0.0000
0.0000
0.0000
0.0000
0.0000
0.0000
0.0000
0.0000
0.0000
0.0000
0.0000
0.0000
0.0000
0.0000
4.8828
4.8828
146.4844
146.4844
273.4375
273.4375
371.0937
371.0937
463.8672
463.8672
556.6406
556.6406
644.5312
644.5312
761.7187
761.7187
893.5547
893.5547
1025.3906
1025.3906
1162.1094
1162.1094
1279.2969
1279.2969
1396.4844
1396.4844
1484.3750
1484.3750
1542.9687
1542.9687
1577.1484
1577.1484
1582.0312
1582.0312
1528.3203
1528.3203
1328.1250
1328.1250
937.5000
937.5000
439.4531
439.4531
0.0000
0.0000
0.0000
0.0000
0.0000
0.0000
0.0000
0.0000
0.0000
0.0000
0.0000
0.0000
0.0000
0.0000
0.0000
0.0000
0.0000
0.0000
0.0000
0.0000
0.0000
0.0000
0.0000
0.0000
0.0000
0.0000
0.0000
0.0000
0.0000
0.0000
0.0000
0.0000
0.0000
0.0000
0.0000
0.0000
0.0000
0.0000
34.1797
34.1797
219.7266
219.7266
371.0937
371.0937
512.6953
512.6953
620.1172
620.1172
717.7734
717.7734
820.3125
820.3125
908.2031
908.2031
1005.8594
1093.7500
1093.7500
1176.7578
1176.7578
1259.7656
1259.7656
1328.1250
1328.1250
1391.6016
1391.6016
1391.6016
1440.4297
1440.4297
1469.7266
1469.7266
1508.7891
1508.7891
1533.2031
1533.2031
1538.0859
1459.9609
1459.9609
1264.6484
1264.6484
986.3281
986.3281
620.1172
620.1172
620.1172
224.6094
224.6094
0.0000
0.0000
0.0000
0.0000
0.0000
0.0000
0.0000
0.0000
0.0000
0.0000
0.0000
0.0000
0.0000
0.0000
0.0000
0.0000
0.0000
0.0000
0.0000
0.0000
0.0000
0.0000
0.0000
0.0000
0.0000
0.0000
0.0000
0.0000
0.0000
0.0000
0.0000
78.1250
78.1250
166.0156
166.0156
166.0156
244.1406
307.6172
307.6172
366.2109
366.2109
424.8047
424.8047
478.5156
478.5156
537.1094
537.1094
576.1719
576.1719
615.2344
615.2344
649.4141
649.4141
688.4766
688.4766
751.9531
751.9531
810.5469
810.5469
878.9062
878.9062
947.2656
947.2656
1005.8594
1005.8594
1074.2187
1074.2187
1108.3984
1108.3984
1054.6875
1054.6875
844.7266
844.7266
468.7500
468.7500
14.6484
14.6484
0.0000
0.0000
0.0000
0.0000
0.0000
0.0000
0.0000
0.0000
0.0000
0.0000
0.0000
0.0000
0.0000
0.0000
0.0000
0.0000
0.0000
0.0000
0.0000
0.0000
0.0000
0.0000
0.0000
0.0000
0.0000
0.0000
0.0000
0.0000
0.0000
0.0000
0.0000
0.0000
19.5312
19.5312
175.7812
175.7812
327.1484
327.1484
468.7500
468.7500
605.4687
605.4687
712.8906
712.8906
810.5469
810.5469
888.6719
888.6719
942.3828
942.3828
991.2109
991.2109
1020.5078
1020.5078
1049.8047
1049.8047
1074.2187
1074.2187
1103.5156
1103.5156
1162.1094
1162.1094
1225.5859
1225.5859
1303.7109
1303.7109
1396.4844
1396.4844
1479.4922
1479.4922
1577.1484
1577.1484
1660.1562
1660.1562
1699.2187
1699.2187
1621.0937
1621.0937
1347.6562
1347.6562
903.3203
903.3203
366.2109
366.2109
0.0000
0.0000
0.0000
0.0000
0.0000
0.0000
0.0000
0.0000
0.0000
0.0000
0.0000
0.0000
0.0000
0.0000
0.0000
0.0000
0.0000
0.0000
0.0000
0.0000
0.0000
0.0000
0.0000
0.0000
0.0000
0.0000
0.0000
0.0000
0.0000
0.0000
0.0000
0.0000
0.0000
0.0000
0.0000
0.0000
0.0000
0.0000
24.4141
24.4141
170.8984
170.8984
302.7344
302.7344
424.8047
424.8047
527.3437
527.3437
625.0000
625.0000
693.3594
693.3594
751.9531
751.9531
810.5469
810.5469
869.1406
869.1406
947.2656
947.2656
1025.3906
1025.3906
1113.2812
1113.2812
1215.8203
1215.8203
1318.3594
1318.3594
1396.4844
1396.4844
1352.5391
1352.5391
1088.8672
1088.8672
644.5312
644.5312
122.0703
122.0703
0.0000
0.0000
0.0000
0.0000
0.0000
0.0000
0.0000
0.0000
0.0000
0.0000
0.0000
0.0000
0.0000
0.0000
0.0000
0.0000
0.0000
0.0000
0.0000
0.0000
0.0000
0.0000
0.0000
0.0000
0.0000
0.0000
0.0000
0.0000
0.0000
0.0000
0.0000
0.0000
0.0000
0.0000
0.0000
0.0000
0.0000
0.0000
4.8828
4.8828
136.7187
136.7187
249.0234
249.0234
336.9141
336.9141
419.9219
419.9219
507.8125
507.8125
590.8203
590.8203
688.4766
688.4766
776.3672
776.3672
864.2578
864.2578
976.5625
976.5625
1083.9844
1083.9844
1186.5234
1186.5234
1279.2969
1279.2969
1333.0078
1333.0078
1323.2422
1323.2422
1162.1094
1162.1094
815.4297
815.4297
336.9141
336.9141
0.0000
0.0000
0.0000
0.0000
0.0000
0.0000
0.0000
0.0000
0.0000
0.0000
0.0000
0.0000
0.0000
0.0000
0.0000
0.0000
0.0000
0.0000
0.0000
0.0000
0.0000
0.0000
0.0000
0.0000
0.0000
0.0000
0.0000
0.0000
0.0000
0.0000
0.0000
0.0000
0.0000
0.0000
0.0000
0.0000
0.0000
0.0000
0.0000
0.0000
112.3047
112.3047
263.6719
263.6719
410.1562
410.1562
541.9922
541.9922
673.8281
673.8281
800.7812
800.7812
917.9687
917.9687
1025.3906
1025.3906
1108.3984
1108.3984
1186.5234
1186.5234
1254.8828
1254.8828
1313.4766
1313.4766
1381.8359
1381.8359
1440.4297
1440.4297
1499.0234
1499.0234
1562.5000
1562.5000
1616.2109
1616.2109
1650.3906
1650.3906
1557.6172
1557.6172
1279.2969
1279.2969
825.1953
825.1953
283.2031
283.2031
0.0000
0.0000
0.0000
0.0000
0.0000
0.0000
0.0000
0.0000
0.0000
0.0000
0.0000
0.0000
0.0000
0.0000
0.0000
0.0000
0.0000
0.0000
0.0000
0.0000
0.0000
0.0000
0.0000
0.0000
0.0000
0.0000
0.0000
0.0000
0.0000
0.0000
0.0000
0.0000
0.0000
0.0000
0.0000
0.0000
0.0000
0.0000
0.0000
0.0000
195.3125
195.3125
385.7422
385.7422
551.7578
551.7578
708.0078
708.0078
844.7266
844.7266
947.2656
947.2656
1035.1562
1035.1562
1083.9844
1083.9844
1123.0469
1123.0469
1152.3437
1152.3437
1181.6406
1181.6406
1230.4687
1230.4687
1274.4141
1274.4141
1323.2422
1323.2422
1381.8359
1381.8359
1435.5469
1435.5469
1508.7891
1508.7891
1542.9687
1542.9687
1494.1406
1494.1406
1337.8906
1337.8906
1064.4531
1064.4531
717.7734
717.7734
332.0312
332.0312
0.0000
0.0000
0.0000
0.0000
0.0000
0.0000
0.0000
0.0000
0.0000
0.0000
0.0000
0.0000
0.0000
0.0000
0.0000
0.0000
0.0000
0.0000
0.0000
0.0000
0.0000
0.0000
0.0000
0.0000
0.0000
0.0000
0.0000
0.0000
0.0000
0.0000
0.0000
0.0000
0.0000
0.0000
43.9453
43.9453
185.5469
185.5469
327.1484
327.1484
439.4531
439.4531
546.8750
546.8750
634.7656
634.7656
703.1250
703.1250
761.7187
761.7187
805.6641
805.6641
839.8437
839.8437
888.6719
888.6719
942.3828
942.3828
1035.1562
1035.1562
1137.6953
1137.6953
1245.1172
1245.1172
1352.5391
1352.5391
1440.4297
1440.4297
1503.9062
1503.9062
1508.7891
1508.7891
1367.1875
1367.1875
1020.5078
1020.5078
483.3984
483.3984
0.0000
0.0000
0.0000
0.0000
0.0000
0.0000
0.0000
0.0000
0.0000
0.0000
0.0000
0.0000
0.0000
0.0000
0.0000
0.0000
0.0000
0.0000
0.0000
0.0000
0.0000
0.0000
0.0000
0.0000
0.0000
0.0000
0.0000
0.0000
0.0000
0.0000
0.0000
0.0000
0.0000
0.0000
0.0000
0.0000
39.0625
39.0625
249.0234
249.0234
439.4531
439.4531
620.1172
620.1172
766.6016
766.6016
874.0234
874.0234
957.0312
957.0312
996.0937
996.0937
1025.3906
1025.3906
1035.1562
1035.1562
1054.6875
1054.6875
1093.7500
1093.7500
1147.4609
1147.4609
1210.9375
1210.9375
1269.5312
1269.5312
1308.5937
1308.5937
1347.6562
1347.6562
1367.1875
1367.1875
1362.3047
1362.3047
1254.8828
1254.8828
1005.8594
1005.8594
664.0625
664.0625
258.7891
258.7891
0.0000
0.0000
0.0000
0.0000
0.0000
0.0000
0.0000
0.0000
0.0000
0.0000
0.0000
0.0000
0.0000
0.0000
0.0000
0.0000
0.0000
0.0000
0.0000
0.0000
0.0000
0.0000
0.0000
0.0000
0.0000
0.0000
0.0000
0.0000
0.0000
0.0000
0.0000
0.0000
73.2422
73.2422
229.4922
229.4922
351.5625
351.5625
454.1016
454.1016
532.2266
532.2266
605.4687
605.4687
654.2969
654.2969
688.4766
688.4766
722.6562
722.6562
727.5391
727.5391
742.1875
742.1875
747.0703
747.0703
756.8359
756.8359
786.1328
786.1328
815.4297
815.4297
869.1406
869.1406
932.6172
932.6172
996.0937
996.0937
1088.8672
1088.8672
1186.5234
1186.5234
1269.5312
1269.5312
1284.1797
1284.1797
1162.1094
1162.1094
903.3203
903.3203
527.3437
527.3437
63.4766
63.4766
0.0000
0.0000
0.0000
0.0000
0.0000
0.0000
0.0000
0.0000
0.0000
0.0000
0.0000
0.0000
0.0000
0.0000
0.0000
0.0000
0.0000
0.0000
0.0000
0.0000
0.0000
0.0000
0.0000
0.0000
0.0000
0.0000
0.0000
0.0000
0.0000
0.0000
0.0000
0.0000
0.0000
0.0000
63.4766
63.4766
239.2578
239.2578
375.9766
375.9766
493.1641
493.1641
581.0547
581.0547
639.6484
639.6484
698.2422
698.2422
742.1875
742.1875
800.7812
800.7812
874.0234
874.0234
937.5000
937.5000
1010.7422
1010.7422
1079.1016
1079.1016
1152.3437
1152.3437
1235.3516
1235.3516
1318.3594
1318.3594
1401.3672
1401.3672
1479.4922
1479.4922
1533.2031
1533.2031
1528.3203
1528.3203
1381.8359
1381.8359
1083.9844
1083.9844
659.1797
659.1797
190.4297
190.4297
0.0000
0.0000
0.0000
0.0000
0.0000
0.0000
0.0000
0.0000
0.0000
0.0000
0.0000
0.0000
0.0000
0.0000
0.0000
0.0000
0.0000
0.0000
0.0000
0.0000
0.0000
0.0000
0.0000
0.0000
0.0000
0.0000
0.0000
0.0000
0.0000
0.0000
0.0000
0.0000
0.0000
0.0000
0.0000
0.0000
0.0000
0.0000
0.0000
0.0000
0.0000
0.0000
83.0078
83.0078
239.2578
239.2578
395.5078
395.5078
522.4609
522.4609
634.7656
634.7656
737.3047
737.3047
810.5469
810.5469
888.6719
888.6719
961.9141
961.9141
1044.9219
1044.9219
1142.5781
1142.5781
1230.4687
1230.4687
1318.3594
1318.3594
1391.6016
1391.6016
1420.8984
1420.8984
1362.3047
1362.3047
1142.5781
1142.5781
747.0703
747.0703
239.2578
239.2578
0.0000
0.0000
0.0000
0.0000
0.0000
0.0000
0.0000
0.0000
0.0000
0.0000
0.0000
0.0000
0.0000
0.0000
0.0000
0.0000
0.0000
0.0000
0.0000
0.0000
0.0000
0.0000
0.0000
0.0000
0.0000
0.0000
0.0000
0.0000
0.0000
0.0000
0.0000
0.0000
0.0000
0.0000
0.0000
0.0000
0.0000
117.1875
117.1875
302.7344
302.7344
444.3359
444.3359
561.5234
561.5234
561.5234
639.6484
639.6484
712.8906
712.8906
756.8359
756.8359
805.6641
869.1406
869.1406
932.6172
932.6172
1015.6250
1015.6250
1103.5156
1103.5156
1181.6406
1181.6406
1181.6406
1279.2969
1279.2969
1357.4219
1357.4219
1435.5469
1435.5469
1513.6719
1513.6719
1572.2656
1630.8594
1630.8594
1650.3906
1650.3906
1601.5625
1601.5625
1416.0156
1416.0156
1416.0156
1049.8047
561.5234
561.5234
29.2969
29.2969
0.0000
0.0000
0.0000
0.0000
0.0000
0.0000
0.0000
0.0000
0.0000
0.0000
0.0000
0.0000
0.0000
0.0000
0.0000
0.0000
0.0000
0.0000
0.0000
0.0000
0.0000
0.0000
0.0000
0.0000
0.0000
0.0000
0.0000
0.0000
0.0000
0.0000
0.0000
0.0000
0.0000
0.0000
0.0000
0.0000
53.7109
53.7109
200.1953
200.1953
322.2656
322.2656
439.4531
439.4531
541.9922
541.9922
629.8828
629.8828
712.8906
712.8906
791.0156
791.0156
869.1406
869.1406
942.3828
942.3828
1005.8594
1005.8594
1079.1016
1079.1016
1132.8125
1132.8125
1186.5234
1186.5234
1240.2344
1240.2344
1308.5937
1308.5937
1416.0156
1416.0156
1547.8516
1547.8516
1655.2734
1655.2734
1684.5703
1684.5703
1542.9687
1542.9687
1235.3516
1235.3516
786.1328
786.1328
297.8516
297.8516
0.0000
0.0000
0.0000
0.0000
0.0000
0.0000
0.0000
0.0000
0.0000
0.0000
0.0000
0.0000
0.0000
0.0000
0.0000
0.0000
0.0000
0.0000
0.0000
0.0000
0.0000
0.0000
0.0000
0.0000
0.0000
0.0000
0.0000
0.0000
0.0000
0.0000
0.0000
0.0000
0.0000
0.0000
0.0000
0.0000
0.0000
0.0000
43.9453
43.9453
195.3125
195.3125
346.6797
346.6797
473.6328
473.6328
585.9375
585.9375
664.0625
664.0625
737.3047
737.3047
815.4297
815.4297
878.9062
878.9062
942.3828
942.3828
1005.8594
1005.8594
1083.9844
1083.9844
1181.6406
1181.6406
1264.6484
1264.6484
1362.3047
1362.3047
1435.5469
1435.5469
1416.0156
1416.0156
1235.3516
1235.3516
854.4922
854.4922
361.3281
361.3281
0.0000
0.0000
0.0000
0.0000
0.0000
0.0000
0.0000
0.0000
0.0000
0.0000
0.0000
0.0000
0.0000
0.0000
0.0000
0.0000
0.0000
0.0000
0.0000
0.0000
0.0000
0.0000
0.0000
0.0000
0.0000
0.0000
0.0000
0.0000
0.0000
0.0000
0.0000
0.0000
0.0000
0.0000
0.0000
0.0000
0.0000
0.0000
63.4766
63.4766
234.3750
234.3750
390.6250
390.6250
527.3437
527.3437
659.1797
659.1797
766.6016
766.6016
869.1406
869.1406
947.2656
947.2656
1010.7422
1010.7422
1079.1016
1079.1016
1142.5781
1142.5781
1206.0547
1206.0547
1284.1797
1284.1797
1367.1875
1367.1875
1455.0781
1455.0781
1528.3203
1528.3203
1601.5625
1601.5625
1669.9219
1669.9219
1665.0391
1665.0391
1528.3203
1528.3203
1186.5234
1186.5234
717.7734
717.7734
214.8437
214.8437
0.0000
0.0000
0.0000
0.0000
0.0000
0.0000
0.0000
0.0000
0.0000
0.0000
0.0000
0.0000
0.0000
0.0000
0.0000
0.0000
0.0000
0.0000
0.0000
0.0000
0.0000
0.0000
0.0000
0.0000
0.0000
0.0000
0.0000
0.0000
0.0000
0.0000
0.0000
0.0000
0.0000
0.0000
0.0000
0.0000
0.0000
0.0000
0.0000
0.0000
131.8359
131.8359
288.0859
288.0859
444.3359
444.3359
590.8203
590.8203
732.4219
732.4219
849.6094
849.6094
937.5000
937.5000
1010.7422
1010.7422
1069.3359
1069.3359
1132.8125
1132.8125
1206.0547
1206.0547
1274.4141
1274.4141
1357.4219
1357.4219
1440.4297
1440.4297
1518.5547
1518.5547
1582.0312
1582.0312
1557.6172
1557.6172
1406.2500
1406.2500
1118.1641
1118.1641
712.8906
712.8906
244.1406
244.1406
0.0000
0.0000
0.0000
0.0000
0.0000
0.0000
0.0000
0.0000
0.0000
0.0000
0.0000
0.0000
0.0000
0.0000
0.0000
0.0000
0.0000
0.0000
0.0000
0.0000
0.0000
0.0000
0.0000
0.0000
0.0000
0.0000
0.0000
0.0000
0.0000
0.0000
0.0000
0.0000
0.0000
0.0000
73.2422
73.2422
200.1953
200.1953
307.6172
307.6172
390.6250
390.6250
449.2187
449.2187
502.9297
502.9297
546.8750
546.8750
600.5859
600.5859
654.2969
654.2969
717.7734
717.7734
805.6641
805.6641
888.6719
888.6719
1000.9766
1000.9766
1123.0469
1123.0469
1240.2344
1240.2344
1367.1875
1367.1875
1489.2578
1489.2578
1596.6797
1596.6797
1655.2734
1655.2734
1552.7344
1552.7344
1264.6484
1264.6484
805.6641
805.6641
258.7891
258.7891
0.0000
0.0000
0.0000
0.0000
0.0000
0.0000
0.0000
0.0000
0.0000
0.0000
0.0000
0.0000
0.0000
0.0000
0.0000
0.0000
0.0000
0.0000
0.0000
0.0000
0.0000
0.0000
0.0000
0.0000
0.0000
0.0000
0.0000
0.0000
0.0000
0.0000
0.0000
0.0000
0.0000
0.0000
0.0000
0.0000
0.0000
0.0000
146.4844
146.4844
371.0937
371.0937
581.0547
581.0547
756.8359
756.8359
903.3203
903.3203
1000.9766
1000.9766
1049.8047
1049.8047
1069.3359
1069.3359
1064.4531
1064.4531
1079.1016
1079.1016
1103.5156
1103.5156
1142.5781
1142.5781
1215.8203
1215.8203
1293.9453
1293.9453
1386.7187
1386.7187
1484.3750
1484.3750
1552.7344
1552.7344
1552.7344
1552.7344
1386.7187
1386.7187
1054.6875
1054.6875
600.5859
600.5859
97.6562
97.6562
0.0000
0.0000
0.0000
0.0000
0.0000
0.0000
0.0000
0.0000
0.0000
0.0000
0.0000
0.0000
0.0000
0.0000
0.0000
0.0000
0.0000
0.0000
0.0000
0.0000
0.0000
0.0000
0.0000
0.0000
0.0000
0.0000
0.0000
0.0000
0.0000
0.0000
0.0000
0.0000
0.0000
0.0000
0.0000
0.0000
117.1875
117.1875
292.9687
292.9687
449.2187
449.2187
590.8203
590.8203
703.1250
703.1250
805.6641
805.6641
869.1406
869.1406
913.0859
913.0859
942.3828
942.3828
957.0312
957.0312
971.6797
971.6797
1000.9766
1000.9766
1044.9219
1044.9219
1103.5156
1103.5156
1166.9922
1166.9922
1230.4687
1230.4687
1293.9453
1293.9453
1342.7734
1342.7734
1372.0703
1372.0703
1293.9453
1293.9453
1083.9844
1083.9844
747.0703
747.0703
317.3828
317.3828
0.0000
0.0000
0.0000
0.0000
0.0000
0.0000
0.0000
0.0000
0.0000
0.0000
0.0000
0.0000
0.0000
0.0000
0.0000
0.0000
0.0000
0.0000
0.0000
0.0000
0.0000
0.0000
0.0000
0.0000
0.0000
0.0000
0.0000
0.0000
0.0000
0.0000
0.0000
0.0000
0.0000
0.0000
0.0000
0.0000
0.0000
0.0000
0.0000
0.0000
87.8906
87.8906
239.2578
239.2578
375.9766
375.9766
517.5781
517.5781
644.5312
644.5312
766.6016
766.6016
903.3203
903.3203
1030.2734
1030.2734
1162.1094
1162.1094
1284.1797
1284.1797
1391.6016
1391.6016
1494.1406
1494.1406
1567.3828
1567.3828
1640.6250
1640.6250
1713.8672
1713.8672
1777.3437
1777.3437
1835.9375
1835.9375
1879.8828
1879.8828
1879.8828
1879.8828
1757.8125
1757.8125
1425.7812
1425.7812
908.2031
908.2031
302.7344
302.7344
0.0000
0.0000
0.0000
0.0000
0.0000
0.0000
0.0000
0.0000
0.0000
0.0000
0.0000
0.0000
0.0000
0.0000
0.0000
0.0000
0.0000
0.0000
0.0000
0.0000
0.0000
0.0000
0.0000
0.0000
0.0000
0.0000
0.0000
0.0000
0.0000
0.0000
0.0000
0.0000
0.0000
0.0000
0.0000
0.0000
0.0000
0.0000
0.0000
0.0000
68.3594
68.3594
224.6094
224.6094
375.9766
375.9766
507.8125
507.8125
639.6484
639.6484
742.1875
742.1875
834.9609
834.9609
917.9687
917.9687
981.4453
981.4453
1049.8047
1049.8047
1103.5156
1103.5156
1147.4609
1147.4609
1186.5234
1186.5234
1210.9375
1210.9375
1225.5859
1225.5859
1220.7031
1220.7031
1132.8125
1132.8125
908.2031
908.2031
512.6953
512.6953
48.8281
48.8281
0.0000
0.0000
0.0000
0.0000
0.0000
0.0000
0.0000
0.0000
0.0000
0.0000
0.0000
0.0000
0.0000
0.0000
0.0000
0.0000
0.0000
0.0000
0.0000
0.0000
0.0000
0.0000
0.0000
0.0000
0.0000
0.0000
0.0000
0.0000
0.0000
0.0000
0.0000
0.0000
0.0000
0.0000
0.0000
0.0000
68.3594
68.3594
253.9062
253.9062
439.4531
439.4531
595.7031
595.7031
722.6562
722.6562
825.1953
825.1953
893.5547
893.5547
942.3828
942.3828
966.7969
966.7969
991.2109
991.2109
1030.2734
1030.2734
1079.1016
1079.1016
1157.2266
1157.2266
1250.0000
1250.0000
1352.5391
1352.5391
1479.4922
1479.4922
1606.4453
1606.4453
1728.5156
1728.5156
1826.1719
1826.1719
1875.0000
1875.0000
1840.8203
1840.8203
1655.2734
1655.2734
1323.2422
1323.2422
893.5547
893.5547
419.9219
419.9219
0.0000
0.0000
0.0000
0.0000
0.0000
0.0000
0.0000
0.0000
0.0000
0.0000
0.0000
0.0000
0.0000
0.0000
0.0000
0.0000
0.0000
0.0000
0.0000
0.0000
0.0000
0.0000
0.0000
0.0000
0.0000
0.0000
0.0000
0.0000
0.0000
0.0000
0.0000
0.0000
0.0000
0.0000
34.1797
34.1797
195.3125
195.3125
341.7969
341.7969
473.6328
473.6328
600.5859
600.5859
698.2422
698.2422
781.2500
781.2500
849.6094
849.6094
922.8516
922.8516
1015.6250
1015.6250
1098.6328
1098.6328
1196.2891
1196.2891
1293.9453
1293.9453
1372.0703
1440.4297
1440.4297
1455.0781
1455.0781
1411.1328
1411.1328
1254.8828
1254.8828
922.8516
922.8516
922.8516
439.4531
439.4531
0.0000
0.0000
0.0000
0.0000
0.0000
0.0000
0.0000
0.0000
0.0000
0.0000
0.0000
0.0000
0.0000
0.0000
0.0000
0.0000
0.0000
0.0000
0.0000
0.0000
0.0000
0.0000
0.0000
0.0000
0.0000
0.0000
0.0000
0.0000
0.0000
0.0000
0.0000
0.0000
0.0000
0.0000
0.0000
0.0000
0.0000
0.0000
0.0000
0.0000
0.0000
4.8828
4.8828
97.6562
97.6562
175.7812
175.7812
249.0234
249.0234
336.9141
336.9141
429.6875
429.6875
541.9922
541.9922
659.1797
659.1797
771.4844
771.4844
893.5547
893.5547
1005.8594
1005.8594
1113.2812
1113.2812
1210.9375
1210.9375
1279.2969
1279.2969
1333.0078
1333.0078
1367.1875
1367.1875
1376.9531
1376.9531
1323.2422
1323.2422
1132.8125
1132.8125
825.1953
825.1953
424.8047
424.8047
4.8828
4.8828
0.0000
0.0000
0.0000
0.0000
0.0000
0.0000
0.0000
0.0000
0.0000
0.0000
0.0000
0.0000
0.0000
0.0000
0.0000
0.0000
0.0000
0.0000
0.0000
0.0000
0.0000
0.0000
0.0000
0.0000
0.0000
0.0000
0.0000
0.0000
0.0000
0.0000
0.0000
0.0000
0.0000
0.0000
0.0000
0.0000
24.4141
24.4141
161.1328
161.1328
292.9687
292.9687
410.1562
410.1562
507.8125
507.8125
615.2344
615.2344
698.2422
698.2422
786.1328
786.1328
874.0234
874.0234
952.1484
952.1484
1044.9219
1044.9219
1132.8125
1132.8125
1230.4687
1230.4687
1337.8906
1337.8906
1435.5469
1435.5469
1533.2031
1533.2031
1616.2109
1616.2109
1684.5703
1684.5703
1748.0469
1748.0469
1728.5156
1728.5156
1572.2656
1572.2656
1235.3516
1235.3516
756.8359
756.8359
224.6094
224.6094
0.0000
0.0000
0.0000
0.0000
0.0000
0.0000
0.0000
0.0000
0.0000
0.0000
0.0000
0.0000
0.0000
0.0000
0.0000
0.0000
0.0000
0.0000
0.0000
0.0000
0.0000
0.0000
0.0000
0.0000
0.0000
0.0000
0.0000
0.0000
0.0000
0.0000
0.0000
0.0000
0.0000
0.0000
0.0000
0.0000
0.0000
0.0000
0.0000
0.0000
0.0000
0.0000
39.0625
39.0625
190.4297
190.4297
317.3828
317.3828
429.6875
429.6875
537.1094
537.1094
629.8828
629.8828
727.5391
727.5391
805.6641
805.6641
878.9062
878.9062
957.0312
957.0312
1035.1562
1035.1562
1137.6953
1137.6953
1235.3516
1235.3516
1328.1250
1328.1250
1420.8984
1420.8984
1484.3750
1484.3750
1464.8437
1464.8437
1284.1797
1284.1797
917.9687
917.9687
439.4531
439.4531
0.0000
0.0000
0.0000
0.0000
0.0000
0.0000
0.0000
0.0000
0.0000
0.0000
0.0000
0.0000
0.0000
0.0000
0.0000
0.0000
0.0000
0.0000
0.0000
0.0000
0.0000
0.0000
0.0000
0.0000
0.0000
0.0000
0.0000
0.0000
0.0000
0.0000
0.0000
0.0000
0.0000
0.0000
0.0000
0.0000
0.0000
0.0000
0.0000
0.0000
0.0000
0.0000
107.4219
107.4219
249.0234
249.0234
375.9766
375.9766
478.5156
478.5156
571.2891
571.2891
639.6484
639.6484
717.7734
717.7734
791.0156
791.0156
874.0234
874.0234
971.6797
971.6797
1054.6875
1054.6875
1137.6953
1137.6953
1201.1719
1201.1719
1235.3516
1235.3516
1269.5312
1269.5312
1279.2969
1279.2969
1240.2344
1240.2344
1093.7500
1093.7500
800.7812
800.7812
415.0391
415.0391
0.0000
0.0000
0.0000
0.0000
0.0000
0.0000
0.0000
0.0000
0.0000
0.0000
0.0000
0.0000
0.0000
0.0000
0.0000
0.0000
0.0000
0.0000
0.0000
0.0000
0.0000
0.0000
0.0000
0.0000
0.0000
0.0000
0.0000
0.0000
0.0000
0.0000
0.0000
0.0000
0.0000
0.0000
0.0000
0.0000
126.9531
126.9531
258.7891
258.7891
395.5078
395.5078
507.8125
507.8125
615.2344
615.2344
712.8906
712.8906
800.7812
800.7812
883.7891
883.7891
947.2656
947.2656
1005.8594
1005.8594
1069.3359
1069.3359
1132.8125
1132.8125
1220.7031
1220.7031
1303.7109
1303.7109
1391.6016
1391.6016
1464.8437
1464.8437
1479.4922
1479.4922
1411.1328
1411.1328
1176.7578
1176.7578
786.1328
786.1328
307.6172
307.6172
0.0000
0.0000
0.0000
0.0000
0.0000
0.0000
0.0000
0.0000
0.0000
0.0000
0.0000
0.0000
0.0000
0.0000
0.0000
0.0000
0.0000
0.0000
0.0000
0.0000
0.0000
0.0000
0.0000
0.0000
0.0000
0.0000
0.0000
0.0000
0.0000
0.0000
0.0000
0.0000
0.0000
0.0000
151.3672
151.3672
268.5547
268.5547
380.8594
380.8594
473.6328
473.6328
541.9922
541.9922
615.2344
615.2344
668.9453
668.9453
732.4219
732.4219
805.6641
805.6641
874.0234
874.0234
966.7969
966.7969
1054.6875
1054.6875
1132.8125
1132.8125
1210.9375
1210.9375
1250.0000
1250.0000
1254.8828
1254.8828
1157.2266
1157.2266
908.2031
908.2031
507.8125
507.8125
0.0000
0.0000
0.0000
0.0000
0.0000
0.0000
0.0000
0.0000
0.0000
0.0000
0.0000
0.0000
0.0000
0.0000
0.0000
0.0000
0.0000
0.0000
0.0000
0.0000
0.0000
0.0000
0.0000
0.0000
0.0000
0.0000
0.0000
0.0000
0.0000
0.0000
0.0000
0.0000
0.0000
0.0000
0.0000
0.0000
0.0000
0.0000
0.0000
0.0000
0.0000
0.0000
131.8359
131.8359
288.0859
288.0859
419.9219
419.9219
546.8750
546.8750
664.0625
664.0625
766.6016
766.6016
859.3750
859.3750
922.8516
922.8516
976.5625
976.5625
1035.1562
1035.1562
1079.1016
1079.1016
1132.8125
1132.8125
1176.7578
1176.7578
1220.7031
1220.7031
1279.2969
1279.2969
1337.8906
1337.8906
1425.7812
1425.7812
1469.7266
1469.7266
1391.6016
1391.6016
1132.8125
1132.8125
703.1250
703.1250
229.4922
229.4922
0.0000
0.0000
0.0000
0.0000
0.0000
0.0000
0.0000
0.0000
0.0000
0.0000
0.0000
0.0000
0.0000
0.0000
0.0000
0.0000
0.0000
0.0000
0.0000
0.0000
0.0000
0.0000
0.0000
0.0000
0.0000
0.0000
0.0000
0.0000
0.0000
0.0000
0.0000
0.0000
0.0000
0.0000
0.0000
0.0000
92.7734
92.7734
253.9062
253.9062
429.6875
429.6875
571.2891
571.2891
688.4766
688.4766
781.2500
781.2500
844.7266
844.7266
893.5547
893.5547
922.8516
922.8516
957.0312
957.0312
1015.6250
1015.6250
1079.1016
1079.1016
1157.2266
1157.2266
1240.2344
1240.2344
1318.3594
1318.3594
1416.0156
1416.0156
1508.7891
1508.7891
1567.3828
1567.3828
1499.0234
1499.0234
1220.7031
1220.7031
795.8984
795.8984
312.5000
312.5000
0.0000
0.0000
0.0000
0.0000
0.0000
0.0000
0.0000
0.0000
0.0000
0.0000
0.0000
0.0000
0.0000
0.0000
0.0000
0.0000
0.0000
0.0000
0.0000
0.0000
0.0000
0.0000
0.0000
0.0000
0.0000
0.0000
0.0000
0.0000
0.0000
0.0000
0.0000
0.0000
0.0000
0.0000
0.0000
0.0000
0.0000
0.0000
0.0000
0.0000
83.0078
83.0078
214.8437
214.8437
322.2656
322.2656
419.9219
419.9219
507.8125
507.8125
585.9375
585.9375
683.5937
683.5937
771.4844
771.4844
854.4922
854.4922
947.2656
947.2656
1040.0391
1040.0391
1142.5781
1142.5781
1230.4687
1230.4687
1308.5937
1308.5937
1386.7187
1386.7187
1435.5469
1435.5469
1440.4297
1440.4297
1357.4219
1357.4219
1127.9297
1127.9297
766.6016
766.6016
322.2656
322.2656
0.0000
0.0000
0.0000
0.0000
0.0000
0.0000
0.0000
0.0000
0.0000
0.0000
0.0000
0.0000
0.0000
0.0000
0.0000
0.0000
0.0000
0.0000
0.0000
0.0000
0.0000
0.0000
0.0000
0.0000
0.0000
0.0000
0.0000
0.0000
0.0000
0.0000
0.0000
0.0000
0.0000
0.0000
0.0000
0.0000
73.2422
73.2422
170.8984
170.8984
185.5469
185.5469
136.7187
136.7187
39.0625
39.0625
0.0000
0.0000
0.0000
0.0000
9.7656
9.7656
170.8984
170.8984
380.8594
380.8594
585.9375
585.9375
800.7812
800.7812
996.0937
996.0937
1201.1719
1201.1719
1416.0156
1416.0156
1630.8594
1630.8594
1855.4687
1855.4687
2055.6641
2055.6641
2158.2031
2158.2031
2031.2500
2031.2500
1665.0391
1665.0391
1279.2969
1279.2969
1015.6250
1015.6250
927.7344
927.7344
971.6797
971.6797
1054.6875
1054.6875
1123.0469
1123.0469
1152.3437
1152.3437
1147.4609
1147.4609
1176.7578
1176.7578
1245.1172
1245.1172
1372.0703
1372.0703
1562.5000
1562.5000
1772.4609
1772.4609
2001.9531
2001.9531
2187.5000
2187.5000
2290.0391
2290.0391
2290.0391
2290.0391
2167.9687
2167.9687
1982.4219
1982.4219
1772.4609
1772.4609
1572.2656
1572.2656
1425.7812
1425.7812
1313.4766
1313.4766
1215.8203
1215.8203
1108.3984
1108.3984
957.0312
957.0312
742.1875
742.1875
336.9141
336.9141
0.0000
0.0000
0.0000
0.0000
0.0000
0.0000
0.0000
0.0000
0.0000
0.0000
0.0000
0.0000
0.0000
0.0000
0.0000
0.0000
0.0000
0.0000
0.0000
0.0000
0.0000
0.0000
0.0000
0.0000
0.0000
0.0000
0.0000
0.0000
0.0000
0.0000
0.0000
0.0000
0.0000
0.0000
0.0000
0.0000
0.0000
0.0000
0.0000
0.0000
0.0000
0.0000
0.0000
0.0000
0.0000
0.0000
0.0000
0.0000
0.0000
0.0000
151.3672
151.3672
380.8594
380.8594
585.9375
585.9375
751.9531
751.9531
893.5547
893.5547
1005.8594
1113.2812
1113.2812
1220.7031
1220.7031
1323.2422
1323.2422
1445.3125
1445.3125
1562.5000
1562.5000
1562.5000
1684.5703
1684.5703
1806.6406
1806.6406
1875.0000
1875.0000
1855.4687
1723.6328
1723.6328
1489.2578
1489.2578
1186.5234
1186.5234
825.1953
825.1953
468.7500
468.7500
468.7500
122.0703
122.0703
0.0000
0.0000
0.0000
0.0000
0.0000
0.0000
0.0000
0.0000
0.0000
0.0000
0.0000
0.0000
0.0000
0.0000
0.0000
0.0000
0.0000
0.0000
0.0000
0.0000
0.0000
0.0000
0.0000
0.0000
0.0000
0.0000
0.0000
0.0000
0.0000
0.0000
0.0000
0.0000
0.0000
0.0000
0.0000
4.8828
4.8828
263.6719
263.6719
493.1641
493.1641
703.1250
703.1250
878.9062
878.9062
1020.5078
1020.5078
1127.9297
1127.9297
1201.1719
1201.1719
1245.1172
1245.1172
1274.4141
1274.4141
1284.1797
1284.1797
1289.0625
1289.0625
1279.2969
1279.2969
1259.7656
1259.7656
1181.6406
1181.6406
981.4453
981.4453
678.7109
678.7109
283.2031
283.2031
0.0000
0.0000
0.0000
0.0000
0.0000
0.0000
0.0000
0.0000
0.0000
0.0000
0.0000
0.0000
0.0000
0.0000
0.0000
0.0000
0.0000
0.0000
0.0000
0.0000
0.0000
0.0000
0.0000
0.0000
0.0000
0.0000
0.0000
0.0000
0.0000
0.0000
0.0000
0.0000
0.0000
0.0000
185.5469
185.5469
410.1562
410.1562
625.0000
625.0000
805.6641
805.6641
966.7969
966.7969
1088.8672
1088.8672
1162.1094
1162.1094
1206.0547
1206.0547
1215.8203
1215.8203
1206.0547
1206.0547
1186.5234
1186.5234
1176.7578
1176.7578
1206.0547
1206.0547
1225.5859
1225.5859
1176.7578
1176.7578
1020.5078
1020.5078
727.5391
727.5391
356.4453
356.4453
0.0000
0.0000
0.0000
0.0000
0.0000
0.0000
0.0000
0.0000
0.0000
0.0000
0.0000
0.0000
0.0000
0.0000
0.0000
0.0000
0.0000
0.0000
0.0000
0.0000
0.0000
0.0000
0.0000
0.0000
0.0000
0.0000
0.0000
0.0000
0.0000
0.0000
117.1875
117.1875
317.3828
317.3828
498.0469
498.0469
634.7656
634.7656
751.9531
751.9531
864.2578
864.2578
947.2656
947.2656
1020.5078
1020.5078
1064.4531
1064.4531
1079.1016
1079.1016
1079.1016
1079.1016
1059.5703
1059.5703
1030.2734
1030.2734
957.0312
957.0312
791.0156
791.0156
537.1094
537.1094
219.7266
219.7266
0.0000
0.0000
0.0000
0.0000
0.0000
0.0000
0.0000
0.0000
0.0000
0.0000
0.0000
0.0000
0.0000
0.0000
0.0000
0.0000
0.0000
0.0000
0.0000
0.0000
0.0000
0.0000
0.0000
0.0000
0.0000
0.0000
0.0000
0.0000
0.0000
0.0000
0.0000
0.0000
146.4844
146.4844
317.3828
317.3828
478.5156
478.5156
634.7656
634.7656
771.4844
771.4844
908.2031
908.2031
1030.2734
1030.2734
1142.5781
1142.5781
1254.8828
1254.8828
1333.0078
1333.0078
1391.6016
1391.6016
1406.2500
1406.2500
1386.7187
1386.7187
1352.5391
1352.5391
1245.1172
1245.1172
1025.3906
1025.3906
703.1250
703.1250
322.2656
322.2656
0.0000
0.0000
0.0000
0.0000
0.0000
0.0000
0.0000
0.0000
0.0000
0.0000
0.0000
0.0000
0.0000
0.0000
0.0000
0.0000
0.0000
0.0000
0.0000
0.0000
0.0000
0.0000
0.0000
0.0000
0.0000
0.0000
0.0000
0.0000
0.0000
0.0000
0.0000
0.0000
0.0000
0.0000
0.0000
0.0000
0.0000
0.0000
0.0000
0.0000
117.1875
117.1875
346.6797
346.6797
551.7578
551.7578
747.0703
747.0703
903.3203
903.3203
1030.2734
1030.2734
1132.8125
1132.8125
1186.5234
1186.5234
1206.0547
1206.0547
1186.5234
1186.5234
1137.6953
1137.6953
1088.8672
1088.8672
1035.1562
1035.1562
966.7969
966.7969
825.1953
825.1953
566.4062
566.4062
214.8437
214.8437
0.0000
0.0000
0.0000
0.0000
0.0000
0.0000
0.0000
0.0000
0.0000
0.0000
0.0000
0.0000
0.0000
0.0000
0.0000
0.0000
0.0000
0.0000
0.0000
0.0000
0.0000
0.0000
0.0000
0.0000
0.0000
0.0000
0.0000
0.0000
0.0000
0.0000
0.0000
0.0000
166.0156
166.0156
385.7422
385.7422
581.0547
581.0547
751.9531
751.9531
917.9687
917.9687
1049.8047
1049.8047
1166.9922
1166.9922
1254.8828
1254.8828
1318.3594
1318.3594
1381.8359
1381.8359
1416.0156
1416.0156
1430.6641
1430.6641
1420.8984
1420.8984
1396.4844
1396.4844
1381.8359
1381.8359
1313.4766
1313.4766
1166.9922
1166.9922
908.2031
908.2031
537.1094
537.1094
122.0703
122.0703
0.0000
0.0000
0.0000
0.0000
0.0000
0.0000
0.0000
0.0000
0.0000
0.0000
0.0000
0.0000
0.0000
0.0000
0.0000
0.0000
0.0000
0.0000
0.0000
0.0000
0.0000
0.0000
0.0000
0.0000
0.0000
0.0000
0.0000
0.0000
0.0000
0.0000
0.0000
0.0000
48.8281
48.8281
278.3203
278.3203
493.1641
493.1641
688.4766
688.4766
864.2578
864.2578
1005.8594
1005.8594
1127.9297
1127.9297
1210.9375
1210.9375
1259.7656
1259.7656
1284.1797
1284.1797
1259.7656
1259.7656
1220.7031
1220.7031
1166.9922
1166.9922
1103.5156
1103.5156
1040.0391
1040.0391
927.7344
927.7344
742.1875
742.1875
463.8672
463.8672
112.3047
112.3047
0.0000
0.0000
0.0000
0.0000
0.0000
0.0000
0.0000
0.0000
0.0000
0.0000
0.0000
0.0000
0.0000
0.0000
0.0000
0.0000
0.0000
0.0000
0.0000
0.0000
0.0000
0.0000
0.0000
0.0000
0.0000
0.0000
0.0000
0.0000
0.0000
0.0000
0.0000
0.0000
0.0000
0.0000
214.8437
214.8437
434.5703
434.5703
625.0000
625.0000
786.1328
786.1328
927.7344
927.7344
1035.1562
1035.1562
1123.0469
1123.0469
1176.7578
1176.7578
1201.1719
1201.1719
1215.8203
1215.8203
1196.2891
1196.2891
1162.1094
1162.1094
1113.2812
1113.2812
1015.6250
1015.6250
844.7266
844.7266
576.1719
576.1719
229.4922
229.4922
0.0000
0.0000
0.0000
0.0000
0.0000
0.0000
0.0000
0.0000
0.0000
0.0000
0.0000
0.0000
0.0000
0.0000
0.0000
0.0000
0.0000
0.0000
0.0000
0.0000
0.0000
0.0000
0.0000
0.0000
0.0000
0.0000
0.0000
0.0000
0.0000
0.0000
0.0000
0.0000
0.0000
0.0000
0.0000
0.0000
112.3047
112.3047
327.1484
327.1484
537.1094
537.1094
717.7734
717.7734
878.9062
878.9062
1025.3906
1025.3906
1132.8125
1132.8125
1215.8203
1215.8203
1254.8828
1254.8828
1250.0000
1250.0000
1220.7031
1220.7031
1162.1094
1162.1094
1113.2812
1113.2812
1025.3906
1025.3906
859.3750
859.3750
634.7656
634.7656
351.5625
351.5625
53.7109
53.7109
0.0000
0.0000
0.0000
0.0000
0.0000
0.0000
0.0000
0.0000
0.0000
0.0000
0.0000
0.0000
0.0000
0.0000
0.0000
0.0000
0.0000
0.0000
0.0000
0.0000
0.0000
0.0000
0.0000
0.0000
0.0000
0.0000
0.0000
0.0000
0.0000
0.0000
0.0000
0.0000
68.3594
68.3594
332.0312
332.0312
576.1719
576.1719
781.2500
781.2500
966.7969
966.7969
1103.5156
1103.5156
1196.2891
1196.2891
1274.4141
1274.4141
1318.3594
1318.3594
1362.3047
1362.3047
1396.4844
1396.4844
1416.0156
1416.0156
1435.5469
1435.5469
1420.8984
1420.8984
1381.8359
1381.8359
1313.4766
1313.4766
1191.4062
1191.4062
996.0937
996.0937
673.8281
673.8281
263.6719
263.6719
0.0000
0.0000
0.0000
0.0000
0.0000
0.0000
0.0000
0.0000
0.0000
0.0000
0.0000
0.0000
0.0000
0.0000
0.0000
0.0000
0.0000
0.0000
0.0000
0.0000
0.0000
0.0000
0.0000
0.0000
0.0000
0.0000
0.0000
0.0000
0.0000
0.0000
0.0000
0.0000
0.0000
0.0000
0.0000
0.0000
205.0781
205.0781
410.1562
410.1562
600.5859
600.5859
751.9531
751.9531
878.9062
878.9062
996.0937
996.0937
1064.4531
1064.4531
1118.1641
1118.1641
1137.6953
1137.6953
1127.9297
1127.9297
1103.5156
1103.5156
1069.3359
1069.3359
1040.0391
1040.0391
991.2109
991.2109
869.1406
869.1406
659.1797
659.1797
351.5625
351.5625
0.0000
0.0000
0.0000
0.0000
0.0000
0.0000
0.0000
0.0000
0.0000
0.0000
0.0000
0.0000
0.0000
0.0000
0.0000
0.0000
0.0000
0.0000
0.0000
0.0000
0.0000
0.0000
0.0000
0.0000
0.0000
0.0000
0.0000
0.0000
0.0000
0.0000
0.0000
0.0000
112.3047
112.3047
327.1484
327.1484
537.1094
537.1094
722.6562
722.6562
883.7891
883.7891
1035.1562
1035.1562
1157.2266
1157.2266
1250.0000
1250.0000
1313.4766
1313.4766
1333.0078
1333.0078
1318.3594
1318.3594
1259.7656
1259.7656
1171.8750
1171.8750
1069.3359
1069.3359
917.9687
917.9687
708.0078
708.0078
424.8047
424.8047
92.7734
92.7734
0.0000
0.0000
0.0000
0.0000
0.0000
0.0000
0.0000
0.0000
0.0000
0.0000
0.0000
0.0000
0.0000
0.0000
0.0000
0.0000
0.0000
0.0000
0.0000
0.0000
0.0000
0.0000
0.0000
0.0000
0.0000
0.0000
0.0000
0.0000
0.0000
0.0000
0.0000
0.0000
53.7109
53.7109
273.4375
273.4375
493.1641
493.1641
683.5937
683.5937
844.7266
844.7266
976.5625
976.5625
1074.2187
1074.2187
1171.8750
1171.8750
1245.1172
1245.1172
1293.9453
1293.9453
1323.2422
1323.2422
1313.4766
1313.4766
1289.0625
1289.0625
1240.2344
1240.2344
1166.9922
1166.9922
1049.8047
1049.8047
839.8437
839.8437
546.8750
185.5469
185.5469
185.5469
0.0000
0.0000
0.0000
0.0000
0.0000
0.0000
0.0000
0.0000
0.0000
0.0000
0.0000
0.0000
0.0000
0.0000
0.0000
0.0000
0.0000
0.0000
0.0000
0.0000
0.0000
0.0000
0.0000
0.0000
0.0000
0.0000
0.0000
0.0000
0.0000
0.0000
9.7656
9.7656
258.7891
258.7891
478.5156
664.0625
664.0625
830.0781
830.0781
947.2656
947.2656
1025.3906
1025.3906
1079.1016
1079.1016
1079.1016
1103.5156
1103.5156
1137.6953
1137.6953
1157.2266
1171.8750
1171.8750
1181.6406
1181.6406
1162.1094
1162.1094
1137.6953
1137.6953
1083.9844
1083.9844
976.5625
976.5625
786.1328
786.1328
478.5156
478.5156
112.3047
112.3047
0.0000
0.0000
0.0000
0.0000
0.0000
0.0000
0.0000
0.0000
0.0000
0.0000
0.0000
0.0000
0.0000
0.0000
0.0000
0.0000
0.0000
0.0000
0.0000
0.0000
0.0000
0.0000
0.0000
0.0000
0.0000
0.0000
0.0000
0.0000
0.0000
0.0000
0.0000
0.0000
0.0000
0.0000
0.0000
0.0000
122.0703
122.0703
346.6797
346.6797
571.2891
571.2891
766.6016
766.6016
922.8516
922.8516
1049.8047
1049.8047
1127.9297
1127.9297
1186.5234
1186.5234
1201.1719
1201.1719
1186.5234
1186.5234
1157.2266
1157.2266
1118.1641
1118.1641
1103.5156
1103.5156
1044.9219
1044.9219
878.9062
878.9062
605.4687
605.4687
229.4922
229.4922
0.0000
0.0000
0.0000
0.0000
0.0000
0.0000
0.0000
0.0000
0.0000
0.0000
0.0000
0.0000
0.0000
0.0000
0.0000
0.0000
0.0000
0.0000
0.0000
0.0000
0.0000
0.0000
0.0000
0.0000
0.0000
0.0000
0.0000
0.0000
0.0000
0.0000
0.0000
0.0000
0.0000
0.0000
0.0000
0.0000
68.3594
68.3594
297.8516
297.8516
507.8125
507.8125
708.0078
708.0078
878.9062
878.9062
1035.1562
1035.1562
1176.7578
1176.7578
1284.1797
1284.1797
1372.0703
1372.0703
1420.8984
1420.8984
1435.5469
1435.5469
1425.7812
1425.7812
1381.8359
1381.8359
1347.6562
1347.6562
1284.1797
1284.1797
1137.6953
1137.6953
903.3203
903.3203
556.6406
556.6406
180.6641
180.6641
0.0000
0.0000
0.0000
0.0000
0.0000
0.0000
0.0000
0.0000
0.0000
0.0000
0.0000
0.0000
0.0000
0.0000
0.0000
0.0000
0.0000
0.0000
0.0000
0.0000
0.0000
0.0000
0.0000
0.0000
0.0000
0.0000
0.0000
0.0000
0.0000
0.0000
0.0000
0.0000
0.0000
0.0000
0.0000
0.0000
92.7734
92.7734
297.8516
297.8516
507.8125
507.8125
693.3594
693.3594
864.2578
864.2578
1015.6250
1015.6250
1118.1641
1118.1641
1206.0547
1206.0547
1259.7656
1259.7656
1279.2969
1279.2969
1289.0625
1289.0625
1298.8281
1298.8281
1308.5937
1308.5937
1274.4141
1274.4141
1166.9922
1166.9922
991.2109
991.2109
732.4219
732.4219
434.5703
434.5703
131.8359
131.8359
0.0000
0.0000
0.0000
0.0000
0.0000
0.0000
0.0000
0.0000
0.0000
0.0000
0.0000
0.0000
0.0000
0.0000
0.0000
0.0000
0.0000
0.0000
0.0000
0.0000
0.0000
0.0000
0.0000
0.0000
0.0000
0.0000
190.4297
190.4297
434.5703
434.5703
629.8828
629.8828
810.5469
810.5469
957.0312
957.0312
1069.3359
1069.3359
1166.9922
1166.9922
1225.5859
1225.5859
1264.6484
1264.6484
1284.1797
1284.1797
1274.4141
1274.4141
1264.6484
1264.6484
1230.4687
1230.4687
1210.9375
1210.9375
1186.5234
1186.5234
1088.8672
1088.8672
898.4375
898.4375
600.5859
600.5859
234.3750
234.3750
0.0000
0.0000
0.0000
0.0000
0.0000
0.0000
0.0000
0.0000
0.0000
0.0000
0.0000
0.0000
0.0000
0.0000
0.0000
0.0000
0.0000
0.0000
0.0000
0.0000
0.0000
0.0000
0.0000
0.0000
0.0000
0.0000
0.0000
0.0000
0.0000
0.0000
0.0000
0.0000
0.0000
0.0000
0.0000
0.0000
253.9062
253.9062
473.6328
473.6328
668.9453
668.9453
830.0781
830.0781
961.9141
961.9141
1083.9844
1083.9844
1171.8750
1171.8750
1235.3516
1235.3516
1269.5312
1269.5312
1269.5312
1269.5312
1264.6484
1264.6484
1240.2344
1240.2344
1206.0547
1206.0547
1162.1094
1162.1094
1098.6328
1098.6328
1005.8594
1005.8594
830.0781
830.0781
576.1719
576.1719
253.9062
253.9062
0.0000
0.0000
0.0000
0.0000
0.0000
0.0000
0.0000
0.0000
0.0000
0.0000
0.0000
0.0000
0.0000
0.0000
0.0000
0.0000
0.0000
0.0000
0.0000
0.0000
0.0000
0.0000
0.0000
0.0000
0.0000
0.0000
0.0000
0.0000
0.0000
0.0000
0.0000
0.0000
0.0000
0.0000
0.0000
0.0000
0.0000
0.0000
200.1953
200.1953
424.8047
424.8047
620.1172
620.1172
795.8984
795.8984
937.5000
937.5000
1049.8047
1049.8047
1132.8125
1132.8125
1176.7578
1176.7578
1206.0547
1206.0547
1201.1719
1201.1719
1181.6406
1181.6406
1142.5781
1142.5781
1044.9219
1044.9219
839.8437
839.8437
522.4609
522.4609
156.2500
156.2500
0.0000
0.0000
0.0000
0.0000
0.0000
0.0000
0.0000
0.0000
0.0000
0.0000
0.0000
0.0000
0.0000
0.0000
0.0000
0.0000
0.0000
0.0000
0.0000
0.0000
0.0000
0.0000
0.0000
0.0000
0.0000
0.0000
0.0000
0.0000
0.0000
0.0000
0.0000
0.0000
0.0000
0.0000
0.0000
0.0000
0.0000
0.0000
126.9531
126.9531
400.3906
400.3906
634.7656
634.7656
825.1953
825.1953
996.0937
996.0937
1123.0469
1123.0469
1220.7031
1220.7031
1298.8281
1298.8281
1357.4219
1357.4219
1425.7812
1425.7812
1479.4922
1479.4922
1518.5547
1518.5547
1552.7344
1552.7344
1557.6172
1557.6172
1552.7344
1552.7344
1494.1406
1494.1406
1352.5391
1352.5391
1132.8125
1132.8125
791.0156
791.0156
385.7422
385.7422
0.0000
0.0000
0.0000
0.0000
0.0000
0.0000
0.0000
0.0000
0.0000
0.0000
0.0000
0.0000
0.0000
0.0000
0.0000
0.0000
0.0000
0.0000
0.0000
0.0000
0.0000
0.0000
0.0000
0.0000
0.0000
0.0000
0.0000
0.0000
0.0000
0.0000
0.0000
0.0000
161.1328
161.1328
424.8047
424.8047
659.1797
659.1797
849.6094
849.6094
1005.8594
1005.8594
1113.2812
1113.2812
1201.1719
1201.1719
1259.7656
1259.7656
1289.0625
1289.0625
1328.1250
1328.1250
1352.5391
1352.5391
1372.0703
1372.0703
1381.8359
1381.8359
1367.1875
1367.1875
1367.1875
1367.1875
1337.8906
1337.8906
1254.8828
1254.8828
1088.8672
1088.8672
810.5469
810.5469
458.9844
458.9844
58.5937
58.5937
0.0000
0.0000
0.0000
0.0000
0.0000
0.0000
0.0000
0.0000
0.0000
0.0000
0.0000
0.0000
0.0000
0.0000
0.0000
0.0000
0.0000
0.0000
0.0000
0.0000
0.0000
0.0000
0.0000
0.0000
0.0000
0.0000
0.0000
0.0000
0.0000
0.0000
48.8281
48.8281
288.0859
288.0859
493.1641
493.1641
664.0625
664.0625
815.4297
815.4297
927.7344
927.7344
1015.6250
1015.6250
1079.1016
1079.1016
1118.1641
1118.1641
1152.3437
1152.3437
1166.9922
1166.9922
1162.1094
1162.1094
1147.4609
1147.4609
1113.2812
1113.2812
1074.2187
1074.2187
961.9141
961.9141
756.8359
756.8359
449.2187
449.2187
53.7109
53.7109
0.0000
0.0000
0.0000
0.0000
0.0000
0.0000
0.0000
0.0000
0.0000
0.0000
0.0000
0.0000
0.0000
0.0000
0.0000
0.0000
0.0000
0.0000
0.0000
0.0000
0.0000
0.0000
0.0000
0.0000
0.0000
0.0000
0.0000
0.0000
0.0000
0.0000
0.0000
0.0000
166.0156
166.0156
371.0937
371.0937
571.2891
571.2891
742.1875
742.1875
888.6719
888.6719
1025.3906
1025.3906
1137.6953
1137.6953
1240.2344
1240.2344
1328.1250
1328.1250
1386.7187
1386.7187
1435.5469
1435.5469
1435.5469
1435.5469
1391.6016
1391.6016
1308.5937
1308.5937
1181.6406
1181.6406
1025.3906
1025.3906
791.0156
791.0156
473.6328
473.6328
87.8906
87.8906
0.0000
0.0000
0.0000
0.0000
