117.1875
112.3047
112.3047
190.4297
190.4297
219.7266
219.7266
195.3125
195.3125
175.7812
175.7812
239.2578
239.2578
249.0234
249.0234
239.2578
239.2578
239.2578
239.2578
317.3828
317.3828
361.3281
361.3281
380.8594
380.8594
400.3906
400.3906
483.3984
483.3984
517.5781
517.5781
512.6953
512.6953
507.8125
507.8125
561.5234
561.5234
556.6406
556.6406
517.5781
517.5781
502.9297
502.9297
551.7578
551.7578
546.8750
546.8750
507.8125
507.8125
498.0469
498.0469
576.1719
576.1719
639.6484
639.6484
712.8906
712.8906
810.5469
810.5469
927.7344
927.7344
932.6172
932.6172
800.7812
800.7812
615.2344
615.2344
473.6328
473.6328
292.9687
292.9687
87.8906
87.8906
0.0000
0.0000
0.0000
0.0000
0.0000
0.0000
0.0000
0.0000
0.0000
0.0000
0.0000
0.0000
0.0000
0.0000
0.0000
0.0000
0.0000
0.0000
0.0000
0.0000
0.0000
0.0000
0.0000
0.0000
0.0000
0.0000
0.0000
0.0000
0.0000
0.0000
0.0000
0.0000
0.0000
0.0000
0.0000
0.0000
0.0000
0.0000
0.0000
0.0000
0.0000
0.0000
0.0000
0.0000
0.0000
0.0000
0.0000
0.0000
0.0000
0.0000
0.0000
0.0000
0.0000
0.0000
0.0000
0.0000
0.0000
0.0000
19.5312
19.5312
87.8906
87.8906
131.8359
131.8359
205.0781
205.0781
312.5000
312.5000
356.4453
356.4453
361.3281
361.3281
410.1562
410.1562
507.8125
507.8125
546.8750
546.8750
527.3437
527.3437
522.4609
522.4609
532.2266
532.2266
493.1641
493.1641
424.8047
424.8047
400.3906
400.3906
419.9219
419.9219
405.2734
405.2734
361.3281
361.3281
366.2109
366.2109
419.9219
419.9219
439.4531
439.4531
463.8672
463.8672
551.7578
551.7578
708.0078
708.0078
820.3125
820.3125
878.9062
878.9062
922.8516
922.8516
927.7344
927.7344
786.1328
786.1328
537.1094
537.1094
288.0859
288.0859
58.5937
58.5937
0.0000
0.0000
0.0000
0.0000
0.0000
0.0000
0.0000
0.0000
0.0000
0.0000
0.0000
0.0000
0.0000
0.0000
0.0000
0.0000
0.0000
0.0000
0.0000
0.0000
0.0000
0.0000
0.0000
0.0000
0.0000
0.0000
0.0000
0.0000
0.0000
0.0000
0.0000
0.0000
0.0000
0.0000
0.0000
0.0000
0.0000
0.0000
0.0000
0.0000
0.0000
0.0000
0.0000
0.0000
0.0000
0.0000
0.0000
0.0000
24.4141
24.4141
24.4141
24.4141
83.0078
83.0078
166.0156
166.0156
195.3125
195.3125
185.5469
185.5469
224.6094
224.6094
263.6719
263.6719
258.7891
258.7891
244.1406
244.1406
292.9687
292.9687
346.6797
346.6797
341.7969
341.7969
302.7344
302.7344
307.6172
307.6172
327.1484
327.1484
322.2656
322.2656
292.9687
292.9687
332.0312
332.0312
366.2109
366.2109
361.3281
361.3281
336.9141
336.9141
385.7422
385.7422
463.8672
463.8672
517.5781
517.5781
561.5234
561.5234
673.8281
673.8281
781.2500
781.2500
844.7266
844.7266
898.4375
898.4375
1015.6250
1015.6250
1123.0469
1123.0469
1132.8125
1132.8125
1025.3906
1025.3906
878.9062
878.9062
673.8281
673.8281
400.3906
400.3906
102.5391
102.5391
0.0000
0.0000
0.0000
0.0000
0.0000
0.0000
0.0000
0.0000
0.0000
0.0000
0.0000
0.0000
0.0000
0.0000
0.0000
0.0000
0.0000
0.0000
0.0000
0.0000
0.0000
0.0000
0.0000
0.0000
0.0000
0.0000
0.0000
0.0000
0.0000
0.0000
0.0000
0.0000
0.0000
0.0000
0.0000
0.0000
0.0000
0.0000
0.0000
0.0000
0.0000
0.0000
0.0000
0.0000
0.0000
0.0000
0.0000
0.0000
0.0000
0.0000
0.0000
0.0000
0.0000
0.0000
24.4141
24.4141
122.0703
122.0703
200.1953
200.1953
219.7266
219.7266
214.8437
214.8437
268.5547
268.5547
302.7344
302.7344
297.8516
297.8516
258.7891
258.7891
292.9687
292.9687
302.7344
302.7344
273.4375
273.4375
224.6094
224.6094
258.7891
258.7891
263.6719
263.6719
253.9062
253.9062
258.7891
258.7891
366.2109
366.2109
449.2187
449.2187
493.1641
493.1641
502.9297
502.9297
581.0547
581.0547
639.6484
639.6484
698.2422
698.2422
776.3672
776.3672
927.7344
927.7344
1005.8594
1005.8594
942.3828
942.3828
761.7187
761.7187
566.4062
566.4062
292.9687
292.9687
0.0000
0.0000
0.0000
0.0000
0.0000
0.0000
0.0000
0.0000
0.0000
0.0000
0.0000
0.0000
0.0000
0.0000
0.0000
0.0000
0.0000
0.0000
0.0000
0.0000
0.0000
0.0000
0.0000
0.0000
0.0000
0.0000
0.0000
0.0000
0.0000
0.0000
0.0000
0.0000
0.0000
0.0000
0.0000
0.0000
0.0000
0.0000
0.0000
0.0000
0.0000
0.0000
0.0000
0.0000
0.0000
0.0000
0.0000
0.0000
0.0000
0.0000
0.0000
0.0000
0.0000
0.0000
0.0000
0.0000
53.7109
53.7109
87.8906
87.8906
190.4297
190.4297
249.0234
249.0234
278.3203
278.3203
312.5000
312.5000
419.9219
419.9219
478.5156
478.5156
473.6328
473.6328
449.2187
449.2187
473.6328
473.6328
458.9844
458.9844
424.8047
424.8047
395.5078
395.5078
444.3359
444.3359
458.9844
458.9844
449.2187
449.2187
454.1016
454.1016
541.9922
541.9922
605.4687
605.4687
634.7656
634.7656
673.8281
673.8281
810.5469
810.5469
932.6172
932.6172
1044.9219
1044.9219
1157.2266
1157.2266
1264.6484
1264.6484
1245.1172
1245.1172
1088.8672
1088.8672
849.6094
849.6094
620.1172
620.1172
361.3281
361.3281
107.4219
107.4219
0.0000
0.0000
0.0000
0.0000
0.0000
0.0000
0.0000
0.0000
0.0000
0.0000
0.0000
0.0000
0.0000
0.0000
0.0000
0.0000
0.0000
0.0000
0.0000
0.0000
0.0000
0.0000
0.0000
0.0000
0.0000
0.0000
0.0000
0.0000
0.0000
0.0000
0.0000
0.0000
0.0000
0.0000
0.0000
0.0000
0.0000
0.0000
0.0000
0.0000
0.0000
0.0000
0.0000
0.0000
0.0000
0.0000
0.0000
0.0000
0.0000
0.0000
112.3047
112.3047
185.5469
185.5469
209.9609
209.9609
239.2578
239.2578
336.9141
336.9141
390.6250
390.6250
415.0391
415.0391
424.8047
424.8047
483.3984
483.3984
473.6328
473.6328
410.1562
410.1562
361.3281
361.3281
385.7422
385.7422
380.8594
380.8594
341.7969
341.7969
332.0312
332.0312
390.6250
390.6250
405.2734
405.2734
395.5078
395.5078
419.9219
419.9219
502.9297
502.9297
537.1094
537.1094
541.9922
541.9922
581.0547
581.0547
678.7109
678.7109
751.9531
751.9531
825.1953
825.1953
874.0234
874.0234
913.0859
913.0859
815.4297
815.4297
610.3516
610.3516
395.5078
395.5078
234.3750
234.3750
39.0625
39.0625
0.0000
0.0000
0.0000
0.0000
0.0000
0.0000
0.0000
0.0000
0.0000
0.0000
0.0000
0.0000
0.0000
0.0000
0.0000
0.0000
0.0000
0.0000
0.0000
0.0000
0.0000
0.0000
0.0000
0.0000
0.0000
0.0000
0.0000
0.0000
0.0000
0.0000
0.0000
0.0000
0.0000
0.0000
0.0000
0.0000
0.0000
0.0000
0.0000
0.0000
0.0000
0.0000
0.0000
0.0000
0.0000
0.0000
0.0000
0.0000
0.0000
0.0000
0.0000
0.0000
92.7734
92.7734
166.0156
209.9609
209.9609
209.9609
278.3203
278.3203
375.9766
375.9766
405.2734
405.2734
380.8594
380.8594
375.9766
375.9766
419.9219
410.1562
410.1562
361.3281
361.3281
346.6797
346.6797
375.9766
375.9766
346.6797
346.6797
288.0859
288.0859
278.3203
278.3203
327.1484
327.1484
351.5625
351.5625
361.3281
361.3281
410.1562
410.1562
498.0469
498.0469
541.9922
541.9922
556.6406
556.6406
600.5859
600.5859
698.2422
698.2422
766.6016
766.6016
830.0781
830.0781
932.6172
932.6172
1049.8047
1049.8047
1040.0391
1040.0391
898.4375
898.4375
708.0078
708.0078
498.0469
498.0469
229.4922
229.4922
0.0000
0.0000
0.0000
0.0000
0.0000
0.0000
0.0000
0.0000
0.0000
0.0000
0.0000
0.0000
0.0000
0.0000
0.0000
0.0000
0.0000
0.0000
0.0000
0.0000
0.0000
0.0000
0.0000
0.0000
0.0000
0.0000
0.0000
0.0000
0.0000
0.0000
0.0000
0.0000
0.0000
0.0000
0.0000
0.0000
0.0000
0.0000
0.0000
0.0000
0.0000
0.0000
0.0000
0.0000
0.0000
0.0000
0.0000
0.0000
0.0000
0.0000
0.0000
0.0000
0.0000
0.0000
9.7656
9.7656
24.4141
24.4141
92.7734
92.7734
205.0781
205.0781
258.7891
258.7891
263.6719
263.6719
297.8516
297.8516
322.2656
322.2656
273.4375
273.4375
209.9609
209.9609
200.1953
200.1953
219.7266
219.7266
195.3125
195.3125
161.1328
161.1328
180.6641
180.6641
239.2578
239.2578
278.3203
278.3203
302.7344
302.7344
380.8594
380.8594
473.6328
473.6328
522.4609
522.4609
546.8750
546.8750
629.8828
629.8828
742.1875
742.1875
815.4297
815.4297
859.3750
859.3750
898.4375
898.4375
859.3750
859.3750
688.4766
688.4766
439.4531
439.4531
258.7891
258.7891
117.1875
117.1875
0.0000
0.0000
0.0000
0.0000
0.0000
0.0000
0.0000
0.0000
0.0000
0.0000
0.0000
0.0000
0.0000
0.0000
0.0000
0.0000
0.0000
0.0000
0.0000
0.0000
0.0000
0.0000
0.0000
0.0000
0.0000
0.0000
0.0000
0.0000
0.0000
0.0000
0.0000
0.0000
0.0000
0.0000
0.0000
0.0000
0.0000
0.0000
0.0000
0.0000
0.0000
0.0000
0.0000
0.0000
0.0000
0.0000
0.0000
0.0000
0.0000
0.0000
19.5312
19.5312
141.6016
141.6016
253.9062
253.9062
312.5000
312.5000
336.9141
336.9141
434.5703
434.5703
527.3437
527.3437
551.7578
551.7578
527.3437
527.3437
537.1094
537.1094
522.4609
522.4609
468.7500
468.7500
405.2734
405.2734
419.9219
419.9219
439.4531
439.4531
424.8047
424.8047
395.5078
395.5078
449.2187
449.2187
502.9297
502.9297
532.2266
532.2266
546.8750
546.8750
639.6484
639.6484
727.5391
727.5391
776.3672
776.3672
776.3672
776.3672
815.4297
815.4297
830.0781
830.0781
825.1953
825.1953
820.3125
820.3125
854.4922
854.4922
825.1953
825.1953
649.4141
649.4141
351.5625
351.5625
53.7109
53.7109
0.0000
0.0000
0.0000
0.0000
0.0000
0.0000
0.0000
0.0000
0.0000
0.0000
0.0000
0.0000
0.0000
0.0000
0.0000
0.0000
0.0000
0.0000
0.0000
0.0000
0.0000
0.0000
0.0000
0.0000
0.0000
0.0000
0.0000
0.0000
0.0000
0.0000
0.0000
0.0000
0.0000
0.0000
0.0000
0.0000
0.0000
0.0000
0.0000
0.0000
0.0000
0.0000
0.0000
0.0000
0.0000
0.0000
0.0000
0.0000
0.0000
0.0000
0.0000
0.0000
0.0000
0.0000
73.2422
73.2422
146.4844
146.4844
175.7812
175.7812
170.8984
170.8984
229.4922
229.4922
253.9062
253.9062
229.4922
229.4922
190.4297
190.4297
234.3750
234.3750
253.9062
253.9062
234.3750
234.3750
195.3125
195.3125
244.1406
244.1406
253.9062
253.9062
229.4922
229.4922
214.8437
214.8437
288.0859
288.0859
341.7969
341.7969
366.2109
366.2109
385.7422
385.7422
473.6328
473.6328
522.4609
522.4609
541.9922
541.9922
546.8750
546.8750
610.3516
610.3516
634.7656
634.7656
615.2344
615.2344
600.5859
600.5859
673.8281
673.8281
712.8906
712.8906
654.2969
654.2969
488.2812
488.2812
317.3828
317.3828
83.0078
83.0078
0.0000
0.0000
0.0000
0.0000
0.0000
0.0000
0.0000
0.0000
0.0000
0.0000
0.0000
0.0000
0.0000
0.0000
0.0000
0.0000
0.0000
0.0000
0.0000
0.0000
0.0000
0.0000
0.0000
0.0000
0.0000
0.0000
0.0000
0.0000
0.0000
0.0000
0.0000
0.0000
0.0000
0.0000
0.0000
0.0000
0.0000
0.0000
0.0000
0.0000
0.0000
0.0000
0.0000
0.0000
0.0000
0.0000
0.0000
0.0000
0.0000
0.0000
0.0000
0.0000
141.6016
141.6016
239.2578
239.2578
288.0859
288.0859
322.2656
322.2656
405.2734
405.2734
429.6875
429.6875
405.2734
405.2734
380.8594
380.8594
419.9219
419.9219
400.3906
400.3906
317.3828
317.3828
224.6094
224.6094
200.1953
200.1953
161.1328
161.1328
126.9531
126.9531
131.8359
131.8359
229.4922
229.4922
283.2031
283.2031
297.8516
297.8516
317.3828
317.3828
410.1562
410.1562
488.2812
488.2812
546.8750
546.8750
605.4687
605.4687
712.8906
712.8906
751.9531
751.9531
727.5391
727.5391
703.1250
703.1250
756.8359
756.8359
795.8984
795.8984
825.1953
825.1953
830.0781
830.0781
830.0781
830.0781
717.7734
717.7734
498.0469
498.0469
244.1406
244.1406
63.4766
63.4766
0.0000
0.0000
0.0000
0.0000
0.0000
0.0000
0.0000
0.0000
0.0000
0.0000
0.0000
0.0000
0.0000
0.0000
0.0000
0.0000
0.0000
0.0000
0.0000
0.0000
0.0000
0.0000
0.0000
0.0000
0.0000
0.0000
0.0000
0.0000
0.0000
0.0000
0.0000
0.0000
0.0000
0.0000
0.0000
0.0000
0.0000
0.0000
0.0000
0.0000
0.0000
0.0000
0.0000
0.0000
0.0000
0.0000
0.0000
0.0000
0.0000
0.0000
24.4141
24.4141
78.1250
78.1250
166.0156
166.0156
161.1328
161.1328
92.7734
92.7734
19.5312
19.5312
14.6484
14.6484
0.0000
0.0000
0.0000
0.0000
0.0000
0.0000
34.1797
34.1797
48.8281
48.8281
24.4141
24.4141
29.2969
29.2969
107.4219
107.4219
166.0156
166.0156
219.7266
219.7266
292.9687
292.9687
415.0391
415.0391
478.5156
478.5156
502.9297
502.9297
532.2266
532.2266
595.7031
595.7031
610.3516
610.3516
610.3516
610.3516
649.4141
649.4141
761.7187
761.7187
844.7266
844.7266
893.5547
893.5547
903.3203
903.3203
878.9062
878.9062
742.1875
742.1875
512.6953
512.6953
283.2031
283.2031
78.1250
78.1250
0.0000
0.0000
0.0000
0.0000
0.0000
0.0000
0.0000
0.0000
0.0000
0.0000
0.0000
0.0000
0.0000
0.0000
0.0000
0.0000
0.0000
0.0000
0.0000
0.0000
0.0000
0.0000
0.0000
0.0000
0.0000
0.0000
0.0000
0.0000
0.0000
0.0000
0.0000
0.0000
0.0000
0.0000
0.0000
0.0000
0.0000
0.0000
0.0000
0.0000
0.0000
0.0000
0.0000
0.0000
0.0000
0.0000
9.7656
9.7656
83.0078
83.0078
102.5391
102.5391
141.6016
141.6016
180.6641
180.6641
161.1328
161.1328
117.1875
117.1875
117.1875
117.1875
156.2500
156.2500
146.4844
146.4844
87.8906
87.8906
83.0078
83.0078
117.1875
117.1875
126.9531
126.9531
126.9531
126.9531
195.3125
195.3125
292.9687
292.9687
336.9141
336.9141
346.6797
346.6797
405.2734
405.2734
483.3984
483.3984
522.4609
522.4609
532.2266
532.2266
581.0547
581.0547
634.7656
634.7656
649.4141
649.4141
654.2969
654.2969
737.3047
737.3047
874.0234
874.0234
942.3828
942.3828
913.0859
913.0859
849.6094
849.6094
737.3047
737.3047
541.9922
541.9922
341.7969
341.7969
239.2578
239.2578
166.0156
166.0156
63.4766
63.4766
0.0000
0.0000
0.0000
0.0000
0.0000
0.0000
0.0000
0.0000
0.0000
0.0000
0.0000
0.0000
0.0000
0.0000
0.0000
0.0000
0.0000
0.0000
0.0000
0.0000
0.0000
0.0000
0.0000
0.0000
0.0000
0.0000
0.0000
0.0000
0.0000
0.0000
0.0000
0.0000
0.0000
0.0000
0.0000
0.0000
0.0000
0.0000
0.0000
0.0000
0.0000
0.0000
0.0000
0.0000
0.0000
0.0000
0.0000
0.0000
0.0000
0.0000
0.0000
0.0000
9.7656
9.7656
14.6484
14.6484
0.0000
0.0000
48.8281
48.8281
68.3594
68.3594
43.9453
43.9453
0.0000
0.0000
39.0625
39.0625
87.8906
87.8906
122.0703
122.0703
141.6016
141.6016
214.8437
214.8437
278.3203
278.3203
307.6172
307.6172
317.3828
317.3828
405.2734
405.2734
498.0469
498.0469
546.8750
546.8750
556.6406
556.6406
629.8828
629.8828
664.0625
664.0625
654.2969
654.2969
634.7656
634.7656
717.7734
717.7734
815.4297
815.4297
874.0234
874.0234
869.1406
869.1406
854.4922
747.0703
747.0703
747.0703
561.5234
561.5234
346.6797
346.6797
229.4922
229.4922
126.9531
126.9531
9.7656
9.7656
0.0000
0.0000
0.0000
0.0000
0.0000
0.0000
0.0000
0.0000
0.0000
0.0000
0.0000
0.0000
0.0000
0.0000
0.0000
0.0000
0.0000
0.0000
0.0000
0.0000
0.0000
0.0000
0.0000
0.0000
0.0000
0.0000
0.0000
0.0000
0.0000
0.0000
0.0000
0.0000
0.0000
0.0000
0.0000
0.0000
0.0000
0.0000
0.0000
0.0000
0.0000
0.0000
0.0000
0.0000
34.1797
34.1797
87.8906
87.8906
97.6562
97.6562
151.3672
151.3672
156.2500
156.2500
122.0703
122.0703
83.0078
83.0078
122.0703
146.4844
146.4844
151.3672
151.3672
131.8359
131.8359
190.4297
190.4297
224.6094
224.6094
229.4922
229.4922
229.4922
229.4922
317.3828
317.3828
371.0937
371.0937
405.2734
405.2734
439.4531
439.4531
537.1094
537.1094
566.4062
566.4062
551.7578
551.7578
527.3437
527.3437
556.6406
556.6406
561.5234
561.5234
551.7578
551.7578
576.1719
576.1719
698.2422
698.2422
810.5469
810.5469
874.0234
874.0234
878.9062
878.9062
874.0234
874.0234
756.8359
756.8359
561.5234
561.5234
341.7969
341.7969
219.7266
219.7266
107.4219
107.4219
19.5312
19.5312
0.0000
0.0000
0.0000
0.0000
0.0000
0.0000
0.0000
0.0000
0.0000
0.0000
0.0000
0.0000
0.0000
0.0000
0.0000
0.0000
0.0000
0.0000
0.0000
0.0000
0.0000
0.0000
0.0000
0.0000
0.0000
0.0000
0.0000
0.0000
0.0000
0.0000
0.0000
0.0000
0.0000
0.0000
0.0000
0.0000
0.0000
0.0000
0.0000
0.0000
0.0000
0.0000
0.0000
0.0000
0.0000
0.0000
0.0000
0.0000
0.0000
0.0000
0.0000
0.0000
0.0000
0.0000
0.0000
0.0000
0.0000
0.0000
0.0000
0.0000
0.0000
0.0000
0.0000
0.0000
0.0000
0.0000
53.7109
53.7109
107.4219
107.4219
136.7187
136.7187
180.6641
180.6641
278.3203
278.3203
317.3828
317.3828
322.2656
322.2656
341.7969
341.7969
400.3906
400.3906
410.1562
410.1562
385.7422
385.7422
390.6250
390.6250
468.7500
468.7500
507.8125
507.8125
517.5781
517.5781
546.8750
546.8750
649.4141
649.4141
732.4219
732.4219
815.4297
815.4297
922.8516
922.8516
1040.0391
1040.0391
1025.3906
1025.3906
878.9062
878.9062
678.7109
678.7109
507.8125
507.8125
288.0859
288.0859
97.6562
97.6562
0.0000
0.0000
0.0000
0.0000
0.0000
0.0000
0.0000
0.0000
0.0000
0.0000
0.0000
0.0000
0.0000
0.0000
0.0000
0.0000
0.0000
0.0000
0.0000
0.0000
0.0000
0.0000
0.0000
0.0000
0.0000
0.0000
0.0000
0.0000
0.0000
0.0000
0.0000
0.0000
0.0000
0.0000
0.0000
0.0000
0.0000
0.0000
0.0000
0.0000
0.0000
0.0000
0.0000
0.0000
0.0000
0.0000
0.0000
0.0000
0.0000
0.0000
53.7109
53.7109
68.3594
68.3594
48.8281
48.8281
53.7109
53.7109
92.7734
92.7734
92.7734
92.7734
78.1250
78.1250
122.0703
122.0703
219.7266
219.7266
258.7891
258.7891
263.6719
263.6719
292.9687
292.9687
361.3281
361.3281
371.0937
371.0937
351.5625
351.5625
375.9766
375.9766
439.4531
439.4531
449.2187
449.2187
424.8047
424.8047
439.4531
439.4531
473.6328
473.6328
463.8672
463.8672
444.3359
444.3359
488.2812
488.2812
590.8203
590.8203
664.0625
664.0625
732.4219
732.4219
844.7266
844.7266
932.6172
932.6172
908.2031
908.2031
771.4844
771.4844
625.0000
625.0000
488.2812
488.2812
297.8516
297.8516
87.8906
87.8906
0.0000
0.0000
0.0000
0.0000
0.0000
0.0000
0.0000
0.0000
0.0000
0.0000
0.0000
0.0000
0.0000
0.0000
0.0000
0.0000
0.0000
0.0000
0.0000
0.0000
0.0000
0.0000
0.0000
0.0000
0.0000
0.0000
0.0000
0.0000
0.0000
0.0000
0.0000
0.0000
0.0000
0.0000
0.0000
0.0000
0.0000
0.0000
0.0000
0.0000
0.0000
0.0000
0.0000
0.0000
0.0000
0.0000
0.0000
0.0000
0.0000
0.0000
0.0000
0.0000
0.0000
0.0000
0.0000
0.0000
0.0000
0.0000
0.0000
0.0000
0.0000
0.0000
0.0000
0.0000
0.0000
0.0000
0.0000
0.0000
14.6484
14.6484
4.8828
4.8828
63.4766
63.4766
136.7187
136.7187
170.8984
170.8984
185.5469
185.5469
253.9062
253.9062
292.9687
292.9687
273.4375
273.4375
224.6094
224.6094
249.0234
249.0234
283.2031
283.2031
292.9687
292.9687
283.2031
283.2031
341.7969
341.7969
400.3906
400.3906
434.5703
434.5703
458.9844
458.9844
590.8203
590.8203
747.0703
747.0703
878.9062
878.9062
961.9141
961.9141
1044.9219
1044.9219
1035.1562
1035.1562
908.2031
908.2031
708.0078
708.0078
556.6406
556.6406
390.6250
390.6250
200.1953
200.1953
0.0000
0.0000
0.0000
0.0000
0.0000
0.0000
0.0000
0.0000
0.0000
0.0000
0.0000
0.0000
0.0000
0.0000
0.0000
0.0000
0.0000
0.0000
0.0000
0.0000
0.0000
0.0000
0.0000
0.0000
0.0000
0.0000
0.0000
0.0000
0.0000
0.0000
0.0000
0.0000
0.0000
0.0000
0.0000
0.0000
0.0000
0.0000
0.0000
0.0000
0.0000
0.0000
0.0000
0.0000
0.0000
0.0000
0.0000
0.0000
0.0000
0.0000
0.0000
0.0000
68.3594
68.3594
97.6562
97.6562
122.0703
122.0703
229.4922
229.4922
297.8516
297.8516
332.0312
332.0312
361.3281
361.3281
444.3359
444.3359
473.6328
473.6328
439.4531
439.4531
366.2109
366.2109
361.3281
361.3281
336.9141
336.9141
288.0859
288.0859
249.0234
249.0234
302.7344
302.7344
312.5000
312.5000
292.9687
292.9687
273.4375
273.4375
351.5625
351.5625
415.0391
415.0391
473.6328
473.6328
532.2266
532.2266
664.0625
664.0625
771.4844
771.4844
859.3750
859.3750
947.2656
947.2656
1059.5703
1059.5703
1059.5703
1059.5703
937.5000
937.5000
742.1875
742.1875
556.6406
556.6406
307.6172
307.6172
29.2969
29.2969
0.0000
0.0000
0.0000
0.0000
0.0000
0.0000
0.0000
0.0000
0.0000
0.0000
0.0000
0.0000
0.0000
0.0000
0.0000
0.0000
0.0000
0.0000
0.0000
0.0000
0.0000
0.0000
0.0000
0.0000
0.0000
0.0000
0.0000
0.0000
0.0000
0.0000
0.0000
0.0000
0.0000
0.0000
0.0000
0.0000
0.0000
0.0000
0.0000
0.0000
0.0000
0.0000
0.0000
0.0000
0.0000
0.0000
0.0000
0.0000
0.0000
0.0000
0.0000
0.0000
0.0000
0.0000
0.0000
0.0000
0.0000
0.0000
112.3047
112.3047
170.8984
170.8984
175.7812
175.7812
170.8984
170.8984
239.2578
239.2578
258.7891
258.7891
244.1406
244.1406
239.2578
239.2578
292.9687
292.9687
288.0859
288.0859
244.1406
244.1406
214.8437
214.8437
268.5547
268.5547
292.9687
292.9687
312.5000
312.5000
346.6797
346.6797
444.3359
444.3359
498.0469
498.0469
537.1094
537.1094
610.3516
610.3516
771.4844
771.4844
898.4375
898.4375
971.6797
971.6797
976.5625
976.5625
947.2656
947.2656
766.6016
766.6016
473.6328
473.6328
200.1953
200.1953
24.4141
24.4141
0.0000
0.0000
0.0000
0.0000
0.0000
0.0000
0.0000
0.0000
0.0000
0.0000
0.0000
0.0000
0.0000
0.0000
0.0000
0.0000
0.0000
0.0000
0.0000
0.0000
0.0000
0.0000
0.0000
0.0000
0.0000
0.0000
0.0000
0.0000
0.0000
0.0000
0.0000
0.0000
0.0000
0.0000
0.0000
0.0000
0.0000
0.0000
0.0000
0.0000
0.0000
0.0000
0.0000
0.0000
0.0000
0.0000
0.0000
0.0000
0.0000
0.0000
0.0000
0.0000
0.0000
0.0000
53.7109
53.7109
97.6562
97.6562
117.1875
117.1875
166.0156
166.0156
253.9062
253.9062
283.2031
283.2031
288.0859
288.0859
327.1484
327.1484
415.0391
415.0391
439.4531
439.4531
424.8047
424.8047
424.8047
424.8047
444.3359
444.3359
424.8047
424.8047
385.7422
385.7422
390.6250
390.6250
444.3359
444.3359
449.2187
449.2187
434.5703
434.5703
473.6328
473.6328
556.6406
556.6406
595.7031
595.7031
615.2344
615.2344
678.7109
678.7109
776.3672
776.3672
849.6094
849.6094
922.8516
922.8516
1054.6875
1054.6875
1191.4062
1191.4062
1181.6406
1181.6406
1040.0391
1040.0391
810.5469
810.5469
546.8750
546.8750
249.0234
249.0234
0.0000
0.0000
0.0000
0.0000
0.0000
0.0000
0.0000
0.0000
0.0000
0.0000
0.0000
0.0000
0.0000
0.0000
0.0000
0.0000
0.0000
0.0000
0.0000
0.0000
0.0000
0.0000
0.0000
0.0000
0.0000
0.0000
0.0000
0.0000
0.0000
0.0000
0.0000
0.0000
0.0000
0.0000
0.0000
0.0000
0.0000
0.0000
0.0000
0.0000
0.0000
0.0000
0.0000
0.0000
0.0000
0.0000
0.0000
0.0000
0.0000
0.0000
0.0000
0.0000
0.0000
0.0000
4.8828
4.8828
58.5937
58.5937
161.1328
161.1328
288.0859
288.0859
366.2109
366.2109
395.5078
395.5078
454.1016
454.1016
507.8125
507.8125
488.2812
488.2812
419.9219
419.9219
410.1562
410.1562
429.6875
429.6875
405.2734
405.2734
351.5625
351.5625
356.4453
356.4453
371.0937
371.0937
341.7969
341.7969
302.7344
302.7344
371.0937
371.0937
458.9844
458.9844
527.3437
527.3437
571.2891
571.2891
659.1797
659.1797
751.9531
830.0781
830.0781
830.0781
908.2031
908.2031
1040.0391
1040.0391
1132.8125
1132.8125
1123.0469
1123.0469
976.5625
976.5625
786.1328
786.1328
546.8750
546.8750
253.9062
253.9062
0.0000
0.0000
0.0000
0.0000
0.0000
0.0000
0.0000
0.0000
0.0000
0.0000
0.0000
0.0000
0.0000
0.0000
0.0000
0.0000
0.0000
0.0000
0.0000
0.0000
0.0000
0.0000
0.0000
0.0000
0.0000
0.0000
0.0000
0.0000
0.0000
0.0000
0.0000
0.0000
0.0000
0.0000
0.0000
0.0000
0.0000
0.0000
0.0000
0.0000
0.0000
0.0000
0.0000
0.0000
0.0000
0.0000
0.0000
0.0000
0.0000
0.0000
0.0000
0.0000
0.0000
0.0000
0.0000
48.8281
48.8281
151.3672
151.3672
234.3750
234.3750
283.2031
283.2031
283.2031
283.2031
341.7969
341.7969
390.6250
390.6250
385.7422
385.7422
336.9141
336.9141
351.5625
351.5625
356.4453
356.4453
317.3828
317.3828
273.4375
273.4375
302.7344
302.7344
317.3828
317.3828
312.5000
312.5000
302.7344
302.7344
385.7422
385.7422
468.7500
468.7500
517.5781
517.5781
537.1094
537.1094
615.2344
615.2344
673.8281
673.8281
698.2422
698.2422
727.5391
727.5391
839.8437
839.8437
937.5000
937.5000
927.7344
927.7344
805.6641
805.6641
654.2969
654.2969
424.8047
424.8047
161.1328
161.1328
0.0000
0.0000
0.0000
0.0000
0.0000
0.0000
0.0000
0.0000
0.0000
0.0000
0.0000
0.0000
0.0000
0.0000
0.0000
0.0000
0.0000
0.0000
0.0000
0.0000
0.0000
0.0000
0.0000
0.0000
0.0000
0.0000
0.0000
0.0000
0.0000
0.0000
0.0000
0.0000
0.0000
0.0000
0.0000
0.0000
0.0000
0.0000
0.0000
0.0000
0.0000
0.0000
0.0000
0.0000
0.0000
0.0000
0.0000
0.0000
0.0000
0.0000
0.0000
0.0000
0.0000
0.0000
0.0000
0.0000
0.0000
0.0000
68.3594
68.3594
122.0703
122.0703
131.8359
131.8359
122.0703
122.0703
180.6641
180.6641
200.1953
200.1953
166.0156
166.0156
117.1875
117.1875
136.7187
136.7187
131.8359
131.8359
102.5391
102.5391
73.2422
73.2422
126.9531
126.9531
161.1328
161.1328
170.8984
170.8984
166.0156
166.0156
239.2578
239.2578
297.8516
297.8516
332.0312
332.0312
380.8594
380.8594
517.5781
517.5781
615.2344
615.2344
678.7109
678.7109
712.8906
712.8906
820.3125
820.3125
913.0859
913.0859
971.6797
971.6797
981.4453
981.4453
981.4453
981.4453
864.2578
864.2578
634.7656
634.7656
361.3281
361.3281
180.6641
180.6641
9.7656
9.7656
0.0000
0.0000
0.0000
0.0000
0.0000
0.0000
0.0000
0.0000
0.0000
0.0000
0.0000
0.0000
0.0000
0.0000
0.0000
0.0000
0.0000
0.0000
0.0000
0.0000
0.0000
0.0000
0.0000
0.0000
0.0000
0.0000
0.0000
0.0000
0.0000
0.0000
0.0000
0.0000
0.0000
0.0000
0.0000
0.0000
0.0000
0.0000
0.0000
0.0000
0.0000
0.0000
0.0000
0.0000
4.8828
4.8828
107.4219
107.4219
170.8984
170.8984
229.4922
229.4922
351.5625
351.5625
415.0391
415.0391
424.8047
424.8047
415.0391
415.0391
449.2187
449.2187
429.6875
429.6875
371.0937
371.0937
317.3828
317.3828
341.7969
341.7969
327.1484
327.1484
273.4375
273.4375
229.4922
229.4922
253.9062
253.9062
244.1406
244.1406
229.4922
229.4922
268.5547
268.5547
371.0937
371.0937
434.5703
434.5703
468.7500
468.7500
517.5781
517.5781
625.0000
625.0000
703.1250
703.1250
766.6016
766.6016
844.7266
844.7266
957.0312
957.0312
961.9141
961.9141
830.0781
830.0781
610.3516
610.3516
380.8594
380.8594
83.0078
83.0078
0.0000
0.0000
0.0000
0.0000
0.0000
0.0000
0.0000
0.0000
0.0000
0.0000
0.0000
0.0000
0.0000
0.0000
0.0000
0.0000
0.0000
0.0000
0.0000
0.0000
0.0000
0.0000
0.0000
0.0000
0.0000
0.0000
0.0000
0.0000
0.0000
0.0000
0.0000
0.0000
0.0000
0.0000
0.0000
0.0000
0.0000
0.0000
0.0000
0.0000
0.0000
0.0000
0.0000
0.0000
0.0000
0.0000
0.0000
0.0000
0.0000
0.0000
0.0000
0.0000
102.5391
102.5391
175.7812
175.7812
214.8437
214.8437
273.4375
273.4375
371.0937
371.0937
400.3906
400.3906
380.8594
380.8594
385.7422
385.7422
415.0391
415.0391
375.9766
375.9766
322.2656
322.2656
307.6172
307.6172
327.1484
327.1484
292.9687
292.9687
244.1406
244.1406
253.9062
253.9062
317.3828
317.3828
351.5625
351.5625
371.0937
371.0937
439.4531
439.4531
527.3437
527.3437
556.6406
556.6406
556.6406
556.6406
585.9375
585.9375
654.2969
654.2969
673.8281
673.8281
683.5937
683.5937
751.9531
751.9531
859.3750
859.3750
854.4922
854.4922
751.9531
751.9531
600.5859
600.5859
405.2734
405.2734
141.6016
141.6016
0.0000
0.0000
0.0000
0.0000
0.0000
0.0000
0.0000
0.0000
0.0000
0.0000
0.0000
0.0000
0.0000
0.0000
0.0000
0.0000
0.0000
0.0000
0.0000
0.0000
0.0000
0.0000
0.0000
0.0000
0.0000
0.0000
0.0000
0.0000
0.0000
0.0000
0.0000
0.0000
0.0000
0.0000
0.0000
0.0000
0.0000
0.0000
0.0000
0.0000
0.0000
0.0000
0.0000
0.0000
0.0000
0.0000
0.0000
0.0000
0.0000
0.0000
58.5937
58.5937
166.0156
166.0156
200.1953
200.1953
195.3125
195.3125
244.1406
244.1406
327.1484
327.1484
361.3281
361.3281
366.2109
366.2109
415.0391
415.0391
454.1016
454.1016
419.9219
419.9219
346.6797
346.6797
336.9141
336.9141
351.5625
351.5625
332.0312
332.0312
292.9687
292.9687
317.3828
317.3828
336.9141
336.9141
302.7344
302.7344
244.1406
244.1406
273.4375
273.4375
341.7969
341.7969
395.5078
395.5078
444.3359
444.3359
561.5234
561.5234
664.0625
664.0625
703.1250
703.1250
712.8906
712.8906
791.0156
791.0156
898.4375
898.4375
942.3828
942.3828
893.5547
893.5547
795.8984
795.8984
600.5859
600.5859
332.0312
332.0312
87.8906
87.8906
0.0000
0.0000
0.0000
0.0000
0.0000
0.0000
0.0000
0.0000
0.0000
0.0000
0.0000
0.0000
0.0000
0.0000
0.0000
0.0000
0.0000
0.0000
0.0000
0.0000
0.0000
0.0000
0.0000
0.0000
0.0000
0.0000
0.0000
0.0000
0.0000
0.0000
0.0000
0.0000
0.0000
0.0000
0.0000
0.0000
0.0000
0.0000
0.0000
0.0000
0.0000
0.0000
0.0000
0.0000
0.0000
0.0000
0.0000
0.0000
0.0000
0.0000
0.0000
0.0000
24.4141
24.4141
78.1250
78.1250
175.7812
175.7812
253.9062
253.9062
273.4375
273.4375
258.7891
258.7891
288.0859
288.0859
302.7344
302.7344
288.0859
288.0859
249.0234
249.0234
288.0859
288.0859
307.6172
307.6172
278.3203
278.3203
234.3750
234.3750
283.2031
283.2031
322.2656
322.2656
346.6797
346.6797
351.5625
351.5625
439.4531
439.4531
502.9297
502.9297
527.3437
527.3437
541.9922
541.9922
629.8828
629.8828
678.7109
678.7109
693.3594
693.3594
683.5937
683.5937
742.1875
742.1875
815.4297
815.4297
834.9609
834.9609
771.4844
771.4844
688.4766
688.4766
483.3984
483.3984
200.1953
200.1953
0.0000
0.0000
0.0000
0.0000
0.0000
0.0000
0.0000
0.0000
0.0000
0.0000
0.0000
0.0000
0.0000
0.0000
0.0000
0.0000
0.0000
0.0000
0.0000
0.0000
0.0000
0.0000
0.0000
0.0000
0.0000
0.0000
0.0000
0.0000
0.0000
0.0000
0.0000
0.0000
0.0000
0.0000
0.0000
0.0000
0.0000
0.0000
0.0000
0.0000
0.0000
0.0000
0.0000
0.0000
0.0000
0.0000
0.0000
0.0000
0.0000
0.0000
0.0000
0.0000
107.4219
107.4219
205.0781
205.0781
273.4375
273.4375
385.7422
385.7422
439.4531
439.4531
434.5703
434.5703
415.0391
415.0391
468.7500
468.7500
483.3984
483.3984
454.1016
454.1016
419.9219
419.9219
444.3359
444.3359
419.9219
419.9219
380.8594
380.8594
375.9766
375.9766
463.8672
463.8672
522.4609
522.4609
551.7578
551.7578
561.5234
561.5234
629.8828
629.8828
668.9453
668.9453
673.8281
673.8281
673.8281
673.8281
742.1875
742.1875
766.6016
766.6016
732.4219
732.4219
693.3594
693.3594
722.6562
722.6562
703.1250
703.1250
668.9453
668.9453
659.1797
659.1797
756.8359
756.8359
834.9609
834.9609
854.4922
854.4922
800.7812
800.7812
737.3047
737.3047
585.9375
585.9375
405.2734
405.2734
258.7891
258.7891
229.4922
229.4922
175.7812
175.7812
73.2422
73.2422
0.0000
0.0000
0.0000
0.0000
0.0000
0.0000
0.0000
0.0000
0.0000
0.0000
0.0000
0.0000
0.0000
0.0000
0.0000
0.0000
0.0000
0.0000
0.0000
0.0000
0.0000
0.0000
0.0000
0.0000
0.0000
0.0000
0.0000
0.0000
0.0000
0.0000
0.0000
0.0000
0.0000
0.0000
0.0000
0.0000
0.0000
0.0000
0.0000
0.0000
0.0000
0.0000
0.0000
0.0000
0.0000
0.0000
0.0000
0.0000
0.0000
0.0000
0.0000
0.0000
0.0000
0.0000
0.0000
0.0000
0.0000
0.0000
0.0000
0.0000
0.0000
0.0000
0.0000
0.0000
0.0000
78.1250
78.1250
78.1250
112.3047
112.3047
126.9531
126.9531
146.4844
146.4844
244.1406
244.1406
302.7344
302.7344
327.1484
327.1484
346.6797
346.6797
415.0391
415.0391
429.6875
429.6875
410.1562
410.1562
410.1562
410.1562
483.3984
483.3984
507.8125
507.8125
502.9297
502.9297
532.2266
532.2266
639.6484
639.6484
742.1875
742.1875
834.9609
913.0859
913.0859
913.0859
966.7969
966.7969
893.5547
893.5547
722.6562
722.6562
537.1094
405.2734
405.2734
405.2734
234.3750
234.3750
43.9453
43.9453
0.0000
0.0000
0.0000
0.0000
0.0000
0.0000
0.0000
0.0000
0.0000
0.0000
0.0000
0.0000
0.0000
0.0000
0.0000
0.0000
0.0000
0.0000
0.0000
0.0000
0.0000
0.0000
0.0000
0.0000
0.0000
0.0000
0.0000
0.0000
0.0000
0.0000
0.0000
0.0000
0.0000
0.0000
0.0000
0.0000
0.0000
0.0000
0.0000
0.0000
0.0000
0.0000
0.0000
0.0000
0.0000
4.8828
4.8828
29.2969
29.2969
97.6562
97.6562
117.1875
117.1875
97.6562
97.6562
102.5391
102.5391
170.8984
170.8984
205.0781
205.0781
214.8437
214.8437
268.5547
268.5547
366.2109
366.2109
400.3906
400.3906
400.3906
400.3906
444.3359
444.3359
527.3437
527.3437
556.6406
556.6406
551.7578
551.7578
566.4062
566.4062
610.3516
610.3516
605.4687
605.4687
576.1719
576.1719
585.9375
585.9375
634.7656
634.7656
644.5312
644.5312
615.2344
615.2344
610.3516
610.3516
678.7109
678.7109
732.4219
732.4219
786.1328
786.1328
869.1406
869.1406
927.7344
927.7344
844.7266
844.7266
634.7656
634.7656
400.3906
400.3906
200.1953
200.1953
9.7656
9.7656
0.0000
0.0000
0.0000
0.0000
0.0000
0.0000
0.0000
0.0000
0.0000
0.0000
0.0000
0.0000
0.0000
0.0000
0.0000
0.0000
0.0000
0.0000
0.0000
0.0000
0.0000
0.0000
0.0000
0.0000
0.0000
0.0000
0.0000
0.0000
0.0000
0.0000
0.0000
0.0000
0.0000
0.0000
0.0000
0.0000
0.0000
0.0000
0.0000
0.0000
0.0000
0.0000
0.0000
0.0000
0.0000
0.0000
0.0000
0.0000
0.0000
0.0000
0.0000
0.0000
9.7656
9.7656
4.8828
4.8828
0.0000
0.0000
0.0000
0.0000
34.1797
34.1797
48.8281
48.8281
58.5937
58.5937
131.8359
131.8359
224.6094
224.6094
263.6719
263.6719
263.6719
263.6719
307.6172
307.6172
366.2109
366.2109
380.8594
380.8594
361.3281
361.3281
390.6250
390.6250
415.0391
415.0391
375.9766
375.9766
297.8516
297.8516
283.2031
283.2031
292.9687
292.9687
273.4375
273.4375
258.7891
258.7891
332.0312
332.0312
424.8047
424.8047
498.0469
498.0469
581.0547
581.0547
722.6562
722.6562
834.9609
834.9609
844.7266
844.7266
747.0703
747.0703
639.6484
639.6484
468.7500
468.7500
209.9609
209.9609
0.0000
0.0000
0.0000
0.0000
0.0000
0.0000
0.0000
0.0000
0.0000
0.0000
0.0000
0.0000
0.0000
0.0000
0.0000
0.0000
0.0000
0.0000
0.0000
0.0000
0.0000
0.0000
0.0000
0.0000
0.0000
0.0000
0.0000
0.0000
0.0000
0.0000
0.0000
0.0000
0.0000
0.0000
0.0000
0.0000
0.0000
0.0000
0.0000
0.0000
0.0000
0.0000
0.0000
0.0000
0.0000
0.0000
0.0000
0.0000
0.0000
0.0000
0.0000
0.0000
39.0625
39.0625
39.0625
39.0625
29.2969
29.2969
102.5391
102.5391
170.8984
170.8984
209.9609
209.9609
234.3750
234.3750
327.1484
327.1484
395.5078
395.5078
419.9219
419.9219
424.8047
424.8047
507.8125
507.8125
556.6406
556.6406
556.6406
556.6406
522.4609
522.4609
546.8750
546.8750
537.1094
537.1094
488.2812
488.2812
434.5703
434.5703
473.6328
473.6328
507.8125
507.8125
522.4609
522.4609
532.2266
532.2266
620.1172
620.1172
683.5937
683.5937
717.7734
717.7734
756.8359
756.8359
893.5547
893.5547
1035.1562
1035.1562
1118.1641
1118.1641
1118.1641
1118.1641
1098.6328
1098.6328
957.0312
957.0312
688.4766
688.4766
390.6250
390.6250
209.9609
209.9609
39.0625
39.0625
0.0000
0.0000
0.0000
0.0000
0.0000
0.0000
0.0000
0.0000
0.0000
0.0000
0.0000
0.0000
0.0000
0.0000
0.0000
0.0000
0.0000
0.0000
0.0000
0.0000
0.0000
0.0000
0.0000
0.0000
0.0000
0.0000
0.0000
0.0000
0.0000
0.0000
0.0000
0.0000
0.0000
0.0000
0.0000
0.0000
0.0000
0.0000
0.0000
0.0000
0.0000
0.0000
0.0000
0.0000
0.0000
0.0000
0.0000
0.0000
0.0000
0.0000
0.0000
0.0000
0.0000
0.0000
0.0000
0.0000
0.0000
0.0000
0.0000
0.0000
92.7734
92.7734
156.2500
156.2500
175.7812
175.7812
185.5469
185.5469
263.6719
263.6719
268.5547
268.5547
224.6094
224.6094
175.7812
175.7812
209.9609
209.9609
224.6094
224.6094
219.7266
219.7266
219.7266
219.7266
278.3203
278.3203
297.8516
297.8516
283.2031
283.2031
292.9687
292.9687
405.2734
405.2734
488.2812
488.2812
556.6406
556.6406
649.4141
649.4141
830.0781
830.0781
932.6172
932.6172
947.2656
947.2656
883.7891
883.7891
820.3125
820.3125
664.0625
664.0625
444.3359
444.3359
219.7266
219.7266
68.3594
68.3594
0.0000
0.0000
0.0000
0.0000
0.0000
0.0000
0.0000
0.0000
0.0000
0.0000
0.0000
0.0000
0.0000
0.0000
0.0000
0.0000
0.0000
0.0000
0.0000
0.0000
0.0000
0.0000
0.0000
0.0000
0.0000
0.0000
0.0000
0.0000
0.0000
0.0000
0.0000
0.0000
0.0000
0.0000
0.0000
0.0000
0.0000
0.0000
0.0000
0.0000
0.0000
0.0000
0.0000
0.0000
0.0000
0.0000
0.0000
0.0000
0.0000
0.0000
0.0000
0.0000
0.0000
0.0000
0.0000
0.0000
78.1250
78.1250
141.6016
141.6016
214.8437
214.8437
327.1484
327.1484
375.9766
375.9766
385.7422
385.7422
395.5078
395.5078
454.1016
454.1016
463.8672
463.8672
434.5703
434.5703
395.5078
395.5078
395.5078
395.5078
332.0312
332.0312
244.1406
244.1406
214.8437
214.8437
273.4375
273.4375
307.6172
307.6172
341.7969
341.7969
415.0391
415.0391
551.7578
551.7578
649.4141
649.4141
747.0703
747.0703
908.2031
908.2031
1123.0469
1123.0469
1235.3516
1235.3516
1230.4687
1230.4687
1152.3437
1152.3437
1020.5078
1020.5078
751.9531
751.9531
395.5078
395.5078
73.2422
73.2422
0.0000
0.0000
0.0000
0.0000
0.0000
0.0000
0.0000
0.0000
0.0000
0.0000
0.0000
0.0000
0.0000
0.0000
0.0000
0.0000
0.0000
0.0000
0.0000
0.0000
0.0000
0.0000
0.0000
0.0000
0.0000
0.0000
0.0000
0.0000
0.0000
0.0000
0.0000
0.0000
0.0000
0.0000
0.0000
0.0000
0.0000
0.0000
0.0000
0.0000
0.0000
0.0000
0.0000
0.0000
0.0000
0.0000
0.0000
0.0000
0.0000
0.0000
0.0000
0.0000
0.0000
0.0000
0.0000
0.0000
34.1797
34.1797
78.1250
78.1250
92.7734
92.7734
141.6016
141.6016
229.4922
229.4922
253.9062
253.9062
239.2578
239.2578
258.7891
258.7891
302.7344
302.7344
263.6719
263.6719
185.5469
185.5469
175.7812
175.7812
195.3125
195.3125
170.8984
170.8984
126.9531
126.9531
141.6016
141.6016
200.1953
200.1953
234.3750
234.3750
253.9062
253.9062
336.9141
336.9141
458.9844
458.9844
537.1094
537.1094
605.4687
605.4687
747.0703
747.0703
927.7344
927.7344
1020.5078
1020.5078
1020.5078
1020.5078
976.5625
976.5625
874.0234
874.0234
668.9453
668.9453
424.8047
424.8047
268.5547
268.5547
170.8984
170.8984
63.4766
63.4766
0.0000
0.0000
0.0000
0.0000
0.0000
0.0000
0.0000
0.0000
0.0000
0.0000
0.0000
0.0000
0.0000
0.0000
0.0000
0.0000
0.0000
0.0000
0.0000
0.0000
0.0000
0.0000
0.0000
0.0000
0.0000
0.0000
0.0000
0.0000
0.0000
0.0000
0.0000
0.0000
0.0000
0.0000
0.0000
0.0000
0.0000
0.0000
0.0000
0.0000
0.0000
0.0000
0.0000
0.0000
0.0000
0.0000
0.0000
0.0000
0.0000
0.0000
0.0000
0.0000
34.1797
34.1797
92.7734
92.7734
126.9531
126.9531
224.6094
224.6094
312.5000
312.5000
341.7969
341.7969
327.1484
327.1484
356.4453
356.4453
356.4453
356.4453
312.5000
312.5000
258.7891
258.7891
268.5547
268.5547
292.9687
292.9687
292.9687
292.9687
263.6719
263.6719
302.7344
302.7344
346.6797
346.6797
371.0937
371.0937
385.7422
385.7422
483.3984
483.3984
576.1719
576.1719
629.8828
629.8828
644.5312
644.5312
732.4219
732.4219
834.9609
834.9609
913.0859
913.0859
971.6797
971.6797
1035.1562
1035.1562
1015.6250
1015.6250
869.1406
869.1406
639.6484
639.6484
454.1016
454.1016
283.2031
283.2031
97.6562
97.6562
0.0000
0.0000
0.0000
0.0000
0.0000
0.0000
0.0000
0.0000
0.0000
0.0000
0.0000
0.0000
0.0000
0.0000
0.0000
0.0000
0.0000
0.0000
0.0000
0.0000
0.0000
0.0000
0.0000
0.0000
0.0000
0.0000
0.0000
0.0000
0.0000
0.0000
0.0000
0.0000
0.0000
0.0000
0.0000
0.0000
0.0000
0.0000
0.0000
0.0000
0.0000
0.0000
0.0000
0.0000
0.0000
0.0000
0.0000
0.0000
0.0000
0.0000
0.0000
0.0000
0.0000
0.0000
0.0000
0.0000
0.0000
58.5937
58.5937
58.5937
126.9531
126.9531
156.2500
156.2500
151.3672
151.3672
209.9609
209.9609
229.4922
229.4922
205.0781
205.0781
161.1328
161.1328
200.1953
200.1953
219.7266
200.1953
200.1953
200.1953
175.7812
175.7812
258.7891
258.7891
322.2656
322.2656
371.0937
371.0937
424.8047
424.8047
541.9922
541.9922
629.8828
629.8828
683.5937
717.7734
717.7734
825.1953
825.1953
922.8516
922.8516
1010.7422
1010.7422
1079.1016
1079.1016
1171.8750
1171.8750
1147.4609
1147.4609
991.2109
991.2109
747.0703
747.0703
532.2266
532.2266
258.7891
258.7891
0.0000
0.0000
0.0000
0.0000
0.0000
0.0000
0.0000
0.0000
0.0000
0.0000
0.0000
0.0000
0.0000
0.0000
0.0000
0.0000
0.0000
0.0000
0.0000
0.0000
0.0000
0.0000
0.0000
0.0000
0.0000
0.0000
0.0000
0.0000
0.0000
0.0000
0.0000
0.0000
0.0000
0.0000
0.0000
0.0000
0.0000
0.0000
0.0000
0.0000
0.0000
0.0000
0.0000
0.0000
0.0000
0.0000
0.0000
0.0000
0.0000
0.0000
0.0000
0.0000
0.0000
0.0000
14.6484
14.6484
63.4766
63.4766
87.8906
87.8906
190.4297
190.4297
249.0234
249.0234
263.6719
263.6719
268.5547
268.5547
327.1484
327.1484
327.1484
327.1484
273.4375
273.4375
234.3750
234.3750
268.5547
268.5547
268.5547
268.5547
258.7891
258.7891
263.6719
263.6719
346.6797
346.6797
395.5078
395.5078
424.8047
424.8047
449.2187
449.2187
561.5234
561.5234
629.8828
629.8828
678.7109
678.7109
737.3047
737.3047
859.3750
859.3750
922.8516
922.8516
957.0312
957.0312
996.0937
996.0937
1059.5703
1059.5703
1010.7422
1010.7422
859.3750
859.3750
644.5312
644.5312
454.1016
454.1016
224.6094
224.6094
0.0000
0.0000
0.0000
0.0000
0.0000
0.0000
0.0000
0.0000
0.0000
0.0000
0.0000
0.0000
0.0000
0.0000
0.0000
0.0000
0.0000
0.0000
0.0000
0.0000
0.0000
0.0000
0.0000
0.0000
0.0000
0.0000
0.0000
0.0000
0.0000
0.0000
0.0000
0.0000
0.0000
0.0000
0.0000
0.0000
0.0000
0.0000
0.0000
0.0000
0.0000
0.0000
0.0000
0.0000
0.0000
0.0000
0.0000
0.0000
0.0000
0.0000
0.0000
0.0000
0.0000
0.0000
0.0000
0.0000
0.0000
0.0000
0.0000
0.0000
97.6562
97.6562
112.3047
112.3047
73.2422
73.2422
58.5937
58.5937
78.1250
78.1250
58.5937
58.5937
19.5312
19.5312
19.5312
19.5312
83.0078
83.0078
92.7734
92.7734
87.8906
87.8906
122.0703
122.0703
219.7266
219.7266
283.2031
283.2031
327.1484
327.1484
400.3906
400.3906
502.9297
502.9297
556.6406
556.6406
566.4062
566.4062
605.4687
605.4687
688.4766
688.4766
717.7734
717.7734
727.5391
727.5391
776.3672
776.3672
888.6719
888.6719
976.5625
976.5625
1020.5078
1020.5078
1040.0391
1040.0391
1020.5078
1020.5078
878.9062
878.9062
634.7656
634.7656
371.0937
371.0937
136.7187
136.7187
0.0000
0.0000
0.0000
0.0000
0.0000
0.0000
0.0000
0.0000
0.0000
0.0000
0.0000
0.0000
0.0000
0.0000
0.0000
0.0000
0.0000
0.0000
0.0000
0.0000
0.0000
0.0000
0.0000
0.0000
0.0000
0.0000
0.0000
0.0000
0.0000
0.0000
0.0000
0.0000
0.0000
0.0000
0.0000
0.0000
0.0000
0.0000
0.0000
0.0000
0.0000
0.0000
0.0000
0.0000
0.0000
0.0000
0.0000
0.0000
29.2969
29.2969
78.1250
78.1250
166.0156
166.0156
249.0234
249.0234
268.5547
268.5547
239.2578
239.2578
249.0234
249.0234
292.9687
292.9687
283.2031
283.2031
249.0234
249.0234
258.7891
258.7891
283.2031
283.2031
253.9062
253.9062
209.9609
209.9609
258.7891
258.7891
336.9141
336.9141
375.9766
375.9766
385.7422
385.7422
454.1016
454.1016
512.6953
512.6953
532.2266
532.2266
527.3437
527.3437
585.9375
585.9375
654.2969
654.2969
683.5937
683.5937
683.5937
683.5937
756.8359
756.8359
844.7266
844.7266
893.5547
893.5547
864.2578
864.2578
810.5469
810.5469
664.0625
664.0625
415.0391
415.0391
156.2500
156.2500
34.1797
34.1797
0.0000
0.0000
0.0000
0.0000
0.0000
0.0000
0.0000
0.0000
0.0000
0.0000
0.0000
0.0000
0.0000
0.0000
0.0000
0.0000
0.0000
0.0000
0.0000
0.0000
0.0000
0.0000
0.0000
0.0000
0.0000
0.0000
0.0000
0.0000
0.0000
0.0000
0.0000
0.0000
0.0000
0.0000
0.0000
0.0000
0.0000
0.0000
0.0000
0.0000
0.0000
0.0000
0.0000
0.0000
0.0000
0.0000
0.0000
0.0000
73.2422
73.2422
107.4219
107.4219
102.5391
102.5391
161.1328
161.1328
209.9609
209.9609
195.3125
195.3125
146.4844
146.4844
161.1328
161.1328
151.3672
151.3672
83.0078
83.0078
0.0000
0.0000
0.0000
0.0000
4.8828
4.8828
4.8828
4.8828
0.0000
0.0000
73.2422
73.2422
131.8359
131.8359
161.1328
161.1328
180.6641
180.6641
288.0859
288.0859
390.6250
390.6250
454.1016
454.1016
488.2812
488.2812
581.0547
581.0547
625.0000
625.0000
610.3516
610.3516
590.8203
590.8203
678.7109
678.7109
786.1328
786.1328
864.2578
864.2578
878.9062
878.9062
864.2578
864.2578
742.1875
742.1875
527.3437
527.3437
283.2031
283.2031
136.7187
136.7187
4.8828
4.8828
0.0000
0.0000
0.0000
0.0000
0.0000
0.0000
0.0000
0.0000
0.0000
0.0000
0.0000
0.0000
0.0000
0.0000
0.0000
0.0000
0.0000
0.0000
0.0000
0.0000
0.0000
0.0000
0.0000
0.0000
0.0000
0.0000
0.0000
0.0000
0.0000
0.0000
0.0000
0.0000
0.0000
0.0000
0.0000
0.0000
0.0000
0.0000
0.0000
0.0000
0.0000
0.0000
0.0000
0.0000
0.0000
0.0000
0.0000
0.0000
53.7109
53.7109
78.1250
78.1250
151.3672
151.3672
151.3672
151.3672
97.6562
97.6562
53.7109
53.7109
107.4219
107.4219
136.7187
136.7187
131.8359
131.8359
117.1875
117.1875
180.6641
180.6641
209.9609
209.9609
209.9609
209.9609
224.6094
224.6094
327.1484
327.1484
390.6250
390.6250
410.1562
410.1562
415.0391
415.0391
483.3984
483.3984
517.5781
517.5781
512.6953
512.6953
517.5781
517.5781
590.8203
590.8203
615.2344
615.2344
620.1172
620.1172
644.5312
644.5312
771.4844
771.4844
859.3750
859.3750
849.6094
849.6094
756.8359
756.8359
644.5312
644.5312
454.1016
454.1016
239.2578
239.2578
92.7734
92.7734
83.0078
83.0078
43.9453
43.9453
0.0000
0.0000
0.0000
0.0000
0.0000
0.0000
0.0000
0.0000
0.0000
0.0000
0.0000
0.0000
0.0000
0.0000
0.0000
0.0000
0.0000
0.0000
0.0000
0.0000
0.0000
0.0000
0.0000
0.0000
0.0000
0.0000
0.0000
0.0000
0.0000
0.0000
0.0000
0.0000
0.0000
0.0000
0.0000
0.0000
0.0000
0.0000
0.0000
0.0000
0.0000
0.0000
0.0000
0.0000
112.3047
112.3047
161.1328
161.1328
151.3672
151.3672
122.0703
122.0703
141.6016
141.6016
117.1875
117.1875
83.0078
83.0078
68.3594
68.3594
136.7187
136.7187
141.6016
141.6016
107.4219
107.4219
73.2422
73.2422
117.1875
117.1875
117.1875
117.1875
117.1875
117.1875
166.0156
166.0156
268.5547
268.5547
312.5000
312.5000
322.2656
322.2656
346.6797
346.6797
439.4531
439.4531
478.5156
478.5156
483.3984
483.3984
512.6953
512.6953
590.8203
590.8203
610.3516
610.3516
595.7031
595.7031
625.0000
625.0000
747.0703
747.0703
825.1953
825.1953
839.8437
839.8437
800.7812
800.7812
737.3047
737.3047
532.2266
532.2266
253.9062
253.9062
24.4141
24.4141
0.0000
0.0000
0.0000
0.0000
0.0000
0.0000
0.0000
0.0000
0.0000
0.0000
0.0000
0.0000
0.0000
0.0000
0.0000
0.0000
0.0000
0.0000
0.0000
0.0000
0.0000
0.0000
0.0000
0.0000
0.0000
0.0000
0.0000
0.0000
0.0000
0.0000
0.0000
0.0000
0.0000
0.0000
0.0000
0.0000
0.0000
0.0000
0.0000
0.0000
0.0000
0.0000
0.0000
0.0000
0.0000
0.0000
0.0000
0.0000
0.0000
0.0000
29.2969
29.2969
48.8281
48.8281
92.7734
92.7734
161.1328
161.1328
146.4844
146.4844
97.6562
97.6562
97.6562
97.6562
122.0703
122.0703
97.6562
97.6562
53.7109
53.7109
68.3594
68.3594
131.8359
131.8359
151.3672
151.3672
151.3672
151.3672
200.1953
200.1953
268.5547
268.5547
292.9687
292.9687
297.8516
297.8516
361.3281
361.3281
463.8672
463.8672
512.6953
512.6953
527.3437
527.3437
571.2891
571.2891
620.1172
620.1172
620.1172
620.1172
595.7031
595.7031
644.5312
644.5312
761.7187
761.7187
859.3750
859.3750
927.7344
927.7344
976.5625
976.5625
961.9141
961.9141
805.6641
805.6641
561.5234
561.5234
380.8594
380.8594
258.7891
258.7891
136.7187
136.7187
4.8828
4.8828
0.0000
0.0000
0.0000
0.0000
0.0000
0.0000
0.0000
0.0000
0.0000
0.0000
0.0000
0.0000
0.0000
0.0000
0.0000
0.0000
0.0000
0.0000
0.0000
0.0000
0.0000
0.0000
0.0000
0.0000
0.0000
0.0000
0.0000
0.0000
0.0000
0.0000
0.0000
0.0000
0.0000
0.0000
0.0000
0.0000
0.0000
0.0000
0.0000
0.0000
0.0000
0.0000
24.4141
24.4141
43.9453
43.9453
4.8828
4.8828
0.0000
0.0000
0.0000
0.0000
0.0000
0.0000
0.0000
0.0000
0.0000
0.0000
0.0000
0.0000
0.0000
0.0000
0.0000
0.0000
39.0625
39.0625
126.9531
126.9531
175.7812
175.7812
200.1953
200.1953
283.2031
283.2031
366.2109
366.2109
400.3906
400.3906
415.0391
493.1641
493.1641
493.1641
546.8750
546.8750
546.8750
546.8750
507.8125
512.6953
512.6953
522.4609
522.4609
507.8125
507.8125
498.0469
498.0469
576.1719
576.1719
683.5937
683.5937
766.6016
766.6016
825.1953
825.1953
898.4375
898.4375
908.2031
908.2031
825.1953
825.1953
678.7109
678.7109
585.9375
585.9375
478.5156
478.5156
317.3828
317.3828
141.6016
141.6016
19.5312
19.5312
0.0000
0.0000
0.0000
0.0000
0.0000
0.0000
0.0000
0.0000
0.0000
0.0000
0.0000
0.0000
0.0000
0.0000
0.0000
0.0000
0.0000
0.0000
0.0000
0.0000
0.0000
0.0000
0.0000
0.0000
0.0000
0.0000
0.0000
0.0000
0.0000
0.0000
0.0000
0.0000
0.0000
0.0000
0.0000
0.0000
0.0000
0.0000
0.0000
0.0000
0.0000
0.0000
0.0000
0.0000
0.0000
0.0000
0.0000
0.0000
0.0000
0.0000
0.0000
0.0000
0.0000
0.0000
34.1797
34.1797
78.1250
78.1250
68.3594
68.3594
48.8281
48.8281
117.1875
117.1875
175.7812
175.7812
214.8437
214.8437
239.2578
239.2578
336.9141
336.9141
405.2734
405.2734
439.4531
439.4531
444.3359
444.3359
512.6953
512.6953
546.8750
546.8750
541.9922
541.9922
517.5781
517.5781
561.5234
561.5234
581.0547
581.0547
571.2891
571.2891
537.1094
537.1094
590.8203
590.8203
644.5312
644.5312
712.8906
712.8906
781.2500
781.2500
869.1406
869.1406
834.9609
834.9609
659.1797
659.1797
405.2734
405.2734
224.6094
224.6094
63.4766
63.4766
0.0000
0.0000
0.0000
0.0000
0.0000
0.0000
0.0000
0.0000
0.0000
0.0000
0.0000
0.0000
0.0000
0.0000
0.0000
0.0000
0.0000
0.0000
0.0000
0.0000
0.0000
0.0000
0.0000
0.0000
0.0000
0.0000
0.0000
0.0000
0.0000
0.0000
0.0000
0.0000
0.0000
0.0000
0.0000
0.0000
0.0000
0.0000
0.0000
0.0000
0.0000
0.0000
0.0000
0.0000
0.0000
0.0000
0.0000
0.0000
0.0000
0.0000
0.0000
0.0000
0.0000
0.0000
0.0000
0.0000
0.0000
0.0000
0.0000
0.0000
0.0000
0.0000
0.0000
0.0000
0.0000
0.0000
0.0000
0.0000
39.0625
39.0625
92.7734
92.7734
117.1875
117.1875
156.2500
156.2500
258.7891
258.7891
307.6172
307.6172
322.2656
322.2656
336.9141
336.9141
419.9219
419.9219
449.2187
449.2187
424.8047
424.8047
410.1562
410.1562
468.7500
468.7500
488.2812
488.2812
517.5781
517.5781
585.9375
585.9375
703.1250
703.1250
712.8906
712.8906
620.1172
620.1172
488.2812
488.2812
390.6250
390.6250
258.7891
258.7891
141.6016
141.6016
92.7734
92.7734
151.3672
151.3672
161.1328
161.1328
83.0078
83.0078
0.0000
0.0000
0.0000
0.0000
0.0000
0.0000
0.0000
0.0000
0.0000
0.0000
0.0000
0.0000
0.0000
0.0000
0.0000
0.0000
0.0000
0.0000
0.0000
0.0000
0.0000
0.0000
0.0000
0.0000
0.0000
0.0000
0.0000
0.0000
0.0000
0.0000
0.0000
0.0000
0.0000
0.0000
53.7109
53.7109
131.8359
131.8359
161.1328
161.1328
205.0781
205.0781
288.0859
288.0859
297.8516
297.8516
263.6719
263.6719
263.6719
263.6719
302.7344
302.7344
273.4375
273.4375
224.6094
224.6094
214.8437
214.8437
268.5547
268.5547
292.9687
292.9687
292.9687
292.9687
332.0312
332.0312
434.5703
434.5703
483.3984
483.3984
502.9297
502.9297
566.4062
566.4062
683.5937
683.5937
737.3047
737.3047
756.8359
756.8359
791.0156
791.0156
849.6094
849.6094
839.8437
839.8437
800.7812
800.7812
815.4297
815.4297
922.8516
922.8516
996.0937
996.0937
1040.0391
1040.0391
1049.8047
1049.8047
1000.9766
1000.9766
810.5469
810.5469
522.4609
522.4609
283.2031
283.2031
146.4844
146.4844
4.8828
4.8828
0.0000
0.0000
0.0000
0.0000
0.0000
0.0000
0.0000
0.0000
0.0000
0.0000
0.0000
0.0000
0.0000
0.0000
0.0000
0.0000
0.0000
0.0000
0.0000
0.0000
0.0000
0.0000
0.0000
0.0000
0.0000
0.0000
0.0000
0.0000
0.0000
0.0000
0.0000
0.0000
0.0000
0.0000
0.0000
0.0000
0.0000
0.0000
0.0000
0.0000
0.0000
0.0000
0.0000
0.0000
0.0000
0.0000
0.0000
0.0000
39.0625
39.0625
97.6562
97.6562
166.0156
166.0156
156.2500
156.2500
107.4219
107.4219
102.5391
102.5391
151.3672
151.3672
161.1328
161.1328
136.7187
136.7187
151.3672
151.3672
200.1953
200.1953
195.3125
195.3125
170.8984
170.8984
219.7266
219.7266
307.6172
307.6172
341.7969
341.7969
351.5625
351.5625
395.5078
395.5078
444.3359
444.3359
429.6875
429.6875
380.8594
380.8594
380.8594
380.8594
400.3906
400.3906
380.8594
380.8594
336.9141
336.9141
346.6797
346.6797
419.9219
419.9219
483.3984
483.3984
532.2266
532.2266
610.3516
610.3516
659.1797
659.1797
590.8203
590.8203
454.1016
454.1016
356.4453
356.4453
278.3203
278.3203
156.2500
156.2500
29.2969
29.2969
0.0000
0.0000
0.0000
0.0000
0.0000
0.0000
0.0000
0.0000
0.0000
0.0000
0.0000
0.0000
0.0000
0.0000
0.0000
0.0000
0.0000
0.0000
0.0000
0.0000
0.0000
0.0000
0.0000
0.0000
0.0000
0.0000
0.0000
0.0000
0.0000
0.0000
0.0000
0.0000
0.0000
0.0000
0.0000
0.0000
0.0000
0.0000
0.0000
0.0000
0.0000
0.0000
0.0000
0.0000
0.0000
0.0000
0.0000
0.0000
0.0000
0.0000
0.0000
0.0000
0.0000
0.0000
0.0000
0.0000
0.0000
0.0000
0.0000
0.0000
0.0000
0.0000
0.0000
0.0000
0.0000
0.0000
43.9453
43.9453
78.1250
78.1250
102.5391
102.5391
200.1953
200.1953
283.2031
283.2031
322.2656
322.2656
332.0312
332.0312
419.9219
419.9219
502.9297
502.9297
546.8750
546.8750
566.4062
566.4062
639.6484
639.6484
683.5937
683.5937
673.8281
673.8281
649.4141
649.4141
712.8906
712.8906
795.8984
795.8984
859.3750
859.3750
898.4375
898.4375
957.0312
957.0312
917.9687
917.9687
761.7187
761.7187
517.5781
517.5781
332.0312
332.0312
161.1328
161.1328
0.0000
0.0000
0.0000
0.0000
0.0000
0.0000
0.0000
0.0000
0.0000
0.0000
0.0000
0.0000
0.0000
0.0000
0.0000
0.0000
0.0000
0.0000
0.0000
0.0000
0.0000
0.0000
0.0000
0.0000
0.0000
0.0000
0.0000
0.0000
0.0000
0.0000
0.0000
0.0000
0.0000
0.0000
0.0000
0.0000
0.0000
0.0000
14.6484
14.6484
107.4219
107.4219
166.0156
166.0156
288.0859
288.0859
380.8594
380.8594
410.1562
410.1562
419.9219
419.9219
488.2812
488.2812
512.6953
512.6953
478.5156
478.5156
429.6875
429.6875
449.2187
449.2187
449.2187
449.2187
424.8047
424.8047
390.6250
390.6250
454.1016
454.1016
488.2812
488.2812
483.3984
483.3984
454.1016
454.1016
507.8125
507.8125
541.9922
541.9922
546.8750
546.8750
551.7578
551.7578
629.8828
629.8828
668.9453
668.9453
639.6484
639.6484
585.9375
585.9375
590.8203
590.8203
561.5234
561.5234
507.8125
507.8125
493.1641
493.1641
590.8203
590.8203
678.7109
678.7109
688.4766
688.4766
605.4687
605.4687
502.9297
502.9297
341.7969
341.7969
126.9531
126.9531
0.0000
0.0000
0.0000
0.0000
0.0000
0.0000
0.0000
0.0000
0.0000
0.0000
0.0000
0.0000
0.0000
0.0000
0.0000
0.0000
0.0000
0.0000
0.0000
0.0000
0.0000
0.0000
0.0000
0.0000
0.0000
0.0000
0.0000
0.0000
0.0000
0.0000
0.0000
0.0000
0.0000
0.0000
0.0000
0.0000
0.0000
0.0000
0.0000
0.0000
0.0000
0.0000
0.0000
0.0000
0.0000
0.0000
0.0000
0.0000
0.0000
0.0000
0.0000
0.0000
0.0000
0.0000
0.0000
0.0000
0.0000
0.0000
0.0000
0.0000
0.0000
0.0000
0.0000
0.0000
0.0000
0.0000
0.0000
0.0000
0.0000
0.0000
0.0000
0.0000
0.0000
0.0000
73.2422
73.2422
156.2500
156.2500
195.3125
195.3125
224.6094
224.6094
336.9141
336.9141
400.3906
400.3906
434.5703
434.5703
463.8672
463.8672
556.6406
556.6406
576.1719
576.1719
566.4062
566.4062
551.7578
551.7578
605.4687
605.4687
625.0000
625.0000
620.1172
620.1172
634.7656
634.7656
747.0703
747.0703
844.7266
844.7266
888.6719
888.6719
874.0234
874.0234
854.4922
854.4922
717.7734
717.7734
473.6328
473.6328
234.3750
234.3750
92.7734
92.7734
0.0000
0.0000
0.0000
0.0000
0.0000
0.0000
0.0000
0.0000
0.0000
0.0000
0.0000
0.0000
0.0000
0.0000
0.0000
0.0000
0.0000
0.0000
0.0000
0.0000
0.0000
0.0000
0.0000
0.0000
0.0000
0.0000
0.0000
0.0000
0.0000
0.0000
0.0000
0.0000
0.0000
0.0000
0.0000
0.0000
0.0000
0.0000
0.0000
0.0000
0.0000
0.0000
0.0000
0.0000
0.0000
0.0000
0.0000
0.0000
48.8281
48.8281
53.7109
53.7109
63.4766
63.4766
136.7187
136.7187
161.1328
161.1328
156.2500
166.0156
166.0156
234.3750
234.3750
234.3750
234.3750
234.3750
200.1953
200.1953
195.3125
195.3125
253.9062
253.9062
258.7891
239.2578
239.2578
239.2578
253.9062
253.9062
336.9141
375.9766
375.9766
385.7422
385.7422
405.2734
405.2734
478.5156
478.5156
502.9297
502.9297
483.3984
483.3984
498.0469
498.0469
585.9375
585.9375
649.4141
649.4141
703.1250
703.1250
776.3672
776.3672
849.6094
849.6094
781.2500
781.2500
590.8203
590.8203
366.2109
366.2109
185.5469
185.5469
0.0000
0.0000
0.0000
0.0000
0.0000
0.0000
0.0000
0.0000
0.0000
0.0000
0.0000
0.0000
0.0000
0.0000
0.0000
0.0000
0.0000
0.0000
0.0000
0.0000
0.0000
0.0000
0.0000
0.0000
0.0000
0.0000
0.0000
0.0000
0.0000
0.0000
0.0000
0.0000
0.0000
0.0000
0.0000
0.0000
0.0000
0.0000
0.0000
0.0000
0.0000
0.0000
0.0000
0.0000
34.1797
34.1797
131.8359
131.8359
185.5469
185.5469
195.3125
195.3125
224.6094
224.6094
297.8516
297.8516
307.6172
307.6172
278.3203
278.3203
288.0859
288.0859
336.9141
336.9141
332.0312
332.0312
283.2031
283.2031
278.3203
278.3203
317.3828
317.3828
307.6172
307.6172
288.0859
288.0859
312.5000
312.5000
395.5078
395.5078
424.8047
424.8047
434.5703
434.5703
473.6328
473.6328
561.5234
561.5234
595.7031
595.7031
610.3516
610.3516
654.2969
654.2969
737.3047
737.3047
751.9531
751.9531
717.7734
717.7734
722.6562
722.6562
786.1328
786.1328
820.3125
820.3125
864.2578
864.2578
957.0312
957.0312
1049.8047
1049.8047
996.0937
996.0937
820.3125
820.3125
605.4687
605.4687
400.3906
400.3906
146.4844
146.4844
0.0000
0.0000
0.0000
0.0000
0.0000
0.0000
0.0000
0.0000
0.0000
0.0000
0.0000
0.0000
0.0000
0.0000
0.0000
0.0000
0.0000
0.0000
0.0000
0.0000
0.0000
0.0000
0.0000
0.0000
0.0000
0.0000
0.0000
0.0000
0.0000
0.0000
0.0000
0.0000
0.0000
0.0000
0.0000
0.0000
0.0000
0.0000
0.0000
0.0000
0.0000
0.0000
0.0000
0.0000
0.0000
0.0000
0.0000
0.0000
0.0000
0.0000
0.0000
0.0000
0.0000
0.0000
0.0000
0.0000
0.0000
0.0000
0.0000
0.0000
0.0000
0.0000
0.0000
0.0000
0.0000
0.0000
0.0000
0.0000
0.0000
0.0000
0.0000
0.0000
0.0000
0.0000
19.5312
19.5312
112.3047
112.3047
156.2500
156.2500
175.7812
175.7812
258.7891
258.7891
371.0937
371.0937
415.0391
415.0391
419.9219
419.9219
468.7500
468.7500
517.5781
517.5781
502.9297
502.9297
473.6328
473.6328
507.8125
507.8125
581.0547
581.0547
634.7656
634.7656
678.7109
678.7109
742.1875
742.1875
771.4844
771.4844
688.4766
688.4766
517.5781
517.5781
356.4453
356.4453
190.4297
190.4297
0.0000
0.0000
0.0000
0.0000
0.0000
0.0000
0.0000
0.0000
0.0000
0.0000
0.0000
0.0000
0.0000
0.0000
0.0000
0.0000
0.0000
0.0000
0.0000
0.0000
0.0000
0.0000
0.0000
0.0000
0.0000
0.0000
0.0000
0.0000
0.0000
0.0000
0.0000
0.0000
0.0000
0.0000
0.0000
0.0000
0.0000
0.0000
0.0000
0.0000
0.0000
0.0000
0.0000
0.0000
0.0000
0.0000
0.0000
0.0000
0.0000
0.0000
0.0000
0.0000
39.0625
39.0625
73.2422
73.2422
53.7109
53.7109
19.5312
19.5312
68.3594
68.3594
131.8359
131.8359
156.2500
156.2500
156.2500
156.2500
214.8437
214.8437
268.5547
268.5547
278.3203
278.3203
278.3203
278.3203
356.4453
356.4453
439.4531
439.4531
478.5156
478.5156
488.2812
488.2812
556.6406
556.6406
605.4687
605.4687
595.7031
595.7031
566.4062
566.4062
605.4687
605.4687
634.7656
634.7656
625.0000
625.0000
615.2344
615.2344
698.2422
698.2422
795.8984
795.8984
844.7266
844.7266
825.1953
825.1953
795.8984
795.8984
668.9453
668.9453
439.4531
439.4531
185.5469
185.5469
39.0625
39.0625
0.0000
0.0000
0.0000
0.0000
0.0000
0.0000
0.0000
0.0000
0.0000
0.0000
0.0000
0.0000
0.0000
0.0000
0.0000
0.0000
0.0000
0.0000
0.0000
0.0000
0.0000
0.0000
0.0000
0.0000
0.0000
0.0000
0.0000
0.0000
0.0000
0.0000
0.0000
0.0000
0.0000
0.0000
0.0000
0.0000
0.0000
0.0000
0.0000
0.0000
0.0000
0.0000
0.0000
0.0000
0.0000
0.0000
9.7656
9.7656
73.2422
73.2422
92.7734
92.7734
78.1250
78.1250
112.3047
112.3047
126.9531
126.9531
107.4219
107.4219
73.2422
73.2422
117.1875
117.1875
126.9531
126.9531
102.5391
102.5391
68.3594
68.3594
122.0703
122.0703
156.2500
156.2500
161.1328
161.1328
170.8984
170.8984
249.0234
249.0234
283.2031
283.2031
283.2031
283.2031
278.3203
278.3203
346.6797
346.6797
385.7422
385.7422
380.8594
380.8594
351.5625
351.5625
385.7422
385.7422
390.6250
390.6250
361.3281
361.3281
322.2656
322.2656
375.9766
375.9766
419.9219
419.9219
468.7500
468.7500
532.2266
532.2266
644.5312
644.5312
664.0625
664.0625
571.2891
571.2891
424.8047
424.8047
351.5625
351.5625
263.6719
263.6719
190.4297
190.4297
141.6016
141.6016
161.1328
161.1328
122.0703
122.0703
0.0000
0.0000
0.0000
0.0000
0.0000
0.0000
0.0000
0.0000
0.0000
0.0000
0.0000
0.0000
0.0000
0.0000
0.0000
0.0000
0.0000
0.0000
0.0000
0.0000
0.0000
0.0000
0.0000
0.0000
0.0000
0.0000
0.0000
0.0000
0.0000
0.0000
0.0000
0.0000
0.0000
0.0000
0.0000
0.0000
0.0000
0.0000
0.0000
0.0000
0.0000
0.0000
0.0000
0.0000
0.0000
0.0000
0.0000
0.0000
0.0000
0.0000
0.0000
0.0000
24.4141
24.4141
39.0625
39.0625
48.8281
48.8281
83.0078
83.0078
185.5469
185.5469
234.3750
234.3750
244.1406
244.1406
253.9062
253.9062
332.0312
332.0312
375.9766
375.9766
405.2734
405.2734
449.2187
449.2187
551.7578
551.7578
585.9375
585.9375
556.6406
556.6406
522.4609
522.4609
556.6406
556.6406
551.7578
551.7578
532.2266
532.2266
537.1094
537.1094
610.3516
610.3516
644.5312
644.5312
683.5937
683.5937
766.6016
766.6016
922.8516
922.8516
996.0937
996.0937
961.9141
961.9141
864.2578
864.2578
776.3672
776.3672
620.1172
620.1172
444.3359
444.3359
302.7344
302.7344
214.8437
214.8437
29.2969
29.2969
0.0000
0.0000
0.0000
0.0000
0.0000
0.0000
0.0000
0.0000
0.0000
0.0000
0.0000
0.0000
0.0000
0.0000
0.0000
0.0000
0.0000
0.0000
0.0000
0.0000
0.0000
0.0000
0.0000
0.0000
0.0000
0.0000
0.0000
0.0000
0.0000
0.0000
0.0000
0.0000
0.0000
0.0000
0.0000
0.0000
0.0000
0.0000
0.0000
0.0000
0.0000
0.0000
0.0000
0.0000
0.0000
0.0000
0.0000
0.0000
0.0000
0.0000
0.0000
0.0000
0.0000
0.0000
0.0000
0.0000
0.0000
0.0000
0.0000
0.0000
58.5937
58.5937
102.5391
102.5391
117.1875
117.1875
170.8984
170.8984
278.3203
278.3203
322.2656
322.2656
332.0312
332.0312
361.3281
361.3281
434.5703
434.5703
434.5703
434.5703
400.3906
400.3906
395.5078
395.5078
439.4531
439.4531
434.5703
434.5703
410.1562
410.1562
424.8047
424.8047
512.6953
512.6953
595.7031
595.7031
688.4766
688.4766
805.6641
805.6641
922.8516
922.8516
898.4375
898.4375
751.9531
751.9531
585.9375
585.9375
434.5703
434.5703
234.3750
234.3750
39.0625
39.0625
0.0000
0.0000
0.0000
0.0000
0.0000
0.0000
0.0000
0.0000
0.0000
0.0000
0.0000
0.0000
0.0000
0.0000
0.0000
0.0000
0.0000
0.0000
0.0000
0.0000
0.0000
0.0000
0.0000
0.0000
0.0000
0.0000
0.0000
0.0000
0.0000
0.0000
0.0000
0.0000
0.0000
0.0000
0.0000
0.0000
0.0000
0.0000
0.0000
0.0000
0.0000
0.0000
39.0625
39.0625
53.7109
53.7109
29.2969
29.2969
53.7109
53.7109
117.1875
117.1875
122.0703
122.0703
92.7734
92.7734
117.1875
117.1875
170.8984
170.8984
175.7812
175.7812
161.1328
161.1328
214.8437
214.8437
302.7344
302.7344
327.1484
327.1484
322.2656
322.2656
371.0937
371.0937
439.4531
439.4531
449.2187
449.2187
419.9219
419.9219
429.6875
429.6875
458.9844
458.9844
434.5703
434.5703
390.6250
390.6250
410.1562
410.1562
454.1016
454.1016
434.5703
434.5703
400.3906
400.3906
429.6875
429.6875
512.6953
512.6953
590.8203
590.8203
683.5937
683.5937
815.4297
815.4297
893.5547
893.5547
810.5469
810.5469
620.1172
620.1172
463.8672
463.8672
327.1484
327.1484
170.8984
170.8984
14.6484
14.6484
0.0000
0.0000
0.0000
0.0000
0.0000
0.0000
0.0000
0.0000
0.0000
0.0000
0.0000
0.0000
0.0000
0.0000
0.0000
0.0000
0.0000
0.0000
0.0000
0.0000
0.0000
0.0000
0.0000
0.0000
0.0000
0.0000
0.0000
0.0000
0.0000
0.0000
0.0000
0.0000
0.0000
0.0000
0.0000
0.0000
0.0000
0.0000
0.0000
0.0000
0.0000
0.0000
0.0000
0.0000
0.0000
0.0000
0.0000
0.0000
0.0000
0.0000
0.0000
0.0000
0.0000
0.0000
0.0000
0.0000
0.0000
0.0000
0.0000
9.7656
9.7656
29.2969
29.2969
112.3047
112.3047
195.3125
195.3125
234.3750
234.3750
263.6719
263.6719
346.6797
346.6797
424.8047
424.8047
454.1016
454.1016
449.2187
449.2187
498.0469
498.0469
512.6953
512.6953
463.8672
463.8672
385.7422
385.7422
375.9766
375.9766
356.4453
356.4453
312.5000
312.5000
278.3203
278.3203
327.1484
327.1484
385.7422
385.7422
434.5703
434.5703
507.8125
507.8125
678.7109
678.7109
839.8437
839.8437
913.0859
913.0859
888.6719
888.6719
849.6094
849.6094
688.4766
688.4766
405.2734
405.2734
92.7734
92.7734
0.0000
0.0000
0.0000
0.0000
0.0000
0.0000
0.0000
0.0000
0.0000
0.0000
0.0000
0.0000
0.0000
0.0000
0.0000
0.0000
0.0000
0.0000
0.0000
0.0000
0.0000
0.0000
0.0000
0.0000
0.0000
0.0000
0.0000
0.0000
0.0000
0.0000
0.0000
0.0000
0.0000
0.0000
0.0000
0.0000
0.0000
0.0000
0.0000
0.0000
0.0000
0.0000
0.0000
0.0000
0.0000
0.0000
0.0000
0.0000
0.0000
0.0000
0.0000
0.0000
0.0000
0.0000
0.0000
0.0000
43.9453
43.9453
87.8906
87.8906
107.4219
107.4219
136.7187
136.7187
249.0234
249.0234
317.3828
317.3828
336.9141
336.9141
346.6797
346.6797
429.6875
429.6875
463.8672
463.8672
454.1016
454.1016
424.8047
424.8047
454.1016
454.1016
439.4531
439.4531
390.6250
390.6250
351.5625
351.5625
400.3906
400.3906
405.2734
405.2734
380.8594
380.8594
366.2109
366.2109
444.3359
444.3359
498.0469
498.0469
551.7578
551.7578
634.7656
634.7656
830.0781
830.0781
981.4453
981.4453
1049.8047
1049.8047
1044.9219
1044.9219
1020.5078
1020.5078
869.1406
869.1406
644.5312
644.5312
419.9219
419.9219
288.0859
288.0859
131.8359
131.8359
0.0000
0.0000
0.0000
0.0000
0.0000
0.0000
0.0000
0.0000
0.0000
0.0000
0.0000
0.0000
0.0000
0.0000
0.0000
0.0000
0.0000
0.0000
0.0000
0.0000
0.0000
0.0000
0.0000
0.0000
0.0000
0.0000
0.0000
0.0000
0.0000
0.0000
0.0000
0.0000
0.0000
0.0000
0.0000
0.0000
0.0000
0.0000
0.0000
0.0000
0.0000
0.0000
0.0000
0.0000
0.0000
0.0000
0.0000
0.0000
0.0000
0.0000
0.0000
0.0000
0.0000
0.0000
0.0000
0.0000
0.0000
0.0000
0.0000
0.0000
97.6562
97.6562
156.2500
156.2500
185.5469
185.5469
219.7266
219.7266
297.8516
297.8516
307.6172
307.6172
278.3203
278.3203
258.7891
258.7891
302.7344
302.7344
302.7344
302.7344
268.5547
268.5547
253.9062
253.9062
302.7344
302.7344
288.0859
288.0859
263.6719
263.6719
302.7344
302.7344
424.8047
424.8047
517.5781
517.5781
585.9375
585.9375
668.9453
668.9453
825.1953
825.1953
947.2656
947.2656
1020.5078
1020.5078
1044.9219
1044.9219
1040.0391
1040.0391
883.7891
883.7891
615.2344
615.2344
351.5625
351.5625
166.0156
166.0156
0.0000
0.0000
0.0000
0.0000
0.0000
0.0000
0.0000
0.0000
0.0000
0.0000
0.0000
0.0000
0.0000
0.0000
0.0000
0.0000
0.0000
0.0000
0.0000
0.0000
0.0000
0.0000
0.0000
0.0000
0.0000
0.0000
0.0000
0.0000
0.0000
0.0000
0.0000
0.0000
0.0000
0.0000
0.0000
0.0000
0.0000
0.0000
0.0000
0.0000
0.0000
0.0000
0.0000
0.0000
0.0000
0.0000
0.0000
0.0000
0.0000
0.0000
0.0000
0.0000
0.0000
0.0000
0.0000
0.0000
14.6484
14.6484
29.2969
29.2969
83.0078
83.0078
161.1328
161.1328
195.3125
195.3125
200.1953
200.1953
249.0234
249.0234
346.6797
346.6797
375.9766
375.9766
361.3281
361.3281
371.0937
371.0937
415.0391
415.0391
390.6250
390.6250
346.6797
346.6797
356.4453
356.4453
410.1562
410.1562
424.8047
424.8047
429.6875
429.6875
478.5156
478.5156
576.1719
576.1719
639.6484
639.6484
698.2422
698.2422
820.3125
820.3125
991.2109
991.2109
1088.8672
1088.8672
1088.8672
1088.8672
1044.9219
1044.9219
917.9687
917.9687
639.6484
639.6484
302.7344
302.7344
58.5937
58.5937
0.0000
0.0000
0.0000
0.0000
0.0000
0.0000
0.0000
0.0000
0.0000
0.0000
0.0000
0.0000
0.0000
0.0000
0.0000
0.0000
0.0000
0.0000
0.0000
0.0000
0.0000
0.0000
0.0000
0.0000
0.0000
0.0000
0.0000
0.0000
0.0000
0.0000
0.0000
0.0000
0.0000
0.0000
0.0000
0.0000
0.0000
0.0000
0.0000
0.0000
0.0000
0.0000
0.0000
0.0000
0.0000
0.0000
0.0000
0.0000
0.0000
0.0000
0.0000
0.0000
0.0000
0.0000
0.0000
0.0000
83.0078
83.0078
117.1875
117.1875
122.0703
122.0703
190.4297
190.4297
273.4375
273.4375
307.6172
307.6172
312.5000
312.5000
375.9766
375.9766
424.8047
424.8047
405.2734
405.2734
341.7969
341.7969
332.0312
332.0312
341.7969
341.7969
332.0312
332.0312
312.5000
312.5000
356.4453
356.4453
395.5078
395.5078
395.5078
395.5078
366.2109
366.2109
419.9219
419.9219
512.6953
512.6953
595.7031
595.7031
693.3594
693.3594
839.8437
839.8437
932.6172
932.6172
893.5547
893.5547
761.7187
761.7187
634.7656
634.7656
463.8672
463.8672
219.7266
219.7266
0.0000
0.0000
0.0000
0.0000
0.0000
0.0000
0.0000
0.0000
0.0000
0.0000
0.0000
0.0000
0.0000
0.0000
0.0000
0.0000
0.0000
0.0000
0.0000
0.0000
0.0000
0.0000
0.0000
0.0000
0.0000
0.0000
0.0000
0.0000
0.0000
0.0000
0.0000
0.0000
0.0000
0.0000
0.0000
0.0000
0.0000
0.0000
0.0000
0.0000
0.0000
0.0000
0.0000
0.0000
0.0000
0.0000
0.0000
0.0000
0.0000
0.0000
0.0000
0.0000
0.0000
0.0000
0.0000
0.0000
0.0000
0.0000
43.9453
43.9453
117.1875
117.1875
166.0156
166.0156
205.0781
205.0781
312.5000
312.5000
390.6250
390.6250
405.2734
405.2734
390.6250
390.6250
429.6875
429.6875
429.6875
429.6875
395.5078
395.5078
356.4453
356.4453
385.7422
385.7422
395.5078
395.5078
356.4453
356.4453
312.5000
312.5000
356.4453
356.4453
395.5078
395.5078
424.8047
424.8047
468.7500
468.7500
595.7031
595.7031
693.3594
693.3594
756.8359
756.8359
825.1953
825.1953
976.5625
976.5625
1074.2187
1074.2187
1079.1016
1079.1016
976.5625
976.5625
854.4922
854.4922
649.4141
649.4141
400.3906
400.3906
170.8984
170.8984
58.5937
58.5937
0.0000
0.0000
0.0000
0.0000
0.0000
0.0000
0.0000
0.0000
0.0000
0.0000
0.0000
0.0000
0.0000
0.0000
0.0000
0.0000
0.0000
0.0000
0.0000
0.0000
0.0000
0.0000
0.0000
0.0000
0.0000
0.0000
0.0000
0.0000
0.0000
0.0000
0.0000
0.0000
0.0000
0.0000
0.0000
0.0000
0.0000
0.0000
0.0000
0.0000
0.0000
0.0000
0.0000
0.0000
0.0000
0.0000
0.0000
0.0000
0.0000
0.0000
0.0000
0.0000
0.0000
0.0000
83.0078
83.0078
141.6016
141.6016
161.1328
161.1328
175.7812
175.7812
263.6719
263.6719
312.5000
312.5000
327.1484
327.1484
322.2656
322.2656
390.6250
390.6250
385.7422
385.7422
346.6797
346.6797
312.5000
312.5000
361.3281
361.3281
366.2109
366.2109
351.5625
351.5625
341.7969
341.7969
405.2734
405.2734
429.6875
429.6875
429.6875
429.6875
454.1016
454.1016
561.5234
561.5234
654.2969
654.2969
751.9531
751.9531
844.7266
844.7266
961.9141
961.9141
961.9141
961.9141
830.0781
830.0781
644.5312
644.5312
493.1641
493.1641
278.3203
278.3203
48.8281
48.8281
0.0000
0.0000
0.0000
0.0000
0.0000
0.0000
0.0000
0.0000
0.0000
0.0000
0.0000
0.0000
0.0000
0.0000
0.0000
0.0000
0.0000
0.0000
0.0000
0.0000
0.0000
0.0000
0.0000
0.0000
0.0000
0.0000
0.0000
0.0000
0.0000
0.0000
0.0000
0.0000
0.0000
0.0000
0.0000
0.0000
0.0000
0.0000
0.0000
0.0000
0.0000
0.0000
0.0000
0.0000
0.0000
0.0000
0.0000
0.0000
0.0000
0.0000
83.0078
83.0078
146.4844
146.4844
190.4297
190.4297
244.1406
244.1406
346.6797
346.6797
390.6250
390.6250
385.7422
385.7422
410.1562
410.1562
493.1641
493.1641
522.4609
522.4609
502.9297
502.9297
498.0469
498.0469
522.4609
522.4609
473.6328
473.6328
400.3906
400.3906
380.8594
380.8594
410.1562
410.1562
390.6250
390.6250
346.6797
346.6797
336.9141
336.9141
390.6250
390.6250
415.0391
415.0391
424.8047
424.8047
473.6328
473.6328
610.3516
610.3516
717.7734
717.7734
810.5469
810.5469
913.0859
913.0859
986.3281
986.3281
888.6719
888.6719
654.2969
654.2969
395.5078
395.5078
185.5469
185.5469
0.0000
0.0000
0.0000
0.0000
0.0000
0.0000
0.0000
0.0000
0.0000
0.0000
0.0000
0.0000
0.0000
0.0000
0.0000
0.0000
0.0000
0.0000
0.0000
0.0000
0.0000
0.0000
0.0000
0.0000
0.0000
0.0000
0.0000
0.0000
0.0000
0.0000
0.0000
0.0000
0.0000
0.0000
0.0000
0.0000
0.0000
0.0000
0.0000
0.0000
0.0000
0.0000
0.0000
0.0000
0.0000
0.0000
0.0000
0.0000
0.0000
0.0000
0.0000
0.0000
0.0000
0.0000
0.0000
0.0000
0.0000
0.0000
0.0000
0.0000
0.0000
0.0000
73.2422
126.9531
126.9531
141.6016
141.6016
190.4297
190.4297
244.1406
244.1406
244.1406
234.3750
190.4297
190.4297
190.4297
190.4297
209.9609
209.9609
205.0781
205.0781
175.7812
175.7812
200.1953
200.1953
258.7891
258.7891
273.4375
273.4375
278.3203
278.3203
346.6797
346.6797
454.1016
454.1016
527.3437
527.3437
600.5859
600.5859
751.9531
751.9531
913.0859
913.0859
971.6797
971.6797
932.6172
932.6172
859.3750
859.3750
717.7734
717.7734
478.5156
478.5156
200.1953
200.1953
0.0000
0.0000
0.0000
0.0000
0.0000
0.0000
0.0000
0.0000
0.0000
0.0000
0.0000
0.0000
0.0000
0.0000
0.0000
0.0000
0.0000
0.0000
0.0000
0.0000
0.0000
0.0000
0.0000
0.0000
0.0000
0.0000
0.0000
0.0000
0.0000
0.0000
0.0000
0.0000
0.0000
0.0000
0.0000
0.0000
0.0000
0.0000
0.0000
0.0000
0.0000
0.0000
0.0000
0.0000
0.0000
0.0000
0.0000
0.0000
0.0000
0.0000
0.0000
0.0000
0.0000
0.0000
0.0000
0.0000
0.0000
0.0000
78.1250
78.1250
141.6016
141.6016
175.7812
175.7812
268.5547
268.5547
346.6797
346.6797
375.9766
375.9766
375.9766
375.9766
439.4531
439.4531
483.3984
483.3984
478.5156
478.5156
439.4531
439.4531
468.7500
468.7500
488.2812
488.2812
468.7500
468.7500
434.5703
434.5703
483.3984
483.3984
527.3437
527.3437
537.1094
537.1094
556.6406
556.6406
673.8281
673.8281
820.3125
820.3125
952.1484
952.1484
1030.2734
1030.2734
1093.7500
1093.7500
1035.1562
1035.1562
844.7266
844.7266
585.9375
585.9375
405.2734
405.2734
224.6094
224.6094
14.6484
14.6484
0.0000
0.0000
0.0000
0.0000
0.0000
0.0000
0.0000
0.0000
0.0000
0.0000
0.0000
0.0000
0.0000
0.0000
0.0000
0.0000
0.0000
0.0000
0.0000
0.0000
0.0000
0.0000
0.0000
0.0000
0.0000
0.0000
0.0000
0.0000
0.0000
0.0000
0.0000
0.0000
0.0000
0.0000
0.0000
0.0000
0.0000
0.0000
0.0000
0.0000
0.0000
0.0000
0.0000
0.0000
0.0000
0.0000
0.0000
0.0000
0.0000
0.0000
0.0000
0.0000
0.0000
0.0000
0.0000
0.0000
0.0000
0.0000
39.0625
39.0625
102.5391
102.5391
117.1875
117.1875
117.1875
117.1875
190.4297
190.4297
214.8437
214.8437
209.9609
209.9609
205.0781
205.0781
288.0859
288.0859
332.0312
332.0312
332.0312
332.0312
312.5000
312.5000
351.5625
351.5625
346.6797
346.6797
327.1484
327.1484
302.7344
302.7344
361.3281
361.3281
390.6250
390.6250
410.1562
410.1562
458.9844
458.9844
620.1172
620.1172
756.8359
756.8359
810.5469
810.5469
771.4844
771.4844
693.3594
693.3594
498.0469
498.0469
253.9062
253.9062
63.4766
63.4766
24.4141
24.4141
14.6484
14.6484
0.0000
0.0000
0.0000
0.0000
0.0000
0.0000
0.0000
0.0000
0.0000
0.0000
0.0000
0.0000
0.0000
0.0000
0.0000
0.0000
0.0000
0.0000
0.0000
0.0000
0.0000
0.0000
0.0000
0.0000
0.0000
0.0000
0.0000
0.0000
0.0000
0.0000
0.0000
0.0000
0.0000
0.0000
0.0000
0.0000
0.0000
0.0000
24.4141
24.4141
4.8828
4.8828
0.0000
0.0000
39.0625
39.0625
48.8281
48.8281
34.1797
34.1797
29.2969
29.2969
102.5391
102.5391
136.7187
136.7187
151.3672
151.3672
185.5469
185.5469
288.0859
288.0859
351.5625
351.5625
385.7422
385.7422
424.8047
424.8047
532.2266
532.2266
576.1719
576.1719
585.9375
585.9375
590.8203
590.8203
644.5312
644.5312
605.4687
605.4687
507.8125
507.8125
434.5703
434.5703
444.3359
444.3359
424.8047
424.8047
385.7422
385.7422
375.9766
375.9766
449.2187
449.2187
498.0469
498.0469
556.6406
556.6406
659.1797
659.1797
844.7266
844.7266
937.5000
937.5000
927.7344
927.7344
844.7266
844.7266
742.1875
742.1875
537.1094
537.1094
297.8516
297.8516
83.0078
83.0078
0.0000
0.0000
0.0000
0.0000
0.0000
0.0000
0.0000
0.0000
0.0000
0.0000
0.0000
0.0000
0.0000
0.0000
0.0000
0.0000
0.0000
0.0000
0.0000
0.0000
0.0000
0.0000
0.0000
0.0000
0.0000
0.0000
0.0000
0.0000
0.0000
0.0000
0.0000
0.0000
0.0000
0.0000
0.0000
0.0000
0.0000
0.0000
0.0000
0.0000
0.0000
0.0000
0.0000
0.0000
0.0000
0.0000
0.0000
0.0000
0.0000
0.0000
0.0000
0.0000
0.0000
0.0000
0.0000
0.0000
0.0000
0.0000
0.0000
0.0000
0.0000
0.0000
0.0000
0.0000
68.3594
68.3594
131.8359
131.8359
166.0156
166.0156
219.7266
219.7266
302.7344
302.7344
322.2656
322.2656
292.9687
292.9687
288.0859
288.0859
327.1484
327.1484
312.5000
312.5000
278.3203
278.3203
283.2031
283.2031
346.6797
346.6797
356.4453
356.4453
327.1484
327.1484
341.7969
341.7969
434.5703
434.5703
532.2266
532.2266
654.2969
654.2969
810.5469
810.5469
952.1484
952.1484
952.1484
952.1484
825.1953
825.1953
673.8281
673.8281
522.4609
522.4609
312.5000
312.5000
87.8906
87.8906
0.0000
0.0000
0.0000
0.0000
0.0000
0.0000
0.0000
0.0000
0.0000
0.0000
0.0000
0.0000
0.0000
0.0000
0.0000
0.0000
0.0000
0.0000
0.0000
0.0000
0.0000
0.0000
0.0000
0.0000
0.0000
0.0000
0.0000
0.0000
0.0000
0.0000
0.0000
0.0000
0.0000
0.0000
0.0000
0.0000
0.0000
0.0000
0.0000
0.0000
0.0000
0.0000
0.0000
0.0000
0.0000
0.0000
0.0000
0.0000
0.0000
0.0000
0.0000
0.0000
9.7656
9.7656
0.0000
0.0000
0.0000
0.0000
58.5937
58.5937
97.6562
97.6562
131.8359
131.8359
219.7266
219.7266
312.5000
312.5000
336.9141
336.9141
322.2656
322.2656
371.0937
371.0937
449.2187
449.2187
473.6328
473.6328
463.8672
463.8672
517.5781
517.5781
556.6406
556.6406
517.5781
517.5781
458.9844
458.9844
478.5156
478.5156
512.6953
512.6953
517.5781
517.5781
522.4609
522.4609
625.0000
625.0000
756.8359
756.8359
849.6094
849.6094
917.9687
917.9687
986.3281
986.3281
986.3281
986.3281
854.4922
854.4922
644.5312
644.5312
493.1641
493.1641
346.6797
346.6797
166.0156
166.0156
0.0000
0.0000
0.0000
0.0000
0.0000
0.0000
0.0000
0.0000
0.0000
0.0000
0.0000
0.0000
0.0000
0.0000
0.0000
0.0000
0.0000
0.0000
0.0000
0.0000
0.0000
0.0000
0.0000
0.0000
0.0000
0.0000
0.0000
0.0000
0.0000
0.0000
0.0000
0.0000
0.0000
0.0000
0.0000
0.0000
0.0000
0.0000
0.0000
0.0000
0.0000
0.0000
53.7109
53.7109
97.6562
97.6562
83.0078
83.0078
34.1797
34.1797
39.0625
39.0625
24.4141
24.4141
0.0000
0.0000
0.0000
0.0000
0.0000
0.0000
4.8828
4.8828
29.2969
29.2969
34.1797
34.1797
122.0703
122.0703
195.3125
195.3125
224.6094
224.6094
244.1406
244.1406
341.7969
341.7969
419.9219
419.9219
415.0391
415.0391
395.5078
395.5078
439.4531
439.4531
449.2187
449.2187
424.8047
424.8047
380.8594
380.8594
415.0391
415.0391
444.3359
444.3359
429.6875
429.6875
424.8047
424.8047
541.9922
541.9922
668.9453
668.9453
747.0703
747.0703
771.4844
771.4844
810.5469
810.5469
751.9531
751.9531
600.5859
600.5859
419.9219
419.9219
312.5000
312.5000
175.7812
175.7812
0.0000
0.0000
0.0000
0.0000
0.0000
0.0000
0.0000
0.0000
0.0000
0.0000
0.0000
0.0000
0.0000
0.0000
0.0000
0.0000
0.0000
0.0000
0.0000
0.0000
0.0000
0.0000
0.0000
0.0000
0.0000
0.0000
0.0000
0.0000
0.0000
0.0000
0.0000
0.0000
0.0000
0.0000
0.0000
0.0000
0.0000
0.0000
0.0000
0.0000
0.0000
0.0000
0.0000
0.0000
43.9453
43.9453
48.8281
48.8281
9.7656
9.7656
0.0000
0.0000
24.4141
24.4141
58.5937
58.5937
43.9453
43.9453
34.1797
34.1797
107.4219
107.4219
141.6016
141.6016
156.2500
156.2500
175.7812
175.7812
278.3203
278.3203
351.5625
351.5625
375.9766
375.9766
400.3906
400.3906
478.5156
478.5156
488.2812
488.2812
449.2187
449.2187
410.1562
410.1562
463.8672
463.8672
478.5156
478.5156
458.9844
458.9844
434.5703
434.5703
483.3984
483.3984
498.0469
498.0469
478.5156
478.5156
488.2812
488.2812
595.7031
595.7031
688.4766
688.4766
771.4844
771.4844
859.3750
859.3750
966.7969
966.7969
942.3828
942.3828
776.3672
776.3672
537.1094
537.1094
351.5625
351.5625
141.6016
141.6016
0.0000
0.0000
0.0000
0.0000
0.0000
0.0000
0.0000
0.0000
0.0000
0.0000
0.0000
0.0000
0.0000
0.0000
0.0000
0.0000
0.0000
0.0000
0.0000
0.0000
0.0000
0.0000
0.0000
0.0000
0.0000
0.0000
0.0000
0.0000
0.0000
0.0000
0.0000
0.0000
0.0000
0.0000
0.0000
0.0000
0.0000
0.0000
0.0000
0.0000
0.0000
0.0000
0.0000
0.0000
0.0000
0.0000
0.0000
0.0000
0.0000
0.0000
0.0000
0.0000
0.0000
0.0000
0.0000
0.0000
0.0000
0.0000
0.0000
0.0000
0.0000
78.1250
78.1250
117.1875
117.1875
166.0156
166.0156
258.7891
258.7891
283.2031
283.2031
268.5547
268.5547
283.2031
283.2031
366.2109
366.2109
380.8594
380.8594
346.6797
346.6797
322.2656
322.2656
366.2109
366.2109
346.6797
346.6797
307.6172
307.6172
307.6172
307.6172
375.9766
375.9766
400.3906
400.3906
415.0391
415.0391
463.8672
463.8672
595.7031
595.7031
703.1250
703.1250
795.8984
795.8984
908.2031
908.2031
1025.3906
1025.3906
1020.5078
1020.5078
917.9687
917.9687
781.2500
781.2500
634.7656
634.7656
400.3906
400.3906
107.4219
107.4219
0.0000
0.0000
0.0000
0.0000
0.0000
0.0000
0.0000
0.0000
0.0000
0.0000
0.0000
0.0000
0.0000
0.0000
0.0000
0.0000
0.0000
0.0000
0.0000
0.0000
0.0000
0.0000
0.0000
0.0000
0.0000
0.0000
0.0000
0.0000
0.0000
0.0000
0.0000
0.0000
0.0000
0.0000
0.0000
0.0000
0.0000
0.0000
0.0000
0.0000
24.4141
24.4141
102.5391
102.5391
117.1875
117.1875
107.4219
107.4219
122.0703
122.0703
175.7812
175.7812
180.6641
180.6641
166.0156
166.0156
205.0781
205.0781
302.7344
302.7344
346.6797
346.6797
351.5625
351.5625
390.6250
390.6250
463.8672
463.8672
478.5156
478.5156
468.7500
468.7500
507.8125
507.8125
571.2891
571.2891
551.7578
551.7578
502.9297
502.9297
493.1641
493.1641
517.5781
517.5781
498.0469
498.0469
463.8672
463.8672
473.6328
473.6328
532.2266
532.2266
551.7578
551.7578
551.7578
551.7578
600.5859
600.5859
703.1250
703.1250
786.1328
786.1328
874.0234
874.0234
1010.7422
1010.7422
1137.6953
1137.6953
1123.0469
1123.0469
981.4453
981.4453
795.8984
795.8984
566.4062
566.4062
263.6719
263.6719
0.0000
0.0000
0.0000
0.0000
0.0000
0.0000
0.0000
0.0000
0.0000
0.0000
0.0000
0.0000
0.0000
0.0000
0.0000
0.0000
0.0000
0.0000
0.0000
0.0000
0.0000
0.0000
0.0000
0.0000
0.0000
0.0000
0.0000
0.0000
0.0000
0.0000
0.0000
0.0000
0.0000
0.0000
0.0000
0.0000
0.0000
0.0000
0.0000
0.0000
0.0000
0.0000
0.0000
0.0000
0.0000
0.0000
0.0000
0.0000
0.0000
0.0000
0.0000
0.0000
0.0000
0.0000
0.0000
0.0000
0.0000
0.0000
9.7656
9.7656
83.0078
83.0078
117.1875
117.1875
136.7187
136.7187
205.0781
205.0781
278.3203
278.3203
292.9687
292.9687
268.5547
268.5547
278.3203
278.3203
278.3203
278.3203
234.3750
234.3750
170.8984
170.8984
175.7812
175.7812
205.0781
205.0781
185.5469
185.5469
141.6016
141.6016
166.0156
166.0156
219.7266
219.7266
253.9062
253.9062
283.2031
283.2031
400.3906
400.3906
527.3437
527.3437
625.0000
625.0000
708.0078
708.0078
834.9609
834.9609
917.9687
917.9687
874.0234
874.0234
712.8906
712.8906
537.1094
537.1094
351.5625
351.5625
122.0703
122.0703
0.0000
0.0000
0.0000
0.0000
0.0000
0.0000
0.0000
0.0000
0.0000
0.0000
0.0000
0.0000
0.0000
0.0000
0.0000
0.0000
0.0000
0.0000
0.0000
0.0000
0.0000
0.0000
0.0000
0.0000
0.0000
0.0000
0.0000
0.0000
0.0000
0.0000
0.0000
0.0000
0.0000
0.0000
0.0000
0.0000
0.0000
0.0000
0.0000
0.0000
0.0000
0.0000
0.0000
0.0000
0.0000
0.0000
0.0000
0.0000
0.0000
0.0000
0.0000
0.0000
0.0000
0.0000
0.0000
0.0000
0.0000
0.0000
107.4219
107.4219
209.9609
209.9609
258.7891
258.7891
283.2031
283.2031
361.3281
361.3281
410.1562
410.1562
395.5078
395.5078
356.4453
356.4453
400.3906
400.3906
415.0391
415.0391
385.7422
385.7422
356.4453
356.4453
415.0391
415.0391
444.3359
444.3359
434.5703
434.5703
424.8047
424.8047
498.0469
498.0469
551.7578
551.7578
566.4062
566.4062
595.7031
595.7031
708.0078
708.0078
820.3125
820.3125
888.6719
888.6719
898.4375
898.4375
913.0859
913.0859
825.1953
825.1953
625.0000
625.0000
390.6250
390.6250
253.9062
253.9062
97.6562
97.6562
0.0000
0.0000
0.0000
0.0000
0.0000
0.0000
0.0000
0.0000
0.0000
0.0000
0.0000
0.0000
0.0000
0.0000
0.0000
0.0000
0.0000
0.0000
0.0000
0.0000
0.0000
0.0000
0.0000
0.0000
0.0000
0.0000
0.0000
0.0000
0.0000
0.0000
0.0000
0.0000
0.0000
0.0000
0.0000
0.0000
0.0000
0.0000
0.0000
0.0000
0.0000
0.0000
0.0000
0.0000
0.0000
0.0000
0.0000
0.0000
0.0000
0.0000
0.0000
0.0000
0.0000
0.0000
4.8828
4.8828
34.1797
34.1797
53.7109
53.7109
141.6016
141.6016
190.4297
190.4297
180.6641
180.6641
175.7812
175.7812
253.9062
253.9062
292.9687
292.9687
283.2031
283.2031
273.4375
273.4375
322.2656
322.2656
327.1484
327.1484
302.7344
302.7344
292.9687
292.9687
366.2109
366.2109
410.1562
410.1562
429.6875
429.6875
444.3359
444.3359
532.2266
532.2266
585.9375
585.9375
625.0000
625.0000
703.1250
703.1250
874.0234
874.0234
981.4453
981.4453
991.2109
991.2109
913.0859
913.0859
800.7812
800.7812
556.6406
556.6406
224.6094
224.6094
0.0000
0.0000
0.0000
0.0000
0.0000
0.0000
0.0000
0.0000
0.0000
0.0000
0.0000
0.0000
0.0000
0.0000
0.0000
0.0000
0.0000
0.0000
0.0000
0.0000
0.0000
0.0000
0.0000
0.0000
0.0000
0.0000
0.0000
0.0000
0.0000
0.0000
0.0000
0.0000
0.0000
0.0000
0.0000
0.0000
0.0000
0.0000
0.0000
0.0000
0.0000
0.0000
19.5312
19.5312
48.8281
48.8281
34.1797
34.1797
43.9453
43.9453
117.1875
117.1875
136.7187
136.7187
117.1875
117.1875
131.8359
131.8359
219.7266
219.7266
253.9062
253.9062
249.0234
249.0234
258.7891
258.7891
332.0312
332.0312
361.3281
361.3281
366.2109
366.2109
405.2734
405.2734
493.1641
493.1641
502.9297
502.9297
468.7500
468.7500
434.5703
434.5703
454.1016
454.1016
449.2187
449.2187
419.9219
419.9219
424.8047
424.8047
483.3984
483.3984
473.6328
473.6328
434.5703
434.5703
444.3359
444.3359
566.4062
566.4062
683.5937
683.5937
781.2500
781.2500
849.6094
849.6094
864.2578
864.2578
722.6562
722.6562
478.5156
478.5156
249.0234
249.0234
97.6562
97.6562
0.0000
0.0000
0.0000
0.0000
0.0000
0.0000
0.0000
0.0000
0.0000
0.0000
0.0000
0.0000
0.0000
0.0000
0.0000
0.0000
0.0000
0.0000
0.0000
0.0000
0.0000
0.0000
0.0000
0.0000
0.0000
0.0000
0.0000
0.0000
0.0000
0.0000
0.0000
0.0000
0.0000
0.0000
0.0000
0.0000
0.0000
0.0000
0.0000
0.0000
0.0000
0.0000
0.0000
0.0000
0.0000
0.0000
0.0000
0.0000
0.0000
0.0000
0.0000
0.0000
0.0000
0.0000
0.0000
0.0000
0.0000
0.0000
0.0000
0.0000
29.2969
29.2969
126.9531
126.9531
185.5469
185.5469
209.9609
209.9609
263.6719
263.6719
346.6797
346.6797
371.0937
371.0937
341.7969
341.7969
336.9141
336.9141
351.5625
351.5625
317.3828
317.3828
249.0234
249.0234
244.1406
244.1406
297.8516
297.8516
297.8516
297.8516
273.4375
273.4375
297.8516
297.8516
351.5625
351.5625
361.3281
361.3281
390.6250
390.6250
512.6953
512.6953
703.1250
703.1250
820.3125
820.3125
844.7266
844.7266
820.3125
820.3125
742.1875
742.1875
590.8203
590.8203
395.5078
395.5078
263.6719
263.6719
170.8984
170.8984
34.1797
34.1797
0.0000
0.0000
0.0000
0.0000
0.0000
0.0000
0.0000
0.0000
0.0000
0.0000
0.0000
0.0000
0.0000
0.0000
0.0000
0.0000
0.0000
0.0000
0.0000
0.0000
0.0000
0.0000
0.0000
0.0000
0.0000
0.0000
0.0000
0.0000
0.0000
0.0000
0.0000
0.0000
0.0000
0.0000
0.0000
0.0000
0.0000
0.0000
0.0000
0.0000
0.0000
0.0000
0.0000
0.0000
0.0000
0.0000
0.0000
0.0000
0.0000
0.0000
0.0000
0.0000
29.2969
29.2969
34.1797
34.1797
29.2969
29.2969
117.1875
117.1875
229.4922
229.4922
292.9687
292.9687
307.6172
307.6172
361.3281
361.3281
405.2734
405.2734
400.3906
400.3906
380.8594
380.8594
434.5703
434.5703
493.1641
493.1641
488.2812
488.2812
454.1016
454.1016
468.7500
468.7500
473.6328
473.6328
449.2187
449.2187
419.9219
419.9219
478.5156
478.5156
556.6406
556.6406
600.5859
600.5859
649.4141
649.4141
786.1328
786.1328
917.9687
917.9687
966.7969
966.7969
922.8516
922.8516
859.3750
859.3750
732.4219
732.4219
532.2266
532.2266
327.1484
327.1484
219.7266
219.7266
117.1875
117.1875
0.0000
0.0000
0.0000
0.0000
0.0000
0.0000
0.0000
0.0000
0.0000
0.0000
0.0000
0.0000
0.0000
0.0000
0.0000
0.0000
0.0000
0.0000
0.0000
0.0000
0.0000
0.0000
0.0000
0.0000
0.0000
0.0000
0.0000
0.0000
0.0000
0.0000
0.0000
0.0000
0.0000
0.0000
0.0000
0.0000
0.0000
0.0000
0.0000
0.0000
0.0000
0.0000
0.0000
0.0000
0.0000
0.0000
0.0000
0.0000
0.0000
0.0000
0.0000
0.0000
0.0000
0.0000
0.0000
0.0000
0.0000
0.0000
0.0000
68.3594
68.3594
136.7187
136.7187
175.7812
175.7812
200.1953
200.1953
297.8516
297.8516
351.5625
351.5625
361.3281
361.3281
351.5625
351.5625
400.3906
400.3906
400.3906
400.3906
356.4453
356.4453
317.3828
317.3828
356.4453
356.4453
375.9766
375.9766
351.5625
351.5625
307.6172
307.6172
346.6797
346.6797
366.2109
366.2109
366.2109
366.2109
400.3906
400.3906
551.7578
551.7578
688.4766
688.4766
761.7187
761.7187
786.1328
786.1328
815.4297
815.4297
747.0703
747.0703
590.8203
590.8203
390.6250
390.6250
273.4375
273.4375
117.1875
117.1875
0.0000
0.0000
0.0000
0.0000
0.0000
0.0000
0.0000
0.0000
0.0000
0.0000
0.0000
0.0000
0.0000
0.0000
0.0000
0.0000
0.0000
0.0000
0.0000
0.0000
0.0000
0.0000
0.0000
0.0000
0.0000
0.0000
0.0000
0.0000
0.0000
0.0000
0.0000
0.0000
0.0000
0.0000
0.0000
0.0000
0.0000
0.0000
0.0000
0.0000
0.0000
0.0000
0.0000
0.0000
0.0000
0.0000
0.0000
0.0000
0.0000
0.0000
0.0000
0.0000
0.0000
0.0000
19.5312
19.5312
24.4141
24.4141
53.7109
53.7109
161.1328
161.1328
234.3750
234.3750
278.3203
278.3203
317.3828
317.3828
419.9219
419.9219
468.7500
468.7500
458.9844
458.9844
439.4531
439.4531
478.5156
478.5156
463.8672
463.8672
424.8047
424.8047
410.1562
410.1562
478.5156
478.5156
488.2812
488.2812
468.7500
468.7500
468.7500
468.7500
541.9922
541.9922
590.8203
590.8203
629.8828
629.8828
703.1250
703.1250
864.2578
864.2578
991.2109
991.2109
1069.3359
1069.3359
1098.6328
1098.6328
1098.6328
1098.6328
927.7344
927.7344
634.7656
634.7656
346.6797
346.6797
131.8359
131.8359
0.0000
0.0000
0.0000
0.0000
0.0000
0.0000
0.0000
0.0000
0.0000
0.0000
0.0000
0.0000
0.0000
0.0000
0.0000
0.0000
0.0000
0.0000
0.0000
0.0000
0.0000
0.0000
0.0000
0.0000
0.0000
0.0000
0.0000
0.0000
0.0000
0.0000
0.0000
0.0000
0.0000
0.0000
0.0000
0.0000
0.0000
0.0000
0.0000
0.0000
0.0000
0.0000
0.0000
0.0000
0.0000
0.0000
0.0000
0.0000
0.0000
0.0000
0.0000
0.0000
0.0000
0.0000
0.0000
0.0000
0.0000
0.0000
0.0000
0.0000
48.8281
48.8281
170.8984
170.8984
224.6094
224.6094
219.7266
219.7266
239.2578
239.2578
312.5000
312.5000
327.1484
327.1484
307.6172
307.6172
336.9141
336.9141
410.1562
410.1562
390.6250
390.6250
336.9141
336.9141
307.6172
307.6172
336.9141
336.9141
332.0312
332.0312
307.6172
307.6172
346.6797
346.6797
449.2187
449.2187
512.6953
512.6953
566.4062
566.4062
673.8281
673.8281
839.8437
839.8437
932.6172
932.6172
932.6172
932.6172
888.6719
888.6719
810.5469
810.5469
581.0547
581.0547
263.6719
263.6719
0.0000
0.0000
0.0000
0.0000
0.0000
0.0000
0.0000
0.0000
0.0000
0.0000
0.0000
0.0000
0.0000
0.0000
0.0000
0.0000
0.0000
0.0000
0.0000
0.0000
0.0000
0.0000
0.0000
0.0000
0.0000
0.0000
0.0000
0.0000
0.0000
0.0000
0.0000
0.0000
0.0000
0.0000
0.0000
0.0000
0.0000
0.0000
0.0000
0.0000
0.0000
0.0000
0.0000
0.0000
0.0000
0.0000
0.0000
0.0000
0.0000
0.0000
0.0000
0.0000
0.0000
0.0000
0.0000
0.0000
0.0000
0.0000
73.2422
73.2422
117.1875
117.1875
136.7187
136.7187
214.8437
214.8437
302.7344
302.7344
341.7969
341.7969
346.6797
346.6797
395.5078
395.5078
444.3359
444.3359
434.5703
434.5703
395.5078
395.5078
415.0391
415.0391
449.2187
449.2187
439.4531
439.4531
405.2734
405.2734
439.4531
439.4531
493.1641
493.1641
493.1641
493.1641
493.1641
493.1641
561.5234
561.5234
649.4141
649.4141
708.0078
708.0078
781.2500
781.2500
932.6172
932.6172
1083.9844
1083.9844
1137.6953
1137.6953
1093.7500
1093.7500
1015.6250
1015.6250
859.3750
859.3750
610.3516
610.3516
332.0312
332.0312
141.6016
141.6016
0.0000
0.0000
0.0000
0.0000
0.0000
0.0000
0.0000
0.0000
0.0000
0.0000
0.0000
0.0000
0.0000
0.0000
0.0000
0.0000
0.0000
0.0000
0.0000
0.0000
0.0000
0.0000
0.0000
0.0000
0.0000
0.0000
0.0000
0.0000
0.0000
0.0000
0.0000
0.0000
0.0000
0.0000
0.0000
0.0000
0.0000
0.0000
0.0000
0.0000
0.0000
0.0000
0.0000
0.0000
0.0000
0.0000
0.0000
0.0000
0.0000
0.0000
0.0000
0.0000
0.0000
0.0000
0.0000
0.0000
34.1797
34.1797
58.5937
58.5937
73.2422
73.2422
166.0156
166.0156
244.1406
244.1406
288.0859
288.0859
312.5000
312.5000
390.6250
390.6250
429.6875
429.6875
400.3906
400.3906
341.7969
341.7969
366.2109
366.2109
380.8594
380.8594
366.2109
366.2109
332.0312
332.0312
371.0937
371.0937
375.9766
375.9766
336.9141
336.9141
297.8516
297.8516
351.5625
351.5625
415.0391
415.0391
493.1641
493.1641
605.4687
605.4687
791.0156
791.0156
903.3203
903.3203
893.5547
893.5547
781.2500
781.2500
668.9453
668.9453
512.6953
512.6953
327.1484
327.1484
151.3672
151.3672
78.1250
78.1250
0.0000
0.0000
0.0000
0.0000
0.0000
0.0000
0.0000
0.0000
0.0000
0.0000
0.0000
0.0000
0.0000
0.0000
0.0000
0.0000
0.0000
0.0000
0.0000
0.0000
0.0000
0.0000
0.0000
0.0000
0.0000
0.0000
0.0000
0.0000
0.0000
0.0000
0.0000
0.0000
0.0000
0.0000
0.0000
0.0000
0.0000
0.0000
0.0000
0.0000
0.0000
0.0000
0.0000
0.0000
0.0000
0.0000
0.0000
0.0000
0.0000
0.0000
0.0000
0.0000
0.0000
0.0000
43.9453
43.9453
117.1875
117.1875
166.0156
166.0156
190.4297
190.4297
278.3203
278.3203
317.3828
317.3828
317.3828
317.3828
307.6172
307.6172
356.4453
356.4453
356.4453
356.4453
317.3828
317.3828
283.2031
283.2031
317.3828
317.3828
307.6172
307.6172
273.4375
273.4375
244.1406
244.1406
297.8516
297.8516
322.2656
322.2656
346.6797
346.6797
400.3906
400.3906
537.1094
537.1094
664.0625
664.0625
766.6016
766.6016
874.0234
874.0234
1000.9766
1000.9766
1010.7422
1010.7422
893.5547
893.5547
698.2422
698.2422
527.3437
527.3437
307.6172
307.6172
73.2422
73.2422
0.0000
0.0000
0.0000
0.0000
0.0000
0.0000
0.0000
0.0000
0.0000
0.0000
0.0000
0.0000
0.0000
0.0000
0.0000
0.0000
0.0000
0.0000
0.0000
0.0000
0.0000
0.0000
0.0000
0.0000
0.0000
0.0000
0.0000
0.0000
0.0000
0.0000
0.0000
0.0000
0.0000
0.0000
0.0000
0.0000
0.0000
0.0000
0.0000
0.0000
0.0000
0.0000
0.0000
0.0000
0.0000
0.0000
0.0000
0.0000
0.0000
0.0000
0.0000
0.0000
0.0000
0.0000
0.0000
0.0000
0.0000
0.0000
73.2422
73.2422
146.4844
146.4844
175.7812
175.7812
205.0781
205.0781
288.0859
288.0859
302.7344
302.7344
288.0859
288.0859
297.8516
297.8516
361.3281
361.3281
371.0937
371.0937
336.9141
336.9141
312.5000
312.5000
341.7969
341.7969
327.1484
327.1484
288.0859
288.0859
297.8516
297.8516
375.9766
375.9766
395.5078
395.5078
375.9766
375.9766
405.2734
405.2734
498.0469
498.0469
576.1719
576.1719
644.5312
644.5312
742.1875
742.1875
834.9609
834.9609
805.6641
805.6641
678.7109
678.7109
561.5234
561.5234
478.5156
478.5156
336.9141
336.9141
166.0156
166.0156
43.9453
43.9453
0.0000
0.0000
0.0000
0.0000
0.0000
0.0000
0.0000
0.0000
0.0000
0.0000
0.0000
0.0000
0.0000
0.0000
0.0000
0.0000
0.0000
0.0000
0.0000
0.0000
0.0000
0.0000
0.0000
0.0000
0.0000
0.0000
0.0000
0.0000
0.0000
0.0000
0.0000
0.0000
0.0000
0.0000
0.0000
0.0000
0.0000
0.0000
0.0000
0.0000
24.4141
24.4141
39.0625
39.0625
14.6484
14.6484
48.8281
48.8281
126.9531
126.9531
166.0156
166.0156
175.7812
175.7812
224.6094
224.6094
288.0859
288.0859
292.9687
292.9687
283.2031
283.2031
327.1484
327.1484
415.0391
415.0391
454.1016
454.1016
463.8672
463.8672
483.3984
483.3984
517.5781
517.5781
483.3984
483.3984
429.6875
429.6875
444.3359
444.3359
502.9297
502.9297
512.6953
512.6953
483.3984
483.3984
512.6953
512.6953
576.1719
576.1719
620.1172
620.1172
688.4766
688.4766
810.5469
810.5469
917.9687
917.9687
893.5547
893.5547
732.4219
732.4219
551.7578
551.7578
371.0937
371.0937
166.0156
166.0156
0.0000
0.0000
0.0000
0.0000
0.0000
0.0000
0.0000
0.0000
0.0000
0.0000
0.0000
0.0000
0.0000
0.0000
0.0000
0.0000
0.0000
0.0000
0.0000
0.0000
0.0000
0.0000
0.0000
0.0000
0.0000
0.0000
0.0000
0.0000
0.0000
0.0000
0.0000
0.0000
0.0000
0.0000
0.0000
0.0000
0.0000
0.0000
0.0000
0.0000
0.0000
0.0000
0.0000
0.0000
0.0000
0.0000
0.0000
0.0000
0.0000
0.0000
0.0000
0.0000
0.0000
0.0000
0.0000
0.0000
0.0000
0.0000
0.0000
0.0000
9.7656
9.7656
29.2969
29.2969
29.2969
112.3047
112.3047
209.9609
209.9609
253.9062
253.9062
263.6719
263.6719
336.9141
336.9141
405.2734
405.2734
405.2734
405.2734
380.8594
380.8594
424.8047
424.8047
449.2187
449.2187
429.6875
429.6875
390.6250
390.6250
419.9219
419.9219
449.2187
449.2187
444.3359
444.3359
415.0391
415.0391
483.3984
483.3984
600.5859
600.5859
717.7734
717.7734
815.4297
815.4297
922.8516
922.8516
932.6172
932.6172
820.3125
820.3125
639.6484
639.6484
517.5781
517.5781
395.5078
395.5078
239.2578
239.2578
63.4766
63.4766
0.0000
0.0000
0.0000
0.0000
0.0000
0.0000
0.0000
0.0000
0.0000
0.0000
0.0000
0.0000
0.0000
0.0000
0.0000
0.0000
0.0000
0.0000
0.0000
0.0000
0.0000
0.0000
0.0000
0.0000
0.0000
0.0000
0.0000
0.0000
0.0000
0.0000
0.0000
0.0000
0.0000
0.0000
0.0000
0.0000
0.0000
0.0000
0.0000
0.0000
0.0000
0.0000
0.0000
0.0000
0.0000
0.0000
0.0000
0.0000
0.0000
0.0000
39.0625
39.0625
34.1797
34.1797
0.0000
0.0000
53.7109
53.7109
107.4219
107.4219
141.6016
141.6016
175.7812
175.7812
273.4375
273.4375
312.5000
312.5000
292.9687
292.9687
258.7891
258.7891
307.6172
307.6172
341.7969
341.7969
366.2109
366.2109
375.9766
375.9766
434.5703
434.5703
454.1016
454.1016
439.4531
439.4531
419.9219
419.9219
493.1641
493.1641
556.6406
556.6406
600.5859
600.5859
664.0625
664.0625
825.1953
825.1953
961.9141
961.9141
1005.8594
1005.8594
952.1484
952.1484
854.4922
854.4922
620.1172
620.1172
302.7344
302.7344
0.0000
0.0000
0.0000
0.0000
0.0000
0.0000
0.0000
0.0000
0.0000
0.0000
0.0000
0.0000
0.0000
0.0000
0.0000
0.0000
0.0000
0.0000
0.0000
0.0000
0.0000
0.0000
0.0000
0.0000
0.0000
0.0000
0.0000
0.0000
0.0000
0.0000
0.0000
0.0000
0.0000
0.0000
0.0000
0.0000
0.0000
0.0000
0.0000
0.0000
0.0000
0.0000
0.0000
0.0000
0.0000
0.0000
0.0000
0.0000
0.0000
0.0000
0.0000
0.0000
19.5312
19.5312
0.0000
0.0000
0.0000
0.0000
39.0625
39.0625
48.8281
48.8281
39.0625
39.0625
48.8281
48.8281
136.7187
136.7187
170.8984
170.8984
175.7812
175.7812
175.7812
175.7812
244.1406
244.1406
273.4375
273.4375
278.3203
278.3203
288.0859
288.0859
371.0937
371.0937
390.6250
390.6250
351.5625
351.5625
317.3828
317.3828
346.6797
346.6797
336.9141
336.9141
302.7344
302.7344
302.7344
302.7344
371.0937
371.0937
385.7422
385.7422
380.8594
380.8594
424.8047
424.8047
561.5234
561.5234
688.4766
688.4766
800.7812
800.7812
874.0234
874.0234
922.8516
922.8516
839.8437
839.8437
654.2969
654.2969
449.2187
449.2187
292.9687
292.9687
92.7734
92.7734
0.0000
0.0000
0.0000
0.0000
0.0000
0.0000
0.0000
0.0000
0.0000
0.0000
0.0000
0.0000
0.0000
0.0000
0.0000
0.0000
0.0000
0.0000
0.0000
0.0000
0.0000
0.0000
0.0000
0.0000
0.0000
0.0000
0.0000
0.0000
0.0000
0.0000
0.0000
0.0000
0.0000
0.0000
0.0000
0.0000
0.0000
0.0000
0.0000
0.0000
0.0000
0.0000
0.0000
0.0000
0.0000
0.0000
0.0000
0.0000
0.0000
0.0000
0.0000
0.0000
14.6484
14.6484
24.4141
24.4141
9.7656
9.7656
43.9453
43.9453
131.8359
131.8359
166.0156
166.0156
175.7812
175.7812
219.7266
219.7266
312.5000
312.5000
341.7969
341.7969
346.6797
346.6797
405.2734
405.2734
488.2812
488.2812
502.9297
502.9297
483.3984
483.3984
493.1641
493.1641
541.9922
541.9922
537.1094
537.1094
512.6953
512.6953
537.1094
537.1094
590.8203
590.8203
610.3516
610.3516
625.0000
625.0000
717.7734
717.7734
874.0234
874.0234
966.7969
966.7969
971.6797
971.6797
927.7344
927.7344
830.0781
830.0781
634.7656
634.7656
415.0391
415.0391
283.2031
283.2031
190.4297
190.4297
48.8281
48.8281
0.0000
0.0000
0.0000
0.0000
0.0000
0.0000
0.0000
0.0000
0.0000
0.0000
0.0000
0.0000
0.0000
0.0000
0.0000
0.0000
0.0000
0.0000
0.0000
0.0000
0.0000
0.0000
0.0000
0.0000
0.0000
0.0000
0.0000
0.0000
0.0000
0.0000
0.0000
0.0000
0.0000
0.0000
0.0000
0.0000
0.0000
0.0000
0.0000
0.0000
0.0000
0.0000
0.0000
0.0000
0.0000
0.0000
0.0000
0.0000
0.0000
0.0000
0.0000
0.0000
29.2969
29.2969
19.5312
19.5312
14.6484
14.6484
117.1875
117.1875
249.0234
249.0234
297.8516
297.8516
307.6172
307.6172
361.3281
361.3281
410.1562
410.1562
405.2734
405.2734
380.8594
380.8594
419.9219
419.9219
463.8672
463.8672
449.2187
449.2187
405.2734
405.2734
415.0391
415.0391
419.9219
419.9219
390.6250
390.6250
351.5625
351.5625
405.2734
405.2734
483.3984
483.3984
532.2266
532.2266
571.2891
571.2891
708.0078
708.0078
874.0234
874.0234
996.0937
996.0937
1059.5703
1059.5703
1103.5156
1103.5156
1069.3359
1069.3359
898.4375
898.4375
625.0000
625.0000
375.9766
375.9766
122.0703
122.0703
0.0000
0.0000
0.0000
0.0000
0.0000
0.0000
0.0000
0.0000
0.0000
0.0000
0.0000
0.0000
0.0000
0.0000
0.0000
0.0000
0.0000
0.0000
0.0000
0.0000
0.0000
0.0000
0.0000
0.0000
0.0000
0.0000
0.0000
0.0000
0.0000
0.0000
0.0000
0.0000
0.0000
0.0000
0.0000
0.0000
0.0000
0.0000
0.0000
0.0000
0.0000
0.0000
0.0000
0.0000
0.0000
0.0000
0.0000
0.0000
0.0000
0.0000
0.0000
0.0000
39.0625
39.0625
102.5391
102.5391
141.6016
141.6016
175.7812
175.7812
263.6719
263.6719
322.2656
322.2656
341.7969
341.7969
341.7969
341.7969
415.0391
415.0391
483.3984
483.3984
507.8125
507.8125
507.8125
507.8125
566.4062
566.4062
581.0547
581.0547
537.1094
537.1094
473.6328
473.6328
493.1641
493.1641
502.9297
502.9297
478.5156
478.5156
454.1016
454.1016
517.5781
517.5781
581.0547
581.0547
664.0625
664.0625
751.9531
751.9531
869.1406
869.1406
888.6719
888.6719
761.7187
761.7187
556.6406
556.6406
424.8047
424.8047
283.2031
283.2031
156.2500
156.2500
48.8281
48.8281
24.4141
24.4141
0.0000
0.0000
0.0000
0.0000
0.0000
0.0000
0.0000
0.0000
0.0000
0.0000
0.0000
0.0000
0.0000
0.0000
0.0000
0.0000
0.0000
0.0000
0.0000
0.0000
0.0000
0.0000
0.0000
0.0000
0.0000
0.0000
0.0000
0.0000
0.0000
0.0000
0.0000
0.0000
0.0000
0.0000
0.0000
0.0000
0.0000
0.0000
0.0000
0.0000
0.0000
0.0000
0.0000
0.0000
0.0000
0.0000
0.0000
0.0000
0.0000
0.0000
0.0000
0.0000
0.0000
0.0000
0.0000
0.0000
0.0000
0.0000
0.0000
0.0000
0.0000
0.0000
97.6562
97.6562
156.2500
156.2500
180.6641
180.6641
209.9609
209.9609
317.3828
317.3828
385.7422
385.7422
415.0391
415.0391
429.6875
429.6875
502.9297
502.9297
512.6953
512.6953
488.2812
488.2812
468.7500
468.7500
532.2266
532.2266
556.6406
556.6406
556.6406
556.6406
576.1719
576.1719
703.1250
703.1250
786.1328
786.1328
781.2500
781.2500
712.8906
712.8906
634.7656
634.7656
444.3359
444.3359
175.7812
175.7812
0.0000
0.0000
0.0000
0.0000
0.0000
0.0000
0.0000
0.0000
0.0000
0.0000
0.0000
0.0000
0.0000
0.0000
0.0000
0.0000
0.0000
0.0000
0.0000
0.0000
0.0000
0.0000
0.0000
0.0000
0.0000
0.0000
0.0000
0.0000
0.0000
0.0000
0.0000
0.0000
0.0000
0.0000
0.0000
0.0000
0.0000
0.0000
0.0000
0.0000
0.0000
0.0000
0.0000
0.0000
0.0000
0.0000
9.7656
9.7656
39.0625
39.0625
102.5391
102.5391
107.4219
107.4219
87.8906
87.8906
87.8906
87.8906
170.8984
170.8984
195.3125
195.3125
180.6641
180.6641
185.5469
185.5469
253.9062
253.9062
268.5547
268.5547
268.5547
268.5547
317.3828
317.3828
424.8047
424.8047
478.5156
478.5156
498.0469
498.0469
532.2266
532.2266
620.1172
620.1172
649.4141
649.4141
634.7656
634.7656
639.6484
639.6484
678.7109
678.7109
654.2969
654.2969
600.5859
600.5859
581.0547
581.0547
615.2344
615.2344
620.1172
620.1172
644.5312
644.5312
742.1875
742.1875
878.9062
878.9062
908.2031
908.2031
830.0781
830.0781
722.6562
722.6562
620.1172
620.1172
458.9844
