0.0000
0.0000
0.0000
0.0000
0.0000
0.0000
0.0000
0.0000
0.0000
0.0000
0.0000
0.0000
0.0000
0.0000
0.0000
0.0000
0.0000
0.0000
0.0000
0.0000
0.0000
0.0000
0.0000
0.0000
0.0000
0.0000
0.0000
0.0000
0.0000
0.0000
0.0000
0.0000
0.0000
0.0000
0.0000
0.0000
0.0000
0.0000
0.0000
0.0000
0.0000
0.0000
0.0000
0.0000
0.0000
0.0000
43.9453
43.9453
126.9531
126.9531
180.6641
180.6641
273.4375
273.4375
361.3281
361.3281
380.8594
380.8594
366.2109
366.2109
385.7422
385.7422
356.4453
356.4453
278.3203
278.3203
253.9062
253.9062
278.3203
278.3203
268.5547
268.5547
234.3750
234.3750
268.5547
268.5547
283.2031
283.2031
288.0859
288.0859
361.3281
361.3281
498.0469
498.0469
571.2891
571.2891
620.1172
620.1172
727.5391
727.5391
825.1953
825.1953
903.3203
903.3203
991.2109
991.2109
1074.2187
1074.2187
1025.3906
1025.3906
869.1406
869.1406
717.7734
717.7734
527.3437
527.3437
288.0859
288.0859
92.7734
92.7734
0.0000
0.0000
0.0000
0.0000
0.0000
0.0000
0.0000
0.0000
0.0000
0.0000
0.0000
0.0000
0.0000
0.0000
0.0000
0.0000
0.0000
0.0000
0.0000
0.0000
0.0000
0.0000
0.0000
0.0000
0.0000
0.0000
0.0000
0.0000
0.0000
0.0000
0.0000
0.0000
0.0000
0.0000
0.0000
0.0000
0.0000
0.0000
0.0000
0.0000
0.0000
0.0000
78.1250
78.1250
156.2500
156.2500
170.8984
170.8984
209.9609
209.9609
268.5547
268.5547
288.0859
288.0859
283.2031
283.2031
332.0312
332.0312
346.6797
346.6797
302.7344
302.7344
297.8516
297.8516
322.2656
322.2656
312.5000
312.5000
288.0859
288.0859
341.7969
341.7969
390.6250
390.6250
410.1562
410.1562
458.9844
458.9844
546.8750
546.8750
600.5859
600.5859
629.8828
629.8828
712.8906
712.8906
786.1328
786.1328
805.6641
805.6641
834.9609
834.9609
913.0859
913.0859
952.1484
952.1484
996.0937
996.0937
1108.3984
1108.3984
1166.9922
1166.9922
1103.5156
1103.5156
952.1484
952.1484
786.1328
786.1328
541.9922
541.9922
258.7891
258.7891
58.5937
58.5937
0.0000
0.0000
0.0000
0.0000
0.0000
0.0000
0.0000
0.0000
0.0000
0.0000
0.0000
0.0000
0.0000
0.0000
0.0000
0.0000
0.0000
0.0000
0.0000
0.0000
0.0000
0.0000
0.0000
0.0000
0.0000
0.0000
0.0000
0.0000
0.0000
0.0000
0.0000
0.0000
0.0000
0.0000
0.0000
0.0000
0.0000
0.0000
0.0000
0.0000
0.0000
0.0000
0.0000
0.0000
0.0000
0.0000
0.0000
0.0000
53.7109
53.7109
73.2422
73.2422
39.0625
39.0625
24.4141
24.4141
58.5937
58.5937
53.7109
53.7109
39.0625
39.0625
97.6562
97.6562
166.0156
166.0156
185.5469
185.5469
214.8437
214.8437
278.3203
278.3203
302.7344
302.7344
302.7344
302.7344
361.3281
361.3281
395.5078
395.5078
375.9766
375.9766
346.6797
346.6797
375.9766
375.9766
366.2109
366.2109
346.6797
346.6797
385.7422
385.7422
429.6875
429.6875
434.5703
434.5703
473.6328
473.6328
620.1172
620.1172
761.7187
761.7187
810.5469
810.5469
820.3125
820.3125
722.6562
722.6562
493.1641
493.1641
224.6094
224.6094
48.8281
48.8281
0.0000
0.0000
0.0000
0.0000
0.0000
0.0000
0.0000
0.0000
0.0000
0.0000
0.0000
0.0000
0.0000
0.0000
0.0000
0.0000
0.0000
0.0000
0.0000
0.0000
0.0000
0.0000
0.0000
0.0000
0.0000
0.0000
0.0000
0.0000
0.0000
0.0000
0.0000
0.0000
0.0000
0.0000
0.0000
0.0000
0.0000
0.0000
0.0000
0.0000
0.0000
0.0000
0.0000
0.0000
0.0000
0.0000
0.0000
0.0000
63.4766
63.4766
92.7734
92.7734
87.8906
87.8906
161.1328
161.1328
229.4922
229.4922
268.5547
268.5547
317.3828
317.3828
419.9219
419.9219
463.8672
463.8672
463.8672
463.8672
512.6953
512.6953
537.1094
537.1094
498.0469
498.0469
458.9844
458.9844
463.8672
463.8672
439.4531
439.4531
400.3906
400.3906
439.4531
439.4531
498.0469
498.0469
532.2266
532.2266
590.8203
590.8203
727.5391
727.5391
825.1953
825.1953
874.0234
874.0234
971.6797
971.6797
1088.8672
1088.8672
1162.1094
1162.1094
1191.4062
1191.4062
1201.1719
1201.1719
1064.4531
1064.4531
776.3672
776.3672
468.7500
468.7500
190.4297
190.4297
0.0000
0.0000
0.0000
0.0000
0.0000
0.0000
0.0000
0.0000
0.0000
0.0000
0.0000
0.0000
0.0000
0.0000
0.0000
0.0000
0.0000
0.0000
0.0000
0.0000
0.0000
0.0000
0.0000
0.0000
0.0000
0.0000
0.0000
0.0000
0.0000
0.0000
0.0000
0.0000
0.0000
0.0000
0.0000
0.0000
0.0000
0.0000
0.0000
0.0000
0.0000
0.0000
0.0000
0.0000
0.0000
0.0000
0.0000
0.0000
68.3594
68.3594
146.4844
146.4844
205.0781
205.0781
297.8516
297.8516
336.9141
336.9141
327.1484
327.1484
351.5625
351.5625
366.2109
366.2109
312.5000
312.5000
249.0234
249.0234
244.1406
244.1406
209.9609
209.9609
156.2500
156.2500
161.1328
161.1328
195.3125
195.3125
195.3125
195.3125
205.0781
205.0781
297.8516
297.8516
371.0937
371.0937
405.2734
405.2734
473.6328
473.6328
566.4062
566.4062
610.3516
610.3516
620.1172
620.1172
688.4766
688.4766
727.5391
727.5391
747.0703
747.0703
830.0781
830.0781
937.5000
937.5000
932.6172
932.6172
800.7812
800.7812
654.2969
654.2969
454.1016
454.1016
219.7266
219.7266
43.9453
43.9453
0.0000
0.0000
0.0000
0.0000
0.0000
0.0000
0.0000
0.0000
0.0000
0.0000
0.0000
0.0000
0.0000
0.0000
0.0000
0.0000
0.0000
0.0000
0.0000
0.0000
0.0000
0.0000
0.0000
0.0000
0.0000
0.0000
0.0000
0.0000
0.0000
0.0000
0.0000
0.0000
0.0000
0.0000
0.0000
0.0000
0.0000
0.0000
0.0000
0.0000
0.0000
0.0000
58.5937
58.5937
151.3672
151.3672
180.6641
180.6641
234.3750
234.3750
283.2031
283.2031
268.5547
268.5547
229.4922
229.4922
273.4375
273.4375
273.4375
273.4375
234.3750
244.1406
244.1406
283.2031
283.2031
283.2031
283.2031
297.8516
297.8516
385.7422
385.7422
454.1016
454.1016
483.3984
483.3984
527.3437
527.3437
600.5859
600.5859
625.0000
625.0000
615.2344
615.2344
668.9453
668.9453
688.4766
688.4766
673.8281
673.8281
683.5937
683.5937
747.0703
747.0703
781.2500
781.2500
815.4297
815.4297
937.5000
937.5000
1059.5703
1059.5703
1103.5156
1103.5156
1074.2187
1074.2187
981.4453
981.4453
756.8359
756.8359
449.2187
449.2187
224.6094
224.6094
43.9453
43.9453
0.0000
0.0000
0.0000
0.0000
0.0000
0.0000
0.0000
0.0000
0.0000
0.0000
0.0000
0.0000
0.0000
0.0000
0.0000
0.0000
0.0000
0.0000
0.0000
0.0000
0.0000
0.0000
0.0000
0.0000
0.0000
0.0000
0.0000
0.0000
0.0000
0.0000
0.0000
0.0000
0.0000
0.0000
0.0000
0.0000
0.0000
0.0000
0.0000
0.0000
0.0000
0.0000
0.0000
0.0000
0.0000
0.0000
0.0000
0.0000
0.0000
0.0000
0.0000
0.0000
0.0000
0.0000
0.0000
0.0000
0.0000
0.0000
0.0000
0.0000
68.3594
68.3594
156.2500
156.2500
200.1953
200.1953
253.9062
253.9062
336.9141
336.9141
366.2109
366.2109
341.7969
341.7969
361.3281
361.3281
361.3281
361.3281
322.2656
322.2656
312.5000
312.5000
361.3281
361.3281
375.9766
375.9766
385.7422
385.7422
473.6328
473.6328
561.5234
561.5234
620.1172
620.1172
683.5937
683.5937
815.4297
815.4297
922.8516
922.8516
1015.6250
1015.6250
1127.9297
1127.9297
1152.3437
1152.3437
996.0937
996.0937
703.1250
703.1250
405.2734
405.2734
78.1250
78.1250
0.0000
0.0000
0.0000
0.0000
0.0000
0.0000
0.0000
0.0000
0.0000
0.0000
0.0000
0.0000
0.0000
0.0000
0.0000
0.0000
0.0000
0.0000
0.0000
0.0000
0.0000
0.0000
0.0000
0.0000
0.0000
0.0000
0.0000
0.0000
0.0000
0.0000
0.0000
0.0000
0.0000
0.0000
0.0000
0.0000
0.0000
0.0000
0.0000
0.0000
0.0000
0.0000
0.0000
0.0000
0.0000
0.0000
4.8828
4.8828
92.7734
92.7734
141.6016
141.6016
234.3750
234.3750
312.5000
312.5000
351.5625
351.5625
395.5078
395.5078
468.7500
468.7500
483.3984
483.3984
444.3359
444.3359
449.2187
449.2187
439.4531
439.4531
410.1562
410.1562
380.8594
380.8594
415.0391
415.0391
419.9219
419.9219
415.0391
415.0391
478.5156
478.5156
566.4062
566.4062
629.8828
629.8828
693.3594
693.3594
815.4297
815.4297
883.7891
883.7891
908.2031
908.2031
1000.9766
1000.9766
1113.2812
1113.2812
1171.8750
1171.8750
1157.2266
1157.2266
1098.6328
1098.6328
883.7891
883.7891
532.2266
532.2266
200.1953
200.1953
0.0000
0.0000
0.0000
0.0000
0.0000
0.0000
0.0000
0.0000
0.0000
0.0000
0.0000
0.0000
0.0000
0.0000
0.0000
0.0000
0.0000
0.0000
0.0000
0.0000
0.0000
0.0000
0.0000
0.0000
0.0000
0.0000
0.0000
0.0000
0.0000
0.0000
0.0000
0.0000
0.0000
0.0000
0.0000
0.0000
0.0000
0.0000
0.0000
0.0000
0.0000
0.0000
0.0000
0.0000
0.0000
0.0000
0.0000
0.0000
0.0000
0.0000
0.0000
0.0000
0.0000
0.0000
4.8828
4.8828
87.8906
87.8906
107.4219
107.4219
78.1250
78.1250
83.0078
83.0078
92.7734
92.7734
68.3594
68.3594
43.9453
43.9453
92.7734
92.7734
112.3047
112.3047
117.1875
117.1875
185.5469
185.5469
278.3203
278.3203
327.1484
327.1484
371.0937
371.0937
483.3984
483.3984
576.1719
576.1719
629.8828
629.8828
722.6562
722.6562
830.0781
830.0781
864.2578
864.2578
864.2578
864.2578
932.6172
932.6172
986.3281
986.3281
1020.5078
1020.5078
1059.5703
1059.5703
1064.4531
1064.4531
937.5000
937.5000
717.7734
717.7734
527.3437
527.3437
297.8516
297.8516
9.7656
9.7656
0.0000
0.0000
0.0000
0.0000
0.0000
0.0000
0.0000
0.0000
0.0000
0.0000
0.0000
0.0000
0.0000
0.0000
0.0000
0.0000
0.0000
0.0000
0.0000
0.0000
0.0000
0.0000
0.0000
0.0000
0.0000
0.0000
0.0000
0.0000
0.0000
0.0000
0.0000
0.0000
0.0000
0.0000
0.0000
0.0000
0.0000
0.0000
0.0000
0.0000
0.0000
0.0000
53.7109
53.7109
180.6641
180.6641
244.1406
244.1406
239.2578
239.2578
263.6719
263.6719
273.4375
273.4375
244.1406
244.1406
214.8437
214.8437
268.5547
268.5547
288.0859
288.0859
273.4375
273.4375
302.7344
302.7344
361.3281
361.3281
385.7422
385.7422
400.3906
400.3906
493.1641
493.1641
556.6406
556.6406
576.1719
576.1719
615.2344
615.2344
659.1797
659.1797
620.1172
620.1172
561.5234
561.5234
595.7031
595.7031
615.2344
615.2344
595.7031
595.7031
615.2344
615.2344
698.2422
698.2422
761.7187
761.7187
834.9609
834.9609
971.6797
971.6797
1044.9219
1044.9219
981.4453
981.4453
830.0781
830.0781
654.2969
654.2969
400.3906
400.3906
122.0703
122.0703
0.0000
0.0000
0.0000
0.0000
0.0000
0.0000
0.0000
0.0000
0.0000
0.0000
0.0000
0.0000
0.0000
0.0000
0.0000
0.0000
0.0000
0.0000
0.0000
0.0000
0.0000
0.0000
0.0000
0.0000
0.0000
0.0000
0.0000
0.0000
0.0000
0.0000
0.0000
0.0000
0.0000
0.0000
0.0000
0.0000
0.0000
0.0000
0.0000
0.0000
0.0000
0.0000
0.0000
0.0000
0.0000
0.0000
0.0000
0.0000
0.0000
0.0000
0.0000
0.0000
0.0000
0.0000
0.0000
0.0000
0.0000
0.0000
122.0703
122.0703
185.5469
185.5469
209.9609
209.9609
278.3203
278.3203
312.5000
312.5000
283.2031
283.2031
268.5547
268.5547
292.9687
292.9687
258.7891
258.7891
195.3125
195.3125
209.9609
209.9609
209.9609
209.9609
195.3125
195.3125
219.7266
219.7266
312.5000
312.5000
371.0937
371.0937
424.8047
424.8047
556.6406
556.6406
688.4766
688.4766
771.4844
771.4844
874.0234
874.0234
1044.9219
1044.9219
1157.2266
1157.2266
1171.8750
1171.8750
1132.8125
1132.8125
981.4453
981.4453
693.3594
693.3594
385.7422
385.7422
166.0156
166.0156
0.0000
0.0000
0.0000
0.0000
0.0000
0.0000
0.0000
0.0000
0.0000
0.0000
0.0000
0.0000
0.0000
0.0000
0.0000
0.0000
0.0000
0.0000
0.0000
0.0000
0.0000
0.0000
0.0000
0.0000
0.0000
0.0000
0.0000
0.0000
0.0000
0.0000
0.0000
0.0000
0.0000
0.0000
0.0000
0.0000
0.0000
0.0000
0.0000
0.0000
0.0000
0.0000
0.0000
0.0000
0.0000
0.0000
19.5312
19.5312
136.7187
136.7187
200.1953
200.1953
234.3750
234.3750
317.3828
317.3828
371.0937
371.0937
366.2109
366.2109
371.0937
371.0937
410.1562
410.1562
390.6250
390.6250
346.6797
346.6797
361.3281
361.3281
351.5625
351.5625
307.6172
307.6172
297.8516
297.8516
366.2109
366.2109
410.1562
410.1562
419.9219
419.9219
493.1641
493.1641
571.2891
571.2891
615.2344
615.2344
664.0625
664.0625
766.6016
766.6016
805.6641
805.6641
791.0156
791.0156
825.1953
825.1953
878.9062
878.9062
913.0859
913.0859
966.7969
966.7969
1074.2187
1074.2187
1079.1016
1079.1016
957.0312
957.0312
820.3125
820.3125
659.1797
659.1797
449.2187
449.2187
244.1406
244.1406
131.8359
131.8359
0.0000
0.0000
0.0000
0.0000
0.0000
0.0000
0.0000
0.0000
0.0000
0.0000
0.0000
0.0000
0.0000
0.0000
0.0000
0.0000
0.0000
0.0000
0.0000
0.0000
0.0000
0.0000
0.0000
0.0000
0.0000
0.0000
0.0000
0.0000
0.0000
0.0000
0.0000
0.0000
0.0000
0.0000
0.0000
0.0000
0.0000
0.0000
0.0000
0.0000
0.0000
0.0000
0.0000
0.0000
0.0000
0.0000
0.0000
0.0000
19.5312
19.5312
24.4141
24.4141
0.0000
0.0000
48.8281
48.8281
92.7734
92.7734
107.4219
107.4219
117.1875
117.1875
185.5469
185.5469
229.4922
229.4922
253.9062
253.9062
317.3828
317.3828
375.9766
375.9766
375.9766
375.9766
375.9766
375.9766
444.3359
444.3359
449.2187
449.2187
415.0391
415.0391
434.5703
434.5703
463.8672
463.8672
439.4531
439.4531
405.2734
405.2734
463.8672
463.8672
498.0469
498.0469
532.2266
532.2266
659.1797
659.1797
844.7266
844.7266
942.3828
942.3828
957.0312
957.0312
937.5000
937.5000
791.0156
791.0156
551.7578
551.7578
341.7969
341.7969
156.2500
156.2500
0.0000
0.0000
0.0000
0.0000
0.0000
0.0000
0.0000
0.0000
0.0000
0.0000
0.0000
0.0000
0.0000
0.0000
0.0000
0.0000
0.0000
0.0000
0.0000
0.0000
0.0000
0.0000
0.0000
0.0000
0.0000
0.0000
0.0000
0.0000
0.0000
0.0000
0.0000
0.0000
0.0000
0.0000
0.0000
0.0000
0.0000
0.0000
0.0000
0.0000
14.6484
14.6484
58.5937
58.5937
58.5937
58.5937
112.3047
112.3047
175.7812
175.7812
195.3125
195.3125
234.3750
234.3750
346.6797
346.6797
424.8047
424.8047
463.8672
463.8672
532.2266
532.2266
595.7031
595.7031
595.7031
595.7031
561.5234
561.5234
585.9375
585.9375
566.4062
566.4062
502.9297
502.9297
473.6328
473.6328
488.2812
468.7500
468.7500
468.7500
454.1016
537.1094
537.1094
590.8203
590.8203
625.0000
625.0000
698.2422
698.2422
795.8984
795.8984
849.6094
849.6094
898.4375
898.4375
1020.5078
1020.5078
1113.2812
1113.2812
1088.8672
1088.8672
986.3281
986.3281
825.1953
825.1953
541.9922
541.9922
200.1953
200.1953
0.0000
0.0000
0.0000
0.0000
0.0000
0.0000
0.0000
0.0000
0.0000
0.0000
0.0000
0.0000
0.0000
0.0000
0.0000
0.0000
0.0000
0.0000
0.0000
0.0000
0.0000
0.0000
0.0000
0.0000
0.0000
0.0000
0.0000
0.0000
0.0000
0.0000
0.0000
0.0000
0.0000
0.0000
0.0000
0.0000
0.0000
0.0000
0.0000
0.0000
0.0000
0.0000
0.0000
0.0000
0.0000
0.0000
0.0000
0.0000
14.6484
14.6484
122.0703
122.0703
175.7812
175.7812
180.6641
180.6641
219.7266
219.7266
288.0859
288.0859
307.6172
307.6172
273.4375
273.4375
292.9687
292.9687
268.5547
268.5547
190.4297
190.4297
151.3672
151.3672
161.1328
161.1328
141.6016
141.6016
117.1875
117.1875
190.4297
190.4297
239.2578
239.2578
253.9062
253.9062
307.6172
307.6172
429.6875
429.6875
502.9297
502.9297
541.9922
541.9922
639.6484
639.6484
737.3047
737.3047
820.3125
820.3125
913.0859
913.0859
996.0937
996.0937
942.3828
942.3828
756.8359
756.8359
571.2891
571.2891
356.4453
356.4453
107.4219
107.4219
0.0000
0.0000
0.0000
0.0000
0.0000
0.0000
0.0000
0.0000
0.0000
0.0000
0.0000
0.0000
0.0000
0.0000
0.0000
0.0000
0.0000
0.0000
0.0000
0.0000
0.0000
0.0000
0.0000
0.0000
0.0000
0.0000
0.0000
0.0000
0.0000
0.0000
0.0000
0.0000
0.0000
0.0000
0.0000
0.0000
0.0000
0.0000
0.0000
0.0000
0.0000
0.0000
0.0000
0.0000
0.0000
0.0000
0.0000
0.0000
0.0000
0.0000
63.4766
63.4766
175.7812
175.7812
219.7266
219.7266
209.9609
209.9609
249.0234
249.0234
249.0234
249.0234
209.9609
209.9609
200.1953
200.1953
219.7266
219.7266
195.3125
195.3125
151.3672
151.3672
209.9609
209.9609
263.6719
263.6719
283.2031
283.2031
332.0312
332.0312
444.3359
444.3359
517.5781
517.5781
566.4062
566.4062
649.4141
649.4141
727.5391
727.5391
761.7187
761.7187
800.7812
800.7812
878.9062
878.9062
913.0859
913.0859
922.8516
922.8516
1005.8594
1005.8594
1083.9844
1083.9844
1049.8047
1049.8047
922.8516
922.8516
776.3672
776.3672
532.2266
532.2266
234.3750
234.3750
0.0000
0.0000
0.0000
0.0000
0.0000
0.0000
0.0000
0.0000
0.0000
0.0000
0.0000
0.0000
0.0000
0.0000
0.0000
0.0000
0.0000
0.0000
0.0000
0.0000
0.0000
0.0000
0.0000
0.0000
0.0000
0.0000
0.0000
0.0000
0.0000
0.0000
0.0000
0.0000
0.0000
0.0000
0.0000
0.0000
0.0000
0.0000
0.0000
0.0000
0.0000
0.0000
0.0000
0.0000
0.0000
0.0000
4.8828
4.8828
0.0000
0.0000
0.0000
0.0000
0.0000
0.0000
0.0000
0.0000
0.0000
0.0000
0.0000
0.0000
0.0000
0.0000
0.0000
0.0000
29.2969
29.2969
107.4219
107.4219
141.6016
141.6016
175.7812
175.7812
268.5547
268.5547
307.6172
307.6172
322.2656
322.2656
395.5078
395.5078
463.8672
463.8672
458.9844
458.9844
439.4531
439.4531
478.5156
478.5156
483.3984
483.3984
458.9844
458.9844
498.0469
498.0469
566.4062
566.4062
595.7031
595.7031
634.7656
634.7656
791.0156
791.0156
937.5000
937.5000
1025.3906
1025.3906
1064.4531
1064.4531
1025.3906
1025.3906
820.3125
820.3125
537.1094
537.1094
307.6172
307.6172
63.4766
63.4766
0.0000
0.0000
0.0000
0.0000
0.0000
0.0000
0.0000
0.0000
0.0000
0.0000
0.0000
0.0000
0.0000
0.0000
0.0000
0.0000
0.0000
0.0000
0.0000
0.0000
0.0000
0.0000
0.0000
0.0000
0.0000
0.0000
0.0000
0.0000
0.0000
0.0000
0.0000
0.0000
0.0000
0.0000
0.0000
0.0000
0.0000
0.0000
0.0000
0.0000
0.0000
0.0000
0.0000
0.0000
0.0000
0.0000
0.0000
0.0000
58.5937
58.5937
83.0078
83.0078
156.2500
156.2500
234.3750
234.3750
273.4375
273.4375
317.3828
317.3828
424.8047
424.8047
478.5156
478.5156
473.6328
473.6328
493.1641
493.1641
498.0469
498.0469
454.1016
454.1016
400.3906
400.3906
415.0391
415.0391
390.6250
390.6250
336.9141
336.9141
341.7969
341.7969
375.9766
375.9766
375.9766
375.9766
380.8594
380.8594
478.5156
478.5156
551.7578
551.7578
585.9375
585.9375
659.1797
659.1797
771.4844
771.4844
864.2578
864.2578
942.3828
942.3828
1044.9219
1044.9219
1025.3906
1025.3906
854.4922
854.4922
625.0000
625.0000
375.9766
375.9766
73.2422
73.2422
0.0000
0.0000
0.0000
0.0000
0.0000
0.0000
0.0000
0.0000
0.0000
0.0000
0.0000
0.0000
0.0000
0.0000
0.0000
0.0000
0.0000
0.0000
0.0000
0.0000
0.0000
0.0000
0.0000
0.0000
0.0000
0.0000
0.0000
0.0000
0.0000
0.0000
0.0000
0.0000
0.0000
0.0000
0.0000
0.0000
0.0000
0.0000
0.0000
0.0000
0.0000
0.0000
0.0000
0.0000
0.0000
0.0000
24.4141
24.4141
102.5391
102.5391
156.2500
156.2500
268.5547
268.5547
317.3828
317.3828
312.5000
312.5000
351.5625
351.5625
400.3906
400.3906
385.7422
385.7422
351.5625
351.5625
380.8594
380.8594
361.3281
361.3281
302.7344
302.7344
292.9687
292.9687
317.3828
317.3828
302.7344
302.7344
297.8516
297.8516
380.8594
380.8594
458.9844
458.9844
507.8125
507.8125
571.2891
571.2891
678.7109
678.7109
732.4219
732.4219
756.8359
756.8359
834.9609
834.9609
869.1406
869.1406
830.0781
830.0781
810.5469
810.5469
859.3750
859.3750
898.4375
898.4375
898.4375
898.4375
908.2031
908.2031
815.4297
815.4297
605.4687
605.4687
380.8594
380.8594
224.6094
224.6094
24.4141
24.4141
0.0000
0.0000
0.0000
0.0000
0.0000
0.0000
0.0000
0.0000
0.0000
0.0000
0.0000
0.0000
0.0000
0.0000
0.0000
0.0000
0.0000
0.0000
0.0000
0.0000
0.0000
0.0000
0.0000
0.0000
0.0000
0.0000
0.0000
0.0000
0.0000
0.0000
0.0000
0.0000
0.0000
0.0000
0.0000
0.0000
0.0000
0.0000
0.0000
0.0000
0.0000
0.0000
39.0625
39.0625
117.1875
117.1875
195.3125
195.3125
190.4297
190.4297
161.1328
161.1328
200.1953
200.1953
195.3125
195.3125
156.2500
156.2500
151.3672
151.3672
185.5469
185.5469
180.6641
180.6641
170.8984
170.8984
244.1406
244.1406
302.7344
302.7344
317.3828
317.3828
361.3281
361.3281
458.9844
458.9844
483.3984
483.3984
458.9844
458.9844
488.2812
488.2812
493.1641
493.1641
458.9844
458.9844
444.3359
444.3359
493.1641
493.1641
507.8125
507.8125
507.8125
507.8125
590.8203
590.8203
708.0078
708.0078
830.0781
830.0781
947.2656
947.2656
1049.8047
1049.8047
1005.8594
1005.8594
834.9609
834.9609
659.1797
659.1797
473.6328
473.6328
258.7891
258.7891
34.1797
34.1797
0.0000
0.0000
0.0000
0.0000
0.0000
0.0000
0.0000
0.0000
0.0000
0.0000
0.0000
0.0000
0.0000
0.0000
0.0000
0.0000
0.0000
0.0000
0.0000
0.0000
0.0000
0.0000
0.0000
0.0000
0.0000
0.0000
0.0000
0.0000
0.0000
0.0000
0.0000
0.0000
0.0000
0.0000
0.0000
0.0000
0.0000
0.0000
0.0000
0.0000
0.0000
0.0000
0.0000
0.0000
0.0000
0.0000
0.0000
0.0000
0.0000
0.0000
0.0000
0.0000
0.0000
0.0000
0.0000
0.0000
92.7734
92.7734
180.6641
180.6641
209.9609
209.9609
224.6094
224.6094
283.2031
283.2031
288.0859
288.0859
253.9062
253.9062
273.4375
273.4375
278.3203
278.3203
249.0234
249.0234
224.6094
224.6094
263.6719
263.6719
268.5547
268.5547
273.4375
273.4375
356.4453
356.4453
468.7500
468.7500
551.7578
551.7578
620.1172
620.1172
771.4844
771.4844
908.2031
908.2031
1035.1562
1035.1562
1157.2266
1157.2266
1215.8203
1215.8203
1123.0469
1123.0469
908.2031
908.2031
678.7109
678.7109
390.6250
390.6250
73.2422
73.2422
0.0000
0.0000
0.0000
0.0000
0.0000
0.0000
0.0000
0.0000
0.0000
0.0000
0.0000
0.0000
0.0000
0.0000
0.0000
0.0000
0.0000
0.0000
0.0000
0.0000
0.0000
0.0000
0.0000
0.0000
0.0000
0.0000
0.0000
0.0000
0.0000
0.0000
0.0000
0.0000
0.0000
0.0000
0.0000
0.0000
0.0000
0.0000
0.0000
0.0000
0.0000
0.0000
0.0000
0.0000
0.0000
0.0000
73.2422
73.2422
126.9531
126.9531
244.1406
244.1406
341.7969
341.7969
400.3906
400.3906
444.3359
444.3359
537.1094
537.1094
566.4062
566.4062
537.1094
537.1094
537.1094
527.3437
527.3437
527.3437
463.8672
463.8672
400.3906
400.3906
415.0391
415.0391
395.5078
395.5078
351.5625
351.5625
375.9766
375.9766
419.9219
419.9219
458.9844
458.9844
498.0469
605.4687
605.4687
605.4687
678.7109
678.7109
722.6562
722.6562
795.8984
795.8984
878.9062
878.9062
903.3203
903.3203
913.0859
913.0859
996.0937
996.0937
1064.4531
1083.9844
1083.9844
1088.8672
1088.8672
1049.8047
1049.8047
888.6719
888.6719
654.2969
654.2969
478.5156
478.5156
312.5000
312.5000
122.0703
122.0703
0.0000
0.0000
0.0000
0.0000
0.0000
0.0000
0.0000
0.0000
0.0000
0.0000
0.0000
0.0000
0.0000
0.0000
0.0000
0.0000
0.0000
0.0000
0.0000
0.0000
0.0000
0.0000
0.0000
0.0000
0.0000
0.0000
0.0000
0.0000
0.0000
0.0000
0.0000
0.0000
0.0000
0.0000
0.0000
0.0000
0.0000
0.0000
0.0000
0.0000
0.0000
0.0000
0.0000
0.0000
0.0000
0.0000
4.8828
4.8828
0.0000
0.0000
14.6484
14.6484
53.7109
53.7109
39.0625
39.0625
14.6484
14.6484
63.4766
63.4766
78.1250
78.1250
68.3594
68.3594
97.6562
97.6562
180.6641
180.6641
224.6094
224.6094
249.0234
249.0234
327.1484
327.1484
366.2109
366.2109
366.2109
366.2109
390.6250
390.6250
434.5703
434.5703
424.8047
424.8047
390.6250
390.6250
415.0391
415.0391
424.8047
424.8047
400.3906
400.3906
410.1562
410.1562
502.9297
502.9297
590.8203
590.8203
683.5937
683.5937
815.4297
815.4297
854.4922
854.4922
766.6016
766.6016
615.2344
615.2344
488.2812
488.2812
327.1484
327.1484
136.7187
136.7187
0.0000
0.0000
0.0000
0.0000
0.0000
0.0000
0.0000
0.0000
0.0000
0.0000
0.0000
0.0000
0.0000
0.0000
0.0000
0.0000
0.0000
0.0000
0.0000
0.0000
0.0000
0.0000
0.0000
0.0000
0.0000
0.0000
0.0000
0.0000
0.0000
0.0000
0.0000
0.0000
0.0000
0.0000
0.0000
0.0000
4.8828
4.8828
83.0078
83.0078
107.4219
107.4219
156.2500
156.2500
214.8437
214.8437
224.6094
224.6094
219.7266
219.7266
283.2031
283.2031
327.1484
327.1484
361.3281
361.3281
429.6875
429.6875
522.4609
522.4609
561.5234
561.5234
576.1719
576.1719
644.5312
644.5312
664.0625
664.0625
639.6484
639.6484
629.8828
629.8828
654.2969
654.2969
620.1172
620.1172
551.7578
551.7578
566.4062
566.4062
576.1719
576.1719
551.7578
551.7578
561.5234
561.5234
629.8828
629.8828
654.2969
654.2969
654.2969
654.2969
722.6562
722.6562
786.1328
786.1328
830.0781
830.0781
903.3203
903.3203
1054.6875
1054.6875
1132.8125
1132.8125
1083.9844
1083.9844
986.3281
986.3281
820.3125
820.3125
585.9375
585.9375
351.5625
351.5625
200.1953
200.1953
0.0000
0.0000
0.0000
0.0000
0.0000
0.0000
0.0000
0.0000
0.0000
0.0000
0.0000
0.0000
0.0000
0.0000
0.0000
0.0000
0.0000
0.0000
0.0000
0.0000
0.0000
0.0000
0.0000
0.0000
0.0000
0.0000
0.0000
0.0000
0.0000
0.0000
0.0000
0.0000
0.0000
0.0000
0.0000
0.0000
0.0000
0.0000
0.0000
0.0000
0.0000
0.0000
0.0000
0.0000
0.0000
0.0000
0.0000
0.0000
0.0000
0.0000
24.4141
24.4141
48.8281
48.8281
131.8359
131.8359
190.4297
190.4297
195.3125
195.3125
185.5469
185.5469
209.9609
209.9609
180.6641
180.6641
122.0703
122.0703
126.9531
126.9531
136.7187
136.7187
97.6562
97.6562
68.3594
68.3594
102.5391
102.5391
112.3047
112.3047
117.1875
117.1875
195.3125
195.3125
292.9687
292.9687
356.4453
356.4453
405.2734
405.2734
517.5781
517.5781
590.8203
590.8203
625.0000
625.0000
688.4766
688.4766
791.0156
791.0156
859.3750
859.3750
903.3203
903.3203
932.6172
932.6172
820.3125
820.3125
590.8203
590.8203
356.4453
356.4453
146.4844
146.4844
0.0000
0.0000
0.0000
0.0000
0.0000
0.0000
0.0000
0.0000
0.0000
0.0000
0.0000
0.0000
0.0000
0.0000
0.0000
0.0000
0.0000
0.0000
0.0000
0.0000
0.0000
0.0000
0.0000
0.0000
0.0000
0.0000
0.0000
0.0000
0.0000
0.0000
0.0000
0.0000
0.0000
0.0000
0.0000
0.0000
0.0000
0.0000
0.0000
0.0000
0.0000
0.0000
0.0000
0.0000
0.0000
0.0000
0.0000
0.0000
4.8828
4.8828
39.0625
39.0625
48.8281
48.8281
107.4219
107.4219
107.4219
107.4219
63.4766
63.4766
78.1250
78.1250
97.6562
97.6562
78.1250
78.1250
58.5937
58.5937
131.8359
131.8359
180.6641
180.6641
205.0781
205.0781
273.4375
273.4375
341.7969
341.7969
366.2109
366.2109
400.3906
400.3906
512.6953
512.6953
576.1719
576.1719
576.1719
576.1719
590.8203
590.8203
620.1172
620.1172
605.4687
605.4687
581.0547
581.0547
629.8828
629.8828
664.0625
664.0625
668.9453
668.9453
732.4219
732.4219
869.1406
869.1406
991.2109
991.2109
1069.3359
1069.3359
1127.9297
1127.9297
1069.3359
1069.3359
883.7891
883.7891
659.1797
659.1797
439.4531
439.4531
156.2500
156.2500
0.0000
0.0000
0.0000
0.0000
0.0000
0.0000
0.0000
0.0000
0.0000
0.0000
0.0000
0.0000
0.0000
0.0000
0.0000
0.0000
0.0000
0.0000
0.0000
0.0000
0.0000
0.0000
0.0000
0.0000
0.0000
0.0000
0.0000
0.0000
0.0000
0.0000
0.0000
0.0000
0.0000
0.0000
0.0000
0.0000
0.0000
0.0000
0.0000
0.0000
0.0000
0.0000
0.0000
0.0000
0.0000
0.0000
0.0000
0.0000
0.0000
0.0000
0.0000
0.0000
78.1250
78.1250
136.7187
136.7187
156.2500
156.2500
209.9609
209.9609
283.2031
283.2031
302.7344
302.7344
292.9687
292.9687
341.7969
341.7969
327.1484
327.1484
273.4375
273.4375
249.0234
249.0234
263.6719
263.6719
244.1406
244.1406
224.6094
224.6094
278.3203
278.3203
312.5000
312.5000
322.2656
322.2656
390.6250
390.6250
517.5781
517.5781
600.5859
600.5859
659.1797
659.1797
791.0156
791.0156
927.7344
927.7344
1030.2734
1030.2734
1127.9297
1127.9297
1201.1719
1201.1719
1113.2812
1113.2812
869.1406
869.1406
600.5859
600.5859
283.2031
283.2031
0.0000
0.0000
0.0000
0.0000
0.0000
0.0000
0.0000
0.0000
0.0000
0.0000
0.0000
0.0000
0.0000
0.0000
0.0000
0.0000
0.0000
0.0000
0.0000
0.0000
0.0000
0.0000
0.0000
0.0000
0.0000
0.0000
0.0000
0.0000
0.0000
0.0000
0.0000
0.0000
0.0000
0.0000
0.0000
0.0000
0.0000
0.0000
0.0000
0.0000
0.0000
0.0000
0.0000
0.0000
0.0000
0.0000
39.0625
39.0625
146.4844
146.4844
214.8437
214.8437
312.5000
312.5000
419.9219
419.9219
444.3359
444.3359
429.6875
429.6875
478.5156
478.5156
478.5156
478.5156
429.6875
429.6875
395.5078
395.5078
385.7422
385.7422
327.1484
327.1484
258.7891
258.7891
278.3203
278.3203
278.3203
278.3203
253.9062
253.9062
273.4375
273.4375
351.5625
351.5625
390.6250
390.6250
410.1562
410.1562
483.3984
483.3984
551.7578
551.7578
590.8203
590.8203
639.6484
639.6484
722.6562
722.6562
751.9531
751.9531
756.8359
756.8359
834.9609
834.9609
922.8516
922.8516
952.1484
952.1484
917.9687
917.9687
849.6094
849.6094
659.1797
659.1797
390.6250
390.6250
209.9609
209.9609
63.4766
63.4766
0.0000
0.0000
0.0000
0.0000
0.0000
0.0000
0.0000
0.0000
0.0000
0.0000
0.0000
0.0000
0.0000
0.0000
0.0000
0.0000
0.0000
0.0000
0.0000
0.0000
0.0000
0.0000
0.0000
0.0000
0.0000
0.0000
0.0000
0.0000
0.0000
0.0000
0.0000
0.0000
0.0000
0.0000
0.0000
0.0000
0.0000
0.0000
0.0000
0.0000
0.0000
0.0000
9.7656
9.7656
48.8281
48.8281
131.8359
131.8359
156.2500
156.2500
107.4219
107.4219
78.1250
78.1250
97.6562
97.6562
68.3594
68.3594
24.4141
24.4141
68.3594
68.3594
102.5391
102.5391
112.3047
112.3047
146.4844
146.4844
239.2578
239.2578
288.0859
288.0859
307.6172
307.6172
385.7422
385.7422
449.2187
449.2187
439.4531
439.4531
419.9219
419.9219
439.4531
439.4531
405.2734
405.2734
351.5625
351.5625
380.8594
380.8594
439.4531
439.4531
454.1016
454.1016
483.3984
483.3984
595.7031
595.7031
703.1250
703.1250
825.1953
825.1953
981.4453
981.4453
1083.9844
1083.9844
1040.0391
1040.0391
917.9687
917.9687
786.1328
786.1328
571.2891
571.2891
268.5547
268.5547
0.0000
0.0000
0.0000
0.0000
0.0000
0.0000
0.0000
0.0000
0.0000
0.0000
0.0000
0.0000
0.0000
0.0000
0.0000
0.0000
0.0000
0.0000
0.0000
0.0000
0.0000
0.0000
0.0000
0.0000
0.0000
0.0000
0.0000
0.0000
0.0000
0.0000
0.0000
0.0000
0.0000
0.0000
0.0000
0.0000
0.0000
0.0000
0.0000
0.0000
0.0000
0.0000
0.0000
0.0000
0.0000
0.0000
0.0000
0.0000
0.0000
0.0000
63.4766
63.4766
126.9531
126.9531
161.1328
161.1328
209.9609
209.9609
317.3828
317.3828
371.0937
371.0937
375.9766
375.9766
419.9219
419.9219
444.3359
444.3359
405.2734
356.4453
356.4453
356.4453
375.9766
375.9766
361.3281
361.3281
317.3828
317.3828
346.6797
346.6797
385.7422
385.7422
385.7422
385.7422
385.7422
385.7422
473.6328
473.6328
561.5234
620.1172
620.1172
620.1172
742.1875
742.1875
908.2031
908.2031
1030.2734
1030.2734
1088.8672
1088.8672
1118.1641
1118.1641
1000.9766
1000.9766
742.1875
742.1875
473.6328
473.6328
234.3750
0.0000
0.0000
0.0000
0.0000
0.0000
0.0000
0.0000
0.0000
0.0000
0.0000
0.0000
0.0000
0.0000
0.0000
0.0000
0.0000
0.0000
0.0000
0.0000
0.0000
0.0000
0.0000
0.0000
0.0000
0.0000
0.0000
0.0000
0.0000
0.0000
0.0000
0.0000
0.0000
0.0000
0.0000
0.0000
0.0000
0.0000
0.0000
0.0000
0.0000
0.0000
0.0000
0.0000
0.0000
0.0000
0.0000
0.0000
0.0000
9.7656
9.7656
73.2422
73.2422
131.8359
131.8359
244.1406
244.1406
292.9687
292.9687
297.8516
297.8516
356.4453
356.4453
410.1562
410.1562
405.2734
405.2734
375.9766
375.9766
385.7422
385.7422
341.7969
341.7969
258.7891
258.7891
249.0234
249.0234
283.2031
283.2031
278.3203
278.3203
258.7891
258.7891
327.1484
327.1484
366.2109
366.2109
380.8594
380.8594
454.1016
454.1016
561.5234
561.5234
610.3516
610.3516
644.5312
644.5312
737.3047
737.3047
795.8984
795.8984
825.1953
825.1953
908.2031
908.2031
1044.9219
1044.9219
1083.9844
1083.9844
1005.8594
1005.8594
883.7891
883.7891
664.0625
664.0625
361.3281
361.3281
87.8906
87.8906
0.0000
0.0000
0.0000
0.0000
0.0000
0.0000
0.0000
0.0000
0.0000
0.0000
0.0000
0.0000
0.0000
0.0000
0.0000
0.0000
0.0000
0.0000
0.0000
0.0000
0.0000
0.0000
0.0000
0.0000
0.0000
0.0000
0.0000
0.0000
0.0000
0.0000
0.0000
0.0000
0.0000
0.0000
0.0000
0.0000
0.0000
0.0000
0.0000
0.0000
0.0000
0.0000
0.0000
0.0000
0.0000
0.0000
39.0625
39.0625
146.4844
146.4844
229.4922
229.4922
229.4922
229.4922
195.3125
195.3125
224.6094
224.6094
219.7266
219.7266
170.8984
170.8984
156.2500
156.2500
175.7812
175.7812
156.2500
156.2500
136.7187
136.7187
200.1953
200.1953
253.9062
253.9062
283.2031
283.2031
346.6797
346.6797
449.2187
449.2187
498.0469
498.0469
517.5781
517.5781
595.7031
595.7031
644.5312
644.5312
644.5312
644.5312
654.2969
654.2969
693.3594
693.3594
688.4766
688.4766
683.5937
683.5937
766.6016
766.6016
854.4922
854.4922
859.3750
859.3750
791.0156
791.0156
688.4766
688.4766
488.2812
488.2812
249.0234
249.0234
107.4219
107.4219
0.0000
0.0000
0.0000
0.0000
0.0000
0.0000
0.0000
0.0000
0.0000
0.0000
0.0000
0.0000
0.0000
0.0000
0.0000
0.0000
0.0000
0.0000
0.0000
0.0000
0.0000
0.0000
0.0000
0.0000
0.0000
0.0000
0.0000
0.0000
0.0000
0.0000
0.0000
0.0000
0.0000
0.0000
0.0000
0.0000
0.0000
0.0000
0.0000
0.0000
0.0000
0.0000
14.6484
14.6484
58.5937
58.5937
73.2422
73.2422
141.6016
141.6016
161.1328
161.1328
131.8359
131.8359
146.4844
146.4844
180.6641
180.6641
190.4297
190.4297
205.0781
205.0781
307.6172
307.6172
380.8594
380.8594
405.2734
405.2734
434.5703
434.5703
493.1641
493.1641
493.1641
493.1641
468.7500
468.7500
498.0469
498.0469
488.2812
488.2812
419.9219
419.9219
361.3281
361.3281
361.3281
361.3281
327.1484
327.1484
292.9687
292.9687
346.6797
346.6797
400.3906
400.3906
419.9219
419.9219
463.8672
463.8672
576.1719
576.1719
649.4141
649.4141
708.0078
708.0078
844.7266
844.7266
996.0937
996.0937
1083.9844
1083.9844
1103.5156
1103.5156
1069.3359
1069.3359
883.7891
883.7891
600.5859
600.5859
366.2109
366.2109
166.0156
166.0156
0.0000
0.0000
0.0000
0.0000
0.0000
0.0000
0.0000
0.0000
0.0000
0.0000
0.0000
0.0000
0.0000
0.0000
0.0000
0.0000
0.0000
0.0000
0.0000
0.0000
0.0000
0.0000
0.0000
0.0000
0.0000
0.0000
0.0000
0.0000
0.0000
0.0000
0.0000
0.0000
0.0000
0.0000
0.0000
0.0000
0.0000
0.0000
0.0000
0.0000
0.0000
0.0000
0.0000
0.0000
0.0000
0.0000
0.0000
0.0000
0.0000
0.0000
4.8828
4.8828
83.0078
83.0078
200.1953
200.1953
253.9062
253.9062
273.4375
273.4375
336.9141
336.9141
375.9766
375.9766
341.7969
341.7969
307.6172
307.6172
332.0312
332.0312
302.7344
302.7344
239.2578
239.2578
249.0234
249.0234
253.9062
253.9062
234.3750
234.3750
249.0234
249.0234
351.5625
351.5625
424.8047
424.8047
463.8672
463.8672
561.5234
561.5234
678.7109
678.7109
742.1875
742.1875
791.0156
791.0156
903.3203
903.3203
981.4453
981.4453
1025.3906
1025.3906
1093.7500
1093.7500
1113.2812
1113.2812
981.4453
981.4453
751.9531
751.9531
537.1094
537.1094
283.2031
283.2031
9.7656
9.7656
0.0000
0.0000
0.0000
0.0000
0.0000
0.0000
0.0000
0.0000
0.0000
0.0000
0.0000
0.0000
0.0000
0.0000
0.0000
0.0000
0.0000
0.0000
0.0000
0.0000
0.0000
0.0000
0.0000
0.0000
0.0000
0.0000
0.0000
0.0000
0.0000
0.0000
0.0000
0.0000
0.0000
0.0000
0.0000
0.0000
0.0000
0.0000
0.0000
0.0000
0.0000
0.0000
4.8828
4.8828
136.7187
136.7187
200.1953
200.1953
205.0781
205.0781
244.1406
244.1406
278.3203
278.3203
249.0234
249.0234
214.8437
214.8437
224.6094
224.6094
180.6641
180.6641
126.9531
126.9531
136.7187
136.7187
175.7812
175.7812
190.4297
190.4297
214.8437
214.8437
307.6172
307.6172
346.6797
346.6797
351.5625
351.5625
405.2734
405.2734
488.2812
488.2812
517.5781
517.5781
517.5781
517.5781
561.5234
561.5234
561.5234
561.5234
532.2266
532.2266
556.6406
556.6406
634.7656
634.7656
688.4766
688.4766
781.2500
781.2500
947.2656
947.2656
1049.8047
1049.8047
1030.2734
1030.2734
942.3828
942.3828
805.6641
805.6641
551.7578
551.7578
258.7891
258.7891
39.0625
39.0625
0.0000
0.0000
0.0000
0.0000
0.0000
0.0000
0.0000
0.0000
0.0000
0.0000
0.0000
0.0000
0.0000
0.0000
0.0000
0.0000
0.0000
0.0000
0.0000
0.0000
0.0000
0.0000
0.0000
0.0000
0.0000
0.0000
0.0000
0.0000
0.0000
0.0000
0.0000
0.0000
0.0000
0.0000
0.0000
0.0000
0.0000
0.0000
0.0000
0.0000
0.0000
0.0000
34.1797
34.1797
34.1797
34.1797
43.9453
43.9453
126.9531
126.9531
166.0156
166.0156
175.7812
175.7812
234.3750
234.3750
307.6172
307.6172
332.0312
332.0312
356.4453
356.4453
473.6328
473.6328
541.9922
541.9922
556.6406
556.6406
581.0547
581.0547
620.1172
620.1172
585.9375
585.9375
532.2266
532.2266
556.6406
556.6406
546.8750
546.8750
502.9297
502.9297
512.6953
512.6953
556.6406
556.6406
571.2891
571.2891
581.0547
581.0547
698.2422
698.2422
795.8984
795.8984
869.1406
869.1406
986.3281
986.3281
1152.3437
1152.3437
1269.5312
1269.5312
1303.7109
1303.7109
1318.3594
1318.3594
1206.0547
1206.0547
947.2656
947.2656
634.7656
634.7656
351.5625
351.5625
39.0625
39.0625
0.0000
0.0000
0.0000
0.0000
0.0000
0.0000
0.0000
0.0000
0.0000
0.0000
0.0000
0.0000
0.0000
0.0000
0.0000
0.0000
0.0000
0.0000
0.0000
0.0000
0.0000
0.0000
0.0000
0.0000
0.0000
0.0000
0.0000
0.0000
0.0000
0.0000
0.0000
0.0000
0.0000
0.0000
0.0000
0.0000
0.0000
0.0000
0.0000
0.0000
0.0000
0.0000
0.0000
0.0000
0.0000
0.0000
0.0000
0.0000
0.0000
0.0000
0.0000
0.0000
87.8906
87.8906
156.2500
156.2500
161.1328
161.1328
185.5469
185.5469
229.4922
229.4922
214.8437
214.8437
175.7812
175.7812
195.3125
195.3125
185.5469
185.5469
136.7187
136.7187
117.1875
117.1875
161.1328
161.1328
170.8984
170.8984
175.7812
175.7812
268.5547
268.5547
346.6797
346.6797
390.6250
390.6250
449.2187
449.2187
556.6406
556.6406
610.3516
610.3516
644.5312
644.5312
766.6016
766.6016
913.0859
913.0859
1010.7422
1010.7422
1054.6875
1054.6875
1044.9219
1044.9219
874.0234
874.0234
595.7031
595.7031
371.0937
371.0937
151.3672
151.3672
0.0000
0.0000
0.0000
0.0000
0.0000
0.0000
0.0000
0.0000
0.0000
0.0000
0.0000
0.0000
0.0000
0.0000
0.0000
0.0000
0.0000
0.0000
0.0000
0.0000
0.0000
0.0000
0.0000
0.0000
0.0000
0.0000
0.0000
0.0000
0.0000
0.0000
0.0000
0.0000
0.0000
0.0000
0.0000
0.0000
0.0000
0.0000
0.0000
0.0000
0.0000
0.0000
0.0000
0.0000
9.7656
9.7656
136.7187
136.7187
224.6094
224.6094
273.4375
273.4375
317.3828
317.3828
385.7422
385.7422
375.9766
375.9766
322.2656
322.2656
317.3828
317.3828
302.7344
302.7344
258.7891
258.7891
244.1406
244.1406
263.6719
263.6719
253.9062
253.9062
229.4922
229.4922
288.0859
288.0859
356.4453
410.1562
410.1562
478.5156
478.5156
605.4687
605.4687
668.9453
668.9453
668.9453
688.4766
688.4766
756.8359
756.8359
805.6641
805.6641
805.6641
805.6641
805.6641
805.6641
869.1406
869.1406
903.3203
903.3203
932.6172
1015.6250
1015.6250
1049.8047
1049.8047
1049.8047
937.5000
937.5000
727.5391
727.5391
517.5781
517.5781
253.9062
253.9062
0.0000
0.0000
0.0000
0.0000
0.0000
0.0000
0.0000
0.0000
0.0000
0.0000
0.0000
0.0000
0.0000
0.0000
0.0000
0.0000
0.0000
0.0000
0.0000
0.0000
0.0000
0.0000
0.0000
0.0000
0.0000
0.0000
0.0000
0.0000
0.0000
0.0000
0.0000
0.0000
0.0000
0.0000
0.0000
0.0000
0.0000
0.0000
0.0000
0.0000
0.0000
0.0000
0.0000
4.8828
4.8828
73.2422
73.2422
78.1250
78.1250
53.7109
53.7109
102.5391
102.5391
136.7187
136.7187
136.7187
136.7187
151.3672
151.3672
224.6094
224.6094
249.0234
249.0234
253.9062
253.9062
327.1484
327.1484
390.6250
390.6250
395.5078
395.5078
385.7422
385.7422
415.0391
415.0391
390.6250
390.6250
332.0312
332.0312
341.7969
341.7969
361.3281
361.3281
332.0312
332.0312
307.6172
307.6172
361.3281
361.3281
390.6250
390.6250
400.3906
400.3906
493.1641
493.1641
654.2969
654.2969
805.6641
805.6641
937.5000
937.5000
1059.5703
1059.5703
1040.0391
1040.0391
883.7891
883.7891
683.5937
683.5937
463.8672
463.8672
180.6641
180.6641
0.0000
0.0000
0.0000
0.0000
0.0000
0.0000
0.0000
0.0000
0.0000
0.0000
0.0000
0.0000
0.0000
0.0000
0.0000
0.0000
0.0000
0.0000
0.0000
0.0000
0.0000
0.0000
0.0000
0.0000
0.0000
0.0000
0.0000
0.0000
0.0000
0.0000
0.0000
0.0000
0.0000
0.0000
0.0000
0.0000
0.0000
0.0000
0.0000
0.0000
0.0000
0.0000
0.0000
0.0000
14.6484
14.6484
73.2422
73.2422
92.7734
92.7734
102.5391
102.5391
195.3125
195.3125
253.9062
253.9062
288.0859
288.0859
366.2109
366.2109
434.5703
434.5703
434.5703
434.5703
429.6875
429.6875
488.2812
488.2812
507.8125
507.8125
478.5156
478.5156
478.5156
478.5156
478.5156
478.5156
419.9219
419.9219
375.9766
375.9766
419.9219
419.9219
444.3359
444.3359
444.3359
444.3359
493.1641
493.1641
576.1719
576.1719
615.2344
615.2344
654.2969
654.2969
781.2500
781.2500
913.0859
913.0859
1035.1562
1035.1562
1166.9922
1166.9922
1254.8828
1254.8828
1181.6406
1181.6406
966.7969
966.7969
737.3047
737.3047
434.5703
434.5703
87.8906
87.8906
0.0000
0.0000
0.0000
0.0000
0.0000
0.0000
0.0000
0.0000
0.0000
0.0000
0.0000
0.0000
0.0000
0.0000
0.0000
0.0000
0.0000
0.0000
0.0000
0.0000
0.0000
0.0000
0.0000
0.0000
0.0000
0.0000
0.0000
0.0000
0.0000
0.0000
0.0000
0.0000
0.0000
0.0000
0.0000
0.0000
0.0000
0.0000
0.0000
0.0000
0.0000
0.0000
0.0000
0.0000
0.0000
0.0000
0.0000
0.0000
0.0000
0.0000
0.0000
0.0000
63.4766
63.4766
117.1875
117.1875
136.7187
136.7187
209.9609
209.9609
224.6094
224.6094
180.6641
180.6641
170.8984
170.8984
190.4297
190.4297
166.0156
166.0156
126.9531
126.9531
141.6016
141.6016
131.8359
131.8359
102.5391
102.5391
131.8359
131.8359
209.9609
209.9609
263.6719
263.6719
302.7344
302.7344
410.1562
410.1562
498.0469
498.0469
546.8750
546.8750
610.3516
610.3516
708.0078
708.0078
751.9531
751.9531
791.0156
791.0156
908.2031
908.2031
1000.9766
1000.9766
971.6797
971.6797
859.3750
859.3750
698.2422
698.2422
449.2187
449.2187
185.5469
185.5469
48.8281
48.8281
0.0000
0.0000
0.0000
0.0000
0.0000
0.0000
0.0000
0.0000
0.0000
0.0000
0.0000
0.0000
0.0000
0.0000
0.0000
0.0000
0.0000
0.0000
0.0000
0.0000
0.0000
0.0000
0.0000
0.0000
0.0000
0.0000
0.0000
0.0000
0.0000
0.0000
0.0000
0.0000
0.0000
0.0000
0.0000
0.0000
0.0000
0.0000
0.0000
0.0000
0.0000
0.0000
9.7656
9.7656
97.6562
97.6562
146.4844
146.4844
244.1406
244.1406
278.3203
278.3203
253.9062
253.9062
258.7891
258.7891
288.0859
288.0859
268.5547
268.5547
224.6094
224.6094
263.6719
263.6719
278.3203
278.3203
253.9062
253.9062
278.3203
278.3203
375.9766
375.9766
429.6875
429.6875
463.8672
463.8672
551.7578
551.7578
605.4687
605.4687
615.2344
615.2344
644.5312
644.5312
698.2422
698.2422
678.7109
678.7109
629.8828
629.8828
649.4141
649.4141
668.9453
668.9453
654.2969
654.2969
664.0625
664.0625
747.0703
747.0703
825.1953
825.1953
913.0859
913.0859
1069.3359
1069.3359
1181.6406
1181.6406
1171.8750
1171.8750
1088.8672
1088.8672
986.3281
986.3281
771.4844
771.4844
478.5156
478.5156
219.7266
219.7266
0.0000
0.0000
0.0000
0.0000
0.0000
0.0000
0.0000
0.0000
0.0000
0.0000
0.0000
0.0000
0.0000
0.0000
0.0000
0.0000
0.0000
0.0000
0.0000
0.0000
0.0000
0.0000
0.0000
0.0000
0.0000
0.0000
0.0000
0.0000
0.0000
0.0000
0.0000
0.0000
0.0000
0.0000
0.0000
0.0000
0.0000
0.0000
0.0000
0.0000
0.0000
0.0000
0.0000
0.0000
0.0000
0.0000
0.0000
0.0000
0.0000
0.0000
0.0000
0.0000
0.0000
0.0000
0.0000
0.0000
78.1250
78.1250
122.0703
122.0703
136.7187
136.7187
205.0781
205.0781
258.7891
258.7891
239.2578
239.2578
205.0781
205.0781
214.8437
214.8437
180.6641
180.6641
122.0703
122.0703
131.8359
131.8359
156.2500
156.2500
136.7187
136.7187
122.0703
122.0703
180.6641
180.6641
214.8437
214.8437
249.0234
249.0234
361.3281
361.3281
493.1641
493.1641
585.9375
585.9375
683.5937
683.5937
859.3750
859.3750
1010.7422
1010.7422
1088.8672
1088.8672
1123.0469
1123.0469
1059.5703
1059.5703
825.1953
825.1953
502.9297
502.9297
234.3750
234.3750
0.0000
0.0000
0.0000
0.0000
0.0000
0.0000
0.0000
0.0000
0.0000
0.0000
0.0000
0.0000
0.0000
0.0000
0.0000
0.0000
0.0000
0.0000
0.0000
0.0000
0.0000
0.0000
0.0000
0.0000
0.0000
0.0000
0.0000
0.0000
0.0000
0.0000
0.0000
0.0000
0.0000
0.0000
0.0000
0.0000
0.0000
0.0000
0.0000
0.0000
0.0000
0.0000
0.0000
0.0000
0.0000
0.0000
0.0000
0.0000
112.3047
112.3047
224.6094
224.6094
292.9687
292.9687
405.2734
405.2734
498.0469
498.0469
517.5781
517.5781
517.5781
517.5781
561.5234
561.5234
541.9922
541.9922
473.6328
473.6328
449.2187
449.2187
415.0391
415.0391
317.3828
317.3828
244.1406
244.1406
273.4375
273.4375
302.7344
302.7344
336.9141
336.9141
429.6875
429.6875
532.2266
532.2266
605.4687
605.4687
664.0625
664.0625
786.1328
786.1328
859.3750
859.3750
883.7891
883.7891
922.8516
922.8516
986.3281
986.3281
991.2109
991.2109
932.6172
932.6172
864.2578
864.2578
688.4766
688.4766
429.6875
429.6875
209.9609
209.9609
87.8906
87.8906
0.0000
0.0000
0.0000
0.0000
0.0000
0.0000
0.0000
0.0000
0.0000
0.0000
0.0000
0.0000
0.0000
0.0000
0.0000
0.0000
0.0000
0.0000
0.0000
0.0000
0.0000
0.0000
0.0000
0.0000
0.0000
0.0000
0.0000
0.0000
0.0000
0.0000
0.0000
0.0000
0.0000
0.0000
0.0000
0.0000
0.0000
0.0000
0.0000
0.0000
0.0000
0.0000
0.0000
0.0000
0.0000
0.0000
0.0000
0.0000
39.0625
39.0625
87.8906
87.8906
102.5391
102.5391
141.6016
141.6016
117.1875
117.1875
43.9453
43.9453
29.2969
29.2969
53.7109
53.7109
58.5937
58.5937
58.5937
58.5937
126.9531
126.9531
166.0156
166.0156
190.4297
190.4297
263.6719
263.6719
361.3281
361.3281
424.8047
424.8047
473.6328
473.6328
576.1719
576.1719
620.1172
620.1172
600.5859
600.5859
620.1172
620.1172
659.1797
659.1797
654.2969
654.2969
634.7656
634.7656
693.3594
693.3594
727.5391
727.5391
732.4219
732.4219
791.0156
791.0156
932.6172
932.6172
1044.9219
1044.9219
1113.2812
1113.2812
1157.2266
1157.2266
1049.8047
1049.8047
771.4844
771.4844
444.3359
444.3359
156.2500
156.2500
0.0000
0.0000
0.0000
0.0000
0.0000
0.0000
0.0000
0.0000
0.0000
0.0000
0.0000
0.0000
0.0000
0.0000
0.0000
0.0000
0.0000
0.0000
0.0000
0.0000
0.0000
0.0000
0.0000
0.0000
0.0000
0.0000
0.0000
0.0000
0.0000
0.0000
0.0000
0.0000
0.0000
0.0000
0.0000
0.0000
0.0000
0.0000
0.0000
0.0000
0.0000
0.0000
0.0000
0.0000
0.0000
0.0000
0.0000
0.0000
19.5312
19.5312
39.0625
39.0625
43.9453
43.9453
136.7187
136.7187
209.9609
209.9609
263.6719
263.6719
346.6797
346.6797
439.4531
439.4531
468.7500
468.7500
468.7500
468.7500
527.3437
527.3437
546.8750
546.8750
517.5781
517.5781
498.0469
498.0469
522.4609
522.4609
507.8125
507.8125
488.2812
488.2812
551.7578
551.7578
590.8203
590.8203
600.5859
600.5859
649.4141
756.8359
756.8359
834.9609
834.9609
913.0859
913.0859
1079.1016
1079.1016
1079.1016
1201.1719
1201.1719
1230.4687
1230.4687
1196.2891
1196.2891
1108.3984
1108.3984
893.5547
585.9375
585.9375
327.1484
327.1484
97.6562
97.6562
0.0000
0.0000
0.0000
0.0000
0.0000
0.0000
0.0000
0.0000
0.0000
0.0000
0.0000
0.0000
0.0000
0.0000
0.0000
0.0000
0.0000
0.0000
0.0000
0.0000
0.0000
0.0000
0.0000
0.0000
0.0000
0.0000
0.0000
0.0000
0.0000
0.0000
0.0000
0.0000
0.0000
0.0000
0.0000
0.0000
0.0000
0.0000
0.0000
0.0000
0.0000
0.0000
0.0000
0.0000
0.0000
0.0000
0.0000
0.0000
0.0000
0.0000
29.2969
29.2969
83.0078
83.0078
170.8984
170.8984
205.0781
205.0781
214.8437
214.8437
283.2031
283.2031
307.6172
307.6172
278.3203
278.3203
253.9062
253.9062
258.7891
258.7891
229.4922
229.4922
200.1953
200.1953
258.7891
258.7891
317.3828
317.3828
346.6797
346.6797
400.3906
400.3906
502.9297
502.9297
556.6406
556.6406
590.8203
590.8203
698.2422
698.2422
820.3125
820.3125
927.7344
927.7344
1044.9219
1044.9219
1157.2266
1157.2266
1108.3984
1108.3984
903.3203
903.3203
683.5937
683.5937
415.0391
415.0391
92.7734
92.7734
0.0000
0.0000
0.0000
0.0000
0.0000
0.0000
0.0000
0.0000
0.0000
0.0000
0.0000
0.0000
0.0000
0.0000
0.0000
0.0000
0.0000
0.0000
0.0000
0.0000
0.0000
0.0000
0.0000
0.0000
0.0000
0.0000
0.0000
0.0000
0.0000
0.0000
0.0000
0.0000
0.0000
0.0000
0.0000
0.0000
0.0000
0.0000
0.0000
0.0000
0.0000
0.0000
0.0000
0.0000
0.0000
0.0000
19.5312
19.5312
97.6562
97.6562
195.3125
195.3125
307.6172
307.6172
351.5625
351.5625
351.5625
351.5625
395.5078
395.5078
395.5078
395.5078
341.7969
341.7969
302.7344
302.7344
312.5000
312.5000
278.3203
278.3203
234.3750
234.3750
258.7891
258.7891
268.5547
268.5547
263.6719
263.6719
312.5000
312.5000
439.4531
439.4531
512.6953
512.6953
556.6406
556.6406
654.2969
654.2969
737.3047
737.3047
776.3672
776.3672
800.7812
800.7812
869.1406
869.1406
893.5547
893.5547
898.4375
898.4375
976.5625
976.5625
1040.0391
1040.0391
996.0937
996.0937
849.6094
849.6094
673.8281
673.8281
410.1562
410.1562
122.0703
122.0703
0.0000
0.0000
0.0000
0.0000
0.0000
0.0000
0.0000
0.0000
0.0000
0.0000
0.0000
0.0000
0.0000
0.0000
0.0000
0.0000
0.0000
0.0000
0.0000
0.0000
0.0000
0.0000
0.0000
0.0000
0.0000
0.0000
0.0000
0.0000
0.0000
0.0000
0.0000
0.0000
0.0000
0.0000
0.0000
0.0000
0.0000
0.0000
0.0000
0.0000
0.0000
0.0000
19.5312
19.5312
156.2500
156.2500
214.8437
214.8437
209.9609
209.9609
258.7891
258.7891
283.2031
283.2031
263.6719
263.6719
268.5547
268.5547
327.1484
327.1484
327.1484
327.1484
292.9687
292.9687
332.0312
332.0312
371.0937
371.0937
380.8594
380.8594
395.5078
395.5078
449.2187
449.2187
439.4531
439.4531
390.6250
390.6250
405.2734
405.2734
439.4531
439.4531
439.4531
439.4531
434.5703
434.5703
488.2812
488.2812
488.2812
488.2812
449.2187
449.2187
468.7500
468.7500
517.5781
517.5781
527.3437
527.3437
556.6406
556.6406
688.4766
688.4766
815.4297
815.4297
883.7891
883.7891
913.0859
913.0859
864.2578
864.2578
683.5937
683.5937
444.3359
444.3359
268.5547
268.5547
58.5937
58.5937
0.0000
0.0000
0.0000
0.0000
0.0000
0.0000
0.0000
0.0000
0.0000
0.0000
0.0000
0.0000
0.0000
0.0000
0.0000
0.0000
0.0000
0.0000
0.0000
0.0000
0.0000
0.0000
0.0000
0.0000
0.0000
0.0000
0.0000
0.0000
0.0000
0.0000
0.0000
0.0000
0.0000
0.0000
0.0000
0.0000
0.0000
0.0000
0.0000
0.0000
0.0000
0.0000
0.0000
0.0000
0.0000
0.0000
53.7109
53.7109
78.1250
78.1250
78.1250
78.1250
136.7187
136.7187
200.1953
200.1953
214.8437
214.8437
234.3750
234.3750
317.3828
317.3828
356.4453
356.4453
361.3281
361.3281
410.1562
410.1562
473.6328
473.6328
458.9844
458.9844
410.1562
410.1562
434.5703
434.5703
439.4531
439.4531
415.0391
415.0391
434.5703
434.5703
478.5156
478.5156
483.3984
483.3984
498.0469
498.0469
595.7031
595.7031
668.9453
668.9453
727.5391
727.5391
839.8437
839.8437
1000.9766
1000.9766
1083.9844
1083.9844
1074.2187
1074.2187
1015.6250
1015.6250
820.3125
820.3125
493.1641
493.1641
180.6641
180.6641
0.0000
0.0000
0.0000
0.0000
0.0000
0.0000
0.0000
0.0000
0.0000
0.0000
0.0000
0.0000
0.0000
0.0000
0.0000
0.0000
0.0000
0.0000
0.0000
0.0000
0.0000
0.0000
0.0000
0.0000
0.0000
0.0000
0.0000
0.0000
0.0000
0.0000
0.0000
0.0000
0.0000
0.0000
0.0000
0.0000
0.0000
0.0000
0.0000
0.0000
0.0000
0.0000
0.0000
0.0000
0.0000
0.0000
0.0000
0.0000
0.0000
0.0000
0.0000
0.0000
4.8828
4.8828
53.7109
53.7109
161.1328
161.1328
224.6094
224.6094
234.3750
234.3750
283.2031
283.2031
341.7969
341.7969
341.7969
341.7969
292.9687
292.9687
297.8516
297.8516
268.5547
268.5547
205.0781
205.0781
200.1953
200.1953
229.4922
229.4922
234.3750
234.3750
239.2578
239.2578
332.0312
332.0312
419.9219
419.9219
488.2812
488.2812
576.1719
576.1719
688.4766
688.4766
756.8359
756.8359
795.8984
795.8984
913.0859
913.0859
1035.1562
1035.1562
1083.9844
1083.9844
1059.5703
1059.5703
957.0312
957.0312
698.2422
698.2422
380.8594
380.8594
146.4844
146.4844
0.0000
0.0000
0.0000
0.0000
0.0000
0.0000
0.0000
0.0000
0.0000
0.0000
0.0000
0.0000
0.0000
0.0000
0.0000
0.0000
0.0000
0.0000
0.0000
0.0000
0.0000
0.0000
0.0000
0.0000
0.0000
0.0000
0.0000
0.0000
0.0000
0.0000
0.0000
0.0000
0.0000
0.0000
0.0000
0.0000
0.0000
0.0000
0.0000
0.0000
0.0000
0.0000
0.0000
0.0000
0.0000
0.0000
24.4141
24.4141
146.4844
146.4844
214.8437
214.8437
229.4922
229.4922
278.3203
278.3203
346.6797
346.6797
336.9141
336.9141
297.8516
297.8516
307.6172
307.6172
288.0859
288.0859
234.3750
234.3750
234.3750
234.3750
278.3203
278.3203
297.8516
297.8516
312.5000
312.5000
405.2734
405.2734
468.7500
468.7500
502.9297
502.9297
566.4062
566.4062
678.7109
678.7109
747.0703
747.0703
781.2500
781.2500
854.4922
854.4922
878.9062
878.9062
859.3750
859.3750
874.0234
874.0234
976.5625
976.5625
1044.9219
1044.9219
1020.5078
1020.5078
966.7969
966.7969
825.1953
825.1953
581.0547
581.0547
332.0312
332.0312
170.8984
170.8984
0.0000
0.0000
0.0000
0.0000
0.0000
0.0000
0.0000
0.0000
0.0000
0.0000
0.0000
0.0000
0.0000
0.0000
0.0000
0.0000
0.0000
0.0000
0.0000
0.0000
0.0000
0.0000
0.0000
0.0000
0.0000
0.0000
0.0000
0.0000
0.0000
0.0000
0.0000
0.0000
0.0000
0.0000
0.0000
0.0000
0.0000
0.0000
0.0000
0.0000
0.0000
0.0000
9.7656
9.7656
73.2422
73.2422
126.9531
126.9531
175.7812
175.7812
161.1328
161.1328
107.4219
107.4219
136.7187
136.7187
141.6016
141.6016
122.0703
122.0703
126.9531
126.9531
170.8984
170.8984
175.7812
175.7812
161.1328
161.1328
224.6094
224.6094
278.3203
278.3203
302.7344
302.7344
336.9141
336.9141
419.9219
419.9219
449.2187
449.2187
444.3359
444.3359
502.9297
502.9297
546.8750
546.8750
546.8750
546.8750
546.8750
546.8750
610.3516
610.3516
649.4141
649.4141
708.0078
708.0078
830.0781
830.0781
917.9687
917.9687
878.9062
878.9062
747.0703
747.0703
605.4687
605.4687
375.9766
375.9766
97.6562
97.6562
0.0000
0.0000
0.0000
0.0000
0.0000
0.0000
0.0000
0.0000
0.0000
0.0000
0.0000
0.0000
0.0000
0.0000
0.0000
0.0000
0.0000
0.0000
0.0000
0.0000
0.0000
0.0000
0.0000
0.0000
0.0000
0.0000
0.0000
0.0000
0.0000
0.0000
0.0000
0.0000
0.0000
0.0000
0.0000
0.0000
0.0000
0.0000
39.0625
39.0625
122.0703
122.0703
190.4297
190.4297
283.2031
283.2031
317.3828
317.3828
317.3828
317.3828
366.2109
366.2109
390.6250
390.6250
361.3281
361.3281
341.7969
341.7969
371.0937
371.0937
385.7422
385.7422
405.2734
405.2734
498.0469
498.0469
581.0547
581.0547
600.5859
600.5859
625.0000
625.0000
683.5937
683.5937
688.4766
688.4766
659.1797
659.1797
654.2969
654.2969
620.1172
620.1172
537.1094
537.1094
473.6328
473.6328
483.3984
483.3984
488.2812
488.2812
493.1641
493.1641
566.4062
566.4062
678.7109
678.7109
781.2500
781.2500
898.4375
898.4375
1074.2187
1074.2187
1152.3437
1152.3437
1103.5156
1103.5156
1000.9766
1000.9766
839.8437
839.8437
590.8203
590.8203
283.2031
283.2031
39.0625
39.0625
0.0000
0.0000
0.0000
0.0000
0.0000
0.0000
0.0000
0.0000
0.0000
0.0000
0.0000
0.0000
0.0000
0.0000
0.0000
0.0000
0.0000
0.0000
0.0000
0.0000
0.0000
0.0000
0.0000
0.0000
0.0000
0.0000
0.0000
0.0000
0.0000
0.0000
0.0000
0.0000
0.0000
0.0000
0.0000
0.0000
0.0000
0.0000
0.0000
0.0000
0.0000
0.0000
0.0000
0.0000
0.0000
0.0000
0.0000
14.6484
14.6484
73.2422
73.2422
87.8906
87.8906
175.7812
175.7812
175.7812
263.6719
263.6719
297.8516
297.8516
327.1484
327.1484
390.6250
390.6250
371.0937
302.7344
302.7344
283.2031
283.2031
268.5547
268.5547
219.7266
219.7266
180.6641
180.6641
180.6641
219.7266
229.4922
229.4922
214.8437
214.8437
268.5547
268.5547
366.2109
366.2109
449.2187
449.2187
527.3437
527.3437
668.9453
668.9453
781.2500
781.2500
878.9062
878.9062
1005.8594
1005.8594
1098.6328
1098.6328
1054.6875
1054.6875
878.9062
878.9062
683.5937
683.5937
385.7422
385.7422
34.1797
34.1797
0.0000
0.0000
0.0000
0.0000
0.0000
0.0000
0.0000
0.0000
0.0000
0.0000
0.0000
0.0000
0.0000
0.0000
0.0000
0.0000
0.0000
0.0000
0.0000
0.0000
0.0000
0.0000
0.0000
0.0000
0.0000
0.0000
0.0000
0.0000
0.0000
0.0000
0.0000
0.0000
0.0000
0.0000
0.0000
0.0000
0.0000
0.0000
0.0000
0.0000
0.0000
0.0000
0.0000
0.0000
0.0000
0.0000
9.7656
9.7656
92.7734
92.7734
209.9609
209.9609
317.3828
317.3828
366.2109
366.2109
385.7422
385.7422
449.2187
449.2187
454.1016
454.1016
410.1562
410.1562
405.2734
405.2734
405.2734
405.2734
366.2109
366.2109
317.3828
317.3828
336.9141
336.9141
327.1484
327.1484
302.7344
302.7344
346.6797
346.6797
434.5703
434.5703
483.3984
483.3984
527.3437
527.3437
634.7656
634.7656
708.0078
708.0078
737.3047
737.3047
791.0156
791.0156
869.1406
869.1406
908.2031
908.2031
957.0312
957.0312
1083.9844
1083.9844
1157.2266
1157.2266
1127.9297
1127.9297
1040.0391
1040.0391
903.3203
903.3203
659.1797
659.1797
371.0937
371.0937
180.6641
180.6641
0.0000
0.0000
0.0000
0.0000
0.0000
0.0000
0.0000
0.0000
0.0000
0.0000
0.0000
0.0000
0.0000
0.0000
0.0000
0.0000
0.0000
0.0000
0.0000
0.0000
0.0000
0.0000
0.0000
0.0000
0.0000
0.0000
0.0000
0.0000
0.0000
0.0000
0.0000
0.0000
0.0000
0.0000
0.0000
0.0000
0.0000
0.0000
0.0000
0.0000
0.0000
0.0000
0.0000
0.0000
24.4141
24.4141
102.5391
102.5391
229.4922
229.4922
283.2031
283.2031
278.3203
278.3203
278.3203
278.3203
278.3203
278.3203
224.6094
224.6094
166.0156
166.0156
190.4297
190.4297
190.4297
190.4297
175.7812
175.7812
205.0781
205.0781
273.4375
273.4375
297.8516
297.8516
297.8516
297.8516
385.7422
385.7422
444.3359
444.3359
463.8672
463.8672
498.0469
498.0469
546.8750
546.8750
532.2266
532.2266
502.9297
502.9297
546.8750
546.8750
605.4687
605.4687
664.0625
664.0625
737.3047
737.3047
800.7812
800.7812
742.1875
742.1875
566.4062
566.4062
424.8047
424.8047
268.5547
268.5547
92.7734
92.7734
0.0000
0.0000
0.0000
0.0000
0.0000
0.0000
0.0000
0.0000
0.0000
0.0000
0.0000
0.0000
0.0000
0.0000
0.0000
0.0000
0.0000
0.0000
0.0000
0.0000
0.0000
0.0000
0.0000
0.0000
0.0000
0.0000
0.0000
0.0000
0.0000
0.0000
0.0000
0.0000
0.0000
0.0000
0.0000
0.0000
0.0000
0.0000
0.0000
0.0000
34.1797
34.1797
102.5391
102.5391
209.9609
209.9609
263.6719
263.6719
263.6719
263.6719
283.2031
283.2031
317.3828
317.3828
302.7344
302.7344
278.3203
278.3203
327.1484
327.1484
351.5625
351.5625
341.7969
341.7969
366.2109
366.2109
419.9219
419.9219
449.2187
449.2187
458.9844
458.9844
527.3437
527.3437
561.5234
561.5234
541.9922
541.9922
537.1094
537.1094
551.7578
551.7578
512.6953
512.6953
449.2187
449.2187
468.7500
468.7500
488.2812
488.2812
483.3984
483.3984
512.6953
512.6953
605.4687
605.4687
698.2422
698.2422
815.4297
815.4297
981.4453
981.4453
1079.1016
1079.1016
1030.2734
1030.2734
878.9062
878.9062
698.2422
698.2422
454.1016
454.1016
195.3125
195.3125
19.5312
19.5312
0.0000
0.0000
0.0000
0.0000
0.0000
0.0000
0.0000
0.0000
0.0000
0.0000
0.0000
0.0000
0.0000
0.0000
0.0000
0.0000
0.0000
0.0000
0.0000
0.0000
0.0000
0.0000
0.0000
0.0000
0.0000
0.0000
0.0000
0.0000
0.0000
0.0000
0.0000
0.0000
0.0000
0.0000
0.0000
0.0000
0.0000
0.0000
0.0000
0.0000
0.0000
0.0000
0.0000
0.0000
0.0000
0.0000
0.0000
0.0000
73.2422
73.2422
136.7187
136.7187
175.7812
175.7812
244.1406
244.1406
356.4453
356.4453
405.2734
405.2734
415.0391
415.0391
473.6328
473.6328
522.4609
522.4609
532.2266
532.2266
541.9922
541.9922
600.5859
600.5859
595.7031
595.7031
546.8750
546.8750
561.5234
561.5234
576.1719
576.1719
556.6406
556.6406
551.7578
551.7578
600.5859
600.5859
605.4687
605.4687
581.0547
581.0547
649.4141
649.4141
747.0703
747.0703
834.9609
834.9609
893.5547
893.5547
927.7344
927.7344
810.5469
810.5469
561.5234
561.5234
307.6172
307.6172
53.7109
53.7109
0.0000
0.0000
0.0000
0.0000
0.0000
0.0000
0.0000
0.0000
0.0000
0.0000
0.0000
0.0000
0.0000
0.0000
0.0000
0.0000
0.0000
0.0000
0.0000
0.0000
0.0000
0.0000
0.0000
0.0000
0.0000
0.0000
0.0000
0.0000
0.0000
0.0000
0.0000
0.0000
0.0000
0.0000
0.0000
0.0000
0.0000
0.0000
0.0000
0.0000
0.0000
0.0000
0.0000
0.0000
0.0000
0.0000
0.0000
0.0000
43.9453
43.9453
92.7734
92.7734
166.0156
166.0156
288.0859
288.0859
346.6797
346.6797
361.3281
361.3281
439.4531
439.4531
488.2812
488.2812
473.6328
473.6328
439.4531
439.4531
449.2187
449.2187
405.2734
405.2734
336.9141
336.9141
351.5625
351.5625
361.3281
361.3281
336.9141
336.9141
312.5000
312.5000
385.7422
385.7422
429.6875
429.6875
449.2187
449.2187
546.8750
546.8750
649.4141
649.4141
708.0078
708.0078
751.9531
751.9531
849.6094
849.6094
903.3203
903.3203
932.6172
932.6172
1000.9766
1000.9766
1020.5078
1020.5078
893.5547
893.5547
688.4766
688.4766
522.4609
522.4609
327.1484
327.1484
136.7187
136.7187
53.7109
53.7109
19.5312
19.5312
0.0000
0.0000
0.0000
0.0000
0.0000
0.0000
0.0000
0.0000
0.0000
0.0000
0.0000
0.0000
0.0000
0.0000
0.0000
0.0000
0.0000
0.0000
0.0000
0.0000
0.0000
0.0000
0.0000
0.0000
0.0000
0.0000
0.0000
0.0000
0.0000
0.0000
0.0000
0.0000
0.0000
0.0000
0.0000
0.0000
0.0000
0.0000
0.0000
0.0000
0.0000
0.0000
0.0000
0.0000
0.0000
0.0000
0.0000
0.0000
29.2969
29.2969
14.6484
14.6484
0.0000
0.0000
24.4141
24.4141
29.2969
29.2969
4.8828
4.8828
43.9453
43.9453
78.1250
78.1250
78.1250
78.1250
87.8906
87.8906
195.3125
195.3125
283.2031
283.2031
332.0312
332.0312
429.6875
429.6875
537.1094
537.1094
590.8203
590.8203
620.1172
620.1172
703.1250
703.1250
737.3047
737.3047
712.8906
712.8906
732.4219
732.4219
771.4844
771.4844
751.9531
751.9531
717.7734
717.7734
771.4844
771.4844
844.7266
844.7266
903.3203
903.3203
957.0312
957.0312
976.5625
976.5625
854.4922
854.4922
634.7656
634.7656
444.3359
444.3359
224.6094
224.6094
0.0000
0.0000
0.0000
0.0000
0.0000
0.0000
0.0000
0.0000
0.0000
0.0000
0.0000
0.0000
0.0000
0.0000
0.0000
0.0000
0.0000
0.0000
0.0000
0.0000
0.0000
0.0000
0.0000
0.0000
0.0000
0.0000
0.0000
0.0000
0.0000
0.0000
0.0000
0.0000
0.0000
0.0000
0.0000
0.0000
0.0000
0.0000
0.0000
0.0000
0.0000
0.0000
0.0000
0.0000
0.0000
0.0000
0.0000
0.0000
0.0000
0.0000
0.0000
0.0000
0.0000
0.0000
73.2422
73.2422
102.5391
102.5391
122.0703
122.0703
219.7266
219.7266
283.2031
283.2031
302.7344
302.7344
351.5625
351.5625
434.5703
434.5703
454.1016
454.1016
449.2187
449.2187
498.0469
498.0469
493.1641
493.1641
444.3359
444.3359
434.5703
434.5703
473.6328
473.6328
488.2812
488.2812
493.1641
493.1641
571.2891
571.2891
625.0000
625.0000
659.1797
659.1797
737.3047
737.3047
888.6719
888.6719
1015.6250
1015.6250
1098.6328
1098.6328
1166.9922
1166.9922
1118.1641
1118.1641
917.9687
917.9687
668.9453
668.9453
439.4531
439.4531
166.0156
166.0156
0.0000
0.0000
0.0000
0.0000
0.0000
0.0000
0.0000
0.0000
0.0000
0.0000
0.0000
0.0000
0.0000
0.0000
0.0000
0.0000
0.0000
0.0000
0.0000
0.0000
0.0000
0.0000
0.0000
0.0000
0.0000
0.0000
0.0000
0.0000
0.0000
0.0000
0.0000
0.0000
0.0000
0.0000
0.0000
0.0000
0.0000
0.0000
0.0000
0.0000
0.0000
0.0000
0.0000
0.0000
0.0000
0.0000
0.0000
0.0000
0.0000
0.0000
0.0000
0.0000
24.4141
24.4141
97.6562
97.6562
126.9531
126.9531
175.7812
268.5547
268.5547
292.9687
292.9687
278.3203
278.3203
307.6172
307.6172
307.6172
292.9687
292.9687
234.3750
234.3750
200.1953
200.1953
209.9609
209.9609
190.4297
156.2500
156.2500
205.0781
205.0781
253.9062
253.9062
283.2031
283.2031
356.4453
356.4453
356.4453
493.1641
493.1641
571.2891
571.2891
629.8828
629.8828
747.0703
747.0703
859.3750
947.2656
947.2656
1040.0391
1040.0391
1171.8750
1171.8750
1186.5234
1186.5234
1186.5234
1069.3359
1069.3359
908.2031
908.2031
673.8281
673.8281
361.3281
361.3281
68.3594
0.0000
0.0000
0.0000
0.0000
0.0000
0.0000
0.0000
0.0000
0.0000
0.0000
0.0000
0.0000
0.0000
0.0000
0.0000
0.0000
0.0000
0.0000
0.0000
0.0000
0.0000
0.0000
0.0000
0.0000
0.0000
0.0000
0.0000
0.0000
0.0000
0.0000
0.0000
0.0000
0.0000
0.0000
0.0000
0.0000
0.0000
0.0000
0.0000
0.0000
0.0000
0.0000
0.0000
0.0000
0.0000
0.0000
9.7656
9.7656
102.5391
102.5391
214.8437
214.8437
258.7891
258.7891
263.6719
263.6719
317.3828
317.3828
327.1484
327.1484
278.3203
278.3203
249.0234
249.0234
273.4375
273.4375
263.6719
263.6719
244.1406
244.1406
302.7344
302.7344
371.0937
371.0937
410.1562
410.1562
468.7500
468.7500
566.4062
566.4062
615.2344
615.2344
639.6484
639.6484
703.1250
703.1250
747.0703
747.0703
722.6562
722.6562
698.2422
698.2422
717.7734
717.7734
693.3594
693.3594
664.0625
664.0625
717.7734
717.7734
800.7812
800.7812
878.9062
878.9062
981.4453
981.4453
1127.9297
1127.9297
1166.9922
1166.9922
1079.1016
1079.1016
947.2656
947.2656
766.6016
766.6016
488.2812
488.2812
200.1953
200.1953
4.8828
4.8828
0.0000
0.0000
0.0000
0.0000
0.0000
0.0000
0.0000
0.0000
0.0000
0.0000
0.0000
0.0000
0.0000
0.0000
0.0000
0.0000
0.0000
0.0000
0.0000
0.0000
0.0000
0.0000
0.0000
0.0000
0.0000
0.0000
0.0000
0.0000
0.0000
0.0000
0.0000
0.0000
0.0000
0.0000
0.0000
0.0000
0.0000
0.0000
0.0000
0.0000
0.0000
0.0000
0.0000
0.0000
0.0000
0.0000
0.0000
0.0000
0.0000
0.0000
0.0000
0.0000
0.0000
0.0000
48.8281
48.8281
107.4219
107.4219
131.8359
131.8359
166.0156
166.0156
263.6719
263.6719
307.6172
307.6172
297.8516
297.8516
317.3828
317.3828
332.0312
332.0312
292.9687
292.9687
258.7891
258.7891
288.0859
288.0859
273.4375
273.4375
244.1406
244.1406
273.4375
273.4375
327.1484
327.1484
356.4453
356.4453
380.8594
380.8594
493.1641
493.1641
585.9375
585.9375
659.1797
659.1797
786.1328
786.1328
961.9141
961.9141
1113.2812
1113.2812
1215.8203
1215.8203
1284.1797
1284.1797
1220.7031
1220.7031
996.0937
996.0937
717.7734
717.7734
424.8047
424.8047
83.0078
83.0078
0.0000
0.0000
0.0000
0.0000
0.0000
0.0000
0.0000
0.0000
0.0000
0.0000
0.0000
0.0000
0.0000
0.0000
0.0000
0.0000
0.0000
0.0000
0.0000
0.0000
0.0000
0.0000
0.0000
0.0000
0.0000
0.0000
0.0000
0.0000
0.0000
0.0000
0.0000
0.0000
0.0000
0.0000
0.0000
0.0000
0.0000
0.0000
0.0000
0.0000
0.0000
0.0000
0.0000
0.0000
0.0000
0.0000
0.0000
0.0000
29.2969
29.2969
122.0703
122.0703
258.7891
258.7891
327.1484
327.1484
336.9141
336.9141
380.8594
380.8594
429.6875
429.6875
410.1562
410.1562
371.0937
371.0937
400.3906
400.3906
380.8594
380.8594
327.1484
327.1484
322.2656
322.2656
341.7969
341.7969
346.6797
346.6797
366.2109
366.2109
468.7500
468.7500
532.2266
532.2266
561.5234
561.5234
615.2344
615.2344
717.7734
717.7734
781.2500
781.2500
820.3125
820.3125
913.0859
913.0859
976.5625
976.5625
1005.8594
1005.8594
1074.2187
1074.2187
1147.4609
1147.4609
1113.2812
1113.2812
971.6797
971.6797
815.4297
815.4297
581.0547
581.0547
302.7344
302.7344
78.1250
78.1250
0.0000
0.0000
0.0000
0.0000
0.0000
0.0000
0.0000
0.0000
0.0000
0.0000
0.0000
0.0000
0.0000
0.0000
0.0000
0.0000
0.0000
0.0000
0.0000
0.0000
0.0000
0.0000
0.0000
0.0000
0.0000
0.0000
0.0000
0.0000
0.0000
0.0000
0.0000
0.0000
0.0000
0.0000
0.0000
0.0000
0.0000
0.0000
0.0000
0.0000
0.0000
0.0000
0.0000
0.0000
39.0625
39.0625
83.0078
83.0078
156.2500
156.2500
214.8437
214.8437
195.3125
195.3125
146.4844
146.4844
161.1328
161.1328
156.2500
156.2500
117.1875
117.1875
126.9531
126.9531
161.1328
161.1328
161.1328
161.1328
161.1328
161.1328
244.1406
244.1406
317.3828
317.3828
351.5625
351.5625
410.1562
410.1562
488.2812
488.2812
522.4609
522.4609
522.4609
522.4609
581.0547
581.0547
605.4687
605.4687
590.8203
590.8203
585.9375
585.9375
629.8828
629.8828
625.0000
625.0000
605.4687
605.4687
673.8281
673.8281
781.2500
781.2500
869.1406
869.1406
937.5000
937.5000
976.5625
976.5625
883.7891
883.7891
693.3594
693.3594
527.3437
527.3437
322.2656
322.2656
78.1250
78.1250
0.0000
0.0000
0.0000
0.0000
0.0000
0.0000
0.0000
0.0000
0.0000
0.0000
0.0000
0.0000
0.0000
0.0000
0.0000
0.0000
0.0000
0.0000
0.0000
0.0000
0.0000
0.0000
0.0000
0.0000
0.0000
0.0000
0.0000
0.0000
0.0000
0.0000
0.0000
0.0000
0.0000
0.0000
0.0000
0.0000
0.0000
0.0000
0.0000
0.0000
0.0000
0.0000
0.0000
0.0000
29.2969
29.2969
63.4766
63.4766
58.5937
58.5937
83.0078
83.0078
146.4844
146.4844
170.8984
170.8984
170.8984
170.8984
258.7891
258.7891
332.0312
332.0312
361.3281
361.3281
390.6250
390.6250
439.4531
439.4531
429.6875
429.6875
395.5078
395.5078
424.8047
424.8047
439.4531
439.4531
395.5078
395.5078
380.8594
380.8594
419.9219
419.9219
429.6875
429.6875
415.0391
415.0391
488.2812
488.2812
571.2891
571.2891
659.1797
659.1797
771.4844
771.4844
947.2656
947.2656
1044.9219
1044.9219
1040.0391
1040.0391
1000.9766
1000.9766
859.3750
859.3750
595.7031
595.7031
312.5000
312.5000
102.5391
102.5391
0.0000
0.0000
0.0000
0.0000
0.0000
0.0000
0.0000
0.0000
0.0000
0.0000
0.0000
0.0000
0.0000
0.0000
0.0000
0.0000
0.0000
0.0000
0.0000
0.0000
0.0000
0.0000
0.0000
0.0000
0.0000
0.0000
0.0000
0.0000
0.0000
0.0000
0.0000
0.0000
0.0000
0.0000
0.0000
0.0000
0.0000
0.0000
0.0000
0.0000
0.0000
0.0000
0.0000
0.0000
0.0000
0.0000
0.0000
0.0000
0.0000
0.0000
0.0000
0.0000
14.6484
14.6484
117.1875
117.1875
190.4297
190.4297
229.4922
229.4922
302.7344
302.7344
419.9219
419.9219
468.7500
468.7500
468.7500
468.7500
507.8125
507.8125
507.8125
507.8125
468.7500
468.7500
439.4531
439.4531
458.9844
458.9844
429.6875
429.6875
380.8594
380.8594
419.9219
419.9219
473.6328
473.6328
522.4609
522.4609
600.5859
600.5859
751.9531
751.9531
874.0234
874.0234
976.5625
976.5625
1123.0469
1123.0469
1250.0000
1250.0000
1254.8828
1254.8828
1142.5781
1142.5781
966.7969
966.7969
664.0625
664.0625
297.8516
297.8516
14.6484
14.6484
0.0000
0.0000
0.0000
0.0000
0.0000
0.0000
0.0000
0.0000
0.0000
0.0000
0.0000
0.0000
0.0000
0.0000
0.0000
0.0000
0.0000
0.0000
0.0000
0.0000
0.0000
0.0000
0.0000
0.0000
0.0000
0.0000
0.0000
0.0000
0.0000
0.0000
0.0000
0.0000
0.0000
0.0000
0.0000
0.0000
0.0000
0.0000
0.0000
0.0000
0.0000
0.0000
0.0000
0.0000
0.0000
0.0000
0.0000
0.0000
34.1797
34.1797
136.7187
136.7187
185.5469
185.5469
239.2578
239.2578
336.9141
336.9141
361.3281
361.3281
327.1484
327.1484
332.0312
332.0312
312.5000
312.5000
249.0234
249.0234
209.9609
209.9609
234.3750
234.3750
229.4922
229.4922
200.1953
200.1953
249.0234
249.0234
317.3828
317.3828
366.2109
366.2109
434.5703
434.5703
566.4062
566.4062
659.1797
659.1797
712.8906
712.8906
805.6641
805.6641
908.2031
908.2031
966.7969
966.7969
1035.1562
1035.1562
1137.6953
1137.6953
1118.1641
1118.1641
957.0312
957.0312
742.1875
742.1875
498.0469
498.0469
209.9609
209.9609
0.0000
0.0000
0.0000
0.0000
0.0000
0.0000
0.0000
0.0000
0.0000
0.0000
0.0000
0.0000
0.0000
0.0000
0.0000
0.0000
0.0000
0.0000
0.0000
0.0000
0.0000
0.0000
0.0000
0.0000
0.0000
0.0000
0.0000
0.0000
0.0000
0.0000
0.0000
0.0000
0.0000
0.0000
0.0000
0.0000
0.0000
0.0000
0.0000
0.0000
0.0000
0.0000
0.0000
0.0000
0.0000
0.0000
0.0000
0.0000
0.0000
0.0000
0.0000
0.0000
63.4766
63.4766
68.3594
68.3594
43.9453
43.9453
73.2422
73.2422
83.0078
83.0078
53.7109
53.7109
19.5312
19.5312
43.9453
43.9453
53.7109
53.7109
58.5937
58.5937
126.9531
126.9531
214.8437
214.8437
273.4375
317.3828
317.3828
424.8047
424.8047
488.2812
488.2812
522.4609
522.4609
600.5859
600.5859
600.5859
664.0625
664.0625
649.4141
649.4141
610.3516
610.3516
634.7656
634.7656
639.6484
668.9453
668.9453
766.6016
766.6016
898.4375
898.4375
947.2656
947.2656
947.2656
893.5547
893.5547
834.9609
834.9609
703.1250
703.1250
512.6953
332.0312
332.0312
190.4297
190.4297
0.0000
0.0000
0.0000
0.0000
0.0000
0.0000
0.0000
0.0000
0.0000
0.0000
0.0000
0.0000
0.0000
0.0000
0.0000
0.0000
0.0000
0.0000
0.0000
0.0000
0.0000
0.0000
0.0000
0.0000
0.0000
0.0000
0.0000
0.0000
0.0000
0.0000
0.0000
0.0000
0.0000
0.0000
0.0000
0.0000
0.0000
0.0000
0.0000
0.0000
0.0000
0.0000
0.0000
0.0000
0.0000
0.0000
39.0625
39.0625
102.5391
102.5391
117.1875
117.1875
117.1875
117.1875
180.6641
180.6641
200.1953
200.1953
200.1953
200.1953
258.7891
258.7891
332.0312
332.0312
361.3281
361.3281
380.8594
380.8594
468.7500
468.7500
517.5781
517.5781
517.5781
517.5781
546.8750
546.8750
581.0547
581.0547
561.5234
561.5234
522.4609
522.4609
566.4062
566.4062
581.0547
581.0547
571.2891
571.2891
610.3516
610.3516
678.7109
678.7109
708.0078
708.0078
727.5391
727.5391
830.0781
830.0781
942.3828
942.3828
1035.1562
1035.1562
1137.6953
1137.6953
1230.4687
1230.4687
1186.5234
1186.5234
1015.6250
1015.6250
825.1953
825.1953
571.2891
571.2891
268.5547
268.5547
0.0000
0.0000
0.0000
0.0000
0.0000
0.0000
0.0000
0.0000
0.0000
0.0000
0.0000
0.0000
0.0000
0.0000
0.0000
0.0000
0.0000
0.0000
0.0000
0.0000
0.0000
0.0000
0.0000
0.0000
0.0000
0.0000
0.0000
0.0000
0.0000
0.0000
0.0000
0.0000
0.0000
0.0000
0.0000
0.0000
0.0000
0.0000
0.0000
0.0000
0.0000
0.0000
0.0000
0.0000
0.0000
0.0000
0.0000
0.0000
0.0000
0.0000
63.4766
63.4766
190.4297
190.4297
268.5547
268.5547
302.7344
302.7344
375.9766
375.9766
395.5078
395.5078
356.4453
356.4453
346.6797
346.6797
356.4453
356.4453
317.3828
317.3828
239.2578
239.2578
229.4922
229.4922
195.3125
195.3125
112.3047
112.3047
87.8906
87.8906
126.9531
126.9531
156.2500
156.2500
180.6641
180.6641
302.7344
302.7344
410.1562
410.1562
468.7500
468.7500
551.7578
551.7578
673.8281
673.8281
737.3047
737.3047
756.8359
756.8359
815.4297
815.4297
878.9062
878.9062
917.9687
917.9687
942.3828
942.3828
947.2656
947.2656
805.6641
805.6641
551.7578
551.7578
327.1484
327.1484
117.1875
117.1875
0.0000
0.0000
0.0000
0.0000
0.0000
0.0000
0.0000
0.0000
0.0000
0.0000
0.0000
0.0000
0.0000
0.0000
0.0000
0.0000
0.0000
0.0000
0.0000
0.0000
0.0000
0.0000
0.0000
0.0000
0.0000
0.0000
0.0000
0.0000
0.0000
0.0000
0.0000
0.0000
0.0000
0.0000
0.0000
0.0000
0.0000
0.0000
0.0000
0.0000
0.0000
0.0000
0.0000
0.0000
0.0000
0.0000
102.5391
102.5391
180.6641
180.6641
205.0781
205.0781
239.2578
239.2578
278.3203
278.3203
258.7891
258.7891
219.7266
219.7266
263.6719
263.6719
292.9687
292.9687
288.0859
288.0859
297.8516
297.8516
361.3281
361.3281
390.6250
390.6250
405.2734
405.2734
478.5156
478.5156
532.2266
532.2266
522.4609
522.4609
517.5781
517.5781
566.4062
566.4062
581.0547
581.0547
571.2891
571.2891
620.1172
620.1172
668.9453
668.9453
678.7109
678.7109
708.0078
708.0078
820.3125
820.3125
917.9687
917.9687
1010.7422
1010.7422
1137.6953
1137.6953
1201.1719
1201.1719
1132.8125
1132.8125
961.9141
961.9141
771.4844
771.4844
512.6953
512.6953
214.8437
214.8437
0.0000
0.0000
0.0000
0.0000
0.0000
0.0000
0.0000
0.0000
0.0000
0.0000
0.0000
0.0000
0.0000
0.0000
0.0000
0.0000
0.0000
0.0000
0.0000
0.0000
0.0000
0.0000
0.0000
0.0000
0.0000
0.0000
0.0000
0.0000
0.0000
0.0000
0.0000
0.0000
0.0000
0.0000
0.0000
0.0000
0.0000
0.0000
0.0000
0.0000
0.0000
0.0000
0.0000
0.0000
9.7656
9.7656
19.5312
19.5312
9.7656
9.7656
58.5937
58.5937
92.7734
92.7734
87.8906
87.8906
107.4219
107.4219
175.7812
175.7812
209.9609
209.9609
219.7266
219.7266
283.2031
283.2031
351.5625
351.5625
371.0937
371.0937
380.8594
380.8594
439.4531
439.4531
444.3359
444.3359
415.0391
415.0391
444.3359
444.3359
478.5156
478.5156
473.6328
473.6328
463.8672
463.8672
527.3437
527.3437
561.5234
561.5234
576.1719
576.1719
654.2969
654.2969
766.6016
766.6016
874.0234
874.0234
976.5625
976.5625
1123.0469
1123.0469
1181.6406
1181.6406
1108.3984
1108.3984
961.9141
961.9141
712.8906
712.8906
336.9141
336.9141
0.0000
0.0000
0.0000
0.0000
0.0000
0.0000
0.0000
0.0000
0.0000
0.0000
0.0000
0.0000
0.0000
0.0000
0.0000
0.0000
0.0000
0.0000
0.0000
0.0000
0.0000
0.0000
0.0000
0.0000
0.0000
0.0000
0.0000
0.0000
0.0000
0.0000
0.0000
0.0000
0.0000
0.0000
0.0000
0.0000
0.0000
0.0000
0.0000
0.0000
0.0000
0.0000
0.0000
0.0000
0.0000
0.0000
0.0000
0.0000
0.0000
0.0000
0.0000
0.0000
0.0000
0.0000
73.2422
73.2422
131.8359
131.8359
219.7266
219.7266
302.7344
302.7344
341.7969
341.7969
366.2109
366.2109
439.4531
439.4531
449.2187
449.2187
400.3906
400.3906
385.7422
385.7422
366.2109
366.2109
327.1484
327.1484
283.2031
283.2031
327.1484
327.1484
356.4453
356.4453
356.4453
356.4453
410.1562
410.1562
502.9297
502.9297
561.5234
561.5234
615.2344
615.2344
751.9531
751.9531
844.7266
844.7266
888.6719
888.6719
961.9141
961.9141
1064.4531
1064.4531
1123.0469
1123.0469
1127.9297
1127.9297
1123.0469
1123.0469
996.0937
996.0937
756.8359
756.8359
507.8125
507.8125
332.0312
332.0312
166.0156
166.0156
14.6484
14.6484
0.0000
0.0000
0.0000
0.0000
0.0000
0.0000
0.0000
0.0000
0.0000
0.0000
0.0000
0.0000
0.0000
0.0000
0.0000
0.0000
0.0000
0.0000
0.0000
0.0000
0.0000
0.0000
0.0000
0.0000
0.0000
0.0000
0.0000
0.0000
0.0000
0.0000
0.0000
0.0000
0.0000
0.0000
0.0000
0.0000
0.0000
0.0000
0.0000
0.0000
0.0000
0.0000
14.6484
14.6484
141.6016
141.6016
205.0781
205.0781
229.4922
229.4922
292.9687
292.9687
302.7344
302.7344
268.5547
268.5547
263.6719
263.6719
268.5547
268.5547
244.1406
244.1406
224.6094
224.6094
273.4375
273.4375
283.2031
283.2031
268.5547
268.5547
312.5000
312.5000
395.5078
395.5078
449.2187
449.2187
473.6328
473.6328
551.7578
551.7578
581.0547
581.0547
576.1719
576.1719
585.9375
585.9375
615.2344
615.2344
585.9375
585.9375
541.9922
541.9922
571.2891
571.2891
576.1719
576.1719
566.4062
566.4062
610.3516
610.3516
737.3047
737.3047
844.7266
844.7266
898.4375
898.4375
922.8516
922.8516
825.1953
825.1953
571.2891
571.2891
249.0234
249.0234
0.0000
0.0000
0.0000
0.0000
0.0000
0.0000
0.0000
0.0000
0.0000
0.0000
0.0000
0.0000
0.0000
0.0000
0.0000
0.0000
0.0000
0.0000
0.0000
0.0000
0.0000
0.0000
0.0000
0.0000
0.0000
0.0000
0.0000
0.0000
0.0000
0.0000
0.0000
0.0000
0.0000
0.0000
0.0000
0.0000
0.0000
0.0000
0.0000
0.0000
0.0000
0.0000
0.0000
0.0000
0.0000
0.0000
0.0000
0.0000
0.0000
0.0000
0.0000
0.0000
0.0000
0.0000
0.0000
0.0000
43.9453
43.9453
102.5391
102.5391
131.8359
131.8359
195.3125
195.3125
283.2031
283.2031
322.2656
322.2656
332.0312
332.0312
405.2734
405.2734
449.2187
449.2187
439.4531
439.4531
458.9844
458.9844
502.9297
502.9297
483.3984
483.3984
444.3359
444.3359
483.3984
483.3984
517.5781
517.5781
522.4609
522.4609
556.6406
556.6406
649.4141
649.4141
698.2422
698.2422
737.3047
737.3047
864.2578
864.2578
1005.8594
1005.8594
1123.0469
1123.0469
1196.2891
1196.2891
1215.8203
1215.8203
1059.5703
1059.5703
756.8359
756.8359
468.7500
468.7500
190.4297
190.4297
0.0000
0.0000
0.0000
0.0000
0.0000
0.0000
0.0000
0.0000
0.0000
0.0000
0.0000
0.0000
0.0000
0.0000
0.0000
0.0000
0.0000
0.0000
0.0000
0.0000
0.0000
0.0000
0.0000
0.0000
0.0000
0.0000
0.0000
0.0000
0.0000
0.0000
0.0000
0.0000
0.0000
0.0000
0.0000
0.0000
0.0000
0.0000
0.0000
0.0000
0.0000
0.0000
0.0000
0.0000
0.0000
0.0000
0.0000
0.0000
0.0000
0.0000
34.1797
34.1797
107.4219
107.4219
219.7266
219.7266
283.2031
283.2031
307.6172
307.6172
380.8594
380.8594
419.9219
419.9219
385.7422
385.7422
346.6797
346.6797
341.7969
341.7969
278.3203
278.3203
185.5469
185.5469
175.7812
175.7812
170.8984
170.8984
161.1328
161.1328
180.6641
180.6641
278.3203
278.3203
356.4453
356.4453
434.5703
434.5703
576.1719
576.1719
712.8906
712.8906
791.0156
791.0156
883.7891
883.7891
1030.2734
1030.2734
1132.8125
1132.8125
1157.2266
1157.2266
1137.6953
1020.5078
1020.5078
766.6016
766.6016
439.4531
439.4531
161.1328
161.1328
0.0000
0.0000
0.0000
0.0000
0.0000
0.0000
0.0000
0.0000
0.0000
0.0000
0.0000
0.0000
0.0000
0.0000
0.0000
0.0000
0.0000
0.0000
0.0000
0.0000
0.0000
0.0000
0.0000
0.0000
0.0000
0.0000
0.0000
0.0000
0.0000
0.0000
0.0000
0.0000
0.0000
0.0000
0.0000
0.0000
0.0000
0.0000
0.0000
0.0000
0.0000
0.0000
0.0000
0.0000
0.0000
0.0000
0.0000
0.0000
83.0078
83.0078
185.5469
185.5469
229.4922
229.4922
317.3828
317.3828
356.4453
356.4453
332.0312
332.0312
302.7344
302.7344
322.2656
322.2656
288.0859
288.0859
229.4922
229.4922
234.3750
234.3750
244.1406
244.1406
224.6094
224.6094
234.3750
234.3750
332.0312
332.0312
405.2734
405.2734
454.1016
454.1016
546.8750
546.8750
634.7656
634.7656
683.5937
683.5937
722.6562
722.6562
815.4297
815.4297
859.3750
859.3750
859.3750
859.3750
883.7891
883.7891
917.9687
917.9687
927.7344
927.7344
952.1484
952.1484
1059.5703
1059.5703
1083.9844
1083.9844
976.5625
976.5625
805.6641
805.6641
581.0547
581.0547
297.8516
297.8516
29.2969
29.2969
0.0000
0.0000
0.0000
0.0000
0.0000
0.0000
0.0000
0.0000
0.0000
0.0000
0.0000
0.0000
0.0000
0.0000
0.0000
0.0000
0.0000
0.0000
0.0000
0.0000
0.0000
0.0000
0.0000
0.0000
0.0000
0.0000
0.0000
0.0000
0.0000
0.0000
0.0000
0.0000
0.0000
0.0000
0.0000
0.0000
0.0000
0.0000
0.0000
0.0000
0.0000
0.0000
0.0000
0.0000
0.0000
0.0000
0.0000
0.0000
0.0000
0.0000
9.7656
9.7656
0.0000
0.0000
0.0000
0.0000
0.0000
0.0000
39.0625
39.0625
58.5937
58.5937
92.7734
92.7734
205.0781
205.0781
258.7891
258.7891
278.3203
278.3203
346.6797
346.6797
415.0391
415.0391
424.8047
424.8047
429.6875
429.6875
483.3984
483.3984
483.3984
483.3984
429.6875
429.6875
424.8047
424.8047
444.3359
444.3359
434.5703
434.5703
434.5703
434.5703
517.5781
517.5781
571.2891
571.2891
595.7031
595.7031
683.5937
683.5937
830.0781
830.0781
947.2656
947.2656
1005.8594
1005.8594
1054.6875
1054.6875
966.7969
966.7969
737.3047
737.3047
473.6328
473.6328
239.2578
239.2578
0.0000
0.0000
0.0000
0.0000
0.0000
0.0000
0.0000
0.0000
0.0000
0.0000
0.0000
0.0000
0.0000
0.0000
0.0000
0.0000
0.0000
0.0000
0.0000
0.0000
0.0000
0.0000
0.0000
0.0000
0.0000
0.0000
0.0000
0.0000
0.0000
0.0000
0.0000
0.0000
0.0000
0.0000
0.0000
0.0000
0.0000
0.0000
0.0000
0.0000
0.0000
0.0000
0.0000
0.0000
0.0000
0.0000
0.0000
0.0000
4.8828
4.8828
14.6484
14.6484
34.1797
34.1797
131.8359
131.8359
195.3125
195.3125
229.4922
229.4922
317.3828
317.3828
395.5078
395.5078
410.1562
410.1562
390.6250
390.6250
419.9219
419.9219
405.2734
405.2734
361.3281
361.3281
361.3281
361.3281
380.8594
380.8594
351.5625
351.5625
307.6172
307.6172
346.6797
346.6797
380.8594
380.8594
405.2734
405.2734
483.3984
483.3984
595.7031
595.7031
664.0625
664.0625
722.6562
722.6562
878.9062
878.9062
1035.1562
1035.1562
1123.0469
1123.0469
1132.8125
1132.8125
1044.9219
1044.9219
776.3672
776.3672
400.3906
400.3906
87.8906
87.8906
0.0000
0.0000
0.0000
0.0000
0.0000
0.0000
0.0000
0.0000
0.0000
0.0000
0.0000
0.0000
0.0000
0.0000
0.0000
0.0000
0.0000
0.0000
0.0000
0.0000
0.0000
0.0000
0.0000
0.0000
0.0000
0.0000
0.0000
0.0000
0.0000
0.0000
0.0000
0.0000
0.0000
0.0000
0.0000
0.0000
0.0000
0.0000
0.0000
0.0000
0.0000
0.0000
0.0000
0.0000
0.0000
0.0000
0.0000
0.0000
83.0078
83.0078
170.8984
170.8984
180.6641
180.6641
219.7266
219.7266
273.4375
273.4375
278.3203
278.3203
258.7891
258.7891
288.0859
288.0859
258.7891
258.7891
175.7812
175.7812
131.8359
131.8359
131.8359
131.8359
102.5391
102.5391
73.2422
73.2422
122.0703
122.0703
166.0156
166.0156
195.3125
195.3125
263.6719
263.6719
380.8594
380.8594
454.1016
454.1016
517.5781
517.5781
634.7656
634.7656
722.6562
722.6562
742.1875
742.1875
756.8359
756.8359
825.1953
825.1953
869.1406
869.1406
903.3203
903.3203
957.0312
957.0312
908.2031
908.2031
727.5391
727.5391
493.1641
493.1641
297.8516
297.8516
68.3594
68.3594
0.0000
0.0000
0.0000
0.0000
0.0000
0.0000
0.0000
0.0000
0.0000
0.0000
0.0000
0.0000
0.0000
0.0000
0.0000
0.0000
0.0000
0.0000
0.0000
0.0000
0.0000
0.0000
0.0000
0.0000
0.0000
0.0000
0.0000
0.0000
0.0000
0.0000
0.0000
0.0000
0.0000
0.0000
0.0000
0.0000
0.0000
0.0000
0.0000
0.0000
0.0000
0.0000
0.0000
0.0000
24.4141
24.4141
122.0703
122.0703
156.2500
156.2500
156.2500
156.2500
205.0781
205.0781
209.9609
209.9609
170.8984
170.8984
166.0156
166.0156
209.9609
209.9609
214.8437
214.8437
195.3125
195.3125
239.2578
239.2578
253.9062
253.9062
239.2578
239.2578
249.0234
249.0234
322.2656
322.2656
361.3281
361.3281
380.8594
380.8594
458.9844
458.9844
512.6953
512.6953
532.2266
532.2266
566.4062
566.4062
649.4141
649.4141
688.4766
688.4766
693.3594
693.3594
756.8359
756.8359
805.6641
805.6641
839.8437
839.8437
913.0859
913.0859
1049.8047
1049.8047
1088.8672
1088.8672
1005.8594
1005.8594
883.7891
883.7891
688.4766
688.4766
415.0391
415.0391
166.0156
166.0156
14.6484
14.6484
0.0000
0.0000
0.0000
0.0000
0.0000
0.0000
0.0000
0.0000
0.0000
0.0000
0.0000
0.0000
0.0000
0.0000
0.0000
0.0000
0.0000
0.0000
0.0000
0.0000
0.0000
0.0000
0.0000
0.0000
0.0000
0.0000
0.0000
0.0000
0.0000
0.0000
0.0000
0.0000
0.0000
0.0000
0.0000
0.0000
0.0000
0.0000
0.0000
0.0000
0.0000
0.0000
0.0000
0.0000
0.0000
0.0000
0.0000
0.0000
0.0000
0.0000
0.0000
0.0000
0.0000
0.0000
0.0000
0.0000
29.2969
29.2969
83.0078
83.0078
136.7187
136.7187
229.4922
229.4922
278.3203
278.3203
283.2031
283.2031
346.6797
346.6797
380.8594
380.8594
375.9766
375.9766
366.2109
366.2109
400.3906
400.3906
385.7422
385.7422
361.3281
361.3281
405.2734
405.2734
473.6328
473.6328
512.6953
512.6953
561.5234
561.5234
668.9453
668.9453
751.9531
751.9531
815.4297
815.4297
952.1484
952.1484
1108.3984
1108.3984
1201.1719
1201.1719
1191.4062
1191.4062
1137.6953
1137.6953
937.5000
937.5000
600.5859
600.5859
263.6719
263.6719
0.0000
0.0000
0.0000
0.0000
0.0000
0.0000
0.0000
0.0000
0.0000
0.0000
0.0000
0.0000
0.0000
0.0000
0.0000
0.0000
0.0000
0.0000
0.0000
0.0000
0.0000
0.0000
0.0000
0.0000
0.0000
0.0000
0.0000
0.0000
0.0000
0.0000
0.0000
0.0000
0.0000
0.0000
0.0000
0.0000
0.0000
0.0000
0.0000
0.0000
0.0000
0.0000
0.0000
0.0000
0.0000
0.0000
0.0000
0.0000
0.0000
0.0000
107.4219
107.4219
175.7812
175.7812
239.2578
239.2578
346.6797
346.6797
390.6250
390.6250
400.3906
400.3906
458.9844
458.9844
488.2812
488.2812
444.3359
444.3359
385.7422
385.7422
385.7422
385.7422
351.5625
351.5625
292.9687
292.9687
297.8516
297.8516
312.5000
312.5000
307.6172
307.6172
336.9141
336.9141
449.2187
449.2187
532.2266
532.2266
595.7031
595.7031
703.1250
703.1250
820.3125
820.3125
869.1406
869.1406
908.2031
908.2031
996.0937
996.0937
1054.6875
1054.6875
1059.5703
1059.5703
1025.3906
1025.3906
927.7344
927.7344
722.6562
722.6562
478.5156
478.5156
312.5000
312.5000
151.3672
151.3672
0.0000
0.0000
0.0000
0.0000
0.0000
0.0000
0.0000
0.0000
0.0000
0.0000
0.0000
0.0000
0.0000
0.0000
0.0000
0.0000
0.0000
0.0000
0.0000
0.0000
0.0000
0.0000
0.0000
0.0000
0.0000
0.0000
0.0000
0.0000
0.0000
0.0000
0.0000
0.0000
0.0000
0.0000
0.0000
0.0000
0.0000
0.0000
0.0000
0.0000
0.0000
0.0000
0.0000
0.0000
0.0000
0.0000
19.5312
19.5312
68.3594
68.3594
53.7109
53.7109
78.1250
78.1250
102.5391
102.5391
87.8906
87.8906
68.3594
68.3594
122.0703
122.0703
126.9531
126.9531
92.7734
92.7734
117.1875
117.1875
161.1328
161.1328
170.8984
170.8984
209.9609
209.9609
322.2656
322.2656
410.1562
410.1562
439.4531
439.4531
498.0469
498.0469
566.4062
566.4062
585.9375
585.9375
595.7031
595.7031
673.8281
673.8281
693.3594
693.3594
664.0625
664.0625
664.0625
664.0625
737.3047
737.3047
795.8984
795.8984
859.3750
859.3750
957.0312
957.0312
952.1484
952.1484
815.4297
815.4297
639.6484
639.6484
468.7500
468.7500
253.9062
253.9062
43.9453
43.9453
0.0000
0.0000
0.0000
0.0000
0.0000
0.0000
0.0000
0.0000
0.0000
0.0000
0.0000
0.0000
0.0000
0.0000
0.0000
0.0000
0.0000
0.0000
0.0000
0.0000
0.0000
0.0000
0.0000
0.0000
0.0000
0.0000
0.0000
0.0000
0.0000
0.0000
0.0000
0.0000
0.0000
0.0000
0.0000
0.0000
0.0000
0.0000
0.0000
0.0000
0.0000
0.0000
0.0000
53.7109
53.7109
48.8281
48.8281
34.1797
34.1797
78.1250
78.1250
92.7734
92.7734
92.7734
83.0078
83.0078
117.1875
117.1875
180.6641
209.9609
209.9609
219.7266
219.7266
302.7344
302.7344
351.5625
351.5625
366.2109
366.2109
415.0391
415.0391
488.2812
488.2812
517.5781
517.5781
512.6953
512.6953
551.7578
551.7578
556.6406
556.6406
532.2266
532.2266
551.7578
551.7578
610.3516
610.3516
634.7656
634.7656
644.5312
644.5312
732.4219
732.4219
825.1953
825.1953
917.9687
917.9687
1054.6875
1054.6875
1181.6406
1181.6406
1162.1094
1162.1094
1005.8594
1005.8594
815.4297
815.4297
546.8750
546.8750
244.1406
244.1406
4.8828
4.8828
0.0000
0.0000
0.0000
0.0000
0.0000
0.0000
0.0000
0.0000
0.0000
0.0000
0.0000
0.0000
0.0000
0.0000
0.0000
0.0000
0.0000
0.0000
0.0000
0.0000
0.0000
0.0000
0.0000
0.0000
0.0000
0.0000
0.0000
0.0000
0.0000
0.0000
0.0000
0.0000
0.0000
0.0000
0.0000
0.0000
0.0000
0.0000
0.0000
0.0000
0.0000
0.0000
0.0000
0.0000
0.0000
0.0000
0.0000
0.0000
19.5312
19.5312
107.4219
107.4219
151.3672
151.3672
185.5469
185.5469
302.7344
302.7344
371.0937
371.0937
400.3906
400.3906
444.3359
444.3359
488.2812
488.2812
444.3359
444.3359
341.7969
341.7969
307.6172
307.6172
244.1406
244.1406
161.1328
161.1328
136.7187
136.7187
166.0156
166.0156
151.3672
151.3672
131.8359
131.8359
219.7266
219.7266
317.3828
317.3828
390.6250
390.6250
488.2812
488.2812
615.2344
615.2344
688.4766
688.4766
732.4219
732.4219
854.4922
854.4922
986.3281
986.3281
1054.6875
1054.6875
1059.5703
1059.5703
996.0937
996.0937
786.1328
786.1328
493.1641
493.1641
258.7891
258.7891
48.8281
48.8281
0.0000
0.0000
0.0000
0.0000
0.0000
0.0000
0.0000
0.0000
0.0000
0.0000
0.0000
0.0000
0.0000
0.0000
0.0000
0.0000
0.0000
0.0000
0.0000
0.0000
0.0000
0.0000
0.0000
0.0000
0.0000
0.0000
0.0000
0.0000
0.0000
0.0000
0.0000
0.0000
0.0000
0.0000
0.0000
0.0000
0.0000
0.0000
0.0000
0.0000
0.0000
0.0000
0.0000
0.0000
0.0000
0.0000
58.5937
58.5937
151.3672
151.3672
170.8984
170.8984
200.1953
200.1953
258.7891
258.7891
258.7891
258.7891
224.6094
224.6094
253.9062
253.9062
239.2578
239.2578
185.5469
185.5469
161.1328
161.1328
200.1953
200.1953
214.8437
214.8437
214.8437
214.8437
288.0859
288.0859
356.4453
356.4453
395.5078
395.5078
449.2187
449.2187
556.6406
556.6406
629.8828
629.8828
673.8281
673.8281
766.6016
766.6016
825.1953
825.1953
825.1953
825.1953
815.4297
815.4297
878.9062
878.9062
917.9687
917.9687
947.2656
947.2656
986.3281
986.3281
932.6172
932.6172
742.1875
742.1875
517.5781
517.5781
361.3281
361.3281
200.1953
200.1953
24.4141
24.4141
0.0000
0.0000
0.0000
0.0000
0.0000
0.0000
0.0000
0.0000
0.0000
0.0000
0.0000
0.0000
0.0000
0.0000
0.0000
0.0000
0.0000
0.0000
0.0000
0.0000
0.0000
0.0000
0.0000
0.0000
0.0000
0.0000
0.0000
0.0000
0.0000
0.0000
0.0000
0.0000
0.0000
0.0000
0.0000
0.0000
0.0000
0.0000
0.0000
0.0000
0.0000
0.0000
0.0000
0.0000
0.0000
0.0000
0.0000
0.0000
0.0000
0.0000
0.0000
0.0000
0.0000
0.0000
0.0000
0.0000
0.0000
0.0000
48.8281
48.8281
78.1250
78.1250
68.3594
68.3594
136.7187
136.7187
195.3125
195.3125
229.4922
229.4922
278.3203
278.3203
375.9766
375.9766
424.8047
424.8047
429.6875
429.6875
478.5156
478.5156
532.2266
532.2266
541.9922
541.9922
546.8750
546.8750
610.3516
610.3516
634.7656
634.7656
615.2344
615.2344
668.9453
668.9453
761.7187
761.7187
839.8437
839.8437
883.7891
883.7891
922.8516
922.8516
844.7266
844.7266
639.6484
639.6484
434.5703
434.5703
244.1406
244.1406
14.6484
14.6484
0.0000
0.0000
0.0000
0.0000
0.0000
0.0000
0.0000
0.0000
0.0000
0.0000
0.0000
0.0000
0.0000
0.0000
0.0000
0.0000
0.0000
0.0000
0.0000
0.0000
0.0000
0.0000
0.0000
0.0000
0.0000
0.0000
0.0000
0.0000
0.0000
0.0000
0.0000
0.0000
0.0000
0.0000
0.0000
0.0000
43.9453
43.9453
141.6016
141.6016
170.8984
170.8984
146.4844
146.4844
195.3125
195.3125
224.6094
224.6094
205.0781
205.0781
200.1953
200.1953
263.6719
263.6719
283.2031
283.2031
297.8516
297.8516
385.7422
385.7422
483.3984
483.3984
522.4609
522.4609
551.7578
551.7578
629.8828
629.8828
654.2969
654.2969
644.5312
644.5312
688.4766
688.4766
717.7734
717.7734
683.5937
683.5937
629.8828
629.8828
649.4141
649.4141
634.7656
634.7656
595.7031
595.7031
615.2344
615.2344
688.4766
688.4766
722.6562
722.6562
756.8359
756.8359
898.4375
898.4375
1040.0391
1040.0391
1157.2266
1157.2266
1284.1797
1284.1797
1372.0703
1372.0703
1303.7109
1303.7109
1108.3984
1108.3984
893.5547
893.5547
615.2344
615.2344
283.2031
283.2031
4.8828
4.8828
0.0000
0.0000
0.0000
0.0000
0.0000
0.0000
0.0000
0.0000
0.0000
0.0000
0.0000
0.0000
0.0000
0.0000
0.0000
0.0000
0.0000
0.0000
0.0000
0.0000
0.0000
0.0000
0.0000
0.0000
0.0000
0.0000
0.0000
0.0000
0.0000
0.0000
0.0000
0.0000
0.0000
0.0000
0.0000
0.0000
0.0000
0.0000
0.0000
0.0000
0.0000
0.0000
0.0000
0.0000
0.0000
0.0000
0.0000
0.0000
0.0000
0.0000
0.0000
0.0000
0.0000
0.0000
0.0000
0.0000
48.8281
48.8281
87.8906
87.8906
78.1250
78.1250
92.7734
92.7734
102.5391
102.5391
39.0625
39.0625
0.0000
0.0000
0.0000
0.0000
0.0000
0.0000
0.0000
0.0000
19.5312
19.5312
102.5391
102.5391
141.6016
141.6016
185.5469
185.5469
312.5000
312.5000
424.8047
424.8047
498.0469
498.0469
581.0547
581.0547
688.4766
688.4766
737.3047
737.3047
756.8359
756.8359
869.1406
869.1406
981.4453
981.4453
1005.8594
1005.8594
957.0312
957.0312
859.3750
859.3750
625.0000
625.0000
322.2656
322.2656
102.5391
102.5391
0.0000
0.0000
0.0000
0.0000
0.0000
0.0000
0.0000
0.0000
0.0000
0.0000
0.0000
0.0000
0.0000
0.0000
0.0000
0.0000
0.0000
0.0000
0.0000
0.0000
0.0000
0.0000
0.0000
0.0000
0.0000
0.0000
0.0000
0.0000
0.0000
0.0000
0.0000
0.0000
0.0000
0.0000
0.0000
0.0000
0.0000
0.0000
0.0000
0.0000
0.0000
0.0000
0.0000
0.0000
0.0000
0.0000
0.0000
0.0000
122.0703
122.0703
195.3125
195.3125
205.0781
205.0781
239.2578
239.2578
288.0859
288.0859
278.3203
278.3203
249.0234
249.0234
283.2031
283.2031
273.4375
273.4375
209.9609
209.9609
185.5469
185.5469
209.9609
209.9609
224.6094
224.6094
239.2578
239.2578
336.9141
336.9141
410.1562
410.1562
434.5703
434.5703
478.5156
478.5156
581.0547
581.0547
639.6484
639.6484
659.1797
659.1797
722.6562
722.6562
751.9531
751.9531
732.4219
732.4219
727.5391
727.5391
786.1328
786.1328
830.0781
830.0781
883.7891
883.7891
1000.9766
1000.9766
1079.1016
1079.1016
1040.0391
1040.0391
913.0859
913.0859
776.3672
776.3672
551.7578
551.7578
288.0859
288.0859
87.8906
87.8906
0.0000
0.0000
0.0000
0.0000
0.0000
0.0000
0.0000
0.0000
0.0000
0.0000
0.0000
0.0000
0.0000
0.0000
0.0000
0.0000
0.0000
0.0000
0.0000
0.0000
0.0000
0.0000
0.0000
0.0000
0.0000
0.0000
0.0000
0.0000
0.0000
0.0000
0.0000
0.0000
0.0000
0.0000
0.0000
0.0000
0.0000
0.0000
0.0000
0.0000
0.0000
0.0000
0.0000
0.0000
0.0000
0.0000
0.0000
0.0000
0.0000
0.0000
0.0000
0.0000
0.0000
0.0000
0.0000
0.0000
73.2422
73.2422
122.0703
122.0703
136.7187
136.7187
214.8437
214.8437
283.2031
283.2031
302.7344
302.7344
327.1484
327.1484
385.7422
385.7422
390.6250
390.6250
351.5625
351.5625
366.2109
366.2109
380.8594
380.8594
371.0937
371.0937
375.9766
375.9766
454.1016
454.1016
488.2812
488.2812
502.9297
502.9297
576.1719
576.1719
668.9453
668.9453
742.1875
742.1875
854.4922
854.4922
1044.9219
1044.9219
1147.4609
1147.4609
1118.1641
1118.1641
1010.7422
1010.7422
800.7812
800.7812
458.9844
458.9844
73.2422
73.2422
0.0000
0.0000
0.0000
0.0000
0.0000
0.0000
0.0000
0.0000
0.0000
0.0000
0.0000
0.0000
0.0000
0.0000
0.0000
0.0000
0.0000
0.0000
0.0000
0.0000
0.0000
0.0000
0.0000
0.0000
0.0000
0.0000
0.0000
0.0000
0.0000
0.0000
0.0000
0.0000
0.0000
0.0000
0.0000
0.0000
0.0000
0.0000
0.0000
0.0000
0.0000
0.0000
0.0000
0.0000
0.0000
0.0000
0.0000
0.0000
0.0000
14.6484
14.6484
97.6562
97.6562
97.6562
166.0156
166.0156
278.3203
278.3203
366.2109
366.2109
385.7422
385.7422
390.6250
434.5703
434.5703
415.0391
415.0391
356.4453
356.4453
351.5625
351.5625
351.5625
366.2109
366.2109
346.6797
346.6797
327.1484
380.8594
380.8594
415.0391
415.0391
439.4531
439.4531
537.1094
537.1094
659.1797
659.1797
742.1875
742.1875
810.5469
810.5469
932.6172
932.6172
1010.7422
1010.7422
1069.3359
1069.3359
1166.9922
1166.9922
1264.6484
1264.6484
1240.2344
1240.2344
1113.2812
1113.2812
947.2656
947.2656
659.1797
659.1797
292.9687
292.9687
0.0000
0.0000
0.0000
0.0000
0.0000
0.0000
0.0000
0.0000
0.0000
0.0000
0.0000
0.0000
0.0000
0.0000
0.0000
0.0000
0.0000
0.0000
0.0000
0.0000
0.0000
0.0000
0.0000
0.0000
0.0000
0.0000
0.0000
0.0000
0.0000
0.0000
0.0000
0.0000
0.0000
0.0000
0.0000
0.0000
0.0000
0.0000
0.0000
0.0000
0.0000
0.0000
0.0000
0.0000
0.0000
0.0000
0.0000
0.0000
0.0000
0.0000
73.2422
73.2422
151.3672
151.3672
166.0156
166.0156
175.7812
175.7812
239.2578
239.2578
244.1406
244.1406
195.3125
195.3125
200.1953
200.1953
224.6094
224.6094
214.8437
214.8437
209.9609
209.9609
288.0859
288.0859
322.2656
322.2656
332.0312
332.0312
400.3906
400.3906
498.0469
498.0469
541.9922
541.9922
566.4062
566.4062
654.2969
654.2969
703.1250
703.1250
708.0078
708.0078
737.3047
737.3047
786.1328
786.1328
800.7812
800.7812
820.3125
820.3125
922.8516
922.8516
961.9141
961.9141
869.1406
869.1406
688.4766
688.4766
449.2187
449.2187
112.3047
112.3047
0.0000
0.0000
0.0000
0.0000
0.0000
0.0000
0.0000
0.0000
0.0000
0.0000
0.0000
0.0000
0.0000
0.0000
0.0000
0.0000
0.0000
0.0000
0.0000
0.0000
0.0000
0.0000
0.0000
0.0000
0.0000
0.0000
0.0000
0.0000
0.0000
0.0000
0.0000
0.0000
0.0000
0.0000
0.0000
0.0000
0.0000
0.0000
0.0000
0.0000
0.0000
0.0000
0.0000
0.0000
29.2969
29.2969
136.7187
136.7187
180.6641
180.6641
209.9609
209.9609
278.3203
278.3203
278.3203
278.3203
229.4922
229.4922
224.6094
224.6094
239.2578
239.2578
200.1953
200.1953
175.7812
175.7812
229.4922
229.4922
253.9062
253.9062
253.9062
253.9062
302.7344
302.7344
385.7422
385.7422
434.5703
434.5703
468.7500
468.7500
561.5234
561.5234
605.4687
605.4687
595.7031
595.7031
595.7031
595.7031
629.8828
629.8828
620.1172
620.1172
590.8203
590.8203
649.4141
649.4141
688.4766
688.4766
688.4766
688.4766
727.5391
727.5391
859.3750
859.3750
966.7969
966.7969
1025.3906
1025.3906
1054.6875
1054.6875
957.0312
957.0312
722.6562
722.6562
483.3984
483.3984
307.6172
307.6172
117.1875
117.1875
0.0000
0.0000
0.0000
0.0000
0.0000
0.0000
0.0000
0.0000
0.0000
0.0000
0.0000
0.0000
0.0000
0.0000
0.0000
0.0000
0.0000
0.0000
0.0000
0.0000
0.0000
0.0000
0.0000
0.0000
0.0000
0.0000
0.0000
0.0000
0.0000
0.0000
0.0000
0.0000
0.0000
0.0000
0.0000
0.0000
0.0000
0.0000
0.0000
0.0000
0.0000
0.0000
0.0000
0.0000
0.0000
0.0000
0.0000
0.0000
0.0000
0.0000
0.0000
0.0000
34.1797
34.1797
112.3047
112.3047
161.1328
161.1328
239.2578
239.2578
322.2656
322.2656
322.2656
322.2656
278.3203
278.3203
292.9687
292.9687
288.0859
288.0859
239.2578
239.2578
224.6094
224.6094
234.3750
234.3750
195.3125
195.3125
146.4844
146.4844
175.7812
175.7812
209.9609
209.9609
229.4922
229.4922
292.9687
292.9687
419.9219
419.9219
507.8125
507.8125
561.5234
561.5234
668.9453
668.9453
771.4844
771.4844
849.6094
849.6094
942.3828
942.3828
1079.1016
1079.1016
1103.5156
1103.5156
1000.9766
1000.9766
844.7266
844.7266
615.2344
615.2344
327.1484
327.1484
58.5937
58.5937
0.0000
0.0000
0.0000
0.0000
0.0000
0.0000
0.0000
0.0000
0.0000
0.0000
0.0000
0.0000
0.0000
0.0000
0.0000
0.0000
0.0000
0.0000
0.0000
0.0000
0.0000
0.0000
0.0000
0.0000
0.0000
0.0000
0.0000
0.0000
0.0000
0.0000
0.0000
0.0000
0.0000
0.0000
0.0000
0.0000
0.0000
0.0000
0.0000
0.0000
0.0000
0.0000
0.0000
0.0000
0.0000
0.0000
0.0000
0.0000
58.5937
58.5937
156.2500
156.2500
205.0781
205.0781
229.4922
229.4922
288.0859
288.0859
327.1484
327.1484
302.7344
302.7344
273.4375
273.4375
283.2031
283.2031
253.9062
253.9062
209.9609
209.9609
244.1406
244.1406
278.3203
278.3203
278.3203
278.3203
292.9687
292.9687
380.8594
380.8594
444.3359
444.3359
483.3984
483.3984
581.0547
581.0547
678.7109
678.7109
722.6562
722.6562
751.9531
751.9531
830.0781
830.0781
864.2578
864.2578
859.3750
859.3750
903.3203
903.3203
981.4453
981.4453
1015.6250
1015.6250
981.4453
981.4453
922.8516
922.8516
732.4219
732.4219
454.1016
454.1016
244.1406
244.1406
97.6562
97.6562
0.0000
0.0000
0.0000
0.0000
0.0000
0.0000
0.0000
0.0000
0.0000
0.0000
0.0000
0.0000
0.0000
0.0000
0.0000
0.0000
0.0000
0.0000
0.0000
0.0000
0.0000
0.0000
0.0000
0.0000
0.0000
0.0000
0.0000
0.0000
0.0000
0.0000
0.0000
0.0000
0.0000
0.0000
0.0000
0.0000
0.0000
0.0000
0.0000
0.0000
0.0000
0.0000
0.0000
0.0000
24.4141
24.4141
102.5391
102.5391
151.3672
151.3672
141.6016
141.6016
122.0703
122.0703
161.1328
161.1328
151.3672
151.3672
107.4219
107.4219
122.0703
122.0703
146.4844
146.4844
136.7187
136.7187
146.4844
146.4844
224.6094
224.6094
268.5547
268.5547
273.4375
273.4375
322.2656
322.2656
385.7422
385.7422
410.1562
410.1562
424.8047
424.8047
498.0469
498.0469
512.6953
512.6953
493.1641
493.1641
507.8125
507.8125
532.2266
532.2266
517.5781
517.5781
512.6953
512.6953
590.8203
590.8203
678.7109
678.7109
776.3672
776.3672
922.8516
922.8516
1049.8047
1049.8047
1059.5703
1059.5703
942.3828
942.3828
805.6641
805.6641
595.7031
595.7031
312.5000
312.5000
14.6484
14.6484
0.0000
0.0000
0.0000
0.0000
0.0000
0.0000
0.0000
0.0000
0.0000
0.0000
0.0000
0.0000
0.0000
0.0000
0.0000
0.0000
0.0000
0.0000
0.0000
0.0000
0.0000
0.0000
0.0000
0.0000
0.0000
0.0000
0.0000
0.0000
0.0000
0.0000
0.0000
0.0000
0.0000
0.0000
0.0000
0.0000
0.0000
0.0000
0.0000
0.0000
0.0000
0.0000
0.0000
0.0000
0.0000
0.0000
0.0000
0.0000
43.9453
43.9453
122.0703
122.0703
166.0156
166.0156
205.0781
205.0781
312.5000
312.5000
380.8594
380.8594
405.2734
405.2734
463.8672
463.8672
537.1094
537.1094
546.8750
546.8750
522.4609
522.4609
541.9922
541.9922
507.8125
507.8125
434.5703
434.5703
415.0391
415.0391
419.9219
419.9219
415.0391
415.0391
405.2734
405.2734
483.3984
483.3984
551.7578
551.7578
600.5859
600.5859
688.4766
688.4766
815.4297
815.4297
898.4375
898.4375
971.6797
971.6797
1108.3984
1108.3984
1196.2891
1196.2891
1181.6406
1181.6406
1059.5703
1059.5703
859.3750
859.3750
541.9922
541.9922
205.0781
205.0781
0.0000
0.0000
0.0000
0.0000
0.0000
0.0000
0.0000
0.0000
0.0000
0.0000
0.0000
0.0000
0.0000
0.0000
0.0000
0.0000
0.0000
0.0000
0.0000
0.0000
0.0000
0.0000
0.0000
0.0000
0.0000
0.0000
0.0000
0.0000
0.0000
0.0000
0.0000
0.0000
0.0000
0.0000
0.0000
0.0000
0.0000
0.0000
0.0000
0.0000
0.0000
0.0000
0.0000
0.0000
0.0000
0.0000
0.0000
0.0000
0.0000
0.0000
0.0000
0.0000
29.2969
29.2969
87.8906
87.8906
161.1328
161.1328
229.4922
229.4922
224.6094
224.6094
175.7812
175.7812
185.5469
185.5469
166.0156
166.0156
122.0703
122.0703
126.9531
126.9531
170.8984
170.8984
151.3672
151.3672
112.3047
112.3047
151.3672
151.3672
195.3125
195.3125
229.4922
229.4922
307.6172
307.6172
424.8047
424.8047
488.2812
488.2812
512.6953
512.6953
595.7031
595.7031
649.4141
649.4141
654.2969
654.2969
668.9453
668.9453
751.9531
751.9531
805.6641
805.6641
849.6094
849.6094
922.8516
922.8516
922.8516
922.8516
795.8984
795.8984
605.4687
605.4687
434.5703
434.5703
234.3750
234.3750
34.1797
34.1797
0.0000
0.0000
0.0000
0.0000
0.0000
0.0000
0.0000
0.0000
0.0000
0.0000
0.0000
0.0000
0.0000
0.0000
0.0000
0.0000
0.0000
0.0000
0.0000
0.0000
0.0000
0.0000
0.0000
0.0000
0.0000
0.0000
0.0000
0.0000
0.0000
0.0000
0.0000
0.0000
0.0000
0.0000
0.0000
0.0000
0.0000
0.0000
0.0000
0.0000
4.8828
4.8828
83.0078
83.0078
180.6641
180.6641
219.7266
219.7266
219.7266
219.7266
268.5547
268.5547
263.6719
263.6719
200.1953
200.1953
146.4844
141.6016
141.6016
117.1875
117.1875
117.1875
92.7734
92.7734
161.1328
161.1328
209.9609
209.9609
229.4922
229.4922
283.2031
283.2031
395.5078
395.5078
468.7500
502.9297
502.9297
581.0547
581.0547
634.7656
634.7656
625.0000
625.0000
615.2344
615.2344
615.2344
644.5312
644.5312
634.7656
605.4687
605.4687
654.2969
654.2969
717.7734
717.7734
776.3672
776.3672
834.9609
834.9609
913.0859
913.0859
864.2578
864.2578
703.1250
703.1250
546.8750
546.8750
385.7422
385.7422
209.9609
209.9609
43.9453
43.9453
0.0000
0.0000
0.0000
0.0000
0.0000
0.0000
0.0000
0.0000
0.0000
0.0000
0.0000
0.0000
0.0000
0.0000
0.0000
0.0000
0.0000
0.0000
0.0000
0.0000
0.0000
0.0000
0.0000
0.0000
0.0000
0.0000
0.0000
0.0000
0.0000
0.0000
0.0000
0.0000
0.0000
0.0000
0.0000
0.0000
0.0000
0.0000
0.0000
0.0000
0.0000
0.0000
0.0000
0.0000
0.0000
0.0000
0.0000
