0.0000
0.0000
0.0000
0.0000
0.0000
0.0000
0.0000
0.0000
0.0000
0.0000
0.0000
0.0000
0.0000
0.0000
0.0000
0.0000
0.0000
0.0000
0.0000
0.0000
0.0000
0.0000
0.0000
0.0000
0.0000
0.0000
0.0000
0.0000
0.0000
0.0000
0.0000
0.0000
0.0000
0.0000
0.0000
0.0000
0.0000
0.0000
0.0000
0.0000
0.0000
0.0000
0.0000
0.0000
0.0000
0.0000
0.0000
0.0000
0.0000
0.0000
0.0000
0.0000
0.0000
0.0000
0.0000
0.0000
0.0000
0.0000
0.0000
0.0000
0.0000
0.0000
0.0000
0.0000
0.0000
0.0000
0.0000
0.0000
0.0000
0.0000
0.0000
0.0000
0.0000
0.0000
0.0000
0.0000
0.0000
0.0000
0.0000
0.0000
0.0000
0.0000
0.0000
0.0000
0.0000
0.0000
0.0000
0.0000
0.0000
0.0000
0.0000
0.0000
0.0000
0.0000
0.0000
0.0000
0.0000
0.0000
0.0000
0.0000
0.0000
0.0000
0.0000
0.0000
0.0000
0.0000
0.0000
0.0000
0.0000
0.0000
0.0000
0.0000
0.0000
0.0000
0.0000
0.0000
0.0000
0.0000
0.0000
0.0000
0.0000
0.0000
0.0000
0.0000
0.0000
0.0000
0.0000
0.0000
0.0000
0.0000
0.0000
0.0000
0.0000
0.0000
0.0000
0.0000
0.0000
0.0000
0.0000
0.0000
0.0000
0.0000
0.0000
0.0000
0.0000
0.0000
0.0000
0.0000
0.0000
0.0000
0.0000
0.0000
0.0000
0.0000
0.0000
0.0000
0.0000
0.0000
0.0000
0.0000
0.0000
0.0000
0.0000
0.0000
0.0000
0.0000
0.0000
0.0000
0.0000
0.0000
0.0000
0.0000
0.0000
0.0000
0.0000
0.0000
0.0000
0.0000
0.0000
0.0000
0.0000
0.0000
0.0000
0.0000
0.0000
0.0000
0.0000
0.0000
0.0000
0.0000
0.0000
0.0000
0.0000
0.0000
0.0000
0.0000
0.0000
0.0000
0.0000
0.0000
0.0000
0.0000
0.0000
0.0000
0.0000
0.0000
0.0000
0.0000
0.0000
0.0000
0.0000
0.0000
0.0000
0.0000
0.0000
0.0000
0.0000
0.0000
0.0000
0.0000
0.0000
29.2969
29.2969
63.4766
63.4766
48.8281
48.8281
4.8828
4.8828
0.0000
0.0000
0.0000
0.0000
0.0000
0.0000
0.0000
0.0000
0.0000
0.0000
4.8828
4.8828
29.2969
29.2969
4.8828
4.8828
0.0000
0.0000
0.0000
0.0000
0.0000
0.0000
0.0000
0.0000
0.0000
0.0000
0.0000
0.0000
0.0000
0.0000
14.6484
14.6484
0.0000
0.0000
0.0000
0.0000
0.0000
0.0000
0.0000
0.0000
0.0000
0.0000
0.0000
0.0000
19.5312
19.5312
68.3594
68.3594
58.5937
58.5937
0.0000
0.0000
0.0000
0.0000
0.0000
0.0000
0.0000
0.0000
0.0000
0.0000
0.0000
0.0000
0.0000
0.0000
4.8828
4.8828
14.6484
14.6484
0.0000
0.0000
0.0000
0.0000
0.0000
0.0000
0.0000
0.0000
0.0000
0.0000
0.0000
0.0000
0.0000
73.2422
73.2422
102.5391
102.5391
68.3594
68.3594
0.0000
0.0000
0.0000
0.0000
0.0000
0.0000
0.0000
0.0000
0.0000
0.0000
0.0000
0.0000
39.0625
39.0625
63.4766
63.4766
53.7109
53.7109
4.8828
4.8828
0.0000
0.0000
0.0000
0.0000
0.0000
0.0000
0.0000
0.0000
0.0000
0.0000
43.9453
43.9453
63.4766
63.4766
53.7109
53.7109
19.5312
19.5312
0.0000
0.0000
0.0000
0.0000
0.0000
0.0000
4.8828
4.8828
58.5937
58.5937
102.5391
102.5391
122.0703
122.0703
97.6562
97.6562
58.5937
58.5937
9.7656
9.7656
0.0000
0.0000
0.0000
0.0000
9.7656
9.7656
48.8281
48.8281
78.1250
78.1250
68.3594
68.3594
34.1797
34.1797
0.0000
0.0000
0.0000
0.0000
0.0000
0.0000
0.0000
0.0000
0.0000
0.0000
0.0000
0.0000
14.6484
14.6484
24.4141
24.4141
0.0000
0.0000
0.0000
0.0000
0.0000
0.0000
0.0000
0.0000
0.0000
0.0000
0.0000
0.0000
9.7656
9.7656
58.5937
58.5937
63.4766
63.4766
14.6484
14.6484
0.0000
0.0000
0.0000
0.0000
0.0000
0.0000
0.0000
0.0000
0.0000
0.0000
0.0000
0.0000
0.0000
0.0000
0.0000
0.0000
0.0000
0.0000
0.0000
0.0000
0.0000
0.0000
0.0000
0.0000
0.0000
0.0000
0.0000
0.0000
0.0000
0.0000
0.0000
0.0000
34.1797
34.1797
19.5312
19.5312
0.0000
0.0000
0.0000
0.0000
0.0000
0.0000
0.0000
0.0000
0.0000
0.0000
0.0000
0.0000
4.8828
4.8828
24.4141
24.4141
4.8828
4.8828
0.0000
0.0000
0.0000
0.0000
0.0000
0.0000
0.0000
0.0000
0.0000
0.0000
0.0000
0.0000
24.4141
24.4141
29.2969
29.2969
0.0000
0.0000
0.0000
0.0000
0.0000
0.0000
0.0000
0.0000
0.0000
0.0000
0.0000
0.0000
58.5937
58.5937
97.6562
97.6562
102.5391
102.5391
68.3594
68.3594
24.4141
24.4141
0.0000
0.0000
0.0000
0.0000
0.0000
0.0000
58.5937
58.5937
117.1875
117.1875
151.3672
151.3672
131.8359
131.8359
73.2422
73.2422
0.0000
0.0000
0.0000
0.0000
0.0000
0.0000
0.0000
0.0000
0.0000
0.0000
34.1797
34.1797
73.2422
73.2422
73.2422
73.2422
39.0625
39.0625
0.0000
0.0000
0.0000
0.0000
0.0000
0.0000
0.0000
0.0000
0.0000
0.0000
48.8281
48.8281
102.5391
102.5391
117.1875
117.1875
97.6562
97.6562
34.1797
34.1797
0.0000
0.0000
0.0000
0.0000
0.0000
0.0000
0.0000
0.0000
0.0000
0.0000
0.0000
0.0000
0.0000
0.0000
0.0000
0.0000
0.0000
0.0000
0.0000
0.0000
0.0000
0.0000
0.0000
0.0000
0.0000
0.0000
0.0000
0.0000
0.0000
0.0000
9.7656
9.7656
0.0000
0.0000
0.0000
0.0000
0.0000
0.0000
0.0000
0.0000
0.0000
0.0000
0.0000
0.0000
29.2969
29.2969
63.4766
63.4766
73.2422
73.2422
48.8281
48.8281
0.0000
0.0000
0.0000
0.0000
0.0000
0.0000
0.0000
0.0000
0.0000
0.0000
53.7109
53.7109
97.6562
97.6562
107.4219
107.4219
68.3594
68.3594
4.8828
4.8828
0.0000
0.0000
0.0000
0.0000
0.0000
0.0000
0.0000
0.0000
87.8906
87.8906
151.3672
151.3672
180.6641
180.6641
151.3672
151.3672
83.0078
83.0078
14.6484
14.6484
0.0000
0.0000
0.0000
0.0000
53.7109
53.7109
126.9531
126.9531
185.5469
185.5469
190.4297
190.4297
146.4844
146.4844
63.4766
63.4766
0.0000
0.0000
0.0000
0.0000
0.0000
0.0000
0.0000
0.0000
24.4141
24.4141
92.7734
92.7734
112.3047
112.3047
83.0078
83.0078
9.7656
9.7656
0.0000
0.0000
0.0000
0.0000
0.0000
0.0000
0.0000
0.0000
9.7656
9.7656
78.1250
78.1250
107.4219
107.4219
83.0078
83.0078
24.4141
24.4141
0.0000
0.0000
0.0000
0.0000
0.0000
0.0000
0.0000
0.0000
0.0000
0.0000
0.0000
0.0000
0.0000
0.0000
0.0000
0.0000
0.0000
0.0000
0.0000
0.0000
0.0000
0.0000
0.0000
0.0000
0.0000
0.0000
0.0000
0.0000
0.0000
0.0000
0.0000
0.0000
0.0000
0.0000
0.0000
0.0000
0.0000
0.0000
0.0000
0.0000
0.0000
0.0000
0.0000
0.0000
24.4141
24.4141
68.3594
68.3594
68.3594
68.3594
34.1797
34.1797
0.0000
0.0000
0.0000
0.0000
0.0000
0.0000
0.0000
0.0000
0.0000
0.0000
0.0000
0.0000
53.7109
53.7109
73.2422
73.2422
43.9453
43.9453
0.0000
0.0000
0.0000
0.0000
0.0000
0.0000
0.0000
0.0000
0.0000
0.0000
14.6484
14.6484
97.6562
97.6562
146.4844
146.4844
136.7187
136.7187
87.8906
87.8906
19.5312
19.5312
0.0000
0.0000
0.0000
0.0000
0.0000
0.0000
63.4766
63.4766
141.6016
141.6016
190.4297
190.4297
190.4297
190.4297
131.8359
131.8359
48.8281
48.8281
0.0000
0.0000
0.0000
0.0000
0.0000
0.0000
29.2969
29.2969
92.7734
92.7734
131.8359
131.8359
126.9531
126.9531
73.2422
73.2422
0.0000
0.0000
0.0000
0.0000
0.0000
0.0000
0.0000
0.0000
0.0000
0.0000
58.5937
58.5937
102.5391
102.5391
97.6562
97.6562
53.7109
53.7109
0.0000
0.0000
0.0000
0.0000
0.0000
0.0000
0.0000
0.0000
39.0625
39.0625
78.1250
78.1250
83.0078
83.0078
29.2969
29.2969
0.0000
0.0000
0.0000
0.0000
0.0000
0.0000
0.0000
0.0000
0.0000
0.0000
0.0000
0.0000
14.6484
14.6484
39.0625
39.0625
19.5312
19.5312
0.0000
0.0000
0.0000
0.0000
0.0000
0.0000
0.0000
0.0000
0.0000
0.0000
4.8828
4.8828
78.1250
78.1250
122.0703
122.0703
102.5391
102.5391
43.9453
43.9453
0.0000
0.0000
0.0000
0.0000
0.0000
0.0000
0.0000
0.0000
0.0000
0.0000
53.7109
53.7109
97.6562
97.6562
92.7734
92.7734
48.8281
48.8281
0.0000
0.0000
0.0000
0.0000
0.0000
0.0000
0.0000
0.0000
0.0000
0.0000
73.2422
73.2422
126.9531
126.9531
156.2500
156.2500
126.9531
126.9531
63.4766
63.4766
0.0000
0.0000
0.0000
0.0000
0.0000
0.0000
9.7656
9.7656
78.1250
78.1250
126.9531
126.9531
141.6016
141.6016
117.1875
117.1875
63.4766
63.4766
4.8828
4.8828
0.0000
0.0000
0.0000
0.0000
0.0000
0.0000
39.0625
39.0625
73.2422
73.2422
78.1250
78.1250
34.1797
34.1797
0.0000
0.0000
0.0000
0.0000
0.0000
0.0000
0.0000
0.0000
0.0000
0.0000
0.0000
0.0000
24.4141
24.4141
39.0625
39.0625
14.6484
14.6484
0.0000
0.0000
0.0000
0.0000
0.0000
0.0000
0.0000
0.0000
0.0000
0.0000
58.5937
58.5937
97.6562
97.6562
73.2422
73.2422
0.0000
0.0000
0.0000
0.0000
0.0000
0.0000
0.0000
0.0000
0.0000
0.0000
0.0000
0.0000
0.0000
0.0000
4.8828
4.8828
14.6484
14.6484
0.0000
0.0000
0.0000
0.0000
0.0000
0.0000
0.0000
0.0000
0.0000
0.0000
0.0000
0.0000
0.0000
0.0000
63.4766
63.4766
83.0078
83.0078
43.9453
43.9453
0.0000
0.0000
0.0000
0.0000
0.0000
0.0000
0.0000
0.0000
0.0000
0.0000
0.0000
0.0000
29.2969
29.2969
48.8281
48.8281
34.1797
34.1797
0.0000
0.0000
0.0000
0.0000
0.0000
0.0000
0.0000
0.0000
0.0000
0.0000
19.5312
19.5312
58.5937
58.5937
68.3594
68.3594
48.8281
48.8281
4.8828
4.8828
0.0000
0.0000
0.0000
0.0000
0.0000
0.0000
29.2969
29.2969
78.1250
78.1250
117.1875
117.1875
126.9531
126.9531
107.4219
107.4219
73.2422
73.2422
48.8281
48.8281
39.0625
39.0625
53.7109
53.7109
83.0078
83.0078
122.0703
122.0703
136.7187
136.7187
112.3047
112.3047
58.5937
58.5937
4.8828
4.8828
0.0000
0.0000
0.0000
0.0000
0.0000
0.0000
4.8828
4.8828
53.7109
53.7109
83.0078
83.0078
83.0078
83.0078
43.9453
43.9453
0.0000
0.0000
0.0000
0.0000
0.0000
0.0000
0.0000
0.0000
24.4141
24.4141
87.8906
87.8906
136.7187
136.7187
126.9531
126.9531
73.2422
73.2422
0.0000
0.0000
0.0000
0.0000
0.0000
0.0000
0.0000
0.0000
0.0000
0.0000
0.0000
0.0000
24.4141
24.4141
48.8281
48.8281
19.5312
19.5312
0.0000
0.0000
0.0000
0.0000
0.0000
0.0000
0.0000
0.0000
0.0000
0.0000
0.0000
0.0000
53.7109
53.7109
78.1250
78.1250
63.4766
63.4766
24.4141
24.4141
0.0000
0.0000
0.0000
0.0000
0.0000
0.0000
0.0000
0.0000
34.1797
34.1797
78.1250
78.1250
83.0078
83.0078
58.5937
58.5937
14.6484
14.6484
0.0000
0.0000
0.0000
0.0000
0.0000
0.0000
29.2969
29.2969
83.0078
83.0078
102.5391
102.5391
83.0078
83.0078
29.2969
29.2969
0.0000
0.0000
0.0000
0.0000
0.0000
0.0000
0.0000
58.5937
58.5937
126.9531
126.9531
161.1328
161.1328
151.3672
151.3672
102.5391
102.5391
39.0625
39.0625
0.0000
0.0000
0.0000
0.0000
19.5312
19.5312
87.8906
87.8906
141.6016
141.6016
156.2500
156.2500
122.0703
122.0703
43.9453
43.9453
0.0000
0.0000
0.0000
0.0000
0.0000
0.0000
0.0000
0.0000
0.0000
0.0000
34.1797
34.1797
68.3594
68.3594
53.7109
53.7109
4.8828
4.8828
0.0000
0.0000
0.0000
0.0000
0.0000
0.0000
0.0000
0.0000
0.0000
0.0000
19.5312
19.5312
63.4766
63.4766
63.4766
63.4766
29.2969
29.2969
0.0000
0.0000
0.0000
0.0000
0.0000
0.0000
0.0000
0.0000
0.0000
0.0000
0.0000
0.0000
0.0000
0.0000
0.0000
0.0000
0.0000
0.0000
0.0000
0.0000
0.0000
0.0000
0.0000
0.0000
0.0000
0.0000
0.0000
0.0000
0.0000
0.0000
0.0000
0.0000
0.0000
0.0000
0.0000
0.0000
0.0000
0.0000
0.0000
0.0000
0.0000
0.0000
0.0000
0.0000
0.0000
0.0000
9.7656
9.7656
39.0625
39.0625
29.2969
29.2969
0.0000
0.0000
0.0000
0.0000
0.0000
0.0000
0.0000
0.0000
0.0000
0.0000
0.0000
0.0000
14.6484
14.6484
53.7109
53.7109
53.7109
53.7109
9.7656
9.7656
0.0000
0.0000
0.0000
0.0000
0.0000
0.0000
0.0000
0.0000
0.0000
0.0000
63.4766
63.4766
136.7187
136.7187
161.1328
161.1328
122.0703
122.0703
48.8281
48.8281
0.0000
0.0000
0.0000
0.0000
0.0000
0.0000
43.9453
43.9453
126.9531
126.9531
185.5469
185.5469
200.1953
200.1953
146.4844
146.4844
58.5937
58.5937
0.0000
0.0000
0.0000
0.0000
0.0000
0.0000
4.8828
4.8828
83.0078
83.0078
141.6016
141.6016
146.4844
146.4844
107.4219
107.4219
24.4141
24.4141
0.0000
0.0000
0.0000
0.0000
0.0000
0.0000
0.0000
0.0000
39.0625
39.0625
107.4219
107.4219
131.8359
131.8359
107.4219
107.4219
43.9453
43.9453
0.0000
0.0000
0.0000
0.0000
0.0000
0.0000
9.7656
9.7656
48.8281
48.8281
63.4766
63.4766
43.9453
43.9453
0.0000
0.0000
0.0000
0.0000
0.0000
0.0000
0.0000
0.0000
0.0000
0.0000
0.0000
0.0000
9.7656
9.7656
43.9453
43.9453
43.9453
43.9453
4.8828
4.8828
0.0000
0.0000
0.0000
0.0000
0.0000
0.0000
0.0000
0.0000
19.5312
19.5312
92.7734
92.7734
136.7187
136.7187
131.8359
131.8359
73.2422
73.2422
0.0000
0.0000
0.0000
0.0000
0.0000
0.0000
0.0000
0.0000
0.0000
0.0000
58.5937
58.5937
112.3047
112.3047
122.0703
122.0703
92.7734
92.7734
19.5312
19.5312
0.0000
0.0000
0.0000
0.0000
0.0000
0.0000
0.0000
0.0000
58.5937
58.5937
131.8359
131.8359
175.7812
175.7812
156.2500
156.2500
97.6562
97.6562
19.5312
19.5312
0.0000
0.0000
0.0000
0.0000
4.8828
4.8828
73.2422
73.2422
141.6016
141.6016
175.7812
175.7812
156.2500
156.2500
92.7734
92.7734
9.7656
9.7656
0.0000
0.0000
0.0000
0.0000
0.0000
0.0000
14.6484
14.6484
68.3594
68.3594
92.7734
92.7734
73.2422
73.2422
4.8828
4.8828
0.0000
0.0000
0.0000
0.0000
0.0000
0.0000
0.0000
0.0000
0.0000
0.0000
9.7656
9.7656
34.1797
34.1797
24.4141
24.4141
0.0000
0.0000
0.0000
0.0000
0.0000
0.0000
0.0000
0.0000
0.0000
0.0000
14.6484
14.6484
53.7109
53.7109
48.8281
48.8281
0.0000
0.0000
0.0000
0.0000
0.0000
0.0000
0.0000
0.0000
0.0000
0.0000
0.0000
0.0000
0.0000
0.0000
0.0000
0.0000
14.6484
14.6484
0.0000
0.0000
0.0000
0.0000
0.0000
0.0000
0.0000
0.0000
0.0000
0.0000
0.0000
0.0000
0.0000
0.0000
68.3594
68.3594
92.7734
92.7734
63.4766
63.4766
0.0000
0.0000
0.0000
0.0000
0.0000
0.0000
0.0000
0.0000
0.0000
0.0000
0.0000
0.0000
19.5312
19.5312
58.5937
58.5937
53.7109
53.7109
4.8828
4.8828
0.0000
0.0000
0.0000
0.0000
0.0000
0.0000
0.0000
0.0000
0.0000
0.0000
29.2969
29.2969
68.3594
68.3594
87.8906
87.8906
58.5937
58.5937
9.7656
9.7656
0.0000
0.0000
0.0000
0.0000
0.0000
0.0000
24.4141
24.4141
83.0078
83.0078
122.0703
122.0703
126.9531
126.9531
102.5391
102.5391
53.7109
53.7109
9.7656
9.7656
0.0000
0.0000
0.0000
0.0000
29.2969
29.2969
68.3594
68.3594
87.8906
87.8906
87.8906
87.8906
43.9453
43.9453
0.0000
0.0000
0.0000
0.0000
0.0000
0.0000
0.0000
0.0000
0.0000
0.0000
39.0625
39.0625
68.3594
68.3594
68.3594
68.3594
34.1797
34.1797
0.0000
0.0000
0.0000
0.0000
0.0000
0.0000
0.0000
0.0000
53.7109
53.7109
112.3047
112.3047
131.8359
131.8359
97.6562
97.6562
14.6484
14.6484
0.0000
0.0000
0.0000
0.0000
0.0000
0.0000
0.0000
0.0000
0.0000
0.0000
4.8828
4.8828
48.8281
48.8281
39.0625
39.0625
0.0000
0.0000
0.0000
0.0000
0.0000
0.0000
0.0000
0.0000
0.0000
0.0000
0.0000
0.0000
53.7109
53.7109
117.1875
117.1875
126.9531
126.9531
83.0078
83.0078
4.8828
4.8828
0.0000
0.0000
0.0000
0.0000
0.0000
0.0000
0.0000
0.0000
48.8281
48.8281
92.7734
92.7734
97.6562
97.6562
68.3594
68.3594
14.6484
14.6484
0.0000
0.0000
0.0000
0.0000
0.0000
0.0000
24.4141
24.4141
73.2422
73.2422
102.5391
102.5391
87.8906
87.8906
53.7109
53.7109
9.7656
9.7656
0.0000
0.0000
0.0000
0.0000
29.2969
29.2969
83.0078
83.0078
131.8359
131.8359
151.3672
151.3672
141.6016
141.6016
107.4219
107.4219
58.5937
58.5937
24.4141
24.4141
24.4141
24.4141
53.7109
53.7109
92.7734
92.7734
126.9531
126.9531
117.1875
117.1875
83.0078
83.0078
19.5312
19.5312
0.0000
0.0000
0.0000
0.0000
0.0000
0.0000
0.0000
0.0000
4.8828
4.8828
43.9453
43.9453
53.7109
53.7109
39.0625
39.0625
0.0000
0.0000
0.0000
0.0000
0.0000
0.0000
0.0000
0.0000
0.0000
0.0000
19.5312
19.5312
78.1250
78.1250
102.5391
102.5391
78.1250
78.1250
14.6484
14.6484
0.0000
0.0000
0.0000
0.0000
0.0000
0.0000
0.0000
0.0000
0.0000
0.0000
0.0000
0.0000
0.0000
0.0000
0.0000
0.0000
0.0000
0.0000
0.0000
0.0000
0.0000
0.0000
0.0000
0.0000
0.0000
0.0000
0.0000
0.0000
0.0000
0.0000
9.7656
9.7656
19.5312
19.5312
0.0000
0.0000
0.0000
0.0000
0.0000
0.0000
0.0000
0.0000
0.0000
0.0000
0.0000
0.0000
0.0000
0.0000
29.2969
29.2969
24.4141
24.4141
0.0000
0.0000
0.0000
0.0000
0.0000
0.0000
0.0000
0.0000
0.0000
0.0000
0.0000
0.0000
43.9453
43.9453
53.7109
53.7109
19.5312
19.5312
0.0000
0.0000
0.0000
0.0000
0.0000
0.0000
0.0000
0.0000
0.0000
0.0000
39.0625
39.0625
107.4219
107.4219
141.6016
141.6016
126.9531
126.9531
73.2422
73.2422
9.7656
9.7656
0.0000
0.0000
0.0000
0.0000
24.4141
24.4141
97.6562
97.6562
151.3672
151.3672
166.0156
166.0156
131.8359
131.8359
53.7109
53.7109
0.0000
0.0000
0.0000
0.0000
0.0000
0.0000
0.0000
0.0000
24.4141
24.4141
92.7734
92.7734
122.0703
122.0703
97.6562
97.6562
39.0625
39.0625
0.0000
0.0000
0.0000
0.0000
0.0000
0.0000
0.0000
0.0000
24.4141
24.4141
92.7734
92.7734
131.8359
131.8359
131.8359
131.8359
87.8906
87.8906
14.6484
14.6484
0.0000
0.0000
0.0000
0.0000
0.0000
0.0000
0.0000
0.0000
0.0000
0.0000
29.2969
29.2969
24.4141
24.4141
0.0000
0.0000
0.0000
0.0000
0.0000
0.0000
0.0000
0.0000
0.0000
0.0000
0.0000
0.0000
0.0000
0.0000
9.7656
9.7656
0.0000
0.0000
0.0000
0.0000
0.0000
0.0000
0.0000
0.0000
0.0000
0.0000
0.0000
0.0000
14.6484
14.6484
58.5937
58.5937
78.1250
78.1250
58.5937
58.5937
9.7656
9.7656
0.0000
0.0000
0.0000
0.0000
0.0000
0.0000
0.0000
0.0000
9.7656
9.7656
73.2422
73.2422
102.5391
102.5391
92.7734
92.7734
34.1797
34.1797
0.0000
0.0000
0.0000
0.0000
0.0000
0.0000
0.0000
0.0000
24.4141
24.4141
117.1875
117.1875
175.7812
175.7812
175.7812
175.7812
131.8359
131.8359
53.7109
53.7109
0.0000
0.0000
0.0000
0.0000
0.0000
0.0000
68.3594
68.3594
136.7187
136.7187
195.3125
195.3125
195.3125
195.3125
126.9531
126.9531
34.1797
34.1797
0.0000
0.0000
0.0000
0.0000
0.0000
0.0000
0.0000
0.0000
73.2422
73.2422
117.1875
117.1875
117.1875
117.1875
58.5937
58.5937
0.0000
0.0000
0.0000
0.0000
0.0000
0.0000
0.0000
0.0000
0.0000
14.6484
14.6484
58.5937
58.5937
68.3594
68.3594
39.0625
39.0625
0.0000
0.0000
0.0000
0.0000
0.0000
0.0000
0.0000
0.0000
0.0000
0.0000
4.8828
4.8828
14.6484
14.6484
0.0000
0.0000
0.0000
0.0000
0.0000
0.0000
0.0000
0.0000
0.0000
0.0000
0.0000
0.0000
0.0000
0.0000
0.0000
0.0000
14.6484
14.6484
0.0000
0.0000
0.0000
0.0000
0.0000
0.0000
0.0000
0.0000
0.0000
0.0000
0.0000
0.0000
0.0000
0.0000
68.3594
68.3594
102.5391
102.5391
78.1250
78.1250
19.5312
19.5312
0.0000
0.0000
0.0000
0.0000
0.0000
0.0000
0.0000
0.0000
0.0000
0.0000
24.4141
24.4141
68.3594
68.3594
78.1250
78.1250
34.1797
34.1797
0.0000
0.0000
0.0000
0.0000
0.0000
0.0000
0.0000
0.0000
0.0000
0.0000
48.8281
48.8281
112.3047
112.3047
131.8359
131.8359
112.3047
112.3047
53.7109
53.7109
0.0000
0.0000
0.0000
0.0000
0.0000
0.0000
0.0000
0.0000
73.2422
73.2422
136.7187
136.7187
161.1328
161.1328
136.7187
136.7187
78.1250
78.1250
4.8828
4.8828
0.0000
0.0000
0.0000
0.0000
0.0000
0.0000
48.8281
48.8281
102.5391
102.5391
112.3047
112.3047
83.0078
83.0078
24.4141
24.4141
0.0000
0.0000
0.0000
0.0000
0.0000
0.0000
0.0000
0.0000
19.5312
19.5312
68.3594
68.3594
97.6562
97.6562
83.0078
83.0078
29.2969
29.2969
0.0000
0.0000
0.0000
0.0000
0.0000
0.0000
29.2969
29.2969
87.8906
87.8906
126.9531
126.9531
112.3047
112.3047
53.7109
53.7109
0.0000
0.0000
0.0000
0.0000
0.0000
0.0000
0.0000
0.0000
0.0000
0.0000
9.7656
9.7656
58.5937
58.5937
63.4766
63.4766
19.5312
19.5312
0.0000
0.0000
0.0000
0.0000
0.0000
0.0000
0.0000
0.0000
0.0000
0.0000
58.5937
58.5937
131.8359
131.8359
151.3672
151.3672
112.3047
112.3047
19.5312
19.5312
0.0000
0.0000
0.0000
0.0000
0.0000
0.0000
0.0000
0.0000
0.0000
0.0000
43.9453
43.9453
78.1250
78.1250
63.4766
63.4766
19.5312
19.5312
0.0000
0.0000
0.0000
0.0000
0.0000
0.0000
0.0000
0.0000
14.6484
14.6484
73.2422
73.2422
107.4219
107.4219
102.5391
102.5391
63.4766
63.4766
9.7656
9.7656
0.0000
0.0000
0.0000
0.0000
4.8828
4.8828
53.7109
53.7109
102.5391
102.5391
131.8359
131.8359
126.9531
126.9531
97.6562
97.6562
58.5937
58.5937
24.4141
24.4141
4.8828
4.8828
19.5312
19.5312
53.7109
53.7109
78.1250
78.1250
83.0078
83.0078
53.7109
53.7109
4.8828
4.8828
0.0000
0.0000
0.0000
0.0000
0.0000
0.0000
0.0000
0.0000
0.0000
0.0000
0.0000
0.0000
14.6484
14.6484
0.0000
0.0000
0.0000
0.0000
0.0000
0.0000
0.0000
0.0000
0.0000
0.0000
0.0000
0.0000
9.7656
9.7656
58.5937
58.5937
68.3594
68.3594
29.2969
29.2969
0.0000
0.0000
0.0000
0.0000
0.0000
0.0000
0.0000
0.0000
0.0000
0.0000
0.0000
0.0000
0.0000
0.0000
0.0000
0.0000
0.0000
0.0000
0.0000
0.0000
0.0000
0.0000
0.0000
0.0000
0.0000
0.0000
0.0000
0.0000
0.0000
0.0000
14.6484
14.6484
58.5937
58.5937
58.5937
58.5937
9.7656
9.7656
0.0000
0.0000
0.0000
0.0000
0.0000
0.0000
0.0000
0.0000
0.0000
0.0000
4.8828
4.8828
39.0625
39.0625
29.2969
29.2969
0.0000
0.0000
0.0000
0.0000
0.0000
0.0000
0.0000
0.0000
0.0000
0.0000
0.0000
0.0000
43.9453
43.9453
63.4766
63.4766
43.9453
43.9453
4.8828
4.8828
0.0000
0.0000
0.0000
0.0000
0.0000
0.0000
24.4141
24.4141
83.0078
83.0078
122.0703
122.0703
141.6016
141.6016
122.0703
122.0703
83.0078
83.0078
39.0625
39.0625
29.2969
29.2969
48.8281
48.8281
87.8906
87.8906
126.9531
126.9531
151.3672
151.3672
131.8359
131.8359
78.1250
78.1250
14.6484
14.6484
0.0000
0.0000
0.0000
0.0000
0.0000
0.0000
0.0000
0.0000
48.8281
48.8281
92.7734
92.7734
97.6562
97.6562
78.1250
78.1250
24.4141
24.4141
0.0000
0.0000
0.0000
0.0000
0.0000
0.0000
9.7656
9.7656
78.1250
78.1250
131.8359
131.8359
151.3672
151.3672
126.9531
126.9531
63.4766
63.4766
0.0000
0.0000
0.0000
0.0000
0.0000
0.0000
0.0000
0.0000
0.0000
0.0000
19.5312
19.5312
43.9453
43.9453
34.1797
34.1797
0.0000
0.0000
0.0000
0.0000
0.0000
0.0000
0.0000
0.0000
0.0000
0.0000
0.0000
0.0000
9.7656
9.7656
39.0625
39.0625
34.1797
34.1797
0.0000
0.0000
0.0000
0.0000
0.0000
0.0000
0.0000
0.0000
0.0000
0.0000
0.0000
0.0000
39.0625
39.0625
58.5937
58.5937
43.9453
43.9453
0.0000
0.0000
0.0000
0.0000
0.0000
0.0000
0.0000
0.0000
0.0000
0.0000
48.8281
48.8281
92.7734
92.7734
97.6562
97.6562
58.5937
58.5937
0.0000
0.0000
0.0000
0.0000
0.0000
0.0000
0.0000
0.0000
14.6484
14.6484
92.7734
92.7734
156.2500
156.2500
180.6641
180.6641
156.2500
156.2500
97.6562
97.6562
29.2969
29.2969
0.0000
0.0000
9.7656
9.7656
63.4766
63.4766
136.7187
136.7187
180.6641
180.6641
175.7812
175.7812
117.1875
117.1875
29.2969
29.2969
0.0000
0.0000
0.0000
0.0000
0.0000
0.0000
9.7656
9.7656
39.0625
39.0625
0.0000
0.0000
0.0000
0.0000
0.0000
0.0000
0.0000
0.0000
0.0000
0.0000
0.0000
0.0000
0.0000
0.0000
0.0000
0.0000
0.0000
0.0000
0.0000
0.0000
0.0000
0.0000
0.0000
0.0000
0.0000
0.0000
0.0000
0.0000
0.0000
0.0000
0.0000
0.0000
0.0000
0.0000
0.0000
0.0000
0.0000
0.0000
0.0000
0.0000
0.0000
0.0000
0.0000
0.0000
0.0000
0.0000
0.0000
0.0000
0.0000
0.0000
0.0000
0.0000
0.0000
0.0000
0.0000
0.0000
0.0000
0.0000
43.9453
43.9453
346.6797
346.6797
644.5312
644.5312
947.2656
947.2656
1289.0625
1289.0625
1689.4531
1689.4531
2114.2578
2114.2578
2421.8750
2421.8750
2465.8203
2465.8203
2163.0859
2163.0859
1542.9687
1542.9687
756.8359
756.8359
0.0000
0.0000
0.0000
0.0000
0.0000
0.0000
0.0000
0.0000
0.0000
0.0000
0.0000
0.0000
0.0000
0.0000
0.0000
0.0000
0.0000
0.0000
0.0000
0.0000
0.0000
0.0000
0.0000
0.0000
0.0000
0.0000
0.0000
0.0000
0.0000
0.0000
0.0000
0.0000
0.0000
0.0000
0.0000
0.0000
0.0000
0.0000
0.0000
0.0000
0.0000
0.0000
0.0000
0.0000
0.0000
0.0000
0.0000
0.0000
209.9609
209.9609
405.2734
405.2734
551.7578
551.7578
673.8281
673.8281
820.3125
820.3125
981.4453
981.4453
1171.8750
1171.8750
1347.6562
1347.6562
1459.9609
1459.9609
1499.0234
1499.0234
1445.3125
1445.3125
1293.9453
1293.9453
1059.5703
1059.5703
830.0781
830.0781
585.9375
585.9375
307.6172
307.6172
0.0000
0.0000
0.0000
0.0000
0.0000
0.0000
0.0000
0.0000
0.0000
0.0000
0.0000
0.0000
0.0000
0.0000
0.0000
0.0000
0.0000
0.0000
0.0000
0.0000
0.0000
0.0000
0.0000
0.0000
0.0000
0.0000
0.0000
0.0000
0.0000
0.0000
0.0000
0.0000
0.0000
0.0000
0.0000
0.0000
0.0000
0.0000
0.0000
0.0000
0.0000
0.0000
0.0000
0.0000
0.0000
0.0000
19.5312
19.5312
312.5000
312.5000
600.5859
600.5859
864.2578
864.2578
1113.2812
1113.2812
1323.2422
1323.2422
1484.3750
1484.3750
1586.9141
1586.9141
1630.8594
1630.8594
1674.8047
1674.8047
1708.9844
1708.9844
1782.2266
1782.2266
1875.0000
1875.0000
1982.4219
1982.4219
2041.0156
2041.0156
2006.8359
2006.8359
