1962.8906
1962.8906
1958.0078
1958.0078
1845.7031
1845.7031
1630.8594
1630.8594
1337.8906
1337.8906
1015.6250
1015.6250
688.4766
688.4766
366.2109
366.2109
53.7109
53.7109
0.0000
0.0000
0.0000
0.0000
0.0000
0.0000
0.0000
0.0000
0.0000
0.0000
0.0000
0.0000
0.0000
0.0000
0.0000
0.0000
0.0000
0.0000
0.0000
0.0000
0.0000
0.0000
0.0000
0.0000
0.0000
0.0000
0.0000
0.0000
0.0000
0.0000
0.0000
0.0000
0.0000
0.0000
0.0000
0.0000
0.0000
0.0000
0.0000
0.0000
0.0000
0.0000
0.0000
0.0000
141.6016
141.6016
288.0859
288.0859
424.8047
424.8047
541.9922
541.9922
659.1797
659.1797
771.4844
771.4844
888.6719
888.6719
1015.6250
1015.6250
1152.3437
1152.3437
1293.9453
1293.9453
1450.1953
1450.1953
1611.3281
1611.3281
1767.5781
1767.5781
1889.6484
1889.6484
1928.7109
1928.7109
1850.5859
1850.5859
1665.0391
1665.0391
1396.4844
1396.4844
1088.8672
1088.8672
771.4844
771.4844
454.1016
454.1016
146.4844
146.4844
0.0000
0.0000
0.0000
0.0000
0.0000
0.0000
0.0000
0.0000
0.0000
0.0000
0.0000
0.0000
0.0000
0.0000
0.0000
0.0000
0.0000
0.0000
0.0000
0.0000
0.0000
0.0000
0.0000
0.0000
0.0000
0.0000
0.0000
0.0000
0.0000
0.0000
0.0000
0.0000
0.0000
0.0000
0.0000
0.0000
0.0000
0.0000
0.0000
0.0000
0.0000
0.0000
0.0000
0.0000
0.0000
0.0000
4.8828
4.8828
136.7187
136.7187
268.5547
268.5547
410.1562
410.1562
566.4062
566.4062
732.4219
732.4219
913.0859
913.0859
1093.7500
1093.7500
1269.5312
1269.5312
1435.5469
1435.5469
1577.1484
1577.1484
1708.9844
1708.9844
1821.2891
1821.2891
1914.0625
1914.0625
1958.0078
1958.0078
1918.9453
1918.9453
1772.4609
1772.4609
1542.9687
1542.9687
1264.6484
1264.6484
976.5625
976.5625
698.2422
698.2422
419.9219
419.9219
141.6016
141.6016
0.0000
0.0000
0.0000
0.0000
0.0000
0.0000
0.0000
0.0000
0.0000
0.0000
0.0000
0.0000
0.0000
0.0000
0.0000
0.0000
0.0000
0.0000
0.0000
0.0000
0.0000
0.0000
0.0000
0.0000
0.0000
0.0000
0.0000
0.0000
0.0000
0.0000
0.0000
0.0000
0.0000
0.0000
0.0000
0.0000
0.0000
0.0000
0.0000
0.0000
0.0000
0.0000
0.0000
0.0000
0.0000
0.0000
0.0000
0.0000
175.7812
175.7812
356.4453
356.4453
522.4609
522.4609
683.5937
683.5937
825.1953
825.1953
952.1484
952.1484
1069.3359
1069.3359
1181.6406
1181.6406
1289.0625
1289.0625
1401.3672
1401.3672
1513.6719
1513.6719
1616.2109
1616.2109
1679.6875
1679.6875
1674.8047
1674.8047
1586.9141
1586.9141
1396.4844
1396.4844
1137.6953
1137.6953
825.1953
825.1953
478.5156
478.5156
112.3047
112.3047
0.0000
0.0000
0.0000
0.0000
0.0000
0.0000
0.0000
0.0000
0.0000
0.0000
0.0000
0.0000
0.0000
0.0000
0.0000
0.0000
0.0000
0.0000
0.0000
0.0000
0.0000
0.0000
0.0000
0.0000
0.0000
0.0000
0.0000
0.0000
0.0000
0.0000
0.0000
0.0000
0.0000
0.0000
0.0000
0.0000
0.0000
0.0000
0.0000
0.0000
0.0000
0.0000
0.0000
0.0000
39.0625
39.0625
205.0781
205.0781
356.4453
356.4453
488.2812
488.2812
600.5859
600.5859
698.2422
698.2422
786.1328
786.1328
869.1406
869.1406
957.0312
957.0312
1059.5703
1059.5703
1171.8750
1171.8750
1308.5937
1308.5937
1450.1953
1450.1953
1596.6797
1596.6797
1752.9297
1752.9297
1899.4141
1899.4141
2041.0156
2041.0156
2143.5547
2143.5547
2167.9687
2167.9687
2075.1953
2075.1953
1855.4687
1855.4687
1542.9687
1542.9687
1186.5234
1186.5234
825.1953
825.1953
478.5156
478.5156
151.3672
151.3672
0.0000
0.0000
0.0000
0.0000
0.0000
0.0000
0.0000
0.0000
0.0000
0.0000
0.0000
0.0000
0.0000
0.0000
0.0000
0.0000
0.0000
0.0000
0.0000
0.0000
0.0000
0.0000
0.0000
0.0000
0.0000
0.0000
0.0000
0.0000
0.0000
0.0000
0.0000
0.0000
0.0000
0.0000
0.0000
0.0000
0.0000
0.0000
0.0000
0.0000
0.0000
0.0000
0.0000
0.0000
0.0000
0.0000
0.0000
0.0000
0.0000
0.0000
78.1250
78.1250
239.2578
239.2578
395.5078
395.5078
541.9922
541.9922
683.5937
683.5937
805.6641
805.6641
917.9687
917.9687
1020.5078
1020.5078
1113.2812
1113.2812
1206.0547
1206.0547
1298.8281
1298.8281
1396.4844
1396.4844
1513.6719
1513.6719
1645.5078
1645.5078
1772.4609
1772.4609
1860.3516
1860.3516
1860.3516
1860.3516
1762.6953
1762.6953
1547.8516
1547.8516
1245.1172
1245.1172
883.7891
883.7891
488.2812
488.2812
83.0078
83.0078
0.0000
0.0000
0.0000
0.0000
0.0000
0.0000
0.0000
0.0000
0.0000
0.0000
0.0000
0.0000
0.0000
0.0000
0.0000
0.0000
0.0000
0.0000
0.0000
0.0000
0.0000
0.0000
0.0000
0.0000
0.0000
0.0000
0.0000
0.0000
0.0000
0.0000
0.0000
0.0000
0.0000
0.0000
0.0000
0.0000
0.0000
0.0000
0.0000
0.0000
0.0000
0.0000
0.0000
0.0000
0.0000
0.0000
0.0000
0.0000
117.1875
117.1875
244.1406
244.1406
356.4453
356.4453
458.9844
458.9844
561.5234
561.5234
659.1797
659.1797
761.7187
761.7187
874.0234
874.0234
996.0937
996.0937
1123.0469
1123.0469
1254.8828
1254.8828
1391.6016
1391.6016
1523.4375
1523.4375
1655.2734
1655.2734
1791.9922
1791.9922
1923.8281
1923.8281
2045.8984
2045.8984
2128.9062
2128.9062
2119.1406
2119.1406
1992.1875
1992.1875
1748.0469
1748.0469
1425.7812
1425.7812
1069.3359
1069.3359
703.1250
703.1250
346.6797
346.6797
4.8828
4.8828
0.0000
0.0000
0.0000
0.0000
0.0000
0.0000
0.0000
0.0000
0.0000
0.0000
0.0000
0.0000
0.0000
0.0000
0.0000
0.0000
0.0000
0.0000
0.0000
0.0000
0.0000
0.0000
0.0000
0.0000
0.0000
0.0000
0.0000
0.0000
0.0000
0.0000
0.0000
0.0000
0.0000
0.0000
0.0000
0.0000
0.0000
0.0000
0.0000
0.0000
0.0000
0.0000
0.0000
0.0000
0.0000
0.0000
83.0078
83.0078
200.1953
200.1953
307.6172
307.6172
410.1562
410.1562
507.8125
507.8125
590.8203
590.8203
678.7109
678.7109
761.7187
761.7187
854.4922
854.4922
957.0312
957.0312
1069.3359
1069.3359
1206.0547
1206.0547
1352.5391
1352.5391
1518.5547
1518.5547
1699.2187
1699.2187
1865.2344
1865.2344
1982.4219
1982.4219
2006.8359
2006.8359
1894.5312
1894.5312
1635.7422
1635.7422
1274.4141
1274.4141
859.3750
859.3750
439.4531
439.4531
39.0625
39.0625
0.0000
0.0000
0.0000
0.0000
0.0000
0.0000
0.0000
0.0000
0.0000
0.0000
0.0000
0.0000
0.0000
0.0000
0.0000
0.0000
0.0000
0.0000
0.0000
0.0000
0.0000
0.0000
0.0000
0.0000
0.0000
0.0000
0.0000
0.0000
0.0000
0.0000
0.0000
0.0000
0.0000
0.0000
0.0000
0.0000
0.0000
0.0000
0.0000
0.0000
0.0000
0.0000
0.0000
0.0000
0.0000
0.0000
0.0000
0.0000
0.0000
0.0000
43.9453
43.9453
146.4844
146.4844
249.0234
249.0234
356.4453
356.4453
468.7500
468.7500
590.8203
590.8203
712.8906
712.8906
834.9609
834.9609
952.1484
952.1484
1064.4531
1064.4531
1171.8750
1171.8750
1279.2969
1279.2969
1381.8359
1381.8359
1499.0234
1499.0234
1625.9766
1625.9766
1777.3437
1777.3437
1933.5937
1933.5937
2065.4297
2065.4297
2133.7891
2133.7891
2084.9609
2084.9609
1914.0625
1914.0625
1625.9766
1625.9766
1264.6484
1264.6484
878.9062
878.9062
493.1641
493.1641
126.9531
126.9531
0.0000
0.0000
0.0000
0.0000
0.0000
0.0000
0.0000
0.0000
0.0000
0.0000
0.0000
0.0000
0.0000
0.0000
0.0000
0.0000
0.0000
0.0000
0.0000
0.0000
0.0000
0.0000
0.0000
0.0000
0.0000
0.0000
0.0000
0.0000
0.0000
0.0000
0.0000
0.0000
0.0000
0.0000
0.0000
0.0000
0.0000
0.0000
0.0000
0.0000
0.0000
0.0000
0.0000
0.0000
0.0000
0.0000
102.5391
102.5391
205.0781
205.0781
297.8516
297.8516
380.8594
380.8594
463.8672
463.8672
546.8750
546.8750
639.6484
639.6484
747.0703
747.0703
864.2578
864.2578
991.2109
991.2109
1127.9297
1127.9297
1259.7656
1259.7656
1391.6016
1391.6016
1518.5547
1518.5547
1640.6250
1640.6250
1762.6953
1762.6953
1879.8828
1879.8828
1967.7734
1967.7734
2001.9531
2001.9531
1938.4766
1938.4766
1757.8125
1757.8125
1464.8437
1464.8437
1103.5156
1103.5156
722.6562
336.9141
336.9141
336.9141
0.0000
0.0000
0.0000
0.0000
0.0000
0.0000
0.0000
0.0000
0.0000
0.0000
0.0000
0.0000
0.0000
0.0000
0.0000
0.0000
0.0000
0.0000
0.0000
0.0000
0.0000
0.0000
0.0000
0.0000
0.0000
0.0000
0.0000
0.0000
0.0000
0.0000
0.0000
0.0000
0.0000
0.0000
0.0000
0.0000
0.0000
0.0000
0.0000
0.0000
0.0000
0.0000
0.0000
0.0000
0.0000
0.0000
0.0000
0.0000
0.0000
0.0000
0.0000
53.7109
53.7109
205.0781
205.0781
341.7969
341.7969
468.7500
468.7500
468.7500
576.1719
576.1719
673.8281
673.8281
761.7187
761.7187
849.6094
947.2656
947.2656
1059.5703
1059.5703
1176.7578
1176.7578
1313.4766
1313.4766
1459.9609
1459.9609
1621.0937
1621.0937
1796.8750
1796.8750
1977.5391
1977.5391
2133.7891
2133.7891
2221.6797
2221.6797
2192.3828
2192.3828
2021.4844
2021.4844
1708.9844
1708.9844
1298.8281
1298.8281
864.2578
864.2578
444.3359
444.3359
73.2422
73.2422
0.0000
0.0000
0.0000
0.0000
0.0000
0.0000
0.0000
0.0000
0.0000
0.0000
0.0000
0.0000
0.0000
0.0000
0.0000
0.0000
0.0000
0.0000
0.0000
0.0000
0.0000
0.0000
0.0000
0.0000
0.0000
0.0000
0.0000
0.0000
0.0000
0.0000
0.0000
0.0000
0.0000
0.0000
0.0000
0.0000
0.0000
0.0000
0.0000
0.0000
0.0000
0.0000
0.0000
0.0000
0.0000
0.0000
24.4141
24.4141
83.0078
83.0078
151.3672
151.3672
224.6094
224.6094
317.3828
317.3828
424.8047
424.8047
527.3437
527.3437
634.7656
634.7656
737.3047
737.3047
825.1953
825.1953
908.2031
908.2031
976.5625
976.5625
1044.9219
1044.9219
1118.1641
1118.1641
1210.9375
1210.9375
1328.1250
1328.1250
1469.7266
1469.7266
1606.4453
1606.4453
1718.7500
1718.7500
1762.6953
1762.6953
1704.1016
1704.1016
1538.0859
1538.0859
1279.2969
1279.2969
957.0312
957.0312
605.4687
605.4687
229.4922
229.4922
0.0000
0.0000
0.0000
0.0000
0.0000
0.0000
0.0000
0.0000
0.0000
0.0000
0.0000
0.0000
0.0000
0.0000
0.0000
0.0000
0.0000
0.0000
0.0000
0.0000
0.0000
0.0000
0.0000
0.0000
0.0000
0.0000
0.0000
0.0000
0.0000
0.0000
0.0000
0.0000
0.0000
0.0000
0.0000
0.0000
0.0000
0.0000
0.0000
0.0000
0.0000
0.0000
0.0000
0.0000
0.0000
0.0000
4.8828
4.8828
122.0703
122.0703
214.8437
214.8437
297.8516
297.8516
361.3281
361.3281
424.8047
424.8047
493.1641
493.1641
566.4062
566.4062
649.4141
649.4141
747.0703
747.0703
854.4922
854.4922
971.6797
971.6797
1098.6328
1098.6328
1225.5859
1225.5859
1347.6562
1347.6562
1469.7266
1469.7266
1591.7969
1591.7969
1694.3359
1694.3359
1752.9297
1752.9297
1733.3984
1733.3984
1625.9766
1625.9766
1430.6641
1430.6641
1181.6406
1181.6406
898.4375
898.4375
595.7031
595.7031
268.5547
268.5547
0.0000
0.0000
0.0000
0.0000
0.0000
0.0000
0.0000
0.0000
0.0000
0.0000
0.0000
0.0000
0.0000
0.0000
0.0000
0.0000
0.0000
0.0000
0.0000
0.0000
0.0000
0.0000
0.0000
0.0000
0.0000
0.0000
0.0000
0.0000
0.0000
0.0000
0.0000
0.0000
0.0000
0.0000
0.0000
0.0000
0.0000
0.0000
0.0000
0.0000
0.0000
0.0000
0.0000
0.0000
0.0000
0.0000
0.0000
0.0000
0.0000
0.0000
14.6484
14.6484
136.7187
136.7187
253.9062
253.9062
361.3281
361.3281
454.1016
454.1016
532.2266
532.2266
595.7031
595.7031
649.4141
649.4141
712.8906
712.8906
791.0156
791.0156
878.9062
878.9062
986.3281
986.3281
1118.1641
1118.1641
1269.5312
1269.5312
1445.3125
1445.3125
1640.6250
1640.6250
1816.4062
1816.4062
1938.4766
1938.4766
1943.3594
1943.3594
1811.5234
1811.5234
1562.5000
1562.5000
1235.3516
1235.3516
864.2578
864.2578
488.2812
488.2812
117.1875
117.1875
0.0000
0.0000
0.0000
0.0000
0.0000
0.0000
0.0000
0.0000
0.0000
0.0000
0.0000
0.0000
0.0000
0.0000
0.0000
0.0000
0.0000
0.0000
0.0000
0.0000
0.0000
0.0000
0.0000
0.0000
0.0000
0.0000
0.0000
0.0000
0.0000
0.0000
0.0000
0.0000
0.0000
0.0000
0.0000
0.0000
0.0000
0.0000
0.0000
0.0000
0.0000
0.0000
0.0000
0.0000
0.0000
0.0000
0.0000
0.0000
0.0000
0.0000
87.8906
87.8906
229.4922
229.4922
371.0937
371.0937
507.8125
507.8125
644.5312
644.5312
776.3672
776.3672
893.5547
893.5547
996.0937
996.0937
1088.8672
1088.8672
1166.9922
1166.9922
1240.2344
1240.2344
1318.3594
1318.3594
1396.4844
1396.4844
1494.1406
1494.1406
1611.3281
1611.3281
1752.9297
1752.9297
1933.5937
1933.5937
2128.9062
2128.9062
2324.2187
2324.2187
2485.3516
2485.3516
2548.8281
2548.8281
2465.8203
2465.8203
2216.7969
2216.7969
1826.1719
1826.1719
1357.4219
1357.4219
874.0234
874.0234
424.8047
424.8047
9.7656
9.7656
0.0000
0.0000
0.0000
0.0000
0.0000
0.0000
0.0000
0.0000
0.0000
0.0000
0.0000
0.0000
0.0000
0.0000
0.0000
0.0000
0.0000
0.0000
0.0000
0.0000
0.0000
0.0000
0.0000
0.0000
0.0000
0.0000
0.0000
0.0000
0.0000
0.0000
0.0000
0.0000
0.0000
0.0000
0.0000
0.0000
0.0000
0.0000
0.0000
0.0000
0.0000
0.0000
0.0000
0.0000
0.0000
0.0000
0.0000
0.0000
0.0000
0.0000
43.9453
43.9453
146.4844
146.4844
258.7891
258.7891
371.0937
371.0937
488.2812
488.2812
620.1172
620.1172
756.8359
756.8359
903.3203
903.3203
1044.9219
1044.9219
1176.7578
1176.7578
1308.5937
1308.5937
1420.8984
1420.8984
1528.3203
1528.3203
1625.9766
1625.9766
1699.2187
1699.2187
1708.9844
1708.9844
1625.9766
1625.9766
1420.8984
1420.8984
1123.0469
1123.0469
776.3672
776.3672
400.3906
400.3906
29.2969
29.2969
0.0000
0.0000
0.0000
0.0000
0.0000
0.0000
0.0000
0.0000
0.0000
0.0000
0.0000
0.0000
0.0000
0.0000
0.0000
0.0000
0.0000
0.0000
0.0000
0.0000
0.0000
0.0000
0.0000
0.0000
0.0000
0.0000
0.0000
0.0000
0.0000
0.0000
0.0000
0.0000
0.0000
0.0000
0.0000
0.0000
0.0000
0.0000
0.0000
0.0000
0.0000
0.0000
0.0000
0.0000
0.0000
0.0000
0.0000
0.0000
19.5312
19.5312
170.8984
170.8984
317.3828
317.3828
449.2187
449.2187
556.6406
556.6406
654.2969
654.2969
737.3047
737.3047
810.5469
810.5469
888.6719
888.6719
971.6797
971.6797
1064.4531
1064.4531
1171.8750
1171.8750
1293.9453
1293.9453
1435.5469
1435.5469
1582.0312
1582.0312
1733.3984
1733.3984
1889.6484
1889.6484
2031.2500
2031.2500
2133.7891
2133.7891
2167.9687
2167.9687
2094.7266
2094.7266
1909.1797
1909.1797
1635.7422
1635.7422
1298.8281
1298.8281
937.5000
937.5000
585.9375
585.9375
249.0234
249.0234
0.0000
0.0000
0.0000
0.0000
0.0000
0.0000
0.0000
0.0000
0.0000
0.0000
0.0000
0.0000
0.0000
0.0000
0.0000
0.0000
0.0000
0.0000
0.0000
0.0000
0.0000
0.0000
0.0000
0.0000
0.0000
0.0000
0.0000
0.0000
0.0000
0.0000
0.0000
0.0000
0.0000
0.0000
0.0000
0.0000
0.0000
0.0000
0.0000
0.0000
0.0000
0.0000
0.0000
0.0000
0.0000
0.0000
0.0000
0.0000
0.0000
0.0000
0.0000
0.0000
39.0625
39.0625
185.5469
185.5469
332.0312
332.0312
463.8672
463.8672
585.9375
585.9375
698.2422
698.2422
795.8984
795.8984
883.7891
883.7891
971.6797
971.6797
1064.4531
1064.4531
1171.8750
1171.8750
1293.9453
1293.9453
1435.5469
1435.5469
1601.5625
1601.5625
1777.3437
1777.3437
1928.7109
1928.7109
2021.4844
2021.4844
2001.9531
2001.9531
1845.7031
1845.7031
1547.8516
1547.8516
1157.2266
1157.2266
727.5391
727.5391
297.8516
297.8516
0.0000
0.0000
0.0000
0.0000
0.0000
0.0000
0.0000
0.0000
0.0000
0.0000
0.0000
0.0000
0.0000
0.0000
0.0000
0.0000
0.0000
0.0000
0.0000
0.0000
0.0000
0.0000
0.0000
0.0000
0.0000
0.0000
0.0000
0.0000
0.0000
0.0000
0.0000
0.0000
0.0000
0.0000
0.0000
0.0000
0.0000
0.0000
0.0000
0.0000
0.0000
0.0000
0.0000
0.0000
0.0000
0.0000
0.0000
0.0000
39.0625
39.0625
170.8984
170.8984
283.2031
283.2031
380.8594
380.8594
478.5156
478.5156
566.4062
566.4062
654.2969
654.2969
747.0703
747.0703
834.9609
834.9609
927.7344
927.7344
1015.6250
1015.6250
1103.5156
1103.5156
1196.2891
1196.2891
1289.0625
1289.0625
1386.7187
1386.7187
1494.1406
1494.1406
1616.2109
1616.2109
1738.2812
1738.2812
1845.7031
1845.7031
1889.6484
1889.6484
1870.1172
1870.1172
1772.4609
1772.4609
1601.5625
1601.5625
1372.0703
1372.0703
1093.7500
1093.7500
776.3672
776.3672
439.4531
439.4531
97.6562
97.6562
0.0000
0.0000
0.0000
0.0000
0.0000
0.0000
0.0000
0.0000
0.0000
0.0000
0.0000
0.0000
0.0000
0.0000
0.0000
0.0000
0.0000
0.0000
0.0000
0.0000
0.0000
0.0000
0.0000
0.0000
0.0000
0.0000
0.0000
0.0000
0.0000
0.0000
0.0000
0.0000
0.0000
0.0000
0.0000
0.0000
0.0000
0.0000
0.0000
0.0000
0.0000
0.0000
0.0000
0.0000
0.0000
0.0000
0.0000
0.0000
131.8359
131.8359
263.6719
380.8594
380.8594
380.8594
483.3984
483.3984
581.0547
581.0547
673.8281
673.8281
771.4844
771.4844
878.9062
878.9062
1000.9766
1000.9766
1127.9297
1127.9297
1274.4141
1274.4141
1420.8984
1572.2656
1572.2656
1572.2656
1713.8672
1713.8672
1840.8203
1840.8203
1948.2422
1948.2422
2011.7187
2011.7187
1997.0703
1997.0703
1879.8828
1879.8828
1650.3906
1650.3906
1328.1250
1328.1250
952.1484
566.4062
566.4062
566.4062
200.1953
200.1953
0.0000
0.0000
0.0000
0.0000
0.0000
0.0000
0.0000
0.0000
0.0000
0.0000
0.0000
0.0000
0.0000
0.0000
0.0000
0.0000
0.0000
0.0000
0.0000
0.0000
0.0000
0.0000
0.0000
0.0000
0.0000
0.0000
0.0000
0.0000
0.0000
0.0000
0.0000
0.0000
0.0000
0.0000
0.0000
0.0000
0.0000
0.0000
0.0000
0.0000
0.0000
0.0000
0.0000
0.0000
0.0000
0.0000
0.0000
9.7656
9.7656
156.2500
156.2500
302.7344
302.7344
449.2187
449.2187
585.9375
585.9375
708.0078
708.0078
820.3125
820.3125
917.9687
917.9687
1005.8594
1005.8594
1088.8672
1088.8672
1176.7578
1176.7578
1274.4141
1274.4141
1381.8359
1381.8359
1503.9062
1503.9062
1645.5078
1645.5078
1796.8750
1796.8750
1953.1250
1953.1250
2094.7266
2094.7266
2192.3828
2192.3828
2187.5000
2187.5000
2050.7812
2050.7812
1787.1094
1787.1094
1425.7812
1425.7812
1030.2734
1030.2734
625.0000
625.0000
239.2578
239.2578
0.0000
0.0000
0.0000
0.0000
0.0000
0.0000
0.0000
0.0000
0.0000
0.0000
0.0000
0.0000
0.0000
0.0000
0.0000
0.0000
0.0000
0.0000
0.0000
0.0000
0.0000
0.0000
0.0000
0.0000
0.0000
0.0000
0.0000
0.0000
0.0000
0.0000
0.0000
0.0000
0.0000
0.0000
0.0000
0.0000
0.0000
0.0000
0.0000
0.0000
0.0000
0.0000
0.0000
0.0000
0.0000
0.0000
0.0000
0.0000
0.0000
0.0000
0.0000
0.0000
0.0000
0.0000
0.0000
0.0000
39.0625
39.0625
156.2500
156.2500
278.3203
278.3203
405.2734
405.2734
532.2266
532.2266
654.2969
654.2969
776.3672
776.3672
893.5547
893.5547
1010.7422
1010.7422
1127.9297
1127.9297
1240.2344
1240.2344
1362.3047
1362.3047
1494.1406
1494.1406
1635.7422
1635.7422
1757.8125
1757.8125
1831.0547
1831.0547
1821.2891
1821.2891
1708.9844
1708.9844
1499.0234
1499.0234
1210.9375
1210.9375
878.9062
878.9062
522.4609
522.4609
151.3672
151.3672
0.0000
0.0000
0.0000
0.0000
0.0000
0.0000
0.0000
0.0000
0.0000
0.0000
0.0000
0.0000
0.0000
0.0000
0.0000
0.0000
0.0000
0.0000
0.0000
0.0000
0.0000
0.0000
0.0000
0.0000
0.0000
0.0000
0.0000
0.0000
0.0000
0.0000
0.0000
0.0000
0.0000
0.0000
0.0000
0.0000
0.0000
0.0000
0.0000
0.0000
0.0000
0.0000
0.0000
0.0000
0.0000
0.0000
0.0000
0.0000
0.0000
0.0000
0.0000
0.0000
78.1250
78.1250
209.9609
209.9609
336.9141
336.9141
458.9844
458.9844
585.9375
585.9375
717.7734
717.7734
864.2578
864.2578
1015.6250
1015.6250
1176.7578
1176.7578
1333.0078
1333.0078
1489.2578
1489.2578
1635.7422
1635.7422
1777.3437
1777.3437
1909.1797
1909.1797
2036.1328
2036.1328
2172.8516
2172.8516
2324.2187
2324.2187
2451.1719
2451.1719
2539.0625
2539.0625
2534.1797
2534.1797
2431.6406
2431.6406
2236.3281
2236.3281
1972.6562
1972.6562
1679.6875
1679.6875
1367.1875
1367.1875
1049.8047
1049.8047
727.5391
727.5391
390.6250
390.6250
58.5937
58.5937
0.0000
0.0000
0.0000
0.0000
0.0000
0.0000
0.0000
0.0000
0.0000
0.0000
0.0000
0.0000
0.0000
0.0000
0.0000
0.0000
0.0000
0.0000
0.0000
0.0000
0.0000
0.0000
0.0000
0.0000
0.0000
0.0000
0.0000
0.0000
0.0000
0.0000
0.0000
0.0000
0.0000
0.0000
0.0000
0.0000
0.0000
0.0000
0.0000
0.0000
0.0000
0.0000
0.0000
0.0000
0.0000
0.0000
151.3672
151.3672
317.3828
317.3828
483.3984
483.3984
639.6484
639.6484
791.0156
791.0156
942.3828
942.3828
1083.9844
1083.9844
1215.8203
1215.8203
1342.7734
1342.7734
1459.9609
1459.9609
1542.9687
1542.9687
1567.3828
1567.3828
1503.9062
1503.9062
1347.6562
1347.6562
1118.1641
1118.1641
849.6094
849.6094
566.4062
566.4062
273.4375
273.4375
0.0000
0.0000
0.0000
0.0000
0.0000
0.0000
0.0000
0.0000
0.0000
0.0000
0.0000
0.0000
0.0000
0.0000
0.0000
0.0000
0.0000
0.0000
0.0000
0.0000
0.0000
0.0000
0.0000
0.0000
0.0000
0.0000
0.0000
0.0000
0.0000
0.0000
0.0000
0.0000
0.0000
0.0000
0.0000
0.0000
0.0000
0.0000
0.0000
0.0000
0.0000
0.0000
0.0000
0.0000
141.6016
141.6016
371.0937
371.0937
581.0547
581.0547
776.3672
776.3672
952.1484
952.1484
1108.3984
1108.3984
1254.8828
1254.8828
1386.7187
1386.7187
1518.5547
1518.5547
1650.3906
1650.3906
1772.4609
1772.4609
1845.7031
1845.7031
1821.2891
1821.2891
1689.4531
1689.4531
1464.8437
1464.8437
1186.5234
1186.5234
888.6719
888.6719
581.0547
581.0547
273.4375
273.4375
0.0000
0.0000
0.0000
0.0000
0.0000
0.0000
0.0000
0.0000
0.0000
0.0000
0.0000
0.0000
0.0000
0.0000
0.0000
0.0000
0.0000
0.0000
0.0000
0.0000
0.0000
0.0000
0.0000
0.0000
0.0000
0.0000
0.0000
0.0000
0.0000
0.0000
0.0000
0.0000
0.0000
0.0000
0.0000
0.0000
0.0000
0.0000
0.0000
0.0000
200.1953
200.1953
419.9219
419.9219
620.1172
620.1172
795.8984
795.8984
942.3828
942.3828
1064.4531
1064.4531
1166.9922
1166.9922
1259.7656
1259.7656
1337.8906
1337.8906
1411.1328
1411.1328
1484.3750
1484.3750
1538.0859
1538.0859
1552.7344
1552.7344
1499.0234
1499.0234
1352.5391
1352.5391
1123.0469
1123.0469
834.9609
834.9609
502.9297
502.9297
146.4844
146.4844
0.0000
0.0000
0.0000
0.0000
0.0000
0.0000
0.0000
0.0000
0.0000
0.0000
0.0000
0.0000
0.0000
0.0000
0.0000
0.0000
0.0000
0.0000
0.0000
0.0000
0.0000
0.0000
0.0000
0.0000
0.0000
0.0000
0.0000
0.0000
0.0000
0.0000
0.0000
0.0000
0.0000
0.0000
0.0000
0.0000
0.0000
0.0000
0.0000
0.0000
0.0000
0.0000
0.0000
0.0000
0.0000
0.0000
0.0000
0.0000
0.0000
0.0000
185.5469
185.5469
351.5625
351.5625
512.6953
512.6953
664.0625
664.0625
815.4297
815.4297
976.5625
976.5625
1147.4609
1147.4609
1333.0078
1333.0078
1523.4375
1523.4375
1704.1016
1704.1016
1865.2344
1865.2344
1997.0703
1997.0703
2065.4297
2065.4297
2036.1328
2036.1328
1889.6484
1889.6484
1635.7422
1635.7422
1318.3594
1318.3594
976.5625
976.5625
634.7656
634.7656
297.8516
297.8516
0.0000
0.0000
0.0000
0.0000
0.0000
0.0000
0.0000
0.0000
0.0000
0.0000
0.0000
0.0000
0.0000
0.0000
0.0000
0.0000
0.0000
0.0000
0.0000
0.0000
0.0000
0.0000
0.0000
0.0000
0.0000
0.0000
0.0000
0.0000
0.0000
0.0000
0.0000
0.0000
0.0000
0.0000
0.0000
0.0000
0.0000
0.0000
0.0000
0.0000
53.7109
53.7109
205.0781
205.0781
336.9141
336.9141
444.3359
444.3359
541.9922
541.9922
634.7656
634.7656
732.4219
732.4219
834.9609
834.9609
942.3828
942.3828
1069.3359
1069.3359
1196.2891
1196.2891
1323.2422
1323.2422
1450.1953
1450.1953
1562.5000
1562.5000
1669.9219
1669.9219
1762.6953
1762.6953
1845.7031
1845.7031
1923.8281
1923.8281
1992.1875
1992.1875
2036.1328
2036.1328
2026.3672
2026.3672
1948.2422
1948.2422
1796.8750
1796.8750
1586.9141
1586.9141
1328.1250
1328.1250
1049.8047
1049.8047
756.8359
756.8359
458.9844
458.9844
166.0156
166.0156
0.0000
0.0000
0.0000
0.0000
0.0000
0.0000
0.0000
0.0000
0.0000
0.0000
0.0000
0.0000
0.0000
0.0000
0.0000
0.0000
0.0000
0.0000
0.0000
0.0000
0.0000
0.0000
0.0000
0.0000
0.0000
0.0000
0.0000
0.0000
0.0000
0.0000
0.0000
0.0000
0.0000
0.0000
0.0000
0.0000
0.0000
0.0000
0.0000
0.0000
0.0000
0.0000
102.5391
102.5391
278.3203
278.3203
454.1016
454.1016
634.7656
634.7656
800.7812
800.7812
952.1484
952.1484
1088.8672
1088.8672
1196.2891
1196.2891
1293.9453
1293.9453
1381.8359
1381.8359
1459.9609
1459.9609
1542.9687
1542.9687
1625.9766
1625.9766
1694.3359
1694.3359
1708.9844
1708.9844
1616.2109
1616.2109
1425.7812
1425.7812
1162.1094
1162.1094
849.6094
849.6094
527.3437
527.3437
195.3125
195.3125
0.0000
0.0000
0.0000
0.0000
0.0000
0.0000
0.0000
0.0000
0.0000
0.0000
0.0000
0.0000
0.0000
0.0000
0.0000
0.0000
0.0000
0.0000
0.0000
0.0000
0.0000
0.0000
0.0000
0.0000
0.0000
0.0000
0.0000
0.0000
0.0000
0.0000
0.0000
0.0000
0.0000
0.0000
0.0000
0.0000
0.0000
0.0000
0.0000
0.0000
0.0000
0.0000
48.8281
48.8281
273.4375
273.4375
483.3984
483.3984
673.8281
673.8281
839.8437
839.8437
986.3281
986.3281
1113.2812
1113.2812
1225.5859
1225.5859
1328.1250
1328.1250
1416.0156
1416.0156
1469.7266
1469.7266
1445.3125
1445.3125
1318.3594
1093.7500
1093.7500
1093.7500
776.3672
776.3672
410.1562
410.1562
19.5312
19.5312
0.0000
0.0000
0.0000
0.0000
0.0000
0.0000
0.0000
0.0000
0.0000
0.0000
0.0000
0.0000
0.0000
0.0000
0.0000
0.0000
0.0000
0.0000
0.0000
0.0000
0.0000
0.0000
0.0000
0.0000
0.0000
0.0000
0.0000
0.0000
0.0000
0.0000
0.0000
0.0000
0.0000
0.0000
0.0000
0.0000
0.0000
0.0000
0.0000
0.0000
0.0000
0.0000
0.0000
0.0000
0.0000
214.8437
214.8437
449.2187
449.2187
673.8281
673.8281
878.9062
878.9062
1069.3359
1069.3359
1240.2344
1240.2344
1401.3672
1401.3672
1547.8516
1547.8516
1684.5703
1684.5703
1806.6406
1806.6406
1879.8828
1879.8828
1875.0000
1875.0000
1743.1641
1743.1641
1469.7266
1469.7266
1118.1641
1118.1641
742.1875
742.1875
390.6250
390.6250
73.2422
73.2422
0.0000
0.0000
0.0000
0.0000
0.0000
0.0000
0.0000
0.0000
0.0000
0.0000
0.0000
0.0000
0.0000
0.0000
0.0000
0.0000
0.0000
0.0000
0.0000
0.0000
0.0000
0.0000
0.0000
0.0000
0.0000
0.0000
0.0000
0.0000
0.0000
0.0000
0.0000
0.0000
0.0000
0.0000
0.0000
0.0000
0.0000
0.0000
0.0000
0.0000
0.0000
0.0000
0.0000
0.0000
0.0000
0.0000
136.7187
136.7187
288.0859
288.0859
419.9219
419.9219
541.9922
541.9922
644.5312
644.5312
732.4219
732.4219
815.4297
815.4297
893.5547
893.5547
976.5625
976.5625
1074.2187
1074.2187
1176.7578
1176.7578
1289.0625
1289.0625
1411.1328
1411.1328
1538.0859
1538.0859
1665.0391
1665.0391
1791.9922
1791.9922
1909.1797
1909.1797
1997.0703
1997.0703
2011.7187
2011.7187
1933.5937
1933.5937
1752.9297
1752.9297
1499.0234
1499.0234
1215.8203
1215.8203
922.8516
922.8516
649.4141
649.4141
380.8594
380.8594
122.0703
122.0703
0.0000
0.0000
0.0000
0.0000
0.0000
0.0000
0.0000
0.0000
0.0000
0.0000
0.0000
0.0000
0.0000
0.0000
0.0000
0.0000
0.0000
0.0000
0.0000
0.0000
0.0000
0.0000
0.0000
0.0000
0.0000
0.0000
0.0000
0.0000
0.0000
0.0000
0.0000
0.0000
0.0000
0.0000
0.0000
0.0000
0.0000
0.0000
0.0000
0.0000
0.0000
0.0000
0.0000
0.0000
0.0000
0.0000
39.0625
39.0625
195.3125
195.3125
361.3281
361.3281
527.3437
527.3437
693.3594
693.3594
849.6094
849.6094
1000.9766
1000.9766
1132.8125
1132.8125
1254.8828
1254.8828
1362.3047
1362.3047
1464.8437
1464.8437
1567.3828
1567.3828
1669.9219
1669.9219
1787.1094
1787.1094
1904.2969
1904.2969
1997.0703
1997.0703
2026.3672
2026.3672
1972.6562
1972.6562
1831.0547
1831.0547
1630.8594
1630.8594
1396.4844
1396.4844
1157.2266
1157.2266
908.2031
908.2031
649.4141
649.4141
395.5078
395.5078
146.4844
146.4844
0.0000
0.0000
0.0000
0.0000
0.0000
0.0000
0.0000
0.0000
0.0000
0.0000
0.0000
0.0000
0.0000
0.0000
0.0000
0.0000
0.0000
0.0000
0.0000
0.0000
0.0000
0.0000
0.0000
0.0000
0.0000
0.0000
0.0000
0.0000
0.0000
0.0000
0.0000
0.0000
0.0000
0.0000
112.3047
112.3047
332.0312
332.0312
546.8750
546.8750
742.1875
742.1875
917.9687
917.9687
1059.5703
1059.5703
1166.9922
1166.9922
1245.1172
1245.1172
1298.8281
1298.8281
1347.6562
1347.6562
1376.9531
1376.9531
1381.8359
1381.8359
1337.8906
1337.8906
1220.7031
1220.7031
1030.2734
1030.2734
776.3672
776.3672
478.5156
478.5156
146.4844
146.4844
0.0000
0.0000
0.0000
0.0000
0.0000
0.0000
0.0000
0.0000
0.0000
0.0000
0.0000
0.0000
0.0000
0.0000
0.0000
0.0000
0.0000
0.0000
0.0000
0.0000
0.0000
0.0000
0.0000
0.0000
0.0000
0.0000
0.0000
0.0000
0.0000
0.0000
0.0000
0.0000
0.0000
0.0000
0.0000
0.0000
0.0000
0.0000
0.0000
0.0000
0.0000
0.0000
0.0000
0.0000
0.0000
0.0000
0.0000
0.0000
0.0000
0.0000
234.3750
234.3750
463.8672
463.8672
673.8281
673.8281
859.3750
859.3750
1020.5078
1020.5078
1162.1094
1162.1094
1289.0625
1289.0625
1406.2500
1406.2500
1499.0234
1499.0234
1523.4375
1523.4375
1455.0781
1455.0781
1289.0625
1289.0625
1040.0391
1040.0391
747.0703
747.0703
419.9219
419.9219
78.1250
78.1250
0.0000
0.0000
0.0000
0.0000
0.0000
0.0000
0.0000
0.0000
0.0000
0.0000
0.0000
0.0000
0.0000
0.0000
0.0000
0.0000
0.0000
0.0000
0.0000
0.0000
0.0000
0.0000
0.0000
0.0000
0.0000
0.0000
0.0000
0.0000
0.0000
0.0000
0.0000
0.0000
0.0000
0.0000
0.0000
0.0000
0.0000
0.0000
0.0000
0.0000
0.0000
0.0000
0.0000
0.0000
0.0000
0.0000
0.0000
0.0000
161.1328
161.1328
361.3281
361.3281
537.1094
537.1094
693.3594
693.3594
834.9609
834.9609
957.0312
957.0312
1079.1016
1079.1016
1196.2891
1196.2891
1318.3594
1318.3594
1450.1953
1450.1953
1582.0312
1582.0312
1718.7500
1718.7500
1845.7031
1845.7031
1938.4766
1938.4766
1948.2422
1948.2422
1850.5859
1850.5859
1655.2734
1655.2734
1376.9531
1376.9531
1044.9219
1044.9219
678.7109
678.7109
312.5000
312.5000
0.0000
0.0000
0.0000
0.0000
0.0000
0.0000
0.0000
0.0000
0.0000
0.0000
0.0000
0.0000
0.0000
0.0000
0.0000
0.0000
0.0000
0.0000
0.0000
0.0000
0.0000
0.0000
0.0000
0.0000
0.0000
0.0000
0.0000
0.0000
0.0000
0.0000
0.0000
0.0000
0.0000
0.0000
0.0000
0.0000
0.0000
0.0000
0.0000
0.0000
0.0000
0.0000
0.0000
0.0000
0.0000
0.0000
0.0000
0.0000
63.4766
63.4766
180.6641
180.6641
307.6172
307.6172
429.6875
429.6875
556.6406
556.6406
693.3594
693.3594
830.0781
830.0781
976.5625
976.5625
1118.1641
1118.1641
1259.7656
1259.7656
1391.6016
1391.6016
1513.6719
1513.6719
1621.0937
1621.0937
1728.5156
1728.5156
1835.9375
1835.9375
1948.2422
1948.2422
2050.7812
2050.7812
2099.6094
2099.6094
2075.1953
2075.1953
1943.3594
1943.3594
1723.6328
1723.6328
1455.0781
1455.0781
1157.2266
1157.2266
864.2578
864.2578
581.0547
581.0547
307.6172
307.6172
43.9453
43.9453
0.0000
0.0000
0.0000
0.0000
0.0000
0.0000
0.0000
0.0000
0.0000
0.0000
0.0000
0.0000
0.0000
0.0000
0.0000
0.0000
0.0000
0.0000
0.0000
0.0000
0.0000
0.0000
0.0000
0.0000
0.0000
0.0000
0.0000
0.0000
0.0000
0.0000
0.0000
0.0000
0.0000
0.0000
0.0000
0.0000
0.0000
0.0000
0.0000
0.0000
48.8281
48.8281
195.3125
195.3125
356.4453
356.4453
512.6953
512.6953
664.0625
664.0625
795.8984
795.8984
913.0859
913.0859
1020.5078
1020.5078
1127.9297
1127.9297
1235.3516
1235.3516
1352.5391
1352.5391
1479.4922
1479.4922
1611.3281
1611.3281
1743.1641
1743.1641
1865.2344
1865.2344
1958.0078
1958.0078
1982.4219
1982.4219
1914.0625
1914.0625
1748.0469
1748.0469
1494.1406
1494.1406
1186.5234
1186.5234
849.6094
849.6094
502.9297
502.9297
166.0156
166.0156
0.0000
0.0000
0.0000
0.0000
0.0000
0.0000
0.0000
0.0000
0.0000
0.0000
0.0000
0.0000
0.0000
0.0000
0.0000
0.0000
0.0000
0.0000
0.0000
0.0000
0.0000
0.0000
0.0000
0.0000
0.0000
0.0000
0.0000
0.0000
0.0000
0.0000
0.0000
0.0000
0.0000
0.0000
0.0000
0.0000
0.0000
0.0000
0.0000
0.0000
0.0000
0.0000
185.5469
185.5469
395.5078
395.5078
585.9375
585.9375
761.7187
761.7187
922.8516
922.8516
1064.4531
1064.4531
1201.1719
1201.1719
1342.7734
1342.7734
1484.3750
1484.3750
1601.5625
1601.5625
1640.6250
1640.6250
1562.5000
1562.5000
1362.3047
1362.3047
1083.9844
1083.9844
776.3672
776.3672
458.9844
458.9844
151.3672
151.3672
0.0000
0.0000
0.0000
0.0000
0.0000
0.0000
0.0000
0.0000
0.0000
0.0000
0.0000
0.0000
0.0000
0.0000
0.0000
0.0000
0.0000
0.0000
0.0000
0.0000
0.0000
0.0000
0.0000
0.0000
0.0000
0.0000
0.0000
0.0000
0.0000
0.0000
0.0000
0.0000
0.0000
0.0000
0.0000
0.0000
0.0000
0.0000
0.0000
0.0000
0.0000
0.0000
78.1250
78.1250
312.5000
312.5000
537.1094
537.1094
737.3047
737.3047
917.9687
917.9687
1069.3359
1069.3359
1210.9375
1210.9375
1337.8906
1337.8906
1435.5469
1435.5469
1479.4922
1479.4922
1445.3125
1445.3125
1313.4766
1313.4766
1108.3984
1108.3984
849.6094
849.6094
561.5234
561.5234
253.9062
253.9062
0.0000
0.0000
0.0000
0.0000
0.0000
0.0000
0.0000
0.0000
0.0000
0.0000
0.0000
0.0000
0.0000
0.0000
0.0000
0.0000
0.0000
0.0000
0.0000
0.0000
0.0000
0.0000
0.0000
0.0000
0.0000
0.0000
0.0000
0.0000
0.0000
0.0000
0.0000
0.0000
0.0000
0.0000
0.0000
0.0000
0.0000
0.0000
0.0000
0.0000
0.0000
0.0000
0.0000
0.0000
0.0000
0.0000
190.4297
190.4297
400.3906
400.3906
605.4687
605.4687
805.6641
805.6641
991.2109
991.2109
1162.1094
1162.1094
1318.3594
1318.3594
1450.1953
1450.1953
1572.2656
1572.2656
1674.8047
1674.8047
1723.6328
1674.8047
1674.8047
1674.8047
1499.0234
1499.0234
1210.9375
1210.9375
869.1406
869.1406
512.6953
512.6953
170.8984
170.8984
0.0000
0.0000
0.0000
0.0000
0.0000
0.0000
0.0000
0.0000
0.0000
0.0000
0.0000
0.0000
0.0000
0.0000
0.0000
0.0000
0.0000
0.0000
0.0000
0.0000
0.0000
0.0000
0.0000
0.0000
0.0000
0.0000
0.0000
0.0000
0.0000
0.0000
0.0000
0.0000
0.0000
0.0000
0.0000
0.0000
0.0000
0.0000
0.0000
0.0000
0.0000
0.0000
0.0000
0.0000
0.0000
0.0000
0.0000
0.0000
0.0000
9.7656
9.7656
180.6641
180.6641
336.9141
336.9141
478.5156
478.5156
595.7031
595.7031
698.2422
698.2422
786.1328
786.1328
869.1406
869.1406
957.0312
957.0312
1054.6875
1054.6875
1166.9922
1166.9922
1298.8281
1298.8281
1440.4297
1440.4297
1596.6797
1596.6797
1728.5156
1728.5156
1806.6406
1806.6406
1782.2266
1782.2266
1635.7422
1635.7422
1376.9531
1376.9531
1049.8047
1049.8047
698.2422
698.2422
356.4453
356.4453
43.9453
43.9453
0.0000
0.0000
0.0000
0.0000
0.0000
0.0000
0.0000
0.0000
0.0000
0.0000
0.0000
0.0000
0.0000
0.0000
0.0000
0.0000
0.0000
0.0000
0.0000
0.0000
0.0000
0.0000
0.0000
0.0000
0.0000
0.0000
0.0000
0.0000
0.0000
0.0000
0.0000
0.0000
0.0000
0.0000
0.0000
0.0000
0.0000
0.0000
0.0000
0.0000
0.0000
0.0000
0.0000
0.0000
97.6562
97.6562
205.0781
205.0781
302.7344
302.7344
390.6250
390.6250
478.5156
478.5156
571.2891
571.2891
664.0625
664.0625
761.7187
761.7187
854.4922
854.4922
952.1484
952.1484
1040.0391
1040.0391
1127.9297
1127.9297
1206.0547
1206.0547
1274.4141
1274.4141
1342.7734
1342.7734
1416.0156
1416.0156
1503.9062
1503.9062
1611.3281
1611.3281
1757.8125
1757.8125
1933.5937
1933.5937
2109.3750
2109.3750
2260.7422
2260.7422
2343.7500
2343.7500
2324.2187
2324.2187
2207.0312
2207.0312
2011.7187
2011.7187
1772.4609
1772.4609
1528.3203
1528.3203
1289.0625
1289.0625
1069.3359
1069.3359
859.3750
859.3750
668.9453
668.9453
493.1641
493.1641
341.7969
341.7969
224.6094
224.6094
122.0703
122.0703
39.0625
39.0625
0.0000
0.0000
0.0000
0.0000
0.0000
0.0000
0.0000
0.0000
0.0000
0.0000
0.0000
0.0000
0.0000
0.0000
0.0000
0.0000
0.0000
0.0000
0.0000
0.0000
0.0000
0.0000
0.0000
0.0000
0.0000
0.0000
87.8906
87.8906
205.0781
205.0781
322.2656
322.2656
439.4531
439.4531
561.5234
561.5234
688.4766
688.4766
815.4297
815.4297
937.5000
937.5000
1049.8047
1049.8047
1152.3437
1152.3437
1245.1172
1245.1172
1303.7109
1303.7109
1303.7109
1303.7109
1206.0547
1206.0547
1005.8594
1005.8594
722.6562
722.6562
390.6250
390.6250
39.0625
39.0625
0.0000
0.0000
0.0000
0.0000
0.0000
0.0000
0.0000
0.0000
0.0000
0.0000
0.0000
0.0000
0.0000
0.0000
0.0000
0.0000
0.0000
0.0000
0.0000
0.0000
0.0000
0.0000
0.0000
0.0000
0.0000
0.0000
0.0000
0.0000
0.0000
0.0000
0.0000
0.0000
0.0000
0.0000
0.0000
0.0000
0.0000
0.0000
0.0000
0.0000
0.0000
0.0000
0.0000
0.0000
0.0000
0.0000
63.4766
63.4766
317.3828
317.3828
551.7578
551.7578
766.6016
766.6016
952.1484
952.1484
1113.2812
1113.2812
1259.7656
1259.7656
1391.6016
1391.6016
1484.3750
1484.3750
1494.1406
1494.1406
1396.4844
1396.4844
1201.1719
1201.1719
952.1484
952.1484
678.7109
678.7109
400.3906
400.3906
117.1875
117.1875
0.0000
0.0000
0.0000
0.0000
0.0000
0.0000
0.0000
0.0000
0.0000
0.0000
0.0000
0.0000
0.0000
0.0000
0.0000
0.0000
0.0000
0.0000
0.0000
0.0000
0.0000
0.0000
0.0000
0.0000
0.0000
0.0000
0.0000
0.0000
0.0000
0.0000
0.0000
0.0000
0.0000
0.0000
0.0000
0.0000
0.0000
0.0000
0.0000
0.0000
0.0000
0.0000
0.0000
0.0000
126.9531
126.9531
366.2109
366.2109
590.8203
590.8203
805.6641
805.6641
1000.9766
1000.9766
1171.8750
1171.8750
1313.4766
1313.4766
1430.6641
1430.6641
1523.4375
1523.4375
1586.9141
1586.9141
1591.7969
1591.7969
1508.7891
1508.7891
1337.8906
1337.8906
1088.8672
1088.8672
791.0156
791.0156
463.8672
463.8672
117.1875
117.1875
0.0000
0.0000
0.0000
0.0000
0.0000
0.0000
0.0000
0.0000
0.0000
0.0000
0.0000
0.0000
0.0000
0.0000
0.0000
0.0000
0.0000
0.0000
0.0000
0.0000
0.0000
0.0000
0.0000
0.0000
0.0000
0.0000
0.0000
0.0000
0.0000
0.0000
0.0000
0.0000
0.0000
0.0000
0.0000
0.0000
0.0000
0.0000
0.0000
0.0000
0.0000
0.0000
0.0000
0.0000
0.0000
0.0000
0.0000
0.0000
83.0078
83.0078
283.2031
283.2031
468.7500
468.7500
639.6484
639.6484
786.1328
786.1328
917.9687
917.9687
1035.1562
1035.1562
1142.5781
1142.5781
1245.1172
1245.1172
1352.5391
1352.5391
1469.7266
1469.7266
1591.7969
1591.7969
1728.5156
1728.5156
1879.8828
1879.8828
2045.8984
2045.8984
2211.9141
2211.9141
2348.6328
2348.6328
2416.9922
2416.9922
2373.0469
2373.0469
2182.6172
2182.6172
1879.8828
1879.8828
1508.7891
1508.7891
1123.0469
1123.0469
751.9531
751.9531
405.2734
405.2734
83.0078
83.0078
0.0000
0.0000
0.0000
0.0000
0.0000
0.0000
0.0000
0.0000
0.0000
0.0000
0.0000
0.0000
0.0000
0.0000
0.0000
0.0000
0.0000
0.0000
0.0000
0.0000
0.0000
0.0000
0.0000
0.0000
0.0000
0.0000
0.0000
0.0000
0.0000
0.0000
0.0000
0.0000
0.0000
0.0000
0.0000
0.0000
0.0000
0.0000
0.0000
0.0000
0.0000
0.0000
0.0000
0.0000
0.0000
0.0000
92.7734
92.7734
209.9609
209.9609
336.9141
336.9141
473.6328
473.6328
620.1172
620.1172
776.3672
776.3672
927.7344
927.7344
1074.2187
1074.2187
1220.7031
1220.7031
1347.6562
1347.6562
1464.8437
1464.8437
1562.5000
1562.5000
1660.1562
1660.1562
1757.8125
1757.8125
1845.7031
1845.7031
1909.1797
1909.1797
1909.1797
1909.1797
1821.2891
1821.2891
1635.7422
1635.7422
1367.1875
1367.1875
1044.9219
1044.9219
698.2422
698.2422
336.9141
336.9141
0.0000
0.0000
0.0000
0.0000
0.0000
0.0000
0.0000
0.0000
0.0000
0.0000
0.0000
0.0000
0.0000
0.0000
0.0000
0.0000
0.0000
0.0000
0.0000
0.0000
0.0000
0.0000
0.0000
0.0000
0.0000
0.0000
0.0000
0.0000
0.0000
0.0000
0.0000
0.0000
0.0000
0.0000
0.0000
0.0000
0.0000
0.0000
0.0000
0.0000
0.0000
0.0000
0.0000
0.0000
0.0000
0.0000
0.0000
0.0000
126.9531
126.9531
283.2031
283.2031
410.1562
410.1562
502.9297
502.9297
576.1719
576.1719
629.8828
629.8828
678.7109
678.7109
732.4219
732.4219
795.8984
795.8984
878.9062
878.9062
986.3281
986.3281
1108.3984
1108.3984
1254.8828
1254.8828
1411.1328
1411.1328
1577.1484
1577.1484
1748.0469
1748.0469
1928.7109
1928.7109
2099.6094
2099.6094
2250.9766
2250.9766
2333.9844
2333.9844
2319.3359
2319.3359
2172.8516
2172.8516
1899.4141
1899.4141
1557.6172
1557.6172
1181.6406
1181.6406
815.4297
815.4297
458.9844
458.9844
107.4219
107.4219
0.0000
0.0000
0.0000
0.0000
0.0000
0.0000
0.0000
0.0000
0.0000
0.0000
0.0000
0.0000
0.0000
0.0000
0.0000
0.0000
0.0000
0.0000
0.0000
0.0000
0.0000
0.0000
0.0000
0.0000
0.0000
0.0000
0.0000
0.0000
0.0000
0.0000
0.0000
0.0000
0.0000
0.0000
0.0000
0.0000
0.0000
0.0000
0.0000
0.0000
0.0000
0.0000
0.0000
0.0000
0.0000
0.0000
0.0000
0.0000
0.0000
0.0000
78.1250
78.1250
214.8437
214.8437
341.7969
341.7969
449.2187
449.2187
546.8750
546.8750
629.8828
629.8828
717.7734
717.7734
805.6641
805.6641
898.4375
898.4375
1010.7422
1010.7422
1127.9297
1127.9297
1264.6484
1264.6484
1420.8984
1420.8984
1577.1484
1577.1484
1713.8672
1713.8672
1782.2266
1782.2266
1757.8125
1757.8125
1621.0937
1621.0937
1381.8359
1381.8359
1064.4531
1064.4531
693.3594
693.3594
302.7344
302.7344
0.0000
0.0000
0.0000
0.0000
0.0000
0.0000
0.0000
0.0000
0.0000
0.0000
0.0000
0.0000
0.0000
0.0000
0.0000
0.0000
0.0000
0.0000
0.0000
0.0000
0.0000
0.0000
0.0000
0.0000
0.0000
0.0000
0.0000
0.0000
0.0000
0.0000
0.0000
0.0000
0.0000
0.0000
0.0000
0.0000
0.0000
0.0000
0.0000
0.0000
0.0000
0.0000
0.0000
0.0000
0.0000
0.0000
0.0000
0.0000
63.4766
63.4766
205.0781
205.0781
327.1484
327.1484
434.5703
434.5703
532.2266
532.2266
625.0000
625.0000
722.6562
722.6562
830.0781
830.0781
937.5000
937.5000
1044.9219
1044.9219
1157.2266
1157.2266
1259.7656
1259.7656
1352.5391
1352.5391
1435.5469
1435.5469
1513.6719
1513.6719
1596.6797
1596.6797
1684.5703
1684.5703
1791.9922
1791.9922
1918.9453
1918.9453
2041.0156
2041.0156
2124.0234
2124.0234
2128.9062
2128.9062
2006.8359
2006.8359
1757.8125
1757.8125
1411.1328
1411.1328
1000.9766
1000.9766
585.9375
585.9375
180.6641
0.0000
0.0000
0.0000
0.0000
0.0000
0.0000
0.0000
0.0000
0.0000
0.0000
0.0000
0.0000
0.0000
0.0000
0.0000
0.0000
0.0000
0.0000
0.0000
0.0000
0.0000
0.0000
0.0000
0.0000
0.0000
0.0000
0.0000
0.0000
0.0000
0.0000
0.0000
0.0000
0.0000
0.0000
0.0000
0.0000
0.0000
0.0000
0.0000
0.0000
0.0000
0.0000
0.0000
0.0000
0.0000
29.2969
29.2969
151.3672
151.3672
249.0234
249.0234
327.1484
327.1484
390.6250
390.6250
444.3359
493.1641
493.1641
551.7578
551.7578
620.1172
620.1172
712.8906
712.8906
825.1953
825.1953
952.1484
952.1484
1098.6328
1098.6328
1250.0000
1250.0000
1411.1328
1411.1328
1567.3828
1567.3828
1723.6328
1723.6328
1850.5859
1850.5859
1933.5937
1933.5937
1943.3594
1943.3594
1865.2344
1865.2344
1704.1016
1704.1016
1464.8437
1464.8437
1166.9922
1166.9922
815.4297
815.4297
439.4531
439.4531
48.8281
48.8281
0.0000
0.0000
0.0000
0.0000
0.0000
0.0000
0.0000
0.0000
0.0000
0.0000
0.0000
0.0000
0.0000
0.0000
0.0000
0.0000
0.0000
0.0000
0.0000
0.0000
0.0000
0.0000
0.0000
0.0000
0.0000
0.0000
0.0000
0.0000
0.0000
0.0000
0.0000
0.0000
0.0000
0.0000
0.0000
0.0000
0.0000
0.0000
0.0000
0.0000
0.0000
0.0000
0.0000
0.0000
0.0000
0.0000
0.0000
0.0000
0.0000
0.0000
9.7656
9.7656
166.0156
166.0156
302.7344
302.7344
424.8047
424.8047
527.3437
527.3437
620.1172
620.1172
698.2422
698.2422
776.3672
776.3672
849.6094
849.6094
942.3828
942.3828
1044.9219
1044.9219
1166.9922
1166.9922
1303.7109
1303.7109
1455.0781
1455.0781
1616.2109
1616.2109
1782.2266
1782.2266
1953.1250
1953.1250
2109.3750
2109.3750
2231.4453
2231.4453
2280.2734
2280.2734
2231.4453
2231.4453
2060.5469
2060.5469
1757.8125
1757.8125
1362.3047
1362.3047
908.2031
908.2031
449.2187
449.2187
19.5312
19.5312
0.0000
0.0000
0.0000
0.0000
0.0000
0.0000
0.0000
0.0000
0.0000
0.0000
0.0000
0.0000
0.0000
0.0000
0.0000
0.0000
0.0000
0.0000
0.0000
0.0000
0.0000
0.0000
0.0000
0.0000
0.0000
0.0000
0.0000
0.0000
0.0000
0.0000
0.0000
0.0000
0.0000
0.0000
0.0000
0.0000
0.0000
0.0000
0.0000
0.0000
0.0000
0.0000
0.0000
0.0000
0.0000
0.0000
0.0000
0.0000
0.0000
0.0000
0.0000
0.0000
58.5937
58.5937
209.9609
209.9609
361.3281
361.3281
512.6953
512.6953
649.4141
649.4141
776.3672
776.3672
893.5547
893.5547
996.0937
996.0937
1093.7500
1093.7500
1186.5234
1186.5234
1284.1797
1284.1797
1396.4844
1396.4844
1523.4375
1523.4375
1665.0391
1665.0391
1831.0547
1831.0547
2016.6016
2016.6016
2192.3828
2192.3828
2324.2187
2324.2187
2363.2812
2363.2812
2275.3906
2275.3906
2045.8984
2045.8984
1694.3359
1694.3359
1279.2969
1279.2969
839.8437
839.8437
400.3906
400.3906
0.0000
0.0000
0.0000
0.0000
0.0000
0.0000
0.0000
0.0000
0.0000
0.0000
0.0000
0.0000
0.0000
0.0000
0.0000
0.0000
0.0000
0.0000
0.0000
0.0000
0.0000
0.0000
0.0000
0.0000
0.0000
0.0000
0.0000
0.0000
0.0000
0.0000
0.0000
0.0000
0.0000
0.0000
0.0000
0.0000
0.0000
0.0000
0.0000
0.0000
0.0000
0.0000
0.0000
0.0000
0.0000
0.0000
0.0000
0.0000
0.0000
0.0000
34.1797
34.1797
175.7812
175.7812
317.3828
317.3828
458.9844
458.9844
595.7031
595.7031
732.4219
732.4219
864.2578
864.2578
981.4453
981.4453
1098.6328
1098.6328
1206.0547
1206.0547
1308.5937
1308.5937
1411.1328
1411.1328
1513.6719
1513.6719
1621.0937
1621.0937
1748.0469
1748.0469
1889.6484
1889.6484
2045.8984
2045.8984
2202.1484
2202.1484
2319.3359
2319.3359
2363.2812
2363.2812
2280.2734
2280.2734
2065.4297
2065.4297
1738.2812
1738.2812
1342.7734
1342.7734
917.9687
917.9687
488.2812
488.2812
73.2422
73.2422
0.0000
0.0000
0.0000
0.0000
0.0000
0.0000
0.0000
0.0000
0.0000
0.0000
0.0000
0.0000
0.0000
0.0000
0.0000
0.0000
0.0000
0.0000
0.0000
0.0000
0.0000
0.0000
0.0000
0.0000
0.0000
0.0000
0.0000
0.0000
0.0000
0.0000
0.0000
0.0000
0.0000
0.0000
0.0000
0.0000
0.0000
0.0000
0.0000
0.0000
0.0000
0.0000
0.0000
0.0000
0.0000
0.0000
0.0000
0.0000
0.0000
0.0000
53.7109
53.7109
141.6016
141.6016
224.6094
224.6094
302.7344
302.7344
380.8594
380.8594
473.6328
473.6328
576.1719
576.1719
693.3594
693.3594
815.4297
815.4297
947.2656
947.2656
1079.1016
1079.1016
1206.0547
1206.0547
1333.0078
1333.0078
1450.1953
1450.1953
1572.2656
1572.2656
1689.4531
1689.4531
1801.7578
1801.7578
1865.2344
1865.2344
1860.3516
1860.3516
1757.8125
1757.8125
1552.7344
1552.7344
1264.6484
1264.6484
917.9687
917.9687
541.9922
541.9922
166.0156
166.0156
0.0000
0.0000
0.0000
0.0000
0.0000
0.0000
0.0000
0.0000
0.0000
0.0000
0.0000
0.0000
0.0000
0.0000
0.0000
0.0000
0.0000
0.0000
0.0000
0.0000
0.0000
0.0000
0.0000
0.0000
0.0000
0.0000
0.0000
0.0000
0.0000
0.0000
0.0000
0.0000
0.0000
0.0000
0.0000
0.0000
0.0000
0.0000
0.0000
0.0000
0.0000
0.0000
0.0000
0.0000
0.0000
0.0000
0.0000
0.0000
0.0000
0.0000
83.0078
83.0078
219.7266
219.7266
332.0312
332.0312
424.8047
424.8047
498.0469
498.0469
561.5234
561.5234
625.0000
625.0000
698.2422
698.2422
791.0156
791.0156
898.4375
898.4375
1025.3906
1025.3906
1171.8750
1171.8750
1328.1250
1328.1250
1484.3750
1484.3750
1640.6250
1640.6250
1791.9922
1791.9922
1923.8281
1923.8281
2016.6016
2016.6016
2036.1328
2036.1328
1958.0078
1958.0078
1782.2266
1782.2266
1538.0859
1538.0859
1245.1172
1245.1172
932.6172
932.6172
620.1172
620.1172
312.5000
312.5000
9.7656
9.7656
0.0000
0.0000
0.0000
0.0000
0.0000
0.0000
0.0000
0.0000
0.0000
0.0000
0.0000
0.0000
0.0000
0.0000
0.0000
0.0000
0.0000
0.0000
0.0000
0.0000
0.0000
0.0000
0.0000
0.0000
0.0000
0.0000
0.0000
0.0000
0.0000
0.0000
0.0000
0.0000
0.0000
0.0000
0.0000
0.0000
0.0000
0.0000
0.0000
0.0000
0.0000
0.0000
0.0000
0.0000
34.1797
34.1797
112.3047
112.3047
205.0781
205.0781
297.8516
297.8516
390.6250
390.6250
478.5156
478.5156
561.5234
561.5234
644.5312
644.5312
717.7734
717.7734
791.0156
791.0156
864.2578
864.2578
947.2656
947.2656
1044.9219
1044.9219
1157.2266
1157.2266
1274.4141
1274.4141
1396.4844
1396.4844
1508.7891
1508.7891
1577.1484
1577.1484
1562.5000
1562.5000
1450.1953
1450.1953
1235.3516
1235.3516
937.5000
937.5000
576.1719
576.1719
180.6641
180.6641
0.0000
0.0000
0.0000
0.0000
0.0000
0.0000
0.0000
0.0000
0.0000
0.0000
0.0000
0.0000
0.0000
0.0000
0.0000
0.0000
0.0000
0.0000
0.0000
0.0000
0.0000
0.0000
0.0000
0.0000
0.0000
0.0000
0.0000
0.0000
0.0000
0.0000
0.0000
0.0000
0.0000
0.0000
0.0000
0.0000
0.0000
0.0000
0.0000
0.0000
0.0000
0.0000
0.0000
0.0000
0.0000
0.0000
0.0000
0.0000
0.0000
0.0000
0.0000
0.0000
58.5937
58.5937
141.6016
141.6016
224.6094
224.6094
302.7344
302.7344
385.7422
385.7422
483.3984
483.3984
590.8203
590.8203
703.1250
703.1250
820.3125
820.3125
942.3828
942.3828
1064.4531
1064.4531
1181.6406
1181.6406
1289.0625
1289.0625
1386.7187
1386.7187
1484.3750
1484.3750
1582.0312
1582.0312
1674.8047
1674.8047
1757.8125
1757.8125
1791.9922
1791.9922
1757.8125
1757.8125
1635.7422
1635.7422
1440.4297
1440.4297
1176.7578
1176.7578
864.2578
864.2578
527.3437
527.3437
166.0156
166.0156
0.0000
0.0000
0.0000
0.0000
0.0000
0.0000
0.0000
0.0000
0.0000
0.0000
0.0000
0.0000
0.0000
0.0000
0.0000
0.0000
0.0000
0.0000
0.0000
0.0000
0.0000
0.0000
0.0000
0.0000
0.0000
0.0000
0.0000
0.0000
0.0000
0.0000
0.0000
0.0000
0.0000
0.0000
0.0000
0.0000
0.0000
0.0000
0.0000
0.0000
0.0000
0.0000
0.0000
0.0000
0.0000
0.0000
0.0000
0.0000
73.2422
73.2422
205.0781
205.0781
307.6172
307.6172
385.7422
385.7422
444.3359
444.3359
493.1641
493.1641
537.1094
537.1094
595.7031
595.7031
664.0625
664.0625
751.9531
751.9531
859.3750
859.3750
976.5625
976.5625
1113.2812
1113.2812
1245.1172
1245.1172
1376.9531
1376.9531
1503.9062
1503.9062
1630.8594
1630.8594
1748.0469
1748.0469
1845.7031
1845.7031
1889.6484
1889.6484
1875.0000
1875.0000
1787.1094
1787.1094
1625.9766
1625.9766
1416.0156
1416.0156
1147.4609
1147.4609
830.0781
830.0781
488.2812
488.2812
131.8359
131.8359
0.0000
0.0000
0.0000
0.0000
0.0000
0.0000
0.0000
0.0000
0.0000
0.0000
0.0000
0.0000
0.0000
0.0000
0.0000
0.0000
0.0000
0.0000
0.0000
0.0000
0.0000
0.0000
0.0000
0.0000
0.0000
0.0000
0.0000
0.0000
0.0000
0.0000
0.0000
0.0000
0.0000
0.0000
0.0000
0.0000
0.0000
0.0000
0.0000
0.0000
0.0000
0.0000
0.0000
0.0000
0.0000
0.0000
0.0000
0.0000
58.5937
58.5937
224.6094
224.6094
375.9766
375.9766
498.0469
498.0469
590.8203
590.8203
659.1797
659.1797
712.8906
712.8906
766.6016
815.4297
815.4297
815.4297
878.9062
878.9062
957.0312
957.0312
1049.8047
1049.8047
1166.9922
1166.9922
1298.8281
1298.8281
1440.4297
1440.4297
1591.7969
1591.7969
1752.9297
1752.9297
1909.1797
2050.7812
2050.7812
2158.2031
2158.2031
2192.3828
2192.3828
2124.0234
2124.0234
1948.2422
1948.2422
1684.5703
1684.5703
1352.5391
1352.5391
991.2109
991.2109
625.0000
625.0000
263.6719
263.6719
0.0000
0.0000
0.0000
0.0000
0.0000
0.0000
0.0000
0.0000
0.0000
0.0000
0.0000
0.0000
0.0000
0.0000
0.0000
0.0000
0.0000
0.0000
0.0000
0.0000
0.0000
0.0000
0.0000
0.0000
0.0000
0.0000
0.0000
0.0000
0.0000
0.0000
0.0000
0.0000
0.0000
0.0000
0.0000
0.0000
0.0000
0.0000
0.0000
0.0000
0.0000
0.0000
0.0000
0.0000
0.0000
0.0000
0.0000
0.0000
19.5312
19.5312
146.4844
146.4844
278.3203
278.3203
405.2734
405.2734
522.4609
522.4609
625.0000
625.0000
708.0078
708.0078
776.3672
776.3672
834.9609
834.9609
878.9062
878.9062
927.7344
927.7344
981.4453
981.4453
1049.8047
1049.8047
1137.6953
1137.6953
1245.1172
1245.1172
1376.9531
1376.9531
1523.4375
1523.4375
1674.8047
1674.8047
1796.8750
1796.8750
1850.5859
1850.5859
1806.6406
1806.6406
1660.1562
1660.1562
1420.8984
1420.8984
1123.0469
1123.0469
781.2500
781.2500
410.1562
410.1562
43.9453
43.9453
0.0000
0.0000
0.0000
0.0000
0.0000
0.0000
0.0000
0.0000
0.0000
0.0000
0.0000
0.0000
0.0000
0.0000
0.0000
0.0000
0.0000
0.0000
0.0000
0.0000
0.0000
0.0000
0.0000
0.0000
0.0000
0.0000
0.0000
0.0000
0.0000
0.0000
0.0000
0.0000
0.0000
0.0000
0.0000
0.0000
0.0000
0.0000
0.0000
0.0000
0.0000
0.0000
0.0000
0.0000
0.0000
0.0000
0.0000
0.0000
0.0000
0.0000
0.0000
0.0000
107.4219
107.4219
239.2578
239.2578
380.8594
380.8594
522.4609
522.4609
654.2969
654.2969
781.2500
781.2500
898.4375
898.4375
1000.9766
1000.9766
1093.7500
1093.7500
1181.6406
1181.6406
1264.6484
1264.6484
1352.5391
1352.5391
1455.0781
1455.0781
1577.1484
1577.1484
1723.6328
1723.6328
1884.7656
1884.7656
2031.2500
2031.2500
2124.0234
2124.0234
2128.9062
2128.9062
2006.8359
2006.8359
1777.3437
1777.3437
1450.1953
1450.1953
1064.4531
1064.4531
654.2969
654.2969
234.3750
234.3750
0.0000
0.0000
0.0000
0.0000
0.0000
0.0000
0.0000
0.0000
0.0000
0.0000
0.0000
0.0000
0.0000
0.0000
0.0000
0.0000
0.0000
0.0000
0.0000
0.0000
0.0000
0.0000
0.0000
0.0000
0.0000
0.0000
0.0000
0.0000
0.0000
0.0000
0.0000
0.0000
0.0000
0.0000
0.0000
0.0000
0.0000
0.0000
0.0000
0.0000
0.0000
0.0000
0.0000
0.0000
0.0000
0.0000
0.0000
0.0000
73.2422
73.2422
175.7812
175.7812
263.6719
263.6719
346.6797
346.6797
434.5703
434.5703
522.4609
522.4609
620.1172
620.1172
722.6562
722.6562
830.0781
830.0781
942.3828
942.3828
1064.4531
1064.4531
1186.5234
1186.5234
1308.5937
1308.5937
1430.6641
1430.6641
1547.8516
1547.8516
1665.0391
1665.0391
1782.2266
1782.2266
1894.5312
1894.5312
1982.4219
1982.4219
2001.9531
2001.9531
1928.7109
1928.7109
1748.0469
1748.0469
1474.6094
1474.6094
1132.8125
1132.8125
756.8359
756.8359
366.2109
366.2109
0.0000
0.0000
0.0000
0.0000
0.0000
0.0000
0.0000
0.0000
0.0000
0.0000
0.0000
0.0000
0.0000
0.0000
0.0000
0.0000
0.0000
0.0000
0.0000
0.0000
0.0000
0.0000
0.0000
0.0000
0.0000
0.0000
0.0000
0.0000
0.0000
0.0000
0.0000
0.0000
0.0000
0.0000
0.0000
0.0000
0.0000
0.0000
0.0000
0.0000
0.0000
0.0000
0.0000
0.0000
0.0000
0.0000
0.0000
0.0000
0.0000
0.0000
0.0000
0.0000
0.0000
0.0000
126.9531
126.9531
234.3750
234.3750
327.1484
327.1484
410.1562
410.1562
488.2812
488.2812
576.1719
576.1719
668.9453
668.9453
771.4844
771.4844
888.6719
888.6719
1025.3906
1025.3906
1166.9922
1166.9922
1318.3594
1318.3594
1469.7266
1469.7266
1616.2109
1616.2109
1757.8125
1757.8125
1865.2344
1865.2344
1918.9453
1918.9453
1894.5312
1894.5312
1782.2266
1782.2266
1586.9141
1586.9141
1342.7734
1342.7734
1054.6875
1054.6875
737.3047
737.3047
395.5078
395.5078
53.7109
53.7109
0.0000
0.0000
0.0000
0.0000
0.0000
0.0000
0.0000
0.0000
0.0000
0.0000
0.0000
0.0000
0.0000
0.0000
0.0000
0.0000
0.0000
0.0000
0.0000
0.0000
0.0000
0.0000
0.0000
0.0000
0.0000
0.0000
0.0000
0.0000
0.0000
0.0000
0.0000
0.0000
0.0000
0.0000
0.0000
0.0000
0.0000
0.0000
0.0000
0.0000
0.0000
0.0000
0.0000
0.0000
29.2969
29.2969
151.3672
151.3672
268.5547
268.5547
375.9766
375.9766
473.6328
473.6328
566.4062
566.4062
644.5312
644.5312
712.8906
712.8906
776.3672
776.3672
839.8437
839.8437
913.0859
913.0859
1000.9766
1000.9766
1103.5156
1103.5156
1225.5859
1225.5859
1367.1875
1367.1875
1513.6719
1513.6719
1669.9219
1669.9219
1811.5234
1811.5234
1909.1797
1909.1797
1938.4766
1938.4766
1865.2344
1865.2344
1689.4531
1689.4531
1430.6641
1430.6641
1103.5156
1103.5156
737.3047
737.3047
346.6797
346.6797
0.0000
0.0000
0.0000
0.0000
0.0000
0.0000
0.0000
0.0000
0.0000
0.0000
0.0000
0.0000
0.0000
0.0000
0.0000
0.0000
0.0000
0.0000
0.0000
0.0000
0.0000
0.0000
0.0000
0.0000
0.0000
0.0000
0.0000
0.0000
0.0000
0.0000
0.0000
0.0000
0.0000
0.0000
0.0000
0.0000
0.0000
0.0000
0.0000
0.0000
0.0000
0.0000
0.0000
0.0000
0.0000
0.0000
0.0000
0.0000
0.0000
0.0000
0.0000
0.0000
0.0000
0.0000
0.0000
0.0000
107.4219
107.4219
244.1406
244.1406
375.9766
375.9766
507.8125
507.8125
629.8828
629.8828
742.1875
742.1875
844.7266
844.7266
932.6172
932.6172
1015.6250
1015.6250
1098.6328
1098.6328
1176.7578
1176.7578
1264.6484
1264.6484
1367.1875
1367.1875
1484.3750
1484.3750
1625.9766
1625.9766
1787.1094
1787.1094
1958.0078
1958.0078
2119.1406
2119.1406
2226.5625
2226.5625
2236.3281
2236.3281
2128.9062
2128.9062
1914.0625
1914.0625
1616.2109
1616.2109
1269.5312
1269.5312
908.2031
908.2031
551.7578
551.7578
205.0781
205.0781
0.0000
0.0000
0.0000
0.0000
0.0000
0.0000
0.0000
0.0000
0.0000
0.0000
0.0000
0.0000
0.0000
0.0000
0.0000
0.0000
0.0000
0.0000
0.0000
0.0000
0.0000
0.0000
0.0000
0.0000
0.0000
0.0000
0.0000
0.0000
0.0000
0.0000
0.0000
0.0000
0.0000
0.0000
0.0000
0.0000
0.0000
0.0000
0.0000
0.0000
0.0000
0.0000
0.0000
0.0000
0.0000
0.0000
0.0000
0.0000
0.0000
0.0000
97.6562
97.6562
209.9609
209.9609
332.0312
332.0312
463.8672
463.8672
595.7031
595.7031
732.4219
732.4219
864.2578
864.2578
991.2109
991.2109
1103.5156
1103.5156
1206.0547
1206.0547
1298.8281
1298.8281
1376.9531
1376.9531
1455.0781
1455.0781
1528.3203
1528.3203
1601.5625
1601.5625
1665.0391
1665.0391
1689.4531
1689.4531
1655.2734
1655.2734
1552.7344
1552.7344
1381.8359
1381.8359
1157.2266
1157.2266
888.6719
888.6719
585.9375
585.9375
258.7891
258.7891
0.0000
0.0000
0.0000
0.0000
0.0000
0.0000
0.0000
0.0000
0.0000
0.0000
0.0000
0.0000
0.0000
0.0000
0.0000
0.0000
0.0000
0.0000
0.0000
0.0000
0.0000
0.0000
0.0000
0.0000
0.0000
0.0000
0.0000
0.0000
0.0000
0.0000
0.0000
0.0000
0.0000
0.0000
0.0000
0.0000
0.0000
0.0000
0.0000
0.0000
0.0000
0.0000
0.0000
0.0000
0.0000
0.0000
0.0000
0.0000
0.0000
0.0000
0.0000
0.0000
117.1875
117.1875
234.3750
234.3750
332.0312
332.0312
419.9219
419.9219
507.8125
507.8125
590.8203
590.8203
683.5937
683.5937
786.1328
786.1328
888.6719
888.6719
1000.9766
1000.9766
1118.1641
1118.1641
1230.4687
1230.4687
1342.7734
1342.7734
1450.1953
1450.1953
1557.6172
1557.6172
1674.8047
1674.8047
1791.9922
1791.9922
1904.2969
1904.2969
1972.6562
1972.6562
1972.6562
1972.6562
1884.7656
1884.7656
1708.9844
1708.9844
1459.9609
1459.9609
1157.2266
1157.2266
825.1953
825.1953
488.2812
488.2812
146.4844
146.4844
0.0000
0.0000
0.0000
0.0000
0.0000
0.0000
0.0000
0.0000
0.0000
0.0000
0.0000
0.0000
0.0000
0.0000
0.0000
0.0000
0.0000
0.0000
0.0000
0.0000
0.0000
0.0000
0.0000
0.0000
0.0000
0.0000
0.0000
0.0000
0.0000
0.0000
0.0000
0.0000
0.0000
0.0000
0.0000
0.0000
0.0000
0.0000
0.0000
0.0000
0.0000
0.0000
0.0000
0.0000
0.0000
0.0000
126.9531
126.9531
244.1406
244.1406
351.5625
351.5625
439.4531
439.4531
517.5781
517.5781
581.0547
581.0547
634.7656
693.3594
693.3594
693.3594
761.7187
761.7187
844.7266
844.7266
947.2656
947.2656
1074.2187
1074.2187
1225.5859
1225.5859
1386.7187
1386.7187
1552.7344
1552.7344
1713.8672
1713.8672
1840.8203
1894.5312
1894.5312
1894.5312
1840.8203
1840.8203
1679.6875
1679.6875
1425.7812
1425.7812
1103.5156
1103.5156
751.9531
751.9531
390.6250
390.6250
29.2969
29.2969
0.0000
0.0000
0.0000
0.0000
0.0000
0.0000
0.0000
0.0000
0.0000
0.0000
0.0000
0.0000
0.0000
0.0000
0.0000
0.0000
0.0000
0.0000
0.0000
0.0000
0.0000
0.0000
0.0000
0.0000
0.0000
0.0000
0.0000
0.0000
0.0000
0.0000
0.0000
0.0000
0.0000
0.0000
0.0000
0.0000
0.0000
0.0000
0.0000
0.0000
0.0000
0.0000
0.0000
0.0000
0.0000
0.0000
0.0000
0.0000
0.0000
0.0000
0.0000
0.0000
0.0000
112.3047
112.3047
234.3750
234.3750
361.3281
361.3281
483.3984
483.3984
605.4687
605.4687
717.7734
717.7734
830.0781
830.0781
927.7344
927.7344
1025.3906
1025.3906
1127.9297
1127.9297
1235.3516
1235.3516
1352.5391
1352.5391
1489.2578
1489.2578
1635.7422
1635.7422
1787.1094
1787.1094
1909.1797
1909.1797
1967.7734
1967.7734
1938.4766
1938.4766
1801.7578
1801.7578
1591.7969
1591.7969
1333.0078
1333.0078
1054.6875
1054.6875
781.2500
781.2500
517.5781
517.5781
278.3203
278.3203
63.4766
63.4766
0.0000
0.0000
0.0000
0.0000
0.0000
0.0000
0.0000
0.0000
0.0000
0.0000
0.0000
0.0000
0.0000
0.0000
0.0000
0.0000
0.0000
0.0000
0.0000
0.0000
0.0000
0.0000
0.0000
0.0000
0.0000
0.0000
0.0000
0.0000
0.0000
0.0000
0.0000
0.0000
9.7656
9.7656
214.8437
214.8437
410.1562
410.1562
590.8203
590.8203
747.0703
747.0703
883.7891
883.7891
996.0937
996.0937
1093.7500
1093.7500
1176.7578
1176.7578
1254.8828
1254.8828
1323.2422
1323.2422
1391.6016
1391.6016
1459.9609
1459.9609
1499.0234
1499.0234
1474.6094
1474.6094
1357.4219
1357.4219
1162.1094
1162.1094
903.3203
903.3203
610.3516
610.3516
292.9687
292.9687
0.0000
0.0000
0.0000
0.0000
0.0000
0.0000
0.0000
0.0000
0.0000
0.0000
0.0000
0.0000
0.0000
0.0000
0.0000
0.0000
0.0000
0.0000
0.0000
0.0000
0.0000
0.0000
0.0000
0.0000
0.0000
0.0000
0.0000
0.0000
0.0000
0.0000
0.0000
0.0000
0.0000
0.0000
0.0000
0.0000
0.0000
0.0000
0.0000
0.0000
0.0000
0.0000
0.0000
0.0000
0.0000
0.0000
14.6484
14.6484
253.9062
253.9062
473.6328
473.6328
683.5937
683.5937
878.9062
878.9062
1059.5703
1059.5703
1230.4687
1230.4687
1386.7187
1386.7187
1533.2031
1533.2031
1674.8047
1674.8047
1816.4062
1816.4062
1923.8281
1923.8281
1948.2422
1948.2422
1826.1719
1826.1719
1547.8516
1547.8516
1162.1094
1162.1094
732.4219
732.4219
312.5000
312.5000
0.0000
0.0000
0.0000
0.0000
0.0000
0.0000
0.0000
0.0000
0.0000
0.0000
0.0000
0.0000
0.0000
0.0000
0.0000
0.0000
0.0000
0.0000
0.0000
0.0000
0.0000
0.0000
0.0000
0.0000
0.0000
0.0000
0.0000
0.0000
0.0000
0.0000
0.0000
0.0000
0.0000
0.0000
0.0000
0.0000
0.0000
0.0000
0.0000
0.0000
0.0000
0.0000
0.0000
0.0000
0.0000
0.0000
0.0000
0.0000
0.0000
0.0000
131.8359
131.8359
288.0859
288.0859
424.8047
424.8047
561.5234
561.5234
693.3594
693.3594
830.0781
830.0781
976.5625
976.5625
1132.8125
1132.8125
1298.8281
1298.8281
1474.6094
1474.6094
1650.3906
1650.3906
1816.4062
1816.4062
1953.1250
1953.1250
2011.7187
2011.7187
1958.0078
1958.0078
1777.3437
1777.3437
1489.2578
1489.2578
1147.4609
1147.4609
795.8984
795.8984
454.1016
454.1016
126.9531
126.9531
0.0000
0.0000
0.0000
0.0000
0.0000
0.0000
0.0000
0.0000
0.0000
0.0000
0.0000
0.0000
0.0000
0.0000
0.0000
0.0000
0.0000
0.0000
0.0000
0.0000
0.0000
0.0000
0.0000
0.0000
0.0000
0.0000
0.0000
0.0000
0.0000
0.0000
0.0000
0.0000
0.0000
0.0000
0.0000
0.0000
0.0000
0.0000
0.0000
0.0000
0.0000
0.0000
0.0000
0.0000
0.0000
0.0000
0.0000
0.0000
102.5391
102.5391
253.9062
253.9062
405.2734
405.2734
556.6406
556.6406
698.2422
698.2422
830.0781
830.0781
952.1484
952.1484
1064.4531
1064.4531
1171.8750
1171.8750
1269.5312
1269.5312
1362.3047
1362.3047
1459.9609
1459.9609
1562.5000
1562.5000
1679.6875
1679.6875
1806.6406
1806.6406
1953.1250
1953.1250
2119.1406
2119.1406
2299.8047
2299.8047
2460.9375
2460.9375
2553.7109
2553.7109
2529.2969
2529.2969
2353.5156
2353.5156
2045.8984
2045.8984
1655.2734
1655.2734
1245.1172
1245.1172
849.6094
849.6094
488.2812
488.2812
156.2500
156.2500
0.0000
0.0000
0.0000
0.0000
0.0000
0.0000
0.0000
0.0000
0.0000
0.0000
0.0000
0.0000
0.0000
0.0000
0.0000
0.0000
0.0000
0.0000
0.0000
0.0000
0.0000
0.0000
0.0000
0.0000
0.0000
0.0000
0.0000
0.0000
0.0000
0.0000
0.0000
0.0000
0.0000
0.0000
0.0000
0.0000
0.0000
0.0000
0.0000
0.0000
0.0000
0.0000
0.0000
0.0000
0.0000
0.0000
0.0000
0.0000
0.0000
0.0000
0.0000
0.0000
102.5391
102.5391
234.3750
234.3750
385.7422
385.7422
546.8750
546.8750
717.7734
717.7734
898.4375
898.4375
1083.9844
1083.9844
1259.7656
1259.7656
1416.0156
1416.0156
1552.7344
1552.7344
1665.0391
1665.0391
1738.2812
1738.2812
1767.5781
1767.5781
1738.2812
1738.2812
1645.5078
1645.5078
1513.6719
1513.6719
1347.6562
1347.6562
1162.1094
1162.1094
971.6797
971.6797
761.7187
761.7187
527.3437
527.3437
278.3203
278.3203
14.6484
14.6484
0.0000
0.0000
0.0000
0.0000
0.0000
0.0000
0.0000
0.0000
0.0000
0.0000
0.0000
0.0000
0.0000
0.0000
0.0000
0.0000
0.0000
0.0000
0.0000
0.0000
0.0000
0.0000
0.0000
0.0000
0.0000
0.0000
0.0000
0.0000
0.0000
0.0000
0.0000
0.0000
0.0000
0.0000
0.0000
0.0000
161.1328
161.1328
361.3281
361.3281
571.2891
571.2891
781.2500
781.2500
991.2109
991.2109
1191.4062
1191.4062
1362.3047
1362.3047
1503.9062
1503.9062
1606.4453
1606.4453
1684.5703
1684.5703
1743.1641
1743.1641
1752.9297
1752.9297
1689.4531
1689.4531
1533.2031
1533.2031
1289.0625
1289.0625
986.3281
986.3281
659.1797
659.1797
332.0312
332.0312
9.7656
9.7656
0.0000
0.0000
0.0000
0.0000
0.0000
0.0000
0.0000
0.0000
0.0000
0.0000
0.0000
0.0000
0.0000
0.0000
0.0000
0.0000
0.0000
0.0000
0.0000
0.0000
0.0000
0.0000
0.0000
0.0000
0.0000
0.0000
0.0000
0.0000
0.0000
0.0000
0.0000
0.0000
0.0000
0.0000
0.0000
0.0000
0.0000
0.0000
0.0000
0.0000
0.0000
0.0000
0.0000
0.0000
0.0000
0.0000
39.0625
39.0625
273.4375
273.4375
507.8125
507.8125
737.3047
737.3047
947.2656
947.2656
1127.9297
1127.9297
1274.4141
1274.4141
1372.0703
1372.0703
1396.4844
1396.4844
1323.2422
1323.2422
1162.1094
1162.1094
922.8516
922.8516
639.6484
639.6484
317.3828
317.3828
0.0000
0.0000
0.0000
0.0000
0.0000
0.0000
0.0000
0.0000
0.0000
0.0000
0.0000
0.0000
0.0000
0.0000
0.0000
0.0000
0.0000
0.0000
0.0000
0.0000
0.0000
0.0000
0.0000
0.0000
0.0000
0.0000
0.0000
0.0000
0.0000
0.0000
0.0000
0.0000
0.0000
0.0000
0.0000
0.0000
0.0000
0.0000
0.0000
0.0000
0.0000
0.0000
0.0000
0.0000
0.0000
0.0000
0.0000
0.0000
0.0000
0.0000
0.0000
0.0000
0.0000
0.0000
126.9531
126.9531
322.2656
322.2656
512.6953
512.6953
698.2422
698.2422
864.2578
864.2578
1015.6250
1015.6250
1152.3437
1152.3437
1279.2969
1279.2969
1391.6016
1391.6016
1499.0234
1499.0234
1616.2109
1616.2109
1738.2812
1738.2812
1884.7656
1884.7656
2041.0156
2041.0156
2207.0312
2207.0312
2333.9844
2333.9844
2373.0469
2373.0469
2290.0391
2290.0391
2080.0781
2080.0781
1782.2266
1782.2266
1445.3125
1445.3125
1113.2812
1113.2812
791.0156
791.0156
483.3984
483.3984
195.3125
195.3125
0.0000
0.0000
0.0000
0.0000
0.0000
0.0000
0.0000
0.0000
0.0000
0.0000
0.0000
0.0000
0.0000
0.0000
0.0000
0.0000
0.0000
0.0000
0.0000
0.0000
0.0000
0.0000
0.0000
0.0000
0.0000
0.0000
0.0000
0.0000
0.0000
0.0000
0.0000
0.0000
0.0000
0.0000
0.0000
0.0000
126.9531
126.9531
263.6719
263.6719
380.8594
380.8594
483.3984
483.3984
566.4062
566.4062
634.7656
634.7656
688.4766
688.4766
737.3047
737.3047
800.7812
800.7812
878.9062
878.9062
976.5625
976.5625
1093.7500
1093.7500
1235.3516
1235.3516
1396.4844
1396.4844
1562.5000
1562.5000
1728.5156
1728.5156
1894.5312
2045.8984
2045.8984
2192.3828
2192.3828
2324.2187
2324.2187
2436.5234
2436.5234
2436.5234
2490.2344
2490.2344
2460.9375
2460.9375
2333.9844
2333.9844
2109.3750
2109.3750
1821.2891
1821.2891
1513.6719
1196.2891
1196.2891
864.2578
864.2578
512.6953
512.6953
146.4844
146.4844
146.4844
0.0000
0.0000
0.0000
0.0000
0.0000
0.0000
0.0000
0.0000
0.0000
0.0000
0.0000
0.0000
0.0000
0.0000
0.0000
0.0000
0.0000
0.0000
0.0000
0.0000
0.0000
0.0000
0.0000
0.0000
0.0000
0.0000
0.0000
0.0000
0.0000
0.0000
0.0000
0.0000
0.0000
0.0000
0.0000
0.0000
0.0000
0.0000
0.0000
0.0000
0.0000
0.0000
0.0000
0.0000
0.0000
0.0000
0.0000
0.0000
0.0000
0.0000
0.0000
166.0156
166.0156
327.1484
327.1484
478.5156
478.5156
620.1172
620.1172
761.7187
761.7187
908.2031
908.2031
1054.6875
1054.6875
1206.0547
1206.0547
1372.0703
1372.0703
1542.9687
1542.9687
1694.3359
1694.3359
1782.2266
1782.2266
1762.6953
1762.6953
1616.2109
1616.2109
1352.5391
1352.5391
1025.3906
1025.3906
668.9453
668.9453
302.7344
302.7344
0.0000
0.0000
0.0000
0.0000
0.0000
0.0000
0.0000
0.0000
0.0000
0.0000
0.0000
0.0000
0.0000
0.0000
0.0000
0.0000
0.0000
0.0000
0.0000
0.0000
0.0000
0.0000
0.0000
0.0000
0.0000
0.0000
0.0000
0.0000
0.0000
0.0000
0.0000
0.0000
0.0000
0.0000
0.0000
0.0000
0.0000
0.0000
0.0000
0.0000
0.0000
0.0000
0.0000
0.0000
0.0000
0.0000
0.0000
0.0000
0.0000
0.0000
73.2422
73.2422
214.8437
214.8437
351.5625
351.5625
488.2812
488.2812
634.7656
634.7656
791.0156
791.0156
952.1484
952.1484
1113.2812
1113.2812
1284.1797
1284.1797
1445.3125
1445.3125
1596.6797
1596.6797
1733.3984
1733.3984
1850.5859
1850.5859
1923.8281
1923.8281
1923.8281
1923.8281
1831.0547
1831.0547
1645.5078
1645.5078
1376.9531
1376.9531
1059.5703
1059.5703
732.4219
732.4219
400.3906
400.3906
68.3594
68.3594
0.0000
0.0000
0.0000
0.0000
0.0000
0.0000
0.0000
0.0000
0.0000
0.0000
0.0000
0.0000
0.0000
0.0000
0.0000
0.0000
0.0000
0.0000
0.0000
0.0000
0.0000
0.0000
0.0000
0.0000
0.0000
0.0000
0.0000
0.0000
0.0000
0.0000
0.0000
0.0000
0.0000
0.0000
0.0000
0.0000
0.0000
0.0000
0.0000
0.0000
0.0000
0.0000
0.0000
0.0000
0.0000
0.0000
0.0000
0.0000
0.0000
0.0000
78.1250
78.1250
249.0234
249.0234
415.0391
415.0391
566.4062
566.4062
693.3594
693.3594
800.7812
800.7812
878.9062
878.9062
937.5000
937.5000
986.3281
986.3281
1035.1562
1035.1562
1098.6328
1098.6328
1176.7578
1176.7578
1274.4141
1274.4141
1396.4844
1396.4844
1538.0859
1538.0859
1694.3359
1694.3359
1860.3516
1860.3516
2016.6016
2016.6016
2124.0234
2124.0234
2148.4375
2148.4375
2041.0156
2041.0156
1801.7578
1801.7578
1474.6094
1474.6094
1103.5156
1103.5156
737.3047
737.3047
395.5078
395.5078
78.1250
78.1250
0.0000
0.0000
0.0000
0.0000
0.0000
0.0000
0.0000
0.0000
0.0000
0.0000
0.0000
0.0000
0.0000
0.0000
0.0000
0.0000
0.0000
0.0000
0.0000
0.0000
0.0000
0.0000
0.0000
0.0000
0.0000
0.0000
0.0000
0.0000
0.0000
0.0000
0.0000
0.0000
0.0000
0.0000
0.0000
0.0000
0.0000
0.0000
0.0000
0.0000
0.0000
0.0000
0.0000
0.0000
0.0000
0.0000
0.0000
0.0000
0.0000
0.0000
0.0000
0.0000
53.7109
53.7109
195.3125
195.3125
332.0312
332.0312
468.7500
468.7500
600.5859
600.5859
717.7734
717.7734
825.1953
825.1953
917.9687
917.9687
1000.9766
1000.9766
1083.9844
1083.9844
1176.7578
1176.7578
1274.4141
1274.4141
1386.7187
1386.7187
1523.4375
1523.4375
1669.9219
1669.9219
1821.2891
1821.2891
1928.7109
1928.7109
1948.2422
1948.2422
1850.5859
1850.5859
1621.0937
1621.0937
1313.4766
1313.4766
966.7969
966.7969
615.2344
615.2344
283.2031
283.2031
0.0000
0.0000
0.0000
0.0000
0.0000
0.0000
0.0000
0.0000
0.0000
0.0000
0.0000
0.0000
0.0000
0.0000
0.0000
0.0000
0.0000
0.0000
0.0000
0.0000
0.0000
0.0000
0.0000
0.0000
0.0000
0.0000
0.0000
0.0000
0.0000
0.0000
0.0000
0.0000
0.0000
0.0000
0.0000
0.0000
0.0000
0.0000
0.0000
0.0000
0.0000
0.0000
0.0000
0.0000
0.0000
0.0000
0.0000
0.0000
9.7656
9.7656
102.5391
102.5391
190.4297
190.4297
273.4375
273.4375
361.3281
361.3281
454.1016
454.1016
551.7578
551.7578
664.0625
664.0625
781.2500
781.2500
908.2031
908.2031
1035.1562
1035.1562
1162.1094
1162.1094
1289.0625
1289.0625
1406.2500
1406.2500
1528.3203
1528.3203
1655.2734
1655.2734
1777.3437
1777.3437
1904.2969
1904.2969
2001.9531
2001.9531
2050.7812
2050.7812
2016.6016
2016.6016
1879.8828
1879.8828
1660.1562
1660.1562
1391.6016
1391.6016
1093.7500
1093.7500
791.0156
791.0156
483.3984
483.3984
175.7812
175.7812
0.0000
0.0000
0.0000
0.0000
0.0000
0.0000
0.0000
0.0000
0.0000
0.0000
0.0000
0.0000
0.0000
0.0000
0.0000
0.0000
0.0000
0.0000
0.0000
0.0000
0.0000
0.0000
0.0000
0.0000
0.0000
0.0000
0.0000
0.0000
0.0000
0.0000
0.0000
0.0000
0.0000
0.0000
0.0000
0.0000
0.0000
0.0000
0.0000
0.0000
0.0000
0.0000
0.0000
0.0000
4.8828
4.8828
117.1875
117.1875
229.4922
229.4922
336.9141
336.9141
434.5703
434.5703
541.9922
541.9922
654.2969
654.2969
776.3672
776.3672
913.0859
913.0859
1059.5703
1059.5703
1210.9375
1210.9375
1367.1875
1367.1875
1513.6719
1513.6719
1655.2734
1655.2734
1767.5781
1767.5781
1816.4062
1816.4062
1777.3437
1777.3437
1640.6250
1640.6250
1420.8984
1420.8984
1147.4609
1147.4609
849.6094
849.6094
546.8750
546.8750
244.1406
244.1406
0.0000
0.0000
0.0000
0.0000
0.0000
0.0000
0.0000
0.0000
0.0000
0.0000
0.0000
0.0000
0.0000
0.0000
0.0000
0.0000
0.0000
0.0000
0.0000
0.0000
0.0000
0.0000
0.0000
0.0000
0.0000
0.0000
0.0000
0.0000
0.0000
0.0000
0.0000
0.0000
0.0000
0.0000
0.0000
0.0000
0.0000
0.0000
0.0000
0.0000
0.0000
0.0000
151.3672
151.3672
361.3281
361.3281
561.5234
561.5234
747.0703
747.0703
922.8516
922.8516
1093.7500
1093.7500
1254.8828
1254.8828
1416.0156
1416.0156
1562.5000
1562.5000
1650.3906
1650.3906
1650.3906
1650.3906
1547.8516
1547.8516
1352.5391
1352.5391
1123.0469
1123.0469
874.0234
874.0234
629.8828
629.8828
380.8594
380.8594
122.0703
122.0703
0.0000
0.0000
0.0000
0.0000
0.0000
0.0000
0.0000
0.0000
0.0000
0.0000
0.0000
0.0000
0.0000
0.0000
0.0000
0.0000
0.0000
0.0000
0.0000
0.0000
0.0000
0.0000
0.0000
0.0000
0.0000
0.0000
0.0000
0.0000
0.0000
0.0000
0.0000
0.0000
0.0000
0.0000
0.0000
0.0000
0.0000
0.0000
0.0000
0.0000
83.0078
83.0078
288.0859
288.0859
483.3984
483.3984
673.8281
673.8281
839.8437
839.8437
996.0937
996.0937
1137.6953
1137.6953
1264.6484
1264.6484
1381.8359
1381.8359
1489.2578
1489.2578
1577.1484
1577.1484
1630.8594
1630.8594
1601.5625
1601.5625
1474.6094
1474.6094
1259.7656
1259.7656
986.3281
986.3281
673.8281
673.8281
336.9141
336.9141
0.0000
0.0000
0.0000
0.0000
0.0000
0.0000
0.0000
0.0000
0.0000
0.0000
0.0000
0.0000
0.0000
0.0000
0.0000
0.0000
0.0000
0.0000
0.0000
0.0000
0.0000
0.0000
0.0000
0.0000
0.0000
0.0000
0.0000
0.0000
0.0000
0.0000
0.0000
0.0000
0.0000
0.0000
0.0000
0.0000
0.0000
0.0000
0.0000
0.0000
0.0000
0.0000
0.0000
0.0000
0.0000
0.0000
0.0000
0.0000
151.3672
151.3672
380.8594
380.8594
595.7031
595.7031
800.7812
800.7812
986.3281
986.3281
1162.1094
1162.1094
1328.1250
1328.1250
1479.4922
1479.4922
1596.6797
1596.6797
1640.6250
1640.6250
1572.2656
1572.2656
1386.7187
1386.7187
1113.2812
1113.2812
805.6641
805.6641
483.3984
483.3984
166.0156
166.0156
0.0000
0.0000
0.0000
0.0000
0.0000
0.0000
0.0000
0.0000
0.0000
0.0000
0.0000
0.0000
0.0000
0.0000
0.0000
0.0000
0.0000
0.0000
0.0000
0.0000
0.0000
0.0000
0.0000
0.0000
0.0000
0.0000
0.0000
0.0000
0.0000
0.0000
0.0000
0.0000
0.0000
0.0000
0.0000
0.0000
0.0000
0.0000
0.0000
0.0000
0.0000
0.0000
0.0000
0.0000
0.0000
0.0000
9.7656
9.7656
175.7812
175.7812
322.2656
322.2656
454.1016
454.1016
576.1719
576.1719
683.5937
683.5937
795.8984
795.8984
908.2031
908.2031
1030.2734
1030.2734
1166.9922
1166.9922
1308.5937
1308.5937
1459.9609
1459.9609
1611.3281
1611.3281
1762.6953
1762.6953
1894.5312
1894.5312
2006.8359
2006.8359
2080.0781
2080.0781
2094.7266
2094.7266
2016.6016
2016.6016
1840.8203
1840.8203
1586.9141
1586.9141
1289.0625
1289.0625
966.7969
966.7969
634.7656
634.7656
292.9687
0.0000
0.0000
0.0000
0.0000
0.0000
0.0000
0.0000
0.0000
0.0000
0.0000
0.0000
0.0000
0.0000
0.0000
0.0000
0.0000
0.0000
0.0000
0.0000
0.0000
0.0000
0.0000
0.0000
0.0000
0.0000
0.0000
0.0000
0.0000
0.0000
0.0000
0.0000
0.0000
0.0000
0.0000
0.0000
0.0000
0.0000
0.0000
0.0000
0.0000
0.0000
0.0000
0.0000
0.0000
0.0000
0.0000
0.0000
0.0000
0.0000
0.0000
0.0000
0.0000
0.0000
102.5391
102.5391
249.0234
249.0234
390.6250
517.5781
517.5781
634.7656
634.7656
737.3047
737.3047
830.0781
830.0781
830.0781
917.9687
1005.8594
1005.8594
1098.6328
1098.6328
1201.1719
1201.1719
1318.3594
1318.3594
1445.3125
1445.3125
1596.6797
1596.6797
1767.5781
1767.5781
1943.3594
1943.3594
2099.6094
2099.6094
2187.5000
2187.5000
2158.2031
2158.2031
2001.9531
2001.9531
1733.3984
1733.3984
1391.6016
1391.6016
1030.2734
1030.2734
664.0625
664.0625
312.5000
312.5000
0.0000
0.0000
0.0000
0.0000
0.0000
0.0000
0.0000
0.0000
0.0000
0.0000
0.0000
0.0000
0.0000
0.0000
0.0000
0.0000
0.0000
0.0000
0.0000
0.0000
0.0000
0.0000
0.0000
0.0000
0.0000
0.0000
0.0000
0.0000
0.0000
0.0000
0.0000
0.0000
0.0000
0.0000
0.0000
0.0000
0.0000
0.0000
0.0000
0.0000
0.0000
0.0000
0.0000
0.0000
0.0000
0.0000
0.0000
0.0000
0.0000
0.0000
0.0000
0.0000
58.5937
58.5937
161.1328
161.1328
278.3203
278.3203
400.3906
400.3906
527.3437
527.3437
649.4141
649.4141
766.6016
766.6016
874.0234
874.0234
966.7969
966.7969
1054.6875
1054.6875
1132.8125
1132.8125
1210.9375
1210.9375
1303.7109
1303.7109
1411.1328
1411.1328
1542.9687
1542.9687
1708.9844
1708.9844
1884.7656
1884.7656
2050.7812
2050.7812
2163.0859
2163.0859
2187.5000
2187.5000
2094.7266
2094.7266
1889.6484
1889.6484
1586.9141
1586.9141
1225.5859
1225.5859
839.8437
839.8437
449.2187
449.2187
78.1250
78.1250
0.0000
0.0000
0.0000
0.0000
0.0000
0.0000
0.0000
0.0000
0.0000
0.0000
0.0000
0.0000
0.0000
0.0000
0.0000
0.0000
0.0000
0.0000
0.0000
0.0000
0.0000
0.0000
0.0000
0.0000
0.0000
0.0000
0.0000
0.0000
0.0000
0.0000
0.0000
0.0000
0.0000
0.0000
0.0000
0.0000
0.0000
0.0000
0.0000
0.0000
0.0000
0.0000
0.0000
0.0000
0.0000
0.0000
63.4766
63.4766
161.1328
161.1328
244.1406
244.1406
322.2656
322.2656
405.2734
405.2734
493.1641
493.1641
585.9375
585.9375
683.5937
683.5937
786.1328
786.1328
888.6719
888.6719
991.2109
991.2109
1088.8672
1088.8672
1181.6406
1181.6406
1269.5312
1269.5312
1357.4219
1357.4219
1459.9609
1459.9609
1577.1484
1577.1484
1708.9844
1708.9844
1826.1719
1826.1719
1904.2969
1904.2969
1909.1797
1909.1797
1826.1719
1826.1719
1645.5078
1645.5078
1376.9531
1376.9531
1049.8047
1049.8047
688.4766
688.4766
327.1484
327.1484
0.0000
0.0000
0.0000
0.0000
0.0000
0.0000
0.0000
0.0000
0.0000
0.0000
0.0000
0.0000
0.0000
0.0000
0.0000
0.0000
0.0000
0.0000
0.0000
0.0000
0.0000
0.0000
0.0000
0.0000
0.0000
0.0000
0.0000
0.0000
0.0000
0.0000
0.0000
0.0000
0.0000
0.0000
0.0000
0.0000
0.0000
0.0000
0.0000
0.0000
0.0000
0.0000
0.0000
0.0000
0.0000
0.0000
0.0000
0.0000
0.0000
0.0000
102.5391
102.5391
195.3125
195.3125
268.5547
268.5547
327.1484
327.1484
375.9766
375.9766
434.5703
434.5703
502.9297
502.9297
585.9375
585.9375
688.4766
688.4766
810.5469
810.5469
952.1484
952.1484
1103.5156
1103.5156
1264.6484
1264.6484
1425.7812
1425.7812
1586.9141
1586.9141
1743.1641
1743.1641
1889.6484
1889.6484
2011.7187
2011.7187
2084.9609
2084.9609
2075.1953
2075.1953
1987.3047
1987.3047
1816.4062
1816.4062
1567.3828
1567.3828
1264.6484
1264.6484
917.9687
917.9687
546.8750
546.8750
166.0156
166.0156
0.0000
0.0000
0.0000
0.0000
0.0000
0.0000
0.0000
0.0000
0.0000
0.0000
0.0000
0.0000
0.0000
0.0000
0.0000
0.0000
0.0000
0.0000
0.0000
0.0000
0.0000
0.0000
0.0000
0.0000
0.0000
0.0000
0.0000
0.0000
0.0000
0.0000
0.0000
0.0000
0.0000
0.0000
0.0000
0.0000
0.0000
0.0000
0.0000
0.0000
0.0000
0.0000
0.0000
0.0000
0.0000
0.0000
0.0000
0.0000
0.0000
0.0000
0.0000
0.0000
39.0625
39.0625
156.2500
156.2500
263.6719
263.6719
356.4453
356.4453
439.4531
439.4531
517.5781
517.5781
605.4687
605.4687
698.2422
698.2422
810.5469
810.5469
942.3828
942.3828
1088.8672
1088.8672
1245.1172
1245.1172
1406.2500
1406.2500
1567.3828
1567.3828
1713.8672
1713.8672
1845.7031
1845.7031
1938.4766
1938.4766
1967.7734
1967.7734
1914.0625
1914.0625
1772.4609
1772.4609
1552.7344
1552.7344
1264.6484
1264.6484
937.5000
937.5000
585.9375
585.9375
234.3750
234.3750
0.0000
0.0000
0.0000
0.0000
0.0000
0.0000
0.0000
0.0000
0.0000
0.0000
0.0000
0.0000
0.0000
0.0000
0.0000
0.0000
0.0000
0.0000
0.0000
0.0000
0.0000
0.0000
0.0000
0.0000
0.0000
0.0000
0.0000
0.0000
0.0000
0.0000
0.0000
0.0000
0.0000
0.0000
0.0000
0.0000
0.0000
0.0000
0.0000
0.0000
0.0000
0.0000
0.0000
0.0000
0.0000
0.0000
0.0000
0.0000
0.0000
0.0000
0.0000
0.0000
0.0000
0.0000
112.3047
112.3047
263.6719
263.6719
400.3906
400.3906
522.4609
522.4609
629.8828
629.8828
717.7734
717.7734
805.6641
805.6641
888.6719
888.6719
976.5625
976.5625
1079.1016
1079.1016
1191.4062
1191.4062
1318.3594
1318.3594
1455.0781
1455.0781
1606.4453
1606.4453
1762.6953
1762.6953
1928.7109
1928.7109
2094.7266
2094.7266
2255.8594
2255.8594
2373.0469
2373.0469
2426.7578
2426.7578
2368.1641
2368.1641
2202.1484
2202.1484
1923.8281
1923.8281
1572.2656
1572.2656
1176.7578
1176.7578
761.7187
761.7187
351.5625
351.5625
0.0000
0.0000
0.0000
0.0000
0.0000
0.0000
0.0000
0.0000
0.0000
0.0000
0.0000
0.0000
0.0000
0.0000
0.0000
0.0000
0.0000
0.0000
0.0000
0.0000
0.0000
0.0000
0.0000
0.0000
0.0000
0.0000
0.0000
0.0000
0.0000
0.0000
0.0000
0.0000
0.0000
0.0000
0.0000
0.0000
0.0000
0.0000
0.0000
0.0000
0.0000
0.0000
0.0000
0.0000
0.0000
0.0000
0.0000
0.0000
0.0000
0.0000
0.0000
0.0000
0.0000
0.0000
136.7187
136.7187
292.9687
292.9687
434.5703
434.5703
571.2891
571.2891
688.4766
688.4766
795.8984
795.8984
893.5547
893.5547
996.0937
996.0937
1108.3984
1108.3984
1230.4687
1230.4687
1367.1875
1367.1875
1523.4375
1523.4375
1689.4531
1689.4531
1865.2344
1865.2344
2041.0156
2041.0156
2182.6172
2182.6172
2260.7422
2260.7422
2231.4453
2231.4453
2070.3125
2070.3125
1791.9922
1791.9922
1425.7812
1425.7812
1005.8594
1005.8594
576.1719
576.1719
161.1328
161.1328
0.0000
0.0000
0.0000
0.0000
0.0000
0.0000
0.0000
0.0000
0.0000
0.0000
0.0000
0.0000
0.0000
0.0000
0.0000
0.0000
0.0000
0.0000
0.0000
0.0000
0.0000
0.0000
0.0000
0.0000
0.0000
0.0000
0.0000
0.0000
0.0000
0.0000
0.0000
0.0000
0.0000
0.0000
0.0000
0.0000
0.0000
0.0000
0.0000
0.0000
0.0000
0.0000
0.0000
0.0000
0.0000
0.0000
0.0000
0.0000
0.0000
0.0000
63.4766
63.4766
146.4844
146.4844
229.4922
229.4922
327.1484
327.1484
429.6875
429.6875
541.9922
541.9922
654.2969
654.2969
766.6016
766.6016
874.0234
874.0234
976.5625
976.5625
1074.2187
1074.2187
1166.9922
1166.9922
1269.5312
1269.5312
1372.0703
1372.0703
1494.1406
1494.1406
1635.7422
1635.7422
1787.1094
1787.1094
1909.1797
1909.1797
1967.7734
1967.7734
1918.9453
1918.9453
1752.9297
1752.9297
1479.4922
1479.4922
1137.6953
1137.6953
756.8359
756.8359
371.0937
371.0937
0.0000
0.0000
0.0000
0.0000
0.0000
0.0000
0.0000
0.0000
0.0000
0.0000
0.0000
0.0000
0.0000
0.0000
0.0000
0.0000
0.0000
0.0000
0.0000
0.0000
0.0000
0.0000
0.0000
0.0000
0.0000
0.0000
0.0000
0.0000
0.0000
0.0000
0.0000
0.0000
0.0000
0.0000
0.0000
0.0000
0.0000
0.0000
0.0000
0.0000
0.0000
0.0000
0.0000
0.0000
0.0000
0.0000
0.0000
0.0000
0.0000
0.0000
29.2969
29.2969
141.6016
141.6016
244.1406
244.1406
341.7969
341.7969
439.4531
439.4531
537.1094
537.1094
634.7656
634.7656
737.3047
737.3047
844.7266
844.7266
961.9141
961.9141
1079.1016
1079.1016
1196.2891
1196.2891
1313.4766
1313.4766
1430.6641
1430.6641
1557.6172
1557.6172
1694.3359
1694.3359
1826.1719
1826.1719
1933.5937
1933.5937
1972.6562
1972.6562
1904.2969
1904.2969
1718.7500
1718.7500
1430.6641
1430.6641
1083.9844
1083.9844
717.7734
717.7734
361.3281
361.3281
14.6484
14.6484
0.0000
0.0000
0.0000
0.0000
0.0000
0.0000
0.0000
0.0000
0.0000
0.0000
0.0000
0.0000
0.0000
0.0000
0.0000
0.0000
0.0000
0.0000
0.0000
0.0000
0.0000
0.0000
0.0000
0.0000
0.0000
0.0000
0.0000
0.0000
0.0000
0.0000
0.0000
0.0000
0.0000
0.0000
0.0000
0.0000
0.0000
0.0000
0.0000
0.0000
0.0000
0.0000
0.0000
0.0000
0.0000
0.0000
0.0000
0.0000
0.0000
48.8281
48.8281
185.5469
185.5469
322.2656
322.2656
444.3359
444.3359
566.4062
566.4062
566.4062
683.5937
683.5937
800.7812
800.7812
917.9687
917.9687
1040.0391
1040.0391
1166.9922
1308.5937
1308.5937
1464.8437
1464.8437
1625.9766
1625.9766
1782.2266
1782.2266
1782.2266
1899.4141
1938.4766
1938.4766
1865.2344
1865.2344
1665.0391
1665.0391
1362.3047
1362.3047
1005.8594
1005.8594
629.8828
629.8828
263.6719
263.6719
0.0000
0.0000
0.0000
0.0000
0.0000
0.0000
0.0000
0.0000
0.0000
0.0000
0.0000
0.0000
0.0000
0.0000
0.0000
0.0000
0.0000
0.0000
0.0000
0.0000
0.0000
0.0000
0.0000
0.0000
0.0000
0.0000
0.0000
0.0000
0.0000
0.0000
0.0000
0.0000
0.0000
0.0000
0.0000
0.0000
0.0000
0.0000
0.0000
0.0000
0.0000
0.0000
0.0000
0.0000
0.0000
0.0000
83.0078
83.0078
170.8984
170.8984
258.7891
258.7891
346.6797
346.6797
439.4531
439.4531
537.1094
537.1094
639.6484
639.6484
756.8359
756.8359
869.1406
869.1406
981.4453
981.4453
1079.1016
1079.1016
1171.8750
1171.8750
1254.8828
1254.8828
1333.0078
1333.0078
1411.1328
1411.1328
1503.9062
1503.9062
1611.3281
1611.3281
1743.1641
1743.1641
1899.4141
1899.4141
2065.4297
2065.4297
2202.1484
2202.1484
2260.7422
2260.7422
2207.0312
2207.0312
2026.3672
2026.3672
1728.5156
1728.5156
1357.4219
1357.4219
937.5000
937.5000
512.6953
512.6953
97.6562
97.6562
0.0000
0.0000
0.0000
0.0000
0.0000
0.0000
0.0000
0.0000
0.0000
0.0000
0.0000
0.0000
0.0000
0.0000
0.0000
0.0000
0.0000
0.0000
0.0000
0.0000
0.0000
0.0000
0.0000
0.0000
0.0000
0.0000
0.0000
0.0000
0.0000
0.0000
0.0000
0.0000
0.0000
0.0000
0.0000
0.0000
0.0000
0.0000
0.0000
0.0000
0.0000
0.0000
0.0000
0.0000
0.0000
0.0000
0.0000
0.0000
0.0000
0.0000
0.0000
0.0000
0.0000
0.0000
73.2422
73.2422
151.3672
151.3672
239.2578
239.2578
336.9141
336.9141
449.2187
449.2187
571.2891
571.2891
698.2422
698.2422
825.1953
825.1953
957.0312
957.0312
1079.1016
1079.1016
1196.2891
1196.2891
1318.3594
1318.3594
1440.4297
1440.4297
1582.0312
1582.0312
1728.5156
1728.5156
1855.4687
1855.4687
1928.7109
1928.7109
1899.4141
1899.4141
1757.8125
1757.8125
1513.6719
1513.6719
1181.6406
1181.6406
805.6641
805.6641
419.9219
419.9219
34.1797
34.1797
0.0000
0.0000
0.0000
0.0000
0.0000
0.0000
0.0000
0.0000
0.0000
0.0000
0.0000
0.0000
0.0000
0.0000
0.0000
0.0000
0.0000
0.0000
0.0000
0.0000
0.0000
0.0000
0.0000
0.0000
0.0000
0.0000
0.0000
0.0000
0.0000
0.0000
0.0000
0.0000
0.0000
0.0000
0.0000
0.0000
0.0000
0.0000
0.0000
0.0000
0.0000
0.0000
0.0000
0.0000
0.0000
0.0000
0.0000
0.0000
24.4141
24.4141
166.0156
166.0156
283.2031
283.2031
375.9766
375.9766
454.1016
454.1016
512.6953
512.6953
571.2891
571.2891
634.7656
634.7656
717.7734
717.7734
815.4297
815.4297
932.6172
932.6172
1064.4531
1064.4531
1206.0547
1206.0547
1352.5391
1352.5391
1503.9062
1503.9062
1655.2734
1655.2734
1806.6406
1806.6406
1943.3594
1943.3594
2041.0156
2041.0156
2070.3125
2070.3125
2016.6016
2016.6016
1875.0000
1875.0000
1665.0391
1665.0391
1396.4844
1396.4844
1093.7500
1093.7500
766.6016
766.6016
439.4531
439.4531
107.4219
107.4219
0.0000
0.0000
0.0000
0.0000
0.0000
0.0000
0.0000
0.0000
0.0000
0.0000
0.0000
0.0000
0.0000
0.0000
0.0000
0.0000
0.0000
0.0000
0.0000
0.0000
0.0000
0.0000
0.0000
0.0000
0.0000
0.0000
0.0000
0.0000
0.0000
0.0000
0.0000
0.0000
0.0000
0.0000
0.0000
0.0000
0.0000
0.0000
0.0000
0.0000
0.0000
0.0000
0.0000
0.0000
0.0000
0.0000
0.0000
0.0000
0.0000
0.0000
43.9453
43.9453
146.4844
146.4844
234.3750
234.3750
307.6172
307.6172
371.0937
371.0937
424.8047
424.8047
488.2812
488.2812
566.4062
566.4062
659.1797
659.1797
776.3672
776.3672
908.2031
908.2031
1064.4531
1064.4531
1230.4687
1230.4687
1411.1328
1411.1328
1596.6797
1596.6797
1762.6953
1762.6953
1865.2344
1865.2344
1879.8828
1879.8828
1767.5781
1767.5781
1547.8516
1547.8516
1240.2344
1240.2344
888.6719
888.6719
527.3437
527.3437
180.6641
180.6641
0.0000
0.0000
0.0000
0.0000
0.0000
0.0000
0.0000
0.0000
0.0000
0.0000
0.0000
0.0000
0.0000
0.0000
0.0000
0.0000
0.0000
0.0000
0.0000
0.0000
0.0000
0.0000
0.0000
0.0000
0.0000
0.0000
0.0000
0.0000
0.0000
0.0000
0.0000
0.0000
0.0000
0.0000
0.0000
0.0000
0.0000
0.0000
0.0000
0.0000
0.0000
0.0000
0.0000
0.0000
0.0000
0.0000
0.0000
0.0000
0.0000
0.0000
29.2969
29.2969
166.0156
166.0156
302.7344
302.7344
444.3359
444.3359
585.9375
585.9375
727.5391
727.5391
864.2578
864.2578
986.3281
986.3281
1098.6328
1098.6328
1196.2891
1196.2891
1279.2969
1279.2969
1362.3047
1362.3047
1450.1953
1450.1953
1547.8516
1547.8516
1665.0391
1665.0391
1806.6406
1806.6406
1967.7734
1967.7734
2148.4375
2148.4375
2304.6875
2304.6875
2402.3437
2402.3437
2392.5781
2392.5781
2250.9766
2250.9766
1992.1875
1992.1875
1640.6250
1640.6250
1245.1172
1245.1172
830.0781
830.0781
419.9219
419.9219
19.5312
19.5312
0.0000
0.0000
0.0000
0.0000
0.0000
0.0000
0.0000
0.0000
0.0000
0.0000
0.0000
0.0000
0.0000
0.0000
0.0000
0.0000
0.0000
0.0000
0.0000
0.0000
0.0000
0.0000
0.0000
0.0000
0.0000
0.0000
0.0000
0.0000
0.0000
0.0000
0.0000
0.0000
0.0000
0.0000
0.0000
0.0000
0.0000
0.0000
0.0000
0.0000
0.0000
0.0000
0.0000
0.0000
0.0000
0.0000
0.0000
0.0000
0.0000
0.0000
0.0000
0.0000
58.5937
58.5937
166.0156
166.0156
283.2031
283.2031
405.2734
405.2734
532.2266
532.2266
659.1797
659.1797
781.2500
781.2500
898.4375
898.4375
1000.9766
1000.9766
1098.6328
1098.6328
1186.5234
1186.5234
1274.4141
1274.4141
1372.0703
1372.0703
1494.1406
1494.1406
1640.6250
1640.6250
1796.8750
1796.8750
1938.4766
1938.4766
2016.6016
2016.6016
1997.0703
1997.0703
1845.7031
1845.7031
1562.5000
1562.5000
1176.7578
1176.7578
747.0703
747.0703
312.5000
312.5000
0.0000
0.0000
0.0000
0.0000
0.0000
0.0000
0.0000
0.0000
0.0000
0.0000
0.0000
0.0000
0.0000
0.0000
0.0000
0.0000
0.0000
0.0000
0.0000
0.0000
0.0000
0.0000
0.0000
0.0000
0.0000
0.0000
0.0000
0.0000
0.0000
0.0000
0.0000
0.0000
0.0000
0.0000
0.0000
0.0000
0.0000
0.0000
0.0000
0.0000
0.0000
0.0000
0.0000
0.0000
0.0000
0.0000
0.0000
0.0000
0.0000
0.0000
117.1875
117.1875
239.2578
239.2578
341.7969
341.7969
429.6875
429.6875
512.6953
512.6953
595.7031
595.7031
678.7109
678.7109
766.6016
766.6016
864.2578
864.2578
971.6797
971.6797
1083.9844
1083.9844
1210.9375
1210.9375
1337.8906
1337.8906
1469.7266
1469.7266
1601.5625
1601.5625
1738.2812
1738.2812
1884.7656
1884.7656
2026.3672
2026.3672
2138.6719
2138.6719
2172.8516
2172.8516
2099.6094
2099.6094
1909.1797
1909.1797
1611.3281
1611.3281
1245.1172
1245.1172
854.4922
854.4922
458.9844
458.9844
78.1250
78.1250
0.0000
0.0000
0.0000
0.0000
0.0000
0.0000
0.0000
0.0000
0.0000
0.0000
0.0000
0.0000
0.0000
0.0000
0.0000
0.0000
0.0000
0.0000
0.0000
0.0000
0.0000
0.0000
0.0000
0.0000
0.0000
0.0000
0.0000
0.0000
0.0000
0.0000
0.0000
0.0000
0.0000
0.0000
0.0000
0.0000
0.0000
0.0000
0.0000
0.0000
0.0000
0.0000
0.0000
0.0000
0.0000
0.0000
0.0000
0.0000
0.0000
0.0000
87.8906
87.8906
185.5469
185.5469
268.5547
268.5547
341.7969
341.7969
400.3906
400.3906
463.8672
463.8672
527.3437
527.3437
605.4687
605.4687
698.2422
698.2422
805.6641
805.6641
927.7344
927.7344
1069.3359
1069.3359
1220.7031
1220.7031
1376.9531
1376.9531
1533.2031
1533.2031
1694.3359
1694.3359
1850.5859
1850.5859
1967.7734
1967.7734
2026.3672
2026.3672
1992.1875
1992.1875
1855.4687
1855.4687
1621.0937
1621.0937
1303.7109
1303.7109
937.5000
937.5000
551.7578
551.7578
175.7812
175.7812
0.0000
0.0000
0.0000
0.0000
0.0000
0.0000
0.0000
0.0000
0.0000
0.0000
0.0000
0.0000
0.0000
0.0000
0.0000
0.0000
0.0000
0.0000
0.0000
0.0000
0.0000
0.0000
0.0000
0.0000
0.0000
0.0000
0.0000
0.0000
0.0000
0.0000
0.0000
0.0000
0.0000
0.0000
0.0000
0.0000
0.0000
0.0000
0.0000
0.0000
0.0000
0.0000
0.0000
0.0000
0.0000
0.0000
0.0000
0.0000
0.0000
0.0000
112.3047
112.3047
268.5547
268.5547
415.0391
551.7578
551.7578
668.9453
668.9453
761.7187
761.7187
839.8437
839.8437
903.3203
903.3203
903.3203
966.7969
966.7969
1035.1562
1035.1562
1118.1641
1118.1641
1210.9375
1210.9375
1323.2422
1450.1953
1450.1953
1596.6797
1596.6797
1757.8125
1757.8125
1918.9453
1918.9453
1918.9453
2075.1953
2075.1953
2182.6172
2182.6172
2202.1484
2202.1484
2114.2578
2114.2578
1909.1797
1616.2109
1616.2109
1264.6484
1264.6484
893.5547
893.5547
527.3437
527.3437
180.6641
180.6641
180.6641
0.0000
0.0000
0.0000
0.0000
0.0000
0.0000
0.0000
0.0000
0.0000
0.0000
0.0000
0.0000
0.0000
0.0000
0.0000
0.0000
0.0000
0.0000
0.0000
0.0000
0.0000
0.0000
0.0000
0.0000
0.0000
0.0000
0.0000
0.0000
0.0000
0.0000
0.0000
0.0000
0.0000
0.0000
0.0000
0.0000
0.0000
0.0000
0.0000
0.0000
0.0000
0.0000
0.0000
0.0000
0.0000
0.0000
0.0000
0.0000
0.0000
39.0625
39.0625
146.4844
146.4844
249.0234
249.0234
351.5625
351.5625
444.3359
444.3359
527.3437
527.3437
605.4687
605.4687
678.7109
678.7109
747.0703
747.0703
825.1953
825.1953
908.2031
908.2031
1000.9766
1000.9766
1108.3984
1108.3984
1235.3516
1235.3516
1391.6016
1391.6016
1562.5000
1562.5000
1723.6328
1723.6328
1831.0547
1831.0547
1850.5859
1850.5859
1752.9297
1752.9297
1533.2031
1533.2031
1220.7031
1220.7031
854.4922
854.4922
478.5156
478.5156
102.5391
102.5391
0.0000
0.0000
0.0000
0.0000
0.0000
0.0000
0.0000
0.0000
0.0000
0.0000
0.0000
0.0000
0.0000
0.0000
0.0000
0.0000
0.0000
0.0000
0.0000
0.0000
0.0000
0.0000
0.0000
0.0000
0.0000
0.0000
0.0000
0.0000
0.0000
0.0000
0.0000
0.0000
0.0000
0.0000
0.0000
0.0000
0.0000
0.0000
0.0000
0.0000
0.0000
0.0000
0.0000
0.0000
0.0000
0.0000
0.0000
0.0000
68.3594
68.3594
190.4297
190.4297
307.6172
307.6172
415.0391
415.0391
522.4609
522.4609
629.8828
629.8828
732.4219
732.4219
844.7266
844.7266
957.0312
957.0312
1069.3359
1069.3359
1176.7578
1176.7578
1284.1797
1284.1797
1391.6016
1391.6016
1494.1406
1494.1406
1591.7969
1591.7969
1694.3359
1694.3359
1811.5234
1811.5234
1943.3594
1943.3594
2080.0781
2080.0781
2197.2656
2197.2656
2260.7422
2260.7422
2226.5625
2226.5625
2075.1953
2075.1953
1811.5234
1811.5234
1455.0781
1455.0781
1040.0391
1040.0391
615.2344
615.2344
200.1953
200.1953
0.0000
0.0000
0.0000
0.0000
0.0000
0.0000
0.0000
0.0000
0.0000
0.0000
0.0000
0.0000
0.0000
0.0000
0.0000
0.0000
0.0000
0.0000
0.0000
0.0000
0.0000
0.0000
0.0000
0.0000
0.0000
0.0000
0.0000
0.0000
0.0000
0.0000
0.0000
0.0000
0.0000
0.0000
0.0000
0.0000
0.0000
0.0000
0.0000
0.0000
0.0000
0.0000
0.0000
0.0000
0.0000
0.0000
0.0000
0.0000
0.0000
0.0000
4.8828
4.8828
63.4766
63.4766
117.1875
117.1875
175.7812
175.7812
244.1406
244.1406
327.1484
327.1484
434.5703
434.5703
551.7578
551.7578
688.4766
688.4766
839.8437
839.8437
981.4453
981.4453
1123.0469
1123.0469
1250.0000
1250.0000
1372.0703
1372.0703
1484.3750
1484.3750
1562.5000
1562.5000
1591.7969
1591.7969
1542.9687
1542.9687
1401.3672
1401.3672
1171.8750
1171.8750
883.7891
883.7891
571.2891
571.2891
244.1406
244.1406
0.0000
0.0000
0.0000
0.0000
0.0000
0.0000
0.0000
0.0000
0.0000
0.0000
0.0000
0.0000
0.0000
0.0000
0.0000
0.0000
0.0000
0.0000
0.0000
0.0000
0.0000
0.0000
0.0000
0.0000
0.0000
0.0000
0.0000
0.0000
0.0000
0.0000
0.0000
0.0000
0.0000
0.0000
0.0000
0.0000
0.0000
0.0000
0.0000
0.0000
0.0000
0.0000
0.0000
0.0000
0.0000
0.0000
0.0000
0.0000
0.0000
0.0000
0.0000
0.0000
126.9531
126.9531
297.8516
297.8516
449.2187
449.2187
581.0547
581.0547
693.3594
693.3594
786.1328
786.1328
874.0234
874.0234
952.1484
952.1484
1040.0391
1040.0391
1137.6953
1137.6953
1254.8828
1254.8828
1381.8359
1381.8359
1533.2031
1533.2031
1694.3359
1694.3359
1870.1172
1870.1172
2045.8984
2045.8984
2207.0312
2207.0312
2299.8047
2299.8047
2285.1562
2285.1562
2133.7891
2133.7891
1840.8203
1840.8203
1445.3125
1445.3125
1005.8594
1005.8594
571.2891
571.2891
170.8984
170.8984
0.0000
0.0000
0.0000
0.0000
0.0000
0.0000
0.0000
0.0000
0.0000
0.0000
0.0000
0.0000
0.0000
0.0000
0.0000
0.0000
0.0000
0.0000
0.0000
0.0000
0.0000
0.0000
0.0000
0.0000
0.0000
0.0000
0.0000
0.0000
0.0000
0.0000
0.0000
0.0000
0.0000
0.0000
0.0000
0.0000
0.0000
0.0000
0.0000
0.0000
0.0000
0.0000
0.0000
0.0000
0.0000
0.0000
0.0000
0.0000
68.3594
68.3594
151.3672
151.3672
234.3750
234.3750
327.1484
327.1484
424.8047
424.8047
532.2266
532.2266
639.6484
639.6484
751.9531
751.9531
859.3750
859.3750
957.0312
957.0312
1054.6875
1054.6875
1137.6953
1137.6953
1225.5859
1225.5859
1313.4766
1313.4766
1416.0156
1416.0156
1547.8516
1547.8516
1704.1016
1704.1016
1875.0000
1875.0000
2031.2500
2031.2500
2128.9062
2128.9062
2128.9062
2128.9062
1997.0703
1997.0703
1728.5156
1728.5156
1347.6562
1347.6562
908.2031
908.2031
444.3359
444.3359
0.0000
0.0000
0.0000
0.0000
0.0000
0.0000
0.0000
0.0000
0.0000
0.0000
0.0000
0.0000
0.0000
0.0000
0.0000
0.0000
0.0000
0.0000
0.0000
0.0000
0.0000
0.0000
0.0000
0.0000
0.0000
0.0000
0.0000
0.0000
0.0000
0.0000
0.0000
0.0000
0.0000
0.0000
0.0000
0.0000
0.0000
0.0000
0.0000
0.0000
0.0000
0.0000
0.0000
0.0000
0.0000
0.0000
19.5312
19.5312
141.6016
141.6016
239.2578
239.2578
307.6172
307.6172
361.3281
361.3281
415.0391
415.0391
468.7500
468.7500
532.2266
532.2266
605.4687
605.4687
683.5937
683.5937
776.3672
776.3672
878.9062
878.9062
986.3281
986.3281
1098.6328
1098.6328
1206.0547
1206.0547
1313.4766
1313.4766
1416.0156
1416.0156
1518.5547
1518.5547
1635.7422
1635.7422
1757.8125
1757.8125
1875.0000
1875.0000
1958.0078
1958.0078
1977.5391
1977.5391
1894.5312
1894.5312
1699.2187
1699.2187
1396.4844
1396.4844
1025.3906
1025.3906
625.0000
625.0000
224.6094
224.6094
0.0000
0.0000
0.0000
0.0000
0.0000
0.0000
0.0000
0.0000
0.0000
0.0000
0.0000
0.0000
0.0000
0.0000
0.0000
0.0000
0.0000
0.0000
0.0000
0.0000
0.0000
0.0000
0.0000
0.0000
0.0000
0.0000
0.0000
0.0000
0.0000
0.0000
0.0000
0.0000
0.0000
0.0000
0.0000
0.0000
0.0000
0.0000
0.0000
0.0000
0.0000
0.0000
0.0000
0.0000
0.0000
0.0000
43.9453
43.9453
175.7812
175.7812
297.8516
297.8516
395.5078
395.5078
473.6328
473.6328
537.1094
537.1094
590.8203
590.8203
639.6484
639.6484
688.4766
688.4766
747.0703
747.0703
830.0781
830.0781
937.5000
937.5000
1059.5703
1059.5703
1196.2891
1196.2891
1337.8906
1337.8906
1479.4922
1479.4922
1611.3281
1611.3281
1699.2187
1699.2187
1713.8672
1713.8672
1635.7422
1635.7422
1469.7266
1469.7266
1230.4687
1230.4687
927.7344
927.7344
571.2891
571.2891
195.3125
195.3125
0.0000
0.0000
0.0000
0.0000
0.0000
0.0000
0.0000
0.0000
0.0000
0.0000
0.0000
0.0000
0.0000
0.0000
0.0000
0.0000
0.0000
0.0000
0.0000
0.0000
0.0000
0.0000
0.0000
0.0000
0.0000
0.0000
0.0000
0.0000
0.0000
0.0000
0.0000
0.0000
0.0000
0.0000
0.0000
0.0000
0.0000
0.0000
0.0000
0.0000
0.0000
0.0000
0.0000
0.0000
0.0000
0.0000
0.0000
0.0000
0.0000
0.0000
0.0000
0.0000
97.6562
97.6562
239.2578
239.2578
375.9766
375.9766
507.8125
507.8125
620.1172
620.1172
712.8906
712.8906
791.0156
791.0156
849.6094
849.6094
903.3203
903.3203
952.1484
952.1484
1010.7422
1010.7422
1083.9844
1083.9844
1176.7578
1176.7578
1289.0625
1289.0625
1425.7812
1425.7812
1582.0312
1582.0312
1738.2812
1738.2812
1850.5859
1850.5859
1875.0000
1875.0000
1772.4609
1772.4609
1552.7344
1552.7344
1235.3516
1235.3516
874.0234
874.0234
493.1641
493.1641
126.9531
126.9531
0.0000
0.0000
0.0000
0.0000
0.0000
0.0000
0.0000
0.0000
0.0000
0.0000
0.0000
0.0000
0.0000
0.0000
0.0000
0.0000
0.0000
0.0000
0.0000
0.0000
0.0000
0.0000
0.0000
0.0000
0.0000
0.0000
0.0000
0.0000
0.0000
0.0000
0.0000
0.0000
0.0000
0.0000
0.0000
0.0000
0.0000
0.0000
0.0000
0.0000
0.0000
0.0000
0.0000
0.0000
0.0000
0.0000
78.1250
78.1250
141.6016
141.6016
200.1953
200.1953
258.7891
258.7891
317.3828
317.3828
390.6250
390.6250
468.7500
468.7500
566.4062
566.4062
668.9453
668.9453
781.2500
781.2500
898.4375
898.4375
1015.6250
1015.6250
1132.8125
1132.8125
1250.0000
1250.0000
1357.4219
1357.4219
1469.7266
1469.7266
1591.7969
1591.7969
1723.6328
1723.6328
1855.4687
1855.4687
1953.1250
1953.1250
1977.5391
1899.4141
1899.4141
1704.1016
1704.1016
1401.3672
1401.3672
1020.5078
1020.5078
1020.5078
610.3516
610.3516
195.3125
195.3125
0.0000
0.0000
0.0000
0.0000
0.0000
0.0000
0.0000
0.0000
0.0000
0.0000
0.0000
0.0000
0.0000
0.0000
0.0000
0.0000
0.0000
0.0000
0.0000
0.0000
0.0000
0.0000
0.0000
0.0000
0.0000
0.0000
0.0000
0.0000
0.0000
0.0000
0.0000
0.0000
0.0000
0.0000
0.0000
0.0000
0.0000
0.0000
0.0000
0.0000
0.0000
0.0000
0.0000
0.0000
0.0000
0.0000
0.0000
0.0000
0.0000
0.0000
0.0000
9.7656
9.7656
117.1875
117.1875
214.8437
214.8437
307.6172
307.6172
405.2734
405.2734
507.8125
507.8125
615.2344
615.2344
737.3047
737.3047
874.0234
874.0234
1015.6250
1015.6250
1166.9922
1166.9922
1318.3594
1318.3594
1474.6094
1474.6094
1621.0937
1621.0937
1757.8125
1757.8125
1879.8828
1879.8828
1943.3594
1943.3594
1928.7109
1928.7109
1806.6406
1806.6406
1582.0312
1582.0312
1289.0625
1289.0625
966.7969
966.7969
634.7656
634.7656
307.6172
307.6172
0.0000
0.0000
0.0000
0.0000
0.0000
0.0000
0.0000
0.0000
0.0000
0.0000
0.0000
0.0000
0.0000
0.0000
0.0000
0.0000
0.0000
0.0000
0.0000
0.0000
0.0000
0.0000
0.0000
0.0000
0.0000
0.0000
0.0000
0.0000
0.0000
0.0000
0.0000
0.0000
0.0000
0.0000
0.0000
0.0000
0.0000
0.0000
0.0000
0.0000
0.0000
0.0000
0.0000
0.0000
0.0000
0.0000
0.0000
0.0000
0.0000
0.0000
0.0000
0.0000
78.1250
78.1250
200.1953
200.1953
312.5000
312.5000
415.0391
415.0391
502.9297
502.9297
576.1719
576.1719
644.5312
644.5312
717.7734
717.7734
800.7812
800.7812
893.5547
893.5547
1000.9766
1000.9766
1127.9297
1127.9297
1274.4141
1274.4141
1430.6641
1430.6641
1606.4453
1606.4453
1791.9922
1791.9922
1953.1250
1953.1250
2055.6641
2055.6641
2041.0156
2041.0156
1889.6484
1889.6484
1625.9766
1625.9766
1269.5312
1269.5312
878.9062
878.9062
483.3984
483.3984
112.3047
112.3047
0.0000
0.0000
0.0000
0.0000
0.0000
0.0000
0.0000
0.0000
0.0000
0.0000
0.0000
0.0000
0.0000
0.0000
0.0000
0.0000
0.0000
0.0000
0.0000
0.0000
0.0000
0.0000
0.0000
0.0000
0.0000
0.0000
0.0000
0.0000
0.0000
0.0000
0.0000
0.0000
0.0000
0.0000
0.0000
0.0000
0.0000
0.0000
0.0000
0.0000
0.0000
0.0000
0.0000
0.0000
0.0000
0.0000
0.0000
0.0000
0.0000
0.0000
39.0625
39.0625
156.2500
156.2500
268.5547
268.5547
371.0937
371.0937
468.7500
468.7500
556.6406
556.6406
634.7656
634.7656
698.2422
698.2422
756.8359
756.8359
815.4297
815.4297
874.0234
874.0234
942.3828
942.3828
1025.3906
1025.3906
1123.0469
1123.0469
1250.0000
1250.0000
1401.3672
1401.3672
1577.1484
1577.1484
1772.4609
1772.4609
1953.1250
1953.1250
2075.1953
2075.1953
2084.9609
2084.9609
1948.2422
1948.2422
1674.8047
1674.8047
1313.4766
1313.4766
927.7344
927.7344
546.8750
546.8750
185.5469
185.5469
0.0000
0.0000
0.0000
0.0000
0.0000
0.0000
0.0000
0.0000
0.0000
0.0000
0.0000
0.0000
0.0000
0.0000
0.0000
0.0000
0.0000
0.0000
0.0000
0.0000
0.0000
0.0000
0.0000
0.0000
0.0000
0.0000
0.0000
0.0000
0.0000
0.0000
0.0000
0.0000
0.0000
0.0000
0.0000
0.0000
0.0000
0.0000
0.0000
0.0000
0.0000
0.0000
0.0000
0.0000
0.0000
0.0000
0.0000
0.0000
14.6484
14.6484
112.3047
112.3047
209.9609
209.9609
307.6172
307.6172
410.1562
410.1562
517.5781
517.5781
629.8828
629.8828
751.9531
751.9531
878.9062
878.9062
1010.7422
1010.7422
1142.5781
1142.5781
1264.6484
1264.6484
1386.7187
1386.7187
1499.0234
1499.0234
1611.3281
1611.3281
1733.3984
1733.3984
1850.5859
1850.5859
1943.3594
1943.3594
1982.4219
1982.4219
1933.5937
1933.5937
1787.1094
1787.1094
1547.8516
1547.8516
1235.3516
1235.3516
883.7891
883.7891
512.6953
512.6953
136.7187
136.7187
0.0000
0.0000
0.0000
0.0000
0.0000
0.0000
0.0000
0.0000
0.0000
0.0000
0.0000
0.0000
0.0000
0.0000
0.0000
0.0000
0.0000
0.0000
0.0000
0.0000
0.0000
0.0000
0.0000
0.0000
0.0000
0.0000
0.0000
0.0000
0.0000
0.0000
0.0000
0.0000
0.0000
0.0000
0.0000
0.0000
0.0000
0.0000
0.0000
0.0000
0.0000
0.0000
0.0000
0.0000
0.0000
0.0000
0.0000
0.0000
48.8281
48.8281
180.6641
180.6641
283.2031
283.2031
371.0937
371.0937
449.2187
449.2187
527.3437
527.3437
610.3516
610.3516
708.0078
708.0078
820.3125
820.3125
947.2656
947.2656
1083.9844
1083.9844
1235.3516
1235.3516
1381.8359
1381.8359
1523.4375
1523.4375
1660.1562
1660.1562
1791.9922
1791.9922
1914.0625
1914.0625
2001.9531
2001.9531
2021.4844
2021.4844
1953.1250
1953.1250
1767.5781
1767.5781
1469.7266
1469.7266
1093.7500
1093.7500
693.3594
693.3594
302.7344
302.7344
0.0000
0.0000
0.0000
0.0000
0.0000
0.0000
0.0000
0.0000
0.0000
0.0000
0.0000
0.0000
0.0000
0.0000
0.0000
0.0000
0.0000
0.0000
0.0000
0.0000
0.0000
0.0000
0.0000
0.0000
0.0000
0.0000
0.0000
0.0000
0.0000
0.0000
0.0000
0.0000
0.0000
0.0000
0.0000
0.0000
0.0000
0.0000
0.0000
0.0000
0.0000
0.0000
0.0000
0.0000
0.0000
0.0000
0.0000
0.0000
0.0000
0.0000
0.0000
0.0000
0.0000
0.0000
126.9531
126.9531
258.7891
258.7891
366.2109
366.2109
458.9844
458.9844
527.3437
527.3437
585.9375
585.9375
634.7656
634.7656
688.4766
688.4766
751.9531
751.9531
834.9609
834.9609
932.6172
932.6172
1044.9219
1044.9219
1176.7578
1176.7578
1318.3594
1318.3594
1469.7266
1469.7266
1625.9766
1625.9766
1787.1094
1787.1094
1953.1250
1953.1250
2104.4922
2104.4922
2221.6797
2221.6797
2285.1562
2285.1562
2265.6250
2265.6250
2172.8516
2172.8516
2026.3672
2026.3672
1840.8203
1840.8203
1630.8594
1630.8594
1401.3672
1401.3672
1147.4609
1147.4609
874.0234
874.0234
571.2891
571.2891
258.7891
258.7891
0.0000
0.0000
0.0000
0.0000
0.0000
0.0000
0.0000
0.0000
0.0000
0.0000
0.0000
0.0000
0.0000
0.0000
0.0000
0.0000
0.0000
0.0000
0.0000
0.0000
0.0000
0.0000
0.0000
0.0000
0.0000
0.0000
0.0000
0.0000
0.0000
0.0000
0.0000
0.0000
0.0000
0.0000
0.0000
0.0000
0.0000
0.0000
0.0000
0.0000
0.0000
0.0000
0.0000
0.0000
0.0000
0.0000
219.7266
219.7266
454.1016
454.1016
678.7109
678.7109
888.6719
888.6719
1074.2187
1074.2187
1225.5859
1225.5859
1347.6562
1347.6562
1450.1953
1450.1953
1542.9687
1542.9687
1630.8594
1630.8594
1694.3359
1694.3359
1694.3359
1694.3359
1601.5625
1601.5625
1430.6641
1430.6641
1210.9375
1210.9375
981.4453
981.4453
737.3047
737.3047
478.5156
478.5156
190.4297
190.4297
0.0000
0.0000
0.0000
0.0000
0.0000
0.0000
0.0000
0.0000
0.0000
0.0000
0.0000
0.0000
0.0000
0.0000
0.0000
0.0000
0.0000
0.0000
0.0000
0.0000
0.0000
0.0000
0.0000
0.0000
0.0000
0.0000
0.0000
0.0000
0.0000
0.0000
0.0000
0.0000
0.0000
0.0000
0.0000
0.0000
0.0000
0.0000
0.0000
0.0000
0.0000
0.0000
0.0000
0.0000
131.8359
131.8359
366.2109
366.2109
590.8203
590.8203
791.0156
791.0156
971.6797
971.6797
1127.9297
1127.9297
1269.5312
1269.5312
1401.3672
1401.3672
1513.6719
1513.6719
1586.9141
1586.9141
1601.5625
1601.5625
1538.0859
1538.0859
1401.3672
1401.3672
1210.9375
1210.9375
981.4453
981.4453
732.4219
732.4219
454.1016
454.1016
