185.5469
229.4922
229.4922
268.5547
268.5547
292.9687
292.9687
312.5000
312.5000
327.1484
327.1484
346.6797
346.6797
371.0937
371.0937
395.5078
395.5078
419.9219
419.9219
444.3359
444.3359
473.6328
473.6328
507.8125
507.8125
561.5234
561.5234
629.8828
629.8828
737.3047
737.3047
859.3750
859.3750
976.5625
976.5625
1074.2187
1074.2187
1127.9297
1127.9297
1142.5781
1142.5781
1113.2812
1113.2812
1059.5703
1059.5703
986.3281
986.3281
917.9687
917.9687
834.9609
834.9609
732.4219
732.4219
605.4687
605.4687
449.2187
449.2187
273.4375
273.4375
78.1250
78.1250
0.0000
0.0000
0.0000
0.0000
0.0000
0.0000
0.0000
0.0000
0.0000
0.0000
0.0000
0.0000
0.0000
0.0000
0.0000
0.0000
0.0000
0.0000
0.0000
0.0000
0.0000
0.0000
0.0000
0.0000
0.0000
0.0000
0.0000
0.0000
0.0000
0.0000
0.0000
0.0000
0.0000
0.0000
0.0000
0.0000
0.0000
0.0000
0.0000
0.0000
0.0000
0.0000
0.0000
0.0000
0.0000
0.0000
0.0000
0.0000
0.0000
0.0000
0.0000
0.0000
0.0000
0.0000
0.0000
0.0000
0.0000
0.0000
24.4141
24.4141
87.8906
87.8906
151.3672
151.3672
209.9609
209.9609
268.5547
268.5547
322.2656
322.2656
375.9766
375.9766
424.8047
424.8047
473.6328
473.6328
517.5781
517.5781
556.6406
556.6406
590.8203
590.8203
629.8828
629.8828
693.3594
693.3594
771.4844
771.4844
854.4922
854.4922
927.7344
927.7344
966.7969
966.7969
971.6797
971.6797
937.5000
937.5000
878.9062
878.9062
795.8984
795.8984
712.8906
712.8906
620.1172
620.1172
522.4609
522.4609
405.2734
405.2734
273.4375
273.4375
136.7187
136.7187
0.0000
0.0000
0.0000
0.0000
0.0000
0.0000
0.0000
0.0000
0.0000
0.0000
0.0000
0.0000
0.0000
0.0000
0.0000
0.0000
0.0000
0.0000
0.0000
0.0000
0.0000
0.0000
0.0000
0.0000
0.0000
0.0000
0.0000
0.0000
0.0000
0.0000
0.0000
0.0000
0.0000
0.0000
0.0000
0.0000
0.0000
0.0000
0.0000
0.0000
0.0000
0.0000
0.0000
0.0000
0.0000
0.0000
0.0000
0.0000
0.0000
0.0000
0.0000
0.0000
0.0000
0.0000
0.0000
0.0000
0.0000
0.0000
0.0000
0.0000
0.0000
0.0000
0.0000
0.0000
0.0000
0.0000
0.0000
0.0000
0.0000
0.0000
9.7656
9.7656
34.1797
34.1797
73.2422
73.2422
122.0703
122.0703
185.5469
185.5469
244.1406
244.1406
307.6172
307.6172
366.2109
366.2109
429.6875
429.6875
502.9297
502.9297
576.1719
576.1719
664.0625
664.0625
756.8359
756.8359
864.2578
864.2578
957.0312
957.0312
1020.5078
1020.5078
1040.0391
1040.0391
1015.6250
1015.6250
947.2656
947.2656
854.4922
854.4922
751.9531
751.9531
649.4141
649.4141
556.6406
556.6406
463.8672
463.8672
361.3281
361.3281
244.1406
244.1406
117.1875
117.1875
0.0000
0.0000
0.0000
0.0000
0.0000
0.0000
0.0000
0.0000
0.0000
0.0000
0.0000
0.0000
0.0000
0.0000
0.0000
0.0000
0.0000
0.0000
0.0000
0.0000
0.0000
0.0000
0.0000
0.0000
0.0000
0.0000
0.0000
0.0000
0.0000
0.0000
0.0000
0.0000
0.0000
0.0000
0.0000
0.0000
0.0000
0.0000
0.0000
0.0000
0.0000
0.0000
0.0000
0.0000
0.0000
0.0000
0.0000
0.0000
0.0000
0.0000
9.7656
9.7656
68.3594
68.3594
122.0703
122.0703
170.8984
170.8984
209.9609
209.9609
249.0234
249.0234
283.2031
283.2031
302.7344
302.7344
317.3828
317.3828
322.2656
322.2656
332.0312
332.0312
341.7969
341.7969
356.4453
356.4453
371.0937
371.0937
395.5078
395.5078
429.6875
429.6875
468.7500
468.7500
512.6953
512.6953
556.6406
556.6406
615.2344
615.2344
683.5937
683.5937
761.7187
761.7187
849.6094
849.6094
957.0312
957.0312
1059.5703
1059.5703
1132.8125
1132.8125
1166.9922
1166.9922
1152.3437
1152.3437
1093.7500
1093.7500
991.2109
991.2109
869.1406
869.1406
732.4219
732.4219
615.2344
615.2344
502.9297
502.9297
390.6250
390.6250
268.5547
268.5547
136.7187
136.7187
0.0000
0.0000
0.0000
0.0000
0.0000
0.0000
0.0000
0.0000
0.0000
0.0000
0.0000
0.0000
0.0000
0.0000
0.0000
0.0000
0.0000
0.0000
0.0000
0.0000
0.0000
0.0000
0.0000
0.0000
0.0000
0.0000
0.0000
0.0000
0.0000
0.0000
0.0000
0.0000
0.0000
0.0000
0.0000
0.0000
0.0000
0.0000
0.0000
0.0000
0.0000
0.0000
0.0000
0.0000
0.0000
0.0000
0.0000
0.0000
0.0000
0.0000
0.0000
0.0000
0.0000
0.0000
0.0000
0.0000
0.0000
0.0000
53.7109
53.7109
107.4219
107.4219
161.1328
161.1328
209.9609
209.9609
253.9062
253.9062
283.2031
283.2031
307.6172
307.6172
332.0312
332.0312
346.6797
346.6797
366.2109
366.2109
385.7422
385.7422
415.0391
415.0391
449.2187
449.2187
488.2812
488.2812
532.2266
532.2266
595.7031
595.7031
673.8281
673.8281
771.4844
771.4844
883.7891
883.7891
986.3281
986.3281
1083.9844
1083.9844
1152.3437
1152.3437
1191.4062
1191.4062
1191.4062
1191.4062
1152.3437
1152.3437
1069.3359
1069.3359
932.6172
932.6172
747.0703
747.0703
527.3437
527.3437
307.6172
307.6172
87.8906
87.8906
0.0000
0.0000
0.0000
0.0000
0.0000
0.0000
0.0000
0.0000
0.0000
0.0000
0.0000
0.0000
0.0000
0.0000
0.0000
0.0000
0.0000
0.0000
0.0000
0.0000
0.0000
0.0000
0.0000
0.0000
0.0000
0.0000
0.0000
0.0000
0.0000
0.0000
0.0000
0.0000
0.0000
0.0000
0.0000
0.0000
0.0000
0.0000
0.0000
0.0000
0.0000
0.0000
0.0000
0.0000
0.0000
0.0000
0.0000
0.0000
0.0000
0.0000
0.0000
0.0000
0.0000
0.0000
0.0000
0.0000
0.0000
0.0000
4.8828
4.8828
24.4141
24.4141
39.0625
39.0625
58.5937
58.5937
83.0078
83.0078
117.1875
117.1875
146.4844
146.4844
175.7812
175.7812
200.1953
200.1953
224.6094
224.6094
244.1406
244.1406
258.7891
258.7891
278.3203
278.3203
302.7344
302.7344
351.5625
351.5625
419.9219
419.9219
512.6953
512.6953
610.3516
610.3516
708.0078
708.0078
776.3672
776.3672
805.6641
805.6641
791.0156
791.0156
751.9531
751.9531
703.1250
703.1250
644.5312
644.5312
581.0547
581.0547
498.0469
498.0469
395.5078
395.5078
258.7891
258.7891
97.6562
97.6562
0.0000
0.0000
0.0000
0.0000
0.0000
0.0000
0.0000
0.0000
0.0000
0.0000
0.0000
0.0000
0.0000
0.0000
0.0000
0.0000
0.0000
0.0000
0.0000
0.0000
0.0000
0.0000
0.0000
0.0000
0.0000
0.0000
0.0000
0.0000
0.0000
0.0000
0.0000
0.0000
0.0000
0.0000
0.0000
0.0000
0.0000
0.0000
0.0000
0.0000
0.0000
0.0000
0.0000
0.0000
0.0000
0.0000
0.0000
0.0000
0.0000
0.0000
0.0000
0.0000
0.0000
0.0000
9.7656
9.7656
53.7109
53.7109
92.7734
92.7734
126.9531
126.9531
156.2500
156.2500
185.5469
185.5469
214.8437
214.8437
244.1406
244.1406
278.3203
278.3203
307.6172
307.6172
346.6797
346.6797
395.5078
395.5078
449.2187
449.2187
507.8125
507.8125
566.4062
566.4062
625.0000
625.0000
683.5937
683.5937
751.9531
751.9531
830.0781
830.0781
922.8516
922.8516
1020.5078
1020.5078
1113.2812
1113.2812
1186.5234
1186.5234
1230.4687
1230.4687
1245.1172
1245.1172
1220.7031
1220.7031
1166.9922
1166.9922
1079.1016
1079.1016
961.9141
961.9141
820.3125
820.3125
659.1797
659.1797
488.2812
488.2812
312.5000
312.5000
146.4844
146.4844
0.0000
0.0000
0.0000
0.0000
0.0000
0.0000
0.0000
0.0000
0.0000
0.0000
0.0000
0.0000
0.0000
0.0000
0.0000
0.0000
0.0000
0.0000
0.0000
0.0000
0.0000
0.0000
0.0000
0.0000
0.0000
0.0000
0.0000
0.0000
0.0000
0.0000
0.0000
0.0000
0.0000
0.0000
0.0000
0.0000
0.0000
0.0000
0.0000
0.0000
0.0000
0.0000
0.0000
0.0000
0.0000
0.0000
0.0000
0.0000
0.0000
0.0000
0.0000
0.0000
34.1797
34.1797
112.3047
112.3047
180.6641
180.6641
239.2578
239.2578
283.2031
283.2031
317.3828
317.3828
336.9141
336.9141
346.6797
346.6797
356.4453
356.4453
366.2109
366.2109
375.9766
375.9766
385.7422
385.7422
395.5078
395.5078
410.1562
410.1562
429.6875
429.6875
454.1016
454.1016
483.3984
483.3984
532.2266
532.2266
605.4687
605.4687
703.1250
703.1250
820.3125
937.5000
937.5000
937.5000
1044.9219
1044.9219
1108.3984
1108.3984
1118.1641
1118.1641
1064.4531
1064.4531
971.6797
971.6797
854.4922
854.4922
717.7734
717.7734
576.1719
576.1719
419.9219
239.2578
239.2578
239.2578
34.1797
34.1797
0.0000
0.0000
0.0000
0.0000
0.0000
0.0000
0.0000
0.0000
0.0000
0.0000
0.0000
0.0000
0.0000
0.0000
0.0000
0.0000
0.0000
0.0000
0.0000
0.0000
0.0000
0.0000
0.0000
0.0000
0.0000
0.0000
0.0000
0.0000
0.0000
0.0000
0.0000
0.0000
0.0000
0.0000
0.0000
0.0000
0.0000
0.0000
0.0000
0.0000
0.0000
0.0000
0.0000
0.0000
0.0000
0.0000
0.0000
0.0000
0.0000
0.0000
0.0000
0.0000
0.0000
0.0000
0.0000
0.0000
0.0000
0.0000
0.0000
0.0000
0.0000
4.8828
4.8828
58.5937
58.5937
97.6562
97.6562
131.8359
131.8359
166.0156
166.0156
195.3125
195.3125
229.4922
229.4922
263.6719
263.6719
297.8516
297.8516
322.2656
322.2656
346.6797
346.6797
371.0937
371.0937
400.3906
400.3906
434.5703
434.5703
473.6328
473.6328
522.4609
522.4609
595.7031
595.7031
673.8281
673.8281
766.6016
766.6016
854.4922
854.4922
937.5000
937.5000
996.0937
996.0937
1015.6250
1015.6250
996.0937
996.0937
927.7344
927.7344
839.8437
839.8437
732.4219
732.4219
615.2344
615.2344
483.3984
483.3984
341.7969
341.7969
195.3125
195.3125
29.2969
29.2969
0.0000
0.0000
0.0000
0.0000
0.0000
0.0000
0.0000
0.0000
0.0000
0.0000
0.0000
0.0000
0.0000
0.0000
0.0000
0.0000
0.0000
0.0000
0.0000
0.0000
0.0000
0.0000
0.0000
0.0000
0.0000
0.0000
0.0000
0.0000
0.0000
0.0000
0.0000
0.0000
0.0000
0.0000
0.0000
0.0000
0.0000
0.0000
0.0000
0.0000
0.0000
0.0000
0.0000
0.0000
0.0000
0.0000
0.0000
0.0000
0.0000
0.0000
0.0000
0.0000
14.6484
14.6484
34.1797
34.1797
48.8281
48.8281
78.1250
78.1250
102.5391
102.5391
136.7187
136.7187
175.7812
175.7812
214.8437
214.8437
258.7891
258.7891
307.6172
307.6172
346.6797
346.6797
390.6250
390.6250
434.5703
434.5703
478.5156
478.5156
522.4609
522.4609
556.6406
556.6406
595.7031
595.7031
625.0000
625.0000
654.2969
654.2969
688.4766
688.4766
727.5391
727.5391
781.2500
781.2500
849.6094
849.6094
922.8516
922.8516
986.3281
986.3281
1035.1562
1035.1562
1049.8047
1049.8047
1025.3906
1025.3906
961.9141
961.9141
883.7891
883.7891
791.0156
791.0156
688.4766
688.4766
576.1719
576.1719
439.4531
439.4531
288.0859
288.0859
117.1875
117.1875
0.0000
0.0000
0.0000
0.0000
0.0000
0.0000
0.0000
0.0000
0.0000
0.0000
0.0000
0.0000
0.0000
0.0000
0.0000
0.0000
0.0000
0.0000
0.0000
0.0000
0.0000
0.0000
0.0000
0.0000
0.0000
0.0000
0.0000
0.0000
0.0000
0.0000
0.0000
0.0000
0.0000
0.0000
0.0000
0.0000
0.0000
0.0000
0.0000
0.0000
0.0000
0.0000
0.0000
0.0000
0.0000
0.0000
0.0000
0.0000
0.0000
0.0000
0.0000
0.0000
0.0000
0.0000
0.0000
0.0000
0.0000
0.0000
34.1797
34.1797
58.5937
58.5937
83.0078
83.0078
107.4219
107.4219
131.8359
131.8359
161.1328
161.1328
195.3125
195.3125
239.2578
239.2578
288.0859
288.0859
341.7969
341.7969
400.3906
400.3906
458.9844
458.9844
522.4609
522.4609
585.9375
585.9375
654.2969
654.2969
722.6562
722.6562
795.8984
795.8984
859.3750
859.3750
917.9687
917.9687
976.5625
976.5625
1020.5078
1020.5078
1059.5703
1059.5703
1083.9844
1083.9844
1088.8672
1088.8672
1059.5703
1059.5703
991.2109
991.2109
883.7891
883.7891
751.9531
751.9531
605.4687
605.4687
458.9844
458.9844
322.2656
322.2656
185.5469
185.5469
43.9453
43.9453
0.0000
0.0000
0.0000
0.0000
0.0000
0.0000
0.0000
0.0000
0.0000
0.0000
0.0000
0.0000
0.0000
0.0000
0.0000
0.0000
0.0000
0.0000
0.0000
0.0000
0.0000
0.0000
0.0000
0.0000
0.0000
0.0000
0.0000
0.0000
0.0000
0.0000
0.0000
0.0000
0.0000
0.0000
0.0000
0.0000
0.0000
0.0000
0.0000
0.0000
0.0000
0.0000
0.0000
0.0000
0.0000
0.0000
0.0000
0.0000
0.0000
0.0000
0.0000
0.0000
34.1797
34.1797
87.8906
87.8906
131.8359
131.8359
161.1328
161.1328
190.4297
190.4297
209.9609
209.9609
224.6094
224.6094
239.2578
239.2578
253.9062
253.9062
273.4375
273.4375
288.0859
288.0859
302.7344
302.7344
317.3828
317.3828
341.7969
341.7969
371.0937
371.0937
400.3906
400.3906
439.4531
439.4531
478.5156
478.5156
532.2266
532.2266
590.8203
590.8203
659.1797
659.1797
742.1875
742.1875
830.0781
830.0781
898.4375
898.4375
937.5000
937.5000
922.8516
922.8516
869.1406
869.1406
786.1328
786.1328
683.5937
683.5937
581.0547
581.0547
473.6328
473.6328
375.9766
375.9766
258.7891
258.7891
126.9531
126.9531
0.0000
0.0000
0.0000
0.0000
0.0000
0.0000
0.0000
0.0000
0.0000
0.0000
0.0000
0.0000
0.0000
0.0000
0.0000
0.0000
0.0000
0.0000
0.0000
0.0000
0.0000
0.0000
0.0000
0.0000
0.0000
0.0000
0.0000
0.0000
0.0000
0.0000
0.0000
0.0000
0.0000
0.0000
0.0000
0.0000
0.0000
0.0000
0.0000
0.0000
0.0000
0.0000
0.0000
0.0000
0.0000
0.0000
0.0000
0.0000
0.0000
0.0000
0.0000
0.0000
0.0000
0.0000
0.0000
0.0000
0.0000
0.0000
34.1797
34.1797
117.1875
117.1875
195.3125
195.3125
263.6719
263.6719
332.0312
332.0312
385.7422
385.7422
429.6875
429.6875
458.9844
458.9844
488.2812
488.2812
507.8125
507.8125
527.3437
527.3437
537.1094
537.1094
551.7578
551.7578
561.5234
561.5234
571.2891
571.2891
581.0547
581.0547
595.7031
595.7031
620.1172
620.1172
654.2969
654.2969
698.2422
698.2422
747.0703
747.0703
805.6641
805.6641
878.9062
878.9062
971.6797
971.6797
1074.2187
1074.2187
1176.7578
1176.7578
1269.5312
1269.5312
1318.3594
1318.3594
1318.3594
1318.3594
1264.6484
1264.6484
1171.8750
1171.8750
1054.6875
1054.6875
922.8516
922.8516
791.0156
791.0156
644.5312
644.5312
502.9297
502.9297
351.5625
351.5625
185.5469
185.5469
19.5312
19.5312
0.0000
0.0000
0.0000
0.0000
0.0000
0.0000
0.0000
0.0000
0.0000
0.0000
0.0000
0.0000
0.0000
0.0000
0.0000
0.0000
0.0000
0.0000
0.0000
0.0000
0.0000
0.0000
0.0000
0.0000
0.0000
0.0000
0.0000
0.0000
0.0000
0.0000
0.0000
0.0000
0.0000
0.0000
0.0000
0.0000
0.0000
0.0000
0.0000
0.0000
0.0000
0.0000
0.0000
0.0000
0.0000
0.0000
0.0000
0.0000
0.0000
0.0000
0.0000
0.0000
0.0000
0.0000
0.0000
0.0000
63.4766
63.4766
122.0703
122.0703
180.6641
180.6641
234.3750
234.3750
288.0859
288.0859
332.0312
332.0312
375.9766
375.9766
405.2734
405.2734
429.6875
429.6875
449.2187
449.2187
454.1016
454.1016
449.2187
449.2187
434.5703
434.5703
424.8047
424.8047
415.0391
415.0391
424.8047
424.8047
454.1016
454.1016
507.8125
507.8125
581.0547
581.0547
664.0625
664.0625
732.4219
732.4219
776.3672
776.3672
800.7812
800.7812
791.0156
791.0156
761.7187
761.7187
712.8906
712.8906
654.2969
654.2969
581.0547
581.0547
488.2812
488.2812
371.0937
371.0937
239.2578
239.2578
87.8906
87.8906
0.0000
0.0000
0.0000
0.0000
0.0000
0.0000
0.0000
0.0000
0.0000
0.0000
0.0000
0.0000
0.0000
0.0000
0.0000
0.0000
0.0000
0.0000
0.0000
0.0000
0.0000
0.0000
0.0000
0.0000
0.0000
0.0000
0.0000
0.0000
0.0000
0.0000
0.0000
0.0000
0.0000
0.0000
0.0000
0.0000
0.0000
0.0000
0.0000
0.0000
0.0000
0.0000
0.0000
0.0000
0.0000
0.0000
0.0000
0.0000
0.0000
0.0000
0.0000
0.0000
0.0000
0.0000
0.0000
0.0000
0.0000
0.0000
0.0000
0.0000
0.0000
0.0000
0.0000
0.0000
0.0000
0.0000
0.0000
0.0000
0.0000
0.0000
0.0000
0.0000
43.9453
43.9453
122.0703
122.0703
200.1953
200.1953
273.4375
273.4375
341.7969
341.7969
400.3906
400.3906
454.1016
454.1016
502.9297
502.9297
551.7578
551.7578
610.3516
610.3516
678.7109
678.7109
766.6016
766.6016
859.3750
859.3750
937.5000
937.5000
991.2109
991.2109
996.0937
996.0937
971.6797
971.6797
917.9687
917.9687
854.4922
854.4922
786.1328
786.1328
717.7734
717.7734
654.2969
654.2969
566.4062
566.4062
449.2187
449.2187
292.9687
292.9687
122.0703
122.0703
0.0000
0.0000
0.0000
0.0000
0.0000
0.0000
0.0000
0.0000
0.0000
0.0000
0.0000
0.0000
0.0000
0.0000
0.0000
0.0000
0.0000
0.0000
0.0000
0.0000
0.0000
0.0000
0.0000
0.0000
0.0000
0.0000
0.0000
0.0000
0.0000
0.0000
0.0000
0.0000
0.0000
0.0000
0.0000
0.0000
0.0000
0.0000
0.0000
0.0000
0.0000
0.0000
0.0000
0.0000
0.0000
0.0000
0.0000
0.0000
0.0000
0.0000
0.0000
0.0000
0.0000
0.0000
0.0000
0.0000
0.0000
0.0000
0.0000
0.0000
0.0000
0.0000
4.8828
4.8828
39.0625
39.0625
78.1250
78.1250
112.3047
112.3047
156.2500
156.2500
200.1953
200.1953
244.1406
244.1406
288.0859
288.0859
336.9141
395.5078
395.5078
395.5078
454.1016
454.1016
512.6953
512.6953
571.2891
571.2891
634.7656
634.7656
703.1250
703.1250
781.2500
869.1406
869.1406
961.9141
961.9141
1035.1562
1035.1562
1079.1016
1079.1016
1079.1016
1079.1016
1035.1562
1035.1562
961.9141
961.9141
854.4922
854.4922
742.1875
742.1875
620.1172
620.1172
507.8125
507.8125
400.3906
400.3906
278.3203
278.3203
146.4844
146.4844
0.0000
0.0000
0.0000
0.0000
0.0000
0.0000
0.0000
0.0000
0.0000
0.0000
0.0000
0.0000
0.0000
0.0000
0.0000
0.0000
0.0000
0.0000
0.0000
0.0000
0.0000
0.0000
0.0000
0.0000
0.0000
0.0000
0.0000
0.0000
0.0000
0.0000
0.0000
0.0000
0.0000
0.0000
0.0000
0.0000
0.0000
0.0000
0.0000
0.0000
0.0000
0.0000
0.0000
0.0000
0.0000
0.0000
0.0000
0.0000
0.0000
0.0000
0.0000
0.0000
0.0000
0.0000
24.4141
24.4141
87.8906
87.8906
141.6016
141.6016
185.5469
185.5469
219.7266
219.7266
258.7891
258.7891
302.7344
302.7344
336.9141
336.9141
366.2109
366.2109
390.6250
390.6250
405.2734
405.2734
405.2734
405.2734
400.3906
400.3906
400.3906
400.3906
415.0391
415.0391
444.3359
444.3359
478.5156
478.5156
522.4609
522.4609
556.6406
556.6406
590.8203
590.8203
625.0000
625.0000
673.8281
673.8281
737.3047
737.3047
825.1953
825.1953
917.9687
917.9687
996.0937
996.0937
1040.0391
1040.0391
1035.1562
1035.1562
986.3281
986.3281
898.4375
898.4375
791.0156
791.0156
668.9453
668.9453
551.7578
551.7578
434.5703
434.5703
312.5000
312.5000
175.7812
175.7812
39.0625
39.0625
0.0000
0.0000
0.0000
0.0000
0.0000
0.0000
0.0000
0.0000
0.0000
0.0000
0.0000
0.0000
0.0000
0.0000
0.0000
0.0000
0.0000
0.0000
0.0000
0.0000
0.0000
0.0000
0.0000
0.0000
0.0000
0.0000
0.0000
0.0000
0.0000
0.0000
0.0000
0.0000
0.0000
0.0000
0.0000
0.0000
0.0000
0.0000
0.0000
0.0000
0.0000
0.0000
0.0000
0.0000
0.0000
0.0000
0.0000
0.0000
0.0000
0.0000
0.0000
0.0000
0.0000
0.0000
0.0000
0.0000
0.0000
0.0000
0.0000
0.0000
0.0000
0.0000
53.7109
53.7109
92.7734
92.7734
126.9531
126.9531
151.3672
151.3672
180.6641
180.6641
209.9609
209.9609
234.3750
234.3750
253.9062
253.9062
268.5547
268.5547
297.8516
297.8516
327.1484
327.1484
371.0937
371.0937
424.8047
424.8047
488.2812
488.2812
566.4062
566.4062
654.2969
654.2969
756.8359
756.8359
869.1406
869.1406
986.3281
986.3281
1083.9844
1083.9844
1157.2266
1157.2266
1181.6406
1181.6406
1166.9922
1166.9922
1108.3984
1108.3984
1005.8594
1005.8594
883.7891
883.7891
742.1875
742.1875
600.5859
600.5859
444.3359
444.3359
278.3203
278.3203
102.5391
102.5391
0.0000
0.0000
0.0000
0.0000
0.0000
0.0000
0.0000
0.0000
0.0000
0.0000
0.0000
0.0000
0.0000
0.0000
0.0000
0.0000
0.0000
0.0000
0.0000
0.0000
0.0000
0.0000
0.0000
0.0000
0.0000
0.0000
0.0000
0.0000
0.0000
0.0000
0.0000
0.0000
0.0000
0.0000
0.0000
0.0000
0.0000
0.0000
0.0000
0.0000
0.0000
0.0000
0.0000
0.0000
0.0000
0.0000
0.0000
0.0000
0.0000
0.0000
0.0000
0.0000
0.0000
0.0000
0.0000
0.0000
0.0000
0.0000
0.0000
0.0000
0.0000
0.0000
14.6484
14.6484
68.3594
68.3594
112.3047
112.3047
151.3672
151.3672
180.6641
180.6641
209.9609
209.9609
234.3750
234.3750
253.9062
253.9062
273.4375
273.4375
297.8516
297.8516
322.2656
322.2656
356.4453
356.4453
400.3906
400.3906
449.2187
449.2187
517.5781
517.5781
590.8203
590.8203
683.5937
683.5937
786.1328
786.1328
903.3203
903.3203
1015.6250
1015.6250
1113.2812
1113.2812
1181.6406
1181.6406
1210.9375
1210.9375
1210.9375
1210.9375
1176.7578
1176.7578
1123.0469
1123.0469
1044.9219
1044.9219
952.1484
952.1484
844.7266
844.7266
717.7734
717.7734
571.2891
571.2891
400.3906
400.3906
224.6094
224.6094
43.9453
43.9453
0.0000
0.0000
0.0000
0.0000
0.0000
0.0000
0.0000
0.0000
0.0000
0.0000
0.0000
0.0000
0.0000
0.0000
0.0000
0.0000
0.0000
0.0000
0.0000
0.0000
0.0000
0.0000
0.0000
0.0000
0.0000
0.0000
0.0000
0.0000
0.0000
0.0000
0.0000
0.0000
0.0000
0.0000
0.0000
0.0000
0.0000
0.0000
0.0000
0.0000
0.0000
0.0000
0.0000
0.0000
0.0000
0.0000
0.0000
0.0000
0.0000
0.0000
0.0000
0.0000
53.7109
53.7109
117.1875
117.1875
166.0156
166.0156
209.9609
209.9609
244.1406
244.1406
268.5547
268.5547
288.0859
288.0859
312.5000
312.5000
341.7969
341.7969
366.2109
366.2109
380.8594
380.8594
380.8594
380.8594
380.8594
380.8594
371.0937
371.0937
371.0937
371.0937
380.8594
380.8594
405.2734
405.2734
449.2187
449.2187
502.9297
502.9297
576.1719
576.1719
649.4141
649.4141
722.6562
722.6562
776.3672
776.3672
800.7812
800.7812
786.1328
786.1328
742.1875
742.1875
673.8281
673.8281
581.0547
581.0547
478.5156
478.5156
371.0937
371.0937
263.6719
263.6719
146.4844
146.4844
24.4141
24.4141
0.0000
0.0000
0.0000
0.0000
0.0000
0.0000
0.0000
0.0000
0.0000
0.0000
0.0000
0.0000
0.0000
0.0000
0.0000
0.0000
0.0000
0.0000
0.0000
0.0000
0.0000
0.0000
0.0000
0.0000
0.0000
0.0000
0.0000
0.0000
0.0000
0.0000
0.0000
0.0000
0.0000
0.0000
0.0000
0.0000
0.0000
0.0000
0.0000
0.0000
0.0000
0.0000
0.0000
0.0000
0.0000
0.0000
0.0000
0.0000
0.0000
0.0000
0.0000
0.0000
0.0000
0.0000
0.0000
0.0000
0.0000
0.0000
0.0000
0.0000
0.0000
0.0000
0.0000
0.0000
0.0000
0.0000
0.0000
0.0000
24.4141
24.4141
73.2422
73.2422
117.1875
117.1875
166.0156
166.0156
209.9609
209.9609
258.7891
258.7891
307.6172
307.6172
356.4453
356.4453
405.2734
405.2734
449.2187
449.2187
483.3984
483.3984
512.6953
512.6953
546.8750
546.8750
590.8203
590.8203
644.5312
644.5312
708.0078
708.0078
791.0156
791.0156
888.6719
888.6719
981.4453
981.4453
1059.5703
1059.5703
1093.7500
1093.7500
1088.8672
1088.8672
1040.0391
1040.0391
961.9141
961.9141
864.2578
864.2578
761.7187
761.7187
659.1797
659.1797
551.7578
551.7578
429.6875
429.6875
283.2031
283.2031
122.0703
122.0703
0.0000
0.0000
0.0000
0.0000
0.0000
0.0000
0.0000
0.0000
0.0000
0.0000
0.0000
0.0000
0.0000
0.0000
0.0000
0.0000
0.0000
0.0000
0.0000
0.0000
0.0000
0.0000
0.0000
0.0000
0.0000
0.0000
0.0000
0.0000
0.0000
0.0000
0.0000
0.0000
0.0000
0.0000
0.0000
0.0000
0.0000
0.0000
0.0000
0.0000
0.0000
0.0000
0.0000
0.0000
0.0000
0.0000
0.0000
0.0000
0.0000
0.0000
0.0000
0.0000
39.0625
39.0625
73.2422
73.2422
112.3047
112.3047
141.6016
141.6016
175.7812
175.7812
209.9609
209.9609
234.3750
234.3750
263.6719
263.6719
288.0859
288.0859
327.1484
327.1484
371.0937
371.0937
424.8047
424.8047
478.5156
478.5156
537.1094
537.1094
595.7031
595.7031
644.5312
644.5312
693.3594
693.3594
737.3047
737.3047
781.2500
781.2500
820.3125
820.3125
864.2578
864.2578
908.2031
908.2031
971.6797
971.6797
1040.0391
1040.0391
1108.3984
1108.3984
1162.1094
1162.1094
1191.4062
1191.4062
1186.5234
1186.5234
1137.6953
1137.6953
1054.6875
1054.6875
947.2656
947.2656
839.8437
839.8437
722.6562
722.6562
595.7031
595.7031
454.1016
454.1016
288.0859
288.0859
107.4219
107.4219
0.0000
0.0000
0.0000
0.0000
0.0000
0.0000
0.0000
0.0000
0.0000
0.0000
0.0000
0.0000
0.0000
0.0000
0.0000
0.0000
0.0000
0.0000
0.0000
0.0000
0.0000
0.0000
0.0000
0.0000
0.0000
0.0000
0.0000
0.0000
0.0000
0.0000
0.0000
0.0000
0.0000
0.0000
0.0000
0.0000
0.0000
0.0000
0.0000
0.0000
0.0000
0.0000
0.0000
0.0000
0.0000
0.0000
0.0000
0.0000
0.0000
0.0000
0.0000
0.0000
0.0000
0.0000
0.0000
0.0000
0.0000
0.0000
0.0000
0.0000
29.2969
29.2969
43.9453
43.9453
53.7109
53.7109
53.7109
53.7109
53.7109
53.7109
63.4766
63.4766
78.1250
78.1250
107.4219
107.4219
151.3672
151.3672
205.0781
205.0781
253.9062
253.9062
307.6172
307.6172
356.4453
356.4453
410.1562
410.1562
468.7500
468.7500
537.1094
537.1094
615.2344
615.2344
698.2422
698.2422
791.0156
791.0156
883.7891
952.1484
952.1484
952.1484
991.2109
991.2109
991.2109
991.2109
952.1484
952.1484
874.0234
874.0234
766.6016
766.6016
644.5312
644.5312
517.5781
517.5781
385.7422
385.7422
253.9062
117.1875
117.1875
117.1875
0.0000
0.0000
0.0000
0.0000
0.0000
0.0000
0.0000
0.0000
0.0000
0.0000
0.0000
0.0000
0.0000
0.0000
0.0000
0.0000
0.0000
0.0000
0.0000
0.0000
0.0000
0.0000
0.0000
0.0000
0.0000
0.0000
0.0000
0.0000
0.0000
0.0000
0.0000
0.0000
0.0000
0.0000
0.0000
0.0000
0.0000
0.0000
0.0000
0.0000
0.0000
0.0000
0.0000
0.0000
0.0000
0.0000
0.0000
0.0000
0.0000
0.0000
0.0000
0.0000
0.0000
0.0000
0.0000
0.0000
0.0000
19.5312
19.5312
68.3594
68.3594
112.3047
112.3047
151.3672
151.3672
185.5469
185.5469
214.8437
214.8437
234.3750
234.3750
253.9062
253.9062
263.6719
263.6719
273.4375
273.4375
288.0859
288.0859
312.5000
312.5000
346.6797
346.6797
380.8594
380.8594
419.9219
419.9219
458.9844
458.9844
502.9297
502.9297
546.8750
546.8750
590.8203
590.8203
639.6484
639.6484
688.4766
688.4766
747.0703
747.0703
805.6641
805.6641
878.9062
878.9062
947.2656
947.2656
1010.7422
1010.7422
1054.6875
1054.6875
1064.4531
1064.4531
1035.1562
1035.1562
971.6797
971.6797
883.7891
883.7891
776.3672
776.3672
664.0625
664.0625
546.8750
546.8750
424.8047
424.8047
292.9687
292.9687
151.3672
151.3672
4.8828
4.8828
0.0000
0.0000
0.0000
0.0000
0.0000
0.0000
0.0000
0.0000
0.0000
0.0000
0.0000
0.0000
0.0000
0.0000
0.0000
0.0000
0.0000
0.0000
0.0000
0.0000
0.0000
0.0000
0.0000
0.0000
0.0000
0.0000
0.0000
0.0000
0.0000
0.0000
0.0000
0.0000
0.0000
0.0000
0.0000
0.0000
0.0000
0.0000
0.0000
0.0000
0.0000
0.0000
0.0000
0.0000
0.0000
0.0000
0.0000
0.0000
0.0000
0.0000
0.0000
0.0000
0.0000
0.0000
0.0000
0.0000
0.0000
0.0000
0.0000
0.0000
73.2422
73.2422
131.8359
131.8359
180.6641
180.6641
209.9609
209.9609
234.3750
234.3750
249.0234
249.0234
263.6719
263.6719
278.3203
278.3203
292.9687
292.9687
302.7344
302.7344
307.6172
307.6172
322.2656
322.2656
336.9141
336.9141
366.2109
366.2109
405.2734
405.2734
458.9844
458.9844
522.4609
522.4609
595.7031
595.7031
668.9453
668.9453
742.1875
742.1875
830.0781
830.0781
927.7344
927.7344
1030.2734
1030.2734
1123.0469
1123.0469
1196.2891
1196.2891
1220.7031
1220.7031
1191.4062
1191.4062
1108.3984
1108.3984
986.3281
986.3281
839.8437
839.8437
683.5937
683.5937
527.3437
527.3437
366.2109
366.2109
214.8437
214.8437
58.5937
58.5937
0.0000
0.0000
0.0000
0.0000
0.0000
0.0000
0.0000
0.0000
0.0000
0.0000
0.0000
0.0000
0.0000
0.0000
0.0000
0.0000
0.0000
0.0000
0.0000
0.0000
0.0000
0.0000
0.0000
0.0000
0.0000
0.0000
0.0000
0.0000
0.0000
0.0000
0.0000
0.0000
0.0000
0.0000
0.0000
0.0000
0.0000
0.0000
0.0000
0.0000
0.0000
0.0000
0.0000
0.0000
0.0000
0.0000
0.0000
0.0000
0.0000
0.0000
0.0000
0.0000
0.0000
0.0000
0.0000
0.0000
0.0000
0.0000
0.0000
0.0000
39.0625
39.0625
107.4219
107.4219
170.8984
170.8984
224.6094
224.6094
278.3203
278.3203
322.2656
322.2656
361.3281
361.3281
385.7422
385.7422
410.1562
410.1562
429.6875
429.6875
444.3359
444.3359
454.1016
454.1016
468.7500
468.7500
493.1641
493.1641
522.4609
522.4609
561.5234
561.5234
605.4687
605.4687
659.1797
659.1797
717.7734
717.7734
786.1328
786.1328
864.2578
864.2578
957.0312
957.0312
1054.6875
1054.6875
1142.5781
1142.5781
1210.9375
1210.9375
1230.4687
1230.4687
1201.1719
1201.1719
1103.5156
1103.5156
952.1484
952.1484
756.8359
756.8359
546.8750
546.8750
341.7969
341.7969
141.6016
141.6016
0.0000
0.0000
0.0000
0.0000
0.0000
0.0000
0.0000
0.0000
0.0000
0.0000
0.0000
0.0000
0.0000
0.0000
0.0000
0.0000
0.0000
0.0000
0.0000
0.0000
0.0000
0.0000
0.0000
0.0000
0.0000
0.0000
0.0000
0.0000
0.0000
0.0000
0.0000
0.0000
0.0000
0.0000
0.0000
0.0000
0.0000
0.0000
0.0000
0.0000
0.0000
0.0000
0.0000
0.0000
0.0000
0.0000
0.0000
0.0000
0.0000
0.0000
0.0000
0.0000
0.0000
0.0000
0.0000
0.0000
0.0000
0.0000
0.0000
0.0000
0.0000
0.0000
0.0000
0.0000
0.0000
0.0000
14.6484
14.6484
83.0078
83.0078
141.6016
141.6016
195.3125
195.3125
234.3750
234.3750
273.4375
273.4375
292.9687
292.9687
312.5000
312.5000
322.2656
322.2656
336.9141
336.9141
356.4453
356.4453
375.9766
375.9766
405.2734
405.2734
434.5703
434.5703
483.3984
483.3984
532.2266
532.2266
585.9375
585.9375
639.6484
639.6484
698.2422
698.2422
761.7187
761.7187
834.9609
834.9609
922.8516
922.8516
1030.2734
1030.2734
1147.4609
1147.4609
1269.5312
1269.5312
1367.1875
1367.1875
1425.7812
1425.7812
1430.6641
1430.6641
1381.8359
1381.8359
1279.2969
1279.2969
1137.6953
1137.6953
981.4453
981.4453
825.1953
825.1953
664.0625
664.0625
507.8125
507.8125
346.6797
346.6797
180.6641
180.6641
19.5312
19.5312
0.0000
0.0000
0.0000
0.0000
0.0000
0.0000
0.0000
0.0000
0.0000
0.0000
0.0000
0.0000
0.0000
0.0000
0.0000
0.0000
0.0000
0.0000
0.0000
0.0000
0.0000
0.0000
0.0000
0.0000
0.0000
0.0000
0.0000
0.0000
0.0000
0.0000
0.0000
0.0000
0.0000
0.0000
0.0000
0.0000
0.0000
0.0000
0.0000
0.0000
0.0000
0.0000
0.0000
0.0000
0.0000
0.0000
0.0000
0.0000
0.0000
0.0000
0.0000
0.0000
34.1797
34.1797
97.6562
97.6562
156.2500
156.2500
219.7266
219.7266
278.3203
278.3203
327.1484
327.1484
366.2109
366.2109
390.6250
390.6250
415.0391
415.0391
429.6875
429.6875
444.3359
444.3359
458.9844
458.9844
473.6328
473.6328
493.1641
493.1641
512.6953
512.6953
537.1094
537.1094
561.5234
561.5234
595.7031
595.7031
634.7656
634.7656
683.5937
683.5937
742.1875
742.1875
820.3125
820.3125
922.8516
922.8516
1040.0391
1040.0391
1157.2266
1157.2266
1259.7656
1259.7656
1323.2422
1323.2422
1328.1250
1328.1250
1269.5312
1269.5312
1157.2266
1157.2266
1010.7422
1010.7422
849.6094
849.6094
668.9453
668.9453
473.6328
473.6328
253.9062
253.9062
9.7656
9.7656
0.0000
0.0000
0.0000
0.0000
0.0000
0.0000
0.0000
0.0000
0.0000
0.0000
0.0000
0.0000
0.0000
0.0000
0.0000
0.0000
0.0000
0.0000
0.0000
0.0000
0.0000
0.0000
0.0000
0.0000
0.0000
0.0000
0.0000
0.0000
0.0000
0.0000
0.0000
0.0000
0.0000
0.0000
0.0000
0.0000
0.0000
0.0000
0.0000
0.0000
0.0000
0.0000
0.0000
0.0000
0.0000
0.0000
0.0000
0.0000
0.0000
0.0000
0.0000
0.0000
0.0000
0.0000
0.0000
0.0000
0.0000
0.0000
0.0000
0.0000
0.0000
0.0000
24.4141
24.4141
102.5391
102.5391
170.8984
170.8984
229.4922
229.4922
283.2031
283.2031
327.1484
327.1484
361.3281
361.3281
380.8594
380.8594
395.5078
395.5078
405.2734
405.2734
415.0391
415.0391
429.6875
429.6875
449.2187
449.2187
473.6328
473.6328
498.0469
498.0469
537.1094
537.1094
585.9375
585.9375
668.9453
668.9453
771.4844
771.4844
878.9062
878.9062
971.6797
971.6797
1030.2734
1030.2734
1049.8047
1049.8047
1020.5078
1020.5078
957.0312
957.0312
864.2578
864.2578
751.9531
751.9531
610.3516
610.3516
444.3359
444.3359
253.9062
253.9062
53.7109
53.7109
0.0000
0.0000
0.0000
0.0000
0.0000
0.0000
0.0000
0.0000
0.0000
0.0000
0.0000
0.0000
0.0000
0.0000
0.0000
0.0000
0.0000
0.0000
0.0000
0.0000
0.0000
0.0000
0.0000
0.0000
0.0000
0.0000
0.0000
0.0000
0.0000
0.0000
0.0000
0.0000
0.0000
0.0000
0.0000
0.0000
0.0000
0.0000
0.0000
0.0000
0.0000
0.0000
0.0000
0.0000
0.0000
0.0000
0.0000
0.0000
0.0000
0.0000
0.0000
0.0000
0.0000
0.0000
0.0000
0.0000
19.5312
19.5312
43.9453
43.9453
73.2422
73.2422
112.3047
112.3047
156.2500
156.2500
200.1953
200.1953
249.0234
249.0234
292.9687
292.9687
336.9141
336.9141
375.9766
375.9766
415.0391
415.0391
444.3359
444.3359
478.5156
478.5156
512.6953
512.6953
551.7578
551.7578
585.9375
585.9375
629.8828
629.8828
668.9453
668.9453
722.6562
722.6562
786.1328
786.1328
864.2578
864.2578
957.0312
957.0312
1035.1562
1035.1562
1088.8672
1088.8672
1118.1641
1118.1641
1113.2812
1113.2812
1079.1016
1079.1016
1025.3906
1025.3906
947.2656
947.2656
854.4922
854.4922
742.1875
742.1875
610.3516
610.3516
463.8672
463.8672
288.0859
288.0859
107.4219
107.4219
0.0000
0.0000
0.0000
0.0000
0.0000
0.0000
0.0000
0.0000
0.0000
0.0000
0.0000
0.0000
0.0000
0.0000
0.0000
0.0000
0.0000
0.0000
0.0000
0.0000
0.0000
0.0000
0.0000
0.0000
0.0000
0.0000
0.0000
0.0000
0.0000
0.0000
0.0000
0.0000
0.0000
0.0000
0.0000
0.0000
0.0000
0.0000
0.0000
0.0000
0.0000
0.0000
0.0000
0.0000
0.0000
0.0000
0.0000
0.0000
0.0000
0.0000
0.0000
0.0000
0.0000
0.0000
0.0000
0.0000
0.0000
0.0000
19.5312
19.5312
48.8281
48.8281
78.1250
107.4219
107.4219
141.6016
141.6016
180.6641
180.6641
229.4922
229.4922
278.3203
278.3203
332.0312
332.0312
375.9766
375.9766
424.8047
424.8047
473.6328
473.6328
522.4609
522.4609
576.1719
576.1719
629.8828
629.8828
693.3594
693.3594
756.8359
756.8359
830.0781
830.0781
903.3203
903.3203
986.3281
986.3281
1069.3359
1069.3359
1142.5781
1142.5781
1191.4062
1191.4062
1201.1719
1201.1719
1166.9922
1166.9922
1083.9844
1083.9844
966.7969
966.7969
825.1953
825.1953
693.3594
693.3594
561.5234
561.5234
429.6875
429.6875
283.2031
283.2031
117.1875
117.1875
0.0000
0.0000
0.0000
0.0000
0.0000
0.0000
0.0000
0.0000
0.0000
0.0000
0.0000
0.0000
0.0000
0.0000
0.0000
0.0000
0.0000
0.0000
0.0000
0.0000
0.0000
0.0000
0.0000
0.0000
0.0000
0.0000
0.0000
0.0000
0.0000
0.0000
0.0000
0.0000
0.0000
0.0000
0.0000
0.0000
0.0000
0.0000
0.0000
0.0000
0.0000
0.0000
0.0000
0.0000
0.0000
0.0000
0.0000
0.0000
0.0000
0.0000
0.0000
0.0000
0.0000
0.0000
4.8828
4.8828
53.7109
53.7109
97.6562
97.6562
131.8359
131.8359
161.1328
161.1328
180.6641
180.6641
190.4297
190.4297
190.4297
190.4297
195.3125
195.3125
200.1953
200.1953
209.9609
209.9609
229.4922
229.4922
253.9062
253.9062
283.2031
283.2031
312.5000
312.5000
336.9141
336.9141
366.2109
366.2109
405.2734
405.2734
454.1016
454.1016
507.8125
507.8125
571.2891
571.2891
639.6484
639.6484
717.7734
717.7734
800.7812
800.7812
874.0234
874.0234
927.7344
927.7344
952.1484
952.1484
947.2656
947.2656
903.3203
903.3203
830.0781
830.0781
742.1875
742.1875
654.2969
654.2969
561.5234
561.5234
468.7500
468.7500
366.2109
366.2109
258.7891
258.7891
141.6016
141.6016
19.5312
19.5312
0.0000
0.0000
0.0000
0.0000
0.0000
0.0000
0.0000
0.0000
0.0000
0.0000
0.0000
0.0000
0.0000
0.0000
0.0000
0.0000
0.0000
0.0000
0.0000
0.0000
0.0000
0.0000
0.0000
0.0000
0.0000
0.0000
0.0000
0.0000
0.0000
0.0000
0.0000
0.0000
0.0000
0.0000
0.0000
0.0000
0.0000
0.0000
0.0000
0.0000
0.0000
0.0000
0.0000
0.0000
0.0000
0.0000
0.0000
0.0000
0.0000
0.0000
0.0000
0.0000
0.0000
0.0000
0.0000
0.0000
4.8828
4.8828
48.8281
48.8281
83.0078
83.0078
107.4219
107.4219
126.9531
126.9531
151.3672
151.3672
180.6641
180.6641
205.0781
205.0781
229.4922
229.4922
258.7891
258.7891
288.0859
288.0859
322.2656
322.2656
361.3281
361.3281
410.1562
410.1562
478.5156
478.5156
546.8750
546.8750
615.2344
615.2344
678.7109
678.7109
737.3047
737.3047
800.7812
800.7812
859.3750
859.3750
927.7344
927.7344
1000.9766
1000.9766
1069.3359
1069.3359
1113.2812
1113.2812
1123.0469
1123.0469
1079.1016
1079.1016
1010.7422
1010.7422
917.9687
917.9687
810.5469
810.5469
703.1250
703.1250
581.0547
581.0547
458.9844
458.9844
322.2656
322.2656
175.7812
175.7812
19.5312
19.5312
0.0000
0.0000
0.0000
0.0000
0.0000
0.0000
0.0000
0.0000
0.0000
0.0000
0.0000
0.0000
0.0000
0.0000
0.0000
0.0000
0.0000
0.0000
0.0000
0.0000
0.0000
0.0000
0.0000
0.0000
0.0000
0.0000
0.0000
0.0000
0.0000
0.0000
0.0000
0.0000
0.0000
0.0000
0.0000
0.0000
0.0000
0.0000
0.0000
0.0000
0.0000
0.0000
0.0000
0.0000
0.0000
0.0000
0.0000
0.0000
0.0000
0.0000
43.9453
43.9453
107.4219
107.4219
166.0156
166.0156
219.7266
219.7266
258.7891
258.7891
278.3203
278.3203
283.2031
283.2031
278.3203
278.3203
268.5547
268.5547
258.7891
258.7891
253.9062
253.9062
263.6719
263.6719
278.3203
278.3203
297.8516
297.8516
312.5000
312.5000
327.1484
327.1484
356.4453
356.4453
395.5078
395.5078
454.1016
454.1016
522.4609
522.4609
605.4687
605.4687
698.2422
698.2422
795.8984
795.8984
893.5547
893.5547
976.5625
976.5625
1040.0391
1040.0391
1059.5703
1059.5703
1030.2734
1030.2734
952.1484
952.1484
834.9609
834.9609
683.5937
683.5937
522.4609
522.4609
356.4453
356.4453
195.3125
195.3125
34.1797
34.1797
0.0000
0.0000
0.0000
0.0000
0.0000
0.0000
0.0000
0.0000
0.0000
0.0000
0.0000
0.0000
0.0000
0.0000
0.0000
0.0000
0.0000
0.0000
0.0000
0.0000
0.0000
0.0000
0.0000
0.0000
0.0000
0.0000
0.0000
0.0000
0.0000
0.0000
0.0000
0.0000
0.0000
0.0000
0.0000
0.0000
0.0000
0.0000
0.0000
0.0000
0.0000
0.0000
0.0000
0.0000
0.0000
0.0000
0.0000
0.0000
0.0000
0.0000
0.0000
0.0000
0.0000
0.0000
0.0000
0.0000
0.0000
0.0000
0.0000
0.0000
0.0000
0.0000
0.0000
0.0000
48.8281
48.8281
92.7734
92.7734
136.7187
136.7187
180.6641
180.6641
214.8437
214.8437
258.7891
258.7891
302.7344
302.7344
351.5625
351.5625
400.3906
400.3906
449.2187
449.2187
493.1641
493.1641
537.1094
537.1094
581.0547
581.0547
625.0000
625.0000
678.7109
678.7109
751.9531
751.9531
854.4922
854.4922
961.9141
961.9141
1064.4531
1064.4531
1127.9297
1127.9297
1152.3437
1152.3437
1123.0469
1123.0469
1049.8047
1049.8047
952.1484
952.1484
849.6094
849.6094
747.0703
747.0703
639.6484
639.6484
517.5781
517.5781
361.3281
361.3281
185.5469
185.5469
0.0000
0.0000
0.0000
0.0000
0.0000
0.0000
0.0000
0.0000
0.0000
0.0000
0.0000
0.0000
0.0000
0.0000
0.0000
0.0000
0.0000
0.0000
0.0000
0.0000
0.0000
0.0000
0.0000
0.0000
0.0000
0.0000
0.0000
0.0000
0.0000
0.0000
0.0000
0.0000
0.0000
0.0000
0.0000
0.0000
0.0000
0.0000
0.0000
0.0000
0.0000
0.0000
0.0000
0.0000
0.0000
0.0000
0.0000
0.0000
0.0000
0.0000
0.0000
0.0000
0.0000
0.0000
0.0000
0.0000
0.0000
0.0000
0.0000
0.0000
0.0000
0.0000
0.0000
0.0000
0.0000
0.0000
58.5937
58.5937
126.9531
126.9531
195.3125
195.3125
258.7891
258.7891
322.2656
322.2656
385.7422
385.7422
458.9844
458.9844
532.2266
532.2266
595.7031
595.7031
649.4141
649.4141
698.2422
698.2422
751.9531
751.9531
820.3125
820.3125
903.3203
903.3203
996.0937
996.0937
1074.2187
1074.2187
1123.0469
1123.0469
1127.9297
1127.9297
1083.9844
1083.9844
996.0937
996.0937
888.6719
888.6719
761.7187
761.7187
629.8828
629.8828
488.2812
488.2812
341.7969
341.7969
185.5469
185.5469
14.6484
14.6484
0.0000
0.0000
0.0000
0.0000
0.0000
0.0000
0.0000
0.0000
0.0000
0.0000
0.0000
0.0000
0.0000
0.0000
0.0000
0.0000
0.0000
0.0000
0.0000
0.0000
0.0000
0.0000
0.0000
0.0000
0.0000
0.0000
0.0000
0.0000
0.0000
0.0000
0.0000
0.0000
0.0000
0.0000
0.0000
0.0000
0.0000
0.0000
0.0000
0.0000
0.0000
0.0000
0.0000
0.0000
0.0000
0.0000
0.0000
0.0000
0.0000
0.0000
0.0000
0.0000
0.0000
0.0000
0.0000
0.0000
0.0000
0.0000
0.0000
0.0000
0.0000
0.0000
9.7656
9.7656
24.4141
24.4141
43.9453
43.9453
68.3594
68.3594
97.6562
97.6562
136.7187
136.7187
185.5469
185.5469
239.2578
239.2578
297.8516
297.8516
361.3281
361.3281
424.8047
424.8047
498.0469
498.0469
576.1719
576.1719
654.2969
654.2969
717.7734
717.7734
781.2500
781.2500
839.8437
839.8437
898.4375
898.4375
957.0312
957.0312
1005.8594
1005.8594
1040.0391
1040.0391
1040.0391
1040.0391
996.0937
996.0937
917.9687
917.9687
815.4297
815.4297
703.1250
703.1250
595.7031
595.7031
493.1641
493.1641
395.5078
395.5078
312.5000
312.5000
219.7266
219.7266
122.0703
122.0703
14.6484
14.6484
0.0000
0.0000
0.0000
0.0000
0.0000
0.0000
0.0000
0.0000
0.0000
0.0000
0.0000
0.0000
0.0000
0.0000
0.0000
0.0000
0.0000
0.0000
0.0000
0.0000
0.0000
0.0000
0.0000
0.0000
0.0000
0.0000
0.0000
0.0000
0.0000
0.0000
0.0000
0.0000
0.0000
0.0000
0.0000
0.0000
0.0000
0.0000
0.0000
0.0000
0.0000
0.0000
0.0000
0.0000
0.0000
0.0000
0.0000
0.0000
0.0000
0.0000
0.0000
0.0000
0.0000
0.0000
43.9453
43.9453
92.7734
92.7734
136.7187
136.7187
170.8984
170.8984
195.3125
195.3125
224.6094
224.6094
249.0234
249.0234
283.2031
283.2031
322.2656
322.2656
366.2109
366.2109
400.3906
400.3906
429.6875
429.6875
458.9844
458.9844
483.3984
483.3984
517.5781
517.5781
551.7578
551.7578
595.7031
595.7031
629.8828
629.8828
673.8281
712.8906
712.8906
712.8906
761.7187
761.7187
815.4297
815.4297
878.9062
878.9062
942.3828
942.3828
981.4453
981.4453
1000.9766
1000.9766
981.4453
981.4453
932.6172
932.6172
854.4922
751.9531
751.9531
751.9531
639.6484
639.6484
512.6953
512.6953
390.6250
390.6250
253.9062
253.9062
122.0703
122.0703
0.0000
0.0000
0.0000
0.0000
0.0000
0.0000
0.0000
0.0000
0.0000
0.0000
0.0000
0.0000
0.0000
0.0000
0.0000
0.0000
0.0000
0.0000
0.0000
0.0000
0.0000
0.0000
0.0000
0.0000
0.0000
0.0000
0.0000
0.0000
0.0000
0.0000
0.0000
0.0000
0.0000
0.0000
0.0000
0.0000
0.0000
0.0000
0.0000
0.0000
0.0000
0.0000
0.0000
0.0000
0.0000
0.0000
0.0000
0.0000
0.0000
0.0000
0.0000
0.0000
0.0000
0.0000
0.0000
0.0000
0.0000
0.0000
0.0000
0.0000
0.0000
39.0625
39.0625
92.7734
92.7734
136.7187
136.7187
170.8984
170.8984
200.1953
200.1953
224.6094
224.6094
249.0234
249.0234
268.5547
268.5547
283.2031
283.2031
288.0859
288.0859
302.7344
302.7344
317.3828
317.3828
346.6797
346.6797
380.8594
380.8594
429.6875
429.6875
488.2812
488.2812
551.7578
551.7578
629.8828
629.8828
727.5391
727.5391
844.7266
844.7266
976.5625
976.5625
1088.8672
1088.8672
1171.8750
1171.8750
1196.2891
1196.2891
1162.1094
1162.1094
1079.1016
1079.1016
957.0312
957.0312
810.5469
810.5469
668.9453
668.9453
517.5781
517.5781
371.0937
371.0937
209.9609
209.9609
48.8281
48.8281
0.0000
0.0000
0.0000
0.0000
0.0000
0.0000
0.0000
0.0000
0.0000
0.0000
0.0000
0.0000
0.0000
0.0000
0.0000
0.0000
0.0000
0.0000
0.0000
0.0000
0.0000
0.0000
0.0000
0.0000
0.0000
0.0000
0.0000
0.0000
0.0000
0.0000
0.0000
0.0000
0.0000
0.0000
0.0000
0.0000
0.0000
0.0000
0.0000
0.0000
0.0000
0.0000
0.0000
0.0000
0.0000
0.0000
0.0000
0.0000
0.0000
0.0000
0.0000
0.0000
0.0000
0.0000
0.0000
0.0000
0.0000
0.0000
83.0078
83.0078
161.1328
161.1328
229.4922
229.4922
288.0859
288.0859
341.7969
341.7969
385.7422
385.7422
434.5703
434.5703
473.6328
473.6328
493.1641
493.1641
488.2812
488.2812
468.7500
468.7500
444.3359
444.3359
419.9219
419.9219
400.3906
400.3906
385.7422
385.7422
390.6250
390.6250
400.3906
400.3906
429.6875
429.6875
478.5156
478.5156
551.7578
551.7578
654.2969
654.2969
756.8359
756.8359
844.7266
844.7266
903.3203
903.3203
932.6172
932.6172
927.7344
927.7344
883.7891
883.7891
810.5469
810.5469
708.0078
708.0078
585.9375
585.9375
429.6875
429.6875
253.9062
253.9062
58.5937
58.5937
0.0000
0.0000
0.0000
0.0000
0.0000
0.0000
0.0000
0.0000
0.0000
0.0000
0.0000
0.0000
0.0000
0.0000
0.0000
0.0000
0.0000
0.0000
0.0000
0.0000
0.0000
0.0000
0.0000
0.0000
0.0000
0.0000
0.0000
0.0000
0.0000
0.0000
0.0000
0.0000
0.0000
0.0000
0.0000
0.0000
0.0000
0.0000
0.0000
0.0000
0.0000
0.0000
0.0000
0.0000
0.0000
0.0000
0.0000
0.0000
0.0000
0.0000
0.0000
0.0000
0.0000
0.0000
0.0000
0.0000
0.0000
0.0000
0.0000
0.0000
0.0000
0.0000
19.5312
19.5312
83.0078
83.0078
131.8359
131.8359
180.6641
180.6641
229.4922
229.4922
278.3203
278.3203
332.0312
332.0312
385.7422
385.7422
434.5703
434.5703
473.6328
473.6328
507.8125
507.8125
532.2266
532.2266
556.6406
556.6406
590.8203
590.8203
654.2969
654.2969
737.3047
737.3047
825.1953
825.1953
903.3203
903.3203
961.9141
961.9141
986.3281
986.3281
981.4453
981.4453
961.9141
961.9141
927.7344
927.7344
898.4375
898.4375
844.7266
844.7266
771.4844
771.4844
664.0625
664.0625
537.1094
537.1094
385.7422
385.7422
214.8437
214.8437
39.0625
39.0625
0.0000
0.0000
0.0000
0.0000
0.0000
0.0000
0.0000
0.0000
0.0000
0.0000
0.0000
0.0000
0.0000
0.0000
0.0000
0.0000
0.0000
0.0000
0.0000
0.0000
0.0000
0.0000
0.0000
0.0000
0.0000
0.0000
0.0000
0.0000
0.0000
0.0000
0.0000
0.0000
0.0000
0.0000
0.0000
0.0000
0.0000
0.0000
0.0000
0.0000
0.0000
0.0000
0.0000
0.0000
0.0000
0.0000
0.0000
0.0000
9.7656
9.7656
48.8281
48.8281
83.0078
83.0078
112.3047
112.3047
141.6016
141.6016
166.0156
166.0156
195.3125
195.3125
219.7266
219.7266
253.9062
253.9062
288.0859
288.0859
327.1484
327.1484
366.2109
366.2109
415.0391
415.0391
468.7500
468.7500
522.4609
522.4609
590.8203
590.8203
668.9453
668.9453
766.6016
766.6016
888.6719
888.6719
1005.8594
1005.8594
1098.6328
1098.6328
1152.3437
1152.3437
1147.4609
1147.4609
1064.4531
1064.4531
922.8516
922.8516
742.1875
742.1875
566.4062
566.4062
400.3906
400.3906
253.9062
253.9062
117.1875
117.1875
0.0000
0.0000
0.0000
0.0000
0.0000
0.0000
0.0000
0.0000
0.0000
0.0000
0.0000
0.0000
0.0000
0.0000
0.0000
0.0000
0.0000
0.0000
0.0000
0.0000
0.0000
0.0000
0.0000
0.0000
0.0000
0.0000
0.0000
0.0000
0.0000
0.0000
0.0000
0.0000
0.0000
0.0000
0.0000
0.0000
0.0000
0.0000
0.0000
0.0000
0.0000
0.0000
0.0000
0.0000
0.0000
0.0000
0.0000
0.0000
0.0000
0.0000
0.0000
0.0000
0.0000
0.0000
14.6484
14.6484
87.8906
87.8906
156.2500
156.2500
224.6094
224.6094
297.8516
297.8516
375.9766
375.9766
449.2187
449.2187
512.6953
512.6953
561.5234
561.5234
600.5859
600.5859
629.8828
629.8828
659.1797
659.1797
683.5937
683.5937
698.2422
698.2422
712.8906
712.8906
703.1250
703.1250
693.3594
693.3594
673.8281
673.8281
678.7109
678.7109
708.0078
708.0078
766.6016
766.6016
844.7266
844.7266
927.7344
927.7344
996.0937
996.0937
1020.5078
1020.5078
1010.7422
1010.7422
957.0312
957.0312
878.9062
878.9062
781.2500
781.2500
673.8281
673.8281
556.6406
556.6406
434.5703
434.5703
312.5000
312.5000
175.7812
175.7812
29.2969
29.2969
0.0000
0.0000
0.0000
0.0000
0.0000
0.0000
0.0000
0.0000
0.0000
0.0000
0.0000
0.0000
0.0000
0.0000
0.0000
0.0000
0.0000
0.0000
0.0000
0.0000
0.0000
0.0000
0.0000
0.0000
0.0000
0.0000
0.0000
0.0000
0.0000
0.0000
0.0000
0.0000
0.0000
0.0000
0.0000
0.0000
0.0000
0.0000
0.0000
0.0000
0.0000
0.0000
0.0000
0.0000
0.0000
0.0000
0.0000
0.0000
0.0000
0.0000
0.0000
0.0000
0.0000
0.0000
0.0000
0.0000
0.0000
0.0000
14.6484
14.6484
58.5937
58.5937
102.5391
102.5391
156.2500
156.2500
214.8437
214.8437
263.6719
263.6719
317.3828
317.3828
356.4453
356.4453
390.6250
390.6250
410.1562
410.1562
419.9219
419.9219
424.8047
424.8047
429.6875
429.6875
454.1016
454.1016
488.2812
488.2812
546.8750
546.8750
615.2344
615.2344
673.8281
673.8281
712.8906
712.8906
708.0078
708.0078
659.1797
659.1797
581.0547
581.0547
488.2812
488.2812
380.8594
380.8594
278.3203
278.3203
175.7812
175.7812
78.1250
78.1250
0.0000
0.0000
0.0000
0.0000
0.0000
0.0000
0.0000
0.0000
0.0000
0.0000
0.0000
0.0000
0.0000
0.0000
0.0000
0.0000
0.0000
0.0000
0.0000
0.0000
0.0000
0.0000
0.0000
0.0000
0.0000
0.0000
0.0000
0.0000
0.0000
0.0000
0.0000
0.0000
0.0000
0.0000
0.0000
0.0000
0.0000
0.0000
0.0000
0.0000
0.0000
0.0000
0.0000
0.0000
0.0000
0.0000
0.0000
0.0000
0.0000
0.0000
0.0000
0.0000
0.0000
0.0000
0.0000
0.0000
0.0000
0.0000
34.1797
34.1797
78.1250
78.1250
112.3047
112.3047
141.6016
141.6016
170.8984
170.8984
200.1953
200.1953
234.3750
234.3750
263.6719
263.6719
292.9687
292.9687
327.1484
327.1484
366.2109
366.2109
415.0391
415.0391
463.8672
463.8672
517.5781
517.5781
571.2891
571.2891
634.7656
634.7656
698.2422
698.2422
771.4844
771.4844
859.3750
859.3750
966.7969
966.7969
1074.2187
1074.2187
1166.9922
1166.9922
1230.4687
1230.4687
1250.0000
1250.0000
1225.5859
1225.5859
1166.9922
1166.9922
1079.1016
1079.1016
971.6797
971.6797
849.6094
849.6094
717.7734
717.7734
571.2891
571.2891
410.1562
410.1562
239.2578
239.2578
63.4766
63.4766
0.0000
0.0000
0.0000
0.0000
0.0000
0.0000
0.0000
0.0000
0.0000
0.0000
0.0000
0.0000
0.0000
0.0000
0.0000
0.0000
0.0000
0.0000
0.0000
0.0000
0.0000
0.0000
0.0000
0.0000
0.0000
0.0000
0.0000
0.0000
0.0000
0.0000
0.0000
0.0000
0.0000
0.0000
0.0000
0.0000
0.0000
0.0000
0.0000
0.0000
0.0000
0.0000
0.0000
0.0000
0.0000
0.0000
0.0000
0.0000
0.0000
0.0000
0.0000
0.0000
0.0000
0.0000
14.6484
14.6484
39.0625
39.0625
58.5937
73.2422
73.2422
73.2422
87.8906
87.8906
107.4219
107.4219
117.1875
117.1875
131.8359
131.8359
146.4844
146.4844
166.0156
166.0156
190.4297
190.4297
214.8437
214.8437
253.9062
297.8516
297.8516
297.8516
361.3281
361.3281
444.3359
444.3359
551.7578
551.7578
673.8281
673.8281
791.0156
791.0156
883.7891
883.7891
937.5000
937.5000
947.2656
903.3203
903.3203
815.4297
815.4297
693.3594
693.3594
546.8750
546.8750
375.9766
375.9766
190.4297
190.4297
0.0000
0.0000
0.0000
0.0000
0.0000
0.0000
0.0000
0.0000
0.0000
0.0000
0.0000
0.0000
0.0000
0.0000
0.0000
0.0000
0.0000
0.0000
0.0000
0.0000
0.0000
0.0000
0.0000
0.0000
0.0000
0.0000
0.0000
0.0000
0.0000
0.0000
0.0000
0.0000
0.0000
0.0000
0.0000
0.0000
0.0000
0.0000
0.0000
0.0000
0.0000
0.0000
0.0000
0.0000
0.0000
0.0000
0.0000
0.0000
0.0000
0.0000
0.0000
0.0000
0.0000
0.0000
0.0000
0.0000
14.6484
14.6484
53.7109
53.7109
87.8906
87.8906
136.7187
136.7187
180.6641
180.6641
234.3750
234.3750
288.0859
288.0859
332.0312
332.0312
371.0937
371.0937
410.1562
410.1562
449.2187
449.2187
493.1641
493.1641
541.9922
541.9922
581.0547
581.0547
629.8828
629.8828
668.9453
668.9453
708.0078
708.0078
751.9531
751.9531
810.5469
810.5469
878.9062
878.9062
947.2656
947.2656
1000.9766
1000.9766
1030.2734
1030.2734
1030.2734
1030.2734
991.2109
991.2109
922.8516
922.8516
834.9609
834.9609
737.3047
737.3047
639.6484
639.6484
537.1094
537.1094
424.8047
424.8047
302.7344
302.7344
175.7812
175.7812
29.2969
29.2969
0.0000
0.0000
0.0000
0.0000
0.0000
0.0000
0.0000
0.0000
0.0000
0.0000
0.0000
0.0000
0.0000
0.0000
0.0000
0.0000
0.0000
0.0000
0.0000
0.0000
0.0000
0.0000
0.0000
0.0000
0.0000
0.0000
0.0000
0.0000
0.0000
0.0000
0.0000
0.0000
0.0000
0.0000
0.0000
0.0000
0.0000
0.0000
0.0000
0.0000
0.0000
0.0000
0.0000
0.0000
0.0000
0.0000
0.0000
0.0000
0.0000
0.0000
9.7656
9.7656
58.5937
58.5937
97.6562
97.6562
122.0703
122.0703
146.4844
146.4844
170.8984
170.8984
195.3125
195.3125
214.8437
214.8437
239.2578
239.2578
273.4375
273.4375
307.6172
307.6172
341.7969
341.7969
380.8594
380.8594
429.6875
429.6875
473.6328
473.6328
517.5781
517.5781
561.5234
561.5234
600.5859
600.5859
654.2969
654.2969
703.1250
703.1250
771.4844
771.4844
849.6094
849.6094
937.5000
937.5000
1020.5078
1020.5078
1064.4531
1064.4531
1069.3359
1069.3359
1025.3906
1025.3906
942.3828
942.3828
825.1953
825.1953
693.3594
693.3594
551.7578
551.7578
419.9219
419.9219
297.8516
297.8516
185.5469
185.5469
73.2422
73.2422
0.0000
0.0000
0.0000
0.0000
0.0000
0.0000
0.0000
0.0000
0.0000
0.0000
0.0000
0.0000
0.0000
0.0000
0.0000
0.0000
0.0000
0.0000
0.0000
0.0000
0.0000
0.0000
0.0000
0.0000
0.0000
0.0000
0.0000
0.0000
0.0000
0.0000
0.0000
0.0000
0.0000
0.0000
0.0000
0.0000
0.0000
0.0000
0.0000
0.0000
0.0000
0.0000
0.0000
0.0000
0.0000
0.0000
0.0000
0.0000
0.0000
0.0000
0.0000
0.0000
0.0000
0.0000
0.0000
0.0000
0.0000
0.0000
0.0000
0.0000
0.0000
0.0000
0.0000
0.0000
0.0000
0.0000
14.6484
14.6484
24.4141
24.4141
39.0625
39.0625
68.3594
68.3594
102.5391
102.5391
146.4844
146.4844
190.4297
190.4297
234.3750
234.3750
288.0859
288.0859
336.9141
336.9141
400.3906
400.3906
468.7500
468.7500
546.8750
546.8750
629.8828
629.8828
712.8906
712.8906
795.8984
795.8984
888.6719
888.6719
981.4453
981.4453
1049.8047
1049.8047
1083.9844
1083.9844
1064.4531
1064.4531
991.2109
991.2109
874.0234
874.0234
717.7734
717.7734
556.6406
556.6406
405.2734
405.2734
268.5547
268.5547
141.6016
141.6016
14.6484
14.6484
0.0000
0.0000
0.0000
0.0000
0.0000
0.0000
0.0000
0.0000
0.0000
0.0000
0.0000
0.0000
0.0000
0.0000
0.0000
0.0000
0.0000
0.0000
0.0000
0.0000
0.0000
0.0000
0.0000
0.0000
0.0000
0.0000
0.0000
0.0000
0.0000
0.0000
0.0000
0.0000
0.0000
0.0000
0.0000
0.0000
0.0000
0.0000
0.0000
0.0000
0.0000
0.0000
0.0000
0.0000
0.0000
0.0000
0.0000
0.0000
0.0000
0.0000
0.0000
0.0000
0.0000
0.0000
0.0000
0.0000
34.1797
34.1797
87.8906
87.8906
146.4844
146.4844
195.3125
195.3125
249.0234
249.0234
292.9687
292.9687
332.0312
332.0312
356.4453
356.4453
380.8594
380.8594
405.2734
405.2734
424.8047
424.8047
439.4531
439.4531
449.2187
449.2187
458.9844
458.9844
463.8672
463.8672
458.9844
458.9844
449.2187
449.2187
439.4531
439.4531
444.3359
444.3359
458.9844
458.9844
498.0469
498.0469
551.7578
551.7578
629.8828
629.8828
712.8906
712.8906
781.2500
781.2500
820.3125
820.3125
820.3125
820.3125
786.1328
786.1328
722.6562
722.6562
634.7656
634.7656
546.8750
546.8750
463.8672
463.8672
380.8594
380.8594
297.8516
297.8516
195.3125
195.3125
78.1250
78.1250
0.0000
0.0000
0.0000
0.0000
0.0000
0.0000
0.0000
0.0000
0.0000
0.0000
0.0000
0.0000
0.0000
0.0000
0.0000
0.0000
0.0000
0.0000
0.0000
0.0000
0.0000
0.0000
0.0000
0.0000
0.0000
0.0000
0.0000
0.0000
0.0000
0.0000
0.0000
0.0000
0.0000
0.0000
0.0000
0.0000
0.0000
0.0000
0.0000
0.0000
0.0000
0.0000
0.0000
0.0000
0.0000
0.0000
0.0000
0.0000
0.0000
0.0000
0.0000
0.0000
0.0000
0.0000
0.0000
0.0000
0.0000
0.0000
0.0000
0.0000
43.9453
43.9453
126.9531
126.9531
200.1953
200.1953
263.6719
263.6719
322.2656
322.2656
375.9766
375.9766
429.6875
429.6875
463.8672
463.8672
488.2812
488.2812
502.9297
502.9297
517.5781
517.5781
527.3437
527.3437
541.9922
541.9922
546.8750
546.8750
551.7578
551.7578
561.5234
561.5234
571.2891
571.2891
590.8203
590.8203
625.0000
625.0000
693.3594
693.3594
776.3672
776.3672
878.9062
878.9062
981.4453
981.4453
1074.2187
1074.2187
1137.6953
1137.6953
1166.9922
1166.9922
1152.3437
1152.3437
1098.6328
1098.6328
1015.6250
1015.6250
903.3203
903.3203
771.4844
771.4844
620.1172
620.1172
463.8672
463.8672
297.8516
297.8516
122.0703
122.0703
0.0000
0.0000
0.0000
0.0000
0.0000
0.0000
0.0000
0.0000
0.0000
0.0000
0.0000
0.0000
0.0000
0.0000
0.0000
0.0000
0.0000
0.0000
0.0000
0.0000
0.0000
0.0000
0.0000
0.0000
0.0000
0.0000
0.0000
0.0000
0.0000
0.0000
0.0000
0.0000
0.0000
0.0000
0.0000
0.0000
0.0000
0.0000
0.0000
0.0000
0.0000
0.0000
0.0000
0.0000
0.0000
0.0000
0.0000
0.0000
0.0000
0.0000
0.0000
0.0000
0.0000
0.0000
0.0000
0.0000
24.4141
24.4141
87.8906
87.8906
146.4844
146.4844
209.9609
209.9609
263.6719
263.6719
317.3828
317.3828
366.2109
366.2109
415.0391
415.0391
458.9844
458.9844
498.0469
498.0469
537.1094
537.1094
556.6406
556.6406
566.4062
566.4062
566.4062
566.4062
561.5234
561.5234
561.5234
561.5234
566.4062
566.4062
581.0547
581.0547
605.4687
605.4687
659.1797
659.1797
722.6562
722.6562
800.7812
800.7812
869.1406
869.1406
927.7344
927.7344
942.3828
942.3828
917.9687
917.9687
844.7266
844.7266
747.0703
747.0703
639.6484
639.6484
522.4609
522.4609
400.3906
400.3906
263.6719
263.6719
112.3047
112.3047
0.0000
0.0000
0.0000
0.0000
0.0000
0.0000
0.0000
0.0000
0.0000
0.0000
0.0000
0.0000
0.0000
0.0000
0.0000
0.0000
0.0000
0.0000
0.0000
0.0000
0.0000
0.0000
0.0000
0.0000
0.0000
0.0000
0.0000
0.0000
0.0000
0.0000
0.0000
0.0000
0.0000
0.0000
0.0000
0.0000
0.0000
0.0000
0.0000
0.0000
0.0000
0.0000
0.0000
0.0000
0.0000
0.0000
0.0000
0.0000
0.0000
0.0000
0.0000
0.0000
0.0000
0.0000
0.0000
0.0000
0.0000
0.0000
0.0000
0.0000
0.0000
0.0000
0.0000
0.0000
0.0000
0.0000
0.0000
0.0000
0.0000
0.0000
0.0000
0.0000
0.0000
0.0000
9.7656
9.7656
73.2422
73.2422
146.4844
146.4844
214.8437
214.8437
283.2031
283.2031
351.5625
351.5625
415.0391
415.0391
483.3984
483.3984
546.8750
546.8750
615.2344
615.2344
693.3594
693.3594
791.0156
791.0156
893.5547
893.5547
976.5625
976.5625
1035.1562
1035.1562
1049.8047
1049.8047
1025.3906
1025.3906
961.9141
961.9141
874.0234
874.0234
771.4844
673.8281
673.8281
571.2891
571.2891
463.8672
463.8672
351.5625
351.5625
351.5625
229.4922
229.4922
102.5391
102.5391
0.0000
0.0000
0.0000
0.0000
0.0000
0.0000
0.0000
0.0000
0.0000
0.0000
0.0000
0.0000
0.0000
0.0000
0.0000
0.0000
0.0000
0.0000
0.0000
0.0000
0.0000
0.0000
0.0000
0.0000
0.0000
0.0000
0.0000
0.0000
0.0000
0.0000
0.0000
0.0000
0.0000
0.0000
0.0000
0.0000
0.0000
0.0000
0.0000
0.0000
0.0000
0.0000
0.0000
0.0000
0.0000
0.0000
0.0000
0.0000
73.2422
73.2422
136.7187
195.3125
195.3125
195.3125
244.1406
283.2031
283.2031
307.6172
307.6172
327.1484
327.1484
336.9141
336.9141
346.6797
346.6797
351.5625
351.5625
356.4453
356.4453
366.2109
366.2109
366.2109
366.2109
366.2109
366.2109
375.9766
375.9766
395.5078
395.5078
419.9219
419.9219
458.9844
458.9844
507.8125
507.8125
566.4062
566.4062
639.6484
639.6484
722.6562
722.6562
815.4297
815.4297
913.0859
913.0859
1015.6250
1015.6250
1093.7500
1093.7500
1142.5781
1142.5781
1147.4609
1147.4609
1108.3984
1108.3984
1025.3906
1025.3906
908.2031
908.2031
766.6016
766.6016
610.3516
610.3516
454.1016
454.1016
288.0859
288.0859
122.0703
122.0703
0.0000
0.0000
0.0000
0.0000
0.0000
0.0000
0.0000
0.0000
0.0000
0.0000
0.0000
0.0000
0.0000
0.0000
0.0000
0.0000
0.0000
0.0000
0.0000
0.0000
0.0000
0.0000
0.0000
0.0000
0.0000
0.0000
0.0000
0.0000
0.0000
0.0000
0.0000
0.0000
0.0000
0.0000
0.0000
0.0000
0.0000
0.0000
0.0000
0.0000
0.0000
0.0000
0.0000
0.0000
0.0000
0.0000
0.0000
0.0000
0.0000
0.0000
0.0000
0.0000
0.0000
0.0000
0.0000
0.0000
0.0000
0.0000
39.0625
39.0625
112.3047
112.3047
175.7812
175.7812
229.4922
229.4922
278.3203
278.3203
312.5000
312.5000
336.9141
336.9141
341.7969
341.7969
346.6797
346.6797
341.7969
341.7969
336.9141
336.9141
332.0312
332.0312
332.0312
332.0312
346.6797
346.6797
361.3281
361.3281
385.7422
385.7422
419.9219
419.9219
473.6328
473.6328
537.1094
537.1094
610.3516
610.3516
698.2422
698.2422
800.7812
800.7812
913.0859
913.0859
1020.5078
1020.5078
1103.5156
1103.5156
1137.6953
1137.6953
1118.1641
1118.1641
1040.0391
1040.0391
913.0859
913.0859
756.8359
756.8359
595.7031
595.7031
434.5703
434.5703
263.6719
263.6719
83.0078
83.0078
0.0000
0.0000
0.0000
0.0000
0.0000
0.0000
0.0000
0.0000
0.0000
0.0000
0.0000
0.0000
0.0000
0.0000
0.0000
0.0000
0.0000
0.0000
0.0000
0.0000
0.0000
0.0000
0.0000
0.0000
0.0000
0.0000
0.0000
0.0000
0.0000
0.0000
0.0000
0.0000
0.0000
0.0000
0.0000
0.0000
0.0000
0.0000
0.0000
0.0000
0.0000
0.0000
0.0000
0.0000
0.0000
0.0000
0.0000
0.0000
0.0000
0.0000
0.0000
0.0000
0.0000
0.0000
0.0000
0.0000
0.0000
0.0000
0.0000
0.0000
0.0000
0.0000
39.0625
39.0625
97.6562
97.6562
146.4844
146.4844
190.4297
190.4297
224.6094
224.6094
253.9062
253.9062
278.3203
278.3203
292.9687
292.9687
302.7344
302.7344
302.7344
302.7344
307.6172
307.6172
312.5000
312.5000
317.3828
317.3828
322.2656
322.2656
336.9141
336.9141
366.2109
366.2109
405.2734
405.2734
473.6328
473.6328
566.4062
566.4062
683.5937
683.5937
805.6641
805.6641
913.0859
913.0859
986.3281
986.3281
1025.3906
1025.3906
1025.3906
1025.3906
981.4453
981.4453
908.2031
908.2031
815.4297
815.4297
717.7734
717.7734
610.3516
610.3516
498.0469
498.0469
366.2109
366.2109
224.6094
224.6094
73.2422
73.2422
0.0000
0.0000
0.0000
0.0000
0.0000
0.0000
0.0000
0.0000
0.0000
0.0000
0.0000
0.0000
0.0000
0.0000
0.0000
0.0000
0.0000
0.0000
0.0000
0.0000
0.0000
0.0000
0.0000
0.0000
0.0000
0.0000
0.0000
0.0000
0.0000
0.0000
0.0000
0.0000
0.0000
0.0000
0.0000
0.0000
0.0000
0.0000
0.0000
0.0000
0.0000
0.0000
0.0000
0.0000
0.0000
0.0000
0.0000
0.0000
0.0000
0.0000
0.0000
0.0000
0.0000
0.0000
0.0000
0.0000
0.0000
0.0000
9.7656
9.7656
78.1250
78.1250
131.8359
131.8359
180.6641
180.6641
224.6094
224.6094
278.3203
278.3203
332.0312
332.0312
390.6250
390.6250
444.3359
444.3359
493.1641
493.1641
537.1094
537.1094
571.2891
571.2891
610.3516
610.3516
644.5312
644.5312
688.4766
688.4766
737.3047
737.3047
786.1328
786.1328
839.8437
839.8437
908.2031
908.2031
991.2109
991.2109
1074.2187
1074.2187
1152.3437
1152.3437
1206.0547
1206.0547
1225.5859
1225.5859
1201.1719
1201.1719
1142.5781
1142.5781
1059.5703
1059.5703
957.0312
957.0312
854.4922
854.4922
727.5391
727.5391
581.0547
581.0547
405.2734
405.2734
219.7266
219.7266
24.4141
24.4141
0.0000
0.0000
0.0000
0.0000
0.0000
0.0000
0.0000
0.0000
0.0000
0.0000
0.0000
0.0000
0.0000
0.0000
0.0000
0.0000
0.0000
0.0000
0.0000
0.0000
0.0000
0.0000
0.0000
0.0000
0.0000
0.0000
0.0000
0.0000
0.0000
0.0000
0.0000
0.0000
0.0000
0.0000
0.0000
0.0000
0.0000
0.0000
0.0000
0.0000
0.0000
0.0000
0.0000
0.0000
0.0000
0.0000
0.0000
0.0000
0.0000
0.0000
0.0000
0.0000
19.5312
19.5312
43.9453
43.9453
53.7109
53.7109
58.5937
58.5937
63.4766
63.4766
73.2422
73.2422
83.0078
83.0078
97.6562
97.6562
126.9531
126.9531
156.2500
156.2500
180.6641
180.6641
205.0781
205.0781
239.2578
239.2578
273.4375
273.4375
307.6172
307.6172
341.7969
341.7969
375.9766
375.9766
419.9219
419.9219
458.9844
458.9844
498.0469
498.0469
541.9922
541.9922
595.7031
595.7031
668.9453
668.9453
751.9531
751.9531
854.4922
854.4922
957.0312
957.0312
1059.5703
1059.5703
1132.8125
1132.8125
1171.8750
1171.8750
1162.1094
1162.1094
1108.3984
1108.3984
1020.5078
1020.5078
903.3203
903.3203
761.7187
761.7187
615.2344
615.2344
468.7500
468.7500
307.6172
307.6172
141.6016
141.6016
0.0000
0.0000
0.0000
0.0000
0.0000
0.0000
0.0000
0.0000
0.0000
0.0000
0.0000
0.0000
0.0000
0.0000
0.0000
0.0000
0.0000
0.0000
0.0000
0.0000
0.0000
0.0000
0.0000
0.0000
0.0000
0.0000
0.0000
0.0000
0.0000
0.0000
0.0000
0.0000
0.0000
0.0000
0.0000
0.0000
0.0000
0.0000
0.0000
0.0000
0.0000
0.0000
0.0000
0.0000
0.0000
0.0000
0.0000
0.0000
0.0000
0.0000
0.0000
0.0000
0.0000
0.0000
0.0000
0.0000
0.0000
0.0000
0.0000
0.0000
0.0000
0.0000
0.0000
0.0000
0.0000
0.0000
0.0000
0.0000
48.8281
48.8281
102.5391
102.5391
161.1328
161.1328
219.7266
219.7266
273.4375
273.4375
332.0312
332.0312
385.7422
385.7422
449.2187
449.2187
507.8125
507.8125
561.5234
561.5234
605.4687
605.4687
639.6484
639.6484
678.7109
678.7109
717.7734
717.7734
761.7187
761.7187
810.5469
810.5469
878.9062
878.9062
947.2656
947.2656
1010.7422
1010.7422
1059.5703
1059.5703
1083.9844
1083.9844
1079.1016
1079.1016
1040.0391
1040.0391
966.7969
966.7969
859.3750
859.3750
742.1875
742.1875
605.4687
605.4687
463.8672
463.8672
312.5000
312.5000
170.8984
170.8984
29.2969
29.2969
0.0000
0.0000
0.0000
0.0000
0.0000
0.0000
0.0000
0.0000
0.0000
0.0000
0.0000
0.0000
0.0000
0.0000
0.0000
0.0000
0.0000
0.0000
0.0000
0.0000
0.0000
0.0000
0.0000
0.0000
0.0000
0.0000
0.0000
0.0000
0.0000
0.0000
0.0000
0.0000
0.0000
0.0000
0.0000
0.0000
0.0000
0.0000
0.0000
0.0000
0.0000
0.0000
0.0000
0.0000
0.0000
0.0000
0.0000
0.0000
0.0000
0.0000
0.0000
0.0000
0.0000
0.0000
0.0000
0.0000
4.8828
4.8828
48.8281
48.8281
97.6562
97.6562
136.7187
136.7187
175.7812
175.7812
214.8437
214.8437
268.5547
268.5547
327.1484
327.1484
385.7422
385.7422
439.4531
439.4531
478.5156
478.5156
517.5781
517.5781
541.9922
541.9922
566.4062
566.4062
585.9375
585.9375
610.3516
610.3516
634.7656
634.7656
654.2969
654.2969
668.9453
668.9453
688.4766
688.4766
722.6562
722.6562
766.6016
766.6016
825.1953
825.1953
888.6719
888.6719
957.0312
957.0312
1005.8594
1005.8594
1020.5078
1020.5078
1000.9766
1000.9766
942.3828
942.3828
864.2578
864.2578
771.4844
771.4844
668.9453
668.9453
561.5234
561.5234
449.2187
449.2187
327.1484
327.1484
185.5469
185.5469
24.4141
24.4141
0.0000
0.0000
0.0000
0.0000
0.0000
0.0000
0.0000
0.0000
0.0000
0.0000
0.0000
0.0000
0.0000
0.0000
0.0000
0.0000
0.0000
0.0000
0.0000
0.0000
0.0000
0.0000
0.0000
0.0000
0.0000
0.0000
0.0000
0.0000
0.0000
0.0000
0.0000
0.0000
0.0000
0.0000
0.0000
0.0000
0.0000
0.0000
0.0000
0.0000
0.0000
0.0000
0.0000
0.0000
0.0000
0.0000
0.0000
0.0000
0.0000
0.0000
0.0000
0.0000
0.0000
0.0000
0.0000
0.0000
0.0000
0.0000
0.0000
0.0000
0.0000
0.0000
0.0000
0.0000
0.0000
0.0000
9.7656
9.7656
53.7109
53.7109
102.5391
102.5391
161.1328
224.6094
224.6094
292.9687
292.9687
361.3281
361.3281
419.9219
419.9219
419.9219
483.3984
483.3984
546.8750
546.8750
610.3516
610.3516
668.9453
668.9453
732.4219
732.4219
805.6641
805.6641
883.7891
883.7891
961.9141
1030.2734
1030.2734
1074.2187
1074.2187
1074.2187
1074.2187
1035.1562
1035.1562
957.0312
957.0312
844.7266
844.7266
722.6562
722.6562
581.0547
581.0547
444.3359
444.3359
302.7344
302.7344
166.0156
166.0156
19.5312
19.5312
0.0000
0.0000
0.0000
0.0000
0.0000
0.0000
0.0000
0.0000
0.0000
0.0000
0.0000
0.0000
0.0000
0.0000
0.0000
0.0000
0.0000
0.0000
0.0000
0.0000
0.0000
0.0000
0.0000
0.0000
0.0000
0.0000
0.0000
0.0000
0.0000
0.0000
0.0000
0.0000
0.0000
0.0000
0.0000
0.0000
0.0000
0.0000
0.0000
0.0000
0.0000
0.0000
0.0000
0.0000
0.0000
0.0000
0.0000
0.0000
0.0000
0.0000
0.0000
0.0000
0.0000
0.0000
0.0000
0.0000
43.9453
43.9453
97.6562
97.6562
141.6016
141.6016
170.8984
170.8984
195.3125
195.3125
219.7266
219.7266
244.1406
244.1406
268.5547
268.5547
297.8516
297.8516
322.2656
322.2656
356.4453
356.4453
390.6250
390.6250
429.6875
429.6875
463.8672
463.8672
507.8125
507.8125
556.6406
556.6406
610.3516
610.3516
673.8281
673.8281
751.9531
751.9531
854.4922
854.4922
952.1484
952.1484
1035.1562
1035.1562
1069.3359
1069.3359
1049.8047
1049.8047
981.4453
981.4453
859.3750
859.3750
708.0078
708.0078
546.8750
546.8750
385.7422
385.7422
219.7266
219.7266
58.5937
58.5937
0.0000
0.0000
0.0000
0.0000
0.0000
0.0000
0.0000
0.0000
0.0000
0.0000
0.0000
0.0000
0.0000
0.0000
0.0000
0.0000
0.0000
0.0000
0.0000
0.0000
0.0000
0.0000
0.0000
0.0000
0.0000
0.0000
0.0000
0.0000
0.0000
0.0000
0.0000
0.0000
0.0000
0.0000
0.0000
0.0000
0.0000
0.0000
0.0000
0.0000
0.0000
0.0000
0.0000
0.0000
0.0000
0.0000
0.0000
0.0000
0.0000
0.0000
0.0000
0.0000
0.0000
0.0000
0.0000
0.0000
0.0000
0.0000
0.0000
0.0000
73.2422
73.2422
146.4844
146.4844
214.8437
214.8437
283.2031
283.2031
336.9141
336.9141
375.9766
375.9766
400.3906
400.3906
419.9219
419.9219
434.5703
434.5703
449.2187
449.2187
458.9844
458.9844
468.7500
468.7500
488.2812
488.2812
512.6953
512.6953
532.2266
532.2266
556.6406
556.6406
585.9375
585.9375
625.0000
625.0000
688.4766
688.4766
771.4844
771.4844
883.7891
883.7891
1000.9766
1000.9766
1103.5156
1103.5156
1166.9922
1166.9922
1176.7578
1176.7578
1147.4609
1147.4609
1083.9844
1083.9844
1000.9766
1000.9766
908.2031
908.2031
805.6641
805.6641
688.4766
688.4766
541.9922
541.9922
361.3281
361.3281
166.0156
166.0156
0.0000
0.0000
0.0000
0.0000
0.0000
0.0000
0.0000
0.0000
0.0000
0.0000
0.0000
0.0000
0.0000
0.0000
0.0000
0.0000
0.0000
0.0000
0.0000
0.0000
0.0000
0.0000
0.0000
0.0000
0.0000
0.0000
0.0000
0.0000
0.0000
0.0000
0.0000
0.0000
0.0000
0.0000
0.0000
0.0000
0.0000
0.0000
0.0000
0.0000
0.0000
0.0000
0.0000
0.0000
0.0000
0.0000
0.0000
0.0000
0.0000
0.0000
0.0000
0.0000
0.0000
0.0000
0.0000
0.0000
0.0000
0.0000
0.0000
0.0000
0.0000
0.0000
43.9453
43.9453
122.0703
122.0703
190.4297
190.4297
263.6719
263.6719
327.1484
327.1484
385.7422
385.7422
439.4531
439.4531
483.3984
483.3984
512.6953
512.6953
541.9922
541.9922
571.2891
571.2891
590.8203
590.8203
610.3516
610.3516
629.8828
629.8828
649.4141
649.4141
673.8281
673.8281
708.0078
708.0078
756.8359
756.8359
830.0781
830.0781
908.2031
908.2031
971.6797
971.6797
991.2109
991.2109
961.9141
961.9141
888.6719
888.6719
766.6016
766.6016
625.0000
625.0000
473.6328
473.6328
336.9141
336.9141
209.9609
209.9609
73.2422
73.2422
0.0000
0.0000
0.0000
0.0000
0.0000
0.0000
0.0000
0.0000
0.0000
0.0000
0.0000
0.0000
0.0000
0.0000
0.0000
0.0000
0.0000
0.0000
0.0000
0.0000
0.0000
0.0000
0.0000
0.0000
0.0000
0.0000
0.0000
0.0000
0.0000
0.0000
0.0000
0.0000
0.0000
0.0000
0.0000
0.0000
0.0000
0.0000
0.0000
0.0000
0.0000
0.0000
0.0000
0.0000
0.0000
0.0000
0.0000
0.0000
0.0000
0.0000
0.0000
0.0000
0.0000
0.0000
4.8828
4.8828
48.8281
48.8281
97.6562
97.6562
146.4844
146.4844
190.4297
190.4297
224.6094
224.6094
268.5547
268.5547
307.6172
307.6172
346.6797
346.6797
385.7422
385.7422
429.6875
429.6875
478.5156
478.5156
517.5781
517.5781
556.6406
556.6406
585.9375
585.9375
620.1172
620.1172
649.4141
649.4141
683.5937
683.5937
708.0078
708.0078
732.4219
732.4219
761.7187
761.7187
795.8984
795.8984
839.8437
839.8437
888.6719
888.6719
947.2656
947.2656
986.3281
986.3281
991.2109
991.2109
947.2656
947.2656
864.2578
864.2578
761.7187
761.7187
649.4141
649.4141
541.9922
541.9922
449.2187
449.2187
371.0937
371.0937
283.2031
283.2031
175.7812
175.7812
39.0625
39.0625
0.0000
0.0000
0.0000
0.0000
0.0000
0.0000
0.0000
0.0000
0.0000
0.0000
0.0000
0.0000
0.0000
0.0000
0.0000
0.0000
0.0000
0.0000
0.0000
0.0000
0.0000
0.0000
0.0000
0.0000
0.0000
0.0000
0.0000
0.0000
0.0000
0.0000
0.0000
0.0000
0.0000
0.0000
0.0000
0.0000
0.0000
0.0000
0.0000
0.0000
0.0000
0.0000
0.0000
0.0000
0.0000
0.0000
0.0000
0.0000
0.0000
0.0000
0.0000
0.0000
58.5937
58.5937
117.1875
117.1875
166.0156
166.0156
195.3125
195.3125
219.7266
219.7266
239.2578
239.2578
258.7891
258.7891
278.3203
278.3203
292.9687
292.9687
312.5000
312.5000
332.0312
332.0312
351.5625
351.5625
375.9766
375.9766
405.2734
405.2734
434.5703
434.5703
468.7500
468.7500
502.9297
502.9297
546.8750
546.8750
605.4687
605.4687
688.4766
688.4766
781.2500
781.2500
874.0234
874.0234
957.0312
957.0312
1000.9766
1000.9766
1000.9766
1000.9766
947.2656
947.2656
854.4922
854.4922
717.7734
717.7734
576.1719
576.1719
434.5703
434.5703
302.7344
302.7344
185.5469
185.5469
83.0078
83.0078
0.0000
0.0000
0.0000
0.0000
0.0000
0.0000
0.0000
0.0000
0.0000
0.0000
0.0000
0.0000
0.0000
0.0000
0.0000
0.0000
0.0000
0.0000
0.0000
0.0000
0.0000
0.0000
0.0000
0.0000
0.0000
0.0000
0.0000
0.0000
0.0000
0.0000
0.0000
0.0000
0.0000
0.0000
0.0000
0.0000
0.0000
0.0000
0.0000
0.0000
0.0000
0.0000
0.0000
0.0000
0.0000
0.0000
0.0000
0.0000
0.0000
0.0000
0.0000
0.0000
0.0000
0.0000
0.0000
0.0000
0.0000
0.0000
0.0000
0.0000
0.0000
0.0000
0.0000
0.0000
0.0000
0.0000
63.4766
63.4766
122.0703
122.0703
175.7812
175.7812
219.7266
219.7266
258.7891
258.7891
297.8516
297.8516
332.0312
332.0312
375.9766
375.9766
419.9219
419.9219
468.7500
468.7500
522.4609
522.4609
585.9375
585.9375
673.8281
673.8281
771.4844
771.4844
888.6719
888.6719
991.2109
991.2109
1079.1016
1079.1016
1118.1641
1118.1641
1108.3984
1108.3984
1044.9219
1044.9219
957.0312
957.0312
839.8437
839.8437
703.1250
703.1250
556.6406
556.6406
400.3906
400.3906
244.1406
244.1406
63.4766
63.4766
0.0000
0.0000
0.0000
0.0000
0.0000
0.0000
0.0000
0.0000
0.0000
0.0000
0.0000
0.0000
0.0000
0.0000
0.0000
0.0000
0.0000
0.0000
0.0000
0.0000
0.0000
0.0000
0.0000
0.0000
0.0000
0.0000
0.0000
0.0000
0.0000
0.0000
0.0000
0.0000
0.0000
0.0000
0.0000
0.0000
0.0000
0.0000
0.0000
0.0000
0.0000
0.0000
0.0000
0.0000
0.0000
0.0000
0.0000
0.0000
0.0000
0.0000
0.0000
0.0000
0.0000
0.0000
0.0000
0.0000
0.0000
0.0000
34.1797
34.1797
92.7734
92.7734
156.2500
156.2500
219.7266
219.7266
283.2031
283.2031
356.4453
356.4453
419.9219
419.9219
488.2812
488.2812
546.8750
546.8750
605.4687
605.4687
654.2969
654.2969
688.4766
688.4766
717.7734
717.7734
751.9531
751.9531
795.8984
795.8984
854.4922
854.4922
937.5000
937.5000
1020.5078
1020.5078
1093.7500
1093.7500
1127.9297
1127.9297
1118.1641
1118.1641
1054.6875
1054.6875
957.0312
957.0312
844.7266
844.7266
717.7734
717.7734
585.9375
585.9375
444.3359
444.3359
288.0859
288.0859
117.1875
117.1875
0.0000
0.0000
0.0000
0.0000
0.0000
0.0000
0.0000
0.0000
0.0000
0.0000
0.0000
0.0000
0.0000
0.0000
0.0000
0.0000
0.0000
0.0000
0.0000
0.0000
0.0000
0.0000
0.0000
0.0000
0.0000
0.0000
0.0000
0.0000
0.0000
0.0000
0.0000
0.0000
0.0000
0.0000
0.0000
0.0000
0.0000
0.0000
0.0000
0.0000
0.0000
0.0000
0.0000
0.0000
0.0000
0.0000
0.0000
0.0000
0.0000
0.0000
0.0000
0.0000
0.0000
0.0000
0.0000
0.0000
0.0000
0.0000
0.0000
0.0000
0.0000
24.4141
24.4141
53.7109
53.7109
78.1250
78.1250
78.1250
97.6562
112.3047
112.3047
136.7187
136.7187
166.0156
166.0156
205.0781
205.0781
253.9062
253.9062
302.7344
302.7344
346.6797
346.6797
395.5078
395.5078
449.2187
449.2187
498.0469
498.0469
551.7578
551.7578
605.4687
605.4687
678.7109
678.7109
766.6016
766.6016
859.3750
859.3750
952.1484
952.1484
1025.3906
1025.3906
1074.2187
1074.2187
1069.3359
1069.3359
1025.3906
1025.3906
942.3828
942.3828
849.6094
849.6094
747.0703
747.0703
639.6484
639.6484
532.2266
532.2266
415.0391
415.0391
288.0859
288.0859
146.4844
146.4844
0.0000
0.0000
0.0000
0.0000
0.0000
0.0000
0.0000
0.0000
0.0000
0.0000
0.0000
0.0000
0.0000
0.0000
0.0000
0.0000
0.0000
0.0000
0.0000
0.0000
0.0000
0.0000
0.0000
0.0000
0.0000
0.0000
0.0000
0.0000
0.0000
0.0000
0.0000
0.0000
0.0000
0.0000
0.0000
0.0000
0.0000
0.0000
0.0000
0.0000
0.0000
0.0000
0.0000
0.0000
0.0000
0.0000
0.0000
0.0000
0.0000
0.0000
0.0000
0.0000
0.0000
0.0000
0.0000
0.0000
9.7656
9.7656
63.4766
63.4766
107.4219
107.4219
146.4844
146.4844
185.5469
185.5469
219.7266
219.7266
258.7891
258.7891
292.9687
292.9687
322.2656
322.2656
336.9141
336.9141
361.3281
361.3281
380.8594
380.8594
410.1562
410.1562
449.2187
449.2187
493.1641
493.1641
541.9922
541.9922
590.8203
590.8203
639.6484
639.6484
693.3594
693.3594
761.7187
761.7187
844.7266
844.7266
942.3828
942.3828
1040.0391
1040.0391
1123.0469
1123.0469
1171.8750
1171.8750
1162.1094
1162.1094
1103.5156
1103.5156
1010.7422
1010.7422
898.4375
898.4375
766.6016
766.6016
625.0000
625.0000
463.8672
463.8672
283.2031
283.2031
83.0078
83.0078
0.0000
0.0000
0.0000
0.0000
0.0000
0.0000
0.0000
0.0000
0.0000
0.0000
0.0000
0.0000
0.0000
0.0000
0.0000
0.0000
0.0000
0.0000
0.0000
0.0000
0.0000
0.0000
0.0000
0.0000
0.0000
0.0000
0.0000
0.0000
0.0000
0.0000
0.0000
0.0000
0.0000
0.0000
0.0000
0.0000
0.0000
0.0000
0.0000
0.0000
0.0000
0.0000
0.0000
0.0000
0.0000
0.0000
0.0000
0.0000
0.0000
0.0000
0.0000
0.0000
0.0000
0.0000
0.0000
0.0000
87.8906
87.8906
170.8984
170.8984
249.0234
249.0234
312.5000
312.5000
371.0937
371.0937
424.8047
424.8047
473.6328
473.6328
507.8125
507.8125
532.2266
532.2266
537.1094
537.1094
532.2266
532.2266
527.3437
527.3437
522.4609
522.4609
517.5781
517.5781
517.5781
517.5781
532.2266
532.2266
556.6406
556.6406
595.7031
595.7031
649.4141
649.4141
722.6562
722.6562
815.4297
815.4297
913.0859
913.0859
996.0937
996.0937
1059.5703
1059.5703
1088.8672
1088.8672
1074.2187
1074.2187
1020.5078
1020.5078
922.8516
922.8516
795.8984
795.8984
649.4141
649.4141
493.1641
493.1641
327.1484
327.1484
156.2500
156.2500
0.0000
0.0000
0.0000
0.0000
0.0000
0.0000
0.0000
0.0000
0.0000
0.0000
0.0000
0.0000
0.0000
0.0000
0.0000
0.0000
0.0000
0.0000
0.0000
0.0000
0.0000
0.0000
0.0000
0.0000
0.0000
0.0000
0.0000
0.0000
0.0000
0.0000
0.0000
0.0000
0.0000
0.0000
0.0000
0.0000
0.0000
0.0000
0.0000
0.0000
0.0000
0.0000
0.0000
0.0000
0.0000
0.0000
0.0000
0.0000
0.0000
0.0000
0.0000
0.0000
0.0000
0.0000
0.0000
0.0000
0.0000
0.0000
14.6484
14.6484
53.7109
53.7109
97.6562
97.6562
136.7187
136.7187
175.7812
175.7812
209.9609
209.9609
249.0234
249.0234
288.0859
288.0859
322.2656
322.2656
356.4453
356.4453
380.8594
380.8594
410.1562
410.1562
429.6875
429.6875
458.9844
458.9844
502.9297
502.9297
561.5234
561.5234
644.5312
644.5312
737.3047
737.3047
825.1953
825.1953
888.6719
888.6719
922.8516
922.8516
913.0859
913.0859
859.3750
859.3750
766.6016
766.6016
654.2969
654.2969
532.2266
532.2266
400.3906
400.3906
268.5547
268.5547
136.7187
136.7187
4.8828
4.8828
0.0000
0.0000
0.0000
0.0000
0.0000
0.0000
0.0000
0.0000
0.0000
0.0000
0.0000
0.0000
0.0000
0.0000
0.0000
0.0000
0.0000
0.0000
0.0000
0.0000
0.0000
0.0000
0.0000
0.0000
0.0000
0.0000
0.0000
0.0000
0.0000
0.0000
0.0000
0.0000
0.0000
0.0000
0.0000
0.0000
0.0000
0.0000
0.0000
0.0000
0.0000
0.0000
0.0000
0.0000
0.0000
0.0000
0.0000
0.0000
0.0000
0.0000
0.0000
0.0000
0.0000
0.0000
0.0000
0.0000
0.0000
0.0000
0.0000
0.0000
39.0625
39.0625
87.8906
87.8906
136.7187
136.7187
180.6641
180.6641
219.7266
219.7266
263.6719
263.6719
302.7344
302.7344
341.7969
341.7969
385.7422
385.7422
439.4531
439.4531
493.1641
493.1641
546.8750
546.8750
610.3516
610.3516
678.7109
678.7109
771.4844
771.4844
869.1406
869.1406
971.6797
971.6797
1059.5703
1059.5703
1132.8125
1132.8125
1166.9922
1166.9922
1147.4609
1147.4609
1069.3359
1069.3359
952.1484
952.1484
805.6641
805.6641
644.5312
644.5312
488.2812
488.2812
332.0312
332.0312
195.3125
195.3125
58.5937
58.5937
0.0000
0.0000
0.0000
0.0000
0.0000
0.0000
0.0000
0.0000
0.0000
0.0000
0.0000
0.0000
0.0000
0.0000
0.0000
0.0000
0.0000
0.0000
0.0000
0.0000
0.0000
0.0000
0.0000
0.0000
0.0000
0.0000
0.0000
0.0000
0.0000
0.0000
0.0000
0.0000
0.0000
0.0000
0.0000
0.0000
0.0000
0.0000
0.0000
0.0000
0.0000
0.0000
0.0000
0.0000
0.0000
0.0000
0.0000
0.0000
0.0000
0.0000
0.0000
0.0000
0.0000
0.0000
0.0000
0.0000
0.0000
0.0000
9.7656
9.7656
63.4766
63.4766
112.3047
112.3047
146.4844
146.4844
175.7812
175.7812
200.1953
200.1953
219.7266
219.7266
239.2578
239.2578
258.7891
258.7891
288.0859
288.0859
312.5000
312.5000
332.0312
332.0312
346.6797
346.6797
366.2109
366.2109
415.0391
415.0391
478.5156
478.5156
581.0547
581.0547
698.2422
698.2422
820.3125
820.3125
922.8516
922.8516
981.4453
981.4453
986.3281
986.3281
947.2656
947.2656
888.6719
888.6719
815.4297
815.4297
742.1875
742.1875
664.0625
664.0625
585.9375
585.9375
483.3984
483.3984
361.3281
361.3281
219.7266
219.7266
68.3594
68.3594
0.0000
0.0000
0.0000
0.0000
0.0000
0.0000
0.0000
0.0000
0.0000
0.0000
0.0000
0.0000
0.0000
0.0000
0.0000
0.0000
0.0000
0.0000
0.0000
0.0000
0.0000
0.0000
0.0000
0.0000
0.0000
0.0000
0.0000
0.0000
0.0000
0.0000
0.0000
0.0000
0.0000
0.0000
0.0000
0.0000
0.0000
0.0000
0.0000
0.0000
0.0000
0.0000
0.0000
0.0000
0.0000
0.0000
0.0000
0.0000
0.0000
0.0000
0.0000
0.0000
0.0000
0.0000
0.0000
0.0000
0.0000
0.0000
0.0000
0.0000
24.4141
24.4141
102.5391
102.5391
175.7812
175.7812
239.2578
239.2578
302.7344
302.7344
366.2109
366.2109
429.6875
429.6875
488.2812
488.2812
541.9922
541.9922
590.8203
590.8203
649.4141
649.4141
712.8906
712.8906
800.7812
800.7812
903.3203
903.3203
1020.5078
1020.5078
1123.0469
1123.0469
1191.4062
1191.4062
1215.8203
1215.8203
1176.7578
1176.7578
1098.6328
1098.6328
981.4453
981.4453
844.7266
844.7266
693.3594
693.3594
541.9922
541.9922
390.6250
390.6250
229.4922
229.4922
73.2422
73.2422
0.0000
0.0000
0.0000
0.0000
0.0000
0.0000
0.0000
0.0000
0.0000
0.0000
0.0000
0.0000
0.0000
0.0000
0.0000
0.0000
0.0000
0.0000
0.0000
0.0000
0.0000
0.0000
0.0000
0.0000
0.0000
0.0000
0.0000
0.0000
0.0000
0.0000
0.0000
0.0000
0.0000
0.0000
0.0000
0.0000
0.0000
0.0000
0.0000
0.0000
0.0000
0.0000
0.0000
0.0000
0.0000
0.0000
0.0000
0.0000
0.0000
0.0000
0.0000
0.0000
0.0000
0.0000
0.0000
0.0000
0.0000
0.0000
0.0000
0.0000
0.0000
0.0000
0.0000
0.0000
0.0000
0.0000
14.6484
14.6484
43.9453
43.9453
78.1250
78.1250
131.8359
131.8359
200.1953
200.1953
278.3203
278.3203
356.4453
356.4453
434.5703
434.5703
522.4609
522.4609
600.5859
600.5859
678.7109
678.7109
761.7187
761.7187
859.3750
859.3750
971.6797
971.6797
1083.9844
1083.9844
1191.4062
1191.4062
1264.6484
1264.6484
1289.0625
1289.0625
1254.8828
1254.8828
1157.2266
1157.2266
1010.7422
1010.7422
834.9609
834.9609
654.2969
654.2969
468.7500
468.7500
288.0859
97.6562
97.6562
0.0000
0.0000
0.0000
0.0000
0.0000
0.0000
0.0000
0.0000
0.0000
0.0000
0.0000
0.0000
0.0000
0.0000
0.0000
0.0000
0.0000
0.0000
0.0000
0.0000
0.0000
0.0000
0.0000
0.0000
0.0000
0.0000
0.0000
0.0000
0.0000
0.0000
0.0000
0.0000
0.0000
0.0000
0.0000
0.0000
0.0000
0.0000
0.0000
0.0000
0.0000
0.0000
0.0000
0.0000
0.0000
0.0000
0.0000
0.0000
0.0000
0.0000
0.0000
0.0000
0.0000
0.0000
0.0000
0.0000
0.0000
0.0000
0.0000
0.0000
0.0000
0.0000
0.0000
0.0000
0.0000
0.0000
43.9453
43.9453
87.8906
87.8906
131.8359
131.8359
170.8984
170.8984
205.0781
205.0781
234.3750
234.3750
258.7891
258.7891
292.9687
292.9687
332.0312
332.0312
375.9766
375.9766
415.0391
415.0391
458.9844
458.9844
507.8125
507.8125
551.7578
551.7578
600.5859
600.5859
654.2969
654.2969
732.4219
732.4219
834.9609
834.9609
942.3828
942.3828
1049.8047
1049.8047
1132.8125
1132.8125
1186.5234
1186.5234
1186.5234
1186.5234
1147.4609
1147.4609
1064.4531
1064.4531
961.9141
961.9141
834.9609
834.9609
693.3594
693.3594
532.2266
532.2266
361.3281
361.3281
185.5469
185.5469
9.7656
9.7656
0.0000
0.0000
0.0000
0.0000
0.0000
0.0000
0.0000
0.0000
0.0000
0.0000
0.0000
0.0000
0.0000
0.0000
0.0000
0.0000
0.0000
0.0000
0.0000
0.0000
0.0000
0.0000
0.0000
0.0000
0.0000
0.0000
0.0000
0.0000
0.0000
0.0000
0.0000
0.0000
0.0000
0.0000
0.0000
0.0000
0.0000
0.0000
0.0000
0.0000
0.0000
0.0000
0.0000
0.0000
0.0000
0.0000
0.0000
0.0000
0.0000
0.0000
0.0000
0.0000
4.8828
4.8828
58.5937
58.5937
107.4219
107.4219
151.3672
151.3672
195.3125
195.3125
229.4922
229.4922
258.7891
258.7891
283.2031
283.2031
297.8516
297.8516
302.7344
302.7344
302.7344
302.7344
297.8516
297.8516
307.6172
307.6172
317.3828
317.3828
336.9141
336.9141
356.4453
356.4453
385.7422
385.7422
439.4531
439.4531
502.9297
502.9297
600.5859
600.5859
712.8906
712.8906
839.8437
839.8437
952.1484
952.1484
1030.2734
1030.2734
1059.5703
1059.5703
1044.9219
1044.9219
986.3281
986.3281
898.4375
898.4375
781.2500
781.2500
644.5312
644.5312
498.0469
498.0469
327.1484
327.1484
141.6016
141.6016
0.0000
0.0000
0.0000
0.0000
0.0000
0.0000
0.0000
0.0000
0.0000
0.0000
0.0000
0.0000
0.0000
0.0000
0.0000
0.0000
0.0000
0.0000
0.0000
0.0000
0.0000
0.0000
0.0000
0.0000
0.0000
0.0000
0.0000
0.0000
0.0000
0.0000
0.0000
0.0000
0.0000
0.0000
0.0000
0.0000
0.0000
0.0000
0.0000
0.0000
0.0000
0.0000
0.0000
0.0000
0.0000
0.0000
0.0000
0.0000
0.0000
0.0000
0.0000
0.0000
0.0000
0.0000
0.0000
0.0000
0.0000
0.0000
0.0000
0.0000
0.0000
0.0000
0.0000
0.0000
0.0000
0.0000
0.0000
0.0000
0.0000
0.0000
53.7109
53.7109
117.1875
117.1875
190.4297
190.4297
253.9062
253.9062
307.6172
307.6172
351.5625
351.5625
390.6250
390.6250
424.8047
424.8047
444.3359
444.3359
468.7500
468.7500
488.2812
488.2812
532.2266
532.2266
590.8203
590.8203
664.0625
664.0625
747.0703
747.0703
830.0781
830.0781
893.5547
893.5547
922.8516
922.8516
917.9687
917.9687
883.7891
883.7891
834.9609
834.9609
766.6016
766.6016
683.5937
683.5937
581.0547
581.0547
468.7500
468.7500
351.5625
351.5625
224.6094
224.6094
87.8906
87.8906
0.0000
0.0000
0.0000
0.0000
0.0000
0.0000
0.0000
0.0000
0.0000
0.0000
0.0000
0.0000
0.0000
0.0000
0.0000
0.0000
0.0000
0.0000
0.0000
0.0000
0.0000
0.0000
0.0000
0.0000
0.0000
0.0000
0.0000
0.0000
0.0000
0.0000
0.0000
0.0000
0.0000
0.0000
0.0000
0.0000
0.0000
0.0000
0.0000
0.0000
0.0000
0.0000
0.0000
0.0000
0.0000
0.0000
0.0000
0.0000
0.0000
0.0000
0.0000
0.0000
0.0000
0.0000
0.0000
0.0000
9.7656
9.7656
43.9453
43.9453
83.0078
83.0078
112.3047
112.3047
141.6016
141.6016
166.0156
166.0156
195.3125
195.3125
234.3750
234.3750
278.3203
278.3203
336.9141
336.9141
390.6250
390.6250
439.4531
439.4531
478.5156
478.5156
522.4609
522.4609
561.5234
561.5234
595.7031
595.7031
629.8828
629.8828
673.8281
673.8281
737.3047
737.3047
810.5469
810.5469
898.4375
898.4375
971.6797
971.6797
1030.2734
1030.2734
1049.8047
1049.8047
1020.5078
1020.5078
952.1484
952.1484
869.1406
869.1406
786.1328
786.1328
703.1250
703.1250
625.0000
625.0000
532.2266
532.2266
439.4531
439.4531
317.3828
317.3828
180.6641
180.6641
34.1797
34.1797
0.0000
0.0000
0.0000
0.0000
0.0000
0.0000
0.0000
0.0000
0.0000
0.0000
0.0000
0.0000
0.0000
0.0000
0.0000
0.0000
0.0000
0.0000
0.0000
0.0000
0.0000
0.0000
0.0000
0.0000
0.0000
0.0000
0.0000
0.0000
0.0000
0.0000
0.0000
0.0000
0.0000
0.0000
0.0000
0.0000
0.0000
0.0000
0.0000
0.0000
0.0000
0.0000
0.0000
0.0000
0.0000
0.0000
0.0000
0.0000
24.4141
24.4141
92.7734
92.7734
141.6016
141.6016
180.6641
180.6641
219.7266
219.7266
239.2578
239.2578
258.7891
258.7891
268.5547
268.5547
283.2031
283.2031
288.0859
288.0859
297.8516
297.8516
307.6172
307.6172
327.1484
327.1484
351.5625
351.5625
380.8594
380.8594
419.9219
419.9219
458.9844
458.9844
507.8125
507.8125
556.6406
556.6406
610.3516
610.3516
678.7109
678.7109
766.6016
766.6016
864.2578
864.2578
961.9141
961.9141
1044.9219
1044.9219
1093.7500
1093.7500
1108.3984
1108.3984
1069.3359
1069.3359
991.2109
991.2109
878.9062
878.9062
756.8359
756.8359
620.1172
620.1172
488.2812
488.2812
351.5625
351.5625
214.8437
214.8437
78.1250
78.1250
0.0000
0.0000
0.0000
0.0000
0.0000
0.0000
0.0000
0.0000
0.0000
0.0000
0.0000
0.0000
0.0000
0.0000
0.0000
0.0000
0.0000
0.0000
0.0000
0.0000
0.0000
0.0000
0.0000
0.0000
0.0000
0.0000
0.0000
0.0000
0.0000
0.0000
0.0000
0.0000
0.0000
0.0000
0.0000
0.0000
0.0000
0.0000
0.0000
0.0000
0.0000
0.0000
0.0000
0.0000
0.0000
0.0000
0.0000
0.0000
0.0000
0.0000
0.0000
0.0000
0.0000
0.0000
0.0000
0.0000
0.0000
0.0000
0.0000
0.0000
0.0000
0.0000
53.7109
53.7109
102.5391
102.5391
146.4844
146.4844
190.4297
190.4297
229.4922
229.4922
258.7891
258.7891
278.3203
278.3203
297.8516
297.8516
327.1484
327.1484
361.3281
361.3281
400.3906
400.3906
449.2187
449.2187
502.9297
502.9297
571.2891
571.2891
639.6484
639.6484
717.7734
717.7734
805.6641
805.6641
917.9687
917.9687
1035.1562
1035.1562
1147.4609
1147.4609
1235.3516
1235.3516
1274.4141
1274.4141
1250.0000
1250.0000
1142.5781
1142.5781
976.5625
976.5625
776.3672
776.3672
576.1719
576.1719
385.7422
385.7422
200.1953
200.1953
19.5312
19.5312
0.0000
0.0000
0.0000
0.0000
0.0000
0.0000
0.0000
0.0000
0.0000
0.0000
0.0000
0.0000
0.0000
0.0000
0.0000
0.0000
0.0000
0.0000
0.0000
0.0000
0.0000
0.0000
0.0000
0.0000
0.0000
0.0000
0.0000
0.0000
0.0000
0.0000
0.0000
0.0000
0.0000
0.0000
0.0000
0.0000
0.0000
0.0000
0.0000
0.0000
0.0000
0.0000
0.0000
0.0000
0.0000
0.0000
0.0000
0.0000
0.0000
0.0000
0.0000
0.0000
0.0000
0.0000
0.0000
0.0000
0.0000
0.0000
0.0000
0.0000
0.0000
0.0000
0.0000
0.0000
9.7656
9.7656
68.3594
68.3594
131.8359
131.8359
195.3125
195.3125
258.7891
258.7891
307.6172
307.6172
341.7969
341.7969
361.3281
361.3281
375.9766
375.9766
395.5078
395.5078
419.9219
419.9219
444.3359
444.3359
478.5156
478.5156
517.5781
517.5781
571.2891
571.2891
634.7656
634.7656
717.7734
717.7734
815.4297
815.4297
917.9687
917.9687
996.0937
996.0937
1044.9219
1044.9219
1049.8047
1049.8047
1030.2734
1030.2734
966.7969
966.7969
878.9062
878.9062
766.6016
766.6016
634.7656
634.7656
488.2812
488.2812
317.3828
317.3828
131.8359
131.8359
0.0000
0.0000
0.0000
0.0000
0.0000
0.0000
0.0000
0.0000
0.0000
0.0000
0.0000
0.0000
0.0000
0.0000
0.0000
0.0000
0.0000
0.0000
0.0000
0.0000
0.0000
0.0000
0.0000
0.0000
0.0000
0.0000
0.0000
0.0000
0.0000
0.0000
0.0000
0.0000
0.0000
0.0000
0.0000
0.0000
0.0000
0.0000
0.0000
0.0000
0.0000
0.0000
0.0000
0.0000
0.0000
0.0000
0.0000
0.0000
0.0000
0.0000
0.0000
0.0000
0.0000
0.0000
0.0000
0.0000
0.0000
0.0000
29.2969
29.2969
58.5937
58.5937
87.8906
87.8906
117.1875
117.1875
146.4844
146.4844
180.6641
180.6641
214.8437
244.1406
244.1406
288.0859
288.0859
322.2656
322.2656
361.3281
361.3281
361.3281
395.5078
395.5078
429.6875
429.6875
463.8672
463.8672
498.0469
498.0469
541.9922
590.8203
590.8203
664.0625
664.0625
737.3047
737.3047
805.6641
805.6641
844.7266
844.7266
844.7266
864.2578
864.2578
844.7266
844.7266
795.8984
795.8984
727.5391
654.2969
654.2969
581.0547
581.0547
507.8125
507.8125
434.5703
434.5703
346.6797
346.6797
249.0234
249.0234
141.6016
141.6016
14.6484
14.6484
0.0000
0.0000
0.0000
0.0000
0.0000
0.0000
0.0000
0.0000
0.0000
0.0000
0.0000
0.0000
0.0000
0.0000
0.0000
0.0000
0.0000
0.0000
0.0000
0.0000
0.0000
0.0000
0.0000
0.0000
0.0000
0.0000
0.0000
0.0000
0.0000
0.0000
0.0000
0.0000
0.0000
0.0000
0.0000
0.0000
0.0000
0.0000
0.0000
0.0000
0.0000
0.0000
0.0000
0.0000
0.0000
0.0000
0.0000
0.0000
0.0000
0.0000
0.0000
0.0000
0.0000
0.0000
0.0000
0.0000
0.0000
0.0000
0.0000
0.0000
14.6484
14.6484
58.5937
58.5937
102.5391
102.5391
141.6016
141.6016
170.8984
170.8984
200.1953
200.1953
234.3750
234.3750
288.0859
288.0859
346.6797
346.6797
410.1562
410.1562
473.6328
473.6328
527.3437
527.3437
585.9375
585.9375
644.5312
644.5312
717.7734
717.7734
805.6641
805.6641
913.0859
913.0859
1020.5078
1020.5078
1103.5156
1103.5156
1152.3437
1152.3437
1162.1094
1162.1094
1142.5781
1142.5781
1083.9844
1083.9844
1005.8594
1005.8594
908.2031
908.2031
800.7812
800.7812
683.5937
683.5937
556.6406
556.6406
419.9219
419.9219
273.4375
273.4375
122.0703
122.0703
0.0000
0.0000
0.0000
0.0000
0.0000
0.0000
0.0000
0.0000
0.0000
0.0000
0.0000
0.0000
0.0000
0.0000
0.0000
0.0000
0.0000
0.0000
0.0000
0.0000
0.0000
0.0000
0.0000
0.0000
0.0000
0.0000
0.0000
0.0000
0.0000
0.0000
0.0000
0.0000
0.0000
0.0000
0.0000
0.0000
0.0000
0.0000
0.0000
0.0000
0.0000
0.0000
0.0000
0.0000
0.0000
0.0000
0.0000
0.0000
0.0000
0.0000
0.0000
0.0000
0.0000
0.0000
0.0000
0.0000
0.0000
0.0000
39.0625
39.0625
87.8906
87.8906
126.9531
126.9531
166.0156
166.0156
195.3125
195.3125
229.4922
229.4922
258.7891
258.7891
283.2031
283.2031
302.7344
302.7344
327.1484
327.1484
366.2109
366.2109
410.1562
410.1562
463.8672
463.8672
527.3437
527.3437
610.3516
610.3516
717.7734
717.7734
834.9609
834.9609
947.2656
947.2656
1044.9219
1044.9219
1108.3984
1108.3984
1118.1641
1118.1641
1079.1016
1079.1016
991.2109
991.2109
874.0234
874.0234
747.0703
747.0703
605.4687
605.4687
458.9844
458.9844
307.6172
307.6172
156.2500
156.2500
0.0000
0.0000
0.0000
0.0000
0.0000
0.0000
0.0000
0.0000
0.0000
0.0000
0.0000
0.0000
0.0000
0.0000
0.0000
0.0000
0.0000
0.0000
0.0000
0.0000
0.0000
0.0000
0.0000
0.0000
0.0000
0.0000
0.0000
0.0000
0.0000
0.0000
0.0000
0.0000
0.0000
0.0000
0.0000
0.0000
0.0000
0.0000
0.0000
0.0000
0.0000
0.0000
0.0000
0.0000
0.0000
0.0000
0.0000
0.0000
0.0000
0.0000
0.0000
0.0000
0.0000
0.0000
0.0000
0.0000
0.0000
0.0000
0.0000
0.0000
0.0000
0.0000
0.0000
0.0000
9.7656
9.7656
48.8281
48.8281
87.8906
87.8906
131.8359
131.8359
166.0156
166.0156
205.0781
205.0781
239.2578
239.2578
278.3203
278.3203
307.6172
307.6172
341.7969
341.7969
371.0937
371.0937
405.2734
405.2734
449.2187
449.2187
488.2812
488.2812
537.1094
537.1094
585.9375
585.9375
649.4141
649.4141
722.6562
722.6562
810.5469
810.5469
913.0859
913.0859
1030.2734
1030.2734
1152.3437
1152.3437
1259.7656
1259.7656
1337.8906
1337.8906
1372.0703
1372.0703
1381.8359
1381.8359
1352.5391
1352.5391
1284.1797
1284.1797
1181.6406
1181.6406
1044.9219
1044.9219
874.0234
874.0234
664.0625
664.0625
434.5703
434.5703
205.0781
205.0781
0.0000
0.0000
0.0000
0.0000
0.0000
0.0000
0.0000
0.0000
0.0000
0.0000
0.0000
0.0000
0.0000
0.0000
0.0000
0.0000
0.0000
0.0000
0.0000
0.0000
0.0000
0.0000
0.0000
0.0000
0.0000
0.0000
0.0000
0.0000
0.0000
0.0000
0.0000
0.0000
0.0000
0.0000
0.0000
0.0000
0.0000
0.0000
0.0000
0.0000
0.0000
0.0000
0.0000
0.0000
0.0000
0.0000
0.0000
0.0000
0.0000
0.0000
0.0000
0.0000
0.0000
0.0000
0.0000
0.0000
0.0000
0.0000
0.0000
0.0000
24.4141
24.4141
78.1250
78.1250
131.8359
131.8359
185.5469
185.5469
239.2578
239.2578
297.8516
297.8516
361.3281
361.3281
424.8047
424.8047
478.5156
478.5156
522.4609
522.4609
561.5234
561.5234
590.8203
590.8203
615.2344
615.2344
639.6484
639.6484
664.0625
664.0625
703.1250
703.1250
751.9531
751.9531
815.4297
815.4297
883.7891
883.7891
957.0312
957.0312
1010.7422
1010.7422
1030.2734
1030.2734
1010.7422
1010.7422
947.2656
947.2656
854.4922
854.4922
737.3047
737.3047
600.5859
600.5859
454.1016
454.1016
307.6172
307.6172
146.4844
146.4844
0.0000
0.0000
0.0000
0.0000
0.0000
0.0000
0.0000
0.0000
0.0000
0.0000
0.0000
0.0000
0.0000
0.0000
0.0000
0.0000
0.0000
0.0000
0.0000
0.0000
0.0000
0.0000
0.0000
0.0000
0.0000
0.0000
0.0000
0.0000
0.0000
0.0000
0.0000
0.0000
0.0000
0.0000
0.0000
0.0000
0.0000
0.0000
0.0000
0.0000
0.0000
0.0000
0.0000
0.0000
0.0000
0.0000
0.0000
0.0000
0.0000
0.0000
0.0000
0.0000
0.0000
0.0000
0.0000
0.0000
0.0000
0.0000
0.0000
0.0000
0.0000
0.0000
14.6484
14.6484
48.8281
48.8281
68.3594
68.3594
97.6562
97.6562
122.0703
122.0703
156.2500
156.2500
190.4297
190.4297
234.3750
234.3750
283.2031
283.2031
332.0312
332.0312
375.9766
375.9766
424.8047
424.8047
473.6328
473.6328
517.5781
517.5781
556.6406
556.6406
600.5859
600.5859
659.1797
659.1797
727.5391
727.5391
810.5469
810.5469
888.6719
888.6719
947.2656
947.2656
986.3281
986.3281
976.5625
976.5625
937.5000
937.5000
864.2578
864.2578
786.1328
786.1328
703.1250
703.1250
610.3516
610.3516
517.5781
517.5781
415.0391
415.0391
302.7344
302.7344
166.0156
166.0156
24.4141
24.4141
0.0000
0.0000
0.0000
0.0000
0.0000
0.0000
0.0000
0.0000
0.0000
0.0000
0.0000
0.0000
0.0000
0.0000
0.0000
0.0000
0.0000
0.0000
0.0000
0.0000
0.0000
0.0000
0.0000
0.0000
0.0000
0.0000
0.0000
0.0000
0.0000
0.0000
0.0000
0.0000
0.0000
0.0000
0.0000
0.0000
0.0000
0.0000
0.0000
0.0000
0.0000
0.0000
0.0000
0.0000
43.9453
43.9453
107.4219
107.4219
166.0156
166.0156
214.8437
214.8437
253.9062
253.9062
278.3203
278.3203
302.7344
302.7344
322.2656
322.2656
336.9141
336.9141
351.5625
351.5625
371.0937
371.0937
385.7422
385.7422
400.3906
400.3906
415.0391
415.0391
434.5703
434.5703
458.9844
458.9844
493.1641
493.1641
532.2266
532.2266
571.2891
571.2891
615.2344
615.2344
659.1797
659.1797
703.1250
703.1250
761.7187
761.7187
825.1953
825.1953
908.2031
908.2031
981.4453
981.4453
1030.2734
1030.2734
1044.9219
1044.9219
1020.5078
1020.5078
957.0312
957.0312
869.1406
869.1406
766.6016
766.6016
668.9453
668.9453
576.1719
576.1719
478.5156
478.5156
375.9766
375.9766
258.7891
258.7891
131.8359
131.8359
0.0000
0.0000
0.0000
0.0000
0.0000
0.0000
0.0000
0.0000
0.0000
0.0000
0.0000
0.0000
0.0000
0.0000
0.0000
0.0000
0.0000
0.0000
0.0000
0.0000
0.0000
0.0000
0.0000
0.0000
0.0000
0.0000
0.0000
0.0000
0.0000
0.0000
0.0000
0.0000
0.0000
0.0000
0.0000
0.0000
0.0000
0.0000
0.0000
0.0000
0.0000
0.0000
0.0000
0.0000
0.0000
0.0000
0.0000
0.0000
0.0000
0.0000
0.0000
0.0000
0.0000
0.0000
0.0000
0.0000
0.0000
0.0000
0.0000
0.0000
9.7656
9.7656
63.4766
63.4766
117.1875
117.1875
161.1328
161.1328
205.0781
205.0781
244.1406
244.1406
278.3203
278.3203
302.7344
302.7344
327.1484
327.1484
356.4453
356.4453
395.5078
395.5078
434.5703
434.5703
473.6328
473.6328
527.3437
527.3437
605.4687
605.4687
698.2422
698.2422
800.7812
800.7812
893.5547
893.5547
971.6797
971.6797
1020.5078
1020.5078
1025.3906
1025.3906
1005.8594
1005.8594
971.6797
971.6797
932.6172
932.6172
883.7891
883.7891
815.4297
815.4297
712.8906
712.8906
571.2891
571.2891
395.5078
395.5078
190.4297
190.4297
0.0000
0.0000
0.0000
0.0000
0.0000
0.0000
0.0000
0.0000
0.0000
0.0000
0.0000
0.0000
0.0000
0.0000
0.0000
0.0000
0.0000
0.0000
0.0000
0.0000
0.0000
0.0000
0.0000
0.0000
0.0000
0.0000
0.0000
0.0000
0.0000
0.0000
0.0000
0.0000
0.0000
0.0000
0.0000
0.0000
0.0000
0.0000
0.0000
0.0000
0.0000
0.0000
0.0000
0.0000
0.0000
0.0000
0.0000
0.0000
0.0000
0.0000
0.0000
0.0000
0.0000
0.0000
0.0000
0.0000
0.0000
0.0000
0.0000
0.0000
19.5312
19.5312
78.1250
78.1250
122.0703
166.0156
166.0156
214.8437
214.8437
258.7891
258.7891
307.6172
307.6172
307.6172
356.4453
356.4453
410.1562
410.1562
449.2187
449.2187
483.3984
483.3984
517.5781
571.2891
571.2891
639.6484
639.6484
732.4219
732.4219
839.8437
839.8437
937.5000
937.5000
1020.5078
1020.5078
1059.5703
1059.5703
1054.6875
1054.6875
1005.8594
1005.8594
932.6172
932.6172
844.7266
844.7266
751.9531
751.9531
664.0625
664.0625
576.1719
576.1719
473.6328
473.6328
351.5625
351.5625
205.0781
205.0781
39.0625
39.0625
0.0000
0.0000
0.0000
0.0000
0.0000
0.0000
0.0000
0.0000
0.0000
0.0000
0.0000
0.0000
0.0000
0.0000
0.0000
0.0000
0.0000
0.0000
0.0000
0.0000
0.0000
0.0000
0.0000
0.0000
0.0000
0.0000
0.0000
0.0000
0.0000
0.0000
0.0000
0.0000
0.0000
0.0000
0.0000
0.0000
0.0000
0.0000
0.0000
0.0000
0.0000
0.0000
0.0000
0.0000
0.0000
0.0000
0.0000
0.0000
0.0000
0.0000
4.8828
4.8828
39.0625
39.0625
68.3594
68.3594
87.8906
87.8906
107.4219
107.4219
122.0703
122.0703
136.7187
136.7187
161.1328
161.1328
190.4297
190.4297
224.6094
224.6094
263.6719
263.6719
312.5000
312.5000
361.3281
361.3281
419.9219
419.9219
468.7500
468.7500
527.3437
527.3437
585.9375
585.9375
649.4141
649.4141
722.6562
722.6562
795.8984
795.8984
883.7891
883.7891
966.7969
966.7969
1040.0391
1040.0391
1074.2187
1074.2187
1074.2187
1074.2187
1025.3906
1025.3906
942.3828
942.3828
834.9609
834.9609
717.7734
717.7734
610.3516
610.3516
498.0469
498.0469
390.6250
390.6250
278.3203
278.3203
170.8984
170.8984
58.5937
58.5937
0.0000
0.0000
0.0000
0.0000
0.0000
0.0000
0.0000
0.0000
0.0000
0.0000
0.0000
0.0000
0.0000
0.0000
0.0000
0.0000
0.0000
0.0000
0.0000
0.0000
0.0000
0.0000
0.0000
0.0000
0.0000
0.0000
0.0000
0.0000
0.0000
0.0000
0.0000
0.0000
0.0000
0.0000
0.0000
0.0000
0.0000
0.0000
0.0000
0.0000
0.0000
0.0000
0.0000
0.0000
0.0000
0.0000
0.0000
0.0000
0.0000
0.0000
0.0000
0.0000
0.0000
0.0000
29.2969
29.2969
92.7734
92.7734
146.4844
146.4844
180.6641
180.6641
200.1953
200.1953
209.9609
209.9609
209.9609
209.9609
219.7266
219.7266
234.3750
234.3750
249.0234
249.0234
263.6719
263.6719
278.3203
278.3203
292.9687
292.9687
307.6172
307.6172
327.1484
327.1484
356.4453
356.4453
395.5078
395.5078
434.5703
434.5703
478.5156
478.5156
522.4609
522.4609
576.1719
576.1719
639.6484
639.6484
717.7734
717.7734
805.6641
805.6641
883.7891
883.7891
937.5000
937.5000
947.2656
947.2656
913.0859
913.0859
839.8437
839.8437
747.0703
747.0703
644.5312
644.5312
532.2266
532.2266
415.0391
415.0391
288.0859
288.0859
161.1328
161.1328
19.5312
19.5312
0.0000
0.0000
0.0000
0.0000
0.0000
0.0000
0.0000
0.0000
0.0000
0.0000
0.0000
0.0000
0.0000
0.0000
0.0000
0.0000
0.0000
0.0000
0.0000
0.0000
0.0000
0.0000
0.0000
0.0000
0.0000
0.0000
0.0000
0.0000
0.0000
0.0000
0.0000
0.0000
0.0000
0.0000
0.0000
0.0000
0.0000
0.0000
0.0000
0.0000
0.0000
0.0000
0.0000
0.0000
0.0000
0.0000
0.0000
0.0000
0.0000
0.0000
0.0000
0.0000
0.0000
0.0000
0.0000
0.0000
0.0000
0.0000
43.9453
43.9453
97.6562
97.6562
136.7187
136.7187
166.0156
166.0156
190.4297
190.4297
214.8437
214.8437
229.4922
229.4922
249.0234
249.0234
268.5547
268.5547
297.8516
297.8516
322.2656
322.2656
356.4453
356.4453
385.7422
385.7422
419.9219
419.9219
463.8672
463.8672
512.6953
512.6953
576.1719
576.1719
654.2969
654.2969
756.8359
756.8359
874.0234
874.0234
986.3281
986.3281
1083.9844
1083.9844
1147.4609
1147.4609
1166.9922
1166.9922
1137.6953
1137.6953
1064.4531
1064.4531
957.0312
957.0312
839.8437
839.8437
698.2422
698.2422
546.8750
546.8750
380.8594
380.8594
205.0781
205.0781
34.1797
34.1797
0.0000
0.0000
0.0000
0.0000
0.0000
0.0000
0.0000
0.0000
0.0000
0.0000
0.0000
0.0000
0.0000
0.0000
0.0000
0.0000
0.0000
0.0000
0.0000
0.0000
0.0000
0.0000
0.0000
0.0000
0.0000
0.0000
0.0000
0.0000
0.0000
0.0000
0.0000
0.0000
0.0000
0.0000
0.0000
0.0000
0.0000
0.0000
0.0000
0.0000
0.0000
0.0000
0.0000
0.0000
0.0000
0.0000
0.0000
0.0000
0.0000
0.0000
0.0000
0.0000
0.0000
0.0000
0.0000
0.0000
0.0000
0.0000
0.0000
0.0000
4.8828
4.8828
58.5937
58.5937
107.4219
107.4219
146.4844
146.4844
185.5469
185.5469
224.6094
224.6094
253.9062
253.9062
283.2031
283.2031
307.6172
307.6172
341.7969
341.7969
371.0937
371.0937
405.2734
405.2734
434.5703
434.5703
468.7500
468.7500
507.8125
507.8125
556.6406
556.6406
620.1172
620.1172
708.0078
708.0078
810.5469
810.5469
913.0859
913.0859
1010.7422
1010.7422
1069.3359
1069.3359
1093.7500
1093.7500
1064.4531
1064.4531
991.2109
991.2109
893.5547
893.5547
791.0156
791.0156
688.4766
688.4766
576.1719
576.1719
444.3359
444.3359
273.4375
273.4375
68.3594
68.3594
0.0000
0.0000
0.0000
0.0000
0.0000
0.0000
0.0000
0.0000
0.0000
0.0000
0.0000
0.0000
0.0000
0.0000
0.0000
0.0000
0.0000
0.0000
0.0000
0.0000
0.0000
0.0000
0.0000
0.0000
0.0000
0.0000
0.0000
0.0000
0.0000
0.0000
0.0000
0.0000
0.0000
0.0000
0.0000
0.0000
0.0000
0.0000
0.0000
0.0000
0.0000
0.0000
0.0000
0.0000
0.0000
0.0000
0.0000
0.0000
0.0000
0.0000
0.0000
0.0000
0.0000
0.0000
0.0000
0.0000
4.8828
4.8828
39.0625
39.0625
78.1250
78.1250
131.8359
131.8359
185.5469
185.5469
239.2578
239.2578
283.2031
283.2031
332.0312
332.0312
375.9766
375.9766
424.8047
424.8047
468.7500
468.7500
517.5781
517.5781
561.5234
561.5234
595.7031
595.7031
634.7656
634.7656
678.7109
678.7109
742.1875
742.1875
800.7812
800.7812
844.7266
844.7266
859.3750
859.3750
834.9609
834.9609
771.4844
771.4844
683.5937
683.5937
585.9375
585.9375
483.3984
483.3984
395.5078
395.5078
307.6172
307.6172
229.4922
229.4922
151.3672
151.3672
73.2422
73.2422
0.0000
0.0000
0.0000
0.0000
0.0000
0.0000
0.0000
0.0000
0.0000
0.0000
0.0000
0.0000
0.0000
0.0000
0.0000
0.0000
0.0000
0.0000
0.0000
0.0000
0.0000
0.0000
0.0000
0.0000
0.0000
0.0000
0.0000
0.0000
0.0000
0.0000
0.0000
0.0000
0.0000
0.0000
0.0000
0.0000
0.0000
0.0000
0.0000
0.0000
0.0000
0.0000
0.0000
0.0000
0.0000
0.0000
0.0000
0.0000
0.0000
0.0000
0.0000
0.0000
34.1797
34.1797
87.8906
87.8906
131.8359
131.8359
166.0156
166.0156
190.4297
190.4297
200.1953
200.1953
205.0781
205.0781
205.0781
205.0781
209.9609
209.9609
219.7266
219.7266
229.4922
229.4922
249.0234
249.0234
273.4375
273.4375
307.6172
307.6172
351.5625
351.5625
400.3906
400.3906
454.1016
454.1016
507.8125
507.8125
566.4062
566.4062
629.8828
629.8828
703.1250
703.1250
791.0156
791.0156
903.3203
903.3203
1030.2734
1030.2734
1142.5781
