185.5469
253.9062
253.9062
312.5000
312.5000
361.3281
361.3281
415.0391
415.0391
463.8672
463.8672
512.6953
512.6953
561.5234
561.5234
615.2344
615.2344
678.7109
678.7109
747.0703
747.0703
825.1953
825.1953
913.0859
913.0859
1015.6250
1015.6250
1132.8125
1132.8125
1254.8828
1254.8828
1352.5391
1352.5391
1406.2500
1406.2500
1396.4844
1396.4844
1318.3594
1318.3594
1191.4062
1191.4062
1025.3906
1025.3906
830.0781
830.0781
625.0000
625.0000
410.1562
410.1562
185.5469
185.5469
0.0000
0.0000
0.0000
0.0000
0.0000
0.0000
0.0000
0.0000
0.0000
0.0000
0.0000
0.0000
0.0000
0.0000
0.0000
0.0000
0.0000
0.0000
0.0000
0.0000
0.0000
0.0000
0.0000
0.0000
0.0000
0.0000
0.0000
0.0000
0.0000
0.0000
0.0000
0.0000
0.0000
0.0000
0.0000
0.0000
0.0000
0.0000
0.0000
0.0000
0.0000
0.0000
0.0000
0.0000
0.0000
0.0000
0.0000
0.0000
19.5312
19.5312
112.3047
112.3047
205.0781
205.0781
288.0859
288.0859
366.2109
366.2109
439.4531
439.4531
502.9297
502.9297
556.6406
556.6406
600.5859
600.5859
634.7656
634.7656
654.2969
654.2969
668.9453
668.9453
683.5937
683.5937
693.3594
693.3594
708.0078
708.0078
717.7734
717.7734
732.4219
732.4219
756.8359
756.8359
791.0156
791.0156
844.7266
844.7266
932.6172
932.6172
1025.3906
1025.3906
1113.2812
1113.2812
1157.2266
1157.2266
1157.2266
1157.2266
1108.3984
1108.3984
1020.5078
1020.5078
917.9687
917.9687
800.7812
800.7812
659.1797
659.1797
488.2812
488.2812
302.7344
302.7344
97.6562
97.6562
0.0000
0.0000
0.0000
0.0000
0.0000
0.0000
0.0000
0.0000
0.0000
0.0000
0.0000
0.0000
0.0000
0.0000
0.0000
0.0000
0.0000
0.0000
0.0000
0.0000
0.0000
0.0000
0.0000
0.0000
0.0000
0.0000
0.0000
0.0000
0.0000
0.0000
0.0000
0.0000
0.0000
0.0000
0.0000
0.0000
0.0000
0.0000
0.0000
0.0000
0.0000
0.0000
0.0000
0.0000
0.0000
0.0000
0.0000
0.0000
0.0000
0.0000
0.0000
0.0000
0.0000
0.0000
0.0000
0.0000
0.0000
0.0000
0.0000
0.0000
34.1797
34.1797
107.4219
107.4219
175.7812
175.7812
239.2578
239.2578
302.7344
302.7344
366.2109
366.2109
434.5703
434.5703
502.9297
502.9297
576.1719
576.1719
664.0625
664.0625
771.4844
771.4844
888.6719
888.6719
1010.7422
1098.6328
1098.6328
1132.8125
1132.8125
1108.3984
1108.3984
1015.6250
1015.6250
1015.6250
864.2578
864.2578
673.8281
673.8281
458.9844
458.9844
224.6094
224.6094
0.0000
0.0000
0.0000
0.0000
0.0000
0.0000
0.0000
0.0000
0.0000
0.0000
0.0000
0.0000
0.0000
0.0000
0.0000
0.0000
0.0000
0.0000
0.0000
0.0000
0.0000
0.0000
0.0000
0.0000
0.0000
0.0000
0.0000
0.0000
0.0000
0.0000
0.0000
0.0000
0.0000
0.0000
0.0000
0.0000
0.0000
0.0000
0.0000
0.0000
0.0000
0.0000
0.0000
0.0000
0.0000
0.0000
39.0625
112.3047
112.3047
112.3047
175.7812
234.3750
234.3750
288.0859
288.0859
327.1484
327.1484
356.4453
356.4453
380.8594
380.8594
400.3906
400.3906
419.9219
419.9219
439.4531
439.4531
463.8672
463.8672
483.3984
483.3984
502.9297
502.9297
527.3437
527.3437
561.5234
561.5234
605.4687
605.4687
659.1797
659.1797
732.4219
732.4219
820.3125
820.3125
927.7344
927.7344
1044.9219
1044.9219
1152.3437
1152.3437
1230.4687
1230.4687
1240.2344
1240.2344
1176.7578
1176.7578
1044.9219
1044.9219
869.1406
869.1406
668.9453
668.9453
458.9844
458.9844
239.2578
239.2578
4.8828
4.8828
0.0000
0.0000
0.0000
0.0000
0.0000
0.0000
0.0000
0.0000
0.0000
0.0000
0.0000
0.0000
0.0000
0.0000
0.0000
0.0000
0.0000
0.0000
0.0000
0.0000
0.0000
0.0000
0.0000
0.0000
0.0000
0.0000
0.0000
0.0000
0.0000
0.0000
0.0000
0.0000
0.0000
0.0000
0.0000
0.0000
0.0000
0.0000
0.0000
0.0000
0.0000
0.0000
0.0000
0.0000
0.0000
0.0000
0.0000
0.0000
0.0000
0.0000
53.7109
53.7109
126.9531
126.9531
200.1953
200.1953
268.5547
268.5547
336.9141
336.9141
405.2734
405.2734
468.7500
468.7500
527.3437
527.3437
576.1719
576.1719
620.1172
620.1172
664.0625
664.0625
703.1250
703.1250
742.1875
742.1875
776.3672
776.3672
810.5469
810.5469
844.7266
844.7266
878.9062
878.9062
927.7344
927.7344
991.2109
991.2109
1083.9844
1083.9844
1206.0547
1206.0547
1337.8906
1337.8906
1459.9609
1459.9609
1552.7344
1552.7344
1606.4453
1606.4453
1601.5625
1601.5625
1538.0859
1538.0859
1420.8984
1420.8984
1245.1172
1245.1172
1025.3906
1025.3906
771.4844
771.4844
507.8125
507.8125
244.1406
244.1406
0.0000
0.0000
0.0000
0.0000
0.0000
0.0000
0.0000
0.0000
0.0000
0.0000
0.0000
0.0000
0.0000
0.0000
0.0000
0.0000
0.0000
0.0000
0.0000
0.0000
0.0000
0.0000
0.0000
0.0000
0.0000
0.0000
0.0000
0.0000
0.0000
0.0000
0.0000
0.0000
0.0000
0.0000
0.0000
0.0000
0.0000
0.0000
0.0000
0.0000
0.0000
0.0000
0.0000
0.0000
0.0000
0.0000
0.0000
0.0000
0.0000
0.0000
0.0000
0.0000
43.9453
43.9453
87.8906
87.8906
117.1875
117.1875
131.8359
131.8359
151.3672
151.3672
170.8984
170.8984
185.5469
185.5469
205.0781
205.0781
229.4922
229.4922
253.9062
253.9062
288.0859
288.0859
332.0312
332.0312
390.6250
390.6250
458.9844
458.9844
541.9922
541.9922
649.4141
649.4141
771.4844
771.4844
898.4375
898.4375
1015.6250
1015.6250
1108.3984
1108.3984
1162.1094
1162.1094
1171.8750
1171.8750
1127.9297
1127.9297
1040.0391
1040.0391
903.3203
903.3203
732.4219
732.4219
527.3437
527.3437
302.7344
302.7344
68.3594
68.3594
0.0000
0.0000
0.0000
0.0000
0.0000
0.0000
0.0000
0.0000
0.0000
0.0000
0.0000
0.0000
0.0000
0.0000
0.0000
0.0000
0.0000
0.0000
0.0000
0.0000
0.0000
0.0000
0.0000
0.0000
0.0000
0.0000
0.0000
0.0000
0.0000
0.0000
0.0000
0.0000
0.0000
0.0000
0.0000
0.0000
0.0000
0.0000
0.0000
0.0000
0.0000
0.0000
0.0000
0.0000
0.0000
0.0000
0.0000
0.0000
0.0000
0.0000
0.0000
0.0000
0.0000
0.0000
73.2422
73.2422
156.2500
156.2500
234.3750
234.3750
307.6172
307.6172
371.0937
371.0937
434.5703
434.5703
488.2812
488.2812
541.9922
541.9922
590.8203
590.8203
634.7656
634.7656
683.5937
683.5937
727.5391
727.5391
776.3672
776.3672
825.1953
825.1953
888.6719
888.6719
966.7969
966.7969
1069.3359
1069.3359
1191.4062
1191.4062
1308.5937
1308.5937
1406.2500
1406.2500
1455.0781
1455.0781
1464.8437
1464.8437
1430.6641
1430.6641
1352.5391
1352.5391
1215.8203
1215.8203
1030.2734
1030.2734
800.7812
800.7812
546.8750
546.8750
283.2031
283.2031
29.2969
29.2969
0.0000
0.0000
0.0000
0.0000
0.0000
0.0000
0.0000
0.0000
0.0000
0.0000
0.0000
0.0000
0.0000
0.0000
0.0000
0.0000
0.0000
0.0000
0.0000
0.0000
0.0000
0.0000
0.0000
0.0000
0.0000
0.0000
0.0000
0.0000
0.0000
0.0000
0.0000
0.0000
0.0000
0.0000
0.0000
0.0000
0.0000
0.0000
0.0000
0.0000
0.0000
0.0000
0.0000
0.0000
0.0000
0.0000
0.0000
0.0000
68.3594
68.3594
126.9531
126.9531
185.5469
185.5469
239.2578
239.2578
288.0859
288.0859
332.0312
332.0312
361.3281
361.3281
380.8594
380.8594
390.6250
390.6250
400.3906
400.3906
415.0391
415.0391
439.4531
439.4531
463.8672
463.8672
498.0469
498.0469
537.1094
537.1094
595.7031
595.7031
673.8281
673.8281
776.3672
776.3672
893.5547
893.5547
1010.7422
1010.7422
1098.6328
1098.6328
1132.8125
1132.8125
1113.2812
1113.2812
1040.0391
1040.0391
927.7344
927.7344
786.1328
786.1328
615.2344
615.2344
419.9219
419.9219
200.1953
200.1953
0.0000
0.0000
0.0000
0.0000
0.0000
0.0000
0.0000
0.0000
0.0000
0.0000
0.0000
0.0000
0.0000
0.0000
0.0000
0.0000
0.0000
0.0000
0.0000
0.0000
0.0000
0.0000
0.0000
0.0000
0.0000
0.0000
0.0000
0.0000
0.0000
0.0000
0.0000
0.0000
0.0000
0.0000
0.0000
0.0000
0.0000
0.0000
0.0000
0.0000
0.0000
0.0000
0.0000
0.0000
0.0000
0.0000
0.0000
0.0000
0.0000
0.0000
0.0000
0.0000
63.4766
63.4766
151.3672
151.3672
229.4922
229.4922
307.6172
307.6172
375.9766
375.9766
434.5703
434.5703
483.3984
483.3984
527.3437
527.3437
571.2891
571.2891
610.3516
610.3516
654.2969
654.2969
698.2422
698.2422
742.1875
742.1875
791.0156
791.0156
849.6094
849.6094
913.0859
913.0859
996.0937
996.0937
1093.7500
1093.7500
1206.0547
1206.0547
1303.7109
1303.7109
1372.0703
1372.0703
1396.4844
1396.4844
1367.1875
1367.1875
1274.4141
1274.4141
1123.0469
1123.0469
942.3828
942.3828
727.5391
727.5391
498.0469
498.0469
253.9062
253.9062
4.8828
4.8828
0.0000
0.0000
0.0000
0.0000
0.0000
0.0000
0.0000
0.0000
0.0000
0.0000
0.0000
0.0000
0.0000
0.0000
0.0000
0.0000
0.0000
0.0000
0.0000
0.0000
0.0000
0.0000
0.0000
0.0000
0.0000
0.0000
0.0000
0.0000
0.0000
0.0000
0.0000
0.0000
0.0000
0.0000
0.0000
0.0000
0.0000
0.0000
0.0000
0.0000
0.0000
0.0000
0.0000
0.0000
0.0000
0.0000
0.0000
0.0000
9.7656
9.7656
92.7734
92.7734
170.8984
170.8984
239.2578
239.2578
302.7344
302.7344
361.3281
361.3281
415.0391
415.0391
463.8672
463.8672
512.6953
512.6953
551.7578
551.7578
581.0547
581.0547
615.2344
615.2344
634.7656
634.7656
659.1797
659.1797
688.4766
688.4766
717.7734
717.7734
751.9531
751.9531
786.1328
786.1328
839.8437
839.8437
913.0859
913.0859
1005.8594
1005.8594
1113.2812
1113.2812
1206.0547
1206.0547
1264.6484
1264.6484
1264.6484
1264.6484
1206.0547
1206.0547
1098.6328
1098.6328
961.9141
961.9141
805.6641
805.6641
629.8828
629.8828
434.5703
434.5703
229.4922
229.4922
14.6484
14.6484
0.0000
0.0000
0.0000
0.0000
0.0000
0.0000
0.0000
0.0000
0.0000
0.0000
0.0000
0.0000
0.0000
0.0000
0.0000
0.0000
0.0000
0.0000
0.0000
0.0000
0.0000
0.0000
0.0000
0.0000
0.0000
0.0000
0.0000
0.0000
0.0000
0.0000
0.0000
0.0000
0.0000
0.0000
0.0000
0.0000
0.0000
0.0000
0.0000
0.0000
0.0000
0.0000
0.0000
0.0000
0.0000
0.0000
0.0000
0.0000
0.0000
0.0000
34.1797
34.1797
107.4219
107.4219
175.7812
175.7812
244.1406
244.1406
307.6172
307.6172
371.0937
371.0937
424.8047
424.8047
483.3984
483.3984
537.1094
537.1094
590.8203
590.8203
644.5312
644.5312
708.0078
708.0078
766.6016
766.6016
825.1953
825.1953
888.6719
888.6719
966.7969
966.7969
1054.6875
1054.6875
1147.4609
1147.4609
1230.4687
1230.4687
1274.4141
1274.4141
1269.5312
1269.5312
1201.1719
1201.1719
1093.7500
1093.7500
942.3828
942.3828
766.6016
766.6016
566.4062
566.4062
356.4453
356.4453
126.9531
126.9531
0.0000
0.0000
0.0000
0.0000
0.0000
0.0000
0.0000
0.0000
0.0000
0.0000
0.0000
0.0000
0.0000
0.0000
0.0000
0.0000
0.0000
0.0000
0.0000
0.0000
0.0000
0.0000
0.0000
0.0000
0.0000
0.0000
0.0000
0.0000
0.0000
0.0000
0.0000
0.0000
0.0000
0.0000
0.0000
0.0000
0.0000
0.0000
0.0000
0.0000
0.0000
0.0000
0.0000
0.0000
0.0000
0.0000
0.0000
0.0000
0.0000
0.0000
0.0000
53.7109
53.7109
112.3047
112.3047
161.1328
161.1328
200.1953
200.1953
200.1953
229.4922
229.4922
258.7891
258.7891
288.0859
288.0859
312.5000
312.5000
336.9141
336.9141
366.2109
366.2109
395.5078
395.5078
434.5703
483.3984
483.3984
537.1094
537.1094
537.1094
595.7031
595.7031
673.8281
673.8281
771.4844
771.4844
888.6719
888.6719
1005.8594
1005.8594
1103.5156
1103.5156
1157.2266
1157.2266
1147.4609
1147.4609
1064.4531
927.7344
927.7344
756.8359
756.8359
756.8359
571.2891
380.8594
380.8594
200.1953
200.1953
19.5312
19.5312
0.0000
0.0000
0.0000
0.0000
0.0000
0.0000
0.0000
0.0000
0.0000
0.0000
0.0000
0.0000
0.0000
0.0000
0.0000
0.0000
0.0000
0.0000
0.0000
0.0000
0.0000
0.0000
0.0000
0.0000
0.0000
0.0000
0.0000
0.0000
0.0000
0.0000
0.0000
0.0000
0.0000
0.0000
0.0000
0.0000
0.0000
0.0000
0.0000
0.0000
0.0000
0.0000
0.0000
0.0000
0.0000
0.0000
0.0000
0.0000
0.0000
0.0000
0.0000
0.0000
0.0000
0.0000
29.2969
29.2969
87.8906
87.8906
141.6016
141.6016
195.3125
195.3125
249.0234
249.0234
302.7344
302.7344
351.5625
351.5625
405.2734
405.2734
458.9844
458.9844
517.5781
517.5781
576.1719
576.1719
639.6484
639.6484
698.2422
698.2422
776.3672
776.3672
874.0234
874.0234
996.0937
996.0937
1123.0469
1123.0469
1225.5859
1225.5859
1279.2969
1279.2969
1269.5312
1269.5312
1186.5234
1186.5234
1049.8047
1049.8047
874.0234
874.0234
668.9453
668.9453
439.4531
439.4531
195.3125
195.3125
0.0000
0.0000
0.0000
0.0000
0.0000
0.0000
0.0000
0.0000
0.0000
0.0000
0.0000
0.0000
0.0000
0.0000
0.0000
0.0000
0.0000
0.0000
0.0000
0.0000
0.0000
0.0000
0.0000
0.0000
0.0000
0.0000
0.0000
0.0000
0.0000
0.0000
0.0000
0.0000
0.0000
0.0000
0.0000
0.0000
0.0000
0.0000
0.0000
0.0000
0.0000
0.0000
0.0000
0.0000
0.0000
0.0000
0.0000
0.0000
29.2969
29.2969
102.5391
102.5391
175.7812
175.7812
234.3750
234.3750
283.2031
283.2031
327.1484
327.1484
361.3281
361.3281
385.7422
385.7422
410.1562
410.1562
424.8047
424.8047
434.5703
434.5703
449.2187
449.2187
468.7500
468.7500
483.3984
483.3984
502.9297
502.9297
527.3437
527.3437
561.5234
561.5234
610.3516
610.3516
673.8281
673.8281
751.9531
751.9531
849.6094
849.6094
966.7969
966.7969
1088.8672
1088.8672
1181.6406
1181.6406
1235.3516
1235.3516
1220.7031
1220.7031
1132.8125
1132.8125
986.3281
986.3281
791.0156
791.0156
571.2891
571.2891
336.9141
336.9141
107.4219
107.4219
0.0000
0.0000
0.0000
0.0000
0.0000
0.0000
0.0000
0.0000
0.0000
0.0000
0.0000
0.0000
0.0000
0.0000
0.0000
0.0000
0.0000
0.0000
0.0000
0.0000
0.0000
0.0000
0.0000
0.0000
0.0000
0.0000
0.0000
0.0000
0.0000
0.0000
0.0000
0.0000
0.0000
0.0000
0.0000
0.0000
0.0000
0.0000
0.0000
0.0000
0.0000
0.0000
0.0000
0.0000
0.0000
0.0000
0.0000
0.0000
0.0000
0.0000
0.0000
0.0000
0.0000
0.0000
19.5312
19.5312
87.8906
87.8906
151.3672
151.3672
214.8437
214.8437
278.3203
278.3203
332.0312
332.0312
375.9766
375.9766
419.9219
419.9219
458.9844
458.9844
502.9297
502.9297
541.9922
541.9922
585.9375
585.9375
634.7656
634.7656
683.5937
683.5937
737.3047
737.3047
800.7812
800.7812
878.9062
878.9062
971.6797
971.6797
1088.8672
1088.8672
1210.9375
1210.9375
1323.2422
1323.2422
1386.7187
1386.7187
1396.4844
1396.4844
1342.7734
1342.7734
1220.7031
1220.7031
1054.6875
1054.6875
844.7266
844.7266
610.3516
610.3516
351.5625
351.5625
87.8906
87.8906
0.0000
0.0000
0.0000
0.0000
0.0000
0.0000
0.0000
0.0000
0.0000
0.0000
0.0000
0.0000
0.0000
0.0000
0.0000
0.0000
0.0000
0.0000
0.0000
0.0000
0.0000
0.0000
0.0000
0.0000
0.0000
0.0000
0.0000
0.0000
0.0000
0.0000
0.0000
0.0000
0.0000
0.0000
0.0000
0.0000
0.0000
0.0000
0.0000
0.0000
0.0000
0.0000
0.0000
0.0000
0.0000
0.0000
0.0000
0.0000
48.8281
48.8281
126.9531
126.9531
195.3125
195.3125
258.7891
258.7891
312.5000
312.5000
361.3281
361.3281
400.3906
400.3906
424.8047
424.8047
444.3359
444.3359
454.1016
454.1016
454.1016
454.1016
449.2187
449.2187
449.2187
449.2187
454.1016
454.1016
463.8672
463.8672
483.3984
483.3984
512.6953
512.6953
551.7578
551.7578
610.3516
610.3516
693.3594
693.3594
800.7812
800.7812
927.7344
927.7344
1044.9219
1044.9219
1137.6953
1137.6953
1171.8750
1171.8750
1152.3437
1152.3437
1074.2187
1074.2187
942.3828
942.3828
771.4844
771.4844
576.1719
576.1719
371.0937
371.0937
156.2500
156.2500
0.0000
0.0000
0.0000
0.0000
0.0000
0.0000
0.0000
0.0000
0.0000
0.0000
0.0000
0.0000
0.0000
0.0000
0.0000
0.0000
0.0000
0.0000
0.0000
0.0000
0.0000
0.0000
0.0000
0.0000
0.0000
0.0000
0.0000
0.0000
0.0000
0.0000
0.0000
0.0000
0.0000
0.0000
0.0000
0.0000
0.0000
0.0000
0.0000
0.0000
0.0000
0.0000
0.0000
0.0000
0.0000
0.0000
0.0000
0.0000
0.0000
0.0000
0.0000
0.0000
0.0000
0.0000
43.9453
43.9453
112.3047
112.3047
170.8984
170.8984
219.7266
219.7266
263.6719
263.6719
302.7344
302.7344
336.9141
336.9141
371.0937
371.0937
410.1562
410.1562
454.1016
454.1016
502.9297
502.9297
561.5234
561.5234
625.0000
625.0000
698.2422
698.2422
781.2500
781.2500
874.0234
874.0234
991.2109
991.2109
1123.0469
1123.0469
1264.6484
1264.6484
1376.9531
1376.9531
1455.0781
1455.0781
1474.6094
1474.6094
1425.7812
1425.7812
1313.4766
1313.4766
1142.5781
1142.5781
932.6172
932.6172
703.1250
703.1250
463.8672
463.8672
219.7266
219.7266
0.0000
0.0000
0.0000
0.0000
0.0000
0.0000
0.0000
0.0000
0.0000
0.0000
0.0000
0.0000
0.0000
0.0000
0.0000
0.0000
0.0000
0.0000
0.0000
0.0000
0.0000
0.0000
0.0000
0.0000
0.0000
0.0000
0.0000
0.0000
0.0000
0.0000
0.0000
0.0000
0.0000
0.0000
0.0000
0.0000
0.0000
0.0000
0.0000
0.0000
0.0000
0.0000
0.0000
0.0000
0.0000
0.0000
0.0000
0.0000
0.0000
0.0000
0.0000
0.0000
0.0000
0.0000
14.6484
14.6484
68.3594
68.3594
126.9531
126.9531
185.5469
185.5469
239.2578
239.2578
288.0859
288.0859
336.9141
336.9141
375.9766
375.9766
415.0391
415.0391
454.1016
454.1016
493.1641
493.1641
537.1094
537.1094
590.8203
590.8203
654.2969
654.2969
737.3047
737.3047
839.8437
839.8437
971.6797
971.6797
1113.2812
1113.2812
1245.1172
1245.1172
1337.8906
1337.8906
1381.8359
1381.8359
1357.4219
1357.4219
1274.4141
1274.4141
1132.8125
1132.8125
961.9141
961.9141
761.7187
761.7187
546.8750
546.8750
322.2656
322.2656
83.0078
83.0078
0.0000
0.0000
0.0000
0.0000
0.0000
0.0000
0.0000
0.0000
0.0000
0.0000
0.0000
0.0000
0.0000
0.0000
0.0000
0.0000
0.0000
0.0000
0.0000
0.0000
0.0000
0.0000
0.0000
0.0000
0.0000
0.0000
0.0000
0.0000
0.0000
0.0000
0.0000
0.0000
0.0000
0.0000
0.0000
0.0000
0.0000
0.0000
0.0000
0.0000
0.0000
0.0000
0.0000
0.0000
0.0000
0.0000
0.0000
0.0000
0.0000
0.0000
39.0625
39.0625
112.3047
112.3047
185.5469
185.5469
258.7891
258.7891
322.2656
322.2656
380.8594
380.8594
439.4531
439.4531
488.2812
488.2812
532.2266
532.2266
576.1719
576.1719
625.0000
625.0000
668.9453
668.9453
717.7734
717.7734
771.4844
771.4844
830.0781
830.0781
903.3203
903.3203
1000.9766
1000.9766
1113.2812
1113.2812
1230.4687
1230.4687
1318.3594
1318.3594
1357.4219
1357.4219
1333.0078
1333.0078
1254.8828
1254.8828
1123.0469
1123.0469
966.7969
966.7969
795.8984
795.8984
610.3516
610.3516
410.1562
410.1562
200.1953
200.1953
0.0000
0.0000
0.0000
0.0000
0.0000
0.0000
0.0000
0.0000
0.0000
0.0000
0.0000
0.0000
0.0000
0.0000
0.0000
0.0000
0.0000
0.0000
0.0000
0.0000
0.0000
0.0000
0.0000
0.0000
0.0000
0.0000
0.0000
0.0000
0.0000
0.0000
0.0000
0.0000
0.0000
0.0000
0.0000
0.0000
0.0000
0.0000
0.0000
0.0000
0.0000
0.0000
0.0000
0.0000
0.0000
0.0000
0.0000
0.0000
0.0000
0.0000
58.5937
58.5937
146.4844
146.4844
219.7266
219.7266
288.0859
288.0859
346.6797
346.6797
395.5078
395.5078
439.4531
439.4531
478.5156
478.5156
507.8125
507.8125
537.1094
537.1094
556.6406
556.6406
581.0547
581.0547
610.3516
610.3516
634.7656
634.7656
668.9453
668.9453
708.0078
708.0078
751.9531
751.9531
810.5469
893.5547
893.5547
893.5547
986.3281
986.3281
1079.1016
1079.1016
1142.5781
1142.5781
1157.2266
1157.2266
1113.2812
1113.2812
1020.5078
1020.5078
893.5547
893.5547
742.1875
585.9375
585.9375
415.0391
415.0391
234.3750
234.3750
39.0625
39.0625
0.0000
0.0000
0.0000
0.0000
0.0000
0.0000
0.0000
0.0000
0.0000
0.0000
0.0000
0.0000
0.0000
0.0000
0.0000
0.0000
0.0000
0.0000
0.0000
0.0000
0.0000
0.0000
0.0000
0.0000
0.0000
0.0000
0.0000
0.0000
0.0000
0.0000
0.0000
0.0000
0.0000
0.0000
0.0000
0.0000
0.0000
0.0000
0.0000
0.0000
0.0000
0.0000
0.0000
0.0000
0.0000
0.0000
0.0000
0.0000
0.0000
0.0000
0.0000
0.0000
9.7656
9.7656
63.4766
63.4766
117.1875
117.1875
166.0156
166.0156
214.8437
214.8437
263.6719
263.6719
302.7344
302.7344
341.7969
341.7969
385.7422
385.7422
429.6875
429.6875
478.5156
478.5156
527.3437
527.3437
581.0547
581.0547
639.6484
639.6484
708.0078
708.0078
786.1328
786.1328
874.0234
874.0234
986.3281
986.3281
1108.3984
1108.3984
1230.4687
1230.4687
1328.1250
1328.1250
1376.9531
1376.9531
1352.5391
1352.5391
1259.7656
1259.7656
1103.5156
1103.5156
908.2031
908.2031
688.4766
688.4766
444.3359
444.3359
185.5469
185.5469
0.0000
0.0000
0.0000
0.0000
0.0000
0.0000
0.0000
0.0000
0.0000
0.0000
0.0000
0.0000
0.0000
0.0000
0.0000
0.0000
0.0000
0.0000
0.0000
0.0000
0.0000
0.0000
0.0000
0.0000
0.0000
0.0000
0.0000
0.0000
0.0000
0.0000
0.0000
0.0000
0.0000
0.0000
0.0000
0.0000
0.0000
0.0000
0.0000
0.0000
0.0000
0.0000
0.0000
0.0000
0.0000
0.0000
0.0000
0.0000
4.8828
4.8828
83.0078
83.0078
156.2500
156.2500
214.8437
214.8437
258.7891
258.7891
288.0859
288.0859
307.6172
307.6172
327.1484
327.1484
341.7969
341.7969
356.4453
356.4453
371.0937
371.0937
385.7422
385.7422
400.3906
400.3906
424.8047
424.8047
454.1016
454.1016
488.2812
488.2812
527.3437
527.3437
581.0547
581.0547
634.7656
634.7656
703.1250
703.1250
800.7812
800.7812
922.8516
922.8516
1064.4531
1064.4531
1196.2891
1196.2891
1298.8281
1298.8281
1342.7734
1342.7734
1303.7109
1303.7109
1191.4062
1191.4062
1010.7422
1010.7422
776.3672
776.3672
512.6953
512.6953
229.4922
229.4922
0.0000
0.0000
0.0000
0.0000
0.0000
0.0000
0.0000
0.0000
0.0000
0.0000
0.0000
0.0000
0.0000
0.0000
0.0000
0.0000
0.0000
0.0000
0.0000
0.0000
0.0000
0.0000
0.0000
0.0000
0.0000
0.0000
0.0000
0.0000
0.0000
0.0000
0.0000
0.0000
0.0000
0.0000
0.0000
0.0000
0.0000
0.0000
0.0000
0.0000
0.0000
0.0000
0.0000
0.0000
0.0000
0.0000
0.0000
0.0000
0.0000
0.0000
0.0000
0.0000
78.1250
78.1250
175.7812
175.7812
263.6719
263.6719
341.7969
341.7969
410.1562
410.1562
468.7500
468.7500
517.5781
517.5781
561.5234
561.5234
600.5859
600.5859
634.7656
634.7656
668.9453
668.9453
698.2422
698.2422
737.3047
737.3047
781.2500
781.2500
849.6094
849.6094
927.7344
927.7344
1005.8594
1005.8594
1069.3359
1069.3359
1098.6328
1098.6328
1074.2187
1074.2187
1000.9766
1000.9766
883.7891
883.7891
732.4219
732.4219
561.5234
561.5234
371.0937
371.0937
161.1328
161.1328
0.0000
0.0000
0.0000
0.0000
0.0000
0.0000
0.0000
0.0000
0.0000
0.0000
0.0000
0.0000
0.0000
0.0000
0.0000
0.0000
0.0000
0.0000
0.0000
0.0000
0.0000
0.0000
0.0000
0.0000
0.0000
0.0000
0.0000
0.0000
0.0000
0.0000
0.0000
0.0000
0.0000
0.0000
0.0000
0.0000
0.0000
0.0000
0.0000
0.0000
0.0000
0.0000
0.0000
0.0000
19.5312
19.5312
131.8359
131.8359
234.3750
234.3750
332.0312
332.0312
424.8047
424.8047
507.8125
507.8125
585.9375
585.9375
659.1797
659.1797
727.5391
727.5391
786.1328
786.1328
839.8437
839.8437
888.6719
888.6719
922.8516
922.8516
947.2656
947.2656
947.2656
947.2656
942.3828
942.3828
922.8516
922.8516
908.2031
908.2031
888.6719
888.6719
874.0234
874.0234
878.9062
878.9062
908.2031
908.2031
957.0312
957.0312
1015.6250
1015.6250
1064.4531
1064.4531
1079.1016
1079.1016
1040.0391
1040.0391
947.2656
947.2656
800.7812
800.7812
634.7656
634.7656
454.1016
454.1016
278.3203
278.3203
102.5391
102.5391
0.0000
0.0000
0.0000
0.0000
0.0000
0.0000
0.0000
0.0000
0.0000
0.0000
0.0000
0.0000
0.0000
0.0000
0.0000
0.0000
0.0000
0.0000
0.0000
0.0000
0.0000
0.0000
0.0000
0.0000
0.0000
0.0000
0.0000
0.0000
0.0000
0.0000
0.0000
0.0000
0.0000
0.0000
0.0000
0.0000
0.0000
0.0000
0.0000
0.0000
0.0000
0.0000
0.0000
0.0000
0.0000
0.0000
0.0000
0.0000
68.3594
68.3594
151.3672
151.3672
229.4922
229.4922
297.8516
297.8516
356.4453
356.4453
400.3906
400.3906
439.4531
439.4531
473.6328
473.6328
498.0469
498.0469
517.5781
517.5781
532.2266
532.2266
546.8750
546.8750
556.6406
556.6406
571.2891
571.2891
595.7031
595.7031
625.0000
625.0000
659.1797
659.1797
703.1250
703.1250
766.6016
766.6016
849.6094
849.6094
961.9141
961.9141
1079.1016
1079.1016
1191.4062
1191.4062
1269.5312
1269.5312
1289.0625
1289.0625
1259.7656
1259.7656
1171.8750
1171.8750
1030.2734
1030.2734
849.6094
849.6094
649.4141
649.4141
434.5703
434.5703
209.9609
209.9609
0.0000
0.0000
0.0000
0.0000
0.0000
0.0000
0.0000
0.0000
0.0000
0.0000
0.0000
0.0000
0.0000
0.0000
0.0000
0.0000
0.0000
0.0000
0.0000
0.0000
0.0000
0.0000
0.0000
0.0000
0.0000
0.0000
0.0000
0.0000
0.0000
0.0000
0.0000
0.0000
0.0000
0.0000
0.0000
0.0000
0.0000
0.0000
0.0000
0.0000
0.0000
0.0000
0.0000
0.0000
0.0000
0.0000
0.0000
0.0000
0.0000
0.0000
0.0000
0.0000
0.0000
0.0000
39.0625
39.0625
83.0078
83.0078
126.9531
126.9531
175.7812
175.7812
224.6094
224.6094
268.5547
268.5547
312.5000
312.5000
361.3281
361.3281
410.1562
410.1562
458.9844
458.9844
512.6953
512.6953
571.2891
571.2891
629.8828
629.8828
693.3594
693.3594
771.4844
771.4844
878.9062
878.9062
996.0937
996.0937
1123.0469
1123.0469
1220.7031
1220.7031
1259.7656
1259.7656
1225.5859
1225.5859
1113.2812
1113.2812
937.5000
937.5000
717.7734
717.7734
483.3984
483.3984
244.1406
244.1406
4.8828
4.8828
0.0000
0.0000
0.0000
0.0000
0.0000
0.0000
0.0000
0.0000
0.0000
0.0000
0.0000
0.0000
0.0000
0.0000
0.0000
0.0000
0.0000
0.0000
0.0000
0.0000
0.0000
0.0000
0.0000
0.0000
0.0000
0.0000
0.0000
0.0000
0.0000
0.0000
0.0000
0.0000
0.0000
0.0000
0.0000
0.0000
0.0000
0.0000
0.0000
0.0000
0.0000
0.0000
0.0000
0.0000
0.0000
0.0000
0.0000
0.0000
0.0000
0.0000
0.0000
0.0000
0.0000
0.0000
0.0000
0.0000
0.0000
0.0000
0.0000
0.0000
29.2969
29.2969
78.1250
78.1250
126.9531
126.9531
180.6641
180.6641
239.2578
239.2578
297.8516
297.8516
366.2109
366.2109
434.5703
434.5703
507.8125
507.8125
590.8203
590.8203
698.2422
698.2422
830.0781
830.0781
966.7969
966.7969
1093.7500
1093.7500
1181.6406
1181.6406
1215.8203
1215.8203
1191.4062
1191.4062
1108.3984
1108.3984
966.7969
966.7969
786.1328
786.1328
571.2891
571.2891
332.0312
332.0312
83.0078
83.0078
0.0000
0.0000
0.0000
0.0000
0.0000
0.0000
0.0000
0.0000
0.0000
0.0000
0.0000
0.0000
0.0000
0.0000
0.0000
0.0000
0.0000
0.0000
0.0000
0.0000
0.0000
0.0000
0.0000
0.0000
0.0000
0.0000
0.0000
0.0000
0.0000
0.0000
0.0000
0.0000
0.0000
0.0000
0.0000
0.0000
0.0000
0.0000
0.0000
0.0000
0.0000
0.0000
0.0000
0.0000
0.0000
0.0000
29.2969
29.2969
102.5391
102.5391
175.7812
175.7812
244.1406
244.1406
307.6172
307.6172
366.2109
366.2109
415.0391
415.0391
458.9844
458.9844
502.9297
502.9297
541.9922
541.9922
581.0547
581.0547
610.3516
610.3516
639.6484
639.6484
659.1797
659.1797
688.4766
688.4766
712.8906
712.8906
747.0703
747.0703
795.8984
795.8984
859.3750
859.3750
937.5000
937.5000
1030.2734
1030.2734
1113.2812
1113.2812
1162.1094
1162.1094
1166.9922
1166.9922
1113.2812
1113.2812
1005.8594
1005.8594
849.6094
849.6094
664.0625
664.0625
463.8672
463.8672
253.9062
253.9062
39.0625
39.0625
0.0000
0.0000
0.0000
0.0000
0.0000
0.0000
0.0000
0.0000
0.0000
0.0000
0.0000
0.0000
0.0000
0.0000
0.0000
0.0000
0.0000
0.0000
0.0000
0.0000
0.0000
0.0000
0.0000
0.0000
0.0000
0.0000
0.0000
0.0000
0.0000
0.0000
0.0000
0.0000
0.0000
0.0000
0.0000
0.0000
0.0000
0.0000
0.0000
0.0000
0.0000
0.0000
0.0000
0.0000
0.0000
0.0000
0.0000
0.0000
43.9453
43.9453
112.3047
112.3047
175.7812
175.7812
229.4922
229.4922
273.4375
273.4375
322.2656
361.3281
361.3281
405.2734
405.2734
444.3359
444.3359
478.5156
478.5156
517.5781
517.5781
517.5781
556.6406
556.6406
595.7031
595.7031
644.5312
644.5312
688.4766
688.4766
737.3047
791.0156
791.0156
849.6094
849.6094
927.7344
927.7344
1025.3906
1025.3906
1025.3906
1142.5781
1142.5781
1254.8828
1254.8828
1337.8906
1337.8906
1376.9531
1376.9531
1367.1875
1313.4766
1313.4766
1215.8203
1215.8203
1079.1016
1079.1016
913.0859
913.0859
712.8906
712.8906
488.2812
488.2812
249.0234
249.0234
4.8828
4.8828
0.0000
0.0000
0.0000
0.0000
0.0000
0.0000
0.0000
0.0000
0.0000
0.0000
0.0000
0.0000
0.0000
0.0000
0.0000
0.0000
0.0000
0.0000
0.0000
0.0000
0.0000
0.0000
0.0000
0.0000
0.0000
0.0000
0.0000
0.0000
0.0000
0.0000
0.0000
0.0000
0.0000
0.0000
0.0000
0.0000
0.0000
0.0000
0.0000
0.0000
0.0000
0.0000
0.0000
0.0000
0.0000
0.0000
0.0000
0.0000
0.0000
0.0000
0.0000
0.0000
0.0000
0.0000
24.4141
24.4141
68.3594
68.3594
102.5391
102.5391
136.7187
136.7187
170.8984
170.8984
200.1953
200.1953
229.4922
229.4922
258.7891
258.7891
283.2031
283.2031
312.5000
312.5000
351.5625
351.5625
400.3906
400.3906
454.1016
454.1016
522.4609
522.4609
620.1172
620.1172
737.3047
737.3047
859.3750
859.3750
971.6797
971.6797
1044.9219
1044.9219
1040.0391
1040.0391
947.2656
947.2656
776.3672
776.3672
556.6406
556.6406
327.1484
327.1484
102.5391
102.5391
0.0000
0.0000
0.0000
0.0000
0.0000
0.0000
0.0000
0.0000
0.0000
0.0000
0.0000
0.0000
0.0000
0.0000
0.0000
0.0000
0.0000
0.0000
0.0000
0.0000
0.0000
0.0000
0.0000
0.0000
0.0000
0.0000
0.0000
0.0000
0.0000
0.0000
0.0000
0.0000
0.0000
0.0000
0.0000
0.0000
0.0000
0.0000
0.0000
0.0000
0.0000
0.0000
0.0000
0.0000
0.0000
0.0000
0.0000
0.0000
0.0000
0.0000
29.2969
29.2969
97.6562
97.6562
166.0156
166.0156
219.7266
219.7266
278.3203
278.3203
327.1484
327.1484
375.9766
375.9766
419.9219
419.9219
458.9844
458.9844
502.9297
502.9297
537.1094
537.1094
576.1719
576.1719
615.2344
615.2344
659.1797
659.1797
703.1250
703.1250
756.8359
756.8359
815.4297
815.4297
874.0234
874.0234
937.5000
937.5000
1020.5078
1020.5078
1118.1641
1118.1641
1240.2344
1240.2344
1367.1875
1367.1875
1469.7266
1469.7266
1528.3203
1528.3203
1528.3203
1528.3203
1459.9609
1459.9609
1328.1250
1328.1250
1137.6953
1137.6953
913.0859
913.0859
659.1797
659.1797
390.6250
390.6250
122.0703
122.0703
0.0000
0.0000
0.0000
0.0000
0.0000
0.0000
0.0000
0.0000
0.0000
0.0000
0.0000
0.0000
0.0000
0.0000
0.0000
0.0000
0.0000
0.0000
0.0000
0.0000
0.0000
0.0000
0.0000
0.0000
0.0000
0.0000
0.0000
0.0000
0.0000
0.0000
0.0000
0.0000
0.0000
0.0000
0.0000
0.0000
0.0000
0.0000
0.0000
0.0000
0.0000
0.0000
0.0000
0.0000
0.0000
0.0000
0.0000
0.0000
0.0000
0.0000
19.5312
19.5312
87.8906
87.8906
146.4844
146.4844
200.1953
200.1953
253.9062
253.9062
297.8516
297.8516
341.7969
341.7969
380.8594
380.8594
419.9219
419.9219
454.1016
454.1016
483.3984
483.3984
517.5781
517.5781
546.8750
546.8750
576.1719
576.1719
605.4687
605.4687
644.5312
644.5312
698.2422
698.2422
771.4844
771.4844
864.2578
864.2578
971.6797
971.6797
1069.3359
1069.3359
1137.6953
1137.6953
1162.1094
1162.1094
1132.8125
1132.8125
1035.1562
1035.1562
874.0234
874.0234
673.8281
673.8281
449.2187
449.2187
229.4922
229.4922
19.5312
19.5312
0.0000
0.0000
0.0000
0.0000
0.0000
0.0000
0.0000
0.0000
0.0000
0.0000
0.0000
0.0000
0.0000
0.0000
0.0000
0.0000
0.0000
0.0000
0.0000
0.0000
0.0000
0.0000
0.0000
0.0000
0.0000
0.0000
0.0000
0.0000
0.0000
0.0000
0.0000
0.0000
0.0000
0.0000
0.0000
0.0000
0.0000
0.0000
0.0000
0.0000
0.0000
0.0000
0.0000
0.0000
0.0000
0.0000
0.0000
0.0000
0.0000
0.0000
0.0000
0.0000
0.0000
0.0000
43.9453
43.9453
102.5391
102.5391
166.0156
166.0156
224.6094
224.6094
278.3203
278.3203
332.0312
332.0312
380.8594
380.8594
434.5703
434.5703
483.3984
483.3984
541.9922
541.9922
595.7031
595.7031
659.1797
659.1797
722.6562
722.6562
795.8984
795.8984
878.9062
878.9062
976.5625
976.5625
1093.7500
1093.7500
1225.5859
1225.5859
1357.4219
1357.4219
1450.1953
1450.1953
1494.1406
1494.1406
1459.9609
1459.9609
1347.6562
1347.6562
1162.1094
1162.1094
932.6172
932.6172
678.7109
678.7109
415.0391
415.0391
161.1328
161.1328
0.0000
0.0000
0.0000
0.0000
0.0000
0.0000
0.0000
0.0000
0.0000
0.0000
0.0000
0.0000
0.0000
0.0000
0.0000
0.0000
0.0000
0.0000
0.0000
0.0000
0.0000
0.0000
0.0000
0.0000
0.0000
0.0000
0.0000
0.0000
0.0000
0.0000
0.0000
0.0000
0.0000
0.0000
0.0000
0.0000
0.0000
0.0000
0.0000
0.0000
0.0000
0.0000
0.0000
0.0000
0.0000
0.0000
0.0000
0.0000
0.0000
0.0000
53.7109
53.7109
117.1875
117.1875
170.8984
170.8984
214.8437
214.8437
249.0234
249.0234
278.3203
278.3203
302.7344
302.7344
332.0312
332.0312
366.2109
366.2109
405.2734
405.2734
449.2187
449.2187
493.1641
493.1641
541.9922
541.9922
595.7031
595.7031
649.4141
649.4141
712.8906
712.8906
791.0156
791.0156
878.9062
878.9062
986.3281
986.3281
1103.5156
1103.5156
1206.0547
1206.0547
1279.2969
1279.2969
1293.9453
1293.9453
1245.1172
1245.1172
1123.0469
1123.0469
952.1484
952.1484
737.3047
737.3047
507.8125
507.8125
268.5547
268.5547
34.1797
34.1797
0.0000
0.0000
0.0000
0.0000
0.0000
0.0000
0.0000
0.0000
0.0000
0.0000
0.0000
0.0000
0.0000
0.0000
0.0000
0.0000
0.0000
0.0000
0.0000
0.0000
0.0000
0.0000
0.0000
0.0000
0.0000
0.0000
0.0000
0.0000
0.0000
0.0000
0.0000
0.0000
0.0000
0.0000
0.0000
0.0000
0.0000
0.0000
0.0000
0.0000
0.0000
0.0000
0.0000
0.0000
19.5312
19.5312
92.7734
92.7734
151.3672
151.3672
205.0781
205.0781
249.0234
249.0234
283.2031
283.2031
317.3828
317.3828
346.6797
346.6797
375.9766
375.9766
410.1562
410.1562
444.3359
444.3359
483.3984
483.3984
522.4609
522.4609
571.2891
571.2891
620.1172
620.1172
678.7109
678.7109
742.1875
742.1875
815.4297
815.4297
888.6719
888.6719
966.7969
966.7969
1054.6875
1054.6875
1157.2266
1157.2266
1279.2969
1279.2969
1406.2500
1406.2500
1518.5547
1518.5547
1596.6797
1596.6797
1616.2109
1616.2109
1562.5000
1562.5000
1445.3125
1445.3125
1254.8828
1254.8828
1010.7422
1010.7422
737.3047
737.3047
449.2187
449.2187
166.0156
166.0156
0.0000
0.0000
0.0000
0.0000
0.0000
0.0000
0.0000
0.0000
0.0000
0.0000
0.0000
0.0000
0.0000
0.0000
0.0000
0.0000
0.0000
0.0000
0.0000
0.0000
0.0000
0.0000
0.0000
0.0000
0.0000
0.0000
0.0000
0.0000
0.0000
0.0000
0.0000
0.0000
0.0000
0.0000
0.0000
0.0000
0.0000
0.0000
0.0000
0.0000
0.0000
0.0000
0.0000
0.0000
0.0000
0.0000
0.0000
0.0000
0.0000
0.0000
0.0000
0.0000
0.0000
0.0000
0.0000
0.0000
0.0000
0.0000
0.0000
0.0000
0.0000
0.0000
29.2969
29.2969
68.3594
68.3594
107.4219
107.4219
151.3672
151.3672
200.1953
200.1953
249.0234
249.0234
297.8516
297.8516
351.5625
351.5625
410.1562
410.1562
478.5156
478.5156
556.6406
556.6406
659.1797
659.1797
776.3672
776.3672
888.6719
888.6719
966.7969
966.7969
986.3281
986.3281
927.7344
927.7344
810.5469
810.5469
659.1797
659.1797
493.1641
493.1641
322.2656
322.2656
146.4844
146.4844
0.0000
0.0000
0.0000
0.0000
0.0000
0.0000
0.0000
0.0000
0.0000
0.0000
0.0000
0.0000
0.0000
0.0000
0.0000
0.0000
0.0000
0.0000
0.0000
0.0000
0.0000
0.0000
0.0000
0.0000
0.0000
0.0000
0.0000
0.0000
0.0000
0.0000
0.0000
0.0000
0.0000
0.0000
0.0000
0.0000
0.0000
0.0000
0.0000
0.0000
0.0000
0.0000
0.0000
0.0000
14.6484
14.6484
112.3047
112.3047
195.3125
195.3125
278.3203
278.3203
346.6797
346.6797
405.2734
405.2734
454.1016
454.1016
493.1641
493.1641
532.2266
532.2266
566.4062
566.4062
600.5859
600.5859
634.7656
634.7656
664.0625
664.0625
698.2422
698.2422
732.4219
732.4219
776.3672
776.3672
820.3125
820.3125
869.1406
869.1406
922.8516
922.8516
986.3281
986.3281
1054.6875
1054.6875
1142.5781
1142.5781
1250.0000
1250.0000
1357.4219
1357.4219
1459.9609
1459.9609
1528.3203
1528.3203
1547.8516
1547.8516
1513.6719
1513.6719
1425.7812
1425.7812
1289.0625
1289.0625
1113.2812
1113.2812
917.9687
917.9687
708.0078
708.0078
493.1641
493.1641
268.5547
268.5547
43.9453
43.9453
0.0000
0.0000
0.0000
0.0000
0.0000
0.0000
0.0000
0.0000
0.0000
0.0000
0.0000
0.0000
0.0000
0.0000
0.0000
0.0000
0.0000
0.0000
0.0000
0.0000
0.0000
0.0000
0.0000
0.0000
0.0000
0.0000
0.0000
0.0000
0.0000
0.0000
0.0000
0.0000
0.0000
0.0000
0.0000
0.0000
0.0000
0.0000
0.0000
0.0000
0.0000
0.0000
0.0000
0.0000
0.0000
0.0000
0.0000
0.0000
0.0000
0.0000
0.0000
0.0000
0.0000
4.8828
4.8828
63.4766
63.4766
117.1875
117.1875
166.0156
166.0156
209.9609
209.9609
253.9062
253.9062
288.0859
288.0859
327.1484
327.1484
361.3281
361.3281
395.5078
395.5078
439.4531
439.4531
478.5156
478.5156
532.2266
532.2266
595.7031
595.7031
683.5937
683.5937
786.1328
786.1328
888.6719
888.6719
966.7969
966.7969
1005.8594
1005.8594
991.2109
991.2109
942.3828
942.3828
854.4922
854.4922
742.1875
742.1875
610.3516
610.3516
463.8672
463.8672
302.7344
302.7344
122.0703
122.0703
0.0000
0.0000
0.0000
0.0000
0.0000
0.0000
0.0000
0.0000
0.0000
0.0000
0.0000
0.0000
0.0000
0.0000
0.0000
0.0000
0.0000
0.0000
0.0000
0.0000
0.0000
0.0000
0.0000
0.0000
0.0000
0.0000
0.0000
0.0000
0.0000
0.0000
0.0000
0.0000
0.0000
0.0000
0.0000
0.0000
0.0000
0.0000
0.0000
0.0000
0.0000
0.0000
0.0000
0.0000
0.0000
0.0000
0.0000
0.0000
0.0000
0.0000
0.0000
0.0000
0.0000
0.0000
24.4141
24.4141
78.1250
78.1250
131.8359
131.8359
185.5469
185.5469
239.2578
239.2578
288.0859
288.0859
336.9141
336.9141
380.8594
380.8594
424.8047
424.8047
478.5156
478.5156
532.2266
532.2266
600.5859
600.5859
664.0625
664.0625
732.4219
732.4219
800.7812
800.7812
883.7891
883.7891
976.5625
976.5625
1083.9844
1083.9844
1186.5234
1186.5234
1254.8828
1254.8828
1284.1797
1284.1797
1259.7656
1259.7656
1181.6406
1181.6406
1054.6875
1054.6875
898.4375
898.4375
717.7734
717.7734
517.5781
517.5781
312.5000
312.5000
102.5391
102.5391
0.0000
0.0000
0.0000
0.0000
0.0000
0.0000
0.0000
0.0000
0.0000
0.0000
0.0000
0.0000
0.0000
0.0000
0.0000
0.0000
0.0000
0.0000
0.0000
0.0000
0.0000
0.0000
0.0000
0.0000
0.0000
0.0000
0.0000
0.0000
0.0000
0.0000
0.0000
0.0000
0.0000
0.0000
0.0000
0.0000
0.0000
0.0000
0.0000
0.0000
0.0000
0.0000
0.0000
0.0000
0.0000
0.0000
0.0000
0.0000
0.0000
0.0000
39.0625
39.0625
97.6562
97.6562
146.4844
146.4844
200.1953
200.1953
244.1406
244.1406
288.0859
288.0859
341.7969
341.7969
390.6250
390.6250
449.2187
449.2187
512.6953
512.6953
585.9375
585.9375
659.1797
659.1797
732.4219
732.4219
805.6641
805.6641
869.1406
869.1406
932.6172
932.6172
996.0937
996.0937
1069.3359
1069.3359
1142.5781
1142.5781
1181.6406
1181.6406
1166.9922
1166.9922
1088.8672
1088.8672
952.1484
952.1484
761.7187
761.7187
546.8750
546.8750
322.2656
322.2656
102.5391
102.5391
0.0000
0.0000
0.0000
0.0000
0.0000
0.0000
0.0000
0.0000
0.0000
0.0000
0.0000
0.0000
0.0000
0.0000
0.0000
0.0000
0.0000
0.0000
0.0000
0.0000
0.0000
0.0000
0.0000
0.0000
0.0000
0.0000
0.0000
0.0000
0.0000
0.0000
0.0000
0.0000
0.0000
0.0000
0.0000
0.0000
0.0000
0.0000
0.0000
0.0000
0.0000
0.0000
0.0000
0.0000
0.0000
0.0000
0.0000
0.0000
0.0000
0.0000
0.0000
0.0000
0.0000
0.0000
0.0000
0.0000
0.0000
0.0000
0.0000
0.0000
43.9453
43.9453
102.5391
102.5391
161.1328
161.1328
214.8437
214.8437
278.3203
278.3203
336.9141
336.9141
395.5078
395.5078
454.1016
454.1016
512.6953
512.6953
576.1719
576.1719
634.7656
634.7656
698.2422
698.2422
766.6016
766.6016
844.7266
844.7266
932.6172
932.6172
1044.9219
1044.9219
1171.8750
1171.8750
1293.9453
1293.9453
1381.8359
1381.8359
1416.0156
1416.0156
1376.9531
1376.9531
1259.7656
1259.7656
1088.8672
1088.8672
883.7891
883.7891
678.7109
678.7109
468.7500
468.7500
273.4375
273.4375
78.1250
78.1250
0.0000
0.0000
0.0000
0.0000
0.0000
0.0000
0.0000
0.0000
0.0000
0.0000
0.0000
0.0000
0.0000
0.0000
0.0000
0.0000
0.0000
0.0000
0.0000
0.0000
0.0000
0.0000
0.0000
0.0000
0.0000
0.0000
0.0000
0.0000
0.0000
0.0000
0.0000
0.0000
0.0000
0.0000
0.0000
0.0000
0.0000
0.0000
0.0000
0.0000
0.0000
0.0000
0.0000
0.0000
0.0000
0.0000
0.0000
0.0000
0.0000
0.0000
0.0000
0.0000
0.0000
0.0000
0.0000
0.0000
34.1797
34.1797
68.3594
68.3594
107.4219
107.4219
146.4844
146.4844
190.4297
190.4297
239.2578
239.2578
302.7344
302.7344
375.9766
375.9766
449.2187
449.2187
527.3437
527.3437
605.4687
605.4687
678.7109
678.7109
756.8359
756.8359
844.7266
844.7266
947.2656
947.2656
1059.5703
1059.5703
1162.1094
1162.1094
1250.0000
1250.0000
1284.1797
1284.1797
1259.7656
1259.7656
1171.8750
1171.8750
1035.1562
1035.1562
864.2578
864.2578
659.1797
659.1797
439.4531
439.4531
209.9609
209.9609
0.0000
0.0000
0.0000
0.0000
0.0000
0.0000
0.0000
0.0000
0.0000
0.0000
0.0000
0.0000
0.0000
0.0000
0.0000
0.0000
0.0000
0.0000
0.0000
0.0000
0.0000
0.0000
0.0000
0.0000
0.0000
0.0000
0.0000
0.0000
0.0000
0.0000
0.0000
0.0000
0.0000
0.0000
0.0000
0.0000
0.0000
0.0000
0.0000
0.0000
0.0000
0.0000
0.0000
0.0000
0.0000
0.0000
0.0000
0.0000
0.0000
0.0000
39.0625
39.0625
92.7734
92.7734
136.7187
136.7187
180.6641
180.6641
219.7266
219.7266
253.9062
253.9062
292.9687
292.9687
332.0312
332.0312
375.9766
375.9766
419.9219
419.9219
468.7500
468.7500
522.4609
522.4609
576.1719
576.1719
634.7656
634.7656
708.0078
708.0078
786.1328
786.1328
864.2578
864.2578
947.2656
947.2656
1025.3906
1025.3906
1118.1641
1118.1641
1215.8203
1215.8203
1328.1250
1328.1250
1420.8984
1420.8984
1479.4922
1479.4922
1474.6094
1474.6094
1401.3672
1401.3672
1259.7656
1259.7656
1064.4531
1064.4531
839.8437
839.8437
600.5859
600.5859
346.6797
346.6797
97.6562
97.6562
0.0000
0.0000
0.0000
0.0000
0.0000
0.0000
0.0000
0.0000
0.0000
0.0000
0.0000
0.0000
0.0000
0.0000
0.0000
0.0000
0.0000
0.0000
0.0000
0.0000
0.0000
0.0000
0.0000
0.0000
0.0000
0.0000
0.0000
0.0000
0.0000
0.0000
0.0000
0.0000
0.0000
0.0000
0.0000
0.0000
0.0000
0.0000
0.0000
0.0000
0.0000
0.0000
0.0000
0.0000
0.0000
0.0000
0.0000
0.0000
0.0000
0.0000
0.0000
0.0000
0.0000
0.0000
0.0000
0.0000
9.7656
9.7656
87.8906
87.8906
156.2500
156.2500
214.8437
214.8437
268.5547
268.5547
312.5000
312.5000
356.4453
356.4453
395.5078
395.5078
434.5703
434.5703
468.7500
468.7500
507.8125
507.8125
541.9922
541.9922
585.9375
585.9375
639.6484
639.6484
703.1250
703.1250
786.1328
786.1328
878.9062
878.9062
971.6797
971.6797
1030.2734
1030.2734
1040.0391
1040.0391
986.3281
986.3281
869.1406
869.1406
717.7734
717.7734
546.8750
546.8750
375.9766
375.9766
195.3125
195.3125
19.5312
19.5312
0.0000
0.0000
0.0000
0.0000
0.0000
0.0000
0.0000
0.0000
0.0000
0.0000
0.0000
0.0000
0.0000
0.0000
0.0000
0.0000
0.0000
0.0000
0.0000
0.0000
0.0000
0.0000
0.0000
0.0000
0.0000
0.0000
0.0000
0.0000
0.0000
0.0000
0.0000
0.0000
0.0000
0.0000
0.0000
0.0000
0.0000
0.0000
0.0000
0.0000
0.0000
0.0000
0.0000
0.0000
0.0000
0.0000
0.0000
0.0000
43.9453
43.9453
117.1875
117.1875
185.5469
185.5469
249.0234
249.0234
297.8516
297.8516
346.6797
346.6797
390.6250
390.6250
434.5703
434.5703
473.6328
473.6328
507.8125
507.8125
537.1094
537.1094
566.4062
566.4062
595.7031
595.7031
629.8828
629.8828
664.0625
664.0625
708.0078
708.0078
751.9531
751.9531
800.7812
800.7812
854.4922
854.4922
922.8516
922.8516
1005.8594
1005.8594
1118.1641
1118.1641
1235.3516
1235.3516
1342.7734
1342.7734
1411.1328
1411.1328
1411.1328
1411.1328
1347.6562
1347.6562
1215.8203
1215.8203
1025.3906
1025.3906
800.7812
800.7812
566.4062
566.4062
332.0312
332.0312
102.5391
102.5391
0.0000
0.0000
0.0000
0.0000
0.0000
0.0000
0.0000
0.0000
0.0000
0.0000
0.0000
0.0000
0.0000
0.0000
0.0000
0.0000
0.0000
0.0000
0.0000
0.0000
0.0000
0.0000
0.0000
0.0000
0.0000
0.0000
0.0000
0.0000
0.0000
0.0000
0.0000
0.0000
0.0000
0.0000
0.0000
0.0000
0.0000
0.0000
0.0000
0.0000
0.0000
0.0000
0.0000
0.0000
0.0000
0.0000
14.6484
14.6484
92.7734
92.7734
161.1328
161.1328
224.6094
278.3203
278.3203
322.2656
322.2656
356.4453
356.4453
380.8594
380.8594
405.2734
405.2734
405.2734
419.9219
419.9219
439.4531
439.4531
458.9844
458.9844
478.5156
478.5156
498.0469
522.4609
522.4609
551.7578
551.7578
595.7031
595.7031
654.2969
654.2969
654.2969
732.4219
732.4219
815.4297
815.4297
883.7891
883.7891
917.9687
917.9687
898.4375
834.9609
834.9609
727.5391
727.5391
600.5859
600.5859
458.9844
458.9844
297.8516
297.8516
297.8516
122.0703
122.0703
0.0000
0.0000
0.0000
0.0000
0.0000
0.0000
0.0000
0.0000
0.0000
0.0000
0.0000
0.0000
0.0000
0.0000
0.0000
0.0000
0.0000
0.0000
0.0000
0.0000
0.0000
0.0000
0.0000
0.0000
0.0000
0.0000
0.0000
0.0000
0.0000
0.0000
0.0000
0.0000
0.0000
0.0000
0.0000
0.0000
0.0000
0.0000
0.0000
0.0000
0.0000
0.0000
0.0000
0.0000
0.0000
0.0000
0.0000
0.0000
0.0000
0.0000
0.0000
0.0000
0.0000
19.5312
19.5312
87.8906
87.8906
156.2500
156.2500
219.7266
219.7266
273.4375
273.4375
332.0312
332.0312
390.6250
390.6250
454.1016
454.1016
512.6953
512.6953
571.2891
571.2891
639.6484
639.6484
708.0078
708.0078
781.2500
781.2500
859.3750
859.3750
947.2656
947.2656
1044.9219
1044.9219
1157.2266
1157.2266
1284.1797
1284.1797
1406.2500
1406.2500
1494.1406
1494.1406
1533.2031
1533.2031
1499.0234
1499.0234
1386.7187
1386.7187
1210.9375
1210.9375
991.2109
991.2109
756.8359
756.8359
512.6953
512.6953
273.4375
273.4375
39.0625
39.0625
0.0000
0.0000
0.0000
0.0000
0.0000
0.0000
0.0000
0.0000
0.0000
0.0000
0.0000
0.0000
0.0000
0.0000
0.0000
0.0000
0.0000
0.0000
0.0000
0.0000
0.0000
0.0000
0.0000
0.0000
0.0000
0.0000
0.0000
0.0000
0.0000
0.0000
0.0000
0.0000
0.0000
0.0000
0.0000
0.0000
0.0000
0.0000
0.0000
0.0000
0.0000
0.0000
0.0000
0.0000
0.0000
0.0000
0.0000
0.0000
0.0000
0.0000
9.7656
9.7656
58.5937
58.5937
107.4219
107.4219
151.3672
151.3672
195.3125
195.3125
234.3750
234.3750
278.3203
278.3203
327.1484
327.1484
375.9766
375.9766
429.6875
429.6875
488.2812
488.2812
551.7578
551.7578
615.2344
615.2344
688.4766
688.4766
751.9531
751.9531
815.4297
815.4297
869.1406
869.1406
927.7344
927.7344
1000.9766
1000.9766
1069.3359
1069.3359
1123.0469
1123.0469
1132.8125
1132.8125
1074.2187
1074.2187
952.1484
952.1484
786.1328
786.1328
595.7031
595.7031
400.3906
400.3906
205.0781
205.0781
14.6484
14.6484
0.0000
0.0000
0.0000
0.0000
0.0000
0.0000
0.0000
0.0000
0.0000
0.0000
0.0000
0.0000
0.0000
0.0000
0.0000
0.0000
0.0000
0.0000
0.0000
0.0000
0.0000
0.0000
0.0000
0.0000
0.0000
0.0000
0.0000
0.0000
0.0000
0.0000
0.0000
0.0000
0.0000
0.0000
0.0000
0.0000
0.0000
0.0000
0.0000
0.0000
0.0000
0.0000
0.0000
0.0000
0.0000
0.0000
0.0000
0.0000
0.0000
0.0000
0.0000
0.0000
0.0000
0.0000
0.0000
0.0000
0.0000
0.0000
14.6484
14.6484
63.4766
63.4766
107.4219
107.4219
156.2500
156.2500
205.0781
205.0781
258.7891
258.7891
317.3828
317.3828
375.9766
375.9766
439.4531
439.4531
502.9297
502.9297
571.2891
571.2891
649.4141
649.4141
737.3047
737.3047
849.6094
849.6094
966.7969
966.7969
1079.1016
1079.1016
1147.4609
1147.4609
1152.3437
1152.3437
1083.9844
1083.9844
947.2656
947.2656
766.6016
766.6016
576.1719
576.1719
380.8594
380.8594
180.6641
180.6641
0.0000
0.0000
0.0000
0.0000
0.0000
0.0000
0.0000
0.0000
0.0000
0.0000
0.0000
0.0000
0.0000
0.0000
0.0000
0.0000
0.0000
0.0000
0.0000
0.0000
0.0000
0.0000
0.0000
0.0000
0.0000
0.0000
0.0000
0.0000
0.0000
0.0000
0.0000
0.0000
0.0000
0.0000
0.0000
0.0000
0.0000
0.0000
0.0000
0.0000
0.0000
0.0000
0.0000
0.0000
0.0000
0.0000
0.0000
0.0000
0.0000
0.0000
0.0000
0.0000
29.2969
29.2969
92.7734
92.7734
146.4844
146.4844
190.4297
190.4297
234.3750
234.3750
273.4375
273.4375
307.6172
307.6172
341.7969
341.7969
375.9766
375.9766
410.1562
410.1562
444.3359
444.3359
488.2812
488.2812
541.9922
541.9922
600.5859
600.5859
668.9453
668.9453
742.1875
742.1875
825.1953
825.1953
917.9687
917.9687
1030.2734
1030.2734
1152.3437
1152.3437
1264.6484
1264.6484
1342.7734
1342.7734
1376.9531
1376.9531
1347.6562
1347.6562
1259.7656
1259.7656
1113.2812
1113.2812
932.6172
932.6172
722.6562
722.6562
493.1641
493.1641
263.6719
263.6719
34.1797
34.1797
0.0000
0.0000
0.0000
0.0000
0.0000
0.0000
0.0000
0.0000
0.0000
0.0000
0.0000
0.0000
0.0000
0.0000
0.0000
0.0000
0.0000
0.0000
0.0000
0.0000
0.0000
0.0000
0.0000
0.0000
0.0000
0.0000
0.0000
0.0000
0.0000
0.0000
0.0000
0.0000
0.0000
0.0000
0.0000
0.0000
0.0000
0.0000
0.0000
0.0000
0.0000
0.0000
0.0000
0.0000
0.0000
0.0000
0.0000
0.0000
0.0000
0.0000
0.0000
0.0000
19.5312
19.5312
53.7109
53.7109
87.8906
87.8906
117.1875
117.1875
146.4844
146.4844
170.8984
170.8984
195.3125
195.3125
229.4922
229.4922
273.4375
273.4375
327.1484
327.1484
390.6250
390.6250
454.1016
454.1016
527.3437
527.3437
605.4687
605.4687
698.2422
698.2422
815.4297
815.4297
947.2656
947.2656
1088.8672
1088.8672
1196.2891
1196.2891
1259.7656
1259.7656
1250.0000
1250.0000
1176.7578
1176.7578
1049.8047
1049.8047
893.5547
893.5547
717.7734
717.7734
532.2266
532.2266
346.6797
346.6797
146.4844
146.4844
0.0000
0.0000
0.0000
0.0000
0.0000
0.0000
0.0000
0.0000
0.0000
0.0000
0.0000
0.0000
0.0000
0.0000
0.0000
0.0000
0.0000
0.0000
0.0000
0.0000
0.0000
0.0000
0.0000
0.0000
0.0000
0.0000
0.0000
0.0000
0.0000
0.0000
0.0000
0.0000
0.0000
0.0000
0.0000
0.0000
0.0000
0.0000
0.0000
0.0000
0.0000
0.0000
0.0000
0.0000
0.0000
0.0000
0.0000
0.0000
0.0000
0.0000
0.0000
0.0000
14.6484
14.6484
68.3594
68.3594
122.0703
122.0703
170.8984
170.8984
214.8437
214.8437
268.5547
268.5547
327.1484
327.1484
395.5078
395.5078
473.6328
473.6328
551.7578
551.7578
629.8828
629.8828
712.8906
712.8906
795.8984
795.8984
893.5547
893.5547
1000.9766
1000.9766
1123.0469
1123.0469
1250.0000
1250.0000
1362.3047
1362.3047
1435.5469
1435.5469
1445.3125
1445.3125
1381.8359
1381.8359
1250.0000
1250.0000
1064.4531
1064.4531
844.7266
844.7266
610.3516
610.3516
361.3281
361.3281
102.5391
102.5391
0.0000
0.0000
0.0000
0.0000
0.0000
0.0000
0.0000
0.0000
0.0000
0.0000
0.0000
0.0000
0.0000
0.0000
0.0000
0.0000
0.0000
0.0000
0.0000
0.0000
0.0000
0.0000
0.0000
0.0000
0.0000
0.0000
0.0000
0.0000
0.0000
0.0000
0.0000
0.0000
0.0000
0.0000
0.0000
0.0000
0.0000
0.0000
0.0000
0.0000
0.0000
0.0000
0.0000
0.0000
0.0000
0.0000
0.0000
0.0000
0.0000
0.0000
0.0000
0.0000
83.0078
83.0078
170.8984
170.8984
249.0234
249.0234
322.2656
322.2656
385.7422
385.7422
439.4531
439.4531
488.2812
488.2812
537.1094
537.1094
581.0547
581.0547
629.8828
629.8828
678.7109
678.7109
727.5391
727.5391
781.2500
781.2500
839.8437
839.8437
898.4375
898.4375
971.6797
971.6797
1059.5703
1059.5703
1162.1094
1162.1094
1279.2969
1279.2969
1386.7187
1386.7187
1464.8437
1464.8437
1489.2578
1489.2578
1455.0781
1455.0781
1357.4219
1357.4219
1206.0547
1206.0547
1020.5078
1020.5078
805.6641
805.6641
571.2891
571.2891
327.1484
327.1484
83.0078
83.0078
0.0000
0.0000
0.0000
0.0000
0.0000
0.0000
0.0000
0.0000
0.0000
0.0000
0.0000
0.0000
0.0000
0.0000
0.0000
0.0000
0.0000
0.0000
0.0000
0.0000
0.0000
0.0000
0.0000
0.0000
0.0000
0.0000
0.0000
0.0000
0.0000
0.0000
0.0000
0.0000
0.0000
0.0000
0.0000
0.0000
0.0000
0.0000
0.0000
0.0000
0.0000
0.0000
0.0000
0.0000
0.0000
0.0000
0.0000
0.0000
0.0000
0.0000
0.0000
0.0000
0.0000
0.0000
0.0000
0.0000
0.0000
0.0000
4.8828
4.8828
63.4766
63.4766
117.1875
117.1875
170.8984
170.8984
224.6094
224.6094
273.4375
273.4375
332.0312
332.0312
385.7422
385.7422
444.3359
444.3359
498.0469
498.0469
556.6406
556.6406
615.2344
615.2344
678.7109
678.7109
751.9531
751.9531
839.8437
839.8437
947.2656
947.2656
1054.6875
1054.6875
1137.6953
1137.6953
1181.6406
1181.6406
1166.9922
1166.9922
1103.5156
1103.5156
991.2109
991.2109
849.6094
849.6094
688.4766
688.4766
527.3437
527.3437
356.4453
356.4453
185.5469
185.5469
9.7656
9.7656
0.0000
0.0000
0.0000
0.0000
0.0000
0.0000
0.0000
0.0000
0.0000
0.0000
0.0000
0.0000
0.0000
0.0000
0.0000
0.0000
0.0000
0.0000
0.0000
0.0000
0.0000
0.0000
0.0000
0.0000
0.0000
0.0000
0.0000
0.0000
0.0000
0.0000
0.0000
0.0000
0.0000
0.0000
0.0000
0.0000
0.0000
0.0000
0.0000
0.0000
0.0000
0.0000
0.0000
0.0000
0.0000
0.0000
0.0000
0.0000
0.0000
0.0000
0.0000
29.2969
29.2969
73.2422
73.2422
73.2422
117.1875
117.1875
161.1328
161.1328
200.1953
200.1953
244.1406
283.2031
283.2031
322.2656
322.2656
371.0937
371.0937
424.8047
424.8047
483.3984
483.3984
556.6406
556.6406
634.7656
634.7656
712.8906
712.8906
791.0156
791.0156
878.9062
878.9062
971.6797
971.6797
1079.1016
1079.1016
1186.5234
1186.5234
1274.4141
1274.4141
1313.4766
1313.4766
1293.9453
1293.9453
1215.8203
1215.8203
1079.1016
1079.1016
903.3203
903.3203
698.2422
698.2422
478.5156
478.5156
253.9062
253.9062
29.2969
29.2969
0.0000
0.0000
0.0000
0.0000
0.0000
0.0000
0.0000
0.0000
0.0000
0.0000
0.0000
0.0000
0.0000
0.0000
0.0000
0.0000
0.0000
0.0000
0.0000
0.0000
0.0000
0.0000
0.0000
0.0000
0.0000
0.0000
0.0000
0.0000
0.0000
0.0000
0.0000
0.0000
0.0000
0.0000
0.0000
0.0000
0.0000
0.0000
0.0000
0.0000
0.0000
0.0000
0.0000
0.0000
0.0000
0.0000
0.0000
0.0000
0.0000
0.0000
0.0000
0.0000
19.5312
19.5312
78.1250
78.1250
122.0703
122.0703
161.1328
161.1328
190.4297
190.4297
214.8437
214.8437
239.2578
239.2578
268.5547
268.5547
307.6172
307.6172
351.5625
351.5625
400.3906
400.3906
458.9844
458.9844
517.5781
517.5781
576.1719
576.1719
644.5312
644.5312
712.8906
712.8906
791.0156
791.0156
878.9062
878.9062
971.6797
971.6797
1059.5703
1059.5703
1137.6953
1137.6953
1176.7578
1176.7578
1166.9922
1166.9922
1093.7500
1093.7500
971.6797
971.6797
815.4297
815.4297
634.7656
634.7656
449.2187
449.2187
273.4375
273.4375
92.7734
92.7734
0.0000
0.0000
0.0000
0.0000
0.0000
0.0000
0.0000
0.0000
0.0000
0.0000
0.0000
0.0000
0.0000
0.0000
0.0000
0.0000
0.0000
0.0000
0.0000
0.0000
0.0000
0.0000
0.0000
0.0000
0.0000
0.0000
0.0000
0.0000
0.0000
0.0000
0.0000
0.0000
0.0000
0.0000
0.0000
0.0000
0.0000
0.0000
0.0000
0.0000
0.0000
0.0000
0.0000
0.0000
0.0000
0.0000
0.0000
0.0000
0.0000
0.0000
0.0000
0.0000
0.0000
0.0000
0.0000
0.0000
0.0000
0.0000
43.9453
43.9453
97.6562
97.6562
161.1328
161.1328
224.6094
224.6094
283.2031
283.2031
346.6797
346.6797
415.0391
415.0391
488.2812
488.2812
566.4062
566.4062
649.4141
649.4141
727.5391
727.5391
815.4297
815.4297
903.3203
903.3203
1015.6250
1015.6250
1142.5781
1142.5781
1269.5312
1269.5312
1381.8359
1381.8359
1450.1953
1450.1953
1445.3125
1445.3125
1357.4219
1357.4219
1201.1719
1201.1719
996.0937
996.0937
766.6016
766.6016
527.3437
527.3437
292.9687
292.9687
58.5937
58.5937
0.0000
0.0000
0.0000
0.0000
0.0000
0.0000
0.0000
0.0000
0.0000
0.0000
0.0000
0.0000
0.0000
0.0000
0.0000
0.0000
0.0000
0.0000
0.0000
0.0000
0.0000
0.0000
0.0000
0.0000
0.0000
0.0000
0.0000
0.0000
0.0000
0.0000
0.0000
0.0000
0.0000
0.0000
0.0000
0.0000
0.0000
0.0000
0.0000
0.0000
0.0000
0.0000
0.0000
0.0000
0.0000
0.0000
0.0000
0.0000
0.0000
0.0000
0.0000
0.0000
29.2969
29.2969
87.8906
87.8906
131.8359
131.8359
175.7812
175.7812
209.9609
209.9609
244.1406
244.1406
273.4375
273.4375
302.7344
302.7344
332.0312
332.0312
361.3281
361.3281
405.2734
405.2734
449.2187
449.2187
507.8125
507.8125
571.2891
571.2891
639.6484
639.6484
722.6562
722.6562
820.3125
820.3125
937.5000
937.5000
1059.5703
1059.5703
1181.6406
1181.6406
1274.4141
1274.4141
1318.3594
1318.3594
1313.4766
1313.4766
1259.7656
1259.7656
1157.2266
1157.2266
1015.6250
1015.6250
839.8437
839.8437
644.5312
644.5312
424.8047
424.8047
195.3125
195.3125
0.0000
0.0000
0.0000
0.0000
0.0000
0.0000
0.0000
0.0000
0.0000
0.0000
0.0000
0.0000
0.0000
0.0000
0.0000
0.0000
0.0000
0.0000
0.0000
0.0000
0.0000
0.0000
0.0000
0.0000
0.0000
0.0000
0.0000
0.0000
0.0000
0.0000
0.0000
0.0000
0.0000
0.0000
0.0000
0.0000
0.0000
0.0000
0.0000
0.0000
0.0000
0.0000
0.0000
0.0000
0.0000
0.0000
0.0000
0.0000
73.2422
73.2422
146.4844
146.4844
205.0781
205.0781
253.9062
253.9062
297.8516
297.8516
341.7969
341.7969
385.7422
385.7422
424.8047
424.8047
454.1016
454.1016
488.2812
488.2812
517.5781
517.5781
551.7578
551.7578
590.8203
590.8203
639.6484
639.6484
688.4766
688.4766
742.1875
742.1875
795.8984
795.8984
854.4922
854.4922
927.7344
927.7344
1015.6250
1015.6250
1123.0469
1123.0469
1230.4687
1230.4687
1313.4766
1313.4766
1362.3047
1362.3047
1347.6562
1347.6562
1279.2969
1279.2969
1162.1094
1162.1094
1020.5078
1020.5078
859.3750
859.3750
683.5937
683.5937
493.1641
493.1641
283.2031
283.2031
63.4766
63.4766
0.0000
0.0000
0.0000
0.0000
0.0000
0.0000
0.0000
0.0000
0.0000
0.0000
0.0000
0.0000
0.0000
0.0000
0.0000
0.0000
0.0000
0.0000
0.0000
0.0000
0.0000
0.0000
0.0000
0.0000
0.0000
0.0000
0.0000
0.0000
0.0000
0.0000
0.0000
0.0000
0.0000
0.0000
0.0000
0.0000
0.0000
0.0000
0.0000
0.0000
0.0000
0.0000
0.0000
0.0000
0.0000
0.0000
0.0000
0.0000
0.0000
0.0000
0.0000
0.0000
0.0000
0.0000
0.0000
0.0000
0.0000
0.0000
0.0000
0.0000
0.0000
0.0000
48.8281
48.8281
102.5391
102.5391
156.2500
156.2500
209.9609
209.9609
263.6719
263.6719
317.3828
317.3828
375.9766
375.9766
439.4531
439.4531
498.0469
498.0469
561.5234
561.5234
629.8828
629.8828
708.0078
708.0078
805.6641
805.6641
917.9687
917.9687
1035.1562
1035.1562
1127.9297
1127.9297
1166.9922
1166.9922
1137.6953
1137.6953
1049.8047
1049.8047
903.3203
903.3203
727.5391
727.5391
546.8750
546.8750
361.3281
361.3281
170.8984
170.8984
0.0000
0.0000
0.0000
0.0000
0.0000
0.0000
0.0000
0.0000
0.0000
0.0000
0.0000
0.0000
0.0000
0.0000
0.0000
0.0000
0.0000
0.0000
0.0000
0.0000
0.0000
0.0000
0.0000
0.0000
0.0000
0.0000
0.0000
0.0000
0.0000
0.0000
0.0000
0.0000
0.0000
0.0000
0.0000
0.0000
0.0000
0.0000
0.0000
0.0000
0.0000
0.0000
0.0000
0.0000
0.0000
0.0000
0.0000
0.0000
9.7656
9.7656
92.7734
92.7734
166.0156
166.0156
234.3750
234.3750
292.9687
292.9687
351.5625
351.5625
405.2734
405.2734
449.2187
449.2187
493.1641
493.1641
532.2266
532.2266
576.1719
576.1719
620.1172
620.1172
673.8281
673.8281
737.3047
737.3047
800.7812
800.7812
874.0234
874.0234
942.3828
942.3828
1025.3906
1025.3906
1113.2812
1113.2812
1220.7031
1220.7031
1342.7734
1342.7734
1459.9609
1459.9609
1542.9687
1542.9687
1567.3828
1567.3828
1528.3203
1528.3203
1425.7812
1425.7812
1274.4141
1274.4141
1083.9844
1083.9844
869.1406
869.1406
634.7656
634.7656
390.6250
390.6250
151.3672
151.3672
0.0000
0.0000
0.0000
0.0000
0.0000
0.0000
0.0000
0.0000
0.0000
0.0000
0.0000
0.0000
0.0000
0.0000
0.0000
0.0000
0.0000
0.0000
0.0000
0.0000
0.0000
0.0000
0.0000
0.0000
0.0000
0.0000
0.0000
0.0000
0.0000
0.0000
0.0000
0.0000
0.0000
0.0000
0.0000
0.0000
0.0000
0.0000
0.0000
0.0000
0.0000
0.0000
0.0000
0.0000
0.0000
0.0000
0.0000
0.0000
0.0000
0.0000
0.0000
0.0000
0.0000
0.0000
0.0000
0.0000
34.1797
34.1797
63.4766
63.4766
97.6562
97.6562
126.9531
126.9531
161.1328
161.1328
190.4297
190.4297
219.7266
219.7266
249.0234
249.0234
288.0859
288.0859
332.0312
332.0312
380.8594
380.8594
434.5703
434.5703
502.9297
502.9297
585.9375
585.9375
688.4766
688.4766
800.7812
800.7812
903.3203
903.3203
981.4453
981.4453
1010.7422
1010.7422
986.3281
986.3281
893.5547
893.5547
747.0703
747.0703
576.1719
576.1719
400.3906
400.3906
219.7266
219.7266
39.0625
39.0625
0.0000
0.0000
0.0000
0.0000
0.0000
0.0000
0.0000
0.0000
0.0000
0.0000
0.0000
0.0000
0.0000
0.0000
0.0000
0.0000
0.0000
0.0000
0.0000
0.0000
0.0000
0.0000
0.0000
0.0000
0.0000
0.0000
0.0000
0.0000
0.0000
0.0000
0.0000
0.0000
0.0000
0.0000
0.0000
0.0000
0.0000
0.0000
0.0000
0.0000
0.0000
0.0000
0.0000
0.0000
0.0000
0.0000
0.0000
0.0000
0.0000
0.0000
0.0000
0.0000
0.0000
0.0000
0.0000
0.0000
0.0000
0.0000
73.2422
146.4844
146.4844
219.7266
219.7266
219.7266
283.2031
283.2031
351.5625
351.5625
424.8047
424.8047
502.9297
502.9297
585.9375
585.9375
668.9453
668.9453
756.8359
756.8359
844.7266
942.3828
942.3828
1054.6875
1054.6875
1181.6406
1181.6406
1318.3594
1318.3594
1318.3594
1440.4297
1440.4297
1518.5547
1518.5547
1542.9687
1542.9687
1503.9062
1503.9062
1416.0156
1274.4141
1274.4141
1098.6328
1098.6328
888.6719
888.6719
659.1797
659.1797
410.1562
410.1562
410.1562
156.2500
156.2500
0.0000
0.0000
0.0000
0.0000
0.0000
0.0000
0.0000
0.0000
0.0000
0.0000
0.0000
0.0000
0.0000
0.0000
0.0000
0.0000
0.0000
0.0000
0.0000
0.0000
0.0000
0.0000
0.0000
0.0000
0.0000
0.0000
0.0000
0.0000
0.0000
0.0000
0.0000
0.0000
0.0000
0.0000
0.0000
0.0000
0.0000
0.0000
0.0000
0.0000
0.0000
48.8281
48.8281
131.8359
131.8359
205.0781
205.0781
278.3203
278.3203
346.6797
346.6797
410.1562
410.1562
463.8672
463.8672
502.9297
502.9297
537.1094
537.1094
561.5234
561.5234
581.0547
581.0547
605.4687
605.4687
629.8828
629.8828
664.0625
664.0625
693.3594
693.3594
732.4219
732.4219
771.4844
771.4844
815.4297
815.4297
864.2578
864.2578
927.7344
927.7344
1005.8594
1005.8594
1093.7500
1093.7500
1186.5234
1186.5234
1264.6484
1264.6484
1308.5937
1308.5937
1303.7109
1303.7109
1235.3516
1235.3516
1108.3984
1108.3984
932.6172
932.6172
737.3047
737.3047
541.9922
541.9922
351.5625
351.5625
166.0156
166.0156
0.0000
0.0000
0.0000
0.0000
0.0000
0.0000
0.0000
0.0000
0.0000
0.0000
0.0000
0.0000
0.0000
0.0000
0.0000
0.0000
0.0000
0.0000
0.0000
0.0000
0.0000
0.0000
0.0000
0.0000
0.0000
0.0000
0.0000
0.0000
0.0000
0.0000
0.0000
0.0000
0.0000
0.0000
0.0000
0.0000
0.0000
0.0000
0.0000
0.0000
0.0000
0.0000
0.0000
0.0000
0.0000
0.0000
0.0000
0.0000
0.0000
0.0000
0.0000
0.0000
0.0000
0.0000
0.0000
0.0000
0.0000
0.0000
0.0000
0.0000
0.0000
0.0000
43.9453
43.9453
107.4219
107.4219
170.8984
170.8984
234.3750
234.3750
302.7344
302.7344
366.2109
366.2109
434.5703
434.5703
507.8125
507.8125
585.9375
585.9375
664.0625
664.0625
742.1875
742.1875
830.0781
830.0781
922.8516
922.8516
1035.1562
1035.1562
1147.4609
1147.4609
1250.0000
1250.0000
1303.7109
1303.7109
1298.8281
1298.8281
1220.7031
1220.7031
1083.9844
1083.9844
898.4375
898.4375
683.5937
683.5937
454.1016
454.1016
214.8437
214.8437
0.0000
0.0000
0.0000
0.0000
0.0000
0.0000
0.0000
0.0000
0.0000
0.0000
0.0000
0.0000
0.0000
0.0000
0.0000
0.0000
0.0000
0.0000
0.0000
0.0000
0.0000
0.0000
0.0000
0.0000
0.0000
0.0000
0.0000
0.0000
0.0000
0.0000
0.0000
0.0000
0.0000
0.0000
0.0000
0.0000
0.0000
0.0000
0.0000
0.0000
0.0000
0.0000
0.0000
0.0000
0.0000
0.0000
0.0000
0.0000
0.0000
0.0000
0.0000
0.0000
0.0000
0.0000
43.9453
43.9453
92.7734
92.7734
141.6016
141.6016
175.7812
175.7812
205.0781
205.0781
224.6094
224.6094
253.9062
253.9062
283.2031
283.2031
317.3828
317.3828
361.3281
361.3281
410.1562
410.1562
463.8672
463.8672
517.5781
517.5781
585.9375
585.9375
659.1797
659.1797
737.3047
737.3047
830.0781
830.0781
932.6172
932.6172
1049.8047
1049.8047
1162.1094
1162.1094
1254.8828
1254.8828
1303.7109
1303.7109
1293.9453
1293.9453
1220.7031
1220.7031
1103.5156
1103.5156
952.1484
952.1484
781.2500
781.2500
600.5859
600.5859
405.2734
405.2734
195.3125
195.3125
0.0000
0.0000
0.0000
0.0000
0.0000
0.0000
0.0000
0.0000
0.0000
0.0000
0.0000
0.0000
0.0000
0.0000
0.0000
0.0000
0.0000
0.0000
0.0000
0.0000
0.0000
0.0000
0.0000
0.0000
0.0000
0.0000
0.0000
0.0000
0.0000
0.0000
0.0000
0.0000
0.0000
0.0000
0.0000
0.0000
0.0000
0.0000
0.0000
0.0000
0.0000
0.0000
0.0000
0.0000
0.0000
0.0000
0.0000
0.0000
0.0000
0.0000
0.0000
0.0000
0.0000
0.0000
0.0000
0.0000
0.0000
0.0000
14.6484
14.6484
53.7109
53.7109
87.8906
87.8906
117.1875
117.1875
151.3672
151.3672
200.1953
200.1953
258.7891
258.7891
327.1484
327.1484
400.3906
400.3906
488.2812
488.2812
571.2891
571.2891
654.2969
654.2969
742.1875
742.1875
844.7266
844.7266
961.9141
961.9141
1093.7500
1093.7500
1220.7031
1220.7031
1318.3594
1318.3594
1362.3047
1362.3047
1342.7734
1342.7734
1259.7656
1259.7656
1118.1641
1118.1641
942.3828
942.3828
747.0703
747.0703
541.9922
541.9922
332.0312
332.0312
122.0703
122.0703
0.0000
0.0000
0.0000
0.0000
0.0000
0.0000
0.0000
0.0000
0.0000
0.0000
0.0000
0.0000
0.0000
0.0000
0.0000
0.0000
0.0000
0.0000
0.0000
0.0000
0.0000
0.0000
0.0000
0.0000
0.0000
0.0000
0.0000
0.0000
0.0000
0.0000
0.0000
0.0000
0.0000
0.0000
0.0000
0.0000
0.0000
0.0000
0.0000
0.0000
0.0000
0.0000
0.0000
0.0000
0.0000
0.0000
0.0000
0.0000
0.0000
0.0000
0.0000
0.0000
0.0000
0.0000
39.0625
39.0625
87.8906
87.8906
136.7187
136.7187
180.6641
180.6641
229.4922
229.4922
278.3203
278.3203
336.9141
336.9141
395.5078
395.5078
454.1016
454.1016
512.6953
512.6953
576.1719
576.1719
639.6484
639.6484
708.0078
708.0078
771.4844
771.4844
839.8437
839.8437
917.9687
917.9687
1005.8594
1005.8594
1113.2812
1113.2812
1225.5859
1225.5859
1313.4766
1313.4766
1362.3047
1362.3047
1347.6562
1347.6562
1259.7656
1259.7656
1113.2812
1113.2812
927.7344
927.7344
717.7734
717.7734
498.0469
498.0469
273.4375
273.4375
48.8281
48.8281
0.0000
0.0000
0.0000
0.0000
0.0000
0.0000
0.0000
0.0000
0.0000
0.0000
0.0000
0.0000
0.0000
0.0000
0.0000
0.0000
0.0000
0.0000
0.0000
0.0000
0.0000
0.0000
0.0000
0.0000
0.0000
0.0000
0.0000
0.0000
0.0000
0.0000
0.0000
0.0000
0.0000
0.0000
0.0000
0.0000
0.0000
0.0000
0.0000
0.0000
0.0000
0.0000
0.0000
0.0000
0.0000
0.0000
0.0000
0.0000
0.0000
0.0000
0.0000
0.0000
0.0000
0.0000
53.7109
53.7109
112.3047
112.3047
166.0156
166.0156
219.7266
219.7266
268.5547
268.5547
317.3828
317.3828
361.3281
361.3281
410.1562
410.1562
463.8672
463.8672
527.3437
527.3437
590.8203
590.8203
659.1797
659.1797
732.4219
732.4219
810.5469
810.5469
893.5547
893.5547
996.0937
996.0937
1113.2812
1113.2812
1230.4687
1230.4687
1323.2422
1323.2422
1376.9531
1376.9531
1372.0703
1372.0703
1313.4766
1313.4766
1206.0547
1206.0547
1064.4531
1064.4531
888.6719
888.6719
683.5937
683.5937
458.9844
458.9844
224.6094
224.6094
0.0000
0.0000
0.0000
0.0000
0.0000
0.0000
0.0000
0.0000
0.0000
0.0000
0.0000
0.0000
0.0000
0.0000
0.0000
0.0000
0.0000
0.0000
0.0000
0.0000
0.0000
0.0000
0.0000
0.0000
0.0000
0.0000
0.0000
0.0000
0.0000
0.0000
0.0000
0.0000
0.0000
0.0000
0.0000
0.0000
0.0000
0.0000
0.0000
0.0000
0.0000
0.0000
0.0000
0.0000
0.0000
0.0000
0.0000
0.0000
0.0000
0.0000
0.0000
0.0000
34.1797
34.1797
102.5391
102.5391
161.1328
161.1328
214.8437
214.8437
258.7891
258.7891
302.7344
302.7344
341.7969
341.7969
380.8594
380.8594
415.0391
415.0391
449.2187
449.2187
483.3984
483.3984
512.6953
512.6953
541.9922
541.9922
576.1719
576.1719
620.1172
620.1172
673.8281
673.8281
751.9531
751.9531
849.6094
849.6094
947.2656
947.2656
1020.5078
1020.5078
1054.6875
1054.6875
1025.3906
1025.3906
942.3828
942.3828
820.3125
820.3125
673.8281
673.8281
517.5781
517.5781
356.4453
356.4453
190.4297
190.4297
19.5312
19.5312
0.0000
0.0000
0.0000
0.0000
0.0000
0.0000
0.0000
0.0000
0.0000
0.0000
0.0000
0.0000
0.0000
0.0000
0.0000
0.0000
0.0000
0.0000
0.0000
0.0000
0.0000
0.0000
0.0000
0.0000
0.0000
0.0000
0.0000
0.0000
0.0000
0.0000
0.0000
0.0000
0.0000
0.0000
0.0000
0.0000
0.0000
0.0000
0.0000
0.0000
0.0000
0.0000
0.0000
0.0000
0.0000
0.0000
0.0000
0.0000
0.0000
0.0000
0.0000
0.0000
0.0000
0.0000
68.3594
68.3594
136.7187
136.7187
200.1953
200.1953
263.6719
263.6719
327.1484
327.1484
390.6250
390.6250
449.2187
449.2187
517.5781
517.5781
585.9375
585.9375
654.2969
654.2969
732.4219
732.4219
815.4297
815.4297
893.5547
893.5547
976.5625
976.5625
1079.1016
1079.1016
1196.2891
1196.2891
1323.2422
1323.2422
1440.4297
1440.4297
1528.3203
1528.3203
1557.6172
1557.6172
1513.6719
1513.6719
1396.4844
1396.4844
1230.4687
1230.4687
1020.5078
1020.5078
791.0156
791.0156
546.8750
546.8750
297.8516
297.8516
53.7109
53.7109
0.0000
0.0000
0.0000
0.0000
0.0000
0.0000
0.0000
0.0000
0.0000
0.0000
0.0000
0.0000
0.0000
0.0000
0.0000
0.0000
0.0000
0.0000
0.0000
0.0000
0.0000
0.0000
0.0000
0.0000
0.0000
0.0000
0.0000
0.0000
0.0000
0.0000
0.0000
0.0000
0.0000
0.0000
0.0000
0.0000
0.0000
0.0000
0.0000
0.0000
0.0000
0.0000
0.0000
0.0000
0.0000
0.0000
0.0000
0.0000
0.0000
0.0000
19.5312
19.5312
78.1250
78.1250
136.7187
180.6641
180.6641
214.8437
214.8437
244.1406
244.1406
268.5547
268.5547
297.8516
297.8516
332.0312
332.0312
380.8594
380.8594
429.6875
429.6875
478.5156
478.5156
532.2266
532.2266
595.7031
595.7031
664.0625
664.0625
737.3047
737.3047
820.3125
820.3125
903.3203
903.3203
986.3281
986.3281
1069.3359
1069.3359
1123.0469
1123.0469
1123.0469
1123.0469
1054.6875
1054.6875
922.8516
922.8516
727.5391
727.5391
507.8125
507.8125
278.3203
278.3203
58.5937
58.5937
0.0000
0.0000
0.0000
0.0000
0.0000
0.0000
0.0000
0.0000
0.0000
0.0000
0.0000
0.0000
0.0000
0.0000
0.0000
0.0000
0.0000
0.0000
0.0000
0.0000
0.0000
0.0000
0.0000
0.0000
0.0000
0.0000
0.0000
0.0000
0.0000
0.0000
0.0000
0.0000
0.0000
0.0000
0.0000
0.0000
0.0000
0.0000
0.0000
0.0000
0.0000
0.0000
0.0000
0.0000
0.0000
0.0000
0.0000
0.0000
0.0000
0.0000
0.0000
0.0000
0.0000
0.0000
0.0000
0.0000
0.0000
0.0000
0.0000
0.0000
0.0000
0.0000
43.9453
43.9453
97.6562
97.6562
156.2500
156.2500
209.9609
209.9609
263.6719
263.6719
317.3828
317.3828
371.0937
371.0937
424.8047
424.8047
483.3984
483.3984
551.7578
551.7578
620.1172
620.1172
698.2422
698.2422
776.3672
776.3672
859.3750
859.3750
952.1484
952.1484
1059.5703
1059.5703
1186.5234
1186.5234
1313.4766
1313.4766
1406.2500
1406.2500
1440.4297
1440.4297
1401.3672
1401.3672
1284.1797
1284.1797
1103.5156
1103.5156
893.5547
893.5547
673.8281
673.8281
444.3359
444.3359
224.6094
224.6094
14.6484
14.6484
0.0000
0.0000
0.0000
0.0000
0.0000
0.0000
0.0000
0.0000
0.0000
0.0000
0.0000
0.0000
0.0000
0.0000
0.0000
0.0000
0.0000
0.0000
0.0000
0.0000
0.0000
0.0000
0.0000
0.0000
0.0000
0.0000
0.0000
0.0000
0.0000
0.0000
0.0000
0.0000
0.0000
0.0000
0.0000
0.0000
0.0000
0.0000
0.0000
0.0000
0.0000
0.0000
0.0000
0.0000
0.0000
0.0000
0.0000
0.0000
0.0000
0.0000
0.0000
0.0000
0.0000
0.0000
0.0000
0.0000
43.9453
43.9453
87.8906
87.8906
126.9531
126.9531
166.0156
166.0156
209.9609
209.9609
263.6719
263.6719
312.5000
312.5000
371.0937
371.0937
429.6875
429.6875
493.1641
493.1641
561.5234
561.5234
634.7656
634.7656
712.8906
712.8906
810.5469
810.5469
927.7344
927.7344
1044.9219
1044.9219
1142.5781
1142.5781
1201.1719
1201.1719
1206.0547
1206.0547
1147.4609
1147.4609
1040.0391
1040.0391
903.3203
903.3203
747.0703
747.0703
581.0547
581.0547
405.2734
405.2734
224.6094
224.6094
39.0625
39.0625
0.0000
0.0000
0.0000
0.0000
0.0000
0.0000
0.0000
0.0000
0.0000
0.0000
0.0000
0.0000
0.0000
0.0000
0.0000
0.0000
0.0000
0.0000
0.0000
0.0000
0.0000
0.0000
0.0000
0.0000
0.0000
0.0000
0.0000
0.0000
0.0000
0.0000
0.0000
0.0000
0.0000
0.0000
0.0000
0.0000
0.0000
0.0000
0.0000
0.0000
0.0000
0.0000
0.0000
0.0000
0.0000
0.0000
0.0000
0.0000
0.0000
0.0000
29.2969
29.2969
73.2422
73.2422
122.0703
122.0703
161.1328
161.1328
195.3125
195.3125
229.4922
229.4922
268.5547
268.5547
307.6172
307.6172
356.4453
356.4453
415.0391
415.0391
488.2812
488.2812
561.5234
561.5234
644.5312
644.5312
737.3047
737.3047
830.0781
830.0781
922.8516
922.8516
1035.1562
1035.1562
1166.9922
1166.9922
1303.7109
1303.7109
1420.8984
1420.8984
1499.0234
1499.0234
1508.7891
1508.7891
1450.1953
1450.1953
1323.2422
1323.2422
1152.3437
1152.3437
952.1484
952.1484
732.4219
732.4219
498.0469
498.0469
258.7891
258.7891
4.8828
4.8828
0.0000
0.0000
0.0000
0.0000
0.0000
0.0000
0.0000
0.0000
0.0000
0.0000
0.0000
0.0000
0.0000
0.0000
0.0000
0.0000
0.0000
0.0000
0.0000
0.0000
0.0000
0.0000
0.0000
0.0000
0.0000
0.0000
0.0000
0.0000
0.0000
0.0000
0.0000
0.0000
0.0000
0.0000
0.0000
0.0000
0.0000
0.0000
0.0000
0.0000
0.0000
0.0000
0.0000
0.0000
0.0000
0.0000
0.0000
0.0000
0.0000
0.0000
0.0000
0.0000
0.0000
0.0000
0.0000
0.0000
0.0000
0.0000
43.9453
43.9453
112.3047
112.3047
180.6641
180.6641
258.7891
258.7891
332.0312
332.0312
410.1562
410.1562
488.2812
488.2812
566.4062
566.4062
644.5312
644.5312
722.6562
722.6562
800.7812
800.7812
888.6719
888.6719
996.0937
996.0937
1113.2812
1113.2812
1235.3516
1235.3516
1333.0078
1333.0078
1391.6016
1391.6016
1386.7187
1386.7187
1318.3594
1318.3594
1196.2891
1196.2891
1030.2734
1030.2734
834.9609
834.9609
615.2344
615.2344
390.6250
390.6250
166.0156
166.0156
0.0000
0.0000
0.0000
0.0000
0.0000
0.0000
0.0000
0.0000
0.0000
0.0000
0.0000
0.0000
0.0000
0.0000
0.0000
0.0000
0.0000
0.0000
0.0000
0.0000
0.0000
0.0000
0.0000
0.0000
0.0000
0.0000
0.0000
0.0000
0.0000
0.0000
0.0000
0.0000
0.0000
0.0000
0.0000
0.0000
0.0000
0.0000
0.0000
0.0000
0.0000
0.0000
0.0000
0.0000
0.0000
0.0000
0.0000
0.0000
83.0078
83.0078
170.8984
170.8984
244.1406
244.1406
307.6172
307.6172
361.3281
361.3281
405.2734
405.2734
449.2187
449.2187
493.1641
493.1641
532.2266
532.2266
571.2891
571.2891
610.3516
610.3516
654.2969
654.2969
703.1250
703.1250
751.9531
751.9531
810.5469
810.5469
874.0234
874.0234
942.3828
942.3828
1025.3906
1025.3906
1127.9297
1127.9297
1240.2344
1240.2344
1337.8906
1337.8906
1401.3672
1401.3672
1401.3672
1401.3672
1337.8906
1337.8906
1206.0547
1206.0547
1040.0391
1040.0391
854.4922
854.4922
664.0625
664.0625
473.6328
473.6328
278.3203
278.3203
73.2422
73.2422
0.0000
0.0000
0.0000
0.0000
0.0000
0.0000
0.0000
0.0000
0.0000
0.0000
0.0000
0.0000
0.0000
0.0000
0.0000
0.0000
0.0000
0.0000
0.0000
0.0000
0.0000
0.0000
0.0000
0.0000
0.0000
0.0000
0.0000
0.0000
0.0000
0.0000
0.0000
0.0000
0.0000
0.0000
0.0000
0.0000
0.0000
0.0000
0.0000
0.0000
0.0000
0.0000
0.0000
0.0000
0.0000
0.0000
0.0000
0.0000
0.0000
0.0000
0.0000
0.0000
0.0000
0.0000
24.4141
24.4141
83.0078
83.0078
136.7187
136.7187
180.6641
180.6641
224.6094
224.6094
263.6719
263.6719
302.7344
302.7344
336.9141
336.9141
375.9766
375.9766
415.0391
415.0391
454.1016
454.1016
498.0469
498.0469
546.8750
546.8750
590.8203
590.8203
644.5312
644.5312
712.8906
712.8906
800.7812
800.7812
893.5547
893.5547
971.6797
971.6797
1025.3906
1025.3906
1030.2734
1030.2734
996.0937
996.0937
917.9687
917.9687
800.7812
800.7812
649.4141
649.4141
468.7500
468.7500
258.7891
258.7891
29.2969
29.2969
0.0000
0.0000
0.0000
0.0000
0.0000
0.0000
0.0000
0.0000
0.0000
0.0000
0.0000
0.0000
0.0000
0.0000
0.0000
0.0000
0.0000
0.0000
0.0000
0.0000
0.0000
0.0000
0.0000
0.0000
0.0000
0.0000
0.0000
0.0000
0.0000
0.0000
0.0000
0.0000
0.0000
0.0000
0.0000
0.0000
0.0000
0.0000
0.0000
0.0000
0.0000
0.0000
0.0000
0.0000
0.0000
0.0000
0.0000
0.0000
0.0000
0.0000
0.0000
0.0000
39.0625
39.0625
102.5391
102.5391
166.0156
166.0156
214.8437
214.8437
268.5547
268.5547
317.3828
317.3828
366.2109
366.2109
415.0391
415.0391
468.7500
468.7500
512.6953
512.6953
561.5234
561.5234
615.2344
615.2344
678.7109
678.7109
751.9531
751.9531
834.9609
834.9609
917.9687
917.9687
1010.7422
1010.7422
1108.3984
1108.3984
1220.7031
1220.7031
1328.1250
1328.1250
1406.2500
1406.2500
1420.8984
1420.8984
1367.1875
1367.1875
1240.2344
1240.2344
1049.8047
1049.8047
830.0781
830.0781
590.8203
590.8203
346.6797
346.6797
92.7734
92.7734
0.0000
0.0000
0.0000
0.0000
0.0000
0.0000
0.0000
0.0000
0.0000
0.0000
0.0000
0.0000
0.0000
0.0000
0.0000
0.0000
0.0000
0.0000
0.0000
0.0000
0.0000
0.0000
0.0000
0.0000
0.0000
0.0000
0.0000
0.0000
0.0000
0.0000
0.0000
0.0000
0.0000
0.0000
0.0000
0.0000
0.0000
0.0000
0.0000
0.0000
0.0000
0.0000
0.0000
0.0000
0.0000
0.0000
0.0000
0.0000
0.0000
0.0000
24.4141
24.4141
78.1250
78.1250
131.8359
131.8359
175.7812
214.8437
214.8437
214.8437
244.1406
244.1406
268.5547
268.5547
288.0859
288.0859
307.6172
307.6172
336.9141
336.9141
375.9766
375.9766
415.0391
415.0391
468.7500
522.4609
522.4609
581.0547
581.0547
581.0547
644.5312
644.5312
712.8906
712.8906
781.2500
781.2500
839.8437
839.8437
898.4375
898.4375
957.0312
957.0312
1025.3906
1025.3906
1108.3984
1108.3984
1210.9375
1210.9375
1313.4766
1313.4766
1396.4844
1396.4844
1435.5469
1435.5469
1411.1328
1411.1328
1323.2422
1323.2422
1171.8750
986.3281
986.3281
776.3672
776.3672
566.4062
566.4062
351.5625
351.5625
136.7187
136.7187
0.0000
0.0000
0.0000
0.0000
0.0000
0.0000
0.0000
0.0000
0.0000
0.0000
0.0000
0.0000
0.0000
0.0000
0.0000
0.0000
0.0000
0.0000
0.0000
0.0000
0.0000
0.0000
0.0000
0.0000
0.0000
0.0000
0.0000
0.0000
0.0000
0.0000
0.0000
0.0000
0.0000
0.0000
0.0000
0.0000
0.0000
0.0000
0.0000
0.0000
0.0000
0.0000
0.0000
0.0000
0.0000
0.0000
0.0000
0.0000
0.0000
0.0000
0.0000
0.0000
0.0000
0.0000
0.0000
0.0000
0.0000
0.0000
0.0000
0.0000
0.0000
0.0000
48.8281
48.8281
117.1875
117.1875
180.6641
180.6641
244.1406
244.1406
317.3828
317.3828
385.7422
385.7422
454.1016
454.1016
527.3437
527.3437
595.7031
595.7031
668.9453
668.9453
751.9531
751.9531
849.6094
849.6094
966.7969
966.7969
1113.2812
1113.2812
1264.6484
1264.6484
1406.2500
1406.2500
1508.7891
1508.7891
1557.6172
1557.6172
1538.0859
1538.0859
1455.0781
1455.0781
1313.4766
1313.4766
1127.9297
1127.9297
913.0859
913.0859
683.5937
683.5937
454.1016
454.1016
224.6094
224.6094
4.8828
4.8828
0.0000
0.0000
0.0000
0.0000
0.0000
0.0000
0.0000
0.0000
0.0000
0.0000
0.0000
0.0000
0.0000
0.0000
0.0000
0.0000
0.0000
0.0000
0.0000
0.0000
0.0000
0.0000
0.0000
0.0000
0.0000
0.0000
0.0000
0.0000
0.0000
0.0000
0.0000
0.0000
0.0000
0.0000
0.0000
0.0000
0.0000
0.0000
0.0000
0.0000
0.0000
0.0000
0.0000
0.0000
0.0000
0.0000
0.0000
0.0000
0.0000
0.0000
0.0000
0.0000
0.0000
0.0000
34.1797
34.1797
107.4219
107.4219
185.5469
185.5469
268.5547
268.5547
351.5625
351.5625
434.5703
434.5703
522.4609
522.4609
610.3516
610.3516
698.2422
698.2422
791.0156
791.0156
878.9062
878.9062
966.7969
966.7969
1044.9219
1044.9219
1127.9297
1127.9297
1210.9375
1210.9375
1303.7109
1303.7109
1411.1328
1411.1328
1513.6719
1513.6719
1601.5625
1601.5625
1645.5078
1645.5078
1621.0937
1621.0937
1513.6719
1513.6719
1323.2422
1323.2422
1074.2187
1074.2187
791.0156
791.0156
502.9297
502.9297
224.6094
224.6094
0.0000
0.0000
0.0000
0.0000
0.0000
0.0000
0.0000
0.0000
0.0000
0.0000
0.0000
0.0000
0.0000
0.0000
0.0000
0.0000
0.0000
0.0000
0.0000
0.0000
0.0000
0.0000
0.0000
0.0000
0.0000
0.0000
0.0000
0.0000
0.0000
0.0000
0.0000
0.0000
0.0000
0.0000
0.0000
0.0000
0.0000
0.0000
0.0000
0.0000
0.0000
0.0000
0.0000
0.0000
0.0000
0.0000
0.0000
0.0000
0.0000
0.0000
0.0000
0.0000
0.0000
0.0000
0.0000
0.0000
0.0000
0.0000
9.7656
9.7656
83.0078
83.0078
156.2500
156.2500
229.4922
229.4922
302.7344
302.7344
375.9766
375.9766
454.1016
454.1016
537.1094
537.1094
620.1172
620.1172
703.1250
703.1250
791.0156
791.0156
878.9062
878.9062
971.6797
971.6797
1069.3359
1069.3359
1176.7578
1176.7578
1293.9453
1293.9453
1425.7812
1425.7812
1562.5000
1562.5000
1694.3359
1694.3359
1787.1094
1787.1094
1816.4062
1816.4062
1757.8125
1757.8125
1596.6797
1596.6797
1337.8906
1337.8906
1010.7422
1010.7422
668.9453
668.9453
332.0312
332.0312
19.5312
19.5312
0.0000
0.0000
0.0000
0.0000
0.0000
0.0000
0.0000
0.0000
0.0000
0.0000
0.0000
0.0000
0.0000
0.0000
0.0000
0.0000
0.0000
0.0000
0.0000
0.0000
0.0000
0.0000
0.0000
0.0000
0.0000
0.0000
0.0000
0.0000
0.0000
0.0000
0.0000
0.0000
0.0000
0.0000
0.0000
0.0000
0.0000
0.0000
0.0000
0.0000
0.0000
0.0000
0.0000
0.0000
0.0000
0.0000
0.0000
0.0000
0.0000
0.0000
0.0000
0.0000
0.0000
0.0000
58.5937
58.5937
146.4844
146.4844
219.7266
219.7266
283.2031
283.2031
341.7969
341.7969
390.6250
390.6250
434.5703
434.5703
483.3984
483.3984
537.1094
537.1094
595.7031
595.7031
659.1797
659.1797
722.6562
722.6562
786.1328
786.1328
849.6094
849.6094
922.8516
922.8516
1000.9766
1000.9766
1088.8672
1088.8672
1191.4062
1191.4062
1298.8281
1298.8281
1406.2500
1406.2500
1494.1406
1494.1406
1542.9687
1542.9687
1547.8516
1547.8516
1499.0234
1499.0234
1391.6016
1391.6016
1240.2344
1240.2344
1040.0391
1040.0391
810.5469
810.5469
561.5234
561.5234
307.6172
307.6172
58.5937
58.5937
0.0000
0.0000
0.0000
0.0000
0.0000
0.0000
0.0000
0.0000
0.0000
0.0000
0.0000
0.0000
0.0000
0.0000
0.0000
0.0000
0.0000
0.0000
0.0000
0.0000
0.0000
0.0000
0.0000
0.0000
0.0000
0.0000
0.0000
0.0000
0.0000
0.0000
0.0000
0.0000
0.0000
0.0000
0.0000
0.0000
0.0000
0.0000
0.0000
0.0000
0.0000
0.0000
0.0000
0.0000
0.0000
0.0000
0.0000
0.0000
0.0000
0.0000
0.0000
0.0000
0.0000
0.0000
0.0000
0.0000
0.0000
0.0000
34.1797
34.1797
117.1875
117.1875
205.0781
205.0781
292.9687
292.9687
380.8594
380.8594
468.7500
468.7500
561.5234
561.5234
649.4141
649.4141
737.3047
737.3047
820.3125
820.3125
903.3203
903.3203
986.3281
986.3281
1088.8672
1088.8672
1206.0547
1206.0547
1323.2422
1323.2422
1411.1328
1411.1328
1455.0781
1455.0781
1420.8984
1420.8984
1318.3594
1318.3594
1166.9922
1166.9922
981.4453
981.4453
771.4844
771.4844
537.1094
537.1094
297.8516
297.8516
53.7109
53.7109
0.0000
0.0000
0.0000
0.0000
0.0000
0.0000
0.0000
0.0000
0.0000
0.0000
0.0000
0.0000
0.0000
0.0000
0.0000
0.0000
0.0000
0.0000
0.0000
0.0000
0.0000
0.0000
0.0000
0.0000
0.0000
0.0000
0.0000
0.0000
0.0000
0.0000
0.0000
0.0000
0.0000
0.0000
0.0000
0.0000
0.0000
0.0000
0.0000
0.0000
0.0000
0.0000
0.0000
0.0000
0.0000
0.0000
0.0000
0.0000
53.7109
53.7109
117.1875
117.1875
166.0156
166.0156
219.7266
219.7266
263.6719
263.6719
307.6172
307.6172
341.7969
341.7969
375.9766
375.9766
405.2734
405.2734
429.6875
429.6875
458.9844
458.9844
488.2812
488.2812
522.4609
522.4609
561.5234
561.5234
615.2344
615.2344
673.8281
673.8281
737.3047
737.3047
810.5469
810.5469
898.4375
898.4375
1000.9766
1000.9766
1123.0469
1123.0469
1250.0000
1250.0000
1357.4219
1357.4219
1416.0156
1416.0156
1391.6016
1391.6016
1298.8281
1298.8281
1147.4609
1147.4609
957.0312
957.0312
751.9531
751.9531
532.2266
532.2266
302.7344
302.7344
48.8281
48.8281
0.0000
0.0000
0.0000
0.0000
0.0000
0.0000
0.0000
0.0000
0.0000
0.0000
0.0000
0.0000
0.0000
0.0000
0.0000
0.0000
0.0000
0.0000
0.0000
0.0000
0.0000
0.0000
0.0000
0.0000
0.0000
0.0000
0.0000
0.0000
0.0000
0.0000
0.0000
0.0000
0.0000
0.0000
0.0000
0.0000
0.0000
0.0000
0.0000
0.0000
0.0000
0.0000
0.0000
0.0000
0.0000
0.0000
0.0000
0.0000
0.0000
0.0000
0.0000
0.0000
0.0000
0.0000
0.0000
0.0000
48.8281
48.8281
107.4219
107.4219
166.0156
166.0156
219.7266
219.7266
268.5547
268.5547
312.5000
312.5000
356.4453
356.4453
400.3906
400.3906
449.2187
449.2187
498.0469
498.0469
551.7578
551.7578
600.5859
600.5859
654.2969
654.2969
708.0078
708.0078
766.6016
766.6016
830.0781
830.0781
903.3203
903.3203
981.4453
981.4453
1074.2187
1074.2187
1181.6406
1181.6406
1308.5937
1308.5937
1440.4297
1440.4297
1547.8516
1547.8516
1616.2109
1616.2109
1621.0937
1621.0937
1557.6172
1557.6172
1430.6641
1430.6641
1259.7656
1259.7656
1064.4531
1064.4531
849.6094
849.6094
620.1172
620.1172
380.8594
380.8594
131.8359
131.8359
0.0000
0.0000
0.0000
0.0000
0.0000
0.0000
0.0000
0.0000
0.0000
0.0000
0.0000
0.0000
0.0000
0.0000
0.0000
0.0000
0.0000
0.0000
0.0000
0.0000
0.0000
0.0000
0.0000
0.0000
0.0000
0.0000
0.0000
0.0000
0.0000
0.0000
0.0000
0.0000
0.0000
0.0000
0.0000
0.0000
0.0000
0.0000
0.0000
0.0000
0.0000
0.0000
0.0000
0.0000
0.0000
0.0000
0.0000
0.0000
4.8828
4.8828
68.3594
68.3594
126.9531
126.9531
180.6641
180.6641
214.8437
214.8437
244.1406
244.1406
263.6719
263.6719
278.3203
278.3203
292.9687
292.9687
302.7344
302.7344
322.2656
322.2656
341.7969
341.7969
366.2109
366.2109
405.2734
405.2734
454.1016
454.1016
517.5781
595.7031
595.7031
595.7031
683.5937
683.5937
786.1328
786.1328
903.3203
903.3203
1035.1562
1035.1562
1176.7578
1176.7578
1298.8281
1298.8281
1376.9531
1376.9531
1396.4844
1396.4844
1347.6562
1347.6562
1245.1172
1245.1172
1079.1016
1079.1016
869.1406
869.1406
620.1172
620.1172
341.7969
341.7969
53.7109
53.7109
0.0000
0.0000
0.0000
0.0000
0.0000
0.0000
0.0000
0.0000
0.0000
0.0000
0.0000
0.0000
0.0000
0.0000
0.0000
0.0000
0.0000
0.0000
0.0000
0.0000
0.0000
0.0000
0.0000
0.0000
0.0000
0.0000
0.0000
0.0000
0.0000
0.0000
0.0000
0.0000
0.0000
0.0000
0.0000
0.0000
0.0000
0.0000
0.0000
0.0000
0.0000
0.0000
0.0000
0.0000
0.0000
0.0000
0.0000
0.0000
0.0000
0.0000
0.0000
0.0000
0.0000
0.0000
0.0000
0.0000
0.0000
0.0000
0.0000
0.0000
0.0000
48.8281
48.8281
112.3047
112.3047
170.8984
170.8984
234.3750
234.3750
297.8516
297.8516
366.2109
366.2109
439.4531
439.4531
512.6953
512.6953
585.9375
585.9375
668.9453
668.9453
751.9531
751.9531
844.7266
844.7266
947.2656
947.2656
1064.4531
1064.4531
1181.6406
1181.6406
1279.2969
1279.2969
1337.8906
1337.8906
1342.7734
1342.7734
1298.8281
1298.8281
1201.1719
1201.1719
1069.3359
1069.3359
908.2031
908.2031
722.6562
722.6562
522.4609
522.4609
302.7344
302.7344
78.1250
78.1250
0.0000
0.0000
0.0000
0.0000
0.0000
0.0000
0.0000
0.0000
0.0000
0.0000
0.0000
0.0000
0.0000
0.0000
0.0000
0.0000
0.0000
0.0000
0.0000
0.0000
0.0000
0.0000
0.0000
0.0000
0.0000
0.0000
0.0000
0.0000
0.0000
0.0000
0.0000
0.0000
0.0000
0.0000
0.0000
0.0000
0.0000
0.0000
0.0000
0.0000
0.0000
0.0000
0.0000
0.0000
0.0000
0.0000
0.0000
0.0000
0.0000
0.0000
68.3594
68.3594
141.6016
141.6016
205.0781
205.0781
263.6719
263.6719
302.7344
302.7344
341.7969
341.7969
371.0937
371.0937
400.3906
400.3906
424.8047
424.8047
454.1016
454.1016
483.3984
483.3984
512.6953
512.6953
546.8750
546.8750
581.0547
581.0547
625.0000
625.0000
673.8281
673.8281
737.3047
737.3047
825.1953
825.1953
937.5000
937.5000
1069.3359
1069.3359
1210.9375
1210.9375
1328.1250
1328.1250
1386.7187
1386.7187
1376.9531
1376.9531
1293.9453
1293.9453
1152.3437
1152.3437
971.6797
971.6797
776.3672
776.3672
566.4062
566.4062
346.6797
346.6797
122.0703
122.0703
0.0000
0.0000
0.0000
0.0000
0.0000
0.0000
0.0000
0.0000
0.0000
0.0000
0.0000
0.0000
0.0000
0.0000
0.0000
0.0000
0.0000
0.0000
0.0000
0.0000
0.0000
0.0000
0.0000
0.0000
0.0000
0.0000
0.0000
0.0000
0.0000
0.0000
0.0000
0.0000
0.0000
0.0000
0.0000
0.0000
0.0000
0.0000
0.0000
0.0000
0.0000
0.0000
0.0000
0.0000
0.0000
0.0000
0.0000
0.0000
0.0000
0.0000
0.0000
0.0000
83.0078
83.0078
161.1328
161.1328
224.6094
224.6094
288.0859
288.0859
346.6797
346.6797
400.3906
400.3906
454.1016
454.1016
502.9297
502.9297
551.7578
551.7578
595.7031
595.7031
644.5312
644.5312
703.1250
703.1250
761.7187
761.7187
825.1953
825.1953
883.7891
883.7891
952.1484
952.1484
1030.2734
1030.2734
1127.9297
1127.9297
1245.1172
1245.1172
1357.4219
1357.4219
1440.4297
1440.4297
1479.4922
1479.4922
1474.6094
1474.6094
1420.8984
1420.8984
1328.1250
1328.1250
1206.0547
1206.0547
1044.9219
1044.9219
844.7266
844.7266
625.0000
625.0000
385.7422
385.7422
141.6016
141.6016
0.0000
0.0000
0.0000
0.0000
0.0000
0.0000
0.0000
0.0000
0.0000
0.0000
0.0000
0.0000
0.0000
0.0000
0.0000
0.0000
0.0000
0.0000
0.0000
0.0000
0.0000
0.0000
0.0000
0.0000
0.0000
0.0000
0.0000
0.0000
0.0000
0.0000
0.0000
0.0000
0.0000
0.0000
0.0000
0.0000
0.0000
0.0000
0.0000
0.0000
0.0000
0.0000
0.0000
0.0000
0.0000
0.0000
0.0000
0.0000
0.0000
0.0000
0.0000
0.0000
0.0000
0.0000
0.0000
0.0000
0.0000
0.0000
0.0000
0.0000
34.1797
34.1797
83.0078
83.0078
136.7187
136.7187
190.4297
190.4297
249.0234
249.0234
312.5000
312.5000
375.9766
375.9766
454.1016
454.1016
537.1094
537.1094
625.0000
625.0000
722.6562
722.6562
834.9609
834.9609
957.0312
957.0312
1079.1016
1079.1016
1186.5234
1186.5234
1259.7656
1259.7656
1284.1797
1284.1797
1245.1172
1245.1172
1162.1094
1162.1094
1025.3906
1025.3906
844.7266
844.7266
625.0000
625.0000
385.7422
385.7422
131.8359
131.8359
0.0000
0.0000
0.0000
0.0000
0.0000
0.0000
0.0000
0.0000
0.0000
0.0000
0.0000
0.0000
0.0000
0.0000
0.0000
0.0000
0.0000
0.0000
0.0000
0.0000
0.0000
0.0000
0.0000
0.0000
0.0000
0.0000
0.0000
0.0000
0.0000
0.0000
0.0000
0.0000
0.0000
0.0000
0.0000
0.0000
0.0000
0.0000
0.0000
0.0000
0.0000
0.0000
0.0000
0.0000
0.0000
0.0000
0.0000
0.0000
0.0000
0.0000
0.0000
0.0000
34.1797
34.1797
102.5391
102.5391
166.0156
166.0156
224.6094
224.6094
273.4375
273.4375
322.2656
322.2656
371.0937
371.0937
415.0391
415.0391
463.8672
463.8672
512.6953
512.6953
576.1719
576.1719
639.6484
639.6484
708.0078
708.0078
781.2500
781.2500
854.4922
854.4922
927.7344
927.7344
1020.5078
1020.5078
1118.1641
1118.1641
1215.8203
1215.8203
1293.9453
1293.9453
1337.8906
1337.8906
1333.0078
1333.0078
1274.4141
1274.4141
1166.9922
1166.9922
1025.3906
1025.3906
849.6094
849.6094
654.2969
654.2969
439.4531
439.4531
214.8437
214.8437
0.0000
0.0000
0.0000
0.0000
0.0000
0.0000
0.0000
0.0000
0.0000
0.0000
0.0000
0.0000
0.0000
0.0000
0.0000
0.0000
0.0000
0.0000
0.0000
0.0000
0.0000
0.0000
0.0000
0.0000
0.0000
0.0000
0.0000
0.0000
0.0000
0.0000
0.0000
0.0000
0.0000
0.0000
0.0000
0.0000
0.0000
0.0000
0.0000
0.0000
0.0000
0.0000
0.0000
0.0000
0.0000
0.0000
0.0000
0.0000
29.2969
29.2969
83.0078
83.0078
131.8359
131.8359
180.6641
180.6641
224.6094
224.6094
258.7891
258.7891
297.8516
297.8516
332.0312
332.0312
371.0937
371.0937
410.1562
410.1562
458.9844
458.9844
507.8125
507.8125
556.6406
556.6406
600.5859
600.5859
649.4141
649.4141
703.1250
703.1250
751.9531
751.9531
810.5469
810.5469
883.7891
883.7891
966.7969
966.7969
1064.4531
1064.4531
1171.8750
1171.8750
1259.7656
1259.7656
1303.7109
1303.7109
1298.8281
1298.8281
1240.2344
1240.2344
1127.9297
1127.9297
971.6797
971.6797
781.2500
781.2500
556.6406
556.6406
307.6172
307.6172
43.9453
43.9453
0.0000
0.0000
0.0000
0.0000
0.0000
0.0000
0.0000
0.0000
0.0000
0.0000
0.0000
0.0000
0.0000
0.0000
0.0000
0.0000
0.0000
0.0000
0.0000
0.0000
0.0000
0.0000
0.0000
0.0000
0.0000
0.0000
0.0000
0.0000
0.0000
0.0000
0.0000
0.0000
0.0000
0.0000
0.0000
0.0000
0.0000
0.0000
0.0000
0.0000
0.0000
0.0000
0.0000
0.0000
0.0000
0.0000
0.0000
0.0000
0.0000
0.0000
0.0000
0.0000
63.4766
63.4766
146.4844
146.4844
214.8437
214.8437
273.4375
273.4375
327.1484
327.1484
371.0937
371.0937
410.1562
410.1562
444.3359
444.3359
473.6328
473.6328
502.9297
502.9297
541.9922
541.9922
581.0547
581.0547
620.1172
620.1172
654.2969
654.2969
698.2422
698.2422
742.1875
742.1875
791.0156
791.0156
844.7266
844.7266
922.8516
922.8516
1020.5078
1020.5078
1132.8125
1132.8125
1250.0000
1250.0000
1347.6562
1347.6562
1416.0156
1416.0156
1440.4297
1440.4297
1420.8984
1420.8984
1352.5391
1352.5391
1240.2344
1240.2344
1083.9844
1083.9844
898.4375
898.4375
683.5937
683.5937
444.3359
444.3359
200.1953
200.1953
0.0000
0.0000
0.0000
0.0000
0.0000
0.0000
0.0000
0.0000
0.0000
0.0000
0.0000
0.0000
0.0000
0.0000
0.0000
0.0000
0.0000
0.0000
0.0000
0.0000
0.0000
0.0000
0.0000
0.0000
0.0000
0.0000
0.0000
0.0000
0.0000
0.0000
0.0000
0.0000
0.0000
0.0000
0.0000
0.0000
0.0000
0.0000
0.0000
0.0000
0.0000
0.0000
0.0000
0.0000
0.0000
0.0000
0.0000
0.0000
0.0000
0.0000
0.0000
0.0000
9.7656
9.7656
34.1797
34.1797
53.7109
53.7109
73.2422
73.2422
92.7734
92.7734
117.1875
117.1875
146.4844
146.4844
180.6641
180.6641
209.9609
209.9609
249.0234
249.0234
288.0859
288.0859
336.9141
336.9141
395.5078
395.5078
463.8672
463.8672
541.9922
541.9922
634.7656
634.7656
751.9531
751.9531
888.6719
888.6719
1040.0391
1040.0391
1181.6406
1181.6406
1284.1797
1284.1797
1328.1250
1328.1250
1293.9453
1293.9453
1181.6406
1181.6406
1015.6250
1015.6250
820.3125
820.3125
610.3516
610.3516
390.6250
390.6250
161.1328
161.1328
0.0000
0.0000
0.0000
0.0000
0.0000
0.0000
0.0000
0.0000
0.0000
0.0000
0.0000
0.0000
0.0000
0.0000
0.0000
0.0000
0.0000
0.0000
0.0000
0.0000
0.0000
0.0000
0.0000
0.0000
0.0000
0.0000
0.0000
0.0000
0.0000
0.0000
0.0000
0.0000
0.0000
0.0000
0.0000
0.0000
0.0000
0.0000
0.0000
0.0000
0.0000
0.0000
0.0000
0.0000
0.0000
0.0000
0.0000
0.0000
0.0000
0.0000
0.0000
0.0000
0.0000
0.0000
19.5312
19.5312
112.3047
112.3047
195.3125
273.4375
273.4375
273.4375
341.7969
341.7969
410.1562
463.8672
463.8672
463.8672
517.5781
517.5781
571.2891
571.2891
620.1172
620.1172
673.8281
673.8281
722.6562
722.6562
776.3672
834.9609
834.9609
893.5547
893.5547
971.6797
971.6797
1074.2187
1074.2187
1191.4062
1191.4062
1313.4766
1313.4766
1430.6641
1430.6641
1503.9062
1503.9062
1528.3203
1528.3203
1499.0234
1499.0234
1420.8984
1420.8984
1293.9453
1293.9453
1118.1641
1118.1641
922.8516
922.8516
708.0078
708.0078
488.2812
488.2812
263.6719
263.6719
43.9453
43.9453
0.0000
0.0000
0.0000
0.0000
0.0000
0.0000
0.0000
0.0000
0.0000
0.0000
0.0000
0.0000
0.0000
0.0000
0.0000
0.0000
0.0000
0.0000
0.0000
0.0000
0.0000
0.0000
0.0000
0.0000
0.0000
0.0000
0.0000
0.0000
0.0000
0.0000
0.0000
0.0000
0.0000
0.0000
0.0000
0.0000
0.0000
0.0000
0.0000
0.0000
0.0000
0.0000
0.0000
0.0000
0.0000
0.0000
0.0000
0.0000
0.0000
0.0000
0.0000
0.0000
0.0000
0.0000
0.0000
0.0000
29.2969
29.2969
68.3594
68.3594
107.4219
107.4219
146.4844
146.4844
185.5469
185.5469
234.3750
234.3750
283.2031
283.2031
341.7969
341.7969
405.2734
405.2734
473.6328
473.6328
541.9922
541.9922
615.2344
615.2344
703.1250
703.1250
800.7812
800.7812
913.0859
913.0859
1040.0391
1040.0391
1157.2266
1157.2266
1240.2344
1240.2344
1279.2969
1279.2969
1250.0000
1250.0000
1157.2266
1157.2266
1025.3906
1025.3906
859.3750
859.3750
673.8281
673.8281
473.6328
473.6328
253.9062
253.9062
14.6484
14.6484
0.0000
0.0000
0.0000
0.0000
0.0000
0.0000
0.0000
0.0000
0.0000
0.0000
0.0000
0.0000
0.0000
0.0000
0.0000
0.0000
0.0000
0.0000
0.0000
0.0000
0.0000
0.0000
0.0000
0.0000
0.0000
0.0000
0.0000
0.0000
0.0000
0.0000
0.0000
0.0000
0.0000
0.0000
0.0000
0.0000
0.0000
0.0000
0.0000
0.0000
0.0000
0.0000
0.0000
0.0000
0.0000
0.0000
0.0000
0.0000
0.0000
0.0000
34.1797
34.1797
126.9531
126.9531
200.1953
200.1953
268.5547
268.5547
327.1484
327.1484
380.8594
380.8594
429.6875
429.6875
473.6328
473.6328
507.8125
507.8125
532.2266
532.2266
556.6406
556.6406
581.0547
581.0547
610.3516
610.3516
644.5312
644.5312
688.4766
688.4766
742.1875
742.1875
800.7812
800.7812
874.0234
874.0234
952.1484
952.1484
1049.8047
1049.8047
1162.1094
1162.1094
1289.0625
1289.0625
1406.2500
1406.2500
1489.2578
1489.2578
1528.3203
1528.3203
1503.9062
1503.9062
1425.7812
1425.7812
1293.9453
1293.9453
1118.1641
1118.1641
913.0859
913.0859
683.5937
683.5937
434.5703
434.5703
175.7812
175.7812
0.0000
0.0000
0.0000
0.0000
0.0000
0.0000
0.0000
0.0000
0.0000
0.0000
0.0000
0.0000
0.0000
0.0000
0.0000
0.0000
0.0000
0.0000
0.0000
0.0000
0.0000
0.0000
0.0000
0.0000
0.0000
0.0000
0.0000
0.0000
0.0000
0.0000
0.0000
0.0000
0.0000
0.0000
0.0000
0.0000
0.0000
0.0000
0.0000
0.0000
0.0000
0.0000
0.0000
0.0000
0.0000
0.0000
0.0000
0.0000
0.0000
0.0000
0.0000
0.0000
0.0000
0.0000
0.0000
0.0000
0.0000
0.0000
43.9453
43.9453
87.8906
87.8906
136.7187
136.7187
185.5469
185.5469
244.1406
244.1406
297.8516
297.8516
351.5625
351.5625
410.1562
410.1562
463.8672
463.8672
522.4609
522.4609
585.9375
585.9375
659.1797
659.1797
756.8359
756.8359
878.9062
878.9062
1020.5078
1020.5078
1157.2266
1157.2266
1259.7656
1259.7656
1298.8281
1298.8281
1250.0000
1250.0000
1123.0469
1123.0469
927.7344
927.7344
712.8906
712.8906
488.2812
488.2812
258.7891
258.7891
29.2969
29.2969
0.0000
0.0000
0.0000
0.0000
0.0000
0.0000
0.0000
0.0000
0.0000
0.0000
0.0000
0.0000
0.0000
0.0000
0.0000
0.0000
0.0000
0.0000
0.0000
0.0000
0.0000
0.0000
0.0000
0.0000
0.0000
0.0000
0.0000
0.0000
0.0000
0.0000
0.0000
0.0000
0.0000
0.0000
0.0000
0.0000
0.0000
0.0000
0.0000
0.0000
0.0000
0.0000
0.0000
0.0000
0.0000
0.0000
0.0000
0.0000
29.2969
29.2969
126.9531
126.9531
219.7266
219.7266
307.6172
307.6172
385.7422
385.7422
463.8672
463.8672
532.2266
532.2266
595.7031
595.7031
654.2969
654.2969
708.0078
708.0078
751.9531
751.9531
786.1328
786.1328
810.5469
810.5469
825.1953
825.1953
839.8437
839.8437
854.4922
854.4922
874.0234
874.0234
898.4375
898.4375
932.6172
932.6172
991.2109
991.2109
1074.2187
1074.2187
1171.8750
1171.8750
1269.5312
1269.5312
1342.7734
1342.7734
1376.9531
1376.9531
1357.4219
1357.4219
1293.9453
1293.9453
1191.4062
1191.4062
1044.9219
1044.9219
859.3750
859.3750
644.5312
644.5312
415.0391
415.0391
180.6641
180.6641
0.0000
0.0000
0.0000
0.0000
0.0000
0.0000
0.0000
0.0000
0.0000
0.0000
0.0000
0.0000
0.0000
0.0000
0.0000
0.0000
0.0000
0.0000
0.0000
0.0000
0.0000
0.0000
0.0000
0.0000
0.0000
0.0000
0.0000
0.0000
0.0000
0.0000
0.0000
0.0000
0.0000
0.0000
0.0000
0.0000
0.0000
0.0000
0.0000
0.0000
0.0000
0.0000
0.0000
0.0000
0.0000
0.0000
0.0000
0.0000
0.0000
0.0000
0.0000
0.0000
24.4141
24.4141
78.1250
78.1250
122.0703
122.0703
161.1328
161.1328
195.3125
195.3125
229.4922
229.4922
253.9062
253.9062
283.2031
283.2031
312.5000
312.5000
346.6797
346.6797
385.7422
385.7422
429.6875
429.6875
473.6328
473.6328
537.1094
537.1094
615.2344
615.2344
717.7734
717.7734
839.8437
839.8437
961.9141
961.9141
1069.3359
1069.3359
1137.6953
1137.6953
1152.3437
1152.3437
1113.2812
1113.2812
1025.3906
1025.3906
893.5547
893.5547
732.4219
732.4219
532.2266
532.2266
312.5000
312.5000
73.2422
73.2422
0.0000
0.0000
0.0000
0.0000
0.0000
0.0000
0.0000
0.0000
0.0000
0.0000
0.0000
0.0000
0.0000
0.0000
0.0000
0.0000
0.0000
0.0000
0.0000
0.0000
0.0000
0.0000
0.0000
0.0000
0.0000
0.0000
0.0000
0.0000
0.0000
0.0000
0.0000
0.0000
0.0000
0.0000
0.0000
0.0000
0.0000
0.0000
0.0000
0.0000
0.0000
0.0000
0.0000
0.0000
0.0000
0.0000
0.0000
0.0000
0.0000
0.0000
0.0000
0.0000
58.5937
58.5937
126.9531
126.9531
190.4297
190.4297
249.0234
249.0234
312.5000
312.5000
375.9766
375.9766
439.4531
439.4531
498.0469
498.0469
551.7578
551.7578
600.5859
600.5859
644.5312
644.5312
688.4766
688.4766
732.4219
732.4219
771.4844
771.4844
815.4297
815.4297
864.2578
864.2578
922.8516
922.8516
1000.9766
1000.9766
1088.8672
1088.8672
1171.8750
1171.8750
1220.7031
1220.7031
1225.5859
1225.5859
1181.6406
1181.6406
1098.6328
1098.6328
991.2109
991.2109
874.0234
874.0234
737.3047
737.3047
585.9375
585.9375
410.1562
410.1562
209.9609
209.9609
4.8828
4.8828
0.0000
0.0000
0.0000
0.0000
0.0000
0.0000
0.0000
0.0000
0.0000
0.0000
0.0000
0.0000
0.0000
0.0000
0.0000
0.0000
0.0000
0.0000
0.0000
0.0000
0.0000
0.0000
0.0000
0.0000
0.0000
0.0000
0.0000
0.0000
0.0000
0.0000
0.0000
0.0000
0.0000
0.0000
0.0000
0.0000
0.0000
0.0000
0.0000
0.0000
63.4766
63.4766
126.9531
126.9531
185.5469
185.5469
239.2578
239.2578
288.0859
288.0859
341.7969
341.7969
390.6250
390.6250
439.4531
439.4531
488.2812
488.2812
527.3437
527.3437
571.2891
571.2891
605.4687
605.4687
639.6484
639.6484
678.7109
678.7109
708.0078
708.0078
737.3047
737.3047
766.6016
766.6016
795.8984
795.8984
825.1953
825.1953
864.2578
864.2578
913.0859
913.0859
976.5625
976.5625
1059.5703
1059.5703
1157.2266
1157.2266
1240.2344
1240.2344
1298.8281
1298.8281
1308.5937
1308.5937
1264.6484
1264.6484
1157.2266
1157.2266
1005.8594
1005.8594
815.4297
815.4297
595.7031
595.7031
366.2109
366.2109
126.9531
126.9531
0.0000
0.0000
0.0000
0.0000
0.0000
0.0000
0.0000
0.0000
0.0000
0.0000
0.0000
0.0000
0.0000
0.0000
0.0000
0.0000
0.0000
0.0000
0.0000
0.0000
0.0000
0.0000
0.0000
0.0000
0.0000
0.0000
0.0000
0.0000
0.0000
0.0000
0.0000
0.0000
0.0000
0.0000
0.0000
0.0000
0.0000
0.0000
0.0000
0.0000
0.0000
0.0000
0.0000
0.0000
0.0000
0.0000
0.0000
0.0000
0.0000
0.0000
0.0000
0.0000
0.0000
0.0000
0.0000
0.0000
0.0000
0.0000
58.5937
58.5937
131.8359
131.8359
195.3125
195.3125
258.7891
258.7891
312.5000
312.5000
356.4453
395.5078
395.5078
395.5078
434.5703
434.5703
478.5156
478.5156
522.4609
522.4609
571.2891
571.2891
625.0000
625.0000
688.4766
688.4766
771.4844
771.4844
874.0234
874.0234
981.4453
1074.2187
1074.2187
1074.2187
1127.9297
1127.9297
1137.6953
1137.6953
1093.7500
1093.7500
1005.8594
1005.8594
878.9062
878.9062
737.3047
737.3047
576.1719
576.1719
390.6250
390.6250
200.1953
0.0000
0.0000
0.0000
0.0000
0.0000
0.0000
0.0000
0.0000
0.0000
0.0000
0.0000
0.0000
0.0000
0.0000
0.0000
0.0000
0.0000
0.0000
0.0000
0.0000
0.0000
0.0000
0.0000
0.0000
0.0000
0.0000
0.0000
0.0000
0.0000
0.0000
0.0000
0.0000
0.0000
0.0000
0.0000
0.0000
0.0000
0.0000
0.0000
0.0000
0.0000
0.0000
0.0000
0.0000
0.0000
0.0000
63.4766
63.4766
131.8359
131.8359
195.3125
195.3125
258.7891
258.7891
317.3828
317.3828
375.9766
375.9766
429.6875
429.6875
473.6328
473.6328
507.8125
507.8125
537.1094
537.1094
571.2891
571.2891
600.5859
600.5859
634.7656
634.7656
668.9453
668.9453
712.8906
712.8906
747.0703
747.0703
791.0156
791.0156
834.9609
834.9609
878.9062
878.9062
932.6172
932.6172
1000.9766
1000.9766
1088.8672
1088.8672
1196.2891
1196.2891
1298.8281
1298.8281
1376.9531
1376.9531
1396.4844
1396.4844
1342.7734
1342.7734
1230.4687
1230.4687
1069.3359
1069.3359
883.7891
883.7891
678.7109
678.7109
468.7500
468.7500
244.1406
244.1406
4.8828
4.8828
0.0000
0.0000
0.0000
0.0000
0.0000
0.0000
0.0000
0.0000
0.0000
0.0000
0.0000
0.0000
0.0000
0.0000
0.0000
0.0000
0.0000
0.0000
0.0000
0.0000
0.0000
0.0000
0.0000
0.0000
0.0000
0.0000
0.0000
0.0000
0.0000
0.0000
0.0000
0.0000
0.0000
0.0000
0.0000
0.0000
0.0000
0.0000
0.0000
0.0000
0.0000
0.0000
0.0000
0.0000
0.0000
0.0000
0.0000
0.0000
0.0000
0.0000
0.0000
0.0000
0.0000
0.0000
0.0000
0.0000
0.0000
0.0000
4.8828
4.8828
48.8281
48.8281
83.0078
83.0078
112.3047
112.3047
146.4844
146.4844
175.7812
175.7812
214.8437
214.8437
258.7891
258.7891
322.2656
322.2656
390.6250
390.6250
468.7500
468.7500
566.4062
566.4062
683.5937
683.5937
820.3125
820.3125
961.9141
961.9141
1088.8672
1088.8672
1171.8750
1171.8750
1191.4062
1191.4062
1137.6953
1137.6953
1020.5078
1020.5078
854.4922
854.4922
649.4141
649.4141
429.6875
429.6875
205.0781
205.0781
0.0000
0.0000
0.0000
0.0000
0.0000
0.0000
0.0000
0.0000
0.0000
0.0000
0.0000
0.0000
0.0000
0.0000
0.0000
0.0000
0.0000
0.0000
0.0000
0.0000
0.0000
0.0000
0.0000
0.0000
0.0000
0.0000
0.0000
0.0000
0.0000
0.0000
0.0000
0.0000
0.0000
0.0000
0.0000
0.0000
0.0000
0.0000
0.0000
0.0000
0.0000
0.0000
0.0000
0.0000
0.0000
0.0000
0.0000
0.0000
0.0000
0.0000
0.0000
0.0000
43.9453
43.9453
102.5391
102.5391
161.1328
161.1328
214.8437
214.8437
258.7891
258.7891
292.9687
292.9687
327.1484
327.1484
361.3281
361.3281
395.5078
395.5078
439.4531
439.4531
483.3984
483.3984
527.3437
527.3437
571.2891
571.2891
620.1172
620.1172
668.9453
668.9453
717.7734
717.7734
776.3672
776.3672
849.6094
849.6094
942.3828
942.3828
1049.8047
1049.8047
1157.2266
1157.2266
1235.3516
1235.3516
1264.6484
1264.6484
1230.4687
1230.4687
1142.5781
1142.5781
1000.9766
1000.9766
825.1953
825.1953
634.7656
634.7656
424.8047
424.8047
209.9609
209.9609
0.0000
0.0000
0.0000
0.0000
0.0000
0.0000
0.0000
0.0000
0.0000
0.0000
0.0000
0.0000
0.0000
0.0000
0.0000
0.0000
0.0000
0.0000
0.0000
0.0000
0.0000
0.0000
0.0000
0.0000
0.0000
0.0000
0.0000
0.0000
0.0000
0.0000
0.0000
0.0000
0.0000
0.0000
0.0000
0.0000
0.0000
0.0000
0.0000
0.0000
0.0000
0.0000
0.0000
0.0000
0.0000
0.0000
0.0000
0.0000
0.0000
0.0000
0.0000
0.0000
0.0000
0.0000
68.3594
68.3594
131.8359
131.8359
180.6641
180.6641
234.3750
234.3750
278.3203
278.3203
322.2656
322.2656
366.2109
366.2109
400.3906
400.3906
434.5703
434.5703
458.9844
458.9844
483.3984
483.3984
517.5781
517.5781
556.6406
556.6406
600.5859
600.5859
649.4141
649.4141
703.1250
703.1250
771.4844
771.4844
869.1406
869.1406
976.5625
976.5625
1079.1016
1079.1016
