244.1406
244.1406
195.3125
195.3125
151.3672
151.3672
112.3047
112.3047
48.8281
48.8281
0.0000
0.0000
0.0000
0.0000
0.0000
0.0000
0.0000
0.0000
0.0000
0.0000
0.0000
0.0000
0.0000
0.0000
0.0000
0.0000
0.0000
0.0000
0.0000
0.0000
0.0000
0.0000
0.0000
0.0000
0.0000
0.0000
0.0000
0.0000
0.0000
0.0000
0.0000
0.0000
0.0000
0.0000
0.0000
0.0000
0.0000
0.0000
0.0000
0.0000
0.0000
0.0000
0.0000
0.0000
0.0000
0.0000
0.0000
0.0000
0.0000
0.0000
0.0000
0.0000
63.4766
63.4766
122.0703
122.0703
180.6641
180.6641
219.7266
219.7266
253.9062
253.9062
278.3203
278.3203
292.9687
292.9687
312.5000
312.5000
327.1484
327.1484
336.9141
336.9141
346.6797
346.6797
356.4453
356.4453
366.2109
366.2109
385.7422
385.7422
400.3906
400.3906
419.9219
419.9219
439.4531
439.4531
463.8672
463.8672
498.0469
498.0469
532.2266
532.2266
571.2891
571.2891
615.2344
615.2344
654.2969
654.2969
698.2422
698.2422
742.1875
742.1875
781.2500
781.2500
820.3125
820.3125
854.4922
854.4922
893.5547
893.5547
937.5000
937.5000
981.4453
981.4453
1020.5078
1020.5078
1054.6875
1054.6875
1064.4531
1064.4531
1064.4531
1064.4531
1035.1562
1035.1562
986.3281
986.3281
917.9687
917.9687
834.9609
834.9609
747.0703
747.0703
668.9453
668.9453
590.8203
590.8203
517.5781
517.5781
444.3359
444.3359
366.2109
366.2109
288.0859
288.0859
200.1953
200.1953
97.6562
97.6562
0.0000
0.0000
0.0000
0.0000
0.0000
0.0000
0.0000
0.0000
0.0000
0.0000
0.0000
0.0000
0.0000
0.0000
0.0000
0.0000
0.0000
0.0000
0.0000
0.0000
0.0000
0.0000
0.0000
0.0000
0.0000
0.0000
0.0000
0.0000
0.0000
0.0000
0.0000
0.0000
0.0000
0.0000
0.0000
0.0000
0.0000
0.0000
0.0000
0.0000
0.0000
0.0000
0.0000
0.0000
0.0000
0.0000
0.0000
0.0000
0.0000
0.0000
0.0000
0.0000
0.0000
0.0000
0.0000
0.0000
0.0000
0.0000
0.0000
0.0000
0.0000
0.0000
0.0000
0.0000
24.4141
24.4141
78.1250
78.1250
122.0703
122.0703
156.2500
156.2500
180.6641
180.6641
200.1953
200.1953
214.8437
214.8437
224.6094
224.6094
244.1406
244.1406
253.9062
253.9062
258.7891
258.7891
258.7891
258.7891
234.3750
234.3750
209.9609
209.9609
185.5469
185.5469
170.8984
170.8984
185.5469
185.5469
224.6094
224.6094
292.9687
292.9687
385.7422
385.7422
483.3984
483.3984
561.5234
561.5234
605.4687
605.4687
605.4687
605.4687
576.1719
576.1719
517.5781
517.5781
444.3359
444.3359
375.9766
375.9766
312.5000
312.5000
258.7891
258.7891
205.0781
205.0781
126.9531
126.9531
19.5312
19.5312
0.0000
0.0000
0.0000
0.0000
0.0000
0.0000
0.0000
0.0000
0.0000
0.0000
0.0000
0.0000
0.0000
0.0000
0.0000
0.0000
0.0000
0.0000
0.0000
0.0000
0.0000
0.0000
0.0000
0.0000
0.0000
0.0000
0.0000
0.0000
0.0000
0.0000
0.0000
0.0000
0.0000
0.0000
0.0000
0.0000
0.0000
0.0000
0.0000
0.0000
0.0000
0.0000
0.0000
0.0000
0.0000
0.0000
0.0000
0.0000
0.0000
0.0000
0.0000
0.0000
0.0000
0.0000
0.0000
0.0000
0.0000
0.0000
0.0000
0.0000
0.0000
0.0000
0.0000
0.0000
0.0000
0.0000
0.0000
0.0000
0.0000
0.0000
0.0000
0.0000
0.0000
0.0000
0.0000
0.0000
0.0000
0.0000
29.2969
29.2969
78.1250
78.1250
131.8359
131.8359
190.4297
190.4297
253.9062
253.9062
312.5000
312.5000
371.0937
371.0937
419.9219
419.9219
458.9844
458.9844
493.1641
493.1641
512.6953
512.6953
532.2266
532.2266
561.5234
561.5234
590.8203
590.8203
629.8828
629.8828
678.7109
678.7109
722.6562
722.6562
776.3672
776.3672
820.3125
820.3125
844.7266
844.7266
854.4922
854.4922
839.8437
839.8437
810.5469
810.5469
771.4844
771.4844
712.8906
712.8906
649.4141
649.4141
585.9375
585.9375
517.5781
517.5781
458.9844
458.9844
390.6250
390.6250
307.6172
307.6172
209.9609
209.9609
92.7734
92.7734
0.0000
0.0000
0.0000
0.0000
0.0000
0.0000
0.0000
0.0000
0.0000
0.0000
0.0000
0.0000
0.0000
0.0000
0.0000
0.0000
0.0000
0.0000
0.0000
0.0000
0.0000
0.0000
0.0000
0.0000
0.0000
0.0000
0.0000
0.0000
0.0000
0.0000
0.0000
0.0000
0.0000
0.0000
0.0000
0.0000
0.0000
0.0000
0.0000
0.0000
0.0000
0.0000
0.0000
0.0000
0.0000
0.0000
0.0000
0.0000
0.0000
0.0000
0.0000
0.0000
0.0000
0.0000
53.7109
53.7109
122.0703
122.0703
175.7812
175.7812
229.4922
229.4922
273.4375
273.4375
312.5000
312.5000
356.4453
356.4453
390.6250
390.6250
419.9219
419.9219
444.3359
444.3359
458.9844
458.9844
468.7500
468.7500
473.6328
473.6328
473.6328
473.6328
478.5156
478.5156
488.2812
488.2812
522.4609
522.4609
581.0547
581.0547
654.2969
654.2969
732.4219
732.4219
795.8984
795.8984
820.3125
820.3125
805.6641
805.6641
732.4219
732.4219
625.0000
625.0000
502.9297
502.9297
385.7422
385.7422
292.9687
292.9687
234.3750
234.3750
190.4297
190.4297
151.3672
151.3672
107.4219
107.4219
39.0625
39.0625
0.0000
0.0000
0.0000
0.0000
0.0000
0.0000
0.0000
0.0000
0.0000
0.0000
0.0000
0.0000
0.0000
0.0000
0.0000
0.0000
0.0000
0.0000
0.0000
0.0000
0.0000
0.0000
0.0000
0.0000
0.0000
0.0000
0.0000
0.0000
0.0000
0.0000
0.0000
0.0000
0.0000
0.0000
0.0000
0.0000
0.0000
0.0000
0.0000
0.0000
0.0000
0.0000
0.0000
0.0000
24.4141
24.4141
73.2422
73.2422
117.1875
117.1875
151.3672
151.3672
170.8984
170.8984
195.3125
195.3125
209.9609
209.9609
224.6094
224.6094
249.0234
249.0234
263.6719
263.6719
288.0859
288.0859
307.6172
307.6172
327.1484
327.1484
346.6797
346.6797
361.3281
361.3281
380.8594
380.8594
415.0391
415.0391
444.3359
444.3359
483.3984
483.3984
532.2266
532.2266
581.0547
581.0547
634.7656
634.7656
688.4766
688.4766
737.3047
737.3047
786.1328
786.1328
834.9609
834.9609
893.5547
893.5547
966.7969
966.7969
1044.9219
1044.9219
1118.1641
1118.1641
1176.7578
1176.7578
1210.9375
1210.9375
1210.9375
1210.9375
1171.8750
1171.8750
1093.7500
1093.7500
996.0937
996.0937
883.7891
883.7891
766.6016
766.6016
654.2969
654.2969
541.9922
541.9922
424.8047
424.8047
297.8516
297.8516
156.2500
156.2500
0.0000
0.0000
0.0000
0.0000
0.0000
0.0000
0.0000
0.0000
0.0000
0.0000
0.0000
0.0000
0.0000
0.0000
0.0000
0.0000
0.0000
0.0000
0.0000
0.0000
0.0000
0.0000
0.0000
0.0000
0.0000
0.0000
0.0000
0.0000
0.0000
0.0000
0.0000
0.0000
0.0000
0.0000
0.0000
0.0000
0.0000
0.0000
0.0000
0.0000
0.0000
0.0000
0.0000
0.0000
0.0000
0.0000
0.0000
0.0000
0.0000
0.0000
0.0000
0.0000
0.0000
0.0000
0.0000
0.0000
0.0000
0.0000
0.0000
0.0000
0.0000
0.0000
0.0000
0.0000
0.0000
0.0000
0.0000
0.0000
0.0000
29.2969
29.2969
107.4219
107.4219
175.7812
175.7812
239.2578
239.2578
288.0859
288.0859
327.1484
327.1484
361.3281
361.3281
380.8594
380.8594
405.2734
405.2734
424.8047
424.8047
449.2187
449.2187
488.2812
488.2812
527.3437
527.3437
581.0547
581.0547
634.7656
634.7656
678.7109
678.7109
698.2422
698.2422
683.5937
683.5937
634.7656
634.7656
561.5234
561.5234
468.7500
468.7500
380.8594
380.8594
312.5000
312.5000
263.6719
263.6719
244.1406
244.1406
239.2578
239.2578
229.4922
229.4922
205.0781
205.0781
156.2500
156.2500
87.8906
87.8906
4.8828
4.8828
0.0000
0.0000
0.0000
0.0000
0.0000
0.0000
0.0000
0.0000
0.0000
0.0000
0.0000
0.0000
0.0000
0.0000
0.0000
0.0000
0.0000
0.0000
0.0000
0.0000
0.0000
0.0000
0.0000
0.0000
0.0000
0.0000
0.0000
0.0000
0.0000
0.0000
0.0000
0.0000
0.0000
0.0000
0.0000
0.0000
0.0000
0.0000
0.0000
0.0000
0.0000
0.0000
0.0000
0.0000
0.0000
0.0000
0.0000
0.0000
0.0000
0.0000
0.0000
0.0000
0.0000
0.0000
0.0000
0.0000
24.4141
24.4141
68.3594
68.3594
102.5391
102.5391
146.4844
146.4844
180.6641
180.6641
205.0781
205.0781
229.4922
229.4922
239.2578
239.2578
253.9062
253.9062
273.4375
273.4375
283.2031
283.2031
307.6172
307.6172
332.0312
332.0312
356.4453
356.4453
395.5078
395.5078
434.5703
434.5703
473.6328
473.6328
517.5781
517.5781
571.2891
571.2891
644.5312
644.5312
727.5391
727.5391
815.4297
815.4297
903.3203
903.3203
966.7969
966.7969
1005.8594
1005.8594
1015.6250
1015.6250
981.4453
981.4453
922.8516
922.8516
834.9609
834.9609
732.4219
732.4219
629.8828
629.8828
527.3437
527.3437
419.9219
419.9219
317.3828
317.3828
205.0781
205.0781
87.8906
87.8906
0.0000
0.0000
0.0000
0.0000
0.0000
0.0000
0.0000
0.0000
0.0000
0.0000
0.0000
0.0000
0.0000
0.0000
0.0000
0.0000
0.0000
0.0000
0.0000
0.0000
0.0000
0.0000
0.0000
0.0000
0.0000
0.0000
0.0000
0.0000
0.0000
0.0000
0.0000
0.0000
0.0000
0.0000
0.0000
0.0000
0.0000
0.0000
0.0000
0.0000
0.0000
0.0000
0.0000
0.0000
0.0000
0.0000
0.0000
0.0000
0.0000
0.0000
0.0000
0.0000
0.0000
0.0000
0.0000
0.0000
0.0000
0.0000
0.0000
0.0000
0.0000
0.0000
0.0000
0.0000
0.0000
0.0000
4.8828
4.8828
83.0078
83.0078
170.8984
170.8984
249.0234
249.0234
327.1484
327.1484
395.5078
395.5078
444.3359
444.3359
478.5156
478.5156
498.0469
498.0469
502.9297
502.9297
498.0469
498.0469
488.2812
488.2812
473.6328
473.6328
463.8672
463.8672
458.9844
458.9844
473.6328
473.6328
498.0469
498.0469
527.3437
527.3437
556.6406
556.6406
561.5234
561.5234
551.7578
551.7578
527.3437
527.3437
473.6328
473.6328
415.0391
415.0391
366.2109
366.2109
336.9141
336.9141
341.7969
341.7969
375.9766
375.9766
424.8047
424.8047
488.2812
488.2812
537.1094
537.1094
566.4062
566.4062
576.1719
576.1719
551.7578
551.7578
507.8125
507.8125
449.2187
449.2187
375.9766
375.9766
307.6172
307.6172
214.8437
214.8437
112.3047
112.3047
0.0000
0.0000
0.0000
0.0000
0.0000
0.0000
0.0000
0.0000
0.0000
0.0000
0.0000
0.0000
0.0000
0.0000
0.0000
0.0000
0.0000
0.0000
0.0000
0.0000
0.0000
0.0000
0.0000
0.0000
0.0000
0.0000
0.0000
0.0000
0.0000
0.0000
0.0000
0.0000
0.0000
0.0000
0.0000
0.0000
0.0000
0.0000
0.0000
0.0000
0.0000
0.0000
0.0000
0.0000
0.0000
0.0000
0.0000
0.0000
0.0000
0.0000
0.0000
0.0000
0.0000
0.0000
0.0000
0.0000
0.0000
0.0000
0.0000
0.0000
0.0000
0.0000
0.0000
0.0000
0.0000
0.0000
0.0000
0.0000
0.0000
0.0000
29.2969
29.2969
73.2422
73.2422
131.8359
131.8359
185.5469
185.5469
244.1406
244.1406
317.3828
317.3828
395.5078
395.5078
483.3984
483.3984
595.7031
595.7031
717.7734
717.7734
864.2578
864.2578
1010.7422
1010.7422
1147.4609
1147.4609
1259.7656
1259.7656
1333.0078
1333.0078
1357.4219
1357.4219
1342.7734
1342.7734
1284.1797
1284.1797
1201.1719
1201.1719
1103.5156
1103.5156
1000.9766
1000.9766
908.2031
908.2031
805.6641
805.6641
678.7109
678.7109
527.3437
527.3437
341.7969
341.7969
146.4844
146.4844
0.0000
0.0000
0.0000
0.0000
0.0000
0.0000
0.0000
0.0000
0.0000
0.0000
0.0000
0.0000
0.0000
0.0000
0.0000
0.0000
0.0000
0.0000
0.0000
0.0000
0.0000
0.0000
0.0000
0.0000
0.0000
0.0000
0.0000
0.0000
0.0000
0.0000
0.0000
0.0000
0.0000
0.0000
0.0000
0.0000
0.0000
0.0000
0.0000
0.0000
0.0000
0.0000
0.0000
0.0000
0.0000
0.0000
0.0000
0.0000
0.0000
0.0000
0.0000
0.0000
0.0000
0.0000
0.0000
0.0000
0.0000
0.0000
0.0000
0.0000
0.0000
0.0000
0.0000
0.0000
0.0000
0.0000
0.0000
0.0000
0.0000
0.0000
0.0000
0.0000
0.0000
0.0000
43.9453
43.9453
107.4219
107.4219
166.0156
166.0156
219.7266
219.7266
268.5547
268.5547
317.3828
317.3828
366.2109
366.2109
415.0391
415.0391
458.9844
458.9844
502.9297
502.9297
556.6406
556.6406
620.1172
620.1172
698.2422
698.2422
776.3672
776.3672
844.7266
844.7266
893.5547
893.5547
917.9687
917.9687
908.2031
908.2031
859.3750
859.3750
791.0156
791.0156
703.1250
703.1250
615.2344
615.2344
546.8750
546.8750
493.1641
493.1641
439.4531
439.4531
385.7422
385.7422
317.3828
317.3828
234.3750
234.3750
136.7187
136.7187
24.4141
24.4141
0.0000
0.0000
0.0000
0.0000
0.0000
0.0000
0.0000
0.0000
0.0000
0.0000
0.0000
0.0000
0.0000
0.0000
0.0000
0.0000
0.0000
0.0000
0.0000
0.0000
0.0000
0.0000
0.0000
0.0000
0.0000
0.0000
0.0000
0.0000
0.0000
0.0000
0.0000
0.0000
0.0000
0.0000
0.0000
0.0000
0.0000
0.0000
0.0000
0.0000
0.0000
0.0000
0.0000
0.0000
0.0000
0.0000
4.8828
4.8828
92.7734
92.7734
175.7812
175.7812
239.2578
239.2578
292.9687
292.9687
341.7969
341.7969
380.8594
380.8594
424.8047
424.8047
458.9844
458.9844
483.3984
483.3984
493.1641
493.1641
493.1641
493.1641
488.2812
488.2812
478.5156
478.5156
458.9844
458.9844
444.3359
444.3359
429.6875
429.6875
424.8047
424.8047
434.5703
434.5703
444.3359
444.3359
468.7500
468.7500
493.1641
493.1641
527.3437
527.3437
585.9375
585.9375
659.1797
659.1797
747.0703
747.0703
849.6094
849.6094
961.9141
961.9141
1069.3359
1069.3359
1157.2266
1157.2266
1201.1719
1201.1719
1196.2891
1196.2891
1142.5781
1142.5781
1049.8047
1049.8047
937.5000
937.5000
805.6641
805.6641
668.9453
668.9453
532.2266
532.2266
385.7422
385.7422
244.1406
244.1406
97.6562
97.6562
0.0000
0.0000
0.0000
0.0000
0.0000
0.0000
0.0000
0.0000
0.0000
0.0000
0.0000
0.0000
0.0000
0.0000
0.0000
0.0000
0.0000
0.0000
0.0000
0.0000
0.0000
0.0000
0.0000
0.0000
0.0000
0.0000
0.0000
0.0000
0.0000
0.0000
0.0000
0.0000
0.0000
0.0000
0.0000
0.0000
0.0000
0.0000
0.0000
0.0000
0.0000
0.0000
0.0000
0.0000
0.0000
0.0000
0.0000
0.0000
0.0000
0.0000
0.0000
0.0000
0.0000
0.0000
0.0000
0.0000
0.0000
0.0000
0.0000
0.0000
0.0000
0.0000
0.0000
0.0000
0.0000
0.0000
0.0000
0.0000
0.0000
0.0000
0.0000
0.0000
0.0000
0.0000
0.0000
0.0000
29.2969
29.2969
92.7734
92.7734
151.3672
151.3672
214.8437
214.8437
278.3203
278.3203
336.9141
336.9141
395.5078
395.5078
444.3359
444.3359
468.7500
468.7500
478.5156
478.5156
473.6328
473.6328
463.8672
463.8672
468.7500
468.7500
478.5156
478.5156
512.6953
512.6953
546.8750
546.8750
556.6406
556.6406
537.1094
537.1094
473.6328
473.6328
375.9766
375.9766
258.7891
258.7891
141.6016
141.6016
48.8281
48.8281
0.0000
0.0000
0.0000
0.0000
0.0000
0.0000
0.0000
0.0000
0.0000
0.0000
0.0000
0.0000
0.0000
0.0000
0.0000
0.0000
0.0000
0.0000
0.0000
0.0000
0.0000
0.0000
0.0000
0.0000
0.0000
0.0000
0.0000
0.0000
0.0000
0.0000
0.0000
0.0000
0.0000
0.0000
0.0000
0.0000
0.0000
0.0000
0.0000
0.0000
0.0000
0.0000
0.0000
0.0000
0.0000
0.0000
0.0000
0.0000
0.0000
0.0000
0.0000
0.0000
0.0000
0.0000
0.0000
0.0000
0.0000
0.0000
0.0000
0.0000
0.0000
0.0000
0.0000
0.0000
48.8281
48.8281
102.5391
102.5391
146.4844
146.4844
190.4297
190.4297
219.7266
244.1406
244.1406
263.6719
263.6719
278.3203
278.3203
297.8516
297.8516
312.5000
312.5000
312.5000
312.5000
307.6172
307.6172
292.9687
292.9687
283.2031
283.2031
273.4375
273.4375
263.6719
263.6719
268.5547
268.5547
283.2031
283.2031
307.6172
307.6172
356.4453
356.4453
405.2734
405.2734
458.9844
458.9844
512.6953
512.6953
571.2891
571.2891
639.6484
639.6484
722.6562
722.6562
815.4297
815.4297
927.7344
927.7344
1035.1562
1035.1562
1147.4609
1147.4609
1235.3516
1235.3516
1284.1797
1284.1797
1289.0625
1289.0625
1245.1172
1245.1172
1166.9922
1166.9922
1064.4531
1064.4531
952.1484
952.1484
834.9609
834.9609
717.7734
717.7734
595.7031
595.7031
468.7500
468.7500
322.2656
322.2656
156.2500
156.2500
0.0000
0.0000
0.0000
0.0000
0.0000
0.0000
0.0000
0.0000
0.0000
0.0000
0.0000
0.0000
0.0000
0.0000
0.0000
0.0000
0.0000
0.0000
0.0000
0.0000
0.0000
0.0000
0.0000
0.0000
0.0000
0.0000
0.0000
0.0000
0.0000
0.0000
0.0000
0.0000
0.0000
0.0000
0.0000
0.0000
0.0000
0.0000
0.0000
0.0000
0.0000
0.0000
0.0000
0.0000
0.0000
0.0000
0.0000
0.0000
0.0000
0.0000
0.0000
0.0000
0.0000
0.0000
0.0000
0.0000
0.0000
0.0000
0.0000
0.0000
0.0000
0.0000
0.0000
0.0000
0.0000
0.0000
0.0000
0.0000
0.0000
0.0000
0.0000
0.0000
0.0000
0.0000
24.4141
24.4141
92.7734
92.7734
151.3672
151.3672
219.7266
219.7266
288.0859
288.0859
346.6797
346.6797
400.3906
400.3906
449.2187
449.2187
483.3984
483.3984
527.3437
527.3437
566.4062
566.4062
615.2344
615.2344
668.9453
668.9453
722.6562
722.6562
781.2500
781.2500
820.3125
820.3125
830.0781
830.0781
805.6641
805.6641
747.0703
747.0703
673.8281
673.8281
600.5859
600.5859
522.4609
522.4609
454.1016
454.1016
400.3906
400.3906
356.4453
356.4453
322.2656
322.2656
283.2031
283.2031
234.3750
234.3750
170.8984
170.8984
92.7734
92.7734
9.7656
9.7656
0.0000
0.0000
0.0000
0.0000
0.0000
0.0000
0.0000
0.0000
0.0000
0.0000
0.0000
0.0000
0.0000
0.0000
0.0000
0.0000
0.0000
0.0000
0.0000
0.0000
0.0000
0.0000
0.0000
0.0000
0.0000
0.0000
0.0000
0.0000
0.0000
0.0000
0.0000
0.0000
0.0000
0.0000
0.0000
0.0000
0.0000
0.0000
0.0000
0.0000
0.0000
0.0000
0.0000
0.0000
0.0000
0.0000
0.0000
0.0000
0.0000
0.0000
19.5312
19.5312
92.7734
92.7734
166.0156
166.0156
229.4922
229.4922
288.0859
288.0859
341.7969
341.7969
385.7422
385.7422
429.6875
429.6875
463.8672
463.8672
483.3984
483.3984
498.0469
498.0469
502.9297
502.9297
512.6953
512.6953
527.3437
527.3437
537.1094
537.1094
551.7578
551.7578
566.4062
566.4062
581.0547
581.0547
605.4687
605.4687
625.0000
625.0000
649.4141
649.4141
683.5937
683.5937
717.7734
717.7734
766.6016
766.6016
834.9609
834.9609
917.9687
917.9687
1015.6250
1015.6250
1113.2812
1113.2812
1206.0547
1206.0547
1289.0625
1289.0625
1328.1250
1328.1250
1323.2422
1323.2422
1269.5312
1269.5312
1166.9922
1166.9922
1035.1562
1035.1562
878.9062
878.9062
712.8906
712.8906
546.8750
546.8750
380.8594
380.8594
224.6094
224.6094
68.3594
68.3594
0.0000
0.0000
0.0000
0.0000
0.0000
0.0000
0.0000
0.0000
0.0000
0.0000
0.0000
0.0000
0.0000
0.0000
0.0000
0.0000
0.0000
0.0000
0.0000
0.0000
0.0000
0.0000
0.0000
0.0000
0.0000
0.0000
0.0000
0.0000
0.0000
0.0000
0.0000
0.0000
0.0000
0.0000
0.0000
0.0000
0.0000
0.0000
0.0000
0.0000
0.0000
0.0000
0.0000
0.0000
0.0000
0.0000
0.0000
0.0000
0.0000
0.0000
0.0000
0.0000
0.0000
0.0000
0.0000
0.0000
0.0000
0.0000
0.0000
0.0000
0.0000
0.0000
0.0000
0.0000
0.0000
0.0000
0.0000
0.0000
0.0000
0.0000
0.0000
0.0000
0.0000
0.0000
0.0000
0.0000
48.8281
48.8281
112.3047
112.3047
166.0156
166.0156
214.8437
214.8437
263.6719
263.6719
302.7344
302.7344
327.1484
327.1484
336.9141
336.9141
332.0312
332.0312
332.0312
332.0312
317.3828
317.3828
297.8516
297.8516
273.4375
273.4375
249.0234
249.0234
234.3750
234.3750
234.3750
234.3750
239.2578
239.2578
263.6719
263.6719
297.8516
297.8516
346.6797
346.6797
410.1562
410.1562
468.7500
468.7500
507.8125
507.8125
527.3437
527.3437
522.4609
522.4609
502.9297
502.9297
468.7500
468.7500
415.0391
415.0391
356.4453
356.4453
283.2031
283.2031
205.0781
205.0781
122.0703
122.0703
14.6484
14.6484
0.0000
0.0000
0.0000
0.0000
0.0000
0.0000
0.0000
0.0000
0.0000
0.0000
0.0000
0.0000
0.0000
0.0000
0.0000
0.0000
0.0000
0.0000
0.0000
0.0000
0.0000
0.0000
0.0000
0.0000
0.0000
0.0000
0.0000
0.0000
0.0000
0.0000
0.0000
0.0000
0.0000
0.0000
0.0000
0.0000
0.0000
0.0000
0.0000
0.0000
0.0000
0.0000
0.0000
0.0000
0.0000
0.0000
0.0000
0.0000
0.0000
0.0000
0.0000
0.0000
0.0000
0.0000
0.0000
0.0000
0.0000
0.0000
0.0000
0.0000
4.8828
4.8828
19.5312
19.5312
29.2969
29.2969
39.0625
39.0625
34.1797
34.1797
39.0625
39.0625
43.9453
43.9453
43.9453
43.9453
48.8281
48.8281
53.7109
53.7109
68.3594
68.3594
97.6562
97.6562
131.8359
131.8359
170.8984
170.8984
224.6094
224.6094
278.3203
278.3203
341.7969
341.7969
415.0391
415.0391
483.3984
483.3984
551.7578
551.7578
615.2344
615.2344
688.4766
688.4766
776.3672
776.3672
864.2578
864.2578
947.2656
947.2656
1010.7422
1010.7422
1040.0391
1040.0391
1030.2734
1030.2734
971.6797
971.6797
864.2578
864.2578
737.3047
737.3047
585.9375
585.9375
444.3359
444.3359
317.3828
317.3828
205.0781
205.0781
102.5391
102.5391
0.0000
0.0000
0.0000
0.0000
0.0000
0.0000
0.0000
0.0000
0.0000
0.0000
0.0000
0.0000
0.0000
0.0000
0.0000
0.0000
0.0000
0.0000
0.0000
0.0000
0.0000
0.0000
0.0000
0.0000
0.0000
0.0000
0.0000
0.0000
0.0000
0.0000
0.0000
0.0000
0.0000
0.0000
0.0000
0.0000
0.0000
0.0000
0.0000
0.0000
0.0000
0.0000
0.0000
0.0000
0.0000
0.0000
0.0000
0.0000
0.0000
0.0000
0.0000
0.0000
0.0000
0.0000
0.0000
0.0000
0.0000
0.0000
0.0000
0.0000
0.0000
0.0000
0.0000
0.0000
0.0000
0.0000
9.7656
9.7656
78.1250
78.1250
151.3672
151.3672
224.6094
224.6094
297.8516
297.8516
356.4453
356.4453
410.1562
410.1562
458.9844
458.9844
493.1641
493.1641
517.5781
517.5781
532.2266
532.2266
541.9922
541.9922
556.6406
556.6406
561.5234
561.5234
561.5234
561.5234
561.5234
561.5234
541.9922
541.9922
522.4609
522.4609
507.8125
507.8125
493.1641
493.1641
493.1641
493.1641
507.8125
507.8125
537.1094
537.1094
590.8203
590.8203
649.4141
649.4141
693.3594
693.3594
727.5391
727.5391
727.5391
727.5391
703.1250
703.1250
654.2969
654.2969
585.9375
585.9375
512.6953
512.6953
449.2187
449.2187
395.5078
395.5078
361.3281
361.3281
322.2656
322.2656
283.2031
283.2031
224.6094
224.6094
141.6016
141.6016
48.8281
48.8281
0.0000
0.0000
0.0000
0.0000
0.0000
0.0000
0.0000
0.0000
0.0000
0.0000
0.0000
0.0000
0.0000
0.0000
0.0000
0.0000
0.0000
0.0000
0.0000
0.0000
0.0000
0.0000
0.0000
0.0000
0.0000
0.0000
0.0000
0.0000
0.0000
0.0000
0.0000
0.0000
0.0000
0.0000
0.0000
0.0000
0.0000
0.0000
0.0000
0.0000
0.0000
0.0000
0.0000
0.0000
0.0000
0.0000
0.0000
0.0000
0.0000
0.0000
0.0000
0.0000
0.0000
0.0000
0.0000
0.0000
0.0000
0.0000
0.0000
0.0000
0.0000
0.0000
29.2969
29.2969
68.3594
68.3594
102.5391
102.5391
146.4844
146.4844
180.6641
180.6641
219.7266
219.7266
268.5547
268.5547
312.5000
312.5000
366.2109
366.2109
424.8047
424.8047
488.2812
488.2812
556.6406
556.6406
625.0000
625.0000
688.4766
688.4766
742.1875
742.1875
781.2500
781.2500
815.4297
815.4297
844.7266
844.7266
874.0234
874.0234
903.3203
903.3203
937.5000
937.5000
981.4453
981.4453
1035.1562
1035.1562
1088.8672
1088.8672
1113.2812
1113.2812
1108.3984
1108.3984
1054.6875
1054.6875
957.0312
957.0312
830.0781
830.0781
678.7109
678.7109
517.5781
517.5781
361.3281
361.3281
214.8437
214.8437
83.0078
83.0078
0.0000
0.0000
0.0000
0.0000
0.0000
0.0000
0.0000
0.0000
0.0000
0.0000
0.0000
0.0000
0.0000
0.0000
0.0000
0.0000
0.0000
0.0000
0.0000
0.0000
0.0000
0.0000
0.0000
0.0000
0.0000
0.0000
0.0000
0.0000
0.0000
0.0000
0.0000
0.0000
0.0000
0.0000
0.0000
0.0000
0.0000
0.0000
0.0000
0.0000
0.0000
0.0000
0.0000
0.0000
0.0000
0.0000
0.0000
0.0000
0.0000
0.0000
0.0000
0.0000
0.0000
0.0000
0.0000
0.0000
0.0000
0.0000
0.0000
0.0000
0.0000
0.0000
0.0000
0.0000
0.0000
0.0000
0.0000
0.0000
0.0000
9.7656
9.7656
63.4766
63.4766
117.1875
117.1875
166.0156
166.0156
209.9609
209.9609
244.1406
244.1406
268.5547
268.5547
288.0859
288.0859
297.8516
297.8516
292.9687
292.9687
292.9687
292.9687
283.2031
283.2031
273.4375
273.4375
268.5547
268.5547
258.7891
258.7891
263.6719
263.6719
268.5547
268.5547
292.9687
292.9687
341.7969
341.7969
410.1562
410.1562
493.1641
493.1641
590.8203
590.8203
668.9453
668.9453
737.3047
737.3047
771.4844
771.4844
756.8359
756.8359
712.8906
712.8906
634.7656
634.7656
541.9922
541.9922
449.2187
449.2187
356.4453
356.4453
258.7891
258.7891
161.1328
161.1328
53.7109
53.7109
0.0000
0.0000
0.0000
0.0000
0.0000
0.0000
0.0000
0.0000
0.0000
0.0000
0.0000
0.0000
0.0000
0.0000
0.0000
0.0000
0.0000
0.0000
0.0000
0.0000
0.0000
0.0000
0.0000
0.0000
0.0000
0.0000
0.0000
0.0000
0.0000
0.0000
0.0000
0.0000
0.0000
0.0000
0.0000
0.0000
0.0000
0.0000
0.0000
0.0000
0.0000
0.0000
0.0000
0.0000
0.0000
0.0000
0.0000
0.0000
0.0000
0.0000
0.0000
0.0000
0.0000
0.0000
0.0000
0.0000
0.0000
0.0000
0.0000
0.0000
0.0000
0.0000
0.0000
0.0000
0.0000
0.0000
0.0000
0.0000
0.0000
0.0000
0.0000
0.0000
0.0000
0.0000
43.9453
43.9453
117.1875
117.1875
190.4297
190.4297
268.5547
268.5547
341.7969
341.7969
410.1562
410.1562
483.3984
483.3984
551.7578
551.7578
610.3516
610.3516
664.0625
664.0625
708.0078
708.0078
742.1875
742.1875
781.2500
781.2500
800.7812
800.7812
815.4297
815.4297
815.4297
815.4297
805.6641
805.6641
795.8984
795.8984
795.8984
795.8984
795.8984
795.8984
810.5469
810.5469
830.0781
830.0781
854.4922
854.4922
878.9062
878.9062
883.7891
883.7891
859.3750
859.3750
805.6641
805.6641
722.6562
722.6562
634.7656
634.7656
541.9922
541.9922
463.8672
463.8672
405.2734
405.2734
371.0937
371.0937
351.5625
351.5625
332.0312
332.0312
297.8516
297.8516
249.0234
249.0234
166.0156
166.0156
73.2422
73.2422
0.0000
0.0000
0.0000
0.0000
0.0000
0.0000
0.0000
0.0000
0.0000
0.0000
0.0000
0.0000
0.0000
0.0000
0.0000
0.0000
0.0000
0.0000
0.0000
0.0000
0.0000
0.0000
0.0000
0.0000
0.0000
0.0000
0.0000
0.0000
0.0000
0.0000
0.0000
0.0000
0.0000
0.0000
0.0000
0.0000
0.0000
0.0000
0.0000
0.0000
0.0000
0.0000
0.0000
0.0000
0.0000
0.0000
0.0000
0.0000
0.0000
0.0000
0.0000
0.0000
0.0000
0.0000
0.0000
0.0000
0.0000
0.0000
0.0000
0.0000
4.8828
4.8828
19.5312
19.5312
43.9453
43.9453
73.2422
73.2422
102.5391
102.5391
126.9531
126.9531
146.4844
146.4844
166.0156
166.0156
190.4297
190.4297
209.9609
209.9609
239.2578
239.2578
268.5547
268.5547
312.5000
312.5000
366.2109
366.2109
419.9219
419.9219
468.7500
468.7500
517.5781
517.5781
556.6406
556.6406
600.5859
600.5859
639.6484
639.6484
683.5937
683.5937
732.4219
732.4219
786.1328
786.1328
844.7266
844.7266
913.0859
913.0859
966.7969
966.7969
986.3281
986.3281
971.6797
971.6797
913.0859
913.0859
830.0781
830.0781
722.6562
722.6562
615.2344
615.2344
517.5781
517.5781
419.9219
419.9219
341.7969
341.7969
263.6719
263.6719
170.8984
170.8984
68.3594
68.3594
0.0000
0.0000
0.0000
0.0000
0.0000
0.0000
0.0000
0.0000
0.0000
0.0000
0.0000
0.0000
0.0000
0.0000
0.0000
0.0000
0.0000
0.0000
0.0000
0.0000
0.0000
0.0000
0.0000
0.0000
0.0000
0.0000
0.0000
0.0000
0.0000
0.0000
0.0000
0.0000
0.0000
0.0000
0.0000
0.0000
0.0000
0.0000
0.0000
0.0000
0.0000
0.0000
0.0000
0.0000
0.0000
0.0000
0.0000
0.0000
0.0000
0.0000
0.0000
0.0000
0.0000
0.0000
0.0000
0.0000
0.0000
0.0000
0.0000
0.0000
0.0000
0.0000
0.0000
0.0000
0.0000
0.0000
0.0000
0.0000
0.0000
0.0000
0.0000
0.0000
0.0000
0.0000
9.7656
9.7656
63.4766
63.4766
112.3047
112.3047
161.1328
161.1328
195.3125
195.3125
224.6094
224.6094
253.9062
253.9062
278.3203
278.3203
307.6172
307.6172
336.9141
336.9141
361.3281
361.3281
390.6250
390.6250
405.2734
405.2734
419.9219
419.9219
444.3359
444.3359
468.7500
468.7500
507.8125
507.8125
561.5234
561.5234
625.0000
625.0000
708.0078
708.0078
781.2500
781.2500
825.1953
825.1953
839.8437
839.8437
805.6641
805.6641
751.9531
751.9531
683.5937
683.5937
605.4687
605.4687
537.1094
537.1094
478.5156
478.5156
434.5703
434.5703
395.5078
395.5078
346.6797
346.6797
283.2031
283.2031
200.1953
200.1953
92.7734
92.7734
0.0000
0.0000
0.0000
0.0000
0.0000
0.0000
0.0000
0.0000
0.0000
0.0000
0.0000
0.0000
0.0000
0.0000
0.0000
0.0000
0.0000
0.0000
0.0000
0.0000
0.0000
0.0000
0.0000
0.0000
0.0000
0.0000
0.0000
0.0000
0.0000
0.0000
0.0000
0.0000
0.0000
0.0000
0.0000
0.0000
0.0000
0.0000
0.0000
0.0000
0.0000
0.0000
0.0000
0.0000
0.0000
0.0000
0.0000
0.0000
9.7656
9.7656
34.1797
34.1797
43.9453
43.9453
58.5937
58.5937
63.4766
63.4766
73.2422
73.2422
83.0078
83.0078
92.7734
92.7734
112.3047
112.3047
146.4844
146.4844
175.7812
175.7812
214.8437
214.8437
253.9062
253.9062
297.8516
297.8516
356.4453
356.4453
410.1562
410.1562
468.7500
468.7500
522.4609
522.4609
576.1719
576.1719
629.8828
629.8828
678.7109
678.7109
717.7734
717.7734
756.8359
756.8359
786.1328
786.1328
820.3125
820.3125
864.2578
864.2578
903.3203
903.3203
927.7344
927.7344
932.6172
932.6172
893.5547
893.5547
825.1953
825.1953
722.6562
722.6562
600.5859
600.5859
478.5156
478.5156
366.2109
366.2109
278.3203
278.3203
224.6094
224.6094
170.8984
170.8984
117.1875
117.1875
53.7109
53.7109
0.0000
0.0000
0.0000
0.0000
0.0000
0.0000
0.0000
0.0000
0.0000
0.0000
0.0000
0.0000
0.0000
0.0000
0.0000
0.0000
0.0000
0.0000
0.0000
0.0000
0.0000
0.0000
0.0000
0.0000
0.0000
0.0000
0.0000
0.0000
0.0000
0.0000
0.0000
0.0000
0.0000
0.0000
0.0000
0.0000
0.0000
0.0000
0.0000
0.0000
0.0000
0.0000
0.0000
0.0000
0.0000
0.0000
0.0000
0.0000
0.0000
0.0000
0.0000
0.0000
0.0000
0.0000
0.0000
0.0000
0.0000
0.0000
0.0000
0.0000
0.0000
0.0000
0.0000
0.0000
0.0000
0.0000
0.0000
0.0000
53.7109
53.7109
97.6562
97.6562
126.9531
126.9531
136.7187
136.7187
136.7187
136.7187
146.4844
146.4844
156.2500
156.2500
156.2500
156.2500
156.2500
156.2500
151.3672
151.3672
146.4844
146.4844
141.6016
141.6016
131.8359
131.8359
131.8359
131.8359
141.6016
141.6016
161.1328
161.1328
209.9609
209.9609
263.6719
263.6719
341.7969
341.7969
429.6875
429.6875
527.3437
527.3437
634.7656
634.7656
727.5391
727.5391
800.7812
800.7812
849.6094
849.6094
864.2578
864.2578
859.3750
859.3750
834.9609
834.9609
781.2500
781.2500
708.0078
708.0078
615.2344
615.2344
512.6953
512.6953
415.0391
415.0391
307.6172
307.6172
200.1953
200.1953
83.0078
83.0078
0.0000
0.0000
0.0000
0.0000
0.0000
0.0000
0.0000
0.0000
0.0000
0.0000
0.0000
0.0000
0.0000
0.0000
0.0000
0.0000
0.0000
0.0000
0.0000
0.0000
0.0000
0.0000
0.0000
0.0000
0.0000
0.0000
0.0000
0.0000
0.0000
0.0000
0.0000
0.0000
0.0000
0.0000
0.0000
0.0000
0.0000
0.0000
0.0000
0.0000
0.0000
0.0000
0.0000
0.0000
0.0000
0.0000
0.0000
0.0000
0.0000
0.0000
0.0000
0.0000
0.0000
0.0000
0.0000
0.0000
0.0000
0.0000
0.0000
0.0000
0.0000
0.0000
0.0000
0.0000
0.0000
0.0000
0.0000
0.0000
0.0000
0.0000
0.0000
0.0000
0.0000
0.0000
39.0625
39.0625
73.2422
73.2422
122.0703
122.0703
175.7812
175.7812
224.6094
224.6094
278.3203
278.3203
327.1484
327.1484
385.7422
385.7422
434.5703
434.5703
468.7500
468.7500
493.1641
493.1641
507.8125
507.8125
527.3437
527.3437
561.5234
561.5234
610.3516
610.3516
668.9453
668.9453
727.5391
761.7187
761.7187
771.4844
771.4844
742.1875
742.1875
664.0625
664.0625
664.0625
571.2891
571.2891
458.9844
458.9844
361.3281
361.3281
283.2031
283.2031
219.7266
219.7266
170.8984
126.9531
126.9531
83.0078
83.0078
43.9453
43.9453
0.0000
0.0000
0.0000
0.0000
0.0000
0.0000
0.0000
0.0000
0.0000
0.0000
0.0000
0.0000
0.0000
0.0000
0.0000
0.0000
0.0000
0.0000
0.0000
0.0000
0.0000
0.0000
0.0000
0.0000
0.0000
0.0000
0.0000
0.0000
0.0000
0.0000
0.0000
0.0000
0.0000
0.0000
0.0000
0.0000
0.0000
0.0000
0.0000
0.0000
0.0000
0.0000
0.0000
0.0000
0.0000
0.0000
0.0000
0.0000
0.0000
0.0000
0.0000
0.0000
0.0000
0.0000
0.0000
0.0000
0.0000
0.0000
0.0000
0.0000
0.0000
0.0000
29.2969
29.2969
102.5391
102.5391
166.0156
166.0156
219.7266
219.7266
258.7891
258.7891
288.0859
288.0859
312.5000
312.5000
327.1484
327.1484
336.9141
336.9141
341.7969
341.7969
341.7969
341.7969
346.6797
346.6797
346.6797
346.6797
346.6797
346.6797
341.7969
341.7969
341.7969
341.7969
341.7969
341.7969
356.4453
356.4453
375.9766
375.9766
405.2734
405.2734
449.2187
449.2187
498.0469
498.0469
581.0547
581.0547
673.8281
673.8281
771.4844
771.4844
878.9062
878.9062
961.9141
961.9141
1030.2734
1030.2734
1074.2187
1074.2187
1074.2187
1074.2187
1044.9219
1044.9219
981.4453
981.4453
898.4375
898.4375
810.5469
810.5469
712.8906
712.8906
605.4687
605.4687
493.1641
493.1641
361.3281
361.3281
224.6094
224.6094
83.0078
83.0078
0.0000
0.0000
0.0000
0.0000
0.0000
0.0000
0.0000
0.0000
0.0000
0.0000
0.0000
0.0000
0.0000
0.0000
0.0000
0.0000
0.0000
0.0000
0.0000
0.0000
0.0000
0.0000
0.0000
0.0000
0.0000
0.0000
0.0000
0.0000
0.0000
0.0000
0.0000
0.0000
0.0000
0.0000
0.0000
0.0000
0.0000
0.0000
0.0000
0.0000
0.0000
0.0000
0.0000
0.0000
0.0000
0.0000
0.0000
0.0000
0.0000
0.0000
0.0000
0.0000
0.0000
0.0000
0.0000
0.0000
0.0000
0.0000
0.0000
0.0000
0.0000
0.0000
0.0000
0.0000
0.0000
0.0000
29.2969
29.2969
87.8906
87.8906
151.3672
151.3672
234.3750
234.3750
317.3828
317.3828
390.6250
390.6250
458.9844
458.9844
512.6953
512.6953
566.4062
566.4062
610.3516
610.3516
649.4141
649.4141
673.8281
673.8281
693.3594
693.3594
698.2422
698.2422
703.1250
703.1250
708.0078
708.0078
712.8906
712.8906
727.5391
727.5391
737.3047
737.3047
737.3047
737.3047
717.7734
717.7734
654.2969
654.2969
546.8750
546.8750
405.2734
405.2734
253.9062
253.9062
117.1875
117.1875
0.0000
0.0000
0.0000
0.0000
0.0000
0.0000
0.0000
0.0000
0.0000
0.0000
0.0000
0.0000
0.0000
0.0000
0.0000
0.0000
0.0000
0.0000
0.0000
0.0000
0.0000
0.0000
0.0000
0.0000
0.0000
0.0000
0.0000
0.0000
0.0000
0.0000
0.0000
0.0000
0.0000
0.0000
0.0000
0.0000
0.0000
0.0000
0.0000
0.0000
0.0000
0.0000
0.0000
0.0000
0.0000
0.0000
0.0000
0.0000
0.0000
0.0000
0.0000
0.0000
0.0000
0.0000
0.0000
0.0000
0.0000
0.0000
0.0000
0.0000
0.0000
0.0000
0.0000
0.0000
4.8828
4.8828
78.1250
78.1250
146.4844
146.4844
195.3125
195.3125
244.1406
244.1406
288.0859
288.0859
317.3828
317.3828
341.7969
341.7969
356.4453
356.4453
366.2109
366.2109
375.9766
375.9766
380.8594
380.8594
380.8594
380.8594
371.0937
371.0937
356.4453
356.4453
351.5625
351.5625
346.6797
346.6797
341.7969
341.7969
356.4453
356.4453
375.9766
375.9766
405.2734
405.2734
458.9844
458.9844
512.6953
512.6953
571.2891
571.2891
639.6484
639.6484
708.0078
708.0078
805.6641
805.6641
908.2031
908.2031
1010.7422
1010.7422
1103.5156
1103.5156
1166.9922
1166.9922
1191.4062
1191.4062
1166.9922
1166.9922
1074.2187
1074.2187
927.7344
927.7344
751.9531
751.9531
571.2891
571.2891
400.3906
400.3906
244.1406
244.1406
87.8906
87.8906
0.0000
0.0000
0.0000
0.0000
0.0000
0.0000
0.0000
0.0000
0.0000
0.0000
0.0000
0.0000
0.0000
0.0000
0.0000
0.0000
0.0000
0.0000
0.0000
0.0000
0.0000
0.0000
0.0000
0.0000
0.0000
0.0000
0.0000
0.0000
0.0000
0.0000
0.0000
0.0000
0.0000
0.0000
0.0000
0.0000
0.0000
0.0000
0.0000
0.0000
0.0000
0.0000
0.0000
0.0000
0.0000
0.0000
0.0000
0.0000
0.0000
0.0000
0.0000
0.0000
0.0000
0.0000
0.0000
0.0000
0.0000
0.0000
0.0000
0.0000
0.0000
0.0000
0.0000
0.0000
0.0000
0.0000
0.0000
0.0000
0.0000
0.0000
0.0000
0.0000
0.0000
0.0000
0.0000
0.0000
0.0000
0.0000
19.5312
19.5312
83.0078
83.0078
141.6016
141.6016
195.3125
195.3125
249.0234
249.0234
292.9687
292.9687
336.9141
336.9141
380.8594
380.8594
410.1562
410.1562
434.5703
434.5703
454.1016
454.1016
463.8672
463.8672
478.5156
478.5156
488.2812
488.2812
498.0469
498.0469
512.6953
512.6953
532.2266
532.2266
566.4062
566.4062
610.3516
610.3516
644.5312
644.5312
668.9453
668.9453
668.9453
668.9453
639.6484
639.6484
595.7031
595.7031
527.3437
527.3437
454.1016
454.1016
385.7422
385.7422
332.0312
332.0312
292.9687
292.9687
258.7891
258.7891
209.9609
209.9609
146.4844
146.4844
58.5937
58.5937
0.0000
0.0000
0.0000
0.0000
0.0000
0.0000
0.0000
0.0000
0.0000
0.0000
0.0000
0.0000
0.0000
0.0000
0.0000
0.0000
0.0000
0.0000
0.0000
0.0000
0.0000
0.0000
0.0000
0.0000
0.0000
0.0000
0.0000
0.0000
0.0000
0.0000
0.0000
0.0000
0.0000
0.0000
0.0000
0.0000
0.0000
0.0000
0.0000
0.0000
0.0000
0.0000
0.0000
0.0000
0.0000
0.0000
0.0000
0.0000
0.0000
0.0000
0.0000
0.0000
0.0000
0.0000
0.0000
0.0000
0.0000
0.0000
0.0000
0.0000
43.9453
43.9453
97.6562
97.6562
136.7187
136.7187
180.6641
180.6641
209.9609
209.9609
234.3750
234.3750
249.0234
249.0234
258.7891
258.7891
268.5547
268.5547
283.2031
283.2031
297.8516
297.8516
317.3828
317.3828
341.7969
341.7969
371.0937
371.0937
410.1562
410.1562
454.1016
454.1016
502.9297
502.9297
561.5234
561.5234
629.8828
629.8828
722.6562
722.6562
830.0781
830.0781
922.8516
922.8516
1000.9766
1000.9766
1030.2734
1030.2734
1005.8594
1005.8594
932.6172
932.6172
810.5469
810.5469
673.8281
673.8281
527.3437
527.3437
395.5078
395.5078
288.0859
288.0859
190.4297
190.4297
92.7734
92.7734
0.0000
0.0000
0.0000
0.0000
0.0000
0.0000
0.0000
0.0000
0.0000
0.0000
0.0000
0.0000
0.0000
0.0000
0.0000
0.0000
0.0000
0.0000
0.0000
0.0000
0.0000
0.0000
0.0000
0.0000
0.0000
0.0000
0.0000
0.0000
0.0000
0.0000
0.0000
0.0000
0.0000
0.0000
0.0000
0.0000
0.0000
0.0000
0.0000
0.0000
0.0000
0.0000
0.0000
0.0000
0.0000
0.0000
0.0000
0.0000
0.0000
0.0000
0.0000
0.0000
0.0000
0.0000
0.0000
0.0000
0.0000
0.0000
0.0000
0.0000
0.0000
0.0000
0.0000
0.0000
9.7656
9.7656
39.0625
39.0625
83.0078
83.0078
141.6016
141.6016
205.0781
205.0781
268.5547
268.5547
332.0312
332.0312
380.8594
380.8594
424.8047
424.8047
468.7500
468.7500
512.6953
512.6953
556.6406
556.6406
590.8203
590.8203
629.8828
629.8828
668.9453
668.9453
688.4766
688.4766
688.4766
688.4766
668.9453
668.9453
634.7656
634.7656
600.5859
600.5859
566.4062
566.4062
541.9922
541.9922
532.2266
532.2266
522.4609
522.4609
522.4609
522.4609
507.8125
507.8125
458.9844
458.9844
375.9766
375.9766
263.6719
263.6719
136.7187
136.7187
19.5312
19.5312
0.0000
0.0000
0.0000
0.0000
0.0000
0.0000
0.0000
0.0000
0.0000
0.0000
0.0000
0.0000
0.0000
0.0000
0.0000
0.0000
0.0000
0.0000
0.0000
0.0000
0.0000
0.0000
0.0000
0.0000
0.0000
0.0000
0.0000
0.0000
0.0000
0.0000
0.0000
0.0000
0.0000
0.0000
0.0000
0.0000
0.0000
0.0000
0.0000
0.0000
0.0000
0.0000
0.0000
0.0000
0.0000
0.0000
0.0000
0.0000
0.0000
0.0000
0.0000
0.0000
0.0000
0.0000
0.0000
0.0000
0.0000
0.0000
0.0000
0.0000
0.0000
0.0000
0.0000
0.0000
0.0000
0.0000
0.0000
0.0000
0.0000
0.0000
0.0000
0.0000
0.0000
0.0000
0.0000
0.0000
0.0000
0.0000
9.7656
9.7656
24.4141
24.4141
34.1797
34.1797
43.9453
43.9453
43.9453
43.9453
29.2969
29.2969
9.7656
9.7656
0.0000
0.0000
0.0000
0.0000
0.0000
0.0000
0.0000
0.0000
0.0000
0.0000
4.8828
4.8828
34.1797
34.1797
73.2422
73.2422
117.1875
117.1875
166.0156
166.0156
224.6094
283.2031
283.2031
283.2031
361.3281
361.3281
439.4531
439.4531
512.6953
512.6953
585.9375
585.9375
649.4141
649.4141
727.5391
727.5391
810.5469
810.5469
898.4375
976.5625
976.5625
1035.1562
1035.1562
1035.1562
1069.3359
1069.3359
1074.2187
1074.2187
1040.0391
1040.0391
961.9141
961.9141
859.3750
859.3750
727.5391
727.5391
600.5859
600.5859
468.7500
332.0312
332.0312
195.3125
195.3125
39.0625
39.0625
0.0000
0.0000
0.0000
0.0000
0.0000
0.0000
0.0000
0.0000
0.0000
0.0000
0.0000
0.0000
0.0000
0.0000
0.0000
0.0000
0.0000
0.0000
0.0000
0.0000
0.0000
0.0000
0.0000
0.0000
0.0000
0.0000
0.0000
0.0000
0.0000
0.0000
0.0000
0.0000
0.0000
0.0000
0.0000
0.0000
0.0000
0.0000
0.0000
0.0000
0.0000
0.0000
0.0000
0.0000
0.0000
0.0000
0.0000
0.0000
0.0000
0.0000
0.0000
0.0000
0.0000
0.0000
0.0000
0.0000
0.0000
0.0000
29.2969
29.2969
78.1250
78.1250
126.9531
126.9531
175.7812
175.7812
229.4922
229.4922
288.0859
288.0859
332.0312
332.0312
380.8594
380.8594
410.1562
410.1562
434.5703
434.5703
454.1016
454.1016
458.9844
458.9844
458.9844
458.9844
449.2187
449.2187
434.5703
434.5703
424.8047
424.8047
415.0391
415.0391
400.3906
400.3906
395.5078
395.5078
385.7422
385.7422
395.5078
395.5078
419.9219
419.9219
454.1016
454.1016
507.8125
507.8125
571.2891
571.2891
644.5312
644.5312
712.8906
712.8906
751.9531
751.9531
761.7187
761.7187
737.3047
737.3047
678.7109
678.7109
610.3516
610.3516
537.1094
537.1094
468.7500
468.7500
405.2734
405.2734
346.6797
346.6797
283.2031
283.2031
219.7266
219.7266
126.9531
126.9531
24.4141
24.4141
0.0000
0.0000
0.0000
0.0000
0.0000
0.0000
0.0000
0.0000
0.0000
0.0000
0.0000
0.0000
0.0000
0.0000
0.0000
0.0000
0.0000
0.0000
0.0000
0.0000
0.0000
0.0000
0.0000
0.0000
0.0000
0.0000
0.0000
0.0000
0.0000
0.0000
0.0000
0.0000
0.0000
0.0000
0.0000
0.0000
0.0000
0.0000
0.0000
0.0000
0.0000
0.0000
0.0000
0.0000
0.0000
0.0000
0.0000
0.0000
0.0000
0.0000
0.0000
0.0000
0.0000
0.0000
0.0000
0.0000
0.0000
0.0000
0.0000
0.0000
0.0000
0.0000
0.0000
0.0000
0.0000
0.0000
0.0000
0.0000
0.0000
0.0000
0.0000
0.0000
53.7109
53.7109
112.3047
112.3047
166.0156
166.0156
209.9609
209.9609
268.5547
268.5547
317.3828
317.3828
375.9766
375.9766
439.4531
439.4531
502.9297
502.9297
576.1719
576.1719
639.6484
639.6484
688.4766
688.4766
727.5391
727.5391
747.0703
747.0703
761.7187
761.7187
781.2500
781.2500
791.0156
791.0156
810.5469
810.5469
839.8437
839.8437
878.9062
878.9062
922.8516
922.8516
952.1484
952.1484
957.0312
957.0312
932.6172
932.6172
859.3750
859.3750
761.7187
761.7187
634.7656
634.7656
488.2812
488.2812
346.6797
346.6797
205.0781
205.0781
83.0078
83.0078
0.0000
0.0000
0.0000
0.0000
0.0000
0.0000
0.0000
0.0000
0.0000
0.0000
0.0000
0.0000
0.0000
0.0000
0.0000
0.0000
0.0000
0.0000
0.0000
0.0000
0.0000
0.0000
0.0000
0.0000
0.0000
0.0000
0.0000
0.0000
0.0000
0.0000
0.0000
0.0000
0.0000
0.0000
0.0000
0.0000
0.0000
0.0000
0.0000
0.0000
0.0000
0.0000
0.0000
0.0000
0.0000
0.0000
0.0000
0.0000
0.0000
0.0000
0.0000
0.0000
0.0000
0.0000
0.0000
0.0000
0.0000
0.0000
0.0000
0.0000
0.0000
0.0000
0.0000
0.0000
0.0000
0.0000
48.8281
48.8281
102.5391
102.5391
161.1328
161.1328
205.0781
205.0781
249.0234
249.0234
297.8516
297.8516
332.0312
332.0312
361.3281
361.3281
380.8594
380.8594
385.7422
385.7422
390.6250
390.6250
385.7422
385.7422
375.9766
375.9766
375.9766
375.9766
366.2109
366.2109
366.2109
366.2109
371.0937
371.0937
375.9766
375.9766
395.5078
395.5078
424.8047
424.8047
473.6328
473.6328
551.7578
551.7578
649.4141
649.4141
756.8359
756.8359
864.2578
864.2578
942.3828
942.3828
996.0937
996.0937
996.0937
996.0937
952.1484
952.1484
869.1406
869.1406
766.6016
766.6016
673.8281
673.8281
590.8203
590.8203
507.8125
507.8125
424.8047
424.8047
322.2656
322.2656
190.4297
190.4297
43.9453
43.9453
0.0000
0.0000
0.0000
0.0000
0.0000
0.0000
0.0000
0.0000
0.0000
0.0000
0.0000
0.0000
0.0000
0.0000
0.0000
0.0000
0.0000
0.0000
0.0000
0.0000
0.0000
0.0000
0.0000
0.0000
0.0000
0.0000
0.0000
0.0000
0.0000
0.0000
0.0000
0.0000
0.0000
0.0000
0.0000
0.0000
0.0000
0.0000
0.0000
0.0000
0.0000
0.0000
0.0000
0.0000
0.0000
0.0000
0.0000
0.0000
0.0000
0.0000
0.0000
0.0000
0.0000
0.0000
0.0000
0.0000
0.0000
0.0000
0.0000
0.0000
0.0000
0.0000
0.0000
0.0000
0.0000
0.0000
0.0000
0.0000
0.0000
0.0000
0.0000
0.0000
0.0000
0.0000
0.0000
0.0000
58.5937
58.5937
131.8359
131.8359
205.0781
205.0781
268.5547
268.5547
336.9141
336.9141
390.6250
390.6250
434.5703
434.5703
478.5156
478.5156
527.3437
527.3437
590.8203
590.8203
668.9453
668.9453
747.0703
747.0703
820.3125
820.3125
874.0234
874.0234
898.4375
898.4375
903.3203
903.3203
878.9062
878.9062
834.9609
834.9609
786.1328
786.1328
737.3047
737.3047
703.1250
703.1250
668.9453
668.9453
634.7656
634.7656
595.7031
595.7031
546.8750
546.8750
488.2812
488.2812
419.9219
419.9219
336.9141
336.9141
239.2578
239.2578
126.9531
126.9531
4.8828
4.8828
0.0000
0.0000
0.0000
0.0000
0.0000
0.0000
0.0000
0.0000
0.0000
0.0000
0.0000
0.0000
0.0000
0.0000
0.0000
0.0000
0.0000
0.0000
0.0000
0.0000
0.0000
0.0000
0.0000
0.0000
0.0000
0.0000
0.0000
0.0000
0.0000
0.0000
0.0000
0.0000
0.0000
0.0000
0.0000
0.0000
0.0000
0.0000
0.0000
0.0000
0.0000
0.0000
0.0000
0.0000
0.0000
0.0000
14.6484
14.6484
83.0078
83.0078
146.4844
146.4844
195.3125
195.3125
244.1406
244.1406
288.0859
288.0859
327.1484
327.1484
366.2109
366.2109
390.6250
390.6250
410.1562
410.1562
419.9219
419.9219
410.1562
410.1562
395.5078
395.5078
375.9766
375.9766
361.3281
361.3281
361.3281
361.3281
361.3281
361.3281
356.4453
356.4453
356.4453
356.4453
341.7969
341.7969
336.9141
336.9141
341.7969
341.7969
356.4453
356.4453
400.3906
400.3906
458.9844
458.9844
546.8750
546.8750
649.4141
649.4141
751.9531
751.9531
834.9609
834.9609
898.4375
898.4375
927.7344
927.7344
937.5000
937.5000
917.9687
917.9687
883.7891
883.7891
844.7266
844.7266
810.5469
810.5469
786.1328
786.1328
771.4844
771.4844
747.0703
747.0703
703.1250
703.1250
625.0000
625.0000
512.6953
512.6953
380.8594
380.8594
224.6094
224.6094
53.7109
53.7109
0.0000
0.0000
0.0000
0.0000
0.0000
0.0000
0.0000
0.0000
0.0000
0.0000
0.0000
0.0000
0.0000
0.0000
0.0000
0.0000
0.0000
0.0000
0.0000
0.0000
0.0000
0.0000
0.0000
0.0000
0.0000
0.0000
0.0000
0.0000
0.0000
0.0000
0.0000
0.0000
0.0000
0.0000
0.0000
0.0000
0.0000
0.0000
0.0000
0.0000
0.0000
0.0000
0.0000
0.0000
0.0000
0.0000
0.0000
0.0000
0.0000
0.0000
0.0000
0.0000
0.0000
0.0000
0.0000
0.0000
0.0000
0.0000
0.0000
0.0000
0.0000
0.0000
0.0000
0.0000
0.0000
0.0000
0.0000
0.0000
0.0000
0.0000
0.0000
0.0000
0.0000
0.0000
24.4141
24.4141
92.7734
92.7734
151.3672
151.3672
219.7266
219.7266
283.2031
283.2031
332.0312
332.0312
385.7422
385.7422
424.8047
424.8047
473.6328
473.6328
522.4609
522.4609
576.1719
576.1719
644.5312
644.5312
712.8906
712.8906
786.1328
786.1328
864.2578
864.2578
922.8516
922.8516
961.9141
961.9141
976.5625
976.5625
966.7969
966.7969
952.1484
952.1484
932.6172
932.6172
903.3203
903.3203
869.1406
869.1406
830.0781
830.0781
781.2500
781.2500
732.4219
732.4219
664.0625
664.0625
581.0547
581.0547
478.5156
478.5156
361.3281
361.3281
239.2578
239.2578
107.4219
107.4219
0.0000
0.0000
0.0000
0.0000
0.0000
0.0000
0.0000
0.0000
0.0000
0.0000
0.0000
0.0000
0.0000
0.0000
0.0000
0.0000
0.0000
0.0000
0.0000
0.0000
0.0000
0.0000
0.0000
0.0000
0.0000
0.0000
0.0000
0.0000
0.0000
0.0000
0.0000
0.0000
0.0000
0.0000
0.0000
0.0000
0.0000
0.0000
0.0000
0.0000
0.0000
0.0000
0.0000
0.0000
0.0000
0.0000
0.0000
0.0000
0.0000
0.0000
73.2422
73.2422
141.6016
141.6016
190.4297
190.4297
229.4922
229.4922
253.9062
253.9062
278.3203
278.3203
302.7344
302.7344
317.3828
317.3828
327.1484
327.1484
322.2656
322.2656
307.6172
307.6172
297.8516
297.8516
278.3203
278.3203
258.7891
258.7891
249.0234
249.0234
239.2578
239.2578
244.1406
244.1406
263.6719
288.0859
288.0859
288.0859
327.1484
327.1484
371.0937
371.0937
439.4531
439.4531
537.1094
537.1094
644.5312
644.5312
756.8359
756.8359
864.2578
864.2578
947.2656
947.2656
1005.8594
1020.5078
1020.5078
1020.5078
991.2109
991.2109
932.6172
932.6172
844.7266
844.7266
747.0703
747.0703
654.2969
654.2969
556.6406
454.1016
454.1016
341.7969
341.7969
214.8437
214.8437
78.1250
78.1250
0.0000
0.0000
0.0000
0.0000
0.0000
0.0000
0.0000
0.0000
0.0000
0.0000
0.0000
0.0000
0.0000
0.0000
0.0000
0.0000
0.0000
0.0000
0.0000
0.0000
0.0000
0.0000
0.0000
0.0000
0.0000
0.0000
0.0000
0.0000
0.0000
0.0000
0.0000
0.0000
0.0000
0.0000
0.0000
0.0000
0.0000
0.0000
0.0000
0.0000
0.0000
0.0000
0.0000
0.0000
0.0000
0.0000
0.0000
0.0000
0.0000
0.0000
0.0000
0.0000
0.0000
0.0000
0.0000
0.0000
0.0000
0.0000
0.0000
0.0000
0.0000
0.0000
0.0000
0.0000
0.0000
0.0000
0.0000
0.0000
0.0000
0.0000
0.0000
0.0000
0.0000
0.0000
39.0625
39.0625
117.1875
117.1875
195.3125
195.3125
273.4375
273.4375
341.7969
341.7969
405.2734
405.2734
449.2187
449.2187
468.7500
468.7500
483.3984
483.3984
483.3984
483.3984
483.3984
483.3984
488.2812
488.2812
483.3984
483.3984
478.5156
478.5156
463.8672
463.8672
454.1016
454.1016
463.8672
463.8672
478.5156
478.5156
507.8125
507.8125
546.8750
546.8750
585.9375
585.9375
615.2344
615.2344
620.1172
620.1172
605.4687
605.4687
576.1719
576.1719
537.1094
537.1094
502.9297
502.9297
488.2812
488.2812
473.6328
473.6328
458.9844
458.9844
444.3359
444.3359
410.1562
410.1562
361.3281
361.3281
288.0859
288.0859
185.5469
185.5469
73.2422
73.2422
0.0000
0.0000
0.0000
0.0000
0.0000
0.0000
0.0000
0.0000
0.0000
0.0000
0.0000
0.0000
0.0000
0.0000
0.0000
0.0000
0.0000
0.0000
0.0000
0.0000
0.0000
0.0000
0.0000
0.0000
0.0000
0.0000
0.0000
0.0000
0.0000
0.0000
0.0000
0.0000
0.0000
0.0000
0.0000
0.0000
0.0000
0.0000
0.0000
0.0000
0.0000
0.0000
0.0000
0.0000
0.0000
0.0000
0.0000
0.0000
0.0000
0.0000
0.0000
0.0000
0.0000
0.0000
0.0000
0.0000
19.5312
19.5312
48.8281
48.8281
68.3594
68.3594
83.0078
83.0078
97.6562
97.6562
107.4219
107.4219
126.9531
126.9531
146.4844
146.4844
161.1328
161.1328
180.6641
180.6641
195.3125
195.3125
224.6094
224.6094
258.7891
258.7891
292.9687
292.9687
336.9141
336.9141
375.9766
375.9766
424.8047
424.8047
478.5156
478.5156
532.2266
532.2266
581.0547
581.0547
625.0000
625.0000
668.9453
668.9453
727.5391
727.5391
791.0156
791.0156
849.6094
849.6094
913.0859
913.0859
957.0312
957.0312
986.3281
986.3281
981.4453
981.4453
922.8516
922.8516
830.0781
830.0781
698.2422
698.2422
561.5234
561.5234
434.5703
434.5703
327.1484
327.1484
244.1406
244.1406
180.6641
180.6641
107.4219
107.4219
39.0625
39.0625
0.0000
0.0000
0.0000
0.0000
0.0000
0.0000
0.0000
0.0000
0.0000
0.0000
0.0000
0.0000
0.0000
0.0000
0.0000
0.0000
0.0000
0.0000
0.0000
0.0000
0.0000
0.0000
0.0000
0.0000
0.0000
0.0000
0.0000
0.0000
0.0000
0.0000
0.0000
0.0000
0.0000
0.0000
0.0000
0.0000
0.0000
0.0000
0.0000
0.0000
0.0000
0.0000
0.0000
0.0000
0.0000
0.0000
0.0000
0.0000
0.0000
0.0000
0.0000
0.0000
0.0000
0.0000
0.0000
0.0000
0.0000
0.0000
0.0000
0.0000
0.0000
0.0000
0.0000
0.0000
0.0000
0.0000
0.0000
0.0000
29.2969
29.2969
92.7734
92.7734
156.2500
156.2500
214.8437
214.8437
268.5547
268.5547
307.6172
307.6172
341.7969
341.7969
361.3281
361.3281
375.9766
375.9766
385.7422
385.7422
385.7422
385.7422
375.9766
375.9766
366.2109
366.2109
351.5625
351.5625
346.6797
346.6797
341.7969
341.7969
341.7969
341.7969
351.5625
351.5625
361.3281
361.3281
385.7422
385.7422
434.5703
434.5703
493.1641
493.1641
576.1719
576.1719
664.0625
664.0625
747.0703
747.0703
815.4297
815.4297
844.7266
844.7266
849.6094
849.6094
815.4297
815.4297
751.9531
751.9531
678.7109
678.7109
600.5859
600.5859
517.5781
517.5781
434.5703
434.5703
351.5625
351.5625
268.5547
268.5547
175.7812
175.7812
68.3594
68.3594
0.0000
0.0000
0.0000
0.0000
0.0000
0.0000
0.0000
0.0000
0.0000
0.0000
0.0000
0.0000
0.0000
0.0000
0.0000
0.0000
0.0000
0.0000
0.0000
0.0000
0.0000
0.0000
0.0000
0.0000
0.0000
0.0000
0.0000
0.0000
0.0000
0.0000
0.0000
0.0000
0.0000
0.0000
0.0000
0.0000
0.0000
0.0000
0.0000
0.0000
0.0000
0.0000
0.0000
0.0000
0.0000
0.0000
0.0000
0.0000
0.0000
0.0000
0.0000
0.0000
0.0000
0.0000
24.4141
24.4141
43.9453
43.9453
58.5937
58.5937
83.0078
83.0078
102.5391
102.5391
122.0703
122.0703
146.4844
146.4844
166.0156
166.0156
195.3125
195.3125
239.2578
239.2578
283.2031
283.2031
341.7969
341.7969
405.2734
405.2734
468.7500
468.7500
537.1094
537.1094
600.5859
600.5859
664.0625
664.0625
717.7734
717.7734
761.7187
761.7187
805.6641
805.6641
844.7266
844.7266
869.1406
869.1406
878.9062
878.9062
878.9062
878.9062
874.0234
874.0234
869.1406
869.1406
864.2578
864.2578
864.2578
864.2578
869.1406
869.1406
874.0234
874.0234
869.1406
869.1406
839.8437
839.8437
781.2500
781.2500
693.3594
693.3594
576.1719
576.1719
454.1016
454.1016
332.0312
332.0312
219.7266
219.7266
131.8359
131.8359
53.7109
53.7109
0.0000
0.0000
0.0000
0.0000
0.0000
0.0000
0.0000
0.0000
0.0000
0.0000
0.0000
0.0000
0.0000
0.0000
0.0000
0.0000
0.0000
0.0000
0.0000
0.0000
0.0000
0.0000
0.0000
0.0000
0.0000
0.0000
0.0000
0.0000
0.0000
0.0000
0.0000
0.0000
0.0000
0.0000
0.0000
0.0000
0.0000
0.0000
0.0000
0.0000
0.0000
0.0000
0.0000
0.0000
0.0000
0.0000
0.0000
0.0000
0.0000
0.0000
0.0000
0.0000
0.0000
0.0000
0.0000
0.0000
0.0000
0.0000
0.0000
0.0000
0.0000
0.0000
0.0000
0.0000
0.0000
0.0000
0.0000
0.0000
0.0000
0.0000
0.0000
0.0000
0.0000
0.0000
0.0000
0.0000
0.0000
0.0000
0.0000
0.0000
0.0000
0.0000
0.0000
0.0000
0.0000
0.0000
0.0000
0.0000
0.0000
0.0000
0.0000
0.0000
0.0000
0.0000
0.0000
0.0000
34.1797
34.1797
92.7734
92.7734
151.3672
151.3672
209.9609
209.9609
278.3203
278.3203
356.4453
356.4453
454.1016
454.1016
576.1719
576.1719
703.1250
703.1250
830.0781
830.0781
942.3828
942.3828
1020.5078
1020.5078
1069.3359
1069.3359
1079.1016
1079.1016
1044.9219
1044.9219
981.4453
981.4453
888.6719
888.6719
791.0156
791.0156
678.7109
678.7109
556.6406
556.6406
429.6875
429.6875
292.9687
292.9687
141.6016
141.6016
0.0000
0.0000
0.0000
0.0000
0.0000
0.0000
0.0000
0.0000
0.0000
0.0000
0.0000
0.0000
0.0000
0.0000
0.0000
0.0000
0.0000
0.0000
0.0000
0.0000
0.0000
0.0000
0.0000
0.0000
0.0000
0.0000
0.0000
0.0000
0.0000
0.0000
0.0000
0.0000
0.0000
0.0000
0.0000
0.0000
0.0000
0.0000
0.0000
0.0000
0.0000
0.0000
0.0000
0.0000
0.0000
0.0000
0.0000
0.0000
0.0000
0.0000
0.0000
0.0000
0.0000
0.0000
0.0000
0.0000
0.0000
0.0000
0.0000
0.0000
0.0000
0.0000
0.0000
0.0000
0.0000
0.0000
0.0000
0.0000
58.5937
58.5937
131.8359
131.8359
200.1953
200.1953
278.3203
278.3203
356.4453
356.4453
424.8047
424.8047
483.3984
483.3984
537.1094
537.1094
571.2891
571.2891
610.3516
610.3516
629.8828
629.8828
644.5312
644.5312
649.4141
649.4141
654.2969
654.2969
668.9453
668.9453
703.1250
703.1250
737.3047
737.3047
786.1328
786.1328
820.3125
820.3125
834.9609
834.9609
820.3125
820.3125
766.6016
766.6016
678.7109
678.7109
576.1719
576.1719
468.7500
468.7500
385.7422
385.7422
322.2656
322.2656
283.2031
283.2031
253.9062
253.9062
224.6094
224.6094
180.6641
180.6641
126.9531
126.9531
53.7109
53.7109
0.0000
0.0000
0.0000
0.0000
0.0000
0.0000
0.0000
0.0000
0.0000
0.0000
0.0000
0.0000
0.0000
0.0000
0.0000
0.0000
0.0000
0.0000
0.0000
0.0000
0.0000
0.0000
0.0000
0.0000
0.0000
0.0000
0.0000
0.0000
0.0000
0.0000
0.0000
0.0000
0.0000
0.0000
0.0000
0.0000
0.0000
0.0000
0.0000
0.0000
0.0000
0.0000
0.0000
0.0000
0.0000
0.0000
0.0000
0.0000
0.0000
0.0000
0.0000
0.0000
48.8281
48.8281
122.0703
122.0703
185.5469
185.5469
239.2578
239.2578
292.9687
336.9141
336.9141
336.9141
371.0937
371.0937
395.5078
395.5078
410.1562
410.1562
424.8047
424.8047
434.5703
434.5703
439.4531
439.4531
444.3359
444.3359
444.3359
444.3359
444.3359
449.2187
449.2187
449.2187
449.2187
449.2187
458.9844
458.9844
473.6328
473.6328
488.2812
488.2812
522.4609
522.4609
556.6406
556.6406
600.5859
664.0625
664.0625
732.4219
732.4219
820.3125
820.3125
917.9687
917.9687
1000.9766
1000.9766
1059.5703
1059.5703
1083.9844
1083.9844
1064.4531
1064.4531
1020.5078
1020.5078
947.2656
947.2656
864.2578
864.2578
776.3672
776.3672
683.5937
683.5937
595.7031
595.7031
512.6953
512.6953
415.0391
415.0391
312.5000
312.5000
185.5469
185.5469
39.0625
39.0625
0.0000
0.0000
0.0000
0.0000
0.0000
0.0000
0.0000
0.0000
0.0000
0.0000
0.0000
0.0000
0.0000
0.0000
0.0000
0.0000
0.0000
0.0000
0.0000
0.0000
0.0000
0.0000
0.0000
0.0000
0.0000
0.0000
0.0000
0.0000
0.0000
0.0000
0.0000
0.0000
0.0000
0.0000
0.0000
0.0000
0.0000
0.0000
0.0000
0.0000
0.0000
0.0000
0.0000
0.0000
0.0000
0.0000
0.0000
0.0000
0.0000
0.0000
0.0000
0.0000
0.0000
0.0000
0.0000
0.0000
0.0000
0.0000
0.0000
0.0000
0.0000
0.0000
0.0000
0.0000
0.0000
0.0000
19.5312
19.5312
87.8906
87.8906
161.1328
161.1328
224.6094
224.6094
288.0859
288.0859
346.6797
346.6797
390.6250
390.6250
429.6875
429.6875
463.8672
463.8672
488.2812
488.2812
512.6953
512.6953
532.2266
532.2266
541.9922
541.9922
541.9922
541.9922
532.2266
532.2266
527.3437
527.3437
522.4609
522.4609
522.4609
522.4609
537.1094
537.1094
561.5234
561.5234
595.7031
595.7031
625.0000
625.0000
625.0000
625.0000
595.7031
595.7031
532.2266
532.2266
429.6875
429.6875
312.5000
312.5000
195.3125
195.3125
87.8906
87.8906
4.8828
4.8828
0.0000
0.0000
0.0000
0.0000
0.0000
0.0000
0.0000
0.0000
0.0000
0.0000
0.0000
0.0000
0.0000
0.0000
0.0000
0.0000
0.0000
0.0000
0.0000
0.0000
0.0000
0.0000
0.0000
0.0000
0.0000
0.0000
0.0000
0.0000
0.0000
0.0000
0.0000
0.0000
0.0000
0.0000
0.0000
0.0000
0.0000
0.0000
0.0000
0.0000
0.0000
0.0000
0.0000
0.0000
0.0000
0.0000
0.0000
0.0000
0.0000
0.0000
0.0000
0.0000
0.0000
0.0000
0.0000
0.0000
0.0000
0.0000
0.0000
0.0000
0.0000
0.0000
0.0000
0.0000
0.0000
0.0000
0.0000
0.0000
0.0000
0.0000
0.0000
0.0000
0.0000
0.0000
24.4141
24.4141
53.7109
53.7109
83.0078
83.0078
102.5391
102.5391
112.3047
112.3047
117.1875
117.1875
107.4219
107.4219
102.5391
102.5391
107.4219
107.4219
117.1875
117.1875
136.7187
136.7187
170.8984
170.8984
205.0781
205.0781
253.9062
253.9062
302.7344
302.7344
351.5625
351.5625
405.2734
405.2734
454.1016
454.1016
502.9297
502.9297
556.6406
556.6406
615.2344
615.2344
688.4766
688.4766
771.4844
771.4844
854.4922
854.4922
932.6172
932.6172
986.3281
986.3281
1005.8594
1005.8594
986.3281
986.3281
927.7344
927.7344
859.3750
859.3750
781.2500
781.2500
703.1250
703.1250
625.0000
625.0000
546.8750
546.8750
458.9844
458.9844
375.9766
375.9766
268.5547
268.5547
161.1328
161.1328
43.9453
43.9453
0.0000
0.0000
0.0000
0.0000
0.0000
0.0000
0.0000
0.0000
0.0000
0.0000
0.0000
0.0000
0.0000
0.0000
0.0000
0.0000
0.0000
0.0000
0.0000
0.0000
0.0000
0.0000
0.0000
0.0000
0.0000
0.0000
0.0000
0.0000
0.0000
0.0000
0.0000
0.0000
0.0000
0.0000
0.0000
0.0000
0.0000
0.0000
0.0000
0.0000
0.0000
0.0000
0.0000
0.0000
0.0000
0.0000
0.0000
0.0000
0.0000
0.0000
0.0000
0.0000
0.0000
0.0000
0.0000
0.0000
34.1797
34.1797
97.6562
97.6562
156.2500
156.2500
214.8437
214.8437
263.6719
263.6719
302.7344
302.7344
351.5625
351.5625
390.6250
390.6250
429.6875
429.6875
463.8672
463.8672
488.2812
488.2812
517.5781
517.5781
537.1094
537.1094
546.8750
546.8750
551.7578
551.7578
541.9922
541.9922
532.2266
532.2266
522.4609
522.4609
512.6953
512.6953
507.8125
507.8125
507.8125
507.8125
527.3437
527.3437
571.2891
571.2891
634.7656
634.7656
708.0078
708.0078
781.2500
781.2500
839.8437
839.8437
874.0234
874.0234
883.7891
883.7891
849.6094
849.6094
795.8984
795.8984
727.5391
727.5391
654.2969
654.2969
585.9375
585.9375
512.6953
512.6953
429.6875
429.6875
336.9141
336.9141
214.8437
214.8437
83.0078
83.0078
0.0000
0.0000
0.0000
0.0000
0.0000
0.0000
0.0000
0.0000
0.0000
0.0000
0.0000
0.0000
0.0000
0.0000
0.0000
0.0000
0.0000
0.0000
0.0000
0.0000
0.0000
0.0000
0.0000
0.0000
0.0000
0.0000
0.0000
0.0000
0.0000
0.0000
0.0000
0.0000
0.0000
0.0000
0.0000
0.0000
0.0000
0.0000
0.0000
0.0000
0.0000
0.0000
0.0000
0.0000
0.0000
0.0000
0.0000
0.0000
0.0000
0.0000
0.0000
0.0000
0.0000
0.0000
0.0000
0.0000
0.0000
0.0000
0.0000
0.0000
0.0000
0.0000
0.0000
0.0000
0.0000
0.0000
0.0000
0.0000
0.0000
0.0000
0.0000
0.0000
0.0000
0.0000
0.0000
0.0000
0.0000
0.0000
0.0000
0.0000
0.0000
0.0000
24.4141
24.4141
87.8906
87.8906
151.3672
151.3672
209.9609
209.9609
278.3203
278.3203
346.6797
346.6797
419.9219
419.9219
502.9297
502.9297
590.8203
590.8203
688.4766
688.4766
786.1328
786.1328
878.9062
878.9062
957.0312
957.0312
1010.7422
1010.7422
1030.2734
1030.2734
1020.5078
1020.5078
976.5625
976.5625
913.0859
913.0859
834.9609
834.9609
737.3047
737.3047
625.0000
625.0000
507.8125
507.8125
385.7422
385.7422
273.4375
273.4375
161.1328
161.1328
53.7109
53.7109
0.0000
0.0000
0.0000
0.0000
0.0000
0.0000
0.0000
0.0000
0.0000
0.0000
0.0000
0.0000
0.0000
0.0000
0.0000
0.0000
0.0000
0.0000
0.0000
0.0000
0.0000
0.0000
0.0000
0.0000
0.0000
0.0000
0.0000
0.0000
0.0000
0.0000
0.0000
0.0000
0.0000
0.0000
0.0000
0.0000
0.0000
0.0000
0.0000
0.0000
0.0000
0.0000
0.0000
0.0000
0.0000
0.0000
0.0000
0.0000
0.0000
0.0000
0.0000
0.0000
0.0000
0.0000
0.0000
0.0000
0.0000
0.0000
0.0000
0.0000
0.0000
0.0000
19.5312
19.5312
92.7734
92.7734
156.2500
156.2500
224.6094
224.6094
297.8516
297.8516
361.3281
361.3281
415.0391
415.0391
463.8672
463.8672
498.0469
498.0469
537.1094
537.1094
561.5234
561.5234
571.2891
571.2891
581.0547
581.0547
571.2891
571.2891
561.5234
561.5234
551.7578
551.7578
537.1094
537.1094
532.2266
532.2266
541.9922
541.9922
566.4062
566.4062
620.1172
620.1172
678.7109
678.7109
737.3047
737.3047
776.3672
776.3672
786.1328
786.1328
771.4844
771.4844
737.3047
737.3047
688.4766
688.4766
639.6484
639.6484
595.7031
595.7031
556.6406
556.6406
532.2266
532.2266
498.0469
498.0469
444.3359
444.3359
371.0937
371.0937
263.6719
263.6719
141.6016
141.6016
4.8828
4.8828
0.0000
0.0000
0.0000
0.0000
0.0000
0.0000
0.0000
0.0000
0.0000
0.0000
0.0000
0.0000
0.0000
0.0000
0.0000
0.0000
0.0000
0.0000
0.0000
0.0000
0.0000
0.0000
0.0000
0.0000
0.0000
0.0000
0.0000
0.0000
0.0000
0.0000
0.0000
0.0000
0.0000
0.0000
0.0000
0.0000
0.0000
0.0000
0.0000
0.0000
0.0000
0.0000
0.0000
0.0000
0.0000
0.0000
0.0000
0.0000
0.0000
0.0000
0.0000
0.0000
0.0000
0.0000
0.0000
0.0000
0.0000
0.0000
0.0000
0.0000
0.0000
0.0000
0.0000
0.0000
0.0000
0.0000
0.0000
0.0000
0.0000
0.0000
0.0000
0.0000
0.0000
0.0000
0.0000
0.0000
19.5312
19.5312
63.4766
63.4766
112.3047
112.3047
175.7812
175.7812
249.0234
249.0234
317.3828
317.3828
385.7422
385.7422
454.1016
454.1016
517.5781
517.5781
585.9375
585.9375
649.4141
649.4141
722.6562
722.6562
795.8984
795.8984
869.1406
869.1406
942.3828
942.3828
986.3281
986.3281
996.0937
996.0937
971.6797
971.6797
903.3203
903.3203
815.4297
815.4297
712.8906
712.8906
610.3516
610.3516
527.3437
527.3437
449.2187
449.2187
380.8594
380.8594
322.2656
322.2656
253.9062
253.9062
175.7812
175.7812
92.7734
92.7734
0.0000
0.0000
0.0000
0.0000
0.0000
0.0000
0.0000
0.0000
0.0000
0.0000
0.0000
0.0000
0.0000
0.0000
0.0000
0.0000
0.0000
0.0000
0.0000
0.0000
0.0000
0.0000
0.0000
0.0000
0.0000
0.0000
0.0000
0.0000
0.0000
0.0000
0.0000
0.0000
0.0000
0.0000
0.0000
0.0000
0.0000
0.0000
0.0000
0.0000
0.0000
0.0000
0.0000
0.0000
0.0000
0.0000
0.0000
0.0000
0.0000
0.0000
0.0000
0.0000
0.0000
0.0000
0.0000
0.0000
34.1797
34.1797
102.5391
102.5391
151.3672
151.3672
195.3125
195.3125
229.4922
253.9062
253.9062
253.9062
288.0859
288.0859
312.5000
312.5000
332.0312
332.0312
346.6797
346.6797
346.6797
346.6797
341.7969
317.3828
317.3828
288.0859
288.0859
288.0859
258.7891
234.3750
234.3750
224.6094
224.6094
229.4922
229.4922
244.1406
244.1406
263.6719
263.6719
288.0859
288.0859
317.3828
317.3828
371.0937
371.0937
439.4531
439.4531
532.2266
532.2266
644.5312
644.5312
756.8359
756.8359
869.1406
869.1406
961.9141
961.9141
1020.5078
1020.5078
1049.8047
1049.8047
1035.1562
1035.1562
996.0937
996.0937
932.6172
932.6172
849.6094
849.6094
751.9531
751.9531
644.5312
644.5312
522.4609
522.4609
390.6250
390.6250
239.2578
239.2578
73.2422
73.2422
0.0000
0.0000
0.0000
0.0000
0.0000
0.0000
0.0000
0.0000
0.0000
0.0000
0.0000
0.0000
0.0000
0.0000
0.0000
0.0000
0.0000
0.0000
0.0000
0.0000
0.0000
0.0000
0.0000
0.0000
0.0000
0.0000
0.0000
0.0000
0.0000
0.0000
0.0000
0.0000
0.0000
0.0000
0.0000
0.0000
0.0000
0.0000
0.0000
0.0000
0.0000
0.0000
0.0000
0.0000
0.0000
0.0000
0.0000
0.0000
0.0000
0.0000
0.0000
0.0000
0.0000
0.0000
0.0000
0.0000
0.0000
0.0000
0.0000
0.0000
0.0000
0.0000
0.0000
0.0000
0.0000
0.0000
0.0000
0.0000
0.0000
0.0000
0.0000
0.0000
0.0000
0.0000
0.0000
0.0000
34.1797
34.1797
73.2422
73.2422
126.9531
126.9531
180.6641
180.6641
239.2578
239.2578
307.6172
307.6172
361.3281
361.3281
415.0391
415.0391
473.6328
473.6328
527.3437
527.3437
585.9375
585.9375
649.4141
649.4141
708.0078
708.0078
756.8359
756.8359
781.2500
781.2500
771.4844
771.4844
732.4219
732.4219
659.1797
659.1797
571.2891
571.2891
478.5156
478.5156
375.9766
375.9766
292.9687
292.9687
209.9609
209.9609
136.7187
136.7187
83.0078
83.0078
29.2969
29.2969
0.0000
0.0000
0.0000
0.0000
0.0000
0.0000
0.0000
0.0000
0.0000
0.0000
0.0000
0.0000
0.0000
0.0000
0.0000
0.0000
0.0000
0.0000
0.0000
0.0000
0.0000
0.0000
0.0000
0.0000
0.0000
0.0000
0.0000
0.0000
0.0000
0.0000
0.0000
0.0000
0.0000
0.0000
0.0000
0.0000
0.0000
0.0000
0.0000
0.0000
0.0000
0.0000
0.0000
0.0000
0.0000
0.0000
0.0000
0.0000
0.0000
0.0000
0.0000
0.0000
0.0000
0.0000
0.0000
0.0000
0.0000
0.0000
0.0000
0.0000
0.0000
0.0000
73.2422
73.2422
146.4844
146.4844
229.4922
229.4922
302.7344
302.7344
366.2109
366.2109
429.6875
429.6875
473.6328
473.6328
502.9297
502.9297
512.6953
512.6953
512.6953
512.6953
512.6953
512.6953
507.8125
507.8125
493.1641
493.1641
478.5156
478.5156
458.9844
458.9844
444.3359
444.3359
429.6875
429.6875
410.1562
410.1562
395.5078
395.5078
390.6250
390.6250
400.3906
400.3906
444.3359
444.3359
507.8125
507.8125
595.7031
595.7031
708.0078
708.0078
820.3125
820.3125
922.8516
922.8516
1005.8594
1005.8594
1049.8047
1049.8047
1054.6875
1054.6875
1025.3906
1025.3906
971.6797
971.6797
903.3203
903.3203
825.1953
825.1953
742.1875
742.1875
664.0625
664.0625
576.1719
576.1719
483.3984
483.3984
375.9766
375.9766
249.0234
249.0234
102.5391
102.5391
0.0000
0.0000
0.0000
0.0000
0.0000
0.0000
0.0000
0.0000
0.0000
0.0000
0.0000
0.0000
0.0000
0.0000
0.0000
0.0000
0.0000
0.0000
0.0000
0.0000
0.0000
0.0000
0.0000
0.0000
0.0000
0.0000
0.0000
0.0000
0.0000
0.0000
0.0000
0.0000
0.0000
0.0000
0.0000
0.0000
0.0000
0.0000
0.0000
0.0000
0.0000
0.0000
0.0000
0.0000
0.0000
0.0000
0.0000
0.0000
0.0000
0.0000
0.0000
0.0000
0.0000
0.0000
0.0000
0.0000
0.0000
0.0000
0.0000
0.0000
0.0000
0.0000
0.0000
0.0000
0.0000
0.0000
0.0000
0.0000
0.0000
0.0000
19.5312
19.5312
78.1250
78.1250
141.6016
141.6016
205.0781
205.0781
278.3203
278.3203
361.3281
361.3281
434.5703
434.5703
512.6953
512.6953
576.1719
576.1719
625.0000
625.0000
659.1797
659.1797
668.9453
668.9453
664.0625
664.0625
654.2969
654.2969
639.6484
639.6484
649.4141
649.4141
668.9453
668.9453
693.3594
693.3594
722.6562
722.6562
722.6562
722.6562
688.4766
688.4766
620.1172
620.1172
512.6953
512.6953
390.6250
390.6250
263.6719
263.6719
151.3672
151.3672
78.1250
78.1250
29.2969
29.2969
0.0000
0.0000
0.0000
0.0000
0.0000
0.0000
0.0000
0.0000
0.0000
0.0000
0.0000
0.0000
0.0000
0.0000
0.0000
0.0000
0.0000
0.0000
0.0000
0.0000
0.0000
0.0000
0.0000
0.0000
0.0000
0.0000
0.0000
0.0000
0.0000
0.0000
0.0000
0.0000
0.0000
0.0000
0.0000
0.0000
0.0000
0.0000
0.0000
0.0000
0.0000
0.0000
0.0000
0.0000
0.0000
0.0000
0.0000
0.0000
0.0000
0.0000
0.0000
0.0000
0.0000
0.0000
0.0000
0.0000
0.0000
0.0000
0.0000
0.0000
0.0000
0.0000
0.0000
0.0000
0.0000
0.0000
43.9453
43.9453
97.6562
97.6562
141.6016
141.6016
185.5469
185.5469
219.7266
219.7266
244.1406
244.1406
263.6719
263.6719
268.5547
268.5547
273.4375
273.4375
273.4375
273.4375
273.4375
273.4375
278.3203
278.3203
278.3203
278.3203
288.0859
288.0859
302.7344
302.7344
312.5000
312.5000
322.2656
322.2656
332.0312
332.0312
351.5625
351.5625
390.6250
390.6250
444.3359
444.3359
517.5781
517.5781
615.2344
615.2344
722.6562
722.6562
844.7266
844.7266
952.1484
952.1484
1030.2734
1030.2734
1069.3359
1069.3359
1059.5703
1059.5703
1005.8594
1005.8594
922.8516
922.8516
805.6641
805.6641
664.0625
664.0625
517.5781
517.5781
346.6797
346.6797
166.0156
166.0156
0.0000
0.0000
0.0000
0.0000
0.0000
0.0000
0.0000
0.0000
0.0000
0.0000
0.0000
0.0000
0.0000
0.0000
0.0000
0.0000
0.0000
0.0000
0.0000
0.0000
0.0000
0.0000
0.0000
0.0000
0.0000
0.0000
0.0000
0.0000
0.0000
0.0000
0.0000
0.0000
0.0000
0.0000
0.0000
0.0000
0.0000
0.0000
0.0000
0.0000
0.0000
0.0000
0.0000
0.0000
0.0000
0.0000
0.0000
0.0000
0.0000
0.0000
0.0000
0.0000
0.0000
0.0000
0.0000
0.0000
0.0000
0.0000
0.0000
0.0000
0.0000
0.0000
0.0000
0.0000
0.0000
0.0000
0.0000
0.0000
0.0000
0.0000
0.0000
0.0000
0.0000
0.0000
0.0000
0.0000
58.5937
58.5937
122.0703
122.0703
195.3125
195.3125
258.7891
258.7891
327.1484
327.1484
395.5078
395.5078
449.2187
449.2187
502.9297
502.9297
546.8750
546.8750
585.9375
585.9375
634.7656
634.7656
678.7109
678.7109
727.5391
727.5391
786.1328
786.1328
830.0781
830.0781
869.1406
869.1406
874.0234
874.0234
830.0781
830.0781
742.1875
742.1875
615.2344
615.2344
473.6328
473.6328
346.6797
346.6797
224.6094
224.6094
136.7187
136.7187
68.3594
68.3594
9.7656
9.7656
0.0000
0.0000
0.0000
0.0000
0.0000
0.0000
0.0000
0.0000
0.0000
0.0000
0.0000
0.0000
0.0000
0.0000
0.0000
0.0000
0.0000
0.0000
0.0000
0.0000
0.0000
0.0000
0.0000
0.0000
0.0000
0.0000
0.0000
0.0000
0.0000
0.0000
0.0000
0.0000
0.0000
0.0000
0.0000
0.0000
0.0000
0.0000
0.0000
0.0000
0.0000
0.0000
0.0000
0.0000
0.0000
0.0000
0.0000
0.0000
0.0000
0.0000
0.0000
0.0000
0.0000
0.0000
0.0000
0.0000
0.0000
0.0000
0.0000
0.0000
0.0000
0.0000
0.0000
0.0000
0.0000
0.0000
53.7109
53.7109
126.9531
126.9531
200.1953
200.1953
258.7891
258.7891
312.5000
312.5000
361.3281
361.3281
400.3906
400.3906
434.5703
434.5703
458.9844
458.9844
473.6328
473.6328
488.2812
488.2812
493.1641
493.1641
488.2812
488.2812
478.5156
478.5156
463.8672
463.8672
454.1016
454.1016
449.2187
449.2187
439.4531
439.4531
439.4531
439.4531
439.4531
439.4531
444.3359
444.3359
463.8672
463.8672
498.0469
498.0469
556.6406
556.6406
634.7656
634.7656
722.6562
722.6562
820.3125
820.3125
908.2031
908.2031
957.0312
957.0312
976.5625
976.5625
957.0312
957.0312
913.0859
913.0859
864.2578
864.2578
805.6641
805.6641
751.9531
751.9531
688.4766
688.4766
605.4687
605.4687
493.1641
493.1641
351.5625
351.5625
170.8984
170.8984
0.0000
0.0000
0.0000
0.0000
0.0000
0.0000
0.0000
0.0000
0.0000
0.0000
0.0000
0.0000
0.0000
0.0000
0.0000
0.0000
0.0000
0.0000
0.0000
0.0000
0.0000
0.0000
0.0000
0.0000
0.0000
0.0000
0.0000
0.0000
0.0000
0.0000
0.0000
0.0000
0.0000
0.0000
0.0000
0.0000
0.0000
0.0000
0.0000
0.0000
0.0000
0.0000
0.0000
0.0000
0.0000
0.0000
0.0000
0.0000
0.0000
0.0000
0.0000
0.0000
0.0000
0.0000
0.0000
0.0000
0.0000
0.0000
0.0000
0.0000
0.0000
0.0000
0.0000
0.0000
0.0000
0.0000
24.4141
24.4141
78.1250
78.1250
136.7187
136.7187
195.3125
249.0234
249.0234
249.0234
307.6172
307.6172
361.3281
361.3281
415.0391
415.0391
468.7500
468.7500
512.6953
512.6953
556.6406
585.9375
585.9375
605.4687
605.4687
615.2344
615.2344
615.2344
615.2344
600.5859
600.5859
581.0547
581.0547
551.7578
551.7578
532.2266
532.2266
517.5781
517.5781
502.9297
502.9297
502.9297
502.9297
498.0469
498.0469
502.9297
502.9297
502.9297
502.9297
498.0469
498.0469
488.2812
488.2812
473.6328
473.6328
458.9844
458.9844
454.1016
454.1016
444.3359
444.3359
439.4531
439.4531
434.5703
434.5703
415.0391
415.0391
395.5078
395.5078
366.2109
366.2109
307.6172
307.6172
234.3750
234.3750
141.6016
141.6016
34.1797
34.1797
0.0000
0.0000
0.0000
0.0000
0.0000
0.0000
0.0000
0.0000
0.0000
0.0000
0.0000
0.0000
0.0000
0.0000
0.0000
0.0000
0.0000
0.0000
0.0000
0.0000
0.0000
0.0000
0.0000
0.0000
0.0000
0.0000
0.0000
0.0000
0.0000
0.0000
0.0000
0.0000
0.0000
0.0000
0.0000
0.0000
0.0000
0.0000
0.0000
0.0000
0.0000
0.0000
0.0000
0.0000
0.0000
0.0000
0.0000
0.0000
0.0000
0.0000
43.9453
43.9453
87.8906
87.8906
131.8359
131.8359
161.1328
161.1328
185.5469
185.5469
200.1953
200.1953
200.1953
200.1953
195.3125
195.3125
180.6641
180.6641
156.2500
156.2500
141.6016
141.6016
126.9531
126.9531
126.9531
126.9531
141.6016
141.6016
161.1328
161.1328
190.4297
190.4297
219.7266
219.7266
249.0234
249.0234
292.9687
292.9687
341.7969
341.7969
410.1562
410.1562
502.9297
502.9297
605.4687
605.4687
712.8906
712.8906
820.3125
820.3125
888.6719
888.6719
922.8516
922.8516
913.0859
913.0859
869.1406
869.1406
800.7812
800.7812
708.0078
708.0078
605.4687
605.4687
502.9297
502.9297
395.5078
395.5078
292.9687
292.9687
180.6641
180.6641
58.5937
58.5937
0.0000
0.0000
0.0000
0.0000
0.0000
0.0000
0.0000
0.0000
0.0000
0.0000
0.0000
0.0000
0.0000
0.0000
0.0000
0.0000
0.0000
0.0000
0.0000
0.0000
0.0000
0.0000
0.0000
0.0000
0.0000
0.0000
0.0000
0.0000
0.0000
0.0000
0.0000
0.0000
0.0000
0.0000
0.0000
0.0000
0.0000
0.0000
0.0000
0.0000
0.0000
0.0000
0.0000
0.0000
0.0000
0.0000
0.0000
0.0000
0.0000
0.0000
0.0000
0.0000
0.0000
0.0000
0.0000
0.0000
0.0000
0.0000
0.0000
0.0000
0.0000
0.0000
0.0000
0.0000
0.0000
0.0000
0.0000
0.0000
0.0000
0.0000
0.0000
0.0000
0.0000
0.0000
0.0000
0.0000
43.9453
43.9453
92.7734
92.7734
151.3672
151.3672
209.9609
209.9609
263.6719
263.6719
322.2656
322.2656
366.2109
366.2109
410.1562
410.1562
454.1016
454.1016
483.3984
483.3984
502.9297
502.9297
517.5781
517.5781
522.4609
522.4609
537.1094
537.1094
551.7578
551.7578
571.2891
571.2891
600.5859
600.5859
634.7656
634.7656
693.3594
693.3594
771.4844
771.4844
849.6094
849.6094
927.7344
927.7344
986.3281
986.3281
1010.7422
1010.7422
1010.7422
1010.7422
971.6797
971.6797
903.3203
903.3203
825.1953
825.1953
742.1875
742.1875
664.0625
664.0625
600.5859
600.5859
532.2266
532.2266
463.8672
463.8672
375.9766
375.9766
273.4375
273.4375
151.3672
151.3672
14.6484
14.6484
0.0000
0.0000
0.0000
0.0000
0.0000
0.0000
0.0000
0.0000
0.0000
0.0000
0.0000
0.0000
0.0000
0.0000
0.0000
0.0000
0.0000
0.0000
0.0000
0.0000
0.0000
0.0000
0.0000
0.0000
0.0000
0.0000
0.0000
0.0000
0.0000
0.0000
0.0000
0.0000
0.0000
0.0000
0.0000
0.0000
0.0000
0.0000
0.0000
0.0000
0.0000
0.0000
0.0000
0.0000
0.0000
0.0000
0.0000
0.0000
0.0000
0.0000
0.0000
0.0000
0.0000
0.0000
0.0000
0.0000
0.0000
0.0000
0.0000
0.0000
0.0000
0.0000
0.0000
0.0000
0.0000
0.0000
19.5312
19.5312
58.5937
58.5937
97.6562
97.6562
136.7187
136.7187
170.8984
170.8984
214.8437
214.8437
258.7891
258.7891
307.6172
307.6172
366.2109
366.2109
424.8047
424.8047
483.3984
483.3984
541.9922
541.9922
585.9375
585.9375
634.7656
634.7656
678.7109
678.7109
712.8906
712.8906
747.0703
747.0703
771.4844
771.4844
786.1328
786.1328
805.6641
805.6641
820.3125
820.3125
830.0781
830.0781
849.6094
849.6094
874.0234
874.0234
903.3203
903.3203
917.9687
917.9687
908.2031
908.2031
869.1406
869.1406
791.0156
791.0156
693.3594
693.3594
585.9375
585.9375
473.6328
473.6328
366.2109
366.2109
278.3203
278.3203
200.1953
200.1953
141.6016
141.6016
83.0078
83.0078
19.5312
19.5312
0.0000
0.0000
0.0000
0.0000
0.0000
0.0000
0.0000
0.0000
0.0000
0.0000
0.0000
0.0000
0.0000
0.0000
0.0000
0.0000
0.0000
0.0000
0.0000
0.0000
0.0000
0.0000
0.0000
0.0000
0.0000
0.0000
0.0000
0.0000
0.0000
0.0000
0.0000
0.0000
0.0000
0.0000
0.0000
0.0000
0.0000
0.0000
0.0000
0.0000
0.0000
0.0000
0.0000
0.0000
0.0000
0.0000
0.0000
0.0000
0.0000
0.0000
0.0000
0.0000
0.0000
0.0000
0.0000
0.0000
0.0000
0.0000
0.0000
0.0000
0.0000
0.0000
0.0000
0.0000
0.0000
0.0000
0.0000
0.0000
19.5312
19.5312
48.8281
48.8281
63.4766
63.4766
78.1250
78.1250
87.8906
87.8906
92.7734
92.7734
112.3047
112.3047
126.9531
126.9531
131.8359
131.8359
141.6016
141.6016
136.7187
136.7187
141.6016
141.6016
156.2500
156.2500
166.0156
166.0156
195.3125
195.3125
234.3750
234.3750
283.2031
283.2031
346.6797
346.6797
415.0391
415.0391
478.5156
478.5156
546.8750
546.8750
605.4687
605.4687
678.7109
678.7109
766.6016
766.6016
854.4922
854.4922
942.3828
942.3828
1005.8594
1005.8594
1044.9219
1044.9219
1040.0391
1040.0391
981.4453
981.4453
883.7891
883.7891
756.8359
756.8359
625.0000
625.0000
507.8125
507.8125
400.3906
400.3906
302.7344
302.7344
205.0781
205.0781
97.6562
97.6562
0.0000
0.0000
0.0000
0.0000
0.0000
0.0000
0.0000
0.0000
0.0000
0.0000
0.0000
0.0000
0.0000
0.0000
0.0000
0.0000
0.0000
0.0000
0.0000
0.0000
0.0000
0.0000
0.0000
0.0000
0.0000
0.0000
0.0000
0.0000
0.0000
0.0000
0.0000
0.0000
0.0000
0.0000
0.0000
0.0000
0.0000
0.0000
0.0000
0.0000
0.0000
0.0000
0.0000
0.0000
0.0000
0.0000
0.0000
0.0000
0.0000
0.0000
0.0000
0.0000
0.0000
0.0000
0.0000
0.0000
0.0000
0.0000
0.0000
0.0000
0.0000
0.0000
4.8828
4.8828
58.5937
58.5937
122.0703
122.0703
185.5469
185.5469
249.0234
249.0234
307.6172
307.6172
361.3281
361.3281
410.1562
410.1562
454.1016
454.1016
483.3984
483.3984
502.9297
502.9297
512.6953
512.6953
522.4609
522.4609
527.3437
527.3437
522.4609
522.4609
512.6953
512.6953
493.1641
493.1641
473.6328
473.6328
458.9844
458.9844
444.3359
444.3359
434.5703
434.5703
434.5703
434.5703
444.3359
444.3359
483.3984
483.3984
537.1094
537.1094
576.1719
576.1719
605.4687
605.4687
600.5859
600.5859
571.2891
571.2891
522.4609
522.4609
458.9844
458.9844
395.5078
395.5078
332.0312
332.0312
278.3203
278.3203
239.2578
239.2578
200.1953
200.1953
156.2500
156.2500
107.4219
107.4219
53.7109
53.7109
4.8828
4.8828
0.0000
0.0000
0.0000
0.0000
0.0000
0.0000
0.0000
0.0000
0.0000
0.0000
0.0000
0.0000
0.0000
0.0000
0.0000
0.0000
0.0000
0.0000
0.0000
0.0000
0.0000
0.0000
0.0000
0.0000
0.0000
0.0000
0.0000
0.0000
0.0000
0.0000
0.0000
0.0000
0.0000
0.0000
0.0000
0.0000
0.0000
0.0000
0.0000
0.0000
0.0000
0.0000
0.0000
0.0000
0.0000
0.0000
0.0000
0.0000
0.0000
0.0000
0.0000
0.0000
0.0000
0.0000
0.0000
0.0000
0.0000
0.0000
0.0000
0.0000
0.0000
0.0000
0.0000
0.0000
0.0000
0.0000
0.0000
0.0000
0.0000
0.0000
0.0000
0.0000
0.0000
0.0000
0.0000
0.0000
0.0000
0.0000
0.0000
0.0000
0.0000
0.0000
48.8281
48.8281
117.1875
117.1875
190.4297
190.4297
263.6719
263.6719
332.0312
332.0312
395.5078
395.5078
454.1016
454.1016
512.6953
512.6953
571.2891
571.2891
620.1172
620.1172
668.9453
668.9453
712.8906
712.8906
761.7187
761.7187
825.1953
825.1953
883.7891
883.7891
947.2656
947.2656
996.0937
996.0937
1030.2734
1030.2734
1044.9219
1044.9219
1025.3906
1025.3906
971.6797
971.6797
903.3203
903.3203
815.4297
815.4297
727.5391
727.5391
644.5312
644.5312
566.4062
566.4062
502.9297
502.9297
434.5703
434.5703
366.2109
366.2109
297.8516
297.8516
205.0781
97.6562
97.6562
97.6562
0.0000
0.0000
0.0000
0.0000
0.0000
0.0000
0.0000
0.0000
0.0000
0.0000
0.0000
0.0000
0.0000
0.0000
0.0000
0.0000
0.0000
0.0000
0.0000
0.0000
0.0000
0.0000
0.0000
0.0000
0.0000
0.0000
0.0000
0.0000
0.0000
0.0000
0.0000
0.0000
0.0000
0.0000
0.0000
0.0000
0.0000
0.0000
0.0000
0.0000
0.0000
0.0000
0.0000
0.0000
0.0000
0.0000
0.0000
0.0000
0.0000
0.0000
0.0000
0.0000
0.0000
0.0000
0.0000
0.0000
0.0000
19.5312
19.5312
78.1250
78.1250
131.8359
131.8359
190.4297
190.4297
249.0234
249.0234
312.5000
312.5000
371.0937
371.0937
415.0391
415.0391
444.3359
444.3359
458.9844
458.9844
458.9844
458.9844
463.8672
463.8672
463.8672
463.8672
458.9844
458.9844
463.8672
463.8672
463.8672
463.8672
478.5156
478.5156
498.0469
498.0469
517.5781
517.5781
556.6406
556.6406
610.3516
610.3516
678.7109
678.7109
761.7187
761.7187
834.9609
834.9609
883.7891
883.7891
893.5547
893.5547
844.7266
844.7266
761.7187
761.7187
649.4141
649.4141
522.4609
522.4609
415.0391
415.0391
317.3828
317.3828
244.1406
244.1406
185.5469
185.5469
112.3047
112.3047
14.6484
14.6484
0.0000
0.0000
0.0000
0.0000
0.0000
0.0000
0.0000
0.0000
0.0000
0.0000
0.0000
0.0000
0.0000
0.0000
0.0000
0.0000
0.0000
0.0000
0.0000
0.0000
0.0000
0.0000
0.0000
0.0000
0.0000
0.0000
0.0000
0.0000
0.0000
0.0000
0.0000
0.0000
0.0000
0.0000
0.0000
0.0000
0.0000
0.0000
0.0000
0.0000
0.0000
0.0000
0.0000
0.0000
0.0000
0.0000
0.0000
0.0000
0.0000
0.0000
0.0000
0.0000
0.0000
0.0000
0.0000
0.0000
0.0000
0.0000
0.0000
0.0000
0.0000
0.0000
0.0000
0.0000
0.0000
0.0000
0.0000
0.0000
0.0000
0.0000
0.0000
0.0000
0.0000
0.0000
0.0000
0.0000
48.8281
48.8281
112.3047
112.3047
185.5469
185.5469
249.0234
249.0234
312.5000
312.5000
371.0937
371.0937
419.9219
419.9219
468.7500
468.7500
517.5781
517.5781
556.6406
556.6406
595.7031
595.7031
625.0000
625.0000
649.4141
649.4141
678.7109
678.7109
693.3594
693.3594
703.1250
703.1250
722.6562
722.6562
747.0703
747.0703
791.0156
791.0156
834.9609
834.9609
864.2578
864.2578
878.9062
878.9062
854.4922
854.4922
800.7812
800.7812
722.6562
722.6562
615.2344
615.2344
507.8125
507.8125
410.1562
410.1562
317.3828
317.3828
239.2578
239.2578
161.1328
161.1328
73.2422
73.2422
0.0000
0.0000
0.0000
0.0000
0.0000
0.0000
0.0000
0.0000
0.0000
0.0000
0.0000
0.0000
0.0000
0.0000
0.0000
0.0000
0.0000
0.0000
0.0000
0.0000
0.0000
0.0000
0.0000
0.0000
0.0000
0.0000
0.0000
0.0000
0.0000
0.0000
0.0000
0.0000
0.0000
0.0000
0.0000
0.0000
0.0000
0.0000
0.0000
0.0000
0.0000
0.0000
0.0000
0.0000
0.0000
0.0000
0.0000
0.0000
0.0000
0.0000
0.0000
0.0000
0.0000
0.0000
0.0000
0.0000
24.4141
24.4141
53.7109
53.7109
83.0078
83.0078
112.3047
112.3047
141.6016
141.6016
166.0156
166.0156
185.5469
185.5469
190.4297
190.4297
180.6641
180.6641
156.2500
156.2500
131.8359
131.8359
112.3047
112.3047
112.3047
112.3047
126.9531
126.9531
141.6016
141.6016
161.1328
161.1328
180.6641
180.6641
200.1953
200.1953
224.6094
224.6094
244.1406
244.1406
273.4375
273.4375
307.6172
307.6172
346.6797
346.6797
410.1562
410.1562
473.6328
473.6328
551.7578
551.7578
644.5312
644.5312
737.3047
737.3047
834.9609
834.9609
932.6172
932.6172
996.0937
996.0937
1030.2734
1030.2734
1015.6250
1015.6250
957.0312
957.0312
869.1406
869.1406
756.8359
756.8359
634.7656
634.7656
522.4609
522.4609
419.9219
419.9219
327.1484
327.1484
234.3750
234.3750
122.0703
122.0703
0.0000
0.0000
0.0000
0.0000
0.0000
0.0000
0.0000
0.0000
0.0000
0.0000
0.0000
0.0000
0.0000
0.0000
0.0000
0.0000
0.0000
0.0000
0.0000
0.0000
0.0000
0.0000
0.0000
0.0000
0.0000
0.0000
0.0000
0.0000
0.0000
0.0000
0.0000
0.0000
0.0000
0.0000
0.0000
0.0000
0.0000
0.0000
0.0000
0.0000
0.0000
0.0000
0.0000
0.0000
0.0000
0.0000
0.0000
0.0000
0.0000
0.0000
0.0000
0.0000
0.0000
0.0000
0.0000
0.0000
0.0000
0.0000
0.0000
0.0000
0.0000
0.0000
0.0000
0.0000
0.0000
0.0000
0.0000
0.0000
0.0000
0.0000
0.0000
0.0000
0.0000
0.0000
14.6484
14.6484
78.1250
78.1250
126.9531
126.9531
180.6641
180.6641
224.6094
224.6094
258.7891
258.7891
288.0859
288.0859
307.6172
307.6172
327.1484
327.1484
351.5625
351.5625
371.0937
371.0937
395.5078
395.5078
419.9219
419.9219
449.2187
449.2187
498.0469
498.0469
556.6406
556.6406
625.0000
625.0000
698.2422
698.2422
751.9531
751.9531
791.0156
791.0156
805.6641
805.6641
786.1328
786.1328
747.0703
747.0703
683.5937
683.5937
615.2344
615.2344
556.6406
556.6406
493.1641
493.1641
434.5703
434.5703
375.9766
375.9766
307.6172
307.6172
239.2578
239.2578
161.1328
161.1328
73.2422
73.2422
0.0000
0.0000
0.0000
0.0000
0.0000
0.0000
0.0000
0.0000
0.0000
0.0000
0.0000
0.0000
0.0000
0.0000
0.0000
0.0000
0.0000
0.0000
0.0000
0.0000
0.0000
0.0000
0.0000
0.0000
0.0000
0.0000
0.0000
0.0000
0.0000
0.0000
0.0000
0.0000
0.0000
0.0000
0.0000
0.0000
0.0000
0.0000
0.0000
0.0000
0.0000
0.0000
0.0000
0.0000
0.0000
0.0000
48.8281
48.8281
112.3047
112.3047
166.0156
166.0156
209.9609
209.9609
244.1406
244.1406
263.6719
263.6719
278.3203
278.3203
292.9687
292.9687
297.8516
297.8516
297.8516
297.8516
288.0859
288.0859
278.3203
278.3203
278.3203
278.3203
278.3203
278.3203
278.3203
278.3203
288.0859
288.0859
302.7344
302.7344
322.2656
322.2656
356.4453
356.4453
390.6250
390.6250
434.5703
434.5703
483.3984
483.3984
537.1094
537.1094
600.5859
600.5859
664.0625
664.0625
717.7734
717.7734
771.4844
771.4844
810.5469
810.5469
859.3750
859.3750
917.9687
917.9687
971.6797
971.6797
1030.2734
1030.2734
1069.3359
1069.3359
1079.1016
1079.1016
1054.6875
1054.6875
976.5625
976.5625
859.3750
859.3750
712.8906
712.8906
546.8750
546.8750
395.5078
395.5078
258.7891
258.7891
136.7187
136.7187
39.0625
39.0625
0.0000
0.0000
0.0000
0.0000
0.0000
0.0000
0.0000
0.0000
0.0000
0.0000
0.0000
0.0000
0.0000
0.0000
0.0000
0.0000
0.0000
0.0000
0.0000
0.0000
0.0000
0.0000
0.0000
0.0000
0.0000
0.0000
0.0000
0.0000
0.0000
0.0000
0.0000
0.0000
0.0000
0.0000
0.0000
0.0000
0.0000
0.0000
0.0000
0.0000
0.0000
0.0000
0.0000
0.0000
0.0000
0.0000
0.0000
0.0000
0.0000
0.0000
0.0000
0.0000
0.0000
0.0000
0.0000
0.0000
0.0000
0.0000
0.0000
0.0000
0.0000
0.0000
0.0000
0.0000
0.0000
0.0000
0.0000
0.0000
0.0000
0.0000
0.0000
0.0000
4.8828
4.8828
83.0078
83.0078
141.6016
141.6016
185.5469
185.5469
205.0781
205.0781
195.3125
195.3125
180.6641
180.6641
151.3672
151.3672
131.8359
131.8359
122.0703
122.0703
112.3047
112.3047
112.3047
112.3047
107.4219
107.4219
92.7734
92.7734
78.1250
78.1250
68.3594
68.3594
53.7109
53.7109
58.5937
58.5937
73.2422
73.2422
107.4219
107.4219
161.1328
161.1328
229.4922
229.4922
307.6172
307.6172
395.5078
395.5078
493.1641
493.1641
595.7031
595.7031
688.4766
688.4766
766.6016
766.6016
825.1953
825.1953
844.7266
844.7266
844.7266
844.7266
815.4297
815.4297
761.7187
761.7187
703.1250
703.1250
634.7656
634.7656
566.4062
566.4062
498.0469
498.0469
415.0391
415.0391
322.2656
322.2656
209.9609
209.9609
78.1250
78.1250
0.0000
0.0000
0.0000
0.0000
0.0000
0.0000
0.0000
0.0000
0.0000
0.0000
0.0000
0.0000
0.0000
0.0000
0.0000
0.0000
0.0000
0.0000
0.0000
0.0000
0.0000
0.0000
0.0000
0.0000
0.0000
0.0000
0.0000
0.0000
0.0000
0.0000
0.0000
0.0000
0.0000
0.0000
0.0000
0.0000
0.0000
0.0000
0.0000
0.0000
0.0000
0.0000
0.0000
0.0000
0.0000
0.0000
0.0000
0.0000
0.0000
0.0000
0.0000
0.0000
0.0000
0.0000
0.0000
0.0000
0.0000
0.0000
0.0000
0.0000
0.0000
0.0000
0.0000
0.0000
0.0000
0.0000
0.0000
0.0000
0.0000
0.0000
19.5312
19.5312
92.7734
92.7734
161.1328
161.1328
229.4922
229.4922
283.2031
332.0312
332.0312
332.0312
366.2109
366.2109
395.5078
395.5078
419.9219
419.9219
439.4531
439.4531
444.3359
444.3359
449.2187
449.2187
444.3359
444.3359
439.4531
439.4531
439.4531
434.5703
434.5703
434.5703
439.4531
439.4531
458.9844
458.9844
488.2812
488.2812
537.1094
537.1094
595.7031
595.7031
659.1797
659.1797
717.7734
717.7734
766.6016
766.6016
805.6641
834.9609
834.9609
834.9609
830.0781
830.0781
815.4297
815.4297
781.2500
781.2500
742.1875
742.1875
712.8906
712.8906
678.7109
678.7109
639.6484
581.0547
581.0547
498.0469
498.0469
395.5078
395.5078
263.6719
263.6719
112.3047
112.3047
0.0000
0.0000
0.0000
0.0000
0.0000
0.0000
0.0000
0.0000
0.0000
0.0000
0.0000
0.0000
0.0000
0.0000
0.0000
0.0000
0.0000
0.0000
0.0000
0.0000
0.0000
0.0000
0.0000
0.0000
0.0000
0.0000
0.0000
0.0000
0.0000
0.0000
0.0000
0.0000
0.0000
0.0000
0.0000
0.0000
0.0000
0.0000
0.0000
0.0000
0.0000
0.0000
0.0000
0.0000
0.0000
0.0000
0.0000
0.0000
0.0000
0.0000
0.0000
0.0000
0.0000
0.0000
0.0000
0.0000
0.0000
0.0000
0.0000
0.0000
0.0000
0.0000
0.0000
0.0000
0.0000
0.0000
0.0000
0.0000
0.0000
0.0000
0.0000
0.0000
0.0000
0.0000
9.7656
9.7656
29.2969
29.2969
53.7109
53.7109
92.7734
92.7734
146.4844
146.4844
205.0781
205.0781
273.4375
273.4375
346.6797
346.6797
415.0391
415.0391
498.0469
498.0469
576.1719
576.1719
659.1797
659.1797
756.8359
756.8359
859.3750
859.3750
966.7969
966.7969
1064.4531
1064.4531
1127.9297
1127.9297
1147.4609
1147.4609
1103.5156
1103.5156
1010.7422
1010.7422
883.7891
883.7891
732.4219
732.4219
595.7031
595.7031
478.5156
478.5156
385.7422
385.7422
312.5000
312.5000
244.1406
244.1406
166.0156
166.0156
78.1250
78.1250
0.0000
0.0000
0.0000
0.0000
0.0000
0.0000
0.0000
0.0000
0.0000
0.0000
0.0000
0.0000
0.0000
0.0000
0.0000
0.0000
0.0000
0.0000
0.0000
0.0000
0.0000
0.0000
0.0000
0.0000
0.0000
0.0000
0.0000
0.0000
0.0000
0.0000
0.0000
0.0000
0.0000
0.0000
0.0000
0.0000
0.0000
0.0000
0.0000
0.0000
0.0000
0.0000
0.0000
0.0000
0.0000
0.0000
0.0000
0.0000
0.0000
0.0000
0.0000
0.0000
0.0000
0.0000
0.0000
0.0000
0.0000
0.0000
0.0000
0.0000
0.0000
0.0000
0.0000
0.0000
19.5312
19.5312
112.3047
112.3047
209.9609
209.9609
297.8516
297.8516
371.0937
371.0937
439.4531
439.4531
498.0469
498.0469
551.7578
551.7578
610.3516
610.3516
654.2969
654.2969
688.4766
688.4766
703.1250
703.1250
693.3594
693.3594
664.0625
664.0625
610.3516
610.3516
546.8750
546.8750
488.2812
488.2812
444.3359
444.3359
429.6875
429.6875
444.3359
444.3359
473.6328
473.6328
517.5781
517.5781
561.5234
561.5234
595.7031
595.7031
620.1172
620.1172
615.2344
615.2344
581.0547
581.0547
527.3437
527.3437
463.8672
463.8672
410.1562
410.1562
361.3281
361.3281
317.3828
317.3828
278.3203
278.3203
229.4922
229.4922
180.6641
180.6641
122.0703
122.0703
34.1797
34.1797
0.0000
0.0000
0.0000
0.0000
0.0000
0.0000
0.0000
0.0000
0.0000
0.0000
0.0000
0.0000
0.0000
0.0000
0.0000
0.0000
0.0000
0.0000
0.0000
0.0000
0.0000
0.0000
0.0000
0.0000
0.0000
0.0000
0.0000
0.0000
0.0000
0.0000
0.0000
0.0000
0.0000
0.0000
0.0000
0.0000
0.0000
0.0000
0.0000
0.0000
0.0000
0.0000
0.0000
0.0000
0.0000
0.0000
0.0000
0.0000
0.0000
0.0000
0.0000
0.0000
0.0000
0.0000
0.0000
0.0000
0.0000
0.0000
0.0000
0.0000
0.0000
0.0000
0.0000
0.0000
0.0000
0.0000
0.0000
0.0000
0.0000
0.0000
0.0000
0.0000
0.0000
0.0000
0.0000
0.0000
0.0000
0.0000
0.0000
0.0000
0.0000
0.0000
0.0000
0.0000
0.0000
0.0000
9.7656
9.7656
83.0078
83.0078
156.2500
156.2500
234.3750
234.3750
312.5000
312.5000
380.8594
380.8594
449.2187
449.2187
498.0469
498.0469
551.7578
551.7578
600.5859
600.5859
634.7656
634.7656
673.8281
673.8281
717.7734
717.7734
766.6016
766.6016
830.0781
830.0781
888.6719
888.6719
932.6172
932.6172
961.9141
961.9141
966.7969
966.7969
947.2656
947.2656
903.3203
903.3203
834.9609
834.9609
761.7187
761.7187
683.5937
683.5937
625.0000
625.0000
585.9375
585.9375
541.9922
541.9922
498.0469
498.0469
439.4531
439.4531
356.4453
356.4453
263.6719
263.6719
146.4844
146.4844
19.5312
19.5312
0.0000
0.0000
0.0000
0.0000
0.0000
0.0000
0.0000
0.0000
0.0000
0.0000
0.0000
0.0000
0.0000
0.0000
0.0000
0.0000
0.0000
0.0000
0.0000
0.0000
0.0000
0.0000
0.0000
0.0000
0.0000
0.0000
0.0000
0.0000
0.0000
0.0000
0.0000
0.0000
0.0000
0.0000
0.0000
0.0000
0.0000
0.0000
0.0000
0.0000
0.0000
0.0000
0.0000
0.0000
0.0000
0.0000
0.0000
0.0000
0.0000
0.0000
0.0000
0.0000
0.0000
0.0000
0.0000
0.0000
4.8828
4.8828
53.7109
53.7109
92.7734
92.7734
117.1875
117.1875
136.7187
136.7187
141.6016
141.6016
141.6016
141.6016
141.6016
141.6016
141.6016
141.6016
146.4844
146.4844
151.3672
151.3672
166.0156
166.0156
190.4297
190.4297
214.8437
214.8437
239.2578
239.2578
268.5547
268.5547
297.8516
297.8516
341.7969
341.7969
395.5078
395.5078
454.1016
454.1016
522.4609
522.4609
600.5859
600.5859
683.5937
683.5937
786.1328
786.1328
888.6719
888.6719
986.3281
986.3281
1059.5703
1059.5703
1093.7500
1093.7500
1088.8672
1088.8672
1040.0391
1040.0391
947.2656
947.2656
844.7266
844.7266
742.1875
742.1875
649.4141
649.4141
576.1719
576.1719
502.9297
502.9297
419.9219
419.9219
307.6172
307.6172
161.1328
161.1328
0.0000
0.0000
0.0000
0.0000
0.0000
0.0000
0.0000
0.0000
0.0000
0.0000
0.0000
0.0000
0.0000
0.0000
0.0000
0.0000
0.0000
0.0000
0.0000
0.0000
0.0000
0.0000
0.0000
0.0000
0.0000
0.0000
0.0000
0.0000
0.0000
0.0000
0.0000
0.0000
0.0000
0.0000
0.0000
0.0000
0.0000
0.0000
0.0000
0.0000
0.0000
0.0000
0.0000
0.0000
0.0000
0.0000
0.0000
0.0000
0.0000
0.0000
0.0000
0.0000
0.0000
0.0000
0.0000
0.0000
0.0000
0.0000
0.0000
0.0000
0.0000
0.0000
0.0000
0.0000
0.0000
0.0000
0.0000
0.0000
39.0625
39.0625
97.6562
97.6562
151.3672
151.3672
205.0781
205.0781
268.5547
268.5547
332.0312
332.0312
400.3906
400.3906
458.9844
458.9844
502.9297
502.9297
537.1094
537.1094
561.5234
561.5234
566.4062
566.4062
571.2891
571.2891
566.4062
566.4062
571.2891
571.2891
585.9375
585.9375
600.5859
600.5859
615.2344
615.2344
620.1172
620.1172
620.1172
620.1172
625.0000
625.0000
634.7656
634.7656
654.2969
654.2969
693.3594
693.3594
727.5391
727.5391
766.6016
766.6016
786.1328
786.1328
771.4844
771.4844
727.5391
727.5391
649.4141
649.4141
561.5234
561.5234
478.5156
478.5156
400.3906
400.3906
322.2656
322.2656
239.2578
239.2578
131.8359
131.8359
4.8828
4.8828
0.0000
0.0000
0.0000
0.0000
0.0000
0.0000
0.0000
0.0000
0.0000
0.0000
0.0000
0.0000
0.0000
0.0000
0.0000
0.0000
0.0000
0.0000
0.0000
0.0000
0.0000
0.0000
0.0000
0.0000
0.0000
0.0000
0.0000
0.0000
0.0000
0.0000
0.0000
0.0000
0.0000
0.0000
0.0000
0.0000
0.0000
0.0000
0.0000
0.0000
0.0000
0.0000
0.0000
0.0000
0.0000
0.0000
24.4141
24.4141
83.0078
83.0078
122.0703
122.0703
156.2500
156.2500
170.8984
170.8984
170.8984
170.8984
166.0156
166.0156
146.4844
146.4844
131.8359
131.8359
122.0703
122.0703
102.5391
102.5391
83.0078
83.0078
63.4766
63.4766
48.8281
48.8281
39.0625
39.0625
39.0625
39.0625
34.1797
34.1797
43.9453
43.9453
53.7109
53.7109
83.0078
83.0078
122.0703
122.0703
166.0156
166.0156
219.7266
219.7266
273.4375
273.4375
336.9141
336.9141
410.1562
410.1562
493.1641
493.1641
581.0547
581.0547
664.0625
664.0625
732.4219
732.4219
781.2500
781.2500
800.7812
800.7812
781.2500
781.2500
732.4219
732.4219
649.4141
649.4141
556.6406
556.6406
463.8672
463.8672
361.3281
361.3281
263.6719
263.6719
175.7812
175.7812
87.8906
87.8906
9.7656
9.7656
0.0000
0.0000
0.0000
0.0000
0.0000
0.0000
0.0000
0.0000
0.0000
0.0000
0.0000
0.0000
0.0000
0.0000
0.0000
0.0000
0.0000
0.0000
0.0000
0.0000
0.0000
0.0000
0.0000
0.0000
0.0000
0.0000
0.0000
0.0000
0.0000
0.0000
0.0000
0.0000
0.0000
0.0000
0.0000
0.0000
0.0000
0.0000
0.0000
0.0000
0.0000
0.0000
0.0000
0.0000
0.0000
0.0000
0.0000
0.0000
0.0000
0.0000
0.0000
0.0000
0.0000
0.0000
0.0000
0.0000
0.0000
0.0000
0.0000
0.0000
0.0000
0.0000
0.0000
0.0000
0.0000
0.0000
0.0000
0.0000
0.0000
0.0000
0.0000
0.0000
0.0000
0.0000
39.0625
39.0625
87.8906
87.8906
136.7187
136.7187
175.7812
175.7812
205.0781
234.3750
234.3750
234.3750
253.9062
253.9062
268.5547
268.5547
288.0859
288.0859
302.7344
302.7344
317.3828
317.3828
341.7969
341.7969
361.3281
361.3281
390.6250
410.1562
410.1562
434.5703
434.5703
468.7500
468.7500
507.8125
507.8125
556.6406
556.6406
625.0000
625.0000
712.8906
712.8906
815.4297
815.4297
922.8516
922.8516
1020.5078
1020.5078
1098.6328
1098.6328
1127.9297
1127.9297
1108.3984
1108.3984
1049.8047
1049.8047
947.2656
947.2656
830.0781
830.0781
708.0078
708.0078
600.5859
600.5859
512.6953
512.6953
439.4531
439.4531
366.2109
366.2109
278.3203
278.3203
170.8984
170.8984
53.7109
53.7109
0.0000
0.0000
0.0000
0.0000
0.0000
0.0000
0.0000
0.0000
0.0000
0.0000
0.0000
0.0000
0.0000
0.0000
0.0000
0.0000
0.0000
0.0000
0.0000
0.0000
0.0000
0.0000
0.0000
0.0000
0.0000
0.0000
0.0000
0.0000
0.0000
0.0000
0.0000
0.0000
0.0000
0.0000
0.0000
0.0000
0.0000
0.0000
0.0000
0.0000
0.0000
0.0000
0.0000
0.0000
0.0000
0.0000
0.0000
0.0000
0.0000
0.0000
0.0000
0.0000
29.2969
29.2969
58.5937
58.5937
83.0078
83.0078
117.1875
117.1875
151.3672
151.3672
185.5469
185.5469
234.3750
234.3750
283.2031
283.2031
332.0312
332.0312
380.8594
380.8594
429.6875
429.6875
483.3984
483.3984
541.9922
541.9922
590.8203
590.8203
644.5312
644.5312
678.7109
678.7109
703.1250
703.1250
722.6562
722.6562
722.6562
722.6562
722.6562
722.6562
717.7734
717.7734
708.0078
708.0078
712.8906
712.8906
732.4219
732.4219
761.7187
761.7187
800.7812
800.7812
830.0781
830.0781
849.6094
849.6094
844.7266
844.7266
810.5469
810.5469
747.0703
747.0703
664.0625
664.0625
571.2891
571.2891
478.5156
478.5156
395.5078
395.5078
307.6172
307.6172
214.8437
214.8437
107.4219
107.4219
0.0000
0.0000
0.0000
0.0000
0.0000
0.0000
0.0000
0.0000
0.0000
0.0000
0.0000
0.0000
0.0000
0.0000
0.0000
0.0000
0.0000
0.0000
0.0000
0.0000
0.0000
0.0000
0.0000
0.0000
0.0000
0.0000
0.0000
0.0000
0.0000
0.0000
0.0000
0.0000
0.0000
0.0000
0.0000
0.0000
0.0000
0.0000
0.0000
0.0000
0.0000
0.0000
0.0000
0.0000
0.0000
0.0000
0.0000
0.0000
0.0000
0.0000
0.0000
0.0000
0.0000
0.0000
0.0000
0.0000
0.0000
0.0000
0.0000
0.0000
0.0000
0.0000
0.0000
0.0000
0.0000
0.0000
43.9453
43.9453
92.7734
92.7734
136.7187
136.7187
170.8984
170.8984
190.4297
190.4297
209.9609
209.9609
224.6094
224.6094
229.4922
229.4922
229.4922
229.4922
219.7266
219.7266
214.8437
214.8437
205.0781
205.0781
195.3125
195.3125
195.3125
195.3125
195.3125
195.3125
200.1953
200.1953
224.6094
224.6094
258.7891
258.7891
292.9687
292.9687
336.9141
336.9141
390.6250
390.6250
458.9844
458.9844
537.1094
537.1094
620.1172
620.1172
698.2422
698.2422
771.4844
771.4844
825.1953
825.1953
864.2578
864.2578
864.2578
864.2578
825.1953
825.1953
747.0703
747.0703
639.6484
639.6484
527.3437
527.3437
400.3906
400.3906
278.3203
278.3203
166.0156
166.0156
53.7109
53.7109
0.0000
0.0000
0.0000
0.0000
0.0000
0.0000
0.0000
0.0000
0.0000
0.0000
0.0000
0.0000
0.0000
0.0000
0.0000
0.0000
0.0000
0.0000
0.0000
0.0000
0.0000
0.0000
0.0000
0.0000
0.0000
0.0000
0.0000
0.0000
0.0000
0.0000
0.0000
0.0000
0.0000
0.0000
0.0000
0.0000
0.0000
0.0000
0.0000
0.0000
0.0000
0.0000
0.0000
0.0000
0.0000
0.0000
0.0000
0.0000
0.0000
0.0000
0.0000
0.0000
0.0000
0.0000
0.0000
0.0000
0.0000
0.0000
0.0000
0.0000
0.0000
0.0000
0.0000
0.0000
0.0000
0.0000
0.0000
0.0000
0.0000
0.0000
34.1797
34.1797
73.2422
73.2422
107.4219
107.4219
146.4844
146.4844
190.4297
190.4297
224.6094
224.6094
258.7891
258.7891
283.2031
283.2031
307.6172
307.6172
332.0312
332.0312
351.5625
351.5625
371.0937
371.0937
390.6250
390.6250
400.3906
400.3906
415.0391
415.0391
419.9219
419.9219
419.9219
419.9219
419.9219
419.9219
410.1562
410.1562
410.1562
410.1562
429.6875
429.6875
454.1016
454.1016
498.0469
498.0469
566.4062
566.4062
644.5312
644.5312
737.3047
737.3047
825.1953
825.1953
898.4375
898.4375
952.1484
952.1484
961.9141
961.9141
942.3828
942.3828
898.4375
898.4375
825.1953
825.1953
747.0703
747.0703
664.0625
664.0625
576.1719
576.1719
498.0469
498.0469
405.2734
405.2734
292.9687
292.9687
161.1328
161.1328
4.8828
4.8828
0.0000
0.0000
0.0000
0.0000
0.0000
0.0000
0.0000
0.0000
0.0000
0.0000
0.0000
0.0000
0.0000
0.0000
0.0000
0.0000
0.0000
0.0000
0.0000
0.0000
0.0000
0.0000
0.0000
0.0000
0.0000
0.0000
0.0000
0.0000
0.0000
0.0000
0.0000
0.0000
0.0000
0.0000
0.0000
0.0000
0.0000
0.0000
0.0000
0.0000
0.0000
0.0000
0.0000
0.0000
0.0000
0.0000
0.0000
0.0000
0.0000
0.0000
0.0000
0.0000
0.0000
0.0000
0.0000
0.0000
0.0000
0.0000
0.0000
0.0000
0.0000
0.0000
0.0000
0.0000
0.0000
0.0000
0.0000
0.0000
0.0000
0.0000
0.0000
0.0000
0.0000
0.0000
0.0000
0.0000
19.5312
19.5312
68.3594
68.3594
122.0703
122.0703
180.6641
180.6641
234.3750
234.3750
288.0859
288.0859
346.6797
346.6797
395.5078
395.5078
449.2187
449.2187
498.0469
498.0469
541.9922
541.9922
585.9375
585.9375
625.0000
625.0000
654.2969
654.2969
683.5937
683.5937
708.0078
708.0078
747.0703
747.0703
791.0156
791.0156
825.1953
825.1953
849.6094
849.6094
844.7266
844.7266
820.3125
820.3125
776.3672
776.3672
698.2422
698.2422
595.7031
595.7031
483.3984
483.3984
361.3281
361.3281
253.9062
253.9062
161.1328
161.1328
78.1250
78.1250
9.7656
9.7656
0.0000
0.0000
0.0000
0.0000
0.0000
0.0000
0.0000
0.0000
0.0000
0.0000
0.0000
0.0000
0.0000
0.0000
0.0000
0.0000
0.0000
0.0000
0.0000
0.0000
0.0000
0.0000
0.0000
0.0000
0.0000
0.0000
0.0000
0.0000
0.0000
0.0000
0.0000
0.0000
0.0000
0.0000
0.0000
0.0000
0.0000
0.0000
0.0000
0.0000
0.0000
0.0000
0.0000
0.0000
0.0000
0.0000
0.0000
0.0000
0.0000
0.0000
0.0000
0.0000
0.0000
0.0000
0.0000
0.0000
0.0000
0.0000
0.0000
0.0000
14.6484
14.6484
92.7734
92.7734
156.2500
156.2500
214.8437
214.8437
273.4375
273.4375
322.2656
322.2656
356.4453
356.4453
385.7422
385.7422
400.3906
400.3906
419.9219
419.9219
424.8047
424.8047
424.8047
424.8047
415.0391
415.0391
405.2734
405.2734
395.5078
395.5078
395.5078
395.5078
395.5078
395.5078
395.5078
395.5078
405.2734
405.2734
410.1562
410.1562
419.9219
419.9219
434.5703
434.5703
449.2187
449.2187
478.5156
478.5156
507.8125
507.8125
561.5234
561.5234
634.7656
634.7656
708.0078
708.0078
776.3672
776.3672
830.0781
830.0781
859.3750
859.3750
864.2578
864.2578
834.9609
834.9609
776.3672
776.3672
708.0078
708.0078
625.0000
625.0000
546.8750
546.8750
478.5156
478.5156
410.1562
410.1562
341.7969
341.7969
263.6719
263.6719
180.6641
180.6641
92.7734
92.7734
0.0000
0.0000
0.0000
0.0000
0.0000
0.0000
0.0000
0.0000
0.0000
0.0000
0.0000
0.0000
0.0000
0.0000
0.0000
0.0000
0.0000
0.0000
0.0000
0.0000
0.0000
0.0000
0.0000
0.0000
0.0000
0.0000
0.0000
0.0000
0.0000
0.0000
0.0000
0.0000
0.0000
0.0000
0.0000
0.0000
0.0000
0.0000
0.0000
0.0000
0.0000
0.0000
0.0000
0.0000
0.0000
0.0000
0.0000
0.0000
0.0000
0.0000
0.0000
0.0000
0.0000
0.0000
0.0000
0.0000
0.0000
0.0000
0.0000
0.0000
0.0000
0.0000
0.0000
0.0000
0.0000
0.0000
0.0000
0.0000
34.1797
34.1797
102.5391
102.5391
166.0156
166.0156
229.4922
229.4922
278.3203
278.3203
327.1484
327.1484
361.3281
361.3281
390.6250
390.6250
424.8047
424.8047
444.3359
444.3359
463.8672
463.8672
478.5156
478.5156
478.5156
478.5156
478.5156
478.5156
473.6328
473.6328
463.8672
463.8672
458.9844
458.9844
449.2187
449.2187
458.9844
458.9844
483.3984
483.3984
522.4609
522.4609
581.0547
581.0547
639.6484
639.6484
693.3594
693.3594
742.1875
742.1875
771.4844
771.4844
781.2500
781.2500
781.2500
781.2500
761.7187
761.7187
732.4219
698.2422
698.2422
698.2422
644.5312
644.5312
590.8203
590.8203
527.3437
527.3437
454.1016
454.1016
385.7422
385.7422
302.7344
302.7344
209.9609
209.9609
102.5391
0.0000
0.0000
0.0000
0.0000
0.0000
0.0000
0.0000
0.0000
0.0000
0.0000
0.0000
0.0000
0.0000
0.0000
0.0000
0.0000
0.0000
0.0000
0.0000
0.0000
0.0000
0.0000
0.0000
0.0000
0.0000
